311050400,2022-01-01T00:01:16,23.32270,-84.46090,10.4,248.3,252.0,VICTORY I,IMO9213129,C6YZ9,60,0,91,15,3.8,60,A
311050400,2022-01-01T00:02:25,23.32147,-84.46422,10.4,247.6,251.0,VICTORY I,IMO9213129,C6YZ9,60,0,91,15,3.8,60,A
311050400,2022-01-01T00:03:35,23.32014,-84.46768,10.5,247.6,251.0,VICTORY I,IMO9213129,C6YZ9,60,0,91,15,3.8,60,A
311050400,2022-01-01T00:04:46,23.31882,-84.47115,10.5,247.9,251.0,VICTORY I,IMO9213129,C6YZ9,60,0,91,15,3.8,60,A
311050400,2022-01-01T00:05:55,23.31754,-84.47447,10.5,247.8,251.0,VICTORY I,IMO9213129,C6YZ9,60,0,91,15,3.8,60,A
311050400,2022-01-01T00:08:16,23.31489,-84.48144,10.6,247.3,251.0,VICTORY I,IMO9213129,C6YZ9,60,0,91,15,3.8,60,A
311050400,2022-01-01T00:07:06,23.31624,-84.47791,10.5,247.2,251.0,VICTORY I,IMO9213129,C6YZ9,60,0,91,15,3.8,60,A
311050400,2022-01-01T00:09:35,23.31335,-84.48537,10.5,246.4,251.0,VICTORY I,IMO9213129,C6YZ9,60,0,91,15,3.8,60,A
311050400,2022-01-01T00:10:55,23.31188,-84.48919,10.5,248.0,252.0,VICTORY I,IMO9213129,C6YZ9,60,0,91,15,3.8,60,A
311050400,2022-01-01T00:14:36,23.30765,-84.50007,10.6,247.8,251.0,VICTORY I,IMO9213129,C6YZ9,60,0,91,15,3.8,60,A
311050400,2022-01-01T00:12:06,23.31051,-84.49272,10.6,247.9,251.0,VICTORY I,IMO9213129,C6YZ9,60,0,91,15,3.8,60,A
311050400,2022-01-01T00:13:15,23.30919,-84.49610,10.6,246.5,250.0,VICTORY I,IMO9213129,C6YZ9,60,0,91,15,3.8,60,A
311050400,2022-01-01T00:17:15,23.30469,-84.50784,10.6,248.0,252.0,VICTORY I,IMO9213129,C6YZ9,60,0,91,15,3.8,60,A
311050400,2022-01-01T00:15:55,23.30617,-84.50391,10.6,246.8,251.0,VICTORY I,IMO9213129,C6YZ9,60,0,91,15,3.8,60,A
311050400,2022-01-01T00:21:16,23.30020,-84.51971,10.6,247.4,251.0,VICTORY I,IMO9213129,C6YZ9,60,0,91,15,3.8,60,A
311050400,2022-01-01T00:18:25,23.30335,-84.51133,10.6,247.6,252.0,VICTORY I,IMO9213129,C6YZ9,60,0,91,15,3.8,60,A
311050400,2022-01-01T00:22:25,23.29890,-84.52316,10.6,247.3,251.0,VICTORY I,IMO9213129,C6YZ9,60,0,91,15,3.8,60,A
311050400,2022-01-01T00:19:55,23.30169,-84.51572,10.6,248.3,251.0,VICTORY I,IMO9213129,C6YZ9,60,0,91,15,3.8,60,A
311050400,2022-01-01T00:24:46,23.29630,-84.53009,10.6,248.8,252.0,VICTORY I,IMO9213129,C6YZ9,60,0,91,15,3.8,60,A
311050400,2022-01-01T00:26:05,23.29485,-84.53393,10.5,248.3,252.0,VICTORY I,IMO9213129,C6YZ9,60,0,91,15,3.8,60,A
311050400,2022-01-01T00:29:26,23.29107,-84.54381,10.5,248.3,252.0,VICTORY I,IMO9213129,C6YZ9,60,0,91,15,3.8,60,A
311050400,2022-01-01T00:32:35,23.28753,-84.55303,10.5,247.0,252.0,VICTORY I,IMO9213129,C6YZ9,60,0,91,15,3.8,60,A
311050400,2022-01-01T00:31:26,23.28884,-84.54970,10.5,247.3,251.0,VICTORY I,IMO9213129,C6YZ9,60,0,91,15,3.8,60,A
311050400,2022-01-01T00:23:35,23.29760,-84.52659,10.6,247.0,251.0,VICTORY I,IMO9213129,C6YZ9,60,0,91,15,3.8,60,A
311050400,2022-01-01T00:34:26,23.28539,-84.55837,10.5,245.9,251.0,VICTORY I,IMO9213129,C6YZ9,60,0,91,15,3.8,60,A
311050400,2022-01-01T00:35:36,23.28400,-84.56178,10.6,246.5,253.0,VICTORY I,IMO9213129,C6YZ9,60,0,91,15,3.8,60,A
311050400,2022-01-01T00:37:26,23.28183,-84.56719,10.7,246.9,253.0,VICTORY I,IMO9213129,C6YZ9,60,0,91,15,3.8,60,A
311050400,2022-01-01T00:44:36,23.27373,-84.58836,10.5,249.5,254.0,VICTORY I,IMO9213129,C6YZ9,60,0,91,15,3.8,60,A
311050400,2022-01-01T00:41:36,23.27702,-84.57946,10.6,247.8,253.0,VICTORY I,IMO9213129,C6YZ9,60,0,91,15,3.8,60,A
311050400,2022-01-01T00:47:36,23.27057,-84.59730,10.6,248.9,254.0,VICTORY I,IMO9213129,C6YZ9,60,0,91,15,3.8,60,A
311050400,2022-01-01T00:51:25,23.26663,-84.60877,10.6,249.5,254.0,VICTORY I,IMO9213129,C6YZ9,60,0,91,15,3.8,60,A
311050400,2022-01-01T00:50:14,23.26783,-84.60521,10.6,249.3,255.0,VICTORY I,IMO9213129,C6YZ9,60,0,91,15,3.8,60,A
311050400,2022-01-01T00:49:06,23.26900,-84.60182,10.5,248.7,253.0,VICTORY I,IMO9213129,C6YZ9,60,0,91,15,3.8,60,A
311050400,2022-01-01T00:54:26,23.26358,-84.61788,10.6,250.3,255.0,VICTORY I,IMO9213129,C6YZ9,60,0,91,15,3.8,60,A
311050400,2022-01-01T00:57:16,23.26077,-84.62642,10.6,251.0,255.0,VICTORY I,IMO9213129,C6YZ9,60,0,91,15,3.8,60,A
311050400,2022-01-01T01:02:16,23.25598,-84.64166,10.7,251.4,255.0,VICTORY I,IMO9213129,C6YZ9,60,0,91,15,3.8,60,A
311050400,2022-01-01T00:59:16,23.25885,-84.63251,10.6,251.5,255.0,VICTORY I,IMO9213129,C6YZ9,60,0,91,15,3.8,60,A
311050400,2022-01-01T00:53:14,23.26476,-84.61429,10.6,249.4,254.0,VICTORY I,IMO9213129,C6YZ9,60,0,91,15,3.8,60,A
311050400,2022-01-01T01:06:06,23.25232,-84.65347,10.8,251.3,255.0,VICTORY I,IMO9213129,C6YZ9,60,0,91,15,3.8,60,A
311050400,2022-01-01T01:04:56,23.25342,-84.64985,10.8,251.0,254.0,VICTORY I,IMO9213129,C6YZ9,60,0,91,15,3.8,60,A
311050400,2022-01-01T01:03:35,23.25472,-84.64570,10.7,250.9,254.0,VICTORY I,IMO9213129,C6YZ9,60,0,91,15,3.8,60,A
311050400,2022-01-01T01:08:56,23.24967,-84.66221,10.7,251.6,254.0,VICTORY I,IMO9213129,C6YZ9,60,0,91,15,3.8,60,A
311050400,2022-01-01T01:12:56,23.24602,-84.67450,10.7,252.7,255.0,VICTORY I,IMO9213129,C6YZ9,60,0,91,15,3.8,60,A
311050400,2022-01-01T01:16:45,23.24244,-84.68632,10.7,252.1,255.0,VICTORY I,IMO9213129,C6YZ9,60,0,91,15,3.8,60,A
311050400,2022-01-01T01:11:25,23.24739,-84.66985,10.7,252.2,255.0,VICTORY I,IMO9213129,C6YZ9,60,0,91,15,3.8,60,A
311050400,2022-01-01T01:18:05,23.24120,-84.69048,10.7,251.7,254.0,VICTORY I,IMO9213129,C6YZ9,60,0,91,15,3.8,60,A
311050400,2022-01-01T01:14:45,23.24430,-84.68014,10.7,252.1,255.0,VICTORY I,IMO9213129,C6YZ9,60,0,91,15,3.8,60,A
311050400,2022-01-01T01:24:55,23.23481,-84.71174,10.9,252.2,255.0,VICTORY I,IMO9213129,C6YZ9,60,0,91,15,3.8,60,A
311050400,2022-01-01T01:20:16,23.23916,-84.69723,10.8,251.5,254.0,VICTORY I,IMO9213129,C6YZ9,60,0,91,15,3.8,60,A
311050400,2022-01-01T01:28:26,23.23154,-84.72267,11.0,252.3,255.0,VICTORY I,IMO9213129,C6YZ9,60,0,91,15,3.8,60,A
311050400,2022-01-01T01:33:56,23.22630,-84.73999,11.0,252.2,255.0,VICTORY I,IMO9213129,C6YZ9,60,0,91,15,3.8,60,A
311050400,2022-01-01T01:21:26,23.23807,-84.70084,10.8,251.3,254.0,VICTORY I,IMO9213129,C6YZ9,60,0,91,15,3.8,60,A
311050400,2022-01-01T01:31:26,23.22866,-84.73208,11.0,251.8,255.0,VICTORY I,IMO9213129,C6YZ9,60,0,91,15,3.8,60,A
311050400,2022-01-01T01:39:45,23.22085,-84.75836,11.0,247.3,247.0,VICTORY I,IMO9213129,C6YZ9,60,0,91,15,3.8,60,A
311050400,2022-01-01T01:30:06,23.22997,-84.72780,10.9,251.2,254.0,VICTORY I,IMO9213129,C6YZ9,60,0,91,15,3.8,60,A
311050400,2022-01-01T01:32:35,23.22760,-84.73567,11.0,252.2,255.0,VICTORY I,IMO9213129,C6YZ9,60,0,91,15,3.8,60,A
311050400,2022-01-01T01:41:15,23.21892,-84.76296,11.0,245.8,247.0,VICTORY I,IMO9213129,C6YZ9,60,0,91,15,3.8,60,A
311050400,2022-01-01T00:56:15,23.26179,-84.62329,10.6,250.5,255.0,VICTORY I,IMO9213129,C6YZ9,60,0,91,15,3.8,60,A
311050400,2022-01-01T01:43:36,23.21599,-84.77008,10.9,245.9,247.0,VICTORY I,IMO9213129,C6YZ9,60,0,91,15,3.8,60,A
311050400,2022-01-01T01:07:46,23.25079,-84.65851,10.8,252.2,255.0,VICTORY I,IMO9213129,C6YZ9,60,0,91,15,3.8,60,A
311050400,2022-01-01T02:09:36,23.18440,-84.84926,11.2,248.2,248.0,VICTORY I,IMO9213129,C6YZ9,60,0,91,15,3.8,60,A
311050400,2022-01-01T02:11:06,23.18265,-84.85394,11.1,248.1,247.0,VICTORY I,IMO9213129,C6YZ9,60,0,91,15,3.8,60,A
311050400,2022-01-01T02:13:35,23.17976,-84.86173,11.2,248.2,247.0,VICTORY I,IMO9213129,C6YZ9,60,0,91,15,3.8,60,A
311050400,2022-01-01T01:10:06,23.24858,-84.66583,10.7,252.4,255.0,VICTORY I,IMO9213129,C6YZ9,60,0,91,15,3.8,60,A
311050400,2022-01-01T02:12:16,23.18127,-84.85759,11.2,247.8,247.0,VICTORY I,IMO9213129,C6YZ9,60,0,91,15,3.8,60,A
311050400,2022-01-01T02:07:56,23.18640,-84.84397,11.1,247.4,247.0,VICTORY I,IMO9213129,C6YZ9,60,0,91,15,3.8,60,A
311050400,2022-01-01T02:06:15,23.18838,-84.83881,11.1,247.5,247.0,VICTORY I,IMO9213129,C6YZ9,60,0,91,15,3.8,60,A
311050400,2022-01-01T02:20:56,23.17128,-84.88500,11.4,248.5,247.0,VICTORY I,IMO9213129,C6YZ9,60,0,91,15,3.8,60,A
311050400,2022-01-01T02:32:15,23.15788,-84.92103,11.1,246.6,247.0,VICTORY I,IMO9213129,C6YZ9,60,0,91,15,3.8,60,A
311050400,2022-01-01T02:25:06,23.16643,-84.89830,11.4,248.2,247.0,VICTORY I,IMO9213129,C6YZ9,60,0,91,15,3.8,60,A
311050400,2022-01-01T02:40:46,23.14725,-84.94643,10.9,245.7,247.0,VICTORY I,IMO9213129,C6YZ9,60,0,91,15,3.8,60,A
311050400,2022-01-01T02:37:36,23.15124,-84.93701,10.9,245.4,247.0,VICTORY I,IMO9213129,C6YZ9,60,0,91,15,3.8,60,A
311050400,2022-01-01T02:39:25,23.14897,-84.94238,10.9,245.4,247.0,VICTORY I,IMO9213129,C6YZ9,60,0,91,15,3.8,60,A
311050400,2022-01-01T01:23:05,23.23652,-84.70595,10.9,251.5,254.0,VICTORY I,IMO9213129,C6YZ9,60,0,91,15,3.8,60,A
311050400,2022-01-01T01:59:55,23.19599,-84.81940,11.0,246.4,247.0,VICTORY I,IMO9213129,C6YZ9,60,0,91,15,3.8,60,A
311050400,2022-01-01T02:15:35,23.17748,-84.86798,11.2,248.6,247.0,VICTORY I,IMO9213129,C6YZ9,60,0,91,15,3.8,60,A
311050400,2022-01-01T02:19:45,23.17264,-84.88122,11.3,248.3,246.0,VICTORY I,IMO9213129,C6YZ9,60,0,91,15,3.8,60,A
311050400,2022-01-01T13:34:15,22.53149,-86.63395,8.0,251.7,235.0,VICTORY I,IMO9213129,C6YZ9,60,0,91,15,3.8,60,A
311050400,2022-01-01T13:39:15,22.52774,-86.64546,8.2,250.0,232.0,VICTORY I,IMO9213129,C6YZ9,60,0,91,15,3.8,60,A
311050400,2022-01-01T13:37:45,22.52886,-86.64207,8.0,250.5,233.0,VICTORY I,IMO9213129,C6YZ9,60,0,91,15,3.8,60,A
311050400,2022-01-01T13:31:35,22.53344,-86.62787,8.0,249.3,232.0,VICTORY I,IMO9213129,C6YZ9,60,0,91,15,3.8,60,A
311050400,2022-01-01T13:43:36,22.52422,-86.65537,8.1,247.5,233.0,VICTORY I,IMO9213129,C6YZ9,60,0,91,15,3.8,60,A
311050400,2022-01-01T14:38:26,22.47559,-86.78226,8.0,246.5,242.0,VICTORY I,IMO9213129,C6YZ9,60,0,91,15,3.8,60,A
311050400,2022-01-01T13:44:45,22.52326,-86.65794,8.1,248.6,233.0,VICTORY I,IMO9213129,C6YZ9,60,0,91,15,3.8,60,A
311050400,2022-01-01T14:42:15,22.47225,-86.79071,8.1,246.7,242.0,VICTORY I,IMO9213129,C6YZ9,60,0,91,15,3.8,60,A
311050400,2022-01-01T13:56:15,22.51297,-86.68418,8.4,246.9,237.0,VICTORY I,IMO9213129,C6YZ9,60,0,91,15,3.8,60,A
311050400,2022-01-01T13:46:57,22.52134,-86.66289,8.1,247.6,234.0,VICTORY I,IMO9213129,C6YZ9,60,0,91,15,3.8,60,A
311050400,2022-01-01T13:48:57,22.51958,-86.66739,8.2,247.9,235.0,VICTORY I,IMO9213129,C6YZ9,60,0,91,15,3.8,60,A
311050400,2022-01-01T13:53:05,22.51582,-86.67686,8.3,247.4,237.0,VICTORY I,IMO9213129,C6YZ9,60,0,91,15,3.8,60,A
311050400,2022-01-01T13:51:26,22.51735,-86.67309,8.3,246.3,234.0,VICTORY I,IMO9213129,C6YZ9,60,0,91,15,3.8,60,A
311050400,2022-01-01T13:36:26,22.52988,-86.63906,8.1,250.9,234.0,VICTORY I,IMO9213129,C6YZ9,60,0,91,15,3.8,60,A
311050400,2022-01-01T14:58:05,22.45957,-86.82733,8.3,249.1,244.0,VICTORY I,IMO9213129,C6YZ9,60,0,91,15,3.8,60,A
311050400,2022-01-01T14:18:05,22.49434,-86.73572,8.4,247.5,242.0,VICTORY I,IMO9213129,C6YZ9,60,0,91,15,3.8,60,A
311050400,2022-01-01T15:04:45,22.45427,-86.84301,8.3,249.8,244.0,VICTORY I,IMO9213129,C6YZ9,60,0,91,15,3.8,60,A
311050400,2022-01-01T15:08:36,22.45135,-86.85201,8.2,249.5,244.0,VICTORY I,IMO9213129,C6YZ9,60,0,91,15,3.8,60,A
311050400,2022-01-01T14:39:45,22.47442,-86.78520,8.0,245.7,242.0,VICTORY I,IMO9213129,C6YZ9,60,0,91,15,3.8,60,A
311050400,2022-01-01T14:30:05,22.48317,-86.76335,8.4,246.5,242.0,VICTORY I,IMO9213129,C6YZ9,60,0,91,15,3.8,60,A
311050400,2022-01-01T14:44:46,22.47011,-86.79639,8.0,247.8,242.0,VICTORY I,IMO9213129,C6YZ9,60,0,91,15,3.8,60,A
311050400,2022-01-01T14:35:45,22.47798,-86.77625,8.3,249.0,243.0,VICTORY I,IMO9213129,C6YZ9,60,0,91,15,3.8,60,A
311050400,2022-01-01T14:50:35,22.46546,-86.80983,8.3,250.6,244.0,VICTORY I,IMO9213129,C6YZ9,60,0,91,15,3.8,60,A
311050400,2022-01-01T14:41:06,22.47325,-86.78815,7.9,246.9,242.0,VICTORY I,IMO9213129,C6YZ9,60,0,91,15,3.8,60,A
311050400,2022-01-01T14:55:25,22.46169,-86.82108,8.2,250.0,244.0,VICTORY I,IMO9213129,C6YZ9,60,0,91,15,3.8,60,A
311050400,2022-01-01T14:56:45,22.46064,-86.82423,8.4,249.8,244.0,VICTORY I,IMO9213129,C6YZ9,60,0,91,15,3.8,60,A
311050400,2022-01-01T15:37:25,22.42951,-86.92049,8.5,250.4,243.0,VICTORY I,IMO9213129,C6YZ9,60,0,91,15,3.8,60,A
311050400,2022-01-01T15:38:44,22.42849,-86.92366,8.5,251.1,244.0,VICTORY I,IMO9213129,C6YZ9,60,0,91,15,3.8,60,A
311050400,2022-01-01T14:54:16,22.46259,-86.81836,8.3,251.5,245.0,VICTORY I,IMO9213129,C6YZ9,60,0,91,15,3.8,60,A
311050400,2022-01-01T14:43:16,22.47139,-86.79301,8.0,249.9,243.0,VICTORY I,IMO9213129,C6YZ9,60,0,91,15,3.8,60,A
311050400,2022-01-01T15:05:56,22.45335,-86.84577,8.3,249.5,244.0,VICTORY I,IMO9213129,C6YZ9,60,0,91,15,3.8,60,A
311050400,2022-01-01T14:49:26,22.46636,-86.80716,8.4,250.5,245.0,VICTORY I,IMO9213129,C6YZ9,60,0,91,15,3.8,60,A
311050400,2022-01-01T15:01:05,22.45716,-86.83437,8.3,250.3,244.0,VICTORY I,IMO9213129,C6YZ9,60,0,91,15,3.8,60,A
311050400,2022-01-01T15:49:06,22.42087,-86.94876,8.5,251.4,245.0,VICTORY I,IMO9213129,C6YZ9,60,0,91,15,3.8,60,A
311050400,2022-01-01T14:51:56,22.46440,-86.81300,8.2,250.8,245.0,VICTORY I,IMO9213129,C6YZ9,60,0,91,15,3.8,60,A
311050400,2022-01-01T15:03:25,22.45532,-86.83983,8.2,248.5,242.0,VICTORY I,IMO9213129,C6YZ9,60,0,91,15,3.8,60,A
311050400,2022-01-01T15:09:46,22.45044,-86.85472,8.4,250.4,244.0,VICTORY I,IMO9213129,C6YZ9,60,0,91,15,3.8,60,A
311050400,2022-01-01T15:14:45,22.44662,-86.86648,8.3,250.7,244.0,VICTORY I,IMO9213129,C6YZ9,60,0,91,15,3.8,60,A
311050400,2022-01-01T16:01:55,22.41161,-86.98025,8.6,253.0,244.0,VICTORY I,IMO9213129,C6YZ9,60,0,91,15,3.8,60,A
311050400,2022-01-01T15:26:55,22.43737,-86.89540,8.4,250.9,243.0,VICTORY I,IMO9213129,C6YZ9,60,0,91,15,3.8,60,A
311050400,2022-01-01T14:48:16,22.46729,-86.80443,8.3,249.0,243.0,VICTORY I,IMO9213129,C6YZ9,60,0,91,15,3.8,60,A
311050400,2022-01-01T15:07:06,22.45251,-86.84846,8.2,253.3,245.0,VICTORY I,IMO9213129,C6YZ9,60,0,91,15,3.8,60,A
311050400,2022-01-01T15:19:36,22.44287,-86.87796,8.4,250.7,244.0,VICTORY I,IMO9213129,C6YZ9,60,0,91,15,3.8,60,A
311050400,2022-01-01T14:53:05,22.46347,-86.81570,8.1,249.5,243.0,VICTORY I,IMO9213129,C6YZ9,60,0,91,15,3.8,60,A
311050400,2022-01-01T15:20:55,22.44182,-86.88111,8.5,250.6,243.0,VICTORY I,IMO9213129,C6YZ9,60,0,91,15,3.8,60,A
311050400,2022-01-01T15:24:26,22.43923,-86.88954,8.3,252.6,245.0,VICTORY I,IMO9213129,C6YZ9,60,0,91,15,3.8,60,A
311050400,2022-01-01T15:12:06,22.44865,-86.86021,8.3,250.0,243.0,VICTORY I,IMO9213129,C6YZ9,60,0,91,15,3.8,60,A
311050400,2022-01-01T15:34:16,22.43187,-86.91295,8.5,252.1,245.0,VICTORY I,IMO9213129,C6YZ9,60,0,91,15,3.8,60,A
311050400,2022-01-01T15:25:36,22.43835,-86.89229,8.4,250.4,245.0,VICTORY I,IMO9213129,C6YZ9,60,0,91,15,3.8,60,A
311050400,2022-01-01T15:18:26,22.44378,-86.87521,8.4,251.4,245.0,VICTORY I,IMO9213129,C6YZ9,60,0,91,15,3.8,60,A
311050400,2022-01-01T14:59:16,22.45860,-86.83013,8.2,248.8,244.0,VICTORY I,IMO9213129,C6YZ9,60,0,91,15,3.8,60,A
311050400,2022-01-01T15:39:45,22.42772,-86.92605,8.3,250.8,242.0,VICTORY I,IMO9213129,C6YZ9,60,0,91,15,3.8,60,A
311050400,2022-01-01T15:45:35,22.42346,-86.94024,8.5,251.0,243.0,VICTORY I,IMO9213129,C6YZ9,60,0,91,15,3.8,60,A
311050400,2022-01-01T15:22:05,22.44094,-86.88389,8.4,253.2,246.0,VICTORY I,IMO9213129,C6YZ9,60,0,91,15,3.8,60,A
311050400,2022-01-01T15:46:45,22.42260,-86.94307,8.5,253.1,245.0,VICTORY I,IMO9213129,C6YZ9,60,0,91,15,3.8,60,A
311050400,2022-01-01T15:28:15,22.43632,-86.89857,8.5,251.2,244.0,VICTORY I,IMO9213129,C6YZ9,60,0,91,15,3.8,60,A
311050400,2022-01-01T15:10:55,22.44951,-86.85749,8.4,248.7,243.0,VICTORY I,IMO9213129,C6YZ9,60,0,91,15,3.8,60,A
311050400,2022-01-01T15:36:15,22.43041,-86.91764,8.4,252.8,245.0,VICTORY I,IMO9213129,C6YZ9,60,0,91,15,3.8,60,A
311050400,2022-01-01T15:16:05,22.44559,-86.86958,8.3,250.6,244.0,VICTORY I,IMO9213129,C6YZ9,60,0,91,15,3.8,60,A
311050400,2022-01-01T15:44:06,22.42456,-86.93667,8.5,252.0,244.0,VICTORY I,IMO9213129,C6YZ9,60,0,91,15,3.8,60,A
311050400,2022-01-01T15:17:15,22.44468,-86.87244,8.4,250.2,244.0,VICTORY I,IMO9213129,C6YZ9,60,0,91,15,3.8,60,A
311050400,2022-01-01T15:54:35,22.41692,-86.96216,8.6,252.9,244.0,VICTORY I,IMO9213129,C6YZ9,60,0,91,15,3.8,60,A
311050400,2022-01-01T15:47:55,22.42176,-86.94589,8.5,252.4,242.0,VICTORY I,IMO9213129,C6YZ9,60,0,91,15,3.8,60,A
311050400,2022-01-01T15:57:05,22.41512,-86.96834,8.6,252.1,244.0,VICTORY I,IMO9213129,C6YZ9,60,0,91,15,3.8,60,A
311050400,2022-01-01T15:50:16,22.42002,-86.95161,8.6,253.3,244.0,VICTORY I,IMO9213129,C6YZ9,60,0,91,15,3.8,60,A
311050400,2022-01-01T15:52:35,22.41834,-86.95728,8.6,252.3,244.0,VICTORY I,IMO9213129,C6YZ9,60,0,91,15,3.8,60,A
311050400,2022-01-01T16:00:45,22.41245,-86.97737,8.6,254.1,245.0,VICTORY I,IMO9213129,C6YZ9,60,0,91,15,3.8,60,A
311050400,2022-01-01T15:55:45,22.41607,-86.96503,8.6,252.0,244.0,VICTORY I,IMO9213129,C6YZ9,60,0,91,15,3.8,60,A
311050400,2022-01-01T15:51:25,22.41918,-86.95444,8.5,252.0,244.0,VICTORY I,IMO9213129,C6YZ9,60,0,91,15,3.8,60,A
311050400,2022-01-01T15:59:45,22.41313,-86.97498,8.6,253.5,244.0,VICTORY I,IMO9213129,C6YZ9,60,0,91,15,3.8,60,A
311050400,2022-01-01T16:13:26,22.40143,-87.00781,8.5,248.0,238.0,VICTORY I,IMO9213129,C6YZ9,60,0,91,15,3.8,60,A
311050400,2022-01-01T15:42:25,22.42579,-86.93258,8.5,252.1,243.0,VICTORY I,IMO9213129,C6YZ9,60,0,91,15,3.8,60,A
311050400,2022-01-01T16:12:05,22.40265,-87.00456,8.5,247.0,236.0,VICTORY I,IMO9213129,C6YZ9,60,0,91,15,3.8,60,A
311050400,2022-01-01T16:10:15,22.40434,-87.00027,8.5,246.7,238.0,VICTORY I,IMO9213129,C6YZ9,60,0,91,15,3.8,60,A
311050400,2022-01-01T15:58:35,22.41401,-86.97202,8.6,251.9,244.0,VICTORY I,IMO9213129,C6YZ9,60,0,91,15,3.8,60,A
311050400,2022-01-01T16:06:55,22.40748,-86.99237,8.5,246.1,237.0,VICTORY I,IMO9213129,C6YZ9,60,0,91,15,3.8,60,A
311050400,2022-01-01T16:14:45,22.40023,-87.01092,8.6,248.8,239.0,VICTORY I,IMO9213129,C6YZ9,60,0,91,15,3.8,60,A
311050400,2022-01-01T18:13:06,22.29191,-87.29216,8.2,247.7,238.0,VICTORY I,IMO9213129,C6YZ9,60,0,91,15,3.8,60,A
311050400,2022-01-01T18:14:46,22.29048,-87.29595,8.2,248.4,238.0,VICTORY I,IMO9213129,C6YZ9,60,0,91,15,3.8,60,A
311050400,2022-01-01T17:57:45,22.30498,-87.25698,8.1,248.0,238.0,VICTORY I,IMO9213129,C6YZ9,60,0,91,15,3.8,60,A
311050400,2022-01-01T17:51:26,22.31029,-87.24257,8.3,248.5,238.0,VICTORY I,IMO9213129,C6YZ9,60,0,91,15,3.8,60,A
311050400,2022-01-01T17:50:05,22.31143,-87.23942,8.2,248.4,238.0,VICTORY I,IMO9213129,C6YZ9,60,0,91,15,3.8,60,A
311050400,2022-01-01T17:54:04,22.30808,-87.24865,8.2,248.6,238.0,VICTORY I,IMO9213129,C6YZ9,60,0,91,15,3.8,60,A
311050400,2022-01-01T18:11:46,22.29305,-87.28911,8.2,248.3,239.0,VICTORY I,IMO9213129,C6YZ9,60,0,91,15,3.8,60,A
311050400,2022-01-01T18:18:36,22.28711,-87.30475,8.3,247.9,238.0,VICTORY I,IMO9213129,C6YZ9,60,0,91,15,3.8,60,A
311050400,2022-01-01T18:59:06,22.25274,-87.39672,8.1,249.7,243.0,VICTORY I,IMO9213129,C6YZ9,60,0,91,15,3.8,60,A
311050400,2022-01-01T18:06:36,22.29751,-87.27729,8.2,247.8,238.0,VICTORY I,IMO9213129,C6YZ9,60,0,91,15,3.8,60,A
311050400,2022-01-01T18:22:25,22.28374,-87.31348,8.3,247.2,238.0,VICTORY I,IMO9213129,C6YZ9,60,0,91,15,3.8,60,A
311050400,2022-01-01T18:09:46,22.29478,-87.28457,8.3,247.6,238.0,VICTORY I,IMO9213129,C6YZ9,60,0,91,15,3.8,60,A
311050400,2022-01-01T18:24:55,22.28149,-87.31910,8.3,247.2,239.0,VICTORY I,IMO9213129,C6YZ9,60,0,91,15,3.8,60,A
311050400,2022-01-01T19:05:06,22.24821,-87.41044,8.1,251.1,244.0,VICTORY I,IMO9213129,C6YZ9,60,0,91,15,3.8,60,A
311050400,2022-01-01T18:15:56,22.28946,-87.29861,8.3,247.1,238.0,VICTORY I,IMO9213129,C6YZ9,60,0,91,15,3.8,60,A
311050400,2022-01-01T18:28:25,22.27830,-87.32712,8.2,248.2,239.0,VICTORY I,IMO9213129,C6YZ9,60,0,91,15,3.8,60,A
311050400,2022-01-01T17:48:45,22.31255,-87.23643,8.2,247.2,237.0,VICTORY I,IMO9213129,C6YZ9,60,0,91,15,3.8,60,A
311050400,2022-01-01T18:20:14,22.28565,-87.30849,8.3,246.8,239.0,VICTORY I,IMO9213129,C6YZ9,60,0,91,15,3.8,60,A
311050400,2022-01-01T18:17:14,22.28830,-87.30160,8.3,247.1,237.0,VICTORY I,IMO9213129,C6YZ9,60,0,91,15,3.8,60,A
311050400,2022-01-01T18:27:16,22.27936,-87.32447,8.3,247.0,239.0,VICTORY I,IMO9213129,C6YZ9,60,0,91,15,3.8,60,A
311050400,2022-01-01T18:29:55,22.27695,-87.33048,8.2,245.6,237.0,VICTORY I,IMO9213129,C6YZ9,60,0,91,15,3.8,60,A
311050400,2022-01-01T18:31:06,22.27587,-87.33313,8.2,245.9,238.0,VICTORY I,IMO9213129,C6YZ9,60,0,91,15,3.8,60,A
311050400,2022-01-01T18:32:25,22.27472,-87.33615,8.2,249.7,242.0,VICTORY I,IMO9213129,C6YZ9,60,0,91,15,3.8,60,A
311050400,2022-01-01T19:27:26,22.23370,-87.45514,6.6,249.9,243.0,VICTORY I,IMO9213129,C6YZ9,60,0,91,15,3.8,60,A
311050400,2022-01-01T18:53:26,22.25718,-87.38382,8.2,249.5,242.0,VICTORY I,IMO9213129,C6YZ9,60,0,91,15,3.8,60,A
311050400,2022-01-01T18:21:15,22.28477,-87.31077,8.2,247.2,239.0,VICTORY I,IMO9213129,C6YZ9,60,0,91,15,3.8,60,A
311050400,2022-01-01T18:26:05,22.28046,-87.32179,8.3,247.2,238.0,VICTORY I,IMO9213129,C6YZ9,60,0,91,15,3.8,60,A
311050400,2022-01-01T19:07:55,22.24612,-87.41680,7.6,250.2,242.0,VICTORY I,IMO9213129,C6YZ9,60,0,91,15,3.8,60,A
311050400,2022-01-01T19:12:35,22.24294,-87.42642,7.3,250.9,243.0,VICTORY I,IMO9213129,C6YZ9,60,0,91,15,3.8,60,A
311050400,2022-01-01T19:11:06,22.24397,-87.42330,7.2,249.8,243.0,VICTORY I,IMO9213129,C6YZ9,60,0,91,15,3.8,60,A
311050400,2022-01-01T19:02:26,22.25022,-87.40433,8.0,249.8,242.0,VICTORY I,IMO9213129,C6YZ9,60,0,91,15,3.8,60,A
311050400,2022-01-01T19:03:46,22.24922,-87.40737,8.2,250.3,243.0,VICTORY I,IMO9213129,C6YZ9,60,0,91,15,3.8,60,A
311050400,2022-01-01T19:20:06,22.23808,-87.44134,6.7,251.3,243.0,VICTORY I,IMO9213129,C6YZ9,60,0,91,15,3.8,60,A
311050400,2022-01-01T19:23:26,22.23610,-87.44758,6.6,251.1,243.0,VICTORY I,IMO9213129,C6YZ9,60,0,91,15,3.8,60,A
311050400,2022-01-01T19:18:56,22.23880,-87.43908,6.7,250.7,243.0,VICTORY I,IMO9213129,C6YZ9,60,0,91,15,3.8,60,A
311050400,2022-01-01T19:15:26,22.24098,-87.43240,7.2,250.4,243.0,VICTORY I,IMO9213129,C6YZ9,60,0,91,15,3.8,60,A
311050400,2022-01-01T20:13:45,22.20475,-87.54505,7.2,247.4,242.0,VICTORY I,IMO9213129,C6YZ9,60,0,91,15,3.8,60,A
311050400,2022-01-01T19:16:36,22.24021,-87.43467,6.8,250.3,242.0,VICTORY I,IMO9213129,C6YZ9,60,0,91,15,3.8,60,A
311050400,2022-01-01T20:20:45,22.19986,-87.55840,5.9,248.9,242.0,VICTORY I,IMO9213129,C6YZ9,60,0,91,15,3.8,60,A
311050400,2022-01-01T19:01:16,22.25111,-87.40157,8.0,250.1,243.0,VICTORY I,IMO9213129,C6YZ9,60,0,91,15,3.8,60,A
311050400,2022-01-01T19:45:36,22.22338,-87.48947,6.5,252.3,246.0,VICTORY I,IMO9213129,C6YZ9,60,0,91,15,3.8,60,A
311050400,2022-01-01T19:30:06,22.23222,-87.46024,6.6,253.3,246.0,VICTORY I,IMO9213129,C6YZ9,60,0,91,15,3.8,60,A
311050400,2022-01-01T19:35:46,22.22897,-87.47100,6.6,252.6,246.0,VICTORY I,IMO9213129,C6YZ9,60,0,91,15,3.8,60,A
311050400,2022-01-01T19:50:45,22.22036,-87.49915,6.6,251.1,246.0,VICTORY I,IMO9213129,C6YZ9,60,0,91,15,3.8,60,A
311050400,2022-01-01T19:13:45,22.24214,-87.42885,7.3,249.6,242.0,VICTORY I,IMO9213129,C6YZ9,60,0,91,15,3.8,60,A
311050400,2022-01-01T19:32:35,22.23081,-87.46497,6.6,251.9,246.0,VICTORY I,IMO9213129,C6YZ9,60,0,91,15,3.8,60,A
311050400,2022-01-01T19:54:45,22.21796,-87.50670,6.8,251.4,246.0,VICTORY I,IMO9213129,C6YZ9,60,0,91,15,3.8,60,A
311050400,2022-01-01T19:44:05,22.22422,-87.48663,6.5,252.5,245.0,VICTORY I,IMO9213129,C6YZ9,60,0,91,15,3.8,60,A
311050400,2022-01-01T19:48:26,22.22173,-87.49473,6.6,250.7,244.0,VICTORY I,IMO9213129,C6YZ9,60,0,91,15,3.8,60,A
311050400,2022-01-01T19:25:26,22.23492,-87.45133,6.5,250.7,243.0,VICTORY I,IMO9213129,C6YZ9,60,0,91,15,3.8,60,A
311050400,2022-01-01T19:52:26,22.21934,-87.50236,6.6,251.5,244.0,VICTORY I,IMO9213129,C6YZ9,60,0,91,15,3.8,60,A
311050400,2022-01-01T19:47:15,22.22240,-87.49256,6.6,250.9,246.0,VICTORY I,IMO9213129,C6YZ9,60,0,91,15,3.8,60,A
311050400,2022-01-01T19:57:06,22.21648,-87.51138,7.0,251.4,245.0,VICTORY I,IMO9213129,C6YZ9,60,0,91,15,3.8,60,A
311050400,2022-01-01T20:14:56,22.20389,-87.54744,7.1,249.0,243.0,VICTORY I,IMO9213129,C6YZ9,60,0,91,15,3.8,60,A
311050400,2022-01-01T19:55:56,22.21721,-87.50907,7.0,250.5,245.0,VICTORY I,IMO9213129,C6YZ9,60,0,91,15,3.8,60,A
311050400,2022-01-01T20:00:56,22.21403,-87.51906,7.3,251.6,245.0,VICTORY I,IMO9213129,C6YZ9,60,0,91,15,3.8,60,A
311050400,2022-01-01T20:59:55,22.17806,-87.62090,5.6,244.3,238.0,VICTORY I,IMO9213129,C6YZ9,60,0,91,15,3.8,60,A
311050400,2022-01-01T19:59:26,22.21501,-87.51601,7.0,251.0,246.0,VICTORY I,IMO9213129,C6YZ9,60,0,91,15,3.8,60,A
311050400,2022-01-01T20:23:25,22.19834,-87.56278,5.7,249.2,241.0,VICTORY I,IMO9213129,C6YZ9,60,0,91,15,3.8,60,A
311050400,2022-01-01T20:24:36,22.19771,-87.56466,5.7,250.8,242.0,VICTORY I,IMO9213129,C6YZ9,60,0,91,15,3.8,60,A
311050400,2022-01-01T20:28:26,22.19559,-87.57089,5.7,250.7,243.0,VICTORY I,IMO9213129,C6YZ9,60,0,91,15,3.8,60,A
311050400,2022-01-01T21:08:26,22.17263,-87.63401,5.6,246.7,240.0,VICTORY I,IMO9213129,C6YZ9,60,0,91,15,3.8,60,A
311050400,2022-01-01T19:49:36,22.22103,-87.49699,6.7,251.4,246.0,VICTORY I,IMO9213129,C6YZ9,60,0,91,15,3.8,60,A
311050400,2022-01-01T20:34:05,22.19248,-87.58000,5.7,250.7,242.0,VICTORY I,IMO9213129,C6YZ9,60,0,91,15,3.8,60,A
311050400,2022-01-01T20:12:26,22.20573,-87.54242,7.3,247.9,242.0,VICTORY I,IMO9213129,C6YZ9,60,0,91,15,3.8,60,A
311050400,2022-01-01T20:26:56,22.19641,-87.56849,5.8,251.0,243.0,VICTORY I,IMO9213129,C6YZ9,60,0,91,15,3.8,60,A
311050400,2022-01-01T20:35:35,22.19168,-87.58239,5.7,250.9,243.0,VICTORY I,IMO9213129,C6YZ9,60,0,91,15,3.8,60,A
311050400,2022-01-01T20:36:46,22.19104,-87.58431,5.7,250.1,242.0,VICTORY I,IMO9213129,C6YZ9,60,0,91,15,3.8,60,A
311050400,2022-01-01T19:53:36,22.21865,-87.50455,6.6,250.7,244.0,VICTORY I,IMO9213129,C6YZ9,60,0,91,15,3.8,60,A
311050400,2022-01-01T20:16:06,22.20300,-87.54982,7.2,248.0,242.0,VICTORY I,IMO9213129,C6YZ9,60,0,91,15,3.8,60,A
311050400,2022-01-01T20:39:36,22.18951,-87.58885,5.6,248.8,240.0,VICTORY I,IMO9213129,C6YZ9,60,0,91,15,3.8,60,A
311050400,2022-01-01T20:10:06,22.20751,-87.53770,7.3,247.9,242.0,VICTORY I,IMO9213129,C6YZ9,60,0,91,15,3.8,60,A
311050400,2022-01-01T21:17:55,22.16515,-87.65146,7.0,244.7,239.0,VICTORY I,IMO9213129,C6YZ9,60,0,91,15,3.8,60,A
311050400,2022-01-01T20:46:06,22.18596,-87.59930,5.7,250.6,243.0,VICTORY I,IMO9213129,C6YZ9,60,0,91,15,3.8,60,A
311050400,2022-01-01T20:02:06,22.21324,-87.52148,7.2,250.6,245.0,VICTORY I,IMO9213129,C6YZ9,60,0,91,15,3.8,60,A
311050400,2022-01-01T20:25:45,22.19707,-87.56653,5.8,249.1,242.0,VICTORY I,IMO9213129,C6YZ9,60,0,91,15,3.8,60,A
311050400,2022-01-01T20:03:45,22.21214,-87.52489,7.3,252.2,246.0,VICTORY I,IMO9213129,C6YZ9,60,0,91,15,3.8,60,A
311050400,2022-01-01T21:28:06,22.15648,-87.67052,6.9,244.1,240.0,VICTORY I,IMO9213129,C6YZ9,60,0,91,15,3.8,60,A
311050400,2022-01-01T20:29:45,22.19487,-87.57300,5.7,250.2,243.0,VICTORY I,IMO9213129,C6YZ9,60,0,91,15,3.8,60,A
311050400,2022-01-01T20:11:16,22.20662,-87.54008,7.2,247.1,241.0,VICTORY I,IMO9213129,C6YZ9,60,0,91,15,3.8,60,A
311050400,2022-01-01T21:37:05,22.14869,-87.68797,7.1,244.0,240.0,VICTORY I,IMO9213129,C6YZ9,60,0,91,15,3.8,60,A
311050400,2022-01-01T20:32:05,22.19357,-87.57674,5.8,249.9,242.0,VICTORY I,IMO9213129,C6YZ9,60,0,91,15,3.8,60,A
311050400,2022-01-01T21:00:55,22.17740,-87.62248,5.7,245.5,239.0,VICTORY I,IMO9213129,C6YZ9,60,0,91,15,3.8,60,A
311050400,2022-01-01T21:02:05,22.17665,-87.62427,5.6,246.6,240.0,VICTORY I,IMO9213129,C6YZ9,60,0,91,15,3.8,60,A
311050400,2022-01-01T20:47:25,22.18524,-87.60142,5.7,250.1,243.0,VICTORY I,IMO9213129,C6YZ9,60,0,91,15,3.8,60,A
311050400,2022-01-01T20:38:05,22.19032,-87.58643,5.7,252.5,243.0,VICTORY I,IMO9213129,C6YZ9,60,0,91,15,3.8,60,A
311050400,2022-01-01T20:41:05,22.18871,-87.59124,5.7,251.1,242.0,VICTORY I,IMO9213129,C6YZ9,60,0,91,15,3.8,60,A
311050400,2022-01-01T21:04:36,22.17505,-87.62815,5.6,245.6,239.0,VICTORY I,IMO9213129,C6YZ9,60,0,91,15,3.8,60,A
311050400,2022-01-01T20:44:46,22.18670,-87.59714,5.7,249.6,242.0,VICTORY I,IMO9213129,C6YZ9,60,0,91,15,3.8,60,A
311050400,2022-01-01T20:30:56,22.19424,-87.57487,5.7,250.0,241.0,VICTORY I,IMO9213129,C6YZ9,60,0,91,15,3.8,60,A
311050400,2022-01-01T20:57:06,22.17986,-87.61662,5.6,248.1,240.0,VICTORY I,IMO9213129,C6YZ9,60,0,91,15,3.8,60,A
311050400,2022-01-01T20:48:35,22.18461,-87.60325,5.6,250.3,242.0,VICTORY I,IMO9213129,C6YZ9,60,0,91,15,3.8,60,A
311050400,2022-01-01T21:05:56,22.17419,-87.63019,5.7,246.6,239.0,VICTORY I,IMO9213129,C6YZ9,60,0,91,15,3.8,60,A
311050400,2022-01-01T21:07:05,22.17346,-87.63196,5.6,245.8,239.0,VICTORY I,IMO9213129,C6YZ9,60,0,91,15,3.8,60,A
311050400,2022-01-01T20:55:36,22.18072,-87.61427,5.6,248.9,242.0,VICTORY I,IMO9213129,C6YZ9,60,0,91,15,3.8,60,A
311050400,2022-01-01T21:21:16,22.16233,-87.65778,6.9,243.8,239.0,VICTORY I,IMO9213129,C6YZ9,60,0,91,15,3.8,60,A
311050400,2022-01-01T20:42:06,22.18815,-87.59281,5.7,249.2,242.0,VICTORY I,IMO9213129,C6YZ9,60,0,91,15,3.8,60,A
311050400,2022-01-01T20:43:36,22.18733,-87.59524,5.7,251.7,244.0,VICTORY I,IMO9213129,C6YZ9,60,0,91,15,3.8,60,A
311050400,2022-01-01T21:24:36,22.15947,-87.66404,7.0,243.6,239.0,VICTORY I,IMO9213129,C6YZ9,60,0,91,15,3.8,60,A
311050400,2022-01-01T21:15:26,22.16721,-87.64677,7.0,244.5,240.0,VICTORY I,IMO9213129,C6YZ9,60,0,91,15,3.8,60,A
311050400,2022-01-01T21:29:15,22.15546,-87.67273,7.1,243.4,240.0,VICTORY I,IMO9213129,C6YZ9,60,0,91,15,3.8,60,A
311050400,2022-01-01T21:03:26,22.17581,-87.62635,5.7,246.0,239.0,VICTORY I,IMO9213129,C6YZ9,60,0,91,15,3.8,60,A
311050400,2022-01-01T20:49:46,22.18395,-87.60512,5.7,249.9,242.0,VICTORY I,IMO9213129,C6YZ9,60,0,91,15,3.8,60,A
311050400,2022-01-01T20:53:56,22.18165,-87.61161,5.6,249.4,242.0,VICTORY I,IMO9213129,C6YZ9,60,0,91,15,3.8,60,A
311050400,2022-01-01T21:09:35,22.17188,-87.63585,6.1,246.0,240.0,VICTORY I,IMO9213129,C6YZ9,60,0,91,15,3.8,60,A
311050400,2022-01-01T21:44:05,22.14273,-87.70150,7.1,244.5,240.0,VICTORY I,IMO9213129,C6YZ9,60,0,91,15,3.8,60,A
311050400,2022-01-01T21:16:36,22.16625,-87.64900,7.0,244.8,239.0,VICTORY I,IMO9213129,C6YZ9,60,0,91,15,3.8,60,A
311050400,2022-01-01T21:25:46,22.15846,-87.66623,7.0,243.7,240.0,VICTORY I,IMO9213129,C6YZ9,60,0,91,15,3.8,60,A
311050400,2022-01-01T21:14:16,22.16817,-87.64454,7.0,246.1,242.0,VICTORY I,IMO9213129,C6YZ9,60,0,91,15,3.8,60,A
311050400,2022-01-01T21:22:36,22.16117,-87.66029,7.0,243.7,239.0,VICTORY I,IMO9213129,C6YZ9,60,0,91,15,3.8,60,A
311050400,2022-01-01T21:19:06,22.16415,-87.65372,6.9,245.9,241.0,VICTORY I,IMO9213129,C6YZ9,60,0,91,15,3.8,60,A
311050400,2022-01-01T21:30:55,22.15402,-87.67592,7.2,243.8,239.0,VICTORY I,IMO9213129,C6YZ9,60,0,91,15,3.8,60,A
311050400,2022-01-01T22:56:45,22.09132,-87.84740,7.2,249.3,246.0,VICTORY I,IMO9213129,C6YZ9,60,0,91,15,3.8,60,A
311050400,2022-01-01T23:27:15,22.06706,-87.91178,7.9,248.0,245.0,VICTORY I,IMO9213129,C6YZ9,60,0,91,15,3.8,60,A
311050400,2022-01-01T23:33:55,22.06176,-87.92612,7.7,249.3,245.0,VICTORY I,IMO9213129,C6YZ9,60,0,91,15,3.8,60,A
311050400,2022-01-01T22:44:34,22.10034,-87.82288,7.2,249.4,246.0,VICTORY I,IMO9213129,C6YZ9,60,0,91,15,3.8,60,A
311050400,2022-01-01T22:49:34,22.09668,-87.83292,7.2,248.5,244.0,VICTORY I,IMO9213129,C6YZ9,60,0,91,15,3.8,60,A
311050400,2022-01-01T22:51:05,22.09554,-87.83600,7.2,247.6,245.0,VICTORY I,IMO9213129,C6YZ9,60,0,91,15,3.8,60,A
311050400,2022-01-01T22:52:15,22.09468,-87.83835,7.2,248.2,245.0,VICTORY I,IMO9213129,C6YZ9,60,0,91,15,3.8,60,A
311050400,2022-01-01T22:43:25,22.10118,-87.82052,7.2,248.6,246.0,VICTORY I,IMO9213129,C6YZ9,60,0,91,15,3.8,60,A
311050400,2022-01-01T22:58:45,22.08983,-87.85142,7.2,248.3,244.0,VICTORY I,IMO9213129,C6YZ9,60,0,91,15,3.8,60,A
311050400,2022-01-01T22:41:15,22.10275,-87.81616,7.2,249.0,245.0,VICTORY I,IMO9213129,C6YZ9,60,0,91,15,3.8,60,A
311050400,2022-01-01T23:14:06,22.07835,-87.88272,7.5,249.0,245.0,VICTORY I,IMO9213129,C6YZ9,60,0,91,15,3.8,60,A
311050400,2022-01-01T22:42:24,22.10192,-87.81848,7.2,249.1,246.0,VICTORY I,IMO9213129,C6YZ9,60,0,91,15,3.8,60,A
311050400,2022-01-01T22:45:45,22.09949,-87.82523,7.2,248.0,245.0,VICTORY I,IMO9213129,C6YZ9,60,0,91,15,3.8,60,A
311050400,2022-01-01T22:48:25,22.09751,-87.83065,7.2,248.4,245.0,VICTORY I,IMO9213129,C6YZ9,60,0,91,15,3.8,60,A
311050400,2022-01-01T23:09:15,22.08202,-87.87266,7.3,248.1,245.0,VICTORY I,IMO9213129,C6YZ9,60,0,91,15,3.8,60,A
311050400,2022-01-01T23:11:35,22.08027,-87.87745,7.5,249.2,245.0,VICTORY I,IMO9213129,C6YZ9,60,0,91,15,3.8,60,A
311050400,2022-01-01T23:10:24,22.08114,-87.87503,7.5,248.2,245.0,VICTORY I,IMO9213129,C6YZ9,60,0,91,15,3.8,60,A
311050400,2022-01-01T23:32:14,22.06308,-87.92249,7.7,248.2,245.0,VICTORY I,IMO9213129,C6YZ9,60,0,91,15,3.8,60,A
311050400,2022-01-01T23:16:35,22.07643,-87.88792,7.5,248.9,246.0,VICTORY I,IMO9213129,C6YZ9,60,0,91,15,3.8,60,A
311050400,2022-01-01T22:54:35,22.09295,-87.84303,7.2,248.5,245.0,VICTORY I,IMO9213129,C6YZ9,60,0,91,15,3.8,60,A
311050400,2022-01-01T23:31:05,22.06399,-87.92005,7.7,248.9,245.0,VICTORY I,IMO9213129,C6YZ9,60,0,91,15,3.8,60,A
311050400,2022-01-01T22:47:14,22.09839,-87.82826,7.2,248.6,245.0,VICTORY I,IMO9213129,C6YZ9,60,0,91,15,3.8,60,A
311050400,2022-01-01T22:53:25,22.09381,-87.84068,7.2,248.4,245.0,VICTORY I,IMO9213129,C6YZ9,60,0,91,15,3.8,60,A
311050400,2022-01-01T23:28:24,22.06612,-87.91430,7.9,248.4,245.0,VICTORY I,IMO9213129,C6YZ9,60,0,91,15,3.8,60,A
311050400,2022-01-01T23:12:45,22.07938,-87.87989,7.5,248.9,246.0,VICTORY I,IMO9213129,C6YZ9,60,0,91,15,3.8,60,A
311050400,2022-01-01T23:40:04,22.05704,-87.93920,7.6,249.6,245.0,VICTORY I,IMO9213129,C6YZ9,60,0,91,15,3.8,60,A
311050400,2022-01-01T13:32:45,22.53252,-86.63052,8.0,250.9,234.0,VICTORY I,IMO9213129,C6YZ9,60,0,91,15,3.8,60,A
311050400,2022-01-01T13:41:55,22.52563,-86.65156,8.0,248.7,233.0,VICTORY I,IMO9213129,C6YZ9,60,0,91,15,3.8,60,A
311050400,2022-01-01T14:11:56,22.49977,-86.72116,8.5,247.9,242.0,VICTORY I,IMO9213129,C6YZ9,60,0,91,15,3.8,60,A
311050400,2022-01-01T14:46:26,22.46874,-86.80017,8.1,247.3,242.0,VICTORY I,IMO9213129,C6YZ9,60,0,91,15,3.8,60,A
311050400,2022-01-01T15:02:16,22.45624,-86.83713,8.4,251.2,245.0,VICTORY I,IMO9213129,C6YZ9,60,0,91,15,3.8,60,A
311050400,2022-01-01T15:13:15,22.44774,-86.86296,8.3,252.3,246.0,VICTORY I,IMO9213129,C6YZ9,60,0,91,15,3.8,60,A
311050400,2022-01-01T15:23:15,22.44008,-86.88666,8.4,251.8,244.0,VICTORY I,IMO9213129,C6YZ9,60,0,91,15,3.8,60,A
311050400,2022-01-01T15:29:55,22.43505,-86.90254,8.4,250.0,242.0,VICTORY I,IMO9213129,C6YZ9,60,0,91,15,3.8,60,A
311050400,2022-01-01T15:33:06,22.43275,-86.91012,8.4,251.9,245.0,VICTORY I,IMO9213129,C6YZ9,60,0,91,15,3.8,60,A
311050400,2022-01-01T15:41:05,22.42677,-86.92928,8.6,252.5,244.0,VICTORY I,IMO9213129,C6YZ9,60,0,91,15,3.8,60,A
311050400,2022-01-01T16:03:15,22.41065,-86.98355,8.6,252.3,244.0,VICTORY I,IMO9213129,C6YZ9,60,0,91,15,3.8,60,A
311050400,2022-01-01T18:23:35,22.28268,-87.31613,8.2,246.8,238.0,VICTORY I,IMO9213129,C6YZ9,60,0,91,15,3.8,60,A
311050400,2022-01-01T19:06:25,22.24723,-87.41343,8.2,249.9,243.0,VICTORY I,IMO9213129,C6YZ9,60,0,91,15,3.8,60,A
311050400,2022-01-01T19:09:06,22.24532,-87.41922,7.3,250.2,243.0,VICTORY I,IMO9213129,C6YZ9,60,0,91,15,3.8,60,A
311050400,2022-01-01T19:58:15,22.21575,-87.51362,7.0,250.1,246.0,VICTORY I,IMO9213129,C6YZ9,60,0,91,15,3.8,60,A
311050400,2022-01-01T20:52:36,22.18236,-87.60959,5.6,249.5,243.0,VICTORY I,IMO9213129,C6YZ9,60,0,91,15,3.8,60,A
311050400,2022-01-01T21:10:45,22.17101,-87.63791,6.5,245.6,240.0,VICTORY I,IMO9213129,C6YZ9,60,0,91,15,3.8,60,A
311050400,2022-01-01T21:11:55,22.17012,-87.64006,6.9,245.6,239.0,VICTORY I,IMO9213129,C6YZ9,60,0,91,15,3.8,60,A
311050400,2022-01-01T21:13:05,22.16916,-87.64224,7.0,244.7,240.0,VICTORY I,IMO9213129,C6YZ9,60,0,91,15,3.8,60,A
311050400,2022-01-01T21:26:55,22.15750,-87.66834,6.9,243.7,239.0,VICTORY I,IMO9213129,C6YZ9,60,0,91,15,3.8,60,A
311050400,2022-01-01T22:22:26,22.11607,-87.77835,7.2,251.2,246.0,VICTORY I,IMO9213129,C6YZ9,60,0,91,15,3.8,60,A
311050400,2022-01-01T23:15:25,22.07731,-87.88555,7.6,248.9,245.0,VICTORY I,IMO9213129,C6YZ9,60,0,91,15,3.8,60,A
311050400,2022-01-01T23:29:35,22.06518,-87.91681,7.8,248.6,245.0,VICTORY I,IMO9213129,C6YZ9,60,0,91,15,3.8,60,A
311050400,2022-01-01T23:56:35,22.04465,-87.97400,7.6,249.6,245.0,VICTORY I,IMO9213129,C6YZ9,60,0,91,15,3.8,60,A
311050400,2022-01-02T00:01:25,22.04094,-87.98412,7.6,247.9,245.0,VICTORY I,IMO9213129,C6YZ9,60,0,91,15,3.8,60,A
311050400,2022-01-02T00:04:25,22.03854,-87.99039,7.6,247.5,245.0,VICTORY I,IMO9213129,C6YZ9,60,0,91,15,3.8,60,A
311050400,2022-01-02T00:05:34,22.03762,-87.99284,7.6,248.2,245.0,VICTORY I,IMO9213129,C6YZ9,60,0,91,15,3.8,60,A
311050400,2022-01-02T00:06:55,22.03656,-87.99566,7.6,248.1,245.0,VICTORY I,IMO9213129,C6YZ9,60,0,91,15,3.8,60,A
311050400,2022-01-02T00:10:04,22.03414,-88.00235,7.6,248.9,245.0,VICTORY I,IMO9213129,C6YZ9,60,0,91,15,3.8,60,A
311050400,2022-01-02T00:14:35,22.03082,-88.01193,7.6,249.6,245.0,VICTORY I,IMO9213129,C6YZ9,60,0,91,15,3.8,60,A
311050400,2022-01-02T00:12:04,22.03265,-88.00662,7.6,249.8,245.0,VICTORY I,IMO9213129,C6YZ9,60,0,91,15,3.8,60,A
311050400,2022-01-02T00:16:55,22.02908,-88.01690,7.6,249.9,245.0,VICTORY I,IMO9213129,C6YZ9,60,0,91,15,3.8,60,A
311050400,2022-01-02T00:15:44,22.02998,-88.01437,7.6,249.2,245.0,VICTORY I,IMO9213129,C6YZ9,60,0,91,15,3.8,60,A
311050400,2022-01-02T00:08:14,22.03553,-87.99847,7.6,248.6,245.0,VICTORY I,IMO9213129,C6YZ9,60,0,91,15,3.8,60,A
311050400,2022-01-02T00:19:36,22.02717,-88.02250,7.5,250.0,245.0,VICTORY I,IMO9213129,C6YZ9,60,0,91,15,3.8,60,A
311050400,2022-01-02T00:18:04,22.02824,-88.01934,7.5,249.8,245.0,VICTORY I,IMO9213129,C6YZ9,60,0,91,15,3.8,60,A
311050400,2022-01-02T00:20:44,22.02633,-88.02496,7.5,249.3,245.0,VICTORY I,IMO9213129,C6YZ9,60,0,91,15,3.8,60,A
311050400,2022-01-02T00:30:44,22.01904,-88.04585,7.5,248.8,244.0,VICTORY I,IMO9213129,C6YZ9,60,0,91,15,3.8,60,A
311050400,2022-01-02T00:13:14,22.03179,-88.00910,7.6,249.0,245.0,VICTORY I,IMO9213129,C6YZ9,60,0,91,15,3.8,60,A
311050400,2022-01-02T00:38:45,22.01299,-88.06250,7.4,249.3,244.0,VICTORY I,IMO9213129,C6YZ9,60,0,91,15,3.8,60,A
311050400,2022-01-02T00:45:45,22.00783,-88.07703,7.4,249.1,244.0,VICTORY I,IMO9213129,C6YZ9,60,0,91,15,3.8,60,A
311050400,2022-01-02T00:51:55,22.00342,-88.08971,7.3,249.4,244.0,VICTORY I,IMO9213129,C6YZ9,60,0,91,15,3.8,60,A
311050400,2022-01-02T01:26:46,21.97652,-88.15990,7.3,247.2,242.0,VICTORY I,IMO9213129,C6YZ9,60,0,91,15,3.8,60,A
311050400,2022-01-02T01:23:46,21.97891,-88.15385,7.3,246.9,242.0,VICTORY I,IMO9213129,C6YZ9,60,0,91,15,3.8,60,A
311050400,2022-01-02T02:39:55,21.91937,-88.30956,7.5,246.5,243.0,VICTORY I,IMO9213129,C6YZ9,60,0,91,15,3.8,60,A
311050400,2022-01-02T08:47:34,21.63737,-89.08943,7.3,249.9,246.0,VICTORY I,IMO9213129,C6YZ9,60,0,91,15,3.8,60,A
311050400,2022-01-02T08:48:44,21.63655,-89.09183,7.3,249.5,245.0,VICTORY I,IMO9213129,C6YZ9,60,0,91,15,3.8,60,A
311050400,2022-01-02T08:53:35,21.63309,-89.10181,7.3,249.6,246.0,VICTORY I,IMO9213129,C6YZ9,60,0,91,15,3.8,60,A
311050400,2022-01-02T09:14:29,21.61839,-89.14474,7.3,250.0,246.0,VICTORY I,IMO9213129,C6YZ9,60,0,91,15,3.8,60,A
311050400,2022-01-02T09:15:39,21.61760,-89.14712,7.3,249.8,245.0,VICTORY I,IMO9213129,C6YZ9,60,0,91,15,3.8,60,A
311050400,2022-01-02T09:51:59,21.59136,-89.22048,7.1,248.5,244.0,VICTORY I,IMO9213129,C6YZ9,60,0,91,15,3.8,60,A
311050400,2022-01-02T09:34:29,21.60436,-89.18569,7.3,249.1,245.0,VICTORY I,IMO9213129,C6YZ9,60,0,91,15,3.8,60,A
311050400,2022-01-02T09:40:29,21.59989,-89.19767,7.2,248.0,244.0,VICTORY I,IMO9213129,C6YZ9,60,0,91,15,3.8,60,A
311050400,2022-01-02T09:41:30,21.59913,-89.19971,7.1,248.2,243.0,VICTORY I,IMO9213129,C6YZ9,60,0,91,15,3.8,60,A
311050400,2022-01-02T09:56:48,21.58777,-89.23007,7.2,248.4,244.0,VICTORY I,IMO9213129,C6YZ9,60,0,91,15,3.8,60,A
311050400,2022-01-02T11:31:50,21.51739,-89.41826,7.1,250.1,246.0,VICTORY I,IMO9213129,C6YZ9,60,0,91,15,3.8,60,A
311050400,2022-01-02T11:33:00,21.51660,-89.42061,7.1,250.3,246.0,VICTORY I,IMO9213129,C6YZ9,60,0,91,15,3.8,60,A
311050400,2022-01-02T11:30:39,21.51819,-89.41588,7.2,250.6,246.0,VICTORY I,IMO9213129,C6YZ9,60,0,91,15,3.8,60,A
