316206000,2022-01-01T00:00:08,43.02079,-87.89644,0.0,349.0,40.0,ATLANTIC HURON,IMO8025680,VCQN,70,0,224,23,9.5,70,A
316206000,2022-01-01T00:01:18,43.02080,-87.89644,0.0,230.5,40.0,ATLANTIC HURON,IMO8025680,VCQN,70,0,224,23,9.5,70,A
316206000,2022-01-01T00:02:27,43.02079,-87.89644,0.0,171.2,40.0,ATLANTIC HURON,IMO8025680,VCQN,70,0,224,23,9.5,70,A
316206000,2022-01-01T00:06:59,43.02079,-87.89644,0.0,126.1,40.0,ATLANTIC HURON,IMO8025680,VCQN,70,0,224,23,9.5,70,A
316206000,2022-01-01T00:03:38,43.02079,-87.89644,0.0,116.2,40.0,ATLANTIC HURON,IMO8025680,VCQN,70,0,224,23,9.5,70,A
316206000,2022-01-01T00:04:47,43.02079,-87.89644,0.0,16.8,40.0,ATLANTIC HURON,IMO8025680,VCQN,70,0,224,23,9.5,70,A
316206000,2022-01-01T00:05:57,43.02079,-87.89644,0.0,195.6,40.0,ATLANTIC HURON,IMO8025680,VCQN,70,0,224,23,9.5,70,A
316206000,2022-01-01T00:08:08,43.02079,-87.89644,0.0,149.1,40.0,ATLANTIC HURON,IMO8025680,VCQN,70,0,224,23,9.5,70,A
316206000,2022-01-01T00:09:17,43.02079,-87.89643,0.0,83.8,40.0,ATLANTIC HURON,IMO8025680,VCQN,70,0,224,23,9.5,70,A
316206000,2022-01-01T00:10:28,43.02079,-87.89643,0.0,228.2,40.0,ATLANTIC HURON,IMO8025680,VCQN,70,0,224,23,9.5,70,A
316206000,2022-01-01T00:13:57,43.02075,-87.89648,0.0,226.9,40.0,ATLANTIC HURON,IMO8025680,VCQN,70,0,224,23,9.5,70,A
316206000,2022-01-01T00:11:38,43.02079,-87.89643,0.0,236.3,40.0,ATLANTIC HURON,IMO8025680,VCQN,70,0,224,23,9.5,70,A
316206000,2022-01-01T00:15:07,43.02075,-87.89647,0.0,144.5,40.0,ATLANTIC HURON,IMO8025680,VCQN,70,0,224,23,9.5,70,A
316206000,2022-01-01T00:12:48,43.02078,-87.89644,0.1,217.5,40.0,ATLANTIC HURON,IMO8025680,VCQN,70,0,224,23,9.5,70,A
316206000,2022-01-01T00:18:38,43.02076,-87.89647,0.0,208.0,40.0,ATLANTIC HURON,IMO8025680,VCQN,70,0,224,23,9.5,70,A
316206000,2022-01-01T00:16:18,43.02075,-87.89647,0.0,4.9,40.0,ATLANTIC HURON,IMO8025680,VCQN,70,0,224,23,9.5,70,A
316206000,2022-01-01T00:19:47,43.02075,-87.89647,0.0,260.7,40.0,ATLANTIC HURON,IMO8025680,VCQN,70,0,224,23,9.5,70,A
316206000,2022-01-01T00:20:57,43.02075,-87.89647,0.0,274.9,40.0,ATLANTIC HURON,IMO8025680,VCQN,70,0,224,23,9.5,70,A
316206000,2022-01-01T00:24:28,43.02076,-87.89647,0.0,260.5,40.0,ATLANTIC HURON,IMO8025680,VCQN,70,0,224,23,9.5,70,A
316206000,2022-01-01T00:17:27,43.02075,-87.89647,0.0,202.2,40.0,ATLANTIC HURON,IMO8025680,VCQN,70,0,224,23,9.5,70,A
316206000,2022-01-01T00:23:17,43.02075,-87.89647,0.0,54.5,40.0,ATLANTIC HURON,IMO8025680,VCQN,70,0,224,23,9.5,70,A
316206000,2022-01-01T00:22:08,43.02076,-87.89647,0.0,154.3,40.0,ATLANTIC HURON,IMO8025680,VCQN,70,0,224,23,9.5,70,A
316206000,2022-01-01T00:29:08,43.02075,-87.89648,0.0,208.7,40.0,ATLANTIC HURON,IMO8025680,VCQN,70,0,224,23,9.5,70,A
316206000,2022-01-01T00:26:49,43.02075,-87.89647,0.0,268.2,40.0,ATLANTIC HURON,IMO8025680,VCQN,70,0,224,23,9.5,70,A
316206000,2022-01-01T00:27:58,43.02075,-87.89647,0.0,220.1,40.0,ATLANTIC HURON,IMO8025680,VCQN,70,0,224,23,9.5,70,A
316206000,2022-01-01T00:32:38,43.02075,-87.89648,0.0,160.8,40.0,ATLANTIC HURON,IMO8025680,VCQN,70,0,224,23,9.5,70,A
316206000,2022-01-01T00:31:27,43.02075,-87.89648,0.0,202.7,40.0,ATLANTIC HURON,IMO8025680,VCQN,70,0,224,23,9.5,70,A
316206000,2022-01-01T00:30:18,43.02075,-87.89648,0.0,21.3,40.0,ATLANTIC HURON,IMO8025680,VCQN,70,0,224,23,9.5,70,A
316206000,2022-01-01T00:33:47,43.02075,-87.89648,0.0,167.7,40.0,ATLANTIC HURON,IMO8025680,VCQN,70,0,224,23,9.5,70,A
316206000,2022-01-01T00:36:07,43.02075,-87.89648,0.0,224.5,40.0,ATLANTIC HURON,IMO8025680,VCQN,70,0,224,23,9.5,70,A
316206000,2022-01-01T00:37:09,43.02075,-87.89648,0.0,123.5,40.0,ATLANTIC HURON,IMO8025680,VCQN,70,0,224,23,9.5,70,A
316206000,2022-01-01T00:38:17,43.02075,-87.89648,0.0,34.1,40.0,ATLANTIC HURON,IMO8025680,VCQN,70,0,224,23,9.5,70,A
316206000,2022-01-01T00:25:39,43.02075,-87.89647,0.0,192.9,40.0,ATLANTIC HURON,IMO8025680,VCQN,70,0,224,23,9.5,70,A
316206000,2022-01-01T00:39:18,43.02075,-87.89648,0.0,191.3,40.0,ATLANTIC HURON,IMO8025680,VCQN,70,0,224,23,9.5,70,A
316206000,2022-01-01T00:42:47,43.02075,-87.89648,0.0,102.1,40.0,ATLANTIC HURON,IMO8025680,VCQN,70,0,224,23,9.5,70,A
316206000,2022-01-01T00:43:58,43.02075,-87.89648,0.0,88.2,40.0,ATLANTIC HURON,IMO8025680,VCQN,70,0,224,23,9.5,70,A
316206000,2022-01-01T00:41:38,43.02075,-87.89648,0.0,333.8,40.0,ATLANTIC HURON,IMO8025680,VCQN,70,0,224,23,9.5,70,A
316206000,2022-01-01T00:45:08,43.02076,-87.89648,0.0,185.0,40.0,ATLANTIC HURON,IMO8025680,VCQN,70,0,224,23,9.5,70,A
316206000,2022-01-01T00:46:17,43.02076,-87.89648,0.0,166.5,40.0,ATLANTIC HURON,IMO8025680,VCQN,70,0,224,23,9.5,70,A
316206000,2022-01-01T00:49:58,43.02076,-87.89648,0.0,98.5,40.0,ATLANTIC HURON,IMO8025680,VCQN,70,0,224,23,9.5,70,A
316206000,2022-01-01T00:53:27,43.02076,-87.89647,0.0,272.7,40.0,ATLANTIC HURON,IMO8025680,VCQN,70,0,224,23,9.5,70,A
316206000,2022-01-01T00:52:19,43.02076,-87.89647,0.0,276.2,40.0,ATLANTIC HURON,IMO8025680,VCQN,70,0,224,23,9.5,70,A
316206000,2022-01-01T00:47:38,43.02076,-87.89648,0.0,76.9,40.0,ATLANTIC HURON,IMO8025680,VCQN,70,0,224,23,9.5,70,A
316206000,2022-01-01T00:56:57,43.02076,-87.89648,0.0,233.2,40.0,ATLANTIC HURON,IMO8025680,VCQN,70,0,224,23,9.5,70,A
316206000,2022-01-01T00:59:18,43.02076,-87.89647,0.0,151.2,40.0,ATLANTIC HURON,IMO8025680,VCQN,70,0,224,23,9.5,70,A
316206000,2022-01-01T00:55:48,43.02076,-87.89647,0.0,197.5,40.0,ATLANTIC HURON,IMO8025680,VCQN,70,0,224,23,9.5,70,A
316206000,2022-01-01T00:58:07,43.02076,-87.89647,0.0,205.1,40.0,ATLANTIC HURON,IMO8025680,VCQN,70,0,224,23,9.5,70,A
316206000,2022-01-01T01:05:48,43.02076,-87.89647,0.0,75.2,40.0,ATLANTIC HURON,IMO8025680,VCQN,70,0,224,23,9.5,70,A
316206000,2022-01-01T00:54:38,43.02076,-87.89647,0.0,136.4,40.0,ATLANTIC HURON,IMO8025680,VCQN,70,0,224,23,9.5,70,A
316206000,2022-01-01T00:34:57,43.02075,-87.89648,0.0,202.1,40.0,ATLANTIC HURON,IMO8025680,VCQN,70,0,224,23,9.5,70,A
316206000,2022-01-01T01:00:07,43.02076,-87.89647,0.0,231.0,40.0,ATLANTIC HURON,IMO8025680,VCQN,70,0,224,23,9.5,70,A
316206000,2022-01-01T01:01:18,43.02076,-87.89647,0.0,74.6,40.0,ATLANTIC HURON,IMO8025680,VCQN,70,0,224,23,9.5,70,A
316206000,2022-01-01T01:04:39,43.02076,-87.89647,0.0,109.1,40.0,ATLANTIC HURON,IMO8025680,VCQN,70,0,224,23,9.5,70,A
316206000,2022-01-01T01:08:08,43.02076,-87.89647,0.0,263.0,40.0,ATLANTIC HURON,IMO8025680,VCQN,70,0,224,23,9.5,70,A
316206000,2022-01-01T01:11:38,43.02076,-87.89647,0.0,117.2,40.0,ATLANTIC HURON,IMO8025680,VCQN,70,0,224,23,9.5,70,A
316206000,2022-01-01T01:13:58,43.02076,-87.89647,0.0,241.5,40.0,ATLANTIC HURON,IMO8025680,VCQN,70,0,224,23,9.5,70,A
316206000,2022-01-01T01:15:08,43.02076,-87.89647,0.0,100.0,40.0,ATLANTIC HURON,IMO8025680,VCQN,70,0,224,23,9.5,70,A
316206000,2022-01-01T01:02:28,43.02076,-87.89647,0.0,355.7,40.0,ATLANTIC HURON,IMO8025680,VCQN,70,0,224,23,9.5,70,A
316206000,2022-01-01T00:40:28,43.02075,-87.89648,0.0,125.7,40.0,ATLANTIC HURON,IMO8025680,VCQN,70,0,224,23,9.5,70,A
316206000,2022-01-01T01:03:37,43.02076,-87.89647,0.0,286.8,40.0,ATLANTIC HURON,IMO8025680,VCQN,70,0,224,23,9.5,70,A
316206000,2022-01-01T01:18:39,43.02076,-87.89647,0.0,124.3,40.0,ATLANTIC HURON,IMO8025680,VCQN,70,0,224,23,9.5,70,A
316206000,2022-01-01T01:23:17,43.02076,-87.89647,0.0,292.2,40.0,ATLANTIC HURON,IMO8025680,VCQN,70,0,224,23,9.5,70,A
316206000,2022-01-01T01:17:27,43.02076,-87.89647,0.0,65.4,40.0,ATLANTIC HURON,IMO8025680,VCQN,70,0,224,23,9.5,70,A
316206000,2022-01-01T00:48:48,43.02076,-87.89648,0.0,234.6,40.0,ATLANTIC HURON,IMO8025680,VCQN,70,0,224,23,9.5,70,A
316206000,2022-01-01T01:29:07,43.02076,-87.89647,0.0,122.0,40.0,ATLANTIC HURON,IMO8025680,VCQN,70,0,224,23,9.5,70,A
316206000,2022-01-01T01:26:57,43.02075,-87.89647,0.0,119.6,40.0,ATLANTIC HURON,IMO8025680,VCQN,70,0,224,23,9.5,70,A
316206000,2022-01-01T01:24:27,43.02076,-87.89648,0.0,292.9,40.0,ATLANTIC HURON,IMO8025680,VCQN,70,0,224,23,9.5,70,A
316206000,2022-01-01T01:25:37,43.02076,-87.89647,0.0,284.4,40.0,ATLANTIC HURON,IMO8025680,VCQN,70,0,224,23,9.5,70,A
316206000,2022-01-01T01:20:57,43.02076,-87.89647,0.0,124.0,40.0,ATLANTIC HURON,IMO8025680,VCQN,70,0,224,23,9.5,70,A
316206000,2022-01-01T01:37:08,43.02076,-87.89647,0.0,1.2,40.0,ATLANTIC HURON,IMO8025680,VCQN,70,0,224,23,9.5,70,A
316206000,2022-01-01T00:51:08,43.02076,-87.89647,0.0,9.0,40.0,ATLANTIC HURON,IMO8025680,VCQN,70,0,224,23,9.5,70,A
316206000,2022-01-01T01:34:47,43.02076,-87.89647,0.0,38.2,40.0,ATLANTIC HURON,IMO8025680,VCQN,70,0,224,23,9.5,70,A
316206000,2022-01-01T01:33:38,43.02076,-87.89647,0.0,93.3,40.0,ATLANTIC HURON,IMO8025680,VCQN,70,0,224,23,9.5,70,A
316206000,2022-01-01T01:30:17,43.02076,-87.89648,0.0,166.2,40.0,ATLANTIC HURON,IMO8025680,VCQN,70,0,224,23,9.5,70,A
316206000,2022-01-01T01:39:27,43.02076,-87.89648,0.0,240.4,40.0,ATLANTIC HURON,IMO8025680,VCQN,70,0,224,23,9.5,70,A
316206000,2022-01-01T01:32:28,43.02076,-87.89648,0.0,319.2,40.0,ATLANTIC HURON,IMO8025680,VCQN,70,0,224,23,9.5,70,A
316206000,2022-01-01T01:27:58,43.02075,-87.89647,0.0,241.4,40.0,ATLANTIC HURON,IMO8025680,VCQN,70,0,224,23,9.5,70,A
316206000,2022-01-01T01:40:37,43.02076,-87.89648,0.0,124.7,40.0,ATLANTIC HURON,IMO8025680,VCQN,70,0,224,23,9.5,70,A
316206000,2022-01-01T01:46:27,43.02076,-87.89648,0.0,61.1,40.0,ATLANTIC HURON,IMO8025680,VCQN,70,0,224,23,9.5,70,A
316206000,2022-01-01T01:45:17,43.02076,-87.89648,0.0,52.7,40.0,ATLANTIC HURON,IMO8025680,VCQN,70,0,224,23,9.5,70,A
316206000,2022-01-01T01:38:19,43.02076,-87.89647,0.0,61.8,40.0,ATLANTIC HURON,IMO8025680,VCQN,70,0,224,23,9.5,70,A
316206000,2022-01-01T01:49:58,43.02076,-87.89648,0.0,272.6,40.0,ATLANTIC HURON,IMO8025680,VCQN,70,0,224,23,9.5,70,A
316206000,2022-01-01T01:47:38,43.02076,-87.89648,0.0,284.4,40.0,ATLANTIC HURON,IMO8025680,VCQN,70,0,224,23,9.5,70,A
316206000,2022-01-01T01:42:57,43.02076,-87.89648,0.0,88.3,40.0,ATLANTIC HURON,IMO8025680,VCQN,70,0,224,23,9.5,70,A
316206000,2022-01-01T01:48:48,43.02076,-87.89648,0.0,176.7,40.0,ATLANTIC HURON,IMO8025680,VCQN,70,0,224,23,9.5,70,A
316206000,2022-01-01T01:44:07,43.02076,-87.89648,0.0,108.7,40.0,ATLANTIC HURON,IMO8025680,VCQN,70,0,224,23,9.5,70,A
316206000,2022-01-01T01:52:07,43.02076,-87.89648,0.0,40.3,40.0,ATLANTIC HURON,IMO8025680,VCQN,70,0,224,23,9.5,70,A
316206000,2022-01-01T02:00:07,43.02074,-87.89648,0.0,120.5,40.0,ATLANTIC HURON,IMO8025680,VCQN,70,0,224,23,9.5,70,A
316206000,2022-01-01T01:55:29,43.02076,-87.89648,0.0,232.5,40.0,ATLANTIC HURON,IMO8025680,VCQN,70,0,224,23,9.5,70,A
316206000,2022-01-01T01:56:38,43.02076,-87.89648,0.1,294.7,40.0,ATLANTIC HURON,IMO8025680,VCQN,70,0,224,23,9.5,70,A
316206000,2022-01-01T01:54:28,43.02076,-87.89648,0.0,64.1,40.0,ATLANTIC HURON,IMO8025680,VCQN,70,0,224,23,9.5,70,A
316206000,2022-01-01T01:53:18,43.02076,-87.89648,0.0,347.4,40.0,ATLANTIC HURON,IMO8025680,VCQN,70,0,224,23,9.5,70,A
316206000,2022-01-01T01:58:58,43.02076,-87.89648,0.0,209.6,40.0,ATLANTIC HURON,IMO8025680,VCQN,70,0,224,23,9.5,70,A
316206000,2022-01-01T02:03:37,43.02115,-87.89567,1.9,55.1,45.0,ATLANTIC HURON,IMO8025680,VCQN,70,0,224,23,9.5,70,A
316206000,2022-01-01T01:06:57,43.02076,-87.89647,0.0,250.1,40.0,ATLANTIC HURON,IMO8025680,VCQN,70,0,224,23,9.5,70,A
316206000,2022-01-01T01:50:59,43.02076,-87.89648,0.0,131.2,40.0,ATLANTIC HURON,IMO8025680,VCQN,70,0,224,23,9.5,70,A
316206000,2022-01-01T02:08:18,43.02448,-87.88965,5.9,65.3,69.0,ATLANTIC HURON,IMO8025680,VCQN,70,0,224,23,9.5,70,A
316206000,2022-01-01T02:05:57,43.02268,-87.89361,4.4,53.8,57.0,ATLANTIC HURON,IMO8025680,VCQN,70,0,224,23,9.5,70,A
316206000,2022-01-01T01:57:47,43.02076,-87.89647,0.1,116.2,39.0,ATLANTIC HURON,IMO8025680,VCQN,70,0,224,23,9.5,70,A
316206000,2022-01-01T02:04:48,43.02174,-87.89476,3.3,47.4,44.0,ATLANTIC HURON,IMO8025680,VCQN,70,0,224,23,9.5,70,A
316206000,2022-01-01T02:02:27,43.02085,-87.89620,1.1,57.8,44.0,ATLANTIC HURON,IMO8025680,VCQN,70,0,224,23,9.5,70,A
316206000,2022-01-01T02:07:08,43.02352,-87.89180,5.2,57.0,58.0,ATLANTIC HURON,IMO8025680,VCQN,70,0,224,23,9.5,70,A
316206000,2022-01-01T02:15:08,43.02611,-87.86926,9.3,91.4,87.0,ATLANTIC HURON,IMO8025680,VCQN,70,0,224,23,9.5,70,A
316206000,2022-01-01T02:09:28,43.02513,-87.88703,6.7,73.4,71.0,ATLANTIC HURON,IMO8025680,VCQN,70,0,224,23,9.5,70,A
316206000,2022-01-01T02:17:37,43.02614,-87.86035,9.5,89.6,87.0,ATLANTIC HURON,IMO8025680,VCQN,70,0,224,23,9.5,70,A
316206000,2022-01-01T02:16:17,43.02610,-87.86523,9.5,89.8,86.0,ATLANTIC HURON,IMO8025680,VCQN,70,0,224,23,9.5,70,A
316206000,2022-01-01T01:09:17,43.02076,-87.89647,0.0,227.9,40.0,ATLANTIC HURON,IMO8025680,VCQN,70,0,224,23,9.5,70,A
316206000,2022-01-01T02:12:48,43.02638,-87.87735,8.7,91.4,89.0,ATLANTIC HURON,IMO8025680,VCQN,70,0,224,23,9.5,70,A
316206000,2022-01-01T01:10:27,43.02076,-87.89647,0.0,200.6,40.0,ATLANTIC HURON,IMO8025680,VCQN,70,0,224,23,9.5,70,A
316206000,2022-01-01T02:20:08,43.02612,-87.85116,9.7,90.3,87.0,ATLANTIC HURON,IMO8025680,VCQN,70,0,224,23,9.5,70,A
316206000,2022-01-01T01:12:48,43.02076,-87.89647,0.0,187.6,40.0,ATLANTIC HURON,IMO8025680,VCQN,70,0,224,23,9.5,70,A
316206000,2022-01-01T02:18:58,43.02613,-87.85543,9.6,89.9,86.0,ATLANTIC HURON,IMO8025680,VCQN,70,0,224,23,9.5,70,A
316206000,2022-01-01T02:10:37,43.02579,-87.88402,7.6,74.1,75.0,ATLANTIC HURON,IMO8025680,VCQN,70,0,224,23,9.5,70,A
316206000,2022-01-01T02:11:39,43.02627,-87.88103,8.1,82.4,83.0,ATLANTIC HURON,IMO8025680,VCQN,70,0,224,23,9.5,70,A
316206000,2022-01-01T02:26:58,43.03062,-87.83052,8.4,36.5,34.0,ATLANTIC HURON,IMO8025680,VCQN,70,0,224,23,9.5,70,A
316206000,2022-01-01T02:28:08,43.03291,-87.82825,8.7,35.3,33.0,ATLANTIC HURON,IMO8025680,VCQN,70,0,224,23,9.5,70,A
316206000,2022-01-01T02:22:28,43.02609,-87.84261,9.5,92.8,86.0,ATLANTIC HURON,IMO8025680,VCQN,70,0,224,23,9.5,70,A
316206000,2022-01-01T02:30:27,43.03764,-87.82371,9.1,35.2,33.0,ATLANTIC HURON,IMO8025680,VCQN,70,0,224,23,9.5,70,A
316206000,2022-01-01T02:32:47,43.04248,-87.81915,9.0,34.7,32.0,ATLANTIC HURON,IMO8025680,VCQN,70,0,224,23,9.5,70,A
316206000,2022-01-01T02:21:17,43.02611,-87.84695,9.7,91.7,86.0,ATLANTIC HURON,IMO8025680,VCQN,70,0,224,23,9.5,70,A
316206000,2022-01-01T01:16:18,43.02076,-87.89647,0.0,334.4,40.0,ATLANTIC HURON,IMO8025680,VCQN,70,0,224,23,9.5,70,A
316206000,2022-01-01T02:35:08,43.04740,-87.81454,9.1,32.8,33.0,ATLANTIC HURON,IMO8025680,VCQN,70,0,224,23,9.5,70,A
316206000,2022-01-01T02:37:28,43.05231,-87.80993,9.1,34.5,32.0,ATLANTIC HURON,IMO8025680,VCQN,70,0,224,23,9.5,70,A
316206000,2022-01-01T02:24:44,43.02693,-87.83500,8.2,61.0,44.0,ATLANTIC HURON,IMO8025680,VCQN,70,0,224,23,9.5,70,A
316206000,2022-01-01T02:29:18,43.03527,-87.82596,9.0,35.7,33.0,ATLANTIC HURON,IMO8025680,VCQN,70,0,224,23,9.5,70,A
316206000,2022-01-01T02:25:48,43.02849,-87.83268,7.9,38.0,33.0,ATLANTIC HURON,IMO8025680,VCQN,70,0,224,23,9.5,70,A
316206000,2022-01-01T02:41:57,43.06163,-87.80119,8.6,35.4,33.0,ATLANTIC HURON,IMO8025680,VCQN,70,0,224,23,9.5,70,A
316206000,2022-01-01T02:39:38,43.05688,-87.80564,9.2,34.3,33.0,ATLANTIC HURON,IMO8025680,VCQN,70,0,224,23,9.5,70,A
316206000,2022-01-01T02:31:38,43.04007,-87.82141,9.2,34.1,32.0,ATLANTIC HURON,IMO8025680,VCQN,70,0,224,23,9.5,70,A
316206000,2022-01-01T02:44:17,43.06617,-87.79686,8.3,34.1,32.0,ATLANTIC HURON,IMO8025680,VCQN,70,0,224,23,9.5,70,A
316206000,2022-01-01T02:40:47,43.05927,-87.80340,8.9,34.3,33.0,ATLANTIC HURON,IMO8025680,VCQN,70,0,224,23,9.5,70,A
316206000,2022-01-01T02:43:07,43.06388,-87.79904,8.5,35.8,33.0,ATLANTIC HURON,IMO8025680,VCQN,70,0,224,23,9.5,70,A
316206000,2022-01-01T01:19:48,43.02076,-87.89647,0.0,126.7,40.0,ATLANTIC HURON,IMO8025680,VCQN,70,0,224,23,9.5,70,A
316206000,2022-01-01T01:22:07,43.02076,-87.89647,0.0,240.2,40.0,ATLANTIC HURON,IMO8025680,VCQN,70,0,224,23,9.5,70,A
316206000,2022-01-01T02:48:58,43.07503,-87.78846,8.2,35.2,33.0,ATLANTIC HURON,IMO8025680,VCQN,70,0,224,23,9.5,70,A
316206000,2022-01-01T02:53:27,43.08343,-87.78043,8.2,35.2,33.0,ATLANTIC HURON,IMO8025680,VCQN,70,0,224,23,9.5,70,A
316206000,2022-01-01T02:59:17,43.09424,-87.76992,8.1,35.3,33.0,ATLANTIC HURON,IMO8025680,VCQN,70,0,224,23,9.5,70,A
316206000,2022-01-01T03:00:07,43.09580,-87.76841,8.3,35.6,32.0,ATLANTIC HURON,IMO8025680,VCQN,70,0,224,23,9.5,70,A
316206000,2022-01-01T02:50:07,43.07718,-87.78641,8.2,35.4,33.0,ATLANTIC HURON,IMO8025680,VCQN,70,0,224,23,9.5,70,A
316206000,2022-01-01T03:07:08,43.10902,-87.75615,8.0,33.0,31.0,ATLANTIC HURON,IMO8025680,VCQN,70,0,224,23,9.5,70,A
316206000,2022-01-01T02:47:47,43.07283,-87.79057,8.2,34.8,33.0,ATLANTIC HURON,IMO8025680,VCQN,70,0,224,23,9.5,70,A
316206000,2022-01-01T03:01:17,43.09798,-87.76631,8.0,35.8,33.0,ATLANTIC HURON,IMO8025680,VCQN,70,0,224,23,9.5,70,A
316206000,2022-01-01T01:31:19,43.02076,-87.89648,0.0,188.7,40.0,ATLANTIC HURON,IMO8025680,VCQN,70,0,224,23,9.5,70,A
316206000,2022-01-01T02:58:07,43.09208,-87.77204,8.2,35.1,33.0,ATLANTIC HURON,IMO8025680,VCQN,70,0,224,23,9.5,70,A
316206000,2022-01-01T03:15:08,43.12425,-87.74274,8.1,31.8,30.0,ATLANTIC HURON,IMO8025680,VCQN,70,0,224,23,9.5,70,A
316206000,2022-01-01T02:52:17,43.08124,-87.78254,8.3,35.4,33.0,ATLANTIC HURON,IMO8025680,VCQN,70,0,224,23,9.5,70,A
316206000,2022-01-01T03:02:28,43.10021,-87.76415,8.2,36.3,32.0,ATLANTIC HURON,IMO8025680,VCQN,70,0,224,23,9.5,70,A
316206000,2022-01-01T01:35:48,43.02076,-87.89647,0.0,182.0,40.0,ATLANTIC HURON,IMO8025680,VCQN,70,0,224,23,9.5,70,A
316206000,2022-01-01T03:10:27,43.11530,-87.75057,8.1,32.7,31.0,ATLANTIC HURON,IMO8025680,VCQN,70,0,224,23,9.5,70,A
316206000,2022-01-01T03:11:38,43.11756,-87.74860,8.1,32.8,31.0,ATLANTIC HURON,IMO8025680,VCQN,70,0,224,23,9.5,70,A
316206000,2022-01-01T02:54:38,43.08560,-87.77833,8.3,35.0,33.0,ATLANTIC HURON,IMO8025680,VCQN,70,0,224,23,9.5,70,A
316206000,2022-01-01T03:18:37,43.13103,-87.73677,8.3,33.3,31.0,ATLANTIC HURON,IMO8025680,VCQN,70,0,224,23,9.5,70,A
316206000,2022-01-01T02:56:58,43.08997,-87.77407,8.1,35.2,33.0,ATLANTIC HURON,IMO8025680,VCQN,70,0,224,23,9.5,70,A
316206000,2022-01-01T02:55:48,43.08781,-87.77619,8.1,35.0,33.0,ATLANTIC HURON,IMO8025680,VCQN,70,0,224,23,9.5,70,A
316206000,2022-01-01T03:20:57,43.13552,-87.73278,8.3,31.4,30.0,ATLANTIC HURON,IMO8025680,VCQN,70,0,224,23,9.5,70,A
316206000,2022-01-01T03:08:17,43.11120,-87.75421,8.1,33.3,31.0,ATLANTIC HURON,IMO8025680,VCQN,70,0,224,23,9.5,70,A
316206000,2022-01-01T03:17:28,43.12880,-87.73876,8.2,33.5,31.0,ATLANTIC HURON,IMO8025680,VCQN,70,0,224,23,9.5,70,A
316206000,2022-01-01T03:12:48,43.11976,-87.74668,8.2,32.8,31.0,ATLANTIC HURON,IMO8025680,VCQN,70,0,224,23,9.5,70,A
316206000,2022-01-01T03:24:27,43.14219,-87.72692,8.2,33.3,31.0,ATLANTIC HURON,IMO8025680,VCQN,70,0,224,23,9.5,70,A
316206000,2022-01-01T03:13:58,43.12203,-87.74470,8.3,32.7,31.0,ATLANTIC HURON,IMO8025680,VCQN,70,0,224,23,9.5,70,A
316206000,2022-01-01T03:23:18,43.13999,-87.72885,8.2,32.5,30.0,ATLANTIC HURON,IMO8025680,VCQN,70,0,224,23,9.5,70,A
316206000,2022-01-01T03:09:18,43.11309,-87.75253,8.2,32.5,30.0,ATLANTIC HURON,IMO8025680,VCQN,70,0,224,23,9.5,70,A
316206000,2022-01-01T01:41:48,43.02076,-87.89648,0.0,169.6,40.0,ATLANTIC HURON,IMO8025680,VCQN,70,0,224,23,9.5,70,A
316206000,2022-01-01T03:26:47,43.14666,-87.72297,8.1,32.7,31.0,ATLANTIC HURON,IMO8025680,VCQN,70,0,224,23,9.5,70,A
316206000,2022-01-01T03:32:39,43.15786,-87.71317,8.1,33.3,32.0,ATLANTIC HURON,IMO8025680,VCQN,70,0,224,23,9.5,70,A
316206000,2022-01-01T03:36:08,43.16440,-87.70701,8.1,35.2,33.0,ATLANTIC HURON,IMO8025680,VCQN,70,0,224,23,9.5,70,A
316206000,2022-01-01T03:27:57,43.14887,-87.72100,8.1,32.1,31.0,ATLANTIC HURON,IMO8025680,VCQN,70,0,224,23,9.5,70,A
316206000,2022-01-01T03:29:08,43.15109,-87.71904,8.1,33.2,30.0,ATLANTIC HURON,IMO8025680,VCQN,70,0,224,23,9.5,70,A
316206000,2022-01-01T03:19:48,43.13328,-87.73475,8.2,32.8,30.0,ATLANTIC HURON,IMO8025680,VCQN,70,0,224,23,9.5,70,A
316206000,2022-01-01T03:30:17,43.15331,-87.71713,8.1,32.4,30.0,ATLANTIC HURON,IMO8025680,VCQN,70,0,224,23,9.5,70,A
316206000,2022-01-01T03:37:28,43.16686,-87.70463,8.1,35.9,33.0,ATLANTIC HURON,IMO8025680,VCQN,70,0,224,23,9.5,70,A
316206000,2022-01-01T03:34:59,43.16224,-87.70908,8.0,35.2,33.0,ATLANTIC HURON,IMO8025680,VCQN,70,0,224,23,9.5,70,A
316206000,2022-01-01T03:22:08,43.13779,-87.73079,8.1,33.3,31.0,ATLANTIC HURON,IMO8025680,VCQN,70,0,224,23,9.5,70,A
316206000,2022-01-01T03:45:38,43.18212,-87.69012,8.5,33.7,31.0,ATLANTIC HURON,IMO8025680,VCQN,70,0,224,23,9.5,70,A
316206000,2022-01-01T03:42:09,43.17545,-87.69631,8.2,33.9,32.0,ATLANTIC HURON,IMO8025680,VCQN,70,0,224,23,9.5,70,A
316206000,2022-01-01T03:50:09,43.19111,-87.68193,8.7,33.9,31.0,ATLANTIC HURON,IMO8025680,VCQN,70,0,224,23,9.5,70,A
316206000,2022-01-01T03:43:18,43.17764,-87.69426,8.3,33.4,32.0,ATLANTIC HURON,IMO8025680,VCQN,70,0,224,23,9.5,70,A
316206000,2022-01-01T03:52:28,43.19578,-87.67772,8.8,32.6,32.0,ATLANTIC HURON,IMO8025680,VCQN,70,0,224,23,9.5,70,A
316206000,2022-01-01T03:54:49,43.20051,-87.67345,8.6,33.5,32.0,ATLANTIC HURON,IMO8025680,VCQN,70,0,224,23,9.5,70,A
316206000,2022-01-01T03:31:27,43.15559,-87.71517,8.3,30.5,31.0,ATLANTIC HURON,IMO8025680,VCQN,70,0,224,23,9.5,70,A
316206000,2022-01-01T03:46:48,43.18448,-87.68800,8.4,33.7,31.0,ATLANTIC HURON,IMO8025680,VCQN,70,0,224,23,9.5,70,A
316206000,2022-01-01T03:51:18,43.19346,-87.67981,8.6,34.2,31.0,ATLANTIC HURON,IMO8025680,VCQN,70,0,224,23,9.5,70,A
316206000,2022-01-01T03:53:37,43.19813,-87.67560,8.6,33.2,32.0,ATLANTIC HURON,IMO8025680,VCQN,70,0,224,23,9.5,70,A
316206000,2022-01-01T03:47:57,43.18676,-87.68592,8.6,33.7,32.0,ATLANTIC HURON,IMO8025680,VCQN,70,0,224,23,9.5,70,A
316206000,2022-01-01T03:44:28,43.17987,-87.69219,8.3,33.9,32.0,ATLANTIC HURON,IMO8025680,VCQN,70,0,224,23,9.5,70,A
316206000,2022-01-01T04:05:47,43.22237,-87.65337,8.6,34.1,32.0,ATLANTIC HURON,IMO8025680,VCQN,70,0,224,23,9.5,70,A
316206000,2022-01-01T02:01:09,43.02076,-87.89646,0.2,59.8,43.0,ATLANTIC HURON,IMO8025680,VCQN,70,0,224,23,9.5,70,A
316206000,2022-01-01T03:59:18,43.20947,-87.66519,8.6,33.3,32.0,ATLANTIC HURON,IMO8025680,VCQN,70,0,224,23,9.5,70,A
316206000,2022-01-01T04:00:07,43.21110,-87.66370,8.7,34.1,31.0,ATLANTIC HURON,IMO8025680,VCQN,70,0,224,23,9.5,70,A
316206000,2022-01-01T04:01:18,43.21345,-87.66152,8.6,33.8,31.0,ATLANTIC HURON,IMO8025680,VCQN,70,0,224,23,9.5,70,A
316206000,2022-01-01T04:15:07,43.24102,-87.63610,8.6,34.0,32.0,ATLANTIC HURON,IMO8025680,VCQN,70,0,224,23,9.5,70,A
316206000,2022-01-01T03:56:58,43.20481,-87.66947,8.6,33.9,32.0,ATLANTIC HURON,IMO8025680,VCQN,70,0,224,23,9.5,70,A
316206000,2022-01-01T04:09:18,43.22935,-87.64695,8.7,34.7,32.0,ATLANTIC HURON,IMO8025680,VCQN,70,0,224,23,9.5,70,A
316206000,2022-01-01T03:58:07,43.20707,-87.66739,8.6,34.3,32.0,ATLANTIC HURON,IMO8025680,VCQN,70,0,224,23,9.5,70,A
316206000,2022-01-01T04:10:28,43.23173,-87.64476,8.7,34.4,32.0,ATLANTIC HURON,IMO8025680,VCQN,70,0,224,23,9.5,70,A
316206000,2022-01-01T04:11:37,43.23399,-87.64265,8.6,34.6,32.0,ATLANTIC HURON,IMO8025680,VCQN,70,0,224,23,9.5,70,A
316206000,2022-01-01T04:12:48,43.23636,-87.64045,8.7,34.7,32.0,ATLANTIC HURON,IMO8025680,VCQN,70,0,224,23,9.5,70,A
316206000,2022-01-01T04:18:28,43.24772,-87.62986,8.7,34.3,32.0,ATLANTIC HURON,IMO8025680,VCQN,70,0,224,23,9.5,70,A
316206000,2022-01-01T04:25:19,43.26120,-87.61685,8.5,34.9,32.0,ATLANTIC HURON,IMO8025680,VCQN,70,0,224,23,9.5,70,A
316206000,2022-01-01T04:17:19,43.24539,-87.63204,8.6,34.6,32.0,ATLANTIC HURON,IMO8025680,VCQN,70,0,224,23,9.5,70,A
316206000,2022-01-01T04:08:09,43.22704,-87.64906,8.5,34.2,32.0,ATLANTIC HURON,IMO8025680,VCQN,70,0,224,23,9.5,70,A
316206000,2022-01-01T04:03:37,43.21802,-87.65734,8.7,34.6,32.0,ATLANTIC HURON,IMO8025680,VCQN,70,0,224,23,9.5,70,A
316206000,2022-01-01T04:04:38,43.22007,-87.65545,8.6,33.3,32.0,ATLANTIC HURON,IMO8025680,VCQN,70,0,224,23,9.5,70,A
316206000,2022-01-01T04:21:49,43.25432,-87.62351,8.5,35.5,32.0,ATLANTIC HURON,IMO8025680,VCQN,70,0,224,23,9.5,70,A
316206000,2022-01-01T04:26:27,43.26344,-87.61473,8.6,35.1,31.0,ATLANTIC HURON,IMO8025680,VCQN,70,0,224,23,9.5,70,A
316206000,2022-01-01T04:22:58,43.25661,-87.62128,8.6,35.2,32.0,ATLANTIC HURON,IMO8025680,VCQN,70,0,224,23,9.5,70,A
316206000,2022-01-01T02:13:58,43.02626,-87.87335,9.0,92.0,89.0,ATLANTIC HURON,IMO8025680,VCQN,70,0,224,23,9.5,70,A
316206000,2022-01-01T04:24:07,43.25884,-87.61912,8.6,34.9,32.0,ATLANTIC HURON,IMO8025680,VCQN,70,0,224,23,9.5,70,A
316206000,2022-01-01T04:35:38,43.28178,-87.59800,8.5,31.7,30.0,ATLANTIC HURON,IMO8025680,VCQN,70,0,224,23,9.5,70,A
316206000,2022-01-01T04:37:59,43.28646,-87.59385,8.4,34.2,31.0,ATLANTIC HURON,IMO8025680,VCQN,70,0,224,23,9.5,70,A
316206000,2022-01-01T04:13:58,43.23869,-87.63827,8.7,35.3,32.0,ATLANTIC HURON,IMO8025680,VCQN,70,0,224,23,9.5,70,A
316206000,2022-01-01T04:28:48,43.26811,-87.61034,8.5,34.2,31.0,ATLANTIC HURON,IMO8025680,VCQN,70,0,224,23,9.5,70,A
316206000,2022-01-01T04:29:57,43.27040,-87.60824,8.6,33.4,31.0,ATLANTIC HURON,IMO8025680,VCQN,70,0,224,23,9.5,70,A
316206000,2022-01-01T04:19:38,43.25004,-87.62765,8.7,35.2,32.0,ATLANTIC HURON,IMO8025680,VCQN,70,0,224,23,9.5,70,A
316206000,2022-01-01T04:20:48,43.25235,-87.62542,8.5,35.9,32.0,ATLANTIC HURON,IMO8025680,VCQN,70,0,224,23,9.5,70,A
316206000,2022-01-01T04:33:19,43.27709,-87.60215,8.6,33.7,30.0,ATLANTIC HURON,IMO8025680,VCQN,70,0,224,23,9.5,70,A
316206000,2022-01-01T04:27:37,43.26577,-87.61253,8.6,34.0,31.0,ATLANTIC HURON,IMO8025680,VCQN,70,0,224,23,9.5,70,A
316206000,2022-01-01T04:31:07,43.27270,-87.60615,8.5,33.2,31.0,ATLANTIC HURON,IMO8025680,VCQN,70,0,224,23,9.5,70,A
316206000,2022-01-01T04:51:59,43.31385,-87.56801,8.4,37.1,29.0,ATLANTIC HURON,IMO8025680,VCQN,70,0,224,23,9.5,70,A
316206000,2022-01-01T04:42:37,43.29558,-87.58529,8.5,34.5,31.0,ATLANTIC HURON,IMO8025680,VCQN,70,0,224,23,9.5,70,A
316206000,2022-01-01T04:43:48,43.29788,-87.58308,8.4,34.3,31.0,ATLANTIC HURON,IMO8025680,VCQN,70,0,224,23,9.5,70,A
316206000,2022-01-01T02:23:38,43.02611,-87.83843,9.0,81.9,67.0,ATLANTIC HURON,IMO8025680,VCQN,70,0,224,23,9.5,70,A
316206000,2022-01-01T04:56:27,43.32300,-87.56161,8.3,22.9,22.0,ATLANTIC HURON,IMO8025680,VCQN,70,0,224,23,9.5,70,A
316206000,2022-01-01T04:41:27,43.29333,-87.58744,8.5,34.1,31.0,ATLANTIC HURON,IMO8025680,VCQN,70,0,224,23,9.5,70,A
316206000,2022-01-01T04:47:18,43.30470,-87.57658,8.5,34.8,31.0,ATLANTIC HURON,IMO8025680,VCQN,70,0,224,23,9.5,70,A
316206000,2022-01-01T04:48:28,43.30703,-87.57444,8.5,33.5,31.0,ATLANTIC HURON,IMO8025680,VCQN,70,0,224,23,9.5,70,A
316206000,2022-01-01T04:39:07,43.28871,-87.59180,8.5,33.7,31.0,ATLANTIC HURON,IMO8025680,VCQN,70,0,224,23,9.5,70,A
316206000,2022-01-01T04:36:48,43.28412,-87.59594,8.6,33.0,30.0,ATLANTIC HURON,IMO8025680,VCQN,70,0,224,23,9.5,70,A
316206000,2022-01-01T04:44:57,43.30015,-87.58091,8.6,35.3,32.0,ATLANTIC HURON,IMO8025680,VCQN,70,0,224,23,9.5,70,A
316206000,2022-01-01T04:49:38,43.30931,-87.57230,8.4,35.0,31.0,ATLANTIC HURON,IMO8025680,VCQN,70,0,224,23,9.5,70,A
316206000,2022-01-01T04:46:07,43.30242,-87.57871,8.5,34.3,31.0,ATLANTIC HURON,IMO8025680,VCQN,70,0,224,23,9.5,70,A
316206000,2022-01-01T04:40:17,43.29104,-87.58962,8.5,34.3,31.0,ATLANTIC HURON,IMO8025680,VCQN,70,0,224,23,9.5,70,A
316206000,2022-01-01T04:54:17,43.31849,-87.56448,8.1,25.6,23.0,ATLANTIC HURON,IMO8025680,VCQN,70,0,224,23,9.5,70,A
316206000,2022-01-01T04:57:37,43.32548,-87.56012,8.3,21.8,21.0,ATLANTIC HURON,IMO8025680,VCQN,70,0,224,23,9.5,70,A
316206000,2022-01-01T05:01:18,43.33338,-87.55559,8.3,24.0,20.0,ATLANTIC HURON,IMO8025680,VCQN,70,0,224,23,9.5,70,A
316206000,2022-01-01T04:50:48,43.31156,-87.57018,8.5,34.5,31.0,ATLANTIC HURON,IMO8025680,VCQN,70,0,224,23,9.5,70,A
316206000,2022-01-01T05:07:19,43.34631,-87.54818,8.4,22.4,20.0,ATLANTIC HURON,IMO8025680,VCQN,70,0,224,23,9.5,70,A
316206000,2022-01-01T04:59:57,43.33050,-87.55722,8.4,22.3,21.0,ATLANTIC HURON,IMO8025680,VCQN,70,0,224,23,9.5,70,A
316206000,2022-01-01T04:53:08,43.31609,-87.56605,8.3,27.0,22.0,ATLANTIC HURON,IMO8025680,VCQN,70,0,224,23,9.5,70,A
316206000,2022-01-01T04:55:18,43.32056,-87.56314,8.2,24.5,22.0,ATLANTIC HURON,IMO8025680,VCQN,70,0,224,23,9.5,70,A
316206000,2022-01-01T05:11:47,43.35596,-87.54276,8.2,21.7,20.0,ATLANTIC HURON,IMO8025680,VCQN,70,0,224,23,9.5,70,A
316206000,2022-01-01T05:04:48,43.34090,-87.55127,8.4,21.9,20.0,ATLANTIC HURON,IMO8025680,VCQN,70,0,224,23,9.5,70,A
316206000,2022-01-01T02:33:58,43.04496,-87.81682,9.1,34.4,32.0,ATLANTIC HURON,IMO8025680,VCQN,70,0,224,23,9.5,70,A
316206000,2022-01-01T05:09:28,43.35097,-87.54558,8.3,22.2,20.0,ATLANTIC HURON,IMO8025680,VCQN,70,0,224,23,9.5,70,A
316206000,2022-01-01T05:00:07,43.33086,-87.55702,8.3,22.9,21.0,ATLANTIC HURON,IMO8025680,VCQN,70,0,224,23,9.5,70,A
316206000,2022-01-01T02:36:17,43.04979,-87.81228,9.1,34.8,32.0,ATLANTIC HURON,IMO8025680,VCQN,70,0,224,23,9.5,70,A
316206000,2022-01-01T05:08:27,43.34880,-87.54679,8.4,21.3,20.0,ATLANTIC HURON,IMO8025680,VCQN,70,0,224,23,9.5,70,A
316206000,2022-01-01T05:02:28,43.33593,-87.55414,8.3,21.8,20.0,ATLANTIC HURON,IMO8025680,VCQN,70,0,224,23,9.5,70,A
316206000,2022-01-01T05:03:37,43.33839,-87.55270,8.2,22.1,20.0,ATLANTIC HURON,IMO8025680,VCQN,70,0,224,23,9.5,70,A
316206000,2022-01-01T02:38:37,43.05470,-87.80770,9.2,34.6,33.0,ATLANTIC HURON,IMO8025680,VCQN,70,0,224,23,9.5,70,A
316206000,2022-01-01T05:29:18,43.39217,-87.52236,8.0,23.6,21.0,ATLANTIC HURON,IMO8025680,VCQN,70,0,224,23,9.5,70,A
316206000,2022-01-01T05:17:37,43.36811,-87.53589,8.0,22.1,20.0,ATLANTIC HURON,IMO8025680,VCQN,70,0,224,23,9.5,70,A
316206000,2022-01-01T05:32:47,43.39941,-87.51814,8.0,23.4,21.0,ATLANTIC HURON,IMO8025680,VCQN,70,0,224,23,9.5,70,A
316206000,2022-01-01T05:16:27,43.36570,-87.53725,8.0,22.0,20.0,ATLANTIC HURON,IMO8025680,VCQN,70,0,224,23,9.5,70,A
316206000,2022-01-01T05:18:48,43.37051,-87.53453,8.0,22.8,20.0,ATLANTIC HURON,IMO8025680,VCQN,70,0,224,23,9.5,70,A
316206000,2022-01-01T05:25:37,43.38455,-87.52666,8.0,21.5,20.0,ATLANTIC HURON,IMO8025680,VCQN,70,0,224,23,9.5,70,A
316206000,2022-01-01T05:34:58,43.40390,-87.51548,8.0,23.4,21.0,ATLANTIC HURON,IMO8025680,VCQN,70,0,224,23,9.5,70,A
316206000,2022-01-01T05:22:17,43.37767,-87.53051,7.9,22.5,20.0,ATLANTIC HURON,IMO8025680,VCQN,70,0,224,23,9.5,70,A
316206000,2022-01-01T05:23:18,43.37973,-87.52934,7.8,22.8,20.0,ATLANTIC HURON,IMO8025680,VCQN,70,0,224,23,9.5,70,A
316206000,2022-01-01T05:15:18,43.36328,-87.53861,8.0,22.3,20.0,ATLANTIC HURON,IMO8025680,VCQN,70,0,224,23,9.5,70,A
316206000,2022-01-01T05:39:37,43.41353,-87.50978,8.0,23.3,21.0,ATLANTIC HURON,IMO8025680,VCQN,70,0,224,23,9.5,70,A
316206000,2022-01-01T05:28:08,43.38974,-87.52374,8.0,21.8,21.0,ATLANTIC HURON,IMO8025680,VCQN,70,0,224,23,9.5,70,A
316206000,2022-01-01T05:33:57,43.40185,-87.51669,7.8,22.9,21.0,ATLANTIC HURON,IMO8025680,VCQN,70,0,224,23,9.5,70,A
316206000,2022-01-01T05:19:59,43.37294,-87.53316,7.9,23.5,20.0,ATLANTIC HURON,IMO8025680,VCQN,70,0,224,23,9.5,70,A
316206000,2022-01-01T05:24:28,43.38217,-87.52797,7.9,21.7,20.0,ATLANTIC HURON,IMO8025680,VCQN,70,0,224,23,9.5,70,A
316206000,2022-01-01T05:21:08,43.37529,-87.53185,7.8,23.0,20.0,ATLANTIC HURON,IMO8025680,VCQN,70,0,224,23,9.5,70,A
316206000,2022-01-01T05:30:29,43.39462,-87.52094,7.9,22.4,21.0,ATLANTIC HURON,IMO8025680,VCQN,70,0,224,23,9.5,70,A
316206000,2022-01-01T05:37:18,43.40869,-87.51265,8.1,22.6,21.0,ATLANTIC HURON,IMO8025680,VCQN,70,0,224,23,9.5,70,A
316206000,2022-01-01T05:26:49,43.38701,-87.52528,8.0,22.1,21.0,ATLANTIC HURON,IMO8025680,VCQN,70,0,224,23,9.5,70,A
316206000,2022-01-01T02:45:28,43.06840,-87.79474,8.3,34.9,33.0,ATLANTIC HURON,IMO8025680,VCQN,70,0,224,23,9.5,70,A
316206000,2022-01-01T05:41:48,43.41799,-87.50711,8.1,22.5,21.0,ATLANTIC HURON,IMO8025680,VCQN,70,0,224,23,9.5,70,A
316206000,2022-01-01T02:46:37,43.07061,-87.79264,8.2,34.8,33.0,ATLANTIC HURON,IMO8025680,VCQN,70,0,224,23,9.5,70,A
316206000,2022-01-01T05:38:29,43.41115,-87.51120,8.1,22.3,21.0,ATLANTIC HURON,IMO8025680,VCQN,70,0,224,23,9.5,70,A
316206000,2022-01-01T05:40:38,43.41562,-87.50851,8.1,22.2,21.0,ATLANTIC HURON,IMO8025680,VCQN,70,0,224,23,9.5,70,A
316206000,2022-01-01T05:45:18,43.42526,-87.50284,8.0,22.6,20.0,ATLANTIC HURON,IMO8025680,VCQN,70,0,224,23,9.5,70,A
316206000,2022-01-01T05:42:57,43.42042,-87.50568,8.0,23.2,21.0,ATLANTIC HURON,IMO8025680,VCQN,70,0,224,23,9.5,70,A
316206000,2022-01-01T02:51:08,43.07905,-87.78462,8.2,34.9,33.0,ATLANTIC HURON,IMO8025680,VCQN,70,0,224,23,9.5,70,A
316206000,2022-01-01T05:36:07,43.40630,-87.51407,7.9,22.9,21.0,ATLANTIC HURON,IMO8025680,VCQN,70,0,224,23,9.5,70,A
316206000,2022-01-01T05:47:38,43.43014,-87.50002,8.1,22.8,21.0,ATLANTIC HURON,IMO8025680,VCQN,70,0,224,23,9.5,70,A
316206000,2022-01-01T05:52:17,43.43979,-87.49434,8.1,22.5,20.0,ATLANTIC HURON,IMO8025680,VCQN,70,0,224,23,9.5,70,A
316206000,2022-01-01T06:09:59,43.47684,-87.47357,8.0,22.0,22.0,ATLANTIC HURON,IMO8025680,VCQN,70,0,224,23,9.5,70,A
316206000,2022-01-01T05:48:49,43.43258,-87.49857,8.2,23.7,21.0,ATLANTIC HURON,IMO8025680,VCQN,70,0,224,23,9.5,70,A
316206000,2022-01-01T05:53:29,43.44224,-87.49294,8.0,22.6,20.0,ATLANTIC HURON,IMO8025680,VCQN,70,0,224,23,9.5,70,A
316206000,2022-01-01T06:12:18,43.48163,-87.47076,8.1,24.7,22.0,ATLANTIC HURON,IMO8025680,VCQN,70,0,224,23,9.5,70,A
316206000,2022-01-01T05:56:57,43.44949,-87.48878,8.1,22.1,21.0,ATLANTIC HURON,IMO8025680,VCQN,70,0,224,23,9.5,70,A
316206000,2022-01-01T05:55:47,43.44707,-87.49019,8.2,23.4,21.0,ATLANTIC HURON,IMO8025680,VCQN,70,0,224,23,9.5,70,A
316206000,2022-01-01T05:44:08,43.42288,-87.50423,8.1,23.2,20.0,ATLANTIC HURON,IMO8025680,VCQN,70,0,224,23,9.5,70,A
316206000,2022-01-01T06:01:17,43.45866,-87.48365,8.2,21.5,20.0,ATLANTIC HURON,IMO8025680,VCQN,70,0,224,23,9.5,70,A
316206000,2022-01-01T05:59:17,43.45439,-87.48600,8.2,21.5,20.0,ATLANTIC HURON,IMO8025680,VCQN,70,0,224,23,9.5,70,A
316206000,2022-01-01T05:46:27,43.42767,-87.50144,8.0,22.6,21.0,ATLANTIC HURON,IMO8025680,VCQN,70,0,224,23,9.5,70,A
316206000,2022-01-01T06:21:37,43.50094,-87.45922,8.2,23.9,22.0,ATLANTIC HURON,IMO8025680,VCQN,70,0,224,23,9.5,70,A
316206000,2022-01-01T06:22:48,43.50337,-87.45777,8.1,23.4,22.0,ATLANTIC HURON,IMO8025680,VCQN,70,0,224,23,9.5,70,A
316206000,2022-01-01T06:00:07,43.45619,-87.48500,8.2,22.7,20.0,ATLANTIC HURON,IMO8025680,VCQN,70,0,224,23,9.5,70,A
316206000,2022-01-01T06:03:28,43.46327,-87.48112,8.1,21.1,20.0,ATLANTIC HURON,IMO8025680,VCQN,70,0,224,23,9.5,70,A
316206000,2022-01-01T06:04:29,43.46538,-87.48000,8.1,21.0,20.0,ATLANTIC HURON,IMO8025680,VCQN,70,0,224,23,9.5,70,A
316206000,2022-01-01T05:51:08,43.43741,-87.49574,8.0,22.5,20.0,ATLANTIC HURON,IMO8025680,VCQN,70,0,224,23,9.5,70,A
316206000,2022-01-01T06:06:47,43.47021,-87.47741,7.9,21.9,21.0,ATLANTIC HURON,IMO8025680,VCQN,70,0,224,23,9.5,70,A
316206000,2022-01-01T06:07:48,43.47232,-87.47621,8.0,22.8,21.0,ATLANTIC HURON,IMO8025680,VCQN,70,0,224,23,9.5,70,A
316206000,2022-01-01T06:05:37,43.46780,-87.47871,8.0,21.0,21.0,ATLANTIC HURON,IMO8025680,VCQN,70,0,224,23,9.5,70,A
316206000,2022-01-01T06:08:58,43.47476,-87.47478,8.1,22.9,22.0,ATLANTIC HURON,IMO8025680,VCQN,70,0,224,23,9.5,70,A
316206000,2022-01-01T06:28:38,43.51561,-87.45085,8.2,21.1,21.0,ATLANTIC HURON,IMO8025680,VCQN,70,0,224,23,9.5,70,A
316206000,2022-01-01T05:58:07,43.45195,-87.48738,8.1,22.3,20.0,ATLANTIC HURON,IMO8025680,VCQN,70,0,224,23,9.5,70,A
316206000,2022-01-01T05:54:37,43.44463,-87.49160,8.1,22.5,20.0,ATLANTIC HURON,IMO8025680,VCQN,70,0,224,23,9.5,70,A
316206000,2022-01-01T03:03:38,43.10236,-87.76213,8.1,34.5,32.0,ATLANTIC HURON,IMO8025680,VCQN,70,0,224,23,9.5,70,A
316206000,2022-01-01T06:14:38,43.48651,-87.46790,8.1,22.3,22.0,ATLANTIC HURON,IMO8025680,VCQN,70,0,224,23,9.5,70,A
316206000,2022-01-01T06:13:28,43.48406,-87.46934,8.1,23.6,22.0,ATLANTIC HURON,IMO8025680,VCQN,70,0,224,23,9.5,70,A
316206000,2022-01-01T03:04:48,43.10456,-87.76011,8.1,34.0,31.0,ATLANTIC HURON,IMO8025680,VCQN,70,0,224,23,9.5,70,A
316206000,2022-01-01T06:19:19,43.49613,-87.46211,8.0,24.2,22.0,ATLANTIC HURON,IMO8025680,VCQN,70,0,224,23,9.5,70,A
316206000,2022-01-01T06:20:28,43.49851,-87.46067,8.1,23.7,22.0,ATLANTIC HURON,IMO8025680,VCQN,70,0,224,23,9.5,70,A
316206000,2022-01-01T06:43:37,43.54696,-87.43318,8.1,23.4,22.0,ATLANTIC HURON,IMO8025680,VCQN,70,0,224,23,9.5,70,A
316206000,2022-01-01T03:05:58,43.10678,-87.75814,8.1,32.8,31.0,ATLANTIC HURON,IMO8025680,VCQN,70,0,224,23,9.5,70,A
316206000,2022-01-01T06:45:58,43.55190,-87.43036,8.0,22.9,22.0,ATLANTIC HURON,IMO8025680,VCQN,70,0,224,23,9.5,70,A
316206000,2022-01-01T06:25:07,43.50824,-87.45497,8.2,22.3,21.0,ATLANTIC HURON,IMO8025680,VCQN,70,0,224,23,9.5,70,A
316206000,2022-01-01T06:11:08,43.47925,-87.47216,8.0,23.0,22.0,ATLANTIC HURON,IMO8025680,VCQN,70,0,224,23,9.5,70,A
316206000,2022-01-01T06:48:17,43.55667,-87.42755,8.1,23.3,23.0,ATLANTIC HURON,IMO8025680,VCQN,70,0,224,23,9.5,70,A
316206000,2022-01-01T06:16:59,43.49132,-87.46503,8.1,22.5,22.0,ATLANTIC HURON,IMO8025680,VCQN,70,0,224,23,9.5,70,A
316206000,2022-01-01T06:26:19,43.51075,-87.45355,8.1,22.3,21.0,ATLANTIC HURON,IMO8025680,VCQN,70,0,224,23,9.5,70,A
316206000,2022-01-01T06:27:27,43.51316,-87.45220,8.1,22.4,21.0,ATLANTIC HURON,IMO8025680,VCQN,70,0,224,23,9.5,70,A
316206000,2022-01-01T06:15:48,43.48891,-87.46646,8.1,22.9,22.0,ATLANTIC HURON,IMO8025680,VCQN,70,0,224,23,9.5,70,A
316206000,2022-01-01T06:33:17,43.52542,-87.44543,8.2,22.7,21.0,ATLANTIC HURON,IMO8025680,VCQN,70,0,224,23,9.5,70,A
316206000,2022-01-01T06:34:27,43.52787,-87.44406,8.1,22.2,21.0,ATLANTIC HURON,IMO8025680,VCQN,70,0,224,23,9.5,70,A
316206000,2022-01-01T06:23:58,43.50581,-87.45634,8.3,22.2,21.0,ATLANTIC HURON,IMO8025680,VCQN,70,0,224,23,9.5,70,A
316206000,2022-01-01T06:59:37,43.57973,-87.41344,8.0,22.3,22.0,ATLANTIC HURON,IMO8025680,VCQN,70,0,224,23,9.5,70,A
316206000,2022-01-01T06:36:38,43.53246,-87.44149,8.2,22.3,22.0,ATLANTIC HURON,IMO8025680,VCQN,70,0,224,23,9.5,70,A
316206000,2022-01-01T06:42:28,43.54459,-87.43452,8.1,21.7,22.0,ATLANTIC HURON,IMO8025680,VCQN,70,0,224,23,9.5,70,A
316206000,2022-01-01T03:16:18,43.12649,-87.74080,8.3,32.5,30.0,ATLANTIC HURON,IMO8025680,VCQN,70,0,224,23,9.5,70,A
316206000,2022-01-01T06:44:48,43.54943,-87.43176,8.1,22.0,22.0,ATLANTIC HURON,IMO8025680,VCQN,70,0,224,23,9.5,70,A
316206000,2022-01-01T06:29:47,43.51805,-87.44956,8.0,21.5,21.0,ATLANTIC HURON,IMO8025680,VCQN,70,0,224,23,9.5,70,A
316206000,2022-01-01T06:41:18,43.54211,-87.43590,8.2,22.6,22.0,ATLANTIC HURON,IMO8025680,VCQN,70,0,224,23,9.5,70,A
316206000,2022-01-01T06:35:28,43.53001,-87.44287,8.2,22.0,22.0,ATLANTIC HURON,IMO8025680,VCQN,70,0,224,23,9.5,70,A
316206000,2022-01-01T06:54:59,43.57034,-87.41908,7.9,23.7,23.0,ATLANTIC HURON,IMO8025680,VCQN,70,0,224,23,9.5,70,A
316206000,2022-01-01T06:40:08,43.53968,-87.43731,8.1,22.6,22.0,ATLANTIC HURON,IMO8025680,VCQN,70,0,224,23,9.5,70,A
316206000,2022-01-01T07:16:28,43.61427,-87.39382,8.0,21.6,22.0,ATLANTIC HURON,IMO8025680,VCQN,70,0,224,23,9.5,70,A
316206000,2022-01-01T06:30:57,43.52054,-87.44820,8.2,21.9,21.0,ATLANTIC HURON,IMO8025680,VCQN,70,0,224,23,9.5,70,A
316206000,2022-01-01T06:51:38,43.56351,-87.42329,7.9,24.2,23.0,ATLANTIC HURON,IMO8025680,VCQN,70,0,224,23,9.5,70,A
316206000,2022-01-01T06:52:47,43.56586,-87.42183,8.0,23.6,23.0,ATLANTIC HURON,IMO8025680,VCQN,70,0,224,23,9.5,70,A
316206000,2022-01-01T07:02:29,43.58558,-87.41010,8.0,24.0,22.0,ATLANTIC HURON,IMO8025680,VCQN,70,0,224,23,9.5,70,A
316206000,2022-01-01T06:37:48,43.53489,-87.44010,8.1,22.9,22.0,ATLANTIC HURON,IMO8025680,VCQN,70,0,224,23,9.5,70,A
316206000,2022-01-01T06:57:18,43.57504,-87.41623,7.9,23.8,23.0,ATLANTIC HURON,IMO8025680,VCQN,70,0,224,23,9.5,70,A
316206000,2022-01-01T06:58:27,43.57732,-87.41483,8.0,23.2,22.0,ATLANTIC HURON,IMO8025680,VCQN,70,0,224,23,9.5,70,A
316206000,2022-01-01T07:25:47,43.63327,-87.38287,7.8,24.5,23.0,ATLANTIC HURON,IMO8025680,VCQN,70,0,224,23,9.5,70,A
316206000,2022-01-01T07:08:17,43.59748,-87.40326,7.9,22.4,22.0,ATLANTIC HURON,IMO8025680,VCQN,70,0,224,23,9.5,70,A
316206000,2022-01-01T07:29:18,43.64042,-87.37863,7.9,23.5,23.0,ATLANTIC HURON,IMO8025680,VCQN,70,0,224,23,9.5,70,A
316206000,2022-01-01T06:50:27,43.56113,-87.42478,8.0,23.8,23.0,ATLANTIC HURON,IMO8025680,VCQN,70,0,224,23,9.5,70,A
316206000,2022-01-01T06:47:08,43.55433,-87.42893,8.0,22.5,22.0,ATLANTIC HURON,IMO8025680,VCQN,70,0,224,23,9.5,70,A
316206000,2022-01-01T06:53:48,43.56798,-87.42053,8.1,24.4,23.0,ATLANTIC HURON,IMO8025680,VCQN,70,0,224,23,9.5,70,A
316206000,2022-01-01T07:07:08,43.59518,-87.40458,8.0,23.7,22.0,ATLANTIC HURON,IMO8025680,VCQN,70,0,224,23,9.5,70,A
316206000,2022-01-01T03:25:38,43.14444,-87.72493,8.0,32.4,30.0,ATLANTIC HURON,IMO8025680,VCQN,70,0,224,23,9.5,70,A
316206000,2022-01-01T07:14:07,43.60943,-87.39656,8.0,21.2,22.0,ATLANTIC HURON,IMO8025680,VCQN,70,0,224,23,9.5,70,A
316206000,2022-01-01T07:15:18,43.61191,-87.39515,8.1,23.4,22.0,ATLANTIC HURON,IMO8025680,VCQN,70,0,224,23,9.5,70,A
316206000,2022-01-01T07:11:48,43.60464,-87.39921,7.9,21.3,22.0,ATLANTIC HURON,IMO8025680,VCQN,70,0,224,23,9.5,70,A
316206000,2022-01-01T07:01:17,43.58311,-87.41152,8.1,22.2,22.0,ATLANTIC HURON,IMO8025680,VCQN,70,0,224,23,9.5,70,A
316206000,2022-01-01T07:21:07,43.62375,-87.38847,7.9,22.9,22.0,ATLANTIC HURON,IMO8025680,VCQN,70,0,224,23,9.5,70,A
316206000,2022-01-01T07:17:39,43.61670,-87.39249,7.7,22.7,22.0,ATLANTIC HURON,IMO8025680,VCQN,70,0,224,23,9.5,70,A
316206000,2022-01-01T07:00:07,43.58075,-87.41285,8.0,22.1,22.0,ATLANTIC HURON,IMO8025680,VCQN,70,0,224,23,9.5,70,A
316206000,2022-01-01T07:04:48,43.59034,-87.40735,8.0,22.2,22.0,ATLANTIC HURON,IMO8025680,VCQN,70,0,224,23,9.5,70,A
316206000,2022-01-01T07:19:58,43.62144,-87.38978,7.9,22.6,22.0,ATLANTIC HURON,IMO8025680,VCQN,70,0,224,23,9.5,70,A
316206000,2022-01-01T07:03:38,43.58795,-87.40875,8.0,23.5,22.0,ATLANTIC HURON,IMO8025680,VCQN,70,0,224,23,9.5,70,A
316206000,2022-01-01T07:49:47,43.68278,-87.35405,8.0,22.2,22.0,ATLANTIC HURON,IMO8025680,VCQN,70,0,224,23,9.5,70,A
316206000,2022-01-01T07:09:27,43.59987,-87.40189,7.9,22.8,22.0,ATLANTIC HURON,IMO8025680,VCQN,70,0,224,23,9.5,70,A
316206000,2022-01-01T07:30:28,43.64275,-87.37723,7.9,23.1,23.0,ATLANTIC HURON,IMO8025680,VCQN,70,0,224,23,9.5,70,A
316206000,2022-01-01T07:24:38,43.63092,-87.38430,7.9,23.9,23.0,ATLANTIC HURON,IMO8025680,VCQN,70,0,224,23,9.5,70,A
316206000,2022-01-01T07:23:28,43.62855,-87.38570,7.8,23.4,23.0,ATLANTIC HURON,IMO8025680,VCQN,70,0,224,23,9.5,70,A
316206000,2022-01-01T07:52:09,43.68770,-87.35120,8.1,21.3,22.0,ATLANTIC HURON,IMO8025680,VCQN,70,0,224,23,9.5,70,A
316206000,2022-01-01T07:12:58,43.60709,-87.39787,8.1,21.6,22.0,ATLANTIC HURON,IMO8025680,VCQN,70,0,224,23,9.5,70,A
316206000,2022-01-01T07:28:07,43.63797,-87.38008,8.0,24.2,23.0,ATLANTIC HURON,IMO8025680,VCQN,70,0,224,23,9.5,70,A
316206000,2022-01-01T07:32:38,43.64714,-87.37461,7.9,23.6,23.0,ATLANTIC HURON,IMO8025680,VCQN,70,0,224,23,9.5,70,A
316206000,2022-01-01T07:53:17,43.69006,-87.34987,8.0,21.6,22.0,ATLANTIC HURON,IMO8025680,VCQN,70,0,224,23,9.5,70,A
316206000,2022-01-01T07:56:39,43.69717,-87.34577,8.8,23.9,23.0,ATLANTIC HURON,IMO8025680,VCQN,70,0,224,23,9.5,70,A
316206000,2022-01-01T07:31:37,43.64511,-87.37581,7.8,22.2,23.0,ATLANTIC HURON,IMO8025680,VCQN,70,0,224,23,9.5,70,A
316206000,2022-01-01T07:18:48,43.61904,-87.39118,7.8,21.7,22.0,ATLANTIC HURON,IMO8025680,VCQN,70,0,224,23,9.5,70,A
316206000,2022-01-01T03:33:48,43.16006,-87.71114,8.1,34.3,32.0,ATLANTIC HURON,IMO8025680,VCQN,70,0,224,23,9.5,70,A
316206000,2022-01-01T07:44:07,43.67090,-87.36067,8.2,20.5,22.0,ATLANTIC HURON,IMO8025680,VCQN,70,0,224,23,9.5,70,A
316206000,2022-01-01T03:38:38,43.16896,-87.70255,8.1,36.1,33.0,ATLANTIC HURON,IMO8025680,VCQN,70,0,224,23,9.5,70,A
316206000,2022-01-01T07:55:38,43.69501,-87.34706,8.2,23.3,23.0,ATLANTIC HURON,IMO8025680,VCQN,70,0,224,23,9.5,70,A
316206000,2022-01-01T07:47:29,43.67800,-87.35679,7.9,21.5,22.0,ATLANTIC HURON,IMO8025680,VCQN,70,0,224,23,9.5,70,A
316206000,2022-01-01T03:39:48,43.17109,-87.70045,8.0,35.1,33.0,ATLANTIC HURON,IMO8025680,VCQN,70,0,224,23,9.5,70,A
316206000,2022-01-01T03:40:58,43.17324,-87.69838,8.1,34.8,32.0,ATLANTIC HURON,IMO8025680,VCQN,70,0,224,23,9.5,70,A
316206000,2022-01-01T07:41:48,43.66607,-87.36337,8.1,21.8,22.0,ATLANTIC HURON,IMO8025680,VCQN,70,0,224,23,9.5,70,A
316206000,2022-01-01T07:58:57,43.70259,-87.34250,9.5,24.3,23.0,ATLANTIC HURON,IMO8025680,VCQN,70,0,224,23,9.5,70,A
316206000,2022-01-01T07:33:48,43.64955,-87.37319,8.0,22.8,23.0,ATLANTIC HURON,IMO8025680,VCQN,70,0,224,23,9.5,70,A
316206000,2022-01-01T08:22:19,43.75084,-87.31355,6.9,21.5,21.0,ATLANTIC HURON,IMO8025680,VCQN,70,0,224,23,9.5,70,A
316206000,2022-01-01T07:57:48,43.69985,-87.34414,9.3,25.7,23.0,ATLANTIC HURON,IMO8025680,VCQN,70,0,224,23,9.5,70,A
316206000,2022-01-01T07:46:27,43.67583,-87.35800,8.1,21.4,22.0,ATLANTIC HURON,IMO8025680,VCQN,70,0,224,23,9.5,70,A
316206000,2022-01-01T07:38:19,43.65878,-87.36763,8.1,23.7,23.0,ATLANTIC HURON,IMO8025680,VCQN,70,0,224,23,9.5,70,A
316206000,2022-01-01T07:48:37,43.68035,-87.35545,8.1,22.5,22.0,ATLANTIC HURON,IMO8025680,VCQN,70,0,224,23,9.5,70,A
316206000,2022-01-01T07:39:28,43.66119,-87.36616,8.0,21.8,23.0,ATLANTIC HURON,IMO8025680,VCQN,70,0,224,23,9.5,70,A
316206000,2022-01-01T07:50:57,43.68521,-87.35264,8.1,22.5,22.0,ATLANTIC HURON,IMO8025680,VCQN,70,0,224,23,9.5,70,A
316206000,2022-01-01T08:02:28,43.71128,-87.33732,9.8,21.1,22.0,ATLANTIC HURON,IMO8025680,VCQN,70,0,224,23,9.5,70,A
316206000,2022-01-01T08:05:58,43.71984,-87.33227,8.8,23.6,23.0,ATLANTIC HURON,IMO8025680,VCQN,70,0,224,23,9.5,70,A
316206000,2022-01-01T08:07:08,43.72241,-87.33073,8.5,23.3,23.0,ATLANTIC HURON,IMO8025680,VCQN,70,0,224,23,9.5,70,A
316206000,2022-01-01T08:00:07,43.70540,-87.34081,9.7,23.0,22.0,ATLANTIC HURON,IMO8025680,VCQN,70,0,224,23,9.5,70,A
316206000,2022-01-01T08:01:18,43.70839,-87.33904,9.8,22.0,23.0,ATLANTIC HURON,IMO8025680,VCQN,70,0,224,23,9.5,70,A
316206000,2022-01-01T08:31:29,43.76758,-87.30413,7.1,21.9,21.0,ATLANTIC HURON,IMO8025680,VCQN,70,0,224,23,9.5,70,A
316206000,2022-01-01T08:08:17,43.72490,-87.32921,8.3,24.6,23.0,ATLANTIC HURON,IMO8025680,VCQN,70,0,224,23,9.5,70,A
316206000,2022-01-01T08:03:38,43.71429,-87.33558,10.0,23.3,23.0,ATLANTIC HURON,IMO8025680,VCQN,70,0,224,23,9.5,70,A
316206000,2022-01-01T08:10:37,43.72968,-87.32622,7.9,24.5,23.0,ATLANTIC HURON,IMO8025680,VCQN,70,0,224,23,9.5,70,A
316206000,2022-01-01T08:34:59,43.77398,-87.30053,7.1,21.2,22.0,ATLANTIC HURON,IMO8025680,VCQN,70,0,224,23,9.5,70,A
316206000,2022-01-01T07:59:58,43.70503,-87.34104,9.8,25.1,23.0,ATLANTIC HURON,IMO8025680,VCQN,70,0,224,23,9.5,70,A
316206000,2022-01-01T03:49:08,43.18908,-87.68379,8.5,33.4,32.0,ATLANTIC HURON,IMO8025680,VCQN,70,0,224,23,9.5,70,A
316206000,2022-01-01T08:12:57,43.73416,-87.32346,7.4,22.4,22.0,ATLANTIC HURON,IMO8025680,VCQN,70,0,224,23,9.5,70,A
316206000,2022-01-01T08:15:19,43.73848,-87.32089,7.0,24.0,22.0,ATLANTIC HURON,IMO8025680,VCQN,70,0,224,23,9.5,70,A
316206000,2022-01-01T08:42:58,43.78854,-87.29208,7.2,23.0,22.0,ATLANTIC HURON,IMO8025680,VCQN,70,0,224,23,9.5,70,A
316206000,2022-01-01T08:14:08,43.73636,-87.32214,7.2,24.5,22.0,ATLANTIC HURON,IMO8025680,VCQN,70,0,224,23,9.5,70,A
316206000,2022-01-01T08:21:08,43.74876,-87.31472,6.7,22.9,22.0,ATLANTIC HURON,IMO8025680,VCQN,70,0,224,23,9.5,70,A
316206000,2022-01-01T08:26:48,43.75897,-87.30894,7.0,22.7,21.0,ATLANTIC HURON,IMO8025680,VCQN,70,0,224,23,9.5,70,A
316206000,2022-01-01T08:19:57,43.74672,-87.31593,7.0,23.6,22.0,ATLANTIC HURON,IMO8025680,VCQN,70,0,224,23,9.5,70,A
316206000,2022-01-01T08:52:07,43.80508,-87.28226,7.2,22.5,22.0,ATLANTIC HURON,IMO8025680,VCQN,70,0,224,23,9.5,70,A
316206000,2022-01-01T08:29:07,43.76325,-87.30655,7.1,21.8,21.0,ATLANTIC HURON,IMO8025680,VCQN,70,0,224,23,9.5,70,A
316206000,2022-01-01T08:04:47,43.71712,-87.33388,9.4,23.7,23.0,ATLANTIC HURON,IMO8025680,VCQN,70,0,224,23,9.5,70,A
316206000,2022-01-01T03:55:57,43.20280,-87.67134,8.5,34.1,32.0,ATLANTIC HURON,IMO8025680,VCQN,70,0,224,23,9.5,70,A
316206000,2022-01-01T08:33:47,43.77179,-87.30178,7.1,21.8,22.0,ATLANTIC HURON,IMO8025680,VCQN,70,0,224,23,9.5,70,A
316206000,2022-01-01T08:27:57,43.76109,-87.30776,7.1,20.8,21.0,ATLANTIC HURON,IMO8025680,VCQN,70,0,224,23,9.5,70,A
316206000,2022-01-01T09:00:08,43.81960,-87.27357,6.8,26.0,22.0,ATLANTIC HURON,IMO8025680,VCQN,70,0,224,23,9.5,70,A
316206000,2022-01-01T09:02:29,43.82365,-87.27102,6.9,23.7,22.0,ATLANTIC HURON,IMO8025680,VCQN,70,0,224,23,9.5,70,A
316206000,2022-01-01T08:25:38,43.75679,-87.31017,7.1,22.2,21.0,ATLANTIC HURON,IMO8025680,VCQN,70,0,224,23,9.5,70,A
316206000,2022-01-01T08:11:48,43.73199,-87.32478,7.4,24.5,23.0,ATLANTIC HURON,IMO8025680,VCQN,70,0,224,23,9.5,70,A
316206000,2022-01-01T08:36:07,43.77607,-87.29935,7.0,20.1,22.0,ATLANTIC HURON,IMO8025680,VCQN,70,0,224,23,9.5,70,A
316206000,2022-01-01T08:41:57,43.78666,-87.29323,7.2,23.8,22.0,ATLANTIC HURON,IMO8025680,VCQN,70,0,224,23,9.5,70,A
316206000,2022-01-01T09:09:19,43.83552,-87.26381,6.7,26.2,22.0,ATLANTIC HURON,IMO8025680,VCQN,70,0,224,23,9.5,70,A
316206000,2022-01-01T08:38:27,43.78028,-87.29698,7.0,21.6,22.0,ATLANTIC HURON,IMO8025680,VCQN,70,0,224,23,9.5,70,A
316206000,2022-01-01T08:16:28,43.74057,-87.31964,6.9,23.9,22.0,ATLANTIC HURON,IMO8025680,VCQN,70,0,224,23,9.5,70,A
316206000,2022-01-01T08:44:08,43.79061,-87.29083,7.1,23.8,22.0,ATLANTIC HURON,IMO8025680,VCQN,70,0,224,23,9.5,70,A
316206000,2022-01-01T08:17:38,43.74261,-87.31839,6.9,24.5,22.0,ATLANTIC HURON,IMO8025680,VCQN,70,0,224,23,9.5,70,A
316206000,2022-01-01T08:18:48,43.74470,-87.31715,6.9,23.1,22.0,ATLANTIC HURON,IMO8025680,VCQN,70,0,224,23,9.5,70,A
316206000,2022-01-01T08:47:29,43.79666,-87.28728,6.9,23.8,22.0,ATLANTIC HURON,IMO8025680,VCQN,70,0,224,23,9.5,70,A
316206000,2022-01-01T08:40:47,43.78453,-87.29451,7.2,23.0,22.0,ATLANTIC HURON,IMO8025680,VCQN,70,0,224,23,9.5,70,A
316206000,2022-01-01T08:32:37,43.76969,-87.30297,7.0,20.5,21.0,ATLANTIC HURON,IMO8025680,VCQN,70,0,224,23,9.5,70,A
316206000,2022-01-01T04:02:28,43.21577,-87.65940,8.6,34.0,32.0,ATLANTIC HURON,IMO8025680,VCQN,70,0,224,23,9.5,70,A
316206000,2022-01-01T08:48:37,43.79871,-87.28604,7.2,22.7,22.0,ATLANTIC HURON,IMO8025680,VCQN,70,0,224,23,9.5,70,A
316206000,2022-01-01T08:46:28,43.79485,-87.28838,7.1,22.8,22.0,ATLANTIC HURON,IMO8025680,VCQN,70,0,224,23,9.5,70,A
316206000,2022-01-01T09:13:58,43.84319,-87.25846,6.6,25.8,21.0,ATLANTIC HURON,IMO8025680,VCQN,70,0,224,23,9.5,70,A
316206000,2022-01-01T08:23:27,43.75288,-87.31242,6.8,22.6,21.0,ATLANTIC HURON,IMO8025680,VCQN,70,0,224,23,9.5,70,A
316206000,2022-01-01T08:24:37,43.75498,-87.31122,7.0,23.0,21.0,ATLANTIC HURON,IMO8025680,VCQN,70,0,224,23,9.5,70,A
316206000,2022-01-01T08:53:19,43.80726,-87.28095,7.1,23.4,22.0,ATLANTIC HURON,IMO8025680,VCQN,70,0,224,23,9.5,70,A
316206000,2022-01-01T08:55:38,43.81152,-87.27839,7.2,23.8,22.0,ATLANTIC HURON,IMO8025680,VCQN,70,0,224,23,9.5,70,A
316206000,2022-01-01T08:54:27,43.80935,-87.27971,7.1,22.8,22.0,ATLANTIC HURON,IMO8025680,VCQN,70,0,224,23,9.5,70,A
316206000,2022-01-01T09:20:59,43.85486,-87.25095,6.5,23.7,20.0,ATLANTIC HURON,IMO8025680,VCQN,70,0,224,23,9.5,70,A
316206000,2022-01-01T08:56:47,43.81361,-87.27712,7.1,21.9,22.0,ATLANTIC HURON,IMO8025680,VCQN,70,0,224,23,9.5,70,A
316206000,2022-01-01T08:58:57,43.81750,-87.27487,7.0,22.2,22.0,ATLANTIC HURON,IMO8025680,VCQN,70,0,224,23,9.5,70,A
316206000,2022-01-01T04:06:57,43.22471,-87.65125,8.5,34.1,32.0,ATLANTIC HURON,IMO8025680,VCQN,70,0,224,23,9.5,70,A
316206000,2022-01-01T08:57:48,43.81544,-87.27608,7.0,22.4,22.0,ATLANTIC HURON,IMO8025680,VCQN,70,0,224,23,9.5,70,A
316206000,2022-01-01T09:24:27,43.86073,-87.24747,6.7,24.2,19.0,ATLANTIC HURON,IMO8025680,VCQN,70,0,224,23,9.5,70,A
316206000,2022-01-01T08:49:47,43.80087,-87.28476,7.1,23.3,22.0,ATLANTIC HURON,IMO8025680,VCQN,70,0,224,23,9.5,70,A
316206000,2022-01-01T09:28:07,43.86705,-87.24379,6.7,22.5,19.0,ATLANTIC HURON,IMO8025680,VCQN,70,0,224,23,9.5,70,A
316206000,2022-01-01T08:50:57,43.80299,-87.28350,7.1,23.6,22.0,ATLANTIC HURON,IMO8025680,VCQN,70,0,224,23,9.5,70,A
316206000,2022-01-01T09:10:28,43.83746,-87.26248,6.6,27.9,22.0,ATLANTIC HURON,IMO8025680,VCQN,70,0,224,23,9.5,70,A
316206000,2022-01-01T09:11:38,43.83939,-87.26112,6.7,27.7,22.0,ATLANTIC HURON,IMO8025680,VCQN,70,0,224,23,9.5,70,A
316206000,2022-01-01T09:12:48,43.84129,-87.25976,6.5,26.6,21.0,ATLANTIC HURON,IMO8025680,VCQN,70,0,224,23,9.5,70,A
316206000,2022-01-01T09:08:09,43.83352,-87.26510,6.8,24.1,22.0,ATLANTIC HURON,IMO8025680,VCQN,70,0,224,23,9.5,70,A
316206000,2022-01-01T09:15:07,43.84510,-87.25718,6.6,25.5,21.0,ATLANTIC HURON,IMO8025680,VCQN,70,0,224,23,9.5,70,A
316206000,2022-01-01T09:16:18,43.84706,-87.25589,6.5,24.8,21.0,ATLANTIC HURON,IMO8025680,VCQN,70,0,224,23,9.5,70,A
316206000,2022-01-01T09:01:17,43.82160,-87.27230,7.0,25.5,22.0,ATLANTIC HURON,IMO8025680,VCQN,70,0,224,23,9.5,70,A
316206000,2022-01-01T09:40:39,43.88857,-87.23134,6.6,21.3,18.0,ATLANTIC HURON,IMO8025680,VCQN,70,0,224,23,9.5,70,A
316206000,2022-01-01T08:45:17,43.79270,-87.28962,7.1,23.2,22.0,ATLANTIC HURON,IMO8025680,VCQN,70,0,224,23,9.5,70,A
316206000,2022-01-01T09:03:39,43.82569,-87.26981,6.9,23.9,22.0,ATLANTIC HURON,IMO8025680,VCQN,70,0,224,23,9.5,70,A
316206000,2022-01-01T09:17:27,43.84902,-87.25467,6.5,24.7,21.0,ATLANTIC HURON,IMO8025680,VCQN,70,0,224,23,9.5,70,A
316206000,2022-01-01T09:18:38,43.85097,-87.25343,6.6,24.7,20.0,ATLANTIC HURON,IMO8025680,VCQN,70,0,224,23,9.5,70,A
316206000,2022-01-01T09:06:57,43.83145,-87.26634,6.8,23.9,22.0,ATLANTIC HURON,IMO8025680,VCQN,70,0,224,23,9.5,70,A
316206000,2022-01-01T04:16:18,43.24340,-87.63391,8.6,34.6,32.0,ATLANTIC HURON,IMO8025680,VCQN,70,0,224,23,9.5,70,A
316206000,2022-01-01T09:23:17,43.85873,-87.24861,6.7,23.8,20.0,ATLANTIC HURON,IMO8025680,VCQN,70,0,224,23,9.5,70,A
316206000,2022-01-01T09:19:47,43.85290,-87.25222,6.6,24.4,20.0,ATLANTIC HURON,IMO8025680,VCQN,70,0,224,23,9.5,70,A
316206000,2022-01-01T10:03:38,43.92636,-87.20962,6.6,21.7,18.0,ATLANTIC HURON,IMO8025680,VCQN,70,0,224,23,9.5,70,A
316206000,2022-01-01T09:37:17,43.88284,-87.23459,6.4,23.8,19.0,ATLANTIC HURON,IMO8025680,VCQN,70,0,224,23,9.5,70,A
316206000,2022-01-01T09:39:38,43.88685,-87.23227,6.5,21.2,18.0,ATLANTIC HURON,IMO8025680,VCQN,70,0,224,23,9.5,70,A
316206000,2022-01-01T09:41:48,43.89055,-87.23028,6.6,21.5,18.0,ATLANTIC HURON,IMO8025680,VCQN,70,0,224,23,9.5,70,A
316206000,2022-01-01T09:38:28,43.88484,-87.23341,6.6,23.4,19.0,ATLANTIC HURON,IMO8025680,VCQN,70,0,224,23,9.5,70,A
316206000,2022-01-01T09:52:18,43.90805,-87.22019,6.3,24.1,18.0,ATLANTIC HURON,IMO8025680,VCQN,70,0,224,23,9.5,70,A
316206000,2022-01-01T09:46:27,43.89843,-87.22580,6.3,23.2,18.0,ATLANTIC HURON,IMO8025680,VCQN,70,0,224,23,9.5,70,A
316206000,2022-01-01T09:51:07,43.90616,-87.22134,6.4,24.5,18.0,ATLANTIC HURON,IMO8025680,VCQN,70,0,224,23,9.5,70,A
316206000,2022-01-01T09:25:37,43.86273,-87.24631,6.7,21.7,20.0,ATLANTIC HURON,IMO8025680,VCQN,70,0,224,23,9.5,70,A
316206000,2022-01-01T09:26:47,43.86471,-87.24515,6.7,22.8,19.0,ATLANTIC HURON,IMO8025680,VCQN,70,0,224,23,9.5,70,A
316206000,2022-01-01T09:45:17,43.89643,-87.22693,6.6,21.4,18.0,ATLANTIC HURON,IMO8025680,VCQN,70,0,224,23,9.5,70,A
316206000,2022-01-01T09:55:48,43.91378,-87.21682,6.3,20.8,18.0,ATLANTIC HURON,IMO8025680,VCQN,70,0,224,23,9.5,70,A
316206000,2022-01-01T10:22:08,43.95742,-87.19272,6.3,20.8,18.0,ATLANTIC HURON,IMO8025680,VCQN,70,0,224,23,9.5,70,A
316206000,2022-01-01T04:32:17,43.27503,-87.60403,8.6,33.3,31.0,ATLANTIC HURON,IMO8025680,VCQN,70,0,224,23,9.5,70,A
316206000,2022-01-01T09:49:58,43.90426,-87.22250,6.4,25.3,19.0,ATLANTIC HURON,IMO8025680,VCQN,70,0,224,23,9.5,70,A
316206000,2022-01-01T09:29:18,43.86912,-87.24262,6.6,22.3,19.0,ATLANTIC HURON,IMO8025680,VCQN,70,0,224,23,9.5,70,A
316206000,2022-01-01T09:53:27,43.90995,-87.21905,6.4,23.3,18.0,ATLANTIC HURON,IMO8025680,VCQN,70,0,224,23,9.5,70,A
316206000,2022-01-01T09:31:28,43.87289,-87.24043,6.7,22.1,19.0,ATLANTIC HURON,IMO8025680,VCQN,70,0,224,23,9.5,70,A
316206000,2022-01-01T10:29:08,43.96915,-87.18646,6.5,20.8,19.0,ATLANTIC HURON,IMO8025680,VCQN,70,0,224,23,9.5,70,A
316206000,2022-01-01T10:01:18,43.92251,-87.21182,6.3,22.3,18.0,ATLANTIC HURON,IMO8025680,VCQN,70,0,224,23,9.5,70,A
316206000,2022-01-01T09:33:48,43.87692,-87.23808,6.7,22.3,19.0,ATLANTIC HURON,IMO8025680,VCQN,70,0,224,23,9.5,70,A
316206000,2022-01-01T04:34:27,43.27940,-87.60008,8.5,32.9,30.0,ATLANTIC HURON,IMO8025680,VCQN,70,0,224,23,9.5,70,A
316206000,2022-01-01T09:48:47,43.90230,-87.22362,6.5,22.2,18.0,ATLANTIC HURON,IMO8025680,VCQN,70,0,224,23,9.5,70,A
316206000,2022-01-01T09:36:07,43.88090,-87.23574,6.6,23.4,19.0,ATLANTIC HURON,IMO8025680,VCQN,70,0,224,23,9.5,70,A
316206000,2022-01-01T09:54:38,43.91187,-87.21795,6.3,23.1,18.0,ATLANTIC HURON,IMO8025680,VCQN,70,0,224,23,9.5,70,A
316206000,2022-01-01T10:05:58,43.93026,-87.20740,6.4,20.8,18.0,ATLANTIC HURON,IMO8025680,VCQN,70,0,224,23,9.5,70,A
316206000,2022-01-01T10:08:17,43.93412,-87.20537,6.4,22.9,19.0,ATLANTIC HURON,IMO8025680,VCQN,70,0,224,23,9.5,70,A
316206000,2022-01-01T09:44:07,43.89448,-87.22805,6.6,21.1,18.0,ATLANTIC HURON,IMO8025680,VCQN,70,0,224,23,9.5,70,A
316206000,2022-01-01T10:07:07,43.93216,-87.20638,6.4,20.7,18.0,ATLANTIC HURON,IMO8025680,VCQN,70,0,224,23,9.5,70,A
316206000,2022-01-01T10:02:28,43.92445,-87.21071,6.3,23.5,18.0,ATLANTIC HURON,IMO8025680,VCQN,70,0,224,23,9.5,70,A
316206000,2022-01-01T09:56:59,43.91562,-87.21570,6.1,22.1,18.0,ATLANTIC HURON,IMO8025680,VCQN,70,0,224,23,9.5,70,A
316206000,2022-01-01T10:15:07,43.94566,-87.19920,6.6,21.3,18.0,ATLANTIC HURON,IMO8025680,VCQN,70,0,224,23,9.5,70,A
316206000,2022-01-01T10:10:38,43.93803,-87.20318,6.5,21.2,18.0,ATLANTIC HURON,IMO8025680,VCQN,70,0,224,23,9.5,70,A
316206000,2022-01-01T10:13:58,43.94371,-87.20025,6.5,19.9,18.0,ATLANTIC HURON,IMO8025680,VCQN,70,0,224,23,9.5,70,A
316206000,2022-01-01T10:20:59,43.95546,-87.19375,6.5,20.6,18.0,ATLANTIC HURON,IMO8025680,VCQN,70,0,224,23,9.5,70,A
316206000,2022-01-01T10:16:17,43.94763,-87.19807,6.5,22.1,19.0,ATLANTIC HURON,IMO8025680,VCQN,70,0,224,23,9.5,70,A
316206000,2022-01-01T10:12:48,43.94173,-87.20129,6.4,18.8,18.0,ATLANTIC HURON,IMO8025680,VCQN,70,0,224,23,9.5,70,A
316206000,2022-01-01T10:23:17,43.95932,-87.19171,6.5,19.5,18.0,ATLANTIC HURON,IMO8025680,VCQN,70,0,224,23,9.5,70,A
316206000,2022-01-01T10:24:27,43.96129,-87.19067,6.4,20.1,18.0,ATLANTIC HURON,IMO8025680,VCQN,70,0,224,23,9.5,70,A
316206000,2022-01-01T09:58:07,43.91744,-87.21467,6.2,19.5,18.0,ATLANTIC HURON,IMO8025680,VCQN,70,0,224,23,9.5,70,A
316206000,2022-01-01T09:59:18,43.91930,-87.21366,6.1,21.8,18.0,ATLANTIC HURON,IMO8025680,VCQN,70,0,224,23,9.5,70,A
316206000,2022-01-01T10:00:08,43.92063,-87.21290,6.2,23.1,18.0,ATLANTIC HURON,IMO8025680,VCQN,70,0,224,23,9.5,70,A
316206000,2022-01-01T10:18:37,43.95152,-87.19587,6.3,22.4,18.0,ATLANTIC HURON,IMO8025680,VCQN,70,0,224,23,9.5,70,A
316206000,2022-01-01T10:27:59,43.96722,-87.18750,6.6,21.6,19.0,ATLANTIC HURON,IMO8025680,VCQN,70,0,224,23,9.5,70,A
316206000,2022-01-01T10:04:48,43.92833,-87.20850,6.4,22.0,19.0,ATLANTIC HURON,IMO8025680,VCQN,70,0,224,23,9.5,70,A
316206000,2022-01-01T10:17:28,43.94960,-87.19692,6.6,21.5,18.0,ATLANTIC HURON,IMO8025680,VCQN,70,0,224,23,9.5,70,A
316206000,2022-01-01T10:09:28,43.93607,-87.20426,6.4,23.0,18.0,ATLANTIC HURON,IMO8025680,VCQN,70,0,224,23,9.5,70,A
316206000,2022-01-01T10:35:59,43.98017,-87.18031,5.9,21.2,19.0,ATLANTIC HURON,IMO8025680,VCQN,70,0,224,23,9.5,70,A
316206000,2022-01-01T10:19:47,43.95347,-87.19481,6.3,22.1,18.0,ATLANTIC HURON,IMO8025680,VCQN,70,0,224,23,9.5,70,A
316206000,2022-01-01T10:11:47,43.94003,-87.20215,6.5,18.7,18.0,ATLANTIC HURON,IMO8025680,VCQN,70,0,224,23,9.5,70,A
316206000,2022-01-01T10:32:28,43.97456,-87.18347,6.2,22.5,19.0,ATLANTIC HURON,IMO8025680,VCQN,70,0,224,23,9.5,70,A
316206000,2022-01-01T10:38:17,43.98380,-87.17823,6.1,21.3,19.0,ATLANTIC HURON,IMO8025680,VCQN,70,0,224,23,9.5,70,A
316206000,2022-01-01T10:26:48,43.96522,-87.18858,6.5,19.5,19.0,ATLANTIC HURON,IMO8025680,VCQN,70,0,224,23,9.5,70,A
316206000,2022-01-01T11:08:18,44.03390,-87.14904,6.5,23.4,20.0,ATLANTIC HURON,IMO8025680,VCQN,70,0,224,23,9.5,70,A
316206000,2022-01-01T10:44:07,43.99300,-87.17291,6.3,24.0,20.0,ATLANTIC HURON,IMO8025680,VCQN,70,0,224,23,9.5,70,A
316206000,2022-01-01T11:09:27,44.03585,-87.14789,6.8,22.9,20.0,ATLANTIC HURON,IMO8025680,VCQN,70,0,224,23,9.5,70,A
316206000,2022-01-01T10:47:29,43.99845,-87.16952,6.4,24.4,20.0,ATLANTIC HURON,IMO8025680,VCQN,70,0,224,23,9.5,70,A
316206000,2022-01-01T10:31:18,43.97269,-87.18453,6.2,20.3,19.0,ATLANTIC HURON,IMO8025680,VCQN,70,0,224,23,9.5,70,A
316206000,2022-01-01T10:39:27,43.98559,-87.17719,5.8,22.3,19.0,ATLANTIC HURON,IMO8025680,VCQN,70,0,224,23,9.5,70,A
316206000,2022-01-01T10:34:47,43.97829,-87.18134,6.2,24.4,19.0,ATLANTIC HURON,IMO8025680,VCQN,70,0,224,23,9.5,70,A
316206000,2022-01-01T10:40:37,43.98737,-87.17620,6.0,21.4,20.0,ATLANTIC HURON,IMO8025680,VCQN,70,0,224,23,9.5,70,A
316206000,2022-01-01T10:49:48,44.00231,-87.16720,6.4,23.9,20.0,ATLANTIC HURON,IMO8025680,VCQN,70,0,224,23,9.5,70,A
316206000,2022-01-01T10:25:37,43.96327,-87.18962,6.4,21.5,19.0,ATLANTIC HURON,IMO8025680,VCQN,70,0,224,23,9.5,70,A
316206000,2022-01-01T10:54:28,44.01021,-87.16260,6.6,22.5,20.0,ATLANTIC HURON,IMO8025680,VCQN,70,0,224,23,9.5,70,A
316206000,2022-01-01T11:26:47,44.06483,-87.13078,6.6,21.6,20.0,ATLANTIC HURON,IMO8025680,VCQN,70,0,224,23,9.5,70,A
316206000,2022-01-01T10:45:18,43.99491,-87.17174,6.5,24.5,20.0,ATLANTIC HURON,IMO8025680,VCQN,70,0,224,23,9.5,70,A
316206000,2022-01-01T10:53:27,44.00851,-87.16361,6.6,22.7,20.0,ATLANTIC HURON,IMO8025680,VCQN,70,0,224,23,9.5,70,A
316206000,2022-01-01T10:56:49,44.01424,-87.16022,6.8,21.8,20.0,ATLANTIC HURON,IMO8025680,VCQN,70,0,224,23,9.5,70,A
316206000,2022-01-01T11:31:27,44.07288,-87.12631,6.3,22.3,20.0,ATLANTIC HURON,IMO8025680,VCQN,70,0,224,23,9.5,70,A
316206000,2022-01-01T11:01:18,44.02200,-87.15583,6.6,22.2,20.0,ATLANTIC HURON,IMO8025680,VCQN,70,0,224,23,9.5,70,A
316206000,2022-01-01T10:59:07,44.01825,-87.15800,6.5,20.7,20.0,ATLANTIC HURON,IMO8025680,VCQN,70,0,224,23,9.5,70,A
316206000,2022-01-01T11:00:07,44.01996,-87.15700,6.5,23.0,20.0,ATLANTIC HURON,IMO8025680,VCQN,70,0,224,23,9.5,70,A
316206000,2022-01-01T11:33:38,44.07650,-87.12419,6.2,23.7,20.0,ATLANTIC HURON,IMO8025680,VCQN,70,0,224,23,9.5,70,A
316206000,2022-01-01T11:02:27,44.02396,-87.15475,6.5,20.6,20.0,ATLANTIC HURON,IMO8025680,VCQN,70,0,224,23,9.5,70,A
316206000,2022-01-01T10:48:37,44.00036,-87.16838,6.5,23.3,20.0,ATLANTIC HURON,IMO8025680,VCQN,70,0,224,23,9.5,70,A
316206000,2022-01-01T10:57:57,44.01626,-87.15911,6.6,21.6,20.0,ATLANTIC HURON,IMO8025680,VCQN,70,0,224,23,9.5,70,A
316206000,2022-01-01T04:58:47,43.32799,-87.55866,8.3,23.0,21.0,ATLANTIC HURON,IMO8025680,VCQN,70,0,224,23,9.5,70,A
316206000,2022-01-01T11:07:08,44.03191,-87.15020,6.6,22.3,20.0,ATLANTIC HURON,IMO8025680,VCQN,70,0,224,23,9.5,70,A
316206000,2022-01-01T10:41:49,43.98926,-87.17514,6.2,22.7,20.0,ATLANTIC HURON,IMO8025680,VCQN,70,0,224,23,9.5,70,A
316206000,2022-01-01T11:11:39,44.03963,-87.14572,6.6,21.7,20.0,ATLANTIC HURON,IMO8025680,VCQN,70,0,224,23,9.5,70,A
316206000,2022-01-01T11:12:48,44.04160,-87.14455,6.7,23.4,20.0,ATLANTIC HURON,IMO8025680,VCQN,70,0,224,23,9.5,70,A
316206000,2022-01-01T11:10:37,44.03784,-87.14674,6.7,23.5,20.0,ATLANTIC HURON,IMO8025680,VCQN,70,0,224,23,9.5,70,A
316206000,2022-01-01T11:46:37,44.09811,-87.11134,6.2,23.9,20.0,ATLANTIC HURON,IMO8025680,VCQN,70,0,224,23,9.5,70,A
316206000,2022-01-01T05:06:08,43.34377,-87.54963,8.4,23.4,20.0,ATLANTIC HURON,IMO8025680,VCQN,70,0,224,23,9.5,70,A
316206000,2022-01-01T11:18:37,44.05116,-87.13889,6.3,22.1,20.0,ATLANTIC HURON,IMO8025680,VCQN,70,0,224,23,9.5,70,A
316206000,2022-01-01T11:16:27,44.04765,-87.14102,6.2,26.2,20.0,ATLANTIC HURON,IMO8025680,VCQN,70,0,224,23,9.5,70,A
316206000,2022-01-01T10:46:28,43.99679,-87.17054,6.4,23.1,20.0,ATLANTIC HURON,IMO8025680,VCQN,70,0,224,23,9.5,70,A
316206000,2022-01-01T11:14:08,44.04382,-87.14322,6.5,21.2,20.0,ATLANTIC HURON,IMO8025680,VCQN,70,0,224,23,9.5,70,A
316206000,2022-01-01T11:05:58,44.02994,-87.15128,6.6,21.3,20.0,ATLANTIC HURON,IMO8025680,VCQN,70,0,224,23,9.5,70,A
316206000,2022-01-01T11:20:57,44.05505,-87.13660,6.5,23.8,20.0,ATLANTIC HURON,IMO8025680,VCQN,70,0,224,23,9.5,70,A
316206000,2022-01-01T11:17:28,44.04925,-87.14002,6.1,22.5,20.0,ATLANTIC HURON,IMO8025680,VCQN,70,0,224,23,9.5,70,A
316206000,2022-01-01T10:50:57,44.00427,-87.16604,6.5,21.5,20.0,ATLANTIC HURON,IMO8025680,VCQN,70,0,224,23,9.5,70,A
316206000,2022-01-01T11:19:48,44.05310,-87.13777,6.3,24.3,20.0,ATLANTIC HURON,IMO8025680,VCQN,70,0,224,23,9.5,70,A
316206000,2022-01-01T10:55:39,44.01224,-87.16141,6.6,22.8,20.0,ATLANTIC HURON,IMO8025680,VCQN,70,0,224,23,9.5,70,A
316206000,2022-01-01T05:10:38,43.35348,-87.54417,8.4,20.8,20.0,ATLANTIC HURON,IMO8025680,VCQN,70,0,224,23,9.5,70,A
316206000,2022-01-01T11:30:17,44.07090,-87.12744,6.5,21.4,20.0,ATLANTIC HURON,IMO8025680,VCQN,70,0,224,23,9.5,70,A
316206000,2022-01-01T11:15:18,44.04574,-87.14213,6.3,20.6,20.0,ATLANTIC HURON,IMO8025680,VCQN,70,0,224,23,9.5,70,A
316206000,2022-01-01T11:24:28,44.06094,-87.13309,6.4,22.6,20.0,ATLANTIC HURON,IMO8025680,VCQN,70,0,224,23,9.5,70,A
316206000,2022-01-01T11:03:39,44.02598,-87.15358,6.6,23.7,20.0,ATLANTIC HURON,IMO8025680,VCQN,70,0,224,23,9.5,70,A
316206000,2022-01-01T11:04:49,44.02795,-87.15242,6.6,23.6,20.0,ATLANTIC HURON,IMO8025680,VCQN,70,0,224,23,9.5,70,A
316206000,2022-01-01T11:38:27,44.08457,-87.11939,6.5,22.4,20.0,ATLANTIC HURON,IMO8025680,VCQN,70,0,224,23,9.5,70,A
316206000,2022-01-01T11:29:08,44.06888,-87.12852,6.5,19.2,20.0,ATLANTIC HURON,IMO8025680,VCQN,70,0,224,23,9.5,70,A
316206000,2022-01-01T11:36:07,44.08064,-87.12174,6.5,24.3,20.0,ATLANTIC HURON,IMO8025680,VCQN,70,0,224,23,9.5,70,A
316206000,2022-01-01T12:10:38,44.13782,-87.08796,6.3,22.3,21.0,ATLANTIC HURON,IMO8025680,VCQN,70,0,224,23,9.5,70,A
316206000,2022-01-01T11:39:38,44.08651,-87.11824,6.5,22.8,20.0,ATLANTIC HURON,IMO8025680,VCQN,70,0,224,23,9.5,70,A
316206000,2022-01-01T11:25:38,44.06288,-87.13192,6.6,23.3,20.0,ATLANTIC HURON,IMO8025680,VCQN,70,0,224,23,9.5,70,A
316206000,2022-01-01T11:27:58,44.06687,-87.12960,6.7,22.6,20.0,ATLANTIC HURON,IMO8025680,VCQN,70,0,224,23,9.5,70,A
316206000,2022-01-01T05:12:58,43.35842,-87.54138,8.2,22.2,20.0,ATLANTIC HURON,IMO8025680,VCQN,70,0,224,23,9.5,70,A
316206000,2022-01-01T05:14:08,43.36086,-87.53999,8.2,23.4,20.0,ATLANTIC HURON,IMO8025680,VCQN,70,0,224,23,9.5,70,A
316206000,2022-01-01T11:40:49,44.08852,-87.11708,6.5,22.6,20.0,ATLANTIC HURON,IMO8025680,VCQN,70,0,224,23,9.5,70,A
316206000,2022-01-01T11:41:58,44.09049,-87.11593,6.5,22.9,21.0,ATLANTIC HURON,IMO8025680,VCQN,70,0,224,23,9.5,70,A
316206000,2022-01-01T11:51:07,44.10544,-87.10695,6.6,23.8,20.0,ATLANTIC HURON,IMO8025680,VCQN,70,0,224,23,9.5,70,A
316206000,2022-01-01T12:24:28,44.16024,-87.07477,6.4,23.9,20.0,ATLANTIC HURON,IMO8025680,VCQN,70,0,224,23,9.5,70,A
316206000,2022-01-01T11:44:17,44.09436,-87.11362,6.5,23.5,20.0,ATLANTIC HURON,IMO8025680,VCQN,70,0,224,23,9.5,70,A
316206000,2022-01-01T11:23:17,44.05897,-87.13427,6.6,24.1,20.0,ATLANTIC HURON,IMO8025680,VCQN,70,0,224,23,9.5,70,A
316206000,2022-01-01T12:01:18,44.12263,-87.09677,6.3,24.4,20.0,ATLANTIC HURON,IMO8025680,VCQN,70,0,224,23,9.5,70,A
316206000,2022-01-01T11:49:58,44.10350,-87.10810,6.5,23.4,20.0,ATLANTIC HURON,IMO8025680,VCQN,70,0,224,23,9.5,70,A
316206000,2022-01-01T11:54:27,44.11099,-87.10357,6.6,24.5,20.0,ATLANTIC HURON,IMO8025680,VCQN,70,0,224,23,9.5,70,A
316206000,2022-01-01T11:48:48,44.10160,-87.10923,6.3,24.1,20.0,ATLANTIC HURON,IMO8025680,VCQN,70,0,224,23,9.5,70,A
316206000,2022-01-01T12:09:27,44.13591,-87.08912,6.2,23.9,21.0,ATLANTIC HURON,IMO8025680,VCQN,70,0,224,23,9.5,70,A
316206000,2022-01-01T11:32:37,44.07482,-87.12519,6.4,23.2,20.0,ATLANTIC HURON,IMO8025680,VCQN,70,0,224,23,9.5,70,A
316206000,2022-01-01T11:57:48,44.11673,-87.10026,6.6,22.5,20.0,ATLANTIC HURON,IMO8025680,VCQN,70,0,224,23,9.5,70,A
316206000,2022-01-01T12:12:57,44.14151,-87.08578,6.1,24.2,21.0,ATLANTIC HURON,IMO8025680,VCQN,70,0,224,23,9.5,70,A
316206000,2022-01-01T11:58:58,44.11872,-87.09908,6.6,22.9,21.0,ATLANTIC HURON,IMO8025680,VCQN,70,0,224,23,9.5,70,A
316206000,2022-01-01T11:34:49,44.07846,-87.12302,6.5,21.8,20.0,ATLANTIC HURON,IMO8025680,VCQN,70,0,224,23,9.5,70,A
316206000,2022-01-01T12:00:07,44.12065,-87.09792,6.5,23.9,20.0,ATLANTIC HURON,IMO8025680,VCQN,70,0,224,23,9.5,70,A
316206000,2022-01-01T12:39:38,44.18498,-87.06045,6.4,22.3,20.0,ATLANTIC HURON,IMO8025680,VCQN,70,0,224,23,9.5,70,A
316206000,2022-01-01T12:40:48,44.18687,-87.05934,6.2,22.8,21.0,ATLANTIC HURON,IMO8025680,VCQN,70,0,224,23,9.5,70,A
316206000,2022-01-01T11:53:18,44.10905,-87.10477,6.4,23.9,20.0,ATLANTIC HURON,IMO8025680,VCQN,70,0,224,23,9.5,70,A
316206000,2022-01-01T12:02:27,44.12453,-87.09572,6.5,21.8,20.0,ATLANTIC HURON,IMO8025680,VCQN,70,0,224,23,9.5,70,A
316206000,2022-01-01T12:05:57,44.13034,-87.09237,6.4,23.6,20.0,ATLANTIC HURON,IMO8025680,VCQN,70,0,224,23,9.5,70,A
316206000,2022-01-01T12:08:17,44.13403,-87.09019,6.2,20.4,20.0,ATLANTIC HURON,IMO8025680,VCQN,70,0,224,23,9.5,70,A
316206000,2022-01-01T12:03:37,44.12650,-87.09465,6.4,21.0,20.0,ATLANTIC HURON,IMO8025680,VCQN,70,0,224,23,9.5,70,A
316206000,2022-01-01T12:07:08,44.13220,-87.09124,6.1,22.9,20.0,ATLANTIC HURON,IMO8025680,VCQN,70,0,224,23,9.5,70,A
316206000,2022-01-01T12:11:49,44.13971,-87.08684,6.0,24.2,21.0,ATLANTIC HURON,IMO8025680,VCQN,70,0,224,23,9.5,70,A
316206000,2022-01-01T11:43:08,44.09242,-87.11477,6.5,24.8,20.0,ATLANTIC HURON,IMO8025680,VCQN,70,0,224,23,9.5,70,A
316206000,2022-01-01T11:45:27,44.09625,-87.11247,6.3,23.7,20.0,ATLANTIC HURON,IMO8025680,VCQN,70,0,224,23,9.5,70,A
316206000,2022-01-01T12:25:37,44.16214,-87.07370,6.3,20.5,20.0,ATLANTIC HURON,IMO8025680,VCQN,70,0,224,23,9.5,70,A
316206000,2022-01-01T12:14:07,44.14337,-87.08460,6.2,26.5,21.0,ATLANTIC HURON,IMO8025680,VCQN,70,0,224,23,9.5,70,A
316206000,2022-01-01T12:54:57,44.20994,-87.04569,6.3,23.3,20.0,ATLANTIC HURON,IMO8025680,VCQN,70,0,224,23,9.5,70,A
316206000,2022-01-01T12:21:08,44.15472,-87.07781,6.4,22.7,20.0,ATLANTIC HURON,IMO8025680,VCQN,70,0,224,23,9.5,70,A
316206000,2022-01-01T12:22:18,44.15667,-87.07671,6.4,20.1,20.0,ATLANTIC HURON,IMO8025680,VCQN,70,0,224,23,9.5,70,A
316206000,2022-01-01T11:52:17,44.10737,-87.10581,6.5,23.1,21.0,ATLANTIC HURON,IMO8025680,VCQN,70,0,224,23,9.5,70,A
316206000,2022-01-01T12:19:58,44.15285,-87.07897,6.3,25.2,21.0,ATLANTIC HURON,IMO8025680,VCQN,70,0,224,23,9.5,70,A
316206000,2022-01-01T05:31:37,43.39698,-87.51958,8.2,23.0,21.0,ATLANTIC HURON,IMO8025680,VCQN,70,0,224,23,9.5,70,A
316206000,2022-01-01T11:56:38,44.11469,-87.10142,6.6,22.7,20.0,ATLANTIC HURON,IMO8025680,VCQN,70,0,224,23,9.5,70,A
316206000,2022-01-01T12:15:18,44.14522,-87.08345,6.2,23.8,20.0,ATLANTIC HURON,IMO8025680,VCQN,70,0,224,23,9.5,70,A
316206000,2022-01-01T12:23:27,44.15856,-87.07569,6.4,20.5,20.0,ATLANTIC HURON,IMO8025680,VCQN,70,0,224,23,9.5,70,A
316206000,2022-01-01T12:31:27,44.17155,-87.06821,6.3,19.4,20.0,ATLANTIC HURON,IMO8025680,VCQN,70,0,224,23,9.5,70,A
316206000,2022-01-01T12:17:38,44.14900,-87.08122,6.4,21.6,20.0,ATLANTIC HURON,IMO8025680,VCQN,70,0,224,23,9.5,70,A
316206000,2022-01-01T12:33:47,44.17544,-87.06606,6.3,20.8,20.0,ATLANTIC HURON,IMO8025680,VCQN,70,0,224,23,9.5,70,A
316206000,2022-01-01T12:18:49,44.15094,-87.08011,6.3,23.0,21.0,ATLANTIC HURON,IMO8025680,VCQN,70,0,224,23,9.5,70,A
316206000,2022-01-01T12:26:49,44.16409,-87.07260,6.4,23.0,20.0,ATLANTIC HURON,IMO8025680,VCQN,70,0,224,23,9.5,70,A
316206000,2022-01-01T12:45:28,44.19452,-87.05492,6.4,22.7,20.0,ATLANTIC HURON,IMO8025680,VCQN,70,0,224,23,9.5,70,A
316206000,2022-01-01T12:04:47,44.12841,-87.09357,6.5,23.5,20.0,ATLANTIC HURON,IMO8025680,VCQN,70,0,224,23,9.5,70,A
316206000,2022-01-01T12:51:18,44.20403,-87.04913,6.2,22.2,20.0,ATLANTIC HURON,IMO8025680,VCQN,70,0,224,23,9.5,70,A
316206000,2022-01-01T12:27:59,44.16600,-87.07147,6.3,23.1,20.0,ATLANTIC HURON,IMO8025680,VCQN,70,0,224,23,9.5,70,A
316206000,2022-01-01T12:29:08,44.16785,-87.07037,6.2,23.2,20.0,ATLANTIC HURON,IMO8025680,VCQN,70,0,224,23,9.5,70,A
316206000,2022-01-01T12:32:38,44.17352,-87.06712,6.4,21.3,20.0,ATLANTIC HURON,IMO8025680,VCQN,70,0,224,23,9.5,70,A
316206000,2022-01-01T13:24:17,44.25927,-87.01702,6.5,22.6,21.0,ATLANTIC HURON,IMO8025680,VCQN,70,0,224,23,9.5,70,A
316206000,2022-01-01T12:41:58,44.18879,-87.05826,6.3,21.9,21.0,ATLANTIC HURON,IMO8025680,VCQN,70,0,224,23,9.5,70,A
316206000,2022-01-01T12:46:37,44.19642,-87.05381,6.3,24.4,20.0,ATLANTIC HURON,IMO8025680,VCQN,70,0,224,23,9.5,70,A
316206000,2022-01-01T12:36:08,44.17923,-87.06387,6.4,22.3,20.0,ATLANTIC HURON,IMO8025680,VCQN,70,0,224,23,9.5,70,A
316206000,2022-01-01T12:50:07,44.20211,-87.05028,6.4,24.6,20.0,ATLANTIC HURON,IMO8025680,VCQN,70,0,224,23,9.5,70,A
316206000,2022-01-01T12:16:27,44.14710,-87.08234,6.3,24.2,20.0,ATLANTIC HURON,IMO8025680,VCQN,70,0,224,23,9.5,70,A
316206000,2022-01-01T13:34:39,44.27671,-87.00646,6.4,24.1,21.0,ATLANTIC HURON,IMO8025680,VCQN,70,0,224,23,9.5,70,A
316206000,2022-01-01T13:03:28,44.22411,-87.03739,6.5,22.9,20.0,ATLANTIC HURON,IMO8025680,VCQN,70,0,224,23,9.5,70,A
316206000,2022-01-01T05:49:58,43.43499,-87.49715,8.1,22.4,20.0,ATLANTIC HURON,IMO8025680,VCQN,70,0,224,23,9.5,70,A
316206000,2022-01-01T12:44:18,44.19261,-87.05607,6.4,24.1,21.0,ATLANTIC HURON,IMO8025680,VCQN,70,0,224,23,9.5,70,A
316206000,2022-01-01T13:36:58,44.28053,-87.00420,6.3,22.9,21.0,ATLANTIC HURON,IMO8025680,VCQN,70,0,224,23,9.5,70,A
316206000,2022-01-01T12:52:27,44.20591,-87.04803,6.3,21.6,21.0,ATLANTIC HURON,IMO8025680,VCQN,70,0,224,23,9.5,70,A
316206000,2022-01-01T12:53:48,44.20805,-87.04679,6.3,24.7,20.0,ATLANTIC HURON,IMO8025680,VCQN,70,0,224,23,9.5,70,A
316206000,2022-01-01T13:02:18,44.22212,-87.03853,6.5,22.2,20.0,ATLANTIC HURON,IMO8025680,VCQN,70,0,224,23,9.5,70,A
316206000,2022-01-01T13:10:27,44.23568,-87.03052,6.6,23.0,20.0,ATLANTIC HURON,IMO8025680,VCQN,70,0,224,23,9.5,70,A
316206000,2022-01-01T12:58:28,44.21570,-87.04227,6.6,22.8,21.0,ATLANTIC HURON,IMO8025680,VCQN,70,0,224,23,9.5,70,A
316206000,2022-01-01T12:30:18,44.16971,-87.06925,6.2,21.4,21.0,ATLANTIC HURON,IMO8025680,VCQN,70,0,224,23,9.5,70,A
316206000,2022-01-01T13:12:48,44.23965,-87.02822,6.6,22.4,20.0,ATLANTIC HURON,IMO8025680,VCQN,70,0,224,23,9.5,70,A
316206000,2022-01-01T13:00:08,44.21846,-87.04064,6.7,21.2,20.0,ATLANTIC HURON,IMO8025680,VCQN,70,0,224,23,9.5,70,A
316206000,2022-01-01T13:50:09,44.30196,-86.99147,6.3,22.7,22.0,ATLANTIC HURON,IMO8025680,VCQN,70,0,224,23,9.5,70,A
316206000,2022-01-01T13:15:08,44.24358,-87.02597,6.6,22.3,20.0,ATLANTIC HURON,IMO8025680,VCQN,70,0,224,23,9.5,70,A
316206000,2022-01-01T13:01:17,44.22043,-87.03948,6.7,21.6,20.0,ATLANTIC HURON,IMO8025680,VCQN,70,0,224,23,9.5,70,A
316206000,2022-01-01T12:56:07,44.21184,-87.04453,6.5,23.2,21.0,ATLANTIC HURON,IMO8025680,VCQN,70,0,224,23,9.5,70,A
316206000,2022-01-01T12:34:58,44.17733,-87.06498,6.3,24.1,20.0,ATLANTIC HURON,IMO8025680,VCQN,70,0,224,23,9.5,70,A
316206000,2022-01-01T12:57:18,44.21377,-87.04340,6.3,22.9,20.0,ATLANTIC HURON,IMO8025680,VCQN,70,0,224,23,9.5,70,A
316206000,2022-01-01T13:04:37,44.22601,-87.03629,6.5,23.7,20.0,ATLANTIC HURON,IMO8025680,VCQN,70,0,224,23,9.5,70,A
316206000,2022-01-01T13:19:38,44.25127,-87.02164,6.7,21.5,20.0,ATLANTIC HURON,IMO8025680,VCQN,70,0,224,23,9.5,70,A
316206000,2022-01-01T12:38:27,44.18305,-87.06158,6.3,21.9,20.0,ATLANTIC HURON,IMO8025680,VCQN,70,0,224,23,9.5,70,A
316206000,2022-01-01T13:59:29,44.31728,-86.98218,6.1,22.4,21.0,ATLANTIC HURON,IMO8025680,VCQN,70,0,224,23,9.5,70,A
316206000,2022-01-01T14:00:07,44.31833,-86.98157,6.2,22.7,21.0,ATLANTIC HURON,IMO8025680,VCQN,70,0,224,23,9.5,70,A
316206000,2022-01-01T13:08:07,44.23179,-87.03289,6.4,21.0,21.0,ATLANTIC HURON,IMO8025680,VCQN,70,0,224,23,9.5,70,A
316206000,2022-01-01T13:05:48,44.22798,-87.03512,6.6,22.8,20.0,ATLANTIC HURON,IMO8025680,VCQN,70,0,224,23,9.5,70,A
316206000,2022-01-01T13:17:28,44.24755,-87.02370,6.6,20.9,20.0,ATLANTIC HURON,IMO8025680,VCQN,70,0,224,23,9.5,70,A
316206000,2022-01-01T13:06:58,44.22994,-87.03401,6.4,22.4,21.0,ATLANTIC HURON,IMO8025680,VCQN,70,0,224,23,9.5,70,A
316206000,2022-01-01T13:18:37,44.24952,-87.02260,6.6,22.5,20.0,ATLANTIC HURON,IMO8025680,VCQN,70,0,224,23,9.5,70,A
316206000,2022-01-01T12:43:08,44.19070,-87.05718,6.3,22.8,21.0,ATLANTIC HURON,IMO8025680,VCQN,70,0,224,23,9.5,70,A
316206000,2022-01-01T13:20:48,44.25333,-87.02048,6.6,22.9,20.0,ATLANTIC HURON,IMO8025680,VCQN,70,0,224,23,9.5,70,A
316206000,2022-01-01T13:27:47,44.26521,-87.01352,6.8,22.6,22.0,ATLANTIC HURON,IMO8025680,VCQN,70,0,224,23,9.5,70,A
316206000,2022-01-01T06:02:18,43.46077,-87.48250,8.1,23.1,20.0,ATLANTIC HURON,IMO8025680,VCQN,70,0,224,23,9.5,70,A
316206000,2022-01-01T13:21:57,44.25528,-87.01936,6.7,22.5,21.0,ATLANTIC HURON,IMO8025680,VCQN,70,0,224,23,9.5,70,A
316206000,2022-01-01T14:10:29,44.33517,-86.97151,6.3,22.0,21.0,ATLANTIC HURON,IMO8025680,VCQN,70,0,224,23,9.5,70,A
316206000,2022-01-01T13:30:08,44.26925,-87.01106,6.7,25.4,22.0,ATLANTIC HURON,IMO8025680,VCQN,70,0,224,23,9.5,70,A
316206000,2022-01-01T14:11:38,44.33709,-86.97040,6.4,22.7,22.0,ATLANTIC HURON,IMO8025680,VCQN,70,0,224,23,9.5,70,A
316206000,2022-01-01T13:16:18,44.24558,-87.02480,6.6,21.6,20.0,ATLANTIC HURON,IMO8025680,VCQN,70,0,224,23,9.5,70,A
316206000,2022-01-01T14:15:08,44.34279,-86.96703,6.2,22.0,22.0,ATLANTIC HURON,IMO8025680,VCQN,70,0,224,23,9.5,70,A
316206000,2022-01-01T13:35:49,44.27861,-87.00533,6.4,24.3,21.0,ATLANTIC HURON,IMO8025680,VCQN,70,0,224,23,9.5,70,A
316206000,2022-01-01T13:31:18,44.27123,-87.00986,6.6,24.2,22.0,ATLANTIC HURON,IMO8025680,VCQN,70,0,224,23,9.5,70,A
316206000,2022-01-01T13:25:28,44.26126,-87.01588,6.5,22.2,21.0,ATLANTIC HURON,IMO8025680,VCQN,70,0,224,23,9.5,70,A
316206000,2022-01-01T13:26:38,44.26324,-87.01471,6.8,22.9,22.0,ATLANTIC HURON,IMO8025680,VCQN,70,0,224,23,9.5,70,A
316206000,2022-01-01T13:41:47,44.28832,-86.99959,6.4,23.4,21.0,ATLANTIC HURON,IMO8025680,VCQN,70,0,224,23,9.5,70,A
316206000,2022-01-01T14:28:58,44.36583,-86.95348,6.7,21.7,21.0,ATLANTIC HURON,IMO8025680,VCQN,70,0,224,23,9.5,70,A
316206000,2022-01-01T13:28:58,44.26726,-87.01229,6.5,24.9,22.0,ATLANTIC HURON,IMO8025680,VCQN,70,0,224,23,9.5,70,A
316206000,2022-01-01T13:42:57,44.29021,-86.99851,6.3,22.3,21.0,ATLANTIC HURON,IMO8025680,VCQN,70,0,224,23,9.5,70,A
316206000,2022-01-01T13:48:57,44.30000,-86.99265,6.4,23.2,21.0,ATLANTIC HURON,IMO8025680,VCQN,70,0,224,23,9.5,70,A
316206000,2022-01-01T13:39:29,44.28458,-87.00181,6.4,21.9,21.0,ATLANTIC HURON,IMO8025680,VCQN,70,0,224,23,9.5,70,A
316206000,2022-01-01T13:11:37,44.23763,-87.02935,6.6,22.3,20.0,ATLANTIC HURON,IMO8025680,VCQN,70,0,224,23,9.5,70,A
316206000,2022-01-01T13:38:07,44.28239,-87.00312,6.4,23.6,21.0,ATLANTIC HURON,IMO8025680,VCQN,70,0,224,23,9.5,70,A
316206000,2022-01-01T13:44:09,44.29215,-86.99738,6.5,24.1,22.0,ATLANTIC HURON,IMO8025680,VCQN,70,0,224,23,9.5,70,A
316206000,2022-01-01T13:45:28,44.29433,-86.99608,6.3,22.9,21.0,ATLANTIC HURON,IMO8025680,VCQN,70,0,224,23,9.5,70,A
316206000,2022-01-01T13:46:38,44.29620,-86.99496,6.3,23.5,21.0,ATLANTIC HURON,IMO8025680,VCQN,70,0,224,23,9.5,70,A
316206000,2022-01-01T13:13:58,44.24160,-87.02712,6.5,23.5,20.0,ATLANTIC HURON,IMO8025680,VCQN,70,0,224,23,9.5,70,A
316206000,2022-01-01T13:52:28,44.30581,-86.98916,6.3,23.9,21.0,ATLANTIC HURON,IMO8025680,VCQN,70,0,224,23,9.5,70,A
316206000,2022-01-01T14:46:28,44.39571,-86.93691,6.5,22.2,21.0,ATLANTIC HURON,IMO8025680,VCQN,70,0,224,23,9.5,70,A
316206000,2022-01-01T14:47:37,44.39769,-86.93576,6.7,23.7,21.0,ATLANTIC HURON,IMO8025680,VCQN,70,0,224,23,9.5,70,A
316206000,2022-01-01T14:07:07,44.32964,-86.97480,6.3,21.6,21.0,ATLANTIC HURON,IMO8025680,VCQN,70,0,224,23,9.5,70,A
316206000,2022-01-01T13:58:19,44.31540,-86.98331,6.4,22.3,21.0,ATLANTIC HURON,IMO8025680,VCQN,70,0,224,23,9.5,70,A
316206000,2022-01-01T13:32:28,44.27312,-87.00865,6.4,25.5,22.0,ATLANTIC HURON,IMO8025680,VCQN,70,0,224,23,9.5,70,A
316206000,2022-01-01T13:55:58,44.31155,-86.98564,6.5,23.8,21.0,ATLANTIC HURON,IMO8025680,VCQN,70,0,224,23,9.5,70,A
316206000,2022-01-01T06:18:07,43.49365,-87.46361,8.0,23.6,22.0,ATLANTIC HURON,IMO8025680,VCQN,70,0,224,23,9.5,70,A
316206000,2022-01-01T14:12:48,44.33902,-86.96924,6.4,21.9,22.0,ATLANTIC HURON,IMO8025680,VCQN,70,0,224,23,9.5,70,A
316206000,2022-01-01T14:56:49,44.41323,-86.92701,6.6,21.0,22.0,ATLANTIC HURON,IMO8025680,VCQN,70,0,224,23,9.5,70,A
316206000,2022-01-01T14:05:57,44.32774,-86.97588,6.2,22.0,21.0,ATLANTIC HURON,IMO8025680,VCQN,70,0,224,23,9.5,70,A
316206000,2022-01-01T14:57:57,44.41513,-86.92590,6.5,21.7,22.0,ATLANTIC HURON,IMO8025680,VCQN,70,0,224,23,9.5,70,A
316206000,2022-01-01T14:17:28,44.34661,-86.96479,6.2,22.6,22.0,ATLANTIC HURON,IMO8025680,VCQN,70,0,224,23,9.5,70,A
316206000,2022-01-01T14:01:18,44.32018,-86.98041,6.4,24.1,21.0,ATLANTIC HURON,IMO8025680,VCQN,70,0,224,23,9.5,70,A
316206000,2022-01-01T14:03:38,44.32395,-86.97810,6.5,23.9,21.0,ATLANTIC HURON,IMO8025680,VCQN,70,0,224,23,9.5,70,A
316206000,2022-01-01T14:19:48,44.35041,-86.96244,6.5,23.4,21.0,ATLANTIC HURON,IMO8025680,VCQN,70,0,224,23,9.5,70,A
316206000,2022-01-01T14:13:58,44.34089,-86.96812,6.4,22.2,21.0,ATLANTIC HURON,IMO8025680,VCQN,70,0,224,23,9.5,70,A
316206000,2022-01-01T14:25:28,44.35986,-86.95680,6.6,21.7,21.0,ATLANTIC HURON,IMO8025680,VCQN,70,0,224,23,9.5,70,A
316206000,2022-01-01T14:08:17,44.33158,-86.97364,6.4,23.3,22.0,ATLANTIC HURON,IMO8025680,VCQN,70,0,224,23,9.5,70,A
316206000,2022-01-01T15:07:17,44.43071,-86.91677,6.5,23.4,22.0,ATLANTIC HURON,IMO8025680,VCQN,70,0,224,23,9.5,70,A
316206000,2022-01-01T13:47:48,44.29811,-86.99379,6.4,24.6,21.0,ATLANTIC HURON,IMO8025680,VCQN,70,0,224,23,9.5,70,A
316206000,2022-01-01T14:09:18,44.33323,-86.97265,6.3,22.6,21.0,ATLANTIC HURON,IMO8025680,VCQN,70,0,224,23,9.5,70,A
316206000,2022-01-01T15:08:28,44.43265,-86.91558,6.6,24.0,22.0,ATLANTIC HURON,IMO8025680,VCQN,70,0,224,23,9.5,70,A
316206000,2022-01-01T14:31:17,44.36973,-86.95128,6.5,21.2,21.0,ATLANTIC HURON,IMO8025680,VCQN,70,0,224,23,9.5,70,A
316206000,2022-01-01T14:32:27,44.37169,-86.95020,6.5,21.2,21.0,ATLANTIC HURON,IMO8025680,VCQN,70,0,224,23,9.5,70,A
316206000,2022-01-01T13:53:48,44.30799,-86.98786,6.5,23.3,21.0,ATLANTIC HURON,IMO8025680,VCQN,70,0,224,23,9.5,70,A
316206000,2022-01-01T14:34:48,44.37569,-86.94800,6.6,21.7,21.0,ATLANTIC HURON,IMO8025680,VCQN,70,0,224,23,9.5,70,A
316206000,2022-01-01T14:38:19,44.38160,-86.94479,6.5,21.7,21.0,ATLANTIC HURON,IMO8025680,VCQN,70,0,224,23,9.5,70,A
316206000,2022-01-01T14:27:47,44.36381,-86.95461,6.6,21.0,21.0,ATLANTIC HURON,IMO8025680,VCQN,70,0,224,23,9.5,70,A
316206000,2022-01-01T14:20:57,44.35231,-86.96128,6.4,24.0,22.0,ATLANTIC HURON,IMO8025680,VCQN,70,0,224,23,9.5,70,A
316206000,2022-01-01T14:24:17,44.35788,-86.95795,6.6,21.8,21.0,ATLANTIC HURON,IMO8025680,VCQN,70,0,224,23,9.5,70,A
316206000,2022-01-01T06:32:08,43.52298,-87.44679,8.1,22.0,21.0,ATLANTIC HURON,IMO8025680,VCQN,70,0,224,23,9.5,70,A
316206000,2022-01-01T14:26:38,44.36185,-86.95570,6.5,22.3,21.0,ATLANTIC HURON,IMO8025680,VCQN,70,0,224,23,9.5,70,A
316206000,2022-01-01T14:44:07,44.39168,-86.93920,6.7,21.9,21.0,ATLANTIC HURON,IMO8025680,VCQN,70,0,224,23,9.5,70,A
316206000,2022-01-01T14:02:29,44.32208,-86.97925,6.3,23.9,21.0,ATLANTIC HURON,IMO8025680,VCQN,70,0,224,23,9.5,70,A
316206000,2022-01-01T14:42:57,44.38966,-86.94030,6.7,21.2,21.0,ATLANTIC HURON,IMO8025680,VCQN,70,0,224,23,9.5,70,A
316206000,2022-01-01T14:04:48,44.32588,-86.97697,6.3,21.8,21.0,ATLANTIC HURON,IMO8025680,VCQN,70,0,224,23,9.5,70,A
316206000,2022-01-01T14:35:58,44.37764,-86.94692,6.4,19.9,21.0,ATLANTIC HURON,IMO8025680,VCQN,70,0,224,23,9.5,70,A
316206000,2022-01-01T14:51:09,44.40369,-86.93237,6.5,22.0,21.0,ATLANTIC HURON,IMO8025680,VCQN,70,0,224,23,9.5,70,A
316206000,2022-01-01T14:16:17,44.34465,-86.96593,6.4,22.9,22.0,ATLANTIC HURON,IMO8025680,VCQN,70,0,224,23,9.5,70,A
316206000,2022-01-01T14:55:47,44.41153,-86.92798,6.5,21.5,22.0,ATLANTIC HURON,IMO8025680,VCQN,70,0,224,23,9.5,70,A
316206000,2022-01-01T15:35:47,44.47791,-86.88707,6.9,23.1,22.0,ATLANTIC HURON,IMO8025680,VCQN,70,0,224,23,9.5,70,A
316206000,2022-01-01T06:38:57,43.53724,-87.43873,8.1,22.8,22.0,ATLANTIC HURON,IMO8025680,VCQN,70,0,224,23,9.5,70,A
316206000,2022-01-01T14:21:58,44.35397,-86.96027,6.4,22.6,21.0,ATLANTIC HURON,IMO8025680,VCQN,70,0,224,23,9.5,70,A
316206000,2022-01-01T15:02:28,44.42269,-86.92158,6.5,22.6,22.0,ATLANTIC HURON,IMO8025680,VCQN,70,0,224,23,9.5,70,A
316206000,2022-01-01T14:48:48,44.39971,-86.93460,6.6,22.7,22.0,ATLANTIC HURON,IMO8025680,VCQN,70,0,224,23,9.5,70,A
316206000,2022-01-01T15:04:48,44.42654,-86.91932,6.4,23.2,22.0,ATLANTIC HURON,IMO8025680,VCQN,70,0,224,23,9.5,70,A
316206000,2022-01-01T14:45:18,44.39372,-86.93806,6.7,21.5,21.0,ATLANTIC HURON,IMO8025680,VCQN,70,0,224,23,9.5,70,A
316206000,2022-01-01T14:52:17,44.40564,-86.93131,6.6,21.0,21.0,ATLANTIC HURON,IMO8025680,VCQN,70,0,224,23,9.5,70,A
316206000,2022-01-01T15:44:58,44.49430,-86.87762,7.0,23.0,21.0,ATLANTIC HURON,IMO8025680,VCQN,70,0,224,23,9.5,70,A
316206000,2022-01-01T15:11:57,44.43841,-86.91200,6.4,24.6,22.0,ATLANTIC HURON,IMO8025680,VCQN,70,0,224,23,9.5,70,A
316206000,2022-01-01T14:30:08,44.36782,-86.95236,6.6,20.9,21.0,ATLANTIC HURON,IMO8025680,VCQN,70,0,224,23,9.5,70,A
316206000,2022-01-01T15:00:08,44.41883,-86.92376,6.7,21.4,21.0,ATLANTIC HURON,IMO8025680,VCQN,70,0,224,23,9.5,70,A
316206000,2022-01-01T14:33:37,44.37369,-86.94911,6.5,23.4,21.0,ATLANTIC HURON,IMO8025680,VCQN,70,0,224,23,9.5,70,A
316206000,2022-01-01T14:53:28,44.40761,-86.93020,6.5,21.9,22.0,ATLANTIC HURON,IMO8025680,VCQN,70,0,224,23,9.5,70,A
316206000,2022-01-01T15:50:38,44.50460,-86.87175,7.0,21.0,21.0,ATLANTIC HURON,IMO8025680,VCQN,70,0,224,23,9.5,70,A
316206000,2022-01-01T14:37:08,44.37965,-86.94586,6.5,21.6,21.0,ATLANTIC HURON,IMO8025680,VCQN,70,0,224,23,9.5,70,A
316206000,2022-01-01T14:39:28,44.38355,-86.94367,6.5,22.5,21.0,ATLANTIC HURON,IMO8025680,VCQN,70,0,224,23,9.5,70,A
316206000,2022-01-01T15:09:38,44.43459,-86.91439,6.5,23.8,22.0,ATLANTIC HURON,IMO8025680,VCQN,70,0,224,23,9.5,70,A
316206000,2022-01-01T15:56:27,44.51525,-86.86589,7.1,21.7,22.0,ATLANTIC HURON,IMO8025680,VCQN,70,0,224,23,9.5,70,A
316206000,2022-01-01T14:41:48,44.38763,-86.94142,6.8,22.5,21.0,ATLANTIC HURON,IMO8025680,VCQN,70,0,224,23,9.5,70,A
316206000,2022-01-01T15:13:08,44.44028,-86.91079,6.2,24.8,22.0,ATLANTIC HURON,IMO8025680,VCQN,70,0,224,23,9.5,70,A
316206000,2022-01-01T16:01:18,44.52413,-86.86095,6.9,21.6,22.0,ATLANTIC HURON,IMO8025680,VCQN,70,0,224,23,9.5,70,A
316206000,2022-01-01T15:27:47,44.46440,-86.89554,6.3,23.3,22.0,ATLANTIC HURON,IMO8025680,VCQN,70,0,224,23,9.5,70,A
316206000,2022-01-01T06:49:18,43.55879,-87.42627,7.9,24.2,24.0,ATLANTIC HURON,IMO8025680,VCQN,70,0,224,23,9.5,70,A
316206000,2022-01-01T15:19:57,44.45137,-86.90367,6.5,25.3,22.0,ATLANTIC HURON,IMO8025680,VCQN,70,0,224,23,9.5,70,A
316206000,2022-01-01T15:16:29,44.44566,-86.90731,6.3,25.0,22.0,ATLANTIC HURON,IMO8025680,VCQN,70,0,224,23,9.5,70,A
316206000,2022-01-01T15:34:37,44.47588,-86.88829,6.8,24.3,22.0,ATLANTIC HURON,IMO8025680,VCQN,70,0,224,23,9.5,70,A
316206000,2022-01-01T15:36:58,44.47999,-86.88584,6.8,22.9,21.0,ATLANTIC HURON,IMO8025680,VCQN,70,0,224,23,9.5,70,A
316206000,2022-01-01T15:38:08,44.48206,-86.88465,6.9,22.4,22.0,ATLANTIC HURON,IMO8025680,VCQN,70,0,224,23,9.5,70,A
316206000,2022-01-01T15:23:17,44.45696,-86.90014,6.6,24.3,23.0,ATLANTIC HURON,IMO8025680,VCQN,70,0,224,23,9.5,70,A
316206000,2022-01-01T15:15:28,44.44406,-86.90834,6.4,24.9,22.0,ATLANTIC HURON,IMO8025680,VCQN,70,0,224,23,9.5,70,A
316206000,2022-01-01T15:17:37,44.44751,-86.90612,6.4,24.3,22.0,ATLANTIC HURON,IMO8025680,VCQN,70,0,224,23,9.5,70,A
316206000,2022-01-01T16:20:37,44.55936,-86.84100,7.2,24.1,22.0,ATLANTIC HURON,IMO8025680,VCQN,70,0,224,23,9.5,70,A
316206000,2022-01-01T16:21:48,44.56150,-86.83967,7.1,25.6,23.0,ATLANTIC HURON,IMO8025680,VCQN,70,0,224,23,9.5,70,A
316206000,2022-01-01T15:20:59,44.45307,-86.90258,6.6,24.3,22.0,ATLANTIC HURON,IMO8025680,VCQN,70,0,224,23,9.5,70,A
316206000,2022-01-01T15:03:38,44.42460,-86.92048,6.4,21.8,22.0,ATLANTIC HURON,IMO8025680,VCQN,70,0,224,23,9.5,70,A
316206000,2022-01-01T15:24:28,44.45889,-86.89892,6.5,23.8,23.0,ATLANTIC HURON,IMO8025680,VCQN,70,0,224,23,9.5,70,A
316206000,2022-01-01T15:32:18,44.47193,-86.89079,6.6,24.5,23.0,ATLANTIC HURON,IMO8025680,VCQN,70,0,224,23,9.5,70,A
316206000,2022-01-01T15:06:07,44.42878,-86.91796,6.6,24.1,22.0,ATLANTIC HURON,IMO8025680,VCQN,70,0,224,23,9.5,70,A
316206000,2022-01-01T16:25:28,44.56808,-86.83547,7.1,23.7,23.0,ATLANTIC HURON,IMO8025680,VCQN,70,0,224,23,9.5,70,A
316206000,2022-01-01T15:49:29,44.50247,-86.87294,7.1,22.3,22.0,ATLANTIC HURON,IMO8025680,VCQN,70,0,224,23,9.5,70,A
316206000,2022-01-01T15:46:07,44.49638,-86.87643,6.8,23.3,22.0,ATLANTIC HURON,IMO8025680,VCQN,70,0,224,23,9.5,70,A
316206000,2022-01-01T16:26:38,44.57018,-86.83419,6.9,23.2,23.0,ATLANTIC HURON,IMO8025680,VCQN,70,0,224,23,9.5,70,A
316206000,2022-01-01T06:56:07,43.57262,-87.41768,7.9,21.5,23.0,ATLANTIC HURON,IMO8025680,VCQN,70,0,224,23,9.5,70,A
316206000,2022-01-01T15:28:57,44.46630,-86.89433,6.6,24.4,23.0,ATLANTIC HURON,IMO8025680,VCQN,70,0,224,23,9.5,70,A
316206000,2022-01-01T16:27:47,44.57228,-86.83294,7.1,22.8,23.0,ATLANTIC HURON,IMO8025680,VCQN,70,0,224,23,9.5,70,A
316206000,2022-01-01T15:52:57,44.50881,-86.86942,7.0,20.1,21.0,ATLANTIC HURON,IMO8025680,VCQN,70,0,224,23,9.5,70,A
316206000,2022-01-01T15:30:08,44.46827,-86.89309,6.6,23.8,22.0,ATLANTIC HURON,IMO8025680,VCQN,70,0,224,23,9.5,70,A
316206000,2022-01-01T15:40:28,44.48619,-86.88226,6.9,22.5,21.0,ATLANTIC HURON,IMO8025680,VCQN,70,0,224,23,9.5,70,A
316206000,2022-01-01T15:39:18,44.48412,-86.88345,6.9,22.8,22.0,ATLANTIC HURON,IMO8025680,VCQN,70,0,224,23,9.5,70,A
316206000,2022-01-01T15:14:19,44.44217,-86.90956,6.3,24.7,22.0,ATLANTIC HURON,IMO8025680,VCQN,70,0,224,23,9.5,70,A
316206000,2022-01-01T15:41:37,44.48825,-86.88106,6.9,23.7,22.0,ATLANTIC HURON,IMO8025680,VCQN,70,0,224,23,9.5,70,A
316206000,2022-01-01T15:42:38,44.49004,-86.88002,7.0,22.2,21.0,ATLANTIC HURON,IMO8025680,VCQN,70,0,224,23,9.5,70,A
316206000,2022-01-01T15:43:48,44.49218,-86.87881,7.0,20.7,21.0,ATLANTIC HURON,IMO8025680,VCQN,70,0,224,23,9.5,70,A
316206000,2022-01-01T15:18:49,44.44948,-86.90487,6.5,24.8,22.0,ATLANTIC HURON,IMO8025680,VCQN,70,0,224,23,9.5,70,A
316206000,2022-01-01T16:37:08,44.58964,-86.82198,7.5,22.9,22.0,ATLANTIC HURON,IMO8025680,VCQN,70,0,224,23,9.5,70,A
316206000,2022-01-01T15:48:28,44.50064,-86.87396,7.1,22.1,21.0,ATLANTIC HURON,IMO8025680,VCQN,70,0,224,23,9.5,70,A
316206000,2022-01-01T15:22:08,44.45501,-86.90136,6.7,25.0,23.0,ATLANTIC HURON,IMO8025680,VCQN,70,0,224,23,9.5,70,A
316206000,2022-01-01T16:02:28,44.52623,-86.85980,7.1,21.4,21.0,ATLANTIC HURON,IMO8025680,VCQN,70,0,224,23,9.5,70,A
316206000,2022-01-01T15:58:48,44.51953,-86.86351,7.0,20.7,22.0,ATLANTIC HURON,IMO8025680,VCQN,70,0,224,23,9.5,70,A
316206000,2022-01-01T15:51:48,44.50668,-86.87059,7.0,21.1,21.0,ATLANTIC HURON,IMO8025680,VCQN,70,0,224,23,9.5,70,A
316206000,2022-01-01T15:47:19,44.49852,-86.87518,7.0,23.2,21.0,ATLANTIC HURON,IMO8025680,VCQN,70,0,224,23,9.5,70,A
316206000,2022-01-01T15:54:09,44.51097,-86.86825,7.0,22.2,21.0,ATLANTIC HURON,IMO8025680,VCQN,70,0,224,23,9.5,70,A
316206000,2022-01-01T15:25:38,44.46084,-86.89772,6.4,24.0,22.0,ATLANTIC HURON,IMO8025680,VCQN,70,0,224,23,9.5,70,A
316206000,2022-01-01T16:43:57,44.60256,-86.81428,7.2,22.2,23.0,ATLANTIC HURON,IMO8025680,VCQN,70,0,224,23,9.5,70,A
316206000,2022-01-01T15:26:39,44.46249,-86.89673,6.5,23.9,22.0,ATLANTIC HURON,IMO8025680,VCQN,70,0,224,23,9.5,70,A
316206000,2022-01-01T16:45:07,44.60476,-86.81302,7.3,22.2,23.0,ATLANTIC HURON,IMO8025680,VCQN,70,0,224,23,9.5,70,A
316206000,2022-01-01T15:55:17,44.51309,-86.86709,7.1,21.7,21.0,ATLANTIC HURON,IMO8025680,VCQN,70,0,224,23,9.5,70,A
316206000,2022-01-01T15:57:38,44.51739,-86.86469,7.1,21.0,22.0,ATLANTIC HURON,IMO8025680,VCQN,70,0,224,23,9.5,70,A
316206000,2022-01-01T16:09:29,44.53908,-86.85268,7.1,22.3,22.0,ATLANTIC HURON,IMO8025680,VCQN,70,0,224,23,9.5,70,A
316206000,2022-01-01T16:10:37,44.54115,-86.85150,7.0,21.7,22.0,ATLANTIC HURON,IMO8025680,VCQN,70,0,224,23,9.5,70,A
316206000,2022-01-01T16:49:47,44.61317,-86.80787,7.0,21.8,22.0,ATLANTIC HURON,IMO8025680,VCQN,70,0,224,23,9.5,70,A
316206000,2022-01-01T16:00:07,44.52196,-86.86216,7.1,21.3,22.0,ATLANTIC HURON,IMO8025680,VCQN,70,0,224,23,9.5,70,A
316206000,2022-01-01T15:59:57,44.52166,-86.86233,7.1,22.0,22.0,ATLANTIC HURON,IMO8025680,VCQN,70,0,224,23,9.5,70,A
316206000,2022-01-01T15:33:28,44.47387,-86.88955,6.7,22.7,22.0,ATLANTIC HURON,IMO8025680,VCQN,70,0,224,23,9.5,70,A
316206000,2022-01-01T07:05:57,43.59276,-87.40598,8.0,21.8,22.0,ATLANTIC HURON,IMO8025680,VCQN,70,0,224,23,9.5,70,A
316206000,2022-01-01T16:04:47,44.53049,-86.85739,7.2,22.0,21.0,ATLANTIC HURON,IMO8025680,VCQN,70,0,224,23,9.5,70,A
316206000,2022-01-01T16:18:18,44.55516,-86.84351,7.1,22.2,22.0,ATLANTIC HURON,IMO8025680,VCQN,70,0,224,23,9.5,70,A
316206000,2022-01-01T16:03:37,44.52836,-86.85861,7.0,22.2,21.0,ATLANTIC HURON,IMO8025680,VCQN,70,0,224,23,9.5,70,A
316206000,2022-01-01T17:02:28,44.63581,-86.79476,7.1,20.9,23.0,ATLANTIC HURON,IMO8025680,VCQN,70,0,224,23,9.5,70,A
316206000,2022-01-01T16:08:17,44.53691,-86.85390,7.1,22.2,22.0,ATLANTIC HURON,IMO8025680,VCQN,70,0,224,23,9.5,70,A
316206000,2022-01-01T07:10:39,43.60228,-87.40053,7.9,22.4,22.0,ATLANTIC HURON,IMO8025680,VCQN,70,0,224,23,9.5,70,A
316206000,2022-01-01T16:11:47,44.54331,-86.85027,7.1,21.6,22.0,ATLANTIC HURON,IMO8025680,VCQN,70,0,224,23,9.5,70,A
316206000,2022-01-01T17:05:57,44.64209,-86.79099,7.0,25.0,24.0,ATLANTIC HURON,IMO8025680,VCQN,70,0,224,23,9.5,70,A
316206000,2022-01-01T17:09:27,44.64839,-86.78705,7.0,23.0,24.0,ATLANTIC HURON,IMO8025680,VCQN,70,0,224,23,9.5,70,A
316206000,2022-01-01T16:17:17,44.55327,-86.84460,7.0,21.7,22.0,ATLANTIC HURON,IMO8025680,VCQN,70,0,224,23,9.5,70,A
316206000,2022-01-01T16:19:28,44.55724,-86.84228,7.0,23.0,22.0,ATLANTIC HURON,IMO8025680,VCQN,70,0,224,23,9.5,70,A
316206000,2022-01-01T16:22:57,44.56355,-86.83837,7.1,23.6,23.0,ATLANTIC HURON,IMO8025680,VCQN,70,0,224,23,9.5,70,A
316206000,2022-01-01T16:32:28,44.58086,-86.82760,7.3,24.8,23.0,ATLANTIC HURON,IMO8025680,VCQN,70,0,224,23,9.5,70,A
316206000,2022-01-01T16:34:48,44.58527,-86.82479,7.5,24.4,23.0,ATLANTIC HURON,IMO8025680,VCQN,70,0,224,23,9.5,70,A
316206000,2022-01-01T16:24:08,44.56571,-86.83698,7.1,25.1,23.0,ATLANTIC HURON,IMO8025680,VCQN,70,0,224,23,9.5,70,A
316206000,2022-01-01T16:28:57,44.57440,-86.83166,7.1,24.8,23.0,ATLANTIC HURON,IMO8025680,VCQN,70,0,224,23,9.5,70,A
316206000,2022-01-01T17:22:17,44.67175,-86.77300,7.2,22.0,23.0,ATLANTIC HURON,IMO8025680,VCQN,70,0,224,23,9.5,70,A
316206000,2022-01-01T16:29:59,44.57626,-86.83052,7.1,23.4,23.0,ATLANTIC HURON,IMO8025680,VCQN,70,0,224,23,9.5,70,A
316206000,2022-01-01T16:41:39,44.59823,-86.81682,7.4,21.9,23.0,ATLANTIC HURON,IMO8025680,VCQN,70,0,224,23,9.5,70,A
316206000,2022-01-01T16:31:08,44.57842,-86.82917,7.3,25.2,23.0,ATLANTIC HURON,IMO8025680,VCQN,70,0,224,23,9.5,70,A
316206000,2022-01-01T16:42:48,44.60038,-86.81556,7.1,22.6,23.0,ATLANTIC HURON,IMO8025680,VCQN,70,0,224,23,9.5,70,A
316206000,2022-01-01T16:33:37,44.58301,-86.82622,7.4,24.3,23.0,ATLANTIC HURON,IMO8025680,VCQN,70,0,224,23,9.5,70,A
316206000,2022-01-01T07:22:18,43.62620,-87.38706,8.0,22.6,22.0,ATLANTIC HURON,IMO8025680,VCQN,70,0,224,23,9.5,70,A
316206000,2022-01-01T16:40:38,44.59634,-86.81791,7.5,23.2,22.0,ATLANTIC HURON,IMO8025680,VCQN,70,0,224,23,9.5,70,A
316206000,2022-01-01T16:14:58,44.54909,-86.84696,7.1,21.6,22.0,ATLANTIC HURON,IMO8025680,VCQN,70,0,224,23,9.5,70,A
316206000,2022-01-01T16:16:07,44.55116,-86.84580,7.0,21.7,22.0,ATLANTIC HURON,IMO8025680,VCQN,70,0,224,23,9.5,70,A
316206000,2022-01-01T16:55:38,44.62347,-86.80173,7.0,22.9,23.0,ATLANTIC HURON,IMO8025680,VCQN,70,0,224,23,9.5,70,A
316206000,2022-01-01T17:39:59,44.70417,-86.75357,7.1,24.1,26.0,ATLANTIC HURON,IMO8025680,VCQN,70,0,224,23,9.5,70,A
316206000,2022-01-01T16:56:48,44.62555,-86.80051,6.9,23.6,22.0,ATLANTIC HURON,IMO8025680,VCQN,70,0,224,23,9.5,70,A
316206000,2022-01-01T07:26:58,43.63566,-87.38145,7.9,22.9,23.0,ATLANTIC HURON,IMO8025680,VCQN,70,0,224,23,9.5,70,A
316206000,2022-01-01T16:57:59,44.62768,-86.79931,6.9,20.7,22.0,ATLANTIC HURON,IMO8025680,VCQN,70,0,224,23,9.5,70,A
316206000,2022-01-01T16:46:18,44.60692,-86.81172,7.0,23.3,23.0,ATLANTIC HURON,IMO8025680,VCQN,70,0,224,23,9.5,70,A
316206000,2022-01-01T16:59:08,44.62976,-86.79818,7.1,20.5,22.0,ATLANTIC HURON,IMO8025680,VCQN,70,0,224,23,9.5,70,A
316206000,2022-01-01T16:48:37,44.61109,-86.80911,7.0,23.5,23.0,ATLANTIC HURON,IMO8025680,VCQN,70,0,224,23,9.5,70,A
316206000,2022-01-01T17:01:18,44.63369,-86.79597,6.9,22.3,23.0,ATLANTIC HURON,IMO8025680,VCQN,70,0,224,23,9.5,70,A
316206000,2022-01-01T16:50:58,44.61525,-86.80667,6.8,23.0,23.0,ATLANTIC HURON,IMO8025680,VCQN,70,0,224,23,9.5,70,A
316206000,2022-01-01T17:50:17,44.72258,-86.74124,7.1,27.9,27.0,ATLANTIC HURON,IMO8025680,VCQN,70,0,224,23,9.5,70,A
316206000,2022-01-01T16:54:28,44.62143,-86.80295,6.9,22.4,23.0,ATLANTIC HURON,IMO8025680,VCQN,70,0,224,23,9.5,70,A
316206000,2022-01-01T16:53:19,44.61938,-86.80420,6.9,23.5,23.0,ATLANTIC HURON,IMO8025680,VCQN,70,0,224,23,9.5,70,A
316206000,2022-01-01T17:11:47,44.65258,-86.78443,6.9,22.9,24.0,ATLANTIC HURON,IMO8025680,VCQN,70,0,224,23,9.5,70,A
316206000,2022-01-01T17:14:08,44.65682,-86.78184,7.0,23.7,23.0,ATLANTIC HURON,IMO8025680,VCQN,70,0,224,23,9.5,70,A
316206000,2022-01-01T17:00:08,44.63157,-86.79720,6.9,22.3,23.0,ATLANTIC HURON,IMO8025680,VCQN,70,0,224,23,9.5,70,A
316206000,2022-01-01T18:00:08,44.74009,-86.72930,7.1,23.0,23.0,ATLANTIC HURON,IMO8025680,VCQN,70,0,224,23,9.5,70,A
316206000,2022-01-01T17:17:38,44.66321,-86.77808,7.2,22.8,23.0,ATLANTIC HURON,IMO8025680,VCQN,70,0,224,23,9.5,70,A
316206000,2022-01-01T16:39:28,44.59407,-86.81930,7.5,23.7,23.0,ATLANTIC HURON,IMO8025680,VCQN,70,0,224,23,9.5,70,A
316206000,2022-01-01T17:19:59,44.66752,-86.77550,7.1,23.9,23.0,ATLANTIC HURON,IMO8025680,VCQN,70,0,224,23,9.5,70,A
316206000,2022-01-01T17:07:08,44.64422,-86.78965,7.0,23.4,24.0,ATLANTIC HURON,IMO8025680,VCQN,70,0,224,23,9.5,70,A
316206000,2022-01-01T17:23:28,44.67390,-86.77177,7.0,22.3,23.0,ATLANTIC HURON,IMO8025680,VCQN,70,0,224,23,9.5,70,A
316206000,2022-01-01T17:08:18,44.64628,-86.78836,7.0,24.3,24.0,ATLANTIC HURON,IMO8025680,VCQN,70,0,224,23,9.5,70,A
316206000,2022-01-01T16:47:27,44.60902,-86.81040,7.1,22.9,23.0,ATLANTIC HURON,IMO8025680,VCQN,70,0,224,23,9.5,70,A
316206000,2022-01-01T17:29:08,44.68435,-86.76572,7.1,21.9,23.0,ATLANTIC HURON,IMO8025680,VCQN,70,0,224,23,9.5,70,A
316206000,2022-01-01T17:18:47,44.66533,-86.77682,7.1,22.5,23.0,ATLANTIC HURON,IMO8025680,VCQN,70,0,224,23,9.5,70,A
316206000,2022-01-01T18:15:08,44.76743,-86.71160,7.2,26.2,26.0,ATLANTIC HURON,IMO8025680,VCQN,70,0,224,23,9.5,70,A
316206000,2022-01-01T17:34:08,44.69349,-86.76036,7.2,24.1,24.0,ATLANTIC HURON,IMO8025680,VCQN,70,0,224,23,9.5,70,A
316206000,2022-01-01T07:34:58,43.65194,-87.37177,8.0,23.5,23.0,ATLANTIC HURON,IMO8025680,VCQN,70,0,224,23,9.5,70,A
316206000,2022-01-01T07:35:59,43.65399,-87.37055,8.0,23.7,23.0,ATLANTIC HURON,IMO8025680,VCQN,70,0,224,23,9.5,70,A
316206000,2022-01-01T07:37:08,43.65634,-87.36911,8.0,23.6,23.0,ATLANTIC HURON,IMO8025680,VCQN,70,0,224,23,9.5,70,A
316206000,2022-01-01T17:35:17,44.69559,-86.75906,7.3,24.8,25.0,ATLANTIC HURON,IMO8025680,VCQN,70,0,224,23,9.5,70,A
316206000,2022-01-01T17:38:47,44.70201,-86.75494,7.2,24.5,26.0,ATLANTIC HURON,IMO8025680,VCQN,70,0,224,23,9.5,70,A
316206000,2022-01-01T18:21:58,44.77960,-86.70315,7.1,25.6,25.0,ATLANTIC HURON,IMO8025680,VCQN,70,0,224,23,9.5,70,A
316206000,2022-01-01T17:24:38,44.67604,-86.77055,7.1,22.2,23.0,ATLANTIC HURON,IMO8025680,VCQN,70,0,224,23,9.5,70,A
316206000,2022-01-01T17:41:07,44.70626,-86.75223,7.2,25.0,26.0,ATLANTIC HURON,IMO8025680,VCQN,70,0,224,23,9.5,70,A
316206000,2022-01-01T17:26:58,44.68035,-86.76805,7.2,22.7,23.0,ATLANTIC HURON,IMO8025680,VCQN,70,0,224,23,9.5,70,A
316206000,2022-01-01T17:43:18,44.71019,-86.74975,7.1,23.9,26.0,ATLANTIC HURON,IMO8025680,VCQN,70,0,224,23,9.5,70,A
316206000,2022-01-01T17:04:47,44.64003,-86.79229,7.1,24.0,24.0,ATLANTIC HURON,IMO8025680,VCQN,70,0,224,23,9.5,70,A
316206000,2022-01-01T17:31:28,44.68865,-86.76322,7.1,22.0,23.0,ATLANTIC HURON,IMO8025680,VCQN,70,0,224,23,9.5,70,A
316206000,2022-01-01T17:32:37,44.69075,-86.76201,7.0,23.1,24.0,ATLANTIC HURON,IMO8025680,VCQN,70,0,224,23,9.5,70,A
316206000,2022-01-01T17:46:57,44.71668,-86.74533,7.0,25.6,27.0,ATLANTIC HURON,IMO8025680,VCQN,70,0,224,23,9.5,70,A
316206000,2022-01-01T17:36:27,44.69771,-86.75770,7.1,24.4,25.0,ATLANTIC HURON,IMO8025680,VCQN,70,0,224,23,9.5,70,A
316206000,2022-01-01T17:10:37,44.65048,-86.78571,7.0,25.3,24.0,ATLANTIC HURON,IMO8025680,VCQN,70,0,224,23,9.5,70,A
316206000,2022-01-01T17:12:59,44.65471,-86.78312,7.1,23.1,23.0,ATLANTIC HURON,IMO8025680,VCQN,70,0,224,23,9.5,70,A
316206000,2022-01-01T17:55:59,44.73257,-86.73401,7.0,25.6,25.0,ATLANTIC HURON,IMO8025680,VCQN,70,0,224,23,9.5,70,A
316206000,2022-01-01T17:53:49,44.72878,-86.73676,7.0,27.1,26.0,ATLANTIC HURON,IMO8025680,VCQN,70,0,224,23,9.5,70,A
316206000,2022-01-01T17:42:08,44.70808,-86.75108,7.1,22.6,26.0,ATLANTIC HURON,IMO8025680,VCQN,70,0,224,23,9.5,70,A
316206000,2022-01-01T17:16:28,44.66107,-86.77935,7.1,21.3,23.0,ATLANTIC HURON,IMO8025680,VCQN,70,0,224,23,9.5,70,A
316206000,2022-01-01T17:45:47,44.71463,-86.74676,7.0,25.8,27.0,ATLANTIC HURON,IMO8025680,VCQN,70,0,224,23,9.5,70,A
316206000,2022-01-01T07:40:37,43.66356,-87.36478,8.1,23.2,22.0,ATLANTIC HURON,IMO8025680,VCQN,70,0,224,23,9.5,70,A
316206000,2022-01-01T17:44:28,44.71230,-86.74836,7.2,25.5,27.0,ATLANTIC HURON,IMO8025680,VCQN,70,0,224,23,9.5,70,A
316206000,2022-01-01T18:02:27,44.74435,-86.72674,7.3,21.5,24.0,ATLANTIC HURON,IMO8025680,VCQN,70,0,224,23,9.5,70,A
316206000,2022-01-01T17:58:18,44.73671,-86.73132,7.1,24.8,24.0,ATLANTIC HURON,IMO8025680,VCQN,70,0,224,23,9.5,70,A
316206000,2022-01-01T17:59:28,44.73884,-86.73005,7.2,23.0,23.0,ATLANTIC HURON,IMO8025680,VCQN,70,0,224,23,9.5,70,A
316206000,2022-01-01T17:47:58,44.71845,-86.74411,7.1,25.1,27.0,ATLANTIC HURON,IMO8025680,VCQN,70,0,224,23,9.5,70,A
316206000,2022-01-01T18:41:37,44.81534,-86.68035,7.1,23.7,24.0,ATLANTIC HURON,IMO8025680,VCQN,70,0,224,23,9.5,70,A
316206000,2022-01-01T17:49:08,44.72056,-86.74267,7.1,25.3,27.0,ATLANTIC HURON,IMO8025680,VCQN,70,0,224,23,9.5,70,A
316206000,2022-01-01T17:54:58,44.73083,-86.73527,7.1,29.0,26.0,ATLANTIC HURON,IMO8025680,VCQN,70,0,224,23,9.5,70,A
316206000,2022-01-01T18:08:08,44.75474,-86.72002,7.2,25.3,25.0,ATLANTIC HURON,IMO8025680,VCQN,70,0,224,23,9.5,70,A
316206000,2022-01-01T18:09:18,44.75686,-86.71862,7.2,25.1,25.0,ATLANTIC HURON,IMO8025680,VCQN,70,0,224,23,9.5,70,A
316206000,2022-01-01T07:42:59,43.66852,-87.36200,8.0,21.8,22.0,ATLANTIC HURON,IMO8025680,VCQN,70,0,224,23,9.5,70,A
316206000,2022-01-01T17:28:07,44.68251,-86.76678,7.3,22.7,23.0,ATLANTIC HURON,IMO8025680,VCQN,70,0,224,23,9.5,70,A
316206000,2022-01-01T17:30:17,44.68648,-86.76448,7.1,22.5,23.0,ATLANTIC HURON,IMO8025680,VCQN,70,0,224,23,9.5,70,A
316206000,2022-01-01T18:49:28,44.82966,-86.67127,7.2,24.6,24.0,ATLANTIC HURON,IMO8025680,VCQN,70,0,224,23,9.5,70,A
316206000,2022-01-01T18:12:47,44.76324,-86.71456,7.1,25.6,26.0,ATLANTIC HURON,IMO8025680,VCQN,70,0,224,23,9.5,70,A
316206000,2022-01-01T07:45:18,43.67340,-87.35932,8.2,21.2,22.0,ATLANTIC HURON,IMO8025680,VCQN,70,0,224,23,9.5,70,A
316206000,2022-01-01T18:01:18,44.74219,-86.72802,7.1,24.0,23.0,ATLANTIC HURON,IMO8025680,VCQN,70,0,224,23,9.5,70,A
316206000,2022-01-01T18:53:07,44.83635,-86.66699,7.2,24.2,25.0,ATLANTIC HURON,IMO8025680,VCQN,70,0,224,23,9.5,70,A
316206000,2022-01-01T18:19:39,44.77542,-86.70599,7.2,25.8,26.0,ATLANTIC HURON,IMO8025680,VCQN,70,0,224,23,9.5,70,A
316206000,2022-01-01T18:04:47,44.74863,-86.72406,7.2,24.2,25.0,ATLANTIC HURON,IMO8025680,VCQN,70,0,224,23,9.5,70,A
316206000,2022-01-01T18:11:38,44.76119,-86.71592,7.1,24.9,26.0,ATLANTIC HURON,IMO8025680,VCQN,70,0,224,23,9.5,70,A
316206000,2022-01-01T18:10:27,44.75898,-86.71730,7.3,24.0,25.0,ATLANTIC HURON,IMO8025680,VCQN,70,0,224,23,9.5,70,A
316206000,2022-01-01T18:25:27,44.78586,-86.69890,7.1,27.0,25.0,ATLANTIC HURON,IMO8025680,VCQN,70,0,224,23,9.5,70,A
316206000,2022-01-01T18:28:39,44.79158,-86.69505,7.0,24.7,23.0,ATLANTIC HURON,IMO8025680,VCQN,70,0,224,23,9.5,70,A
316206000,2022-01-01T07:54:27,43.69249,-87.34851,8.0,22.2,22.0,ATLANTIC HURON,IMO8025680,VCQN,70,0,224,23,9.5,70,A
316206000,2022-01-01T18:18:38,44.77363,-86.70722,7.2,26.5,26.0,ATLANTIC HURON,IMO8025680,VCQN,70,0,224,23,9.5,70,A
316206000,2022-01-01T18:13:58,44.76535,-86.71309,7.1,26.8,26.0,ATLANTIC HURON,IMO8025680,VCQN,70,0,224,23,9.5,70,A
316206000,2022-01-01T18:34:27,44.80221,-86.68849,7.2,23.3,23.0,ATLANTIC HURON,IMO8025680,VCQN,70,0,224,23,9.5,70,A
316206000,2022-01-01T18:17:28,44.77155,-86.70869,7.1,26.3,26.0,ATLANTIC HURON,IMO8025680,VCQN,70,0,224,23,9.5,70,A
316206000,2022-01-01T18:35:37,44.80436,-86.68722,7.2,22.6,23.0,ATLANTIC HURON,IMO8025680,VCQN,70,0,224,23,9.5,70,A
316206000,2022-01-01T18:20:48,44.77750,-86.70458,7.2,26.0,25.0,ATLANTIC HURON,IMO8025680,VCQN,70,0,224,23,9.5,70,A
316206000,2022-01-01T18:24:09,44.78354,-86.70050,7.1,25.5,25.0,ATLANTIC HURON,IMO8025680,VCQN,70,0,224,23,9.5,70,A
316206000,2022-01-01T17:57:08,44.73464,-86.73263,7.1,24.9,24.0,ATLANTIC HURON,IMO8025680,VCQN,70,0,224,23,9.5,70,A
316206000,2022-01-01T18:37:57,44.80866,-86.68463,7.2,23.8,24.0,ATLANTIC HURON,IMO8025680,VCQN,70,0,224,23,9.5,70,A
316206000,2022-01-01T19:17:27,44.88140,-86.63611,8.3,25.6,24.0,ATLANTIC HURON,IMO8025680,VCQN,70,0,224,23,9.5,70,A
316206000,2022-01-01T18:39:07,44.81079,-86.68325,7.2,25.4,24.0,ATLANTIC HURON,IMO8025680,VCQN,70,0,224,23,9.5,70,A
316206000,2022-01-01T18:26:28,44.78766,-86.69764,7.3,25.8,25.0,ATLANTIC HURON,IMO8025680,VCQN,70,0,224,23,9.5,70,A
316206000,2022-01-01T18:23:08,44.78173,-86.70169,7.2,26.2,25.0,ATLANTIC HURON,IMO8025680,VCQN,70,0,224,23,9.5,70,A
316206000,2022-01-01T18:27:38,44.78977,-86.69621,7.1,25.2,24.0,ATLANTIC HURON,IMO8025680,VCQN,70,0,224,23,9.5,70,A
316206000,2022-01-01T18:32:08,44.79796,-86.69111,7.1,23.4,23.0,ATLANTIC HURON,IMO8025680,VCQN,70,0,224,23,9.5,70,A
316206000,2022-01-01T18:29:48,44.79370,-86.69375,7.1,23.9,23.0,ATLANTIC HURON,IMO8025680,VCQN,70,0,224,23,9.5,70,A
316206000,2022-01-01T18:05:57,44.75076,-86.72265,7.2,25.4,25.0,ATLANTIC HURON,IMO8025680,VCQN,70,0,224,23,9.5,70,A
316206000,2022-01-01T18:46:08,44.82359,-86.67510,7.3,24.4,24.0,ATLANTIC HURON,IMO8025680,VCQN,70,0,224,23,9.5,70,A
316206000,2022-01-01T18:30:57,44.79576,-86.69247,7.2,24.1,23.0,ATLANTIC HURON,IMO8025680,VCQN,70,0,224,23,9.5,70,A
316206000,2022-01-01T18:06:58,44.75260,-86.72143,7.3,25.4,25.0,ATLANTIC HURON,IMO8025680,VCQN,70,0,224,23,9.5,70,A
316206000,2022-01-01T18:47:17,44.82570,-86.67379,7.1,22.5,24.0,ATLANTIC HURON,IMO8025680,VCQN,70,0,224,23,9.5,70,A
316206000,2022-01-01T19:26:38,44.90109,-86.62287,8.9,25.5,24.0,ATLANTIC HURON,IMO8025680,VCQN,70,0,224,23,9.5,70,A
316206000,2022-01-01T18:33:17,44.80007,-86.68981,7.2,22.5,23.0,ATLANTIC HURON,IMO8025680,VCQN,70,0,224,23,9.5,70,A
316206000,2022-01-01T18:51:58,44.83423,-86.66835,7.2,24.2,24.0,ATLANTIC HURON,IMO8025680,VCQN,70,0,224,23,9.5,70,A
316206000,2022-01-01T18:40:28,44.81321,-86.68168,7.2,24.5,24.0,ATLANTIC HURON,IMO8025680,VCQN,70,0,224,23,9.5,70,A
316206000,2022-01-01T18:36:48,44.80654,-86.68592,7.1,22.8,24.0,ATLANTIC HURON,IMO8025680,VCQN,70,0,224,23,9.5,70,A
316206000,2022-01-01T18:42:47,44.81744,-86.67902,7.1,24.4,24.0,ATLANTIC HURON,IMO8025680,VCQN,70,0,224,23,9.5,70,A
316206000,2022-01-01T18:54:17,44.83845,-86.66563,7.1,25.0,25.0,ATLANTIC HURON,IMO8025680,VCQN,70,0,224,23,9.5,70,A
316206000,2022-01-01T18:55:27,44.84060,-86.66423,7.3,23.5,25.0,ATLANTIC HURON,IMO8025680,VCQN,70,0,224,23,9.5,70,A
316206000,2022-01-01T18:43:58,44.81959,-86.67763,7.2,25.0,24.0,ATLANTIC HURON,IMO8025680,VCQN,70,0,224,23,9.5,70,A
316206000,2022-01-01T19:02:29,44.85324,-86.65563,7.2,26.4,26.0,ATLANTIC HURON,IMO8025680,VCQN,70,0,224,23,9.5,70,A
316206000,2022-01-01T18:48:27,44.82784,-86.67245,7.2,24.2,24.0,ATLANTIC HURON,IMO8025680,VCQN,70,0,224,23,9.5,70,A
316206000,2022-01-01T19:43:08,44.93720,-86.59960,7.9,24.9,24.0,ATLANTIC HURON,IMO8025680,VCQN,70,0,224,23,9.5,70,A
316206000,2022-01-01T19:03:38,44.85533,-86.65417,7.2,26.4,26.0,ATLANTIC HURON,IMO8025680,VCQN,70,0,224,23,9.5,70,A
316206000,2022-01-01T18:50:49,44.83213,-86.66970,7.2,24.7,24.0,ATLANTIC HURON,IMO8025680,VCQN,70,0,224,23,9.5,70,A
316206000,2022-01-01T19:47:48,44.94636,-86.59353,7.7,25.2,24.0,ATLANTIC HURON,IMO8025680,VCQN,70,0,224,23,9.5,70,A
316206000,2022-01-01T19:11:47,44.87021,-86.64365,7.7,25.6,25.0,ATLANTIC HURON,IMO8025680,VCQN,70,0,224,23,9.5,70,A
316206000,2022-01-01T19:00:08,44.84904,-86.65857,7.2,27.1,26.0,ATLANTIC HURON,IMO8025680,VCQN,70,0,224,23,9.5,70,A
316206000,2022-01-01T19:10:38,44.86800,-86.64516,7.4,26.5,25.0,ATLANTIC HURON,IMO8025680,VCQN,70,0,224,23,9.5,70,A
316206000,2022-01-01T18:56:49,44.84305,-86.66260,7.3,25.5,25.0,ATLANTIC HURON,IMO8025680,VCQN,70,0,224,23,9.5,70,A
316206000,2022-01-01T08:09:27,43.72734,-87.32767,8.2,25.5,23.0,ATLANTIC HURON,IMO8025680,VCQN,70,0,224,23,9.5,70,A
316206000,2022-01-01T19:16:18,44.87900,-86.63771,8.0,26.5,25.0,ATLANTIC HURON,IMO8025680,VCQN,70,0,224,23,9.5,70,A
316206000,2022-01-01T19:01:18,44.85112,-86.65712,7.2,26.6,26.0,ATLANTIC HURON,IMO8025680,VCQN,70,0,224,23,9.5,70,A
316206000,2022-01-01T19:08:18,44.86377,-86.64814,7.3,28.0,26.0,ATLANTIC HURON,IMO8025680,VCQN,70,0,224,23,9.5,70,A
316206000,2022-01-01T20:01:17,44.97283,-86.57593,7.8,25.5,24.0,ATLANTIC HURON,IMO8025680,VCQN,70,0,224,23,9.5,70,A
316206000,2022-01-01T18:45:07,44.82173,-86.67629,7.2,24.5,24.0,ATLANTIC HURON,IMO8025680,VCQN,70,0,224,23,9.5,70,A
316206000,2022-01-01T19:07:07,44.86164,-86.64969,7.3,27.4,26.0,ATLANTIC HURON,IMO8025680,VCQN,70,0,224,23,9.5,70,A
316206000,2022-01-01T19:27:39,44.90334,-86.62136,9.0,25.1,24.0,ATLANTIC HURON,IMO8025680,VCQN,70,0,224,23,9.5,70,A
316206000,2022-01-01T19:30:07,44.90892,-86.61769,9.0,25.9,24.0,ATLANTIC HURON,IMO8025680,VCQN,70,0,224,23,9.5,70,A
316206000,2022-01-01T19:12:48,44.87212,-86.64235,7.7,25.5,25.0,ATLANTIC HURON,IMO8025680,VCQN,70,0,224,23,9.5,70,A
316206000,2022-01-01T20:09:18,44.98890,-86.56544,8.1,24.6,23.0,ATLANTIC HURON,IMO8025680,VCQN,70,0,224,23,9.5,70,A
316206000,2022-01-01T19:32:37,44.91459,-86.61387,9.0,24.6,24.0,ATLANTIC HURON,IMO8025680,VCQN,70,0,224,23,9.5,70,A
316206000,2022-01-01T19:15:08,44.87669,-86.63927,7.9,26.4,25.0,ATLANTIC HURON,IMO8025680,VCQN,70,0,224,23,9.5,70,A
316206000,2022-01-01T19:18:38,44.88381,-86.63448,8.2,26.4,24.0,ATLANTIC HURON,IMO8025680,VCQN,70,0,224,23,9.5,70,A
316206000,2022-01-01T20:17:27,45.00553,-86.55478,8.1,23.8,23.0,ATLANTIC HURON,IMO8025680,VCQN,70,0,224,23,9.5,70,A
316206000,2022-01-01T19:20:58,44.88869,-86.63116,8.2,26.0,24.0,ATLANTIC HURON,IMO8025680,VCQN,70,0,224,23,9.5,70,A
316206000,2022-01-01T19:38:29,44.92773,-86.60563,8.3,23.7,23.0,ATLANTIC HURON,IMO8025680,VCQN,70,0,224,23,9.5,70,A
316206000,2022-01-01T19:44:17,44.93950,-86.59807,7.8,25.5,24.0,ATLANTIC HURON,IMO8025680,VCQN,70,0,224,23,9.5,70,A
316206000,2022-01-01T19:24:19,44.89590,-86.62632,8.6,25.3,24.0,ATLANTIC HURON,IMO8025680,VCQN,70,0,224,23,9.5,70,A
316206000,2022-01-01T19:04:47,44.85742,-86.65271,7.2,26.8,26.0,ATLANTIC HURON,IMO8025680,VCQN,70,0,224,23,9.5,70,A
316206000,2022-01-01T19:41:57,44.93490,-86.60114,7.9,25.2,24.0,ATLANTIC HURON,IMO8025680,VCQN,70,0,224,23,9.5,70,A
316206000,2022-01-01T19:25:27,44.89841,-86.62465,8.7,24.9,24.0,ATLANTIC HURON,IMO8025680,VCQN,70,0,224,23,9.5,70,A
316206000,2022-01-01T19:05:58,44.85952,-86.65121,7.2,27.3,26.0,ATLANTIC HURON,IMO8025680,VCQN,70,0,224,23,9.5,70,A
316206000,2022-01-01T19:09:28,44.86589,-86.64663,7.3,26.7,25.0,ATLANTIC HURON,IMO8025680,VCQN,70,0,224,23,9.5,70,A
316206000,2022-01-01T19:35:07,44.92029,-86.61020,8.9,24.4,23.0,ATLANTIC HURON,IMO8025680,VCQN,70,0,224,23,9.5,70,A
316206000,2022-01-01T19:37:28,44.92558,-86.60694,8.4,23.3,23.0,ATLANTIC HURON,IMO8025680,VCQN,70,0,224,23,9.5,70,A
316206000,2022-01-01T19:31:28,44.91201,-86.61560,9.0,25.7,24.0,ATLANTIC HURON,IMO8025680,VCQN,70,0,224,23,9.5,70,A
316206000,2022-01-01T19:13:58,44.87438,-86.64084,7.8,25.5,25.0,ATLANTIC HURON,IMO8025680,VCQN,70,0,224,23,9.5,70,A
316206000,2022-01-01T19:53:38,44.95780,-86.58593,7.7,25.3,24.0,ATLANTIC HURON,IMO8025680,VCQN,70,0,224,23,9.5,70,A
316206000,2022-01-01T19:40:48,44.93254,-86.60265,8.0,24.4,24.0,ATLANTIC HURON,IMO8025680,VCQN,70,0,224,23,9.5,70,A
316206000,2022-01-01T19:33:47,44.91725,-86.61213,8.9,24.7,24.0,ATLANTIC HURON,IMO8025680,VCQN,70,0,224,23,9.5,70,A
316206000,2022-01-01T20:00:07,44.97051,-86.57748,7.9,25.3,24.0,ATLANTIC HURON,IMO8025680,VCQN,70,0,224,23,9.5,70,A
316206000,2022-01-01T20:40:38,45.05338,-86.52386,8.1,25.2,24.0,ATLANTIC HURON,IMO8025680,VCQN,70,0,224,23,9.5,70,A
316206000,2022-01-01T19:39:38,44.93015,-86.60415,8.2,23.3,24.0,ATLANTIC HURON,IMO8025680,VCQN,70,0,224,23,9.5,70,A
316206000,2022-01-01T08:30:18,43.76544,-87.30534,7.0,21.7,21.0,ATLANTIC HURON,IMO8025680,VCQN,70,0,224,23,9.5,70,A
316206000,2022-01-01T19:23:18,44.89371,-86.62779,8.6,26.0,24.0,ATLANTIC HURON,IMO8025680,VCQN,70,0,224,23,9.5,70,A
316206000,2022-01-01T19:45:28,44.94181,-86.59654,7.7,24.8,24.0,ATLANTIC HURON,IMO8025680,VCQN,70,0,224,23,9.5,70,A
316206000,2022-01-01T20:48:47,45.07011,-86.51273,8.0,25.8,24.0,ATLANTIC HURON,IMO8025680,VCQN,70,0,224,23,9.5,70,A
316206000,2022-01-01T19:51:19,44.95326,-86.58895,7.8,23.8,24.0,ATLANTIC HURON,IMO8025680,VCQN,70,0,224,23,9.5,70,A
316206000,2022-01-01T19:46:38,44.94410,-86.59502,7.6,24.7,24.0,ATLANTIC HURON,IMO8025680,VCQN,70,0,224,23,9.5,70,A
316206000,2022-01-01T20:04:48,44.97982,-86.57123,8.0,25.1,24.0,ATLANTIC HURON,IMO8025680,VCQN,70,0,224,23,9.5,70,A
316206000,2022-01-01T19:50:07,44.95091,-86.59052,7.7,25.8,24.0,ATLANTIC HURON,IMO8025680,VCQN,70,0,224,23,9.5,70,A
316206000,2022-01-01T19:52:27,44.95551,-86.58748,7.7,26.2,24.0,ATLANTIC HURON,IMO8025680,VCQN,70,0,224,23,9.5,70,A
316206000,2022-01-01T19:58:17,44.96689,-86.57989,7.7,25.8,24.0,ATLANTIC HURON,IMO8025680,VCQN,70,0,224,23,9.5,70,A
316206000,2022-01-01T20:56:48,45.08628,-86.50163,8.1,26.1,24.0,ATLANTIC HURON,IMO8025680,VCQN,70,0,224,23,9.5,70,A
316206000,2022-01-01T19:36:18,44.92297,-86.60854,8.7,23.6,23.0,ATLANTIC HURON,IMO8025680,VCQN,70,0,224,23,9.5,70,A
316206000,2022-01-01T19:59:28,44.96919,-86.57836,7.9,25.3,24.0,ATLANTIC HURON,IMO8025680,VCQN,70,0,224,23,9.5,70,A
316206000,2022-01-01T20:11:37,44.99358,-86.56239,8.0,25.2,23.0,ATLANTIC HURON,IMO8025680,VCQN,70,0,224,23,9.5,70,A
316206000,2022-01-01T08:37:18,43.77821,-87.29814,7.0,21.2,22.0,ATLANTIC HURON,IMO8025680,VCQN,70,0,224,23,9.5,70,A
316206000,2022-01-01T19:57:09,44.96464,-86.58140,7.8,25.8,24.0,ATLANTIC HURON,IMO8025680,VCQN,70,0,224,23,9.5,70,A
316206000,2022-01-01T08:39:38,43.78244,-87.29576,7.0,23.2,22.0,ATLANTIC HURON,IMO8025680,VCQN,70,0,224,23,9.5,70,A
316206000,2022-01-01T20:22:07,45.01519,-86.54867,8.1,24.1,23.0,ATLANTIC HURON,IMO8025680,VCQN,70,0,224,23,9.5,70,A
316206000,2022-01-01T20:03:37,44.97746,-86.57282,8.0,25.1,24.0,ATLANTIC HURON,IMO8025680,VCQN,70,0,224,23,9.5,70,A
316206000,2022-01-01T19:55:58,44.96236,-86.58292,7.7,25.5,24.0,ATLANTIC HURON,IMO8025680,VCQN,70,0,224,23,9.5,70,A
316206000,2022-01-01T20:10:28,44.99127,-86.56393,8.0,24.9,23.0,ATLANTIC HURON,IMO8025680,VCQN,70,0,224,23,9.5,70,A
316206000,2022-01-01T20:32:38,45.03691,-86.53481,8.2,25.6,24.0,ATLANTIC HURON,IMO8025680,VCQN,70,0,224,23,9.5,70,A
316206000,2022-01-01T19:48:57,44.94862,-86.59204,7.8,25.0,24.0,ATLANTIC HURON,IMO8025680,VCQN,70,0,224,23,9.5,70,A
316206000,2022-01-01T20:02:28,44.97516,-86.57437,8.0,24.1,24.0,ATLANTIC HURON,IMO8025680,VCQN,70,0,224,23,9.5,70,A
316206000,2022-01-01T20:13:58,44.99837,-86.55931,8.0,23.9,23.0,ATLANTIC HURON,IMO8025680,VCQN,70,0,224,23,9.5,70,A
316206000,2022-01-01T21:14:58,45.12350,-86.47627,8.7,26.5,23.0,ATLANTIC HURON,IMO8025680,VCQN,70,0,224,23,9.5,70,A
316206000,2022-01-01T20:38:27,45.04892,-86.52682,8.2,25.0,24.0,ATLANTIC HURON,IMO8025680,VCQN,70,0,224,23,9.5,70,A
316206000,2022-01-01T21:16:17,45.12643,-86.47425,8.8,25.7,23.0,ATLANTIC HURON,IMO8025680,VCQN,70,0,224,23,9.5,70,A
316206000,2022-01-01T20:08:07,44.98649,-86.56693,7.9,23.1,23.0,ATLANTIC HURON,IMO8025680,VCQN,70,0,224,23,9.5,70,A
316206000,2022-01-01T19:54:47,44.96001,-86.58446,7.8,25.3,24.0,ATLANTIC HURON,IMO8025680,VCQN,70,0,224,23,9.5,70,A
316206000,2022-01-01T20:18:38,45.00797,-86.55324,8.1,24.0,23.0,ATLANTIC HURON,IMO8025680,VCQN,70,0,224,23,9.5,70,A
316206000,2022-01-01T20:31:28,45.03450,-86.53641,8.1,24.9,23.0,ATLANTIC HURON,IMO8025680,VCQN,70,0,224,23,9.5,70,A
316206000,2022-01-01T20:19:48,45.01039,-86.55172,8.1,24.1,23.0,ATLANTIC HURON,IMO8025680,VCQN,70,0,224,23,9.5,70,A
316206000,2022-01-01T20:12:48,44.99599,-86.56083,8.1,24.3,23.0,ATLANTIC HURON,IMO8025680,VCQN,70,0,224,23,9.5,70,A
316206000,2022-01-01T20:16:18,45.00312,-86.55629,8.1,23.9,23.0,ATLANTIC HURON,IMO8025680,VCQN,70,0,224,23,9.5,70,A
316206000,2022-01-01T20:24:28,45.02005,-86.54561,8.1,24.0,23.0,ATLANTIC HURON,IMO8025680,VCQN,70,0,224,23,9.5,70,A
316206000,2022-01-01T20:26:49,45.02487,-86.54255,8.2,24.4,23.0,ATLANTIC HURON,IMO8025680,VCQN,70,0,224,23,9.5,70,A
316206000,2022-01-01T20:27:58,45.02724,-86.54101,8.2,24.2,23.0,ATLANTIC HURON,IMO8025680,VCQN,70,0,224,23,9.5,70,A
316206000,2022-01-01T20:20:57,45.01273,-86.55022,8.1,24.4,23.0,ATLANTIC HURON,IMO8025680,VCQN,70,0,224,23,9.5,70,A
316206000,2022-01-01T20:29:08,45.02965,-86.53949,8.1,23.5,23.0,ATLANTIC HURON,IMO8025680,VCQN,70,0,224,23,9.5,70,A
316206000,2022-01-01T20:30:18,45.03207,-86.53797,8.2,24.3,23.0,ATLANTIC HURON,IMO8025680,VCQN,70,0,224,23,9.5,70,A
316206000,2022-01-01T20:05:58,44.98214,-86.56968,7.9,25.0,23.0,ATLANTIC HURON,IMO8025680,VCQN,70,0,224,23,9.5,70,A
316206000,2022-01-01T21:30:18,45.15957,-86.45299,9.9,24.8,24.0,ATLANTIC HURON,IMO8025680,VCQN,70,0,224,23,9.5,70,A
316206000,2022-01-01T20:25:38,45.02246,-86.54409,8.2,23.8,23.0,ATLANTIC HURON,IMO8025680,VCQN,70,0,224,23,9.5,70,A
316206000,2022-01-01T20:34:57,45.04169,-86.53158,8.2,25.8,24.0,ATLANTIC HURON,IMO8025680,VCQN,70,0,224,23,9.5,70,A
316206000,2022-01-01T20:36:07,45.04406,-86.53000,8.2,25.0,24.0,ATLANTIC HURON,IMO8025680,VCQN,70,0,224,23,9.5,70,A
316206000,2022-01-01T21:36:08,45.17416,-86.44330,9.7,25.1,24.0,ATLANTIC HURON,IMO8025680,VCQN,70,0,224,23,9.5,70,A
316206000,2022-01-01T20:53:28,45.07961,-86.50634,8.0,26.6,24.0,ATLANTIC HURON,IMO8025680,VCQN,70,0,224,23,9.5,70,A
316206000,2022-01-01T20:39:37,45.05133,-86.52523,8.2,25.2,24.0,ATLANTIC HURON,IMO8025680,VCQN,70,0,224,23,9.5,70,A
316206000,2022-01-01T20:15:08,45.00076,-86.55779,8.1,24.7,23.0,ATLANTIC HURON,IMO8025680,VCQN,70,0,224,23,9.5,70,A
316206000,2022-01-01T20:54:29,45.08162,-86.50492,8.0,26.7,24.0,ATLANTIC HURON,IMO8025680,VCQN,70,0,224,23,9.5,70,A
316206000,2022-01-01T21:39:28,45.18217,-86.43799,9.5,25.4,24.0,ATLANTIC HURON,IMO8025680,VCQN,70,0,224,23,9.5,70,A
316206000,2022-01-01T20:41:47,45.05575,-86.52231,8.1,25.1,24.0,ATLANTIC HURON,IMO8025680,VCQN,70,0,224,23,9.5,70,A
316206000,2022-01-01T21:00:07,45.09297,-86.49689,8.1,26.5,24.0,ATLANTIC HURON,IMO8025680,VCQN,70,0,224,23,9.5,70,A
316206000,2022-01-01T20:49:57,45.07247,-86.51113,8.1,25.5,24.0,ATLANTIC HURON,IMO8025680,VCQN,70,0,224,23,9.5,70,A
316206000,2022-01-01T20:23:18,45.01761,-86.54715,8.2,24.5,23.0,ATLANTIC HURON,IMO8025680,VCQN,70,0,224,23,9.5,70,A
316206000,2022-01-01T20:51:08,45.07487,-86.50952,8.0,24.9,24.0,ATLANTIC HURON,IMO8025680,VCQN,70,0,224,23,9.5,70,A
316206000,2022-01-01T21:50:58,45.20919,-86.41968,9.2,25.9,24.0,ATLANTIC HURON,IMO8025680,VCQN,70,0,224,23,9.5,70,A
316206000,2022-01-01T21:06:57,45.10677,-86.48743,8.1,25.3,23.0,ATLANTIC HURON,IMO8025680,VCQN,70,0,224,23,9.5,70,A
316206000,2022-01-01T21:08:08,45.10922,-86.48576,8.1,25.7,23.0,ATLANTIC HURON,IMO8025680,VCQN,70,0,224,23,9.5,70,A
316206000,2022-01-01T21:09:09,45.11125,-86.48437,8.0,25.8,23.0,ATLANTIC HURON,IMO8025680,VCQN,70,0,224,23,9.5,70,A
316206000,2022-01-01T20:55:37,45.08393,-86.50330,8.1,26.3,24.0,ATLANTIC HURON,IMO8025680,VCQN,70,0,224,23,9.5,70,A
316206000,2022-01-01T09:04:48,43.82770,-87.26861,6.7,23.6,22.0,ATLANTIC HURON,IMO8025680,VCQN,70,0,224,23,9.5,70,A
316206000,2022-01-01T21:02:27,45.09766,-86.49360,8.1,26.3,24.0,ATLANTIC HURON,IMO8025680,VCQN,70,0,224,23,9.5,70,A
316206000,2022-01-01T21:57:58,45.22535,-86.40872,9.1,25.1,23.0,ATLANTIC HURON,IMO8025680,VCQN,70,0,224,23,9.5,70,A
316206000,2022-01-01T21:12:37,45.11842,-86.47965,8.4,24.3,23.0,ATLANTIC HURON,IMO8025680,VCQN,70,0,224,23,9.5,70,A
316206000,2022-01-01T21:59:07,45.22802,-86.40697,9.1,23.9,23.0,ATLANTIC HURON,IMO8025680,VCQN,70,0,224,23,9.5,70,A
316206000,2022-01-01T21:18:37,45.13164,-86.47089,8.9,23.4,23.0,ATLANTIC HURON,IMO8025680,VCQN,70,0,224,23,9.5,70,A
316206000,2022-01-01T09:05:49,43.82946,-87.26755,6.7,23.0,22.0,ATLANTIC HURON,IMO8025680,VCQN,70,0,224,23,9.5,70,A
316206000,2022-01-01T20:37:17,45.04651,-86.52840,8.0,24.9,24.0,ATLANTIC HURON,IMO8025680,VCQN,70,0,224,23,9.5,70,A
316206000,2022-01-01T21:01:19,45.09534,-86.49521,8.1,27.0,24.0,ATLANTIC HURON,IMO8025680,VCQN,70,0,224,23,9.5,70,A
316206000,2022-01-01T21:04:38,45.10205,-86.49061,8.1,25.1,23.0,ATLANTIC HURON,IMO8025680,VCQN,70,0,224,23,9.5,70,A
316206000,2022-01-01T20:42:57,45.05816,-86.52070,8.0,25.6,24.0,ATLANTIC HURON,IMO8025680,VCQN,70,0,224,23,9.5,70,A
316206000,2022-01-01T22:09:28,45.25183,-86.39124,9.2,24.6,23.0,ATLANTIC HURON,IMO8025680,VCQN,70,0,224,23,9.5,70,A
316206000,2022-01-01T21:22:08,45.13970,-86.46580,9.0,24.1,23.0,ATLANTIC HURON,IMO8025680,VCQN,70,0,224,23,9.5,70,A
316206000,2022-01-01T21:23:19,45.14243,-86.46405,9.4,24.0,23.0,ATLANTIC HURON,IMO8025680,VCQN,70,0,224,23,9.5,70,A
316206000,2022-01-01T20:44:08,45.06055,-86.51910,8.1,25.3,24.0,ATLANTIC HURON,IMO8025680,VCQN,70,0,224,23,9.5,70,A
316206000,2022-01-01T21:24:28,45.14519,-86.46230,9.4,24.0,23.0,ATLANTIC HURON,IMO8025680,VCQN,70,0,224,23,9.5,70,A
316206000,2022-01-01T20:45:17,45.06291,-86.51752,8.1,25.2,24.0,ATLANTIC HURON,IMO8025680,VCQN,70,0,224,23,9.5,70,A
316206000,2022-01-01T20:46:28,45.06534,-86.51592,8.2,25.0,24.0,ATLANTIC HURON,IMO8025680,VCQN,70,0,224,23,9.5,70,A
316206000,2022-01-01T20:47:39,45.06777,-86.51430,8.0,25.0,24.0,ATLANTIC HURON,IMO8025680,VCQN,70,0,224,23,9.5,70,A
316206000,2022-01-01T22:17:38,45.27078,-86.37913,9.2,25.2,23.0,ATLANTIC HURON,IMO8025680,VCQN,70,0,224,23,9.5,70,A
316206000,2022-01-01T21:13:47,45.12095,-86.47799,8.7,25.0,23.0,ATLANTIC HURON,IMO8025680,VCQN,70,0,224,23,9.5,70,A
316206000,2022-01-01T21:05:49,45.10446,-86.48898,8.0,25.7,23.0,ATLANTIC HURON,IMO8025680,VCQN,70,0,224,23,9.5,70,A
316206000,2022-01-01T21:37:17,45.17694,-86.44145,9.5,24.9,24.0,ATLANTIC HURON,IMO8025680,VCQN,70,0,224,23,9.5,70,A
316206000,2022-01-01T21:26:47,45.15089,-86.45871,9.7,24.0,23.0,ATLANTIC HURON,IMO8025680,VCQN,70,0,224,23,9.5,70,A
316206000,2022-01-01T21:40:38,45.18490,-86.43614,9.5,25.9,24.0,ATLANTIC HURON,IMO8025680,VCQN,70,0,224,23,9.5,70,A
316206000,2022-01-01T21:20:58,45.13699,-86.46753,8.9,24.1,23.0,ATLANTIC HURON,IMO8025680,VCQN,70,0,224,23,9.5,70,A
316206000,2022-01-01T20:59:08,45.09100,-86.49829,8.0,27.3,24.0,ATLANTIC HURON,IMO8025680,VCQN,70,0,224,23,9.5,70,A
316206000,2022-01-01T21:44:07,45.19322,-86.43046,9.4,25.6,24.0,ATLANTIC HURON,IMO8025680,VCQN,70,0,224,23,9.5,70,A
316206000,2022-01-01T22:29:27,45.29966,-86.36015,10.3,23.3,23.0,ATLANTIC HURON,IMO8025680,VCQN,70,0,224,23,9.5,70,A
316206000,2022-01-01T22:31:38,45.30539,-86.35655,10.3,22.8,23.0,ATLANTIC HURON,IMO8025680,VCQN,70,0,224,23,9.5,70,A
316206000,2022-01-01T21:17:28,45.12904,-86.47252,8.8,24.1,23.0,ATLANTIC HURON,IMO8025680,VCQN,70,0,224,23,9.5,70,A
316206000,2022-01-01T21:03:28,45.09972,-86.49219,8.1,25.5,24.0,ATLANTIC HURON,IMO8025680,VCQN,70,0,224,23,9.5,70,A
316206000,2022-01-01T09:22:09,43.85679,-87.24975,6.5,24.8,20.0,ATLANTIC HURON,IMO8025680,VCQN,70,0,224,23,9.5,70,A
316206000,2022-01-01T22:40:57,45.32984,-86.34058,10.4,25.0,24.0,ATLANTIC HURON,IMO8025680,VCQN,70,0,224,23,9.5,70,A
316206000,2022-01-01T21:53:17,45.21453,-86.41603,9.1,25.6,24.0,ATLANTIC HURON,IMO8025680,VCQN,70,0,224,23,9.5,70,A
316206000,2022-01-01T21:11:29,45.11601,-86.48121,8.1,24.7,23.0,ATLANTIC HURON,IMO8025680,VCQN,70,0,224,23,9.5,70,A
316206000,2022-01-01T21:41:48,45.18770,-86.43425,9.5,25.8,24.0,ATLANTIC HURON,IMO8025680,VCQN,70,0,224,23,9.5,70,A
316206000,2022-01-01T21:34:58,45.17127,-86.44523,9.7,25.2,24.0,ATLANTIC HURON,IMO8025680,VCQN,70,0,224,23,9.5,70,A
316206000,2022-01-01T21:55:38,45.21993,-86.41238,9.2,25.8,24.0,ATLANTIC HURON,IMO8025680,VCQN,70,0,224,23,9.5,70,A
316206000,2022-01-01T22:44:28,45.33906,-86.33422,10.5,27.1,25.0,ATLANTIC HURON,IMO8025680,VCQN,70,0,224,23,9.5,70,A
316206000,2022-01-01T09:30:19,43.87086,-87.24161,6.6,22.5,19.0,ATLANTIC HURON,IMO8025680,VCQN,70,0,224,23,9.5,70,A
316206000,2022-01-01T21:56:48,45.22261,-86.41055,9.2,25.7,23.0,ATLANTIC HURON,IMO8025680,VCQN,70,0,224,23,9.5,70,A
316206000,2022-01-01T22:00:07,45.23035,-86.40548,9.2,24.1,23.0,ATLANTIC HURON,IMO8025680,VCQN,70,0,224,23,9.5,70,A
316206000,2022-01-01T21:19:47,45.13430,-86.46924,8.9,23.6,23.0,ATLANTIC HURON,IMO8025680,VCQN,70,0,224,23,9.5,70,A
316206000,2022-01-01T09:32:38,43.87489,-87.23925,6.8,23.3,19.0,ATLANTIC HURON,IMO8025680,VCQN,70,0,224,23,9.5,70,A
316206000,2022-01-01T22:03:38,45.23848,-86.40018,9.1,26.0,23.0,ATLANTIC HURON,IMO8025680,VCQN,70,0,224,23,9.5,70,A
316206000,2022-01-01T21:31:28,45.16249,-86.45106,9.9,24.6,24.0,ATLANTIC HURON,IMO8025680,VCQN,70,0,224,23,9.5,70,A
316206000,2022-01-01T22:52:38,45.36047,-86.32000,10.6,22.5,22.0,ATLANTIC HURON,IMO8025680,VCQN,70,0,224,23,9.5,70,A
316206000,2022-01-01T22:53:47,45.36355,-86.31806,10.6,24.1,23.0,ATLANTIC HURON,IMO8025680,VCQN,70,0,224,23,9.5,70,A
316206000,2022-01-01T21:47:37,45.20142,-86.42496,9.2,25.0,24.0,ATLANTIC HURON,IMO8025680,VCQN,70,0,224,23,9.5,70,A
316206000,2022-01-01T21:27:58,45.15377,-86.45684,9.8,24.6,24.0,ATLANTIC HURON,IMO8025680,VCQN,70,0,224,23,9.5,70,A
316206000,2022-01-01T22:57:17,45.37301,-86.31181,10.7,25.4,24.0,ATLANTIC HURON,IMO8025680,VCQN,70,0,224,23,9.5,70,A
316206000,2022-01-01T21:48:48,45.20420,-86.42311,9.2,24.2,24.0,ATLANTIC HURON,IMO8025680,VCQN,70,0,224,23,9.5,70,A
316206000,2022-01-01T09:34:57,43.87888,-87.23690,6.6,21.5,19.0,ATLANTIC HURON,IMO8025680,VCQN,70,0,224,23,9.5,70,A
316206000,2022-01-01T23:00:07,45.38074,-86.30652,10.9,25.2,24.0,ATLANTIC HURON,IMO8025680,VCQN,70,0,224,23,9.5,70,A
316206000,2022-01-01T21:52:08,45.21188,-86.41784,9.3,26.0,24.0,ATLANTIC HURON,IMO8025680,VCQN,70,0,224,23,9.5,70,A
316206000,2022-01-01T22:11:47,45.25720,-86.38772,9.1,24.3,23.0,ATLANTIC HURON,IMO8025680,VCQN,70,0,224,23,9.5,70,A
316206000,2022-01-01T22:12:58,45.25989,-86.38595,9.1,24.5,23.0,ATLANTIC HURON,IMO8025680,VCQN,70,0,224,23,9.5,70,A
316206000,2022-01-01T23:03:38,45.39032,-86.29987,10.7,25.7,24.0,ATLANTIC HURON,IMO8025680,VCQN,70,0,224,23,9.5,70,A
316206000,2022-01-01T21:33:47,45.16832,-86.44720,9.9,25.5,24.0,ATLANTIC HURON,IMO8025680,VCQN,70,0,224,23,9.5,70,A
316206000,2022-01-01T22:18:47,45.27344,-86.37740,9.2,25.2,23.0,ATLANTIC HURON,IMO8025680,VCQN,70,0,224,23,9.5,70,A
316206000,2022-01-01T21:46:28,45.19879,-86.42670,9.1,25.3,24.0,ATLANTIC HURON,IMO8025680,VCQN,70,0,224,23,9.5,70,A
316206000,2022-01-01T22:07:07,45.24646,-86.39475,9.1,25.2,23.0,ATLANTIC HURON,IMO8025680,VCQN,70,0,224,23,9.5,70,A
316206000,2022-01-01T23:08:18,45.40293,-86.29125,10.9,26.1,24.0,ATLANTIC HURON,IMO8025680,VCQN,70,0,224,23,9.5,70,A
316206000,2022-01-01T23:10:38,45.40934,-86.28692,10.9,24.5,23.0,ATLANTIC HURON,IMO8025680,VCQN,70,0,224,23,9.5,70,A
316206000,2022-01-01T22:21:18,45.27933,-86.37353,9.4,25.0,23.0,ATLANTIC HURON,IMO8025680,VCQN,70,0,224,23,9.5,70,A
316206000,2022-01-01T22:24:48,45.28774,-86.36795,9.9,25.4,24.0,ATLANTIC HURON,IMO8025680,VCQN,70,0,224,23,9.5,70,A
316206000,2022-01-01T23:15:17,45.42210,-86.27853,10.9,24.5,24.0,ATLANTIC HURON,IMO8025680,VCQN,70,0,224,23,9.5,70,A
316206000,2022-01-01T23:19:48,45.43458,-86.27031,10.9,24.7,23.0,ATLANTIC HURON,IMO8025680,VCQN,70,0,224,23,9.5,70,A
316206000,2022-01-01T22:16:29,45.26808,-86.38083,9.3,23.8,23.0,ATLANTIC HURON,IMO8025680,VCQN,70,0,224,23,9.5,70,A
316206000,2022-01-01T22:10:38,45.25451,-86.38947,9.0,24.9,23.0,ATLANTIC HURON,IMO8025680,VCQN,70,0,224,23,9.5,70,A
316206000,2022-01-01T22:36:18,45.31760,-86.34878,10.4,25.6,24.0,ATLANTIC HURON,IMO8025680,VCQN,70,0,224,23,9.5,70,A
316206000,2022-01-01T09:42:57,43.89251,-87.22919,6.7,22.7,18.0,ATLANTIC HURON,IMO8025680,VCQN,70,0,224,23,9.5,70,A
316206000,2022-01-01T21:49:49,45.20650,-86.42154,9.1,25.8,24.0,ATLANTIC HURON,IMO8025680,VCQN,70,0,224,23,9.5,70,A
316206000,2022-01-01T22:37:29,45.32073,-86.34675,10.3,25.5,23.0,ATLANTIC HURON,IMO8025680,VCQN,70,0,224,23,9.5,70,A
316206000,2022-01-01T22:22:27,45.28204,-86.37172,9.3,25.2,23.0,ATLANTIC HURON,IMO8025680,VCQN,70,0,224,23,9.5,70,A
316206000,2022-01-01T22:23:38,45.28489,-86.36983,9.8,24.3,23.0,ATLANTIC HURON,IMO8025680,VCQN,70,0,224,23,9.5,70,A
316206000,2022-01-01T21:54:27,45.21723,-86.41420,9.1,25.5,24.0,ATLANTIC HURON,IMO8025680,VCQN,70,0,224,23,9.5,70,A
316206000,2022-01-01T22:08:18,45.24918,-86.39295,9.1,25.0,23.0,ATLANTIC HURON,IMO8025680,VCQN,70,0,224,23,9.5,70,A
316206000,2022-01-01T22:27:08,45.29367,-86.36402,10.1,25.9,23.0,ATLANTIC HURON,IMO8025680,VCQN,70,0,224,23,9.5,70,A
316206000,2022-01-01T22:20:08,45.27658,-86.37533,9.3,25.3,23.0,ATLANTIC HURON,IMO8025680,VCQN,70,0,224,23,9.5,70,A
316206000,2022-01-01T09:47:38,43.90042,-87.22467,6.4,21.5,18.0,ATLANTIC HURON,IMO8025680,VCQN,70,0,224,23,9.5,70,A
316206000,2022-01-01T22:14:09,45.26265,-86.38423,9.2,23.9,23.0,ATLANTIC HURON,IMO8025680,VCQN,70,0,224,23,9.5,70,A
316206000,2022-01-01T22:49:07,45.35108,-86.32578,10.1,27.6,23.0,ATLANTIC HURON,IMO8025680,VCQN,70,0,224,23,9.5,70,A
316206000,2022-01-01T22:47:57,45.34809,-86.32780,10.2,26.6,23.0,ATLANTIC HURON,IMO8025680,VCQN,70,0,224,23,9.5,70,A
316206000,2022-01-01T23:42:58,45.49859,-86.22707,11.1,25.2,24.0,ATLANTIC HURON,IMO8025680,VCQN,70,0,224,23,9.5,70,A
316206000,2022-01-01T22:30:28,45.30230,-86.35847,10.3,24.2,23.0,ATLANTIC HURON,IMO8025680,VCQN,70,0,224,23,9.5,70,A
316206000,2022-01-01T22:54:58,45.36674,-86.31598,10.6,25.3,23.0,ATLANTIC HURON,IMO8025680,VCQN,70,0,224,23,9.5,70,A
316206000,2022-01-01T22:32:48,45.30845,-86.35465,10.3,22.0,23.0,ATLANTIC HURON,IMO8025680,VCQN,70,0,224,23,9.5,70,A
316206000,2022-01-01T22:58:28,45.37623,-86.30960,10.8,26.0,24.0,ATLANTIC HURON,IMO8025680,VCQN,70,0,224,23,9.5,70,A
316206000,2022-01-01T22:38:38,45.32381,-86.34475,10.4,24.7,23.0,ATLANTIC HURON,IMO8025680,VCQN,70,0,224,23,9.5,70,A
316206000,2022-01-01T22:43:17,45.33595,-86.33640,10.6,26.2,25.0,ATLANTIC HURON,IMO8025680,VCQN,70,0,224,23,9.5,70,A
316206000,2022-01-01T23:01:18,45.38392,-86.30430,11.0,25.9,24.0,ATLANTIC HURON,IMO8025680,VCQN,70,0,224,23,9.5,70,A
316206000,2022-01-01T22:25:58,45.29069,-86.36600,10.1,26.4,24.0,ATLANTIC HURON,IMO8025680,VCQN,70,0,224,23,9.5,70,A
316206000,2022-01-01T22:39:47,45.32678,-86.34273,10.4,26.0,24.0,ATLANTIC HURON,IMO8025680,VCQN,70,0,224,23,9.5,70,A
316206000,2022-01-01T22:46:47,45.34506,-86.32991,10.4,28.3,24.0,ATLANTIC HURON,IMO8025680,VCQN,70,0,224,23,9.5,70,A
316206000,2022-01-01T22:42:07,45.33288,-86.33850,10.4,24.9,24.0,ATLANTIC HURON,IMO8025680,VCQN,70,0,224,23,9.5,70,A
316206000,2022-01-01T22:28:18,45.29671,-86.36203,10.1,24.2,23.0,ATLANTIC HURON,IMO8025680,VCQN,70,0,224,23,9.5,70,A
316206000,2022-01-01T22:35:07,45.31454,-86.35076,10.3,24.6,24.0,ATLANTIC HURON,IMO8025680,VCQN,70,0,224,23,9.5,70,A
316206000,2022-01-01T23:17:27,45.42811,-86.27456,10.9,25.2,24.0,ATLANTIC HURON,IMO8025680,VCQN,70,0,224,23,9.5,70,A
316206000,2022-01-01T23:16:18,45.42495,-86.27665,10.9,24.9,24.0,ATLANTIC HURON,IMO8025680,VCQN,70,0,224,23,9.5,70,A
316206000,2022-01-01T22:59:38,45.37941,-86.30742,10.9,24.9,24.0,ATLANTIC HURON,IMO8025680,VCQN,70,0,224,23,9.5,70,A
316206000,2022-01-01T23:07:08,45.39977,-86.29345,10.8,25.9,24.0,ATLANTIC HURON,IMO8025680,VCQN,70,0,224,23,9.5,70,A
316206000,2022-01-01T23:27:58,45.45719,-86.25540,10.9,26.3,24.0,ATLANTIC HURON,IMO8025680,VCQN,70,0,224,23,9.5,70,A
316206000,2022-01-01T23:11:48,45.41256,-86.28483,11.0,24.9,24.0,ATLANTIC HURON,IMO8025680,VCQN,70,0,224,23,9.5,70,A
316206000,2022-01-01T23:26:48,45.45396,-86.25759,11.0,25.0,24.0,ATLANTIC HURON,IMO8025680,VCQN,70,0,224,23,9.5,70,A
316206000,2022-01-01T23:32:38,45.47003,-86.24659,10.9,25.7,24.0,ATLANTIC HURON,IMO8025680,VCQN,70,0,224,23,9.5,70,A
316206000,2022-01-01T23:34:57,45.47641,-86.24225,11.0,25.5,24.0,ATLANTIC HURON,IMO8025680,VCQN,70,0,224,23,9.5,70,A
316206000,2022-01-01T23:14:08,45.41899,-86.28059,10.8,24.8,24.0,ATLANTIC HURON,IMO8025680,VCQN,70,0,224,23,9.5,70,A
316206000,2022-01-01T23:33:48,45.47319,-86.24445,11.0,24.8,24.0,ATLANTIC HURON,IMO8025680,VCQN,70,0,224,23,9.5,70,A
316206000,2022-01-01T22:50:18,45.35419,-86.32375,10.5,23.6,21.0,ATLANTIC HURON,IMO8025680,VCQN,70,0,224,23,9.5,70,A
316206000,2022-01-01T23:23:19,45.44428,-86.26407,10.9,24.5,24.0,ATLANTIC HURON,IMO8025680,VCQN,70,0,224,23,9.5,70,A
316206000,2022-01-01T22:51:28,45.35729,-86.32193,10.4,22.0,21.0,ATLANTIC HURON,IMO8025680,VCQN,70,0,224,23,9.5,70,A
316206000,2022-01-01T23:22:08,45.44105,-86.26616,11.0,24.4,24.0,ATLANTIC HURON,IMO8025680,VCQN,70,0,224,23,9.5,70,A
316206000,2022-01-01T23:25:37,45.45063,-86.25981,10.9,25.2,24.0,ATLANTIC HURON,IMO8025680,VCQN,70,0,224,23,9.5,70,A
316206000,2022-01-01T23:05:58,45.39661,-86.29560,10.8,25.9,24.0,ATLANTIC HURON,IMO8025680,VCQN,70,0,224,23,9.5,70,A
316206000,2022-01-01T22:56:07,45.36986,-86.31391,10.7,25.1,24.0,ATLANTIC HURON,IMO8025680,VCQN,70,0,224,23,9.5,70,A
316206000,2022-01-01T23:44:08,45.50176,-86.22493,11.0,25.0,24.0,ATLANTIC HURON,IMO8025680,VCQN,70,0,224,23,9.5,70,A
316206000,2022-01-01T23:02:28,45.38716,-86.30205,10.8,26.3,24.0,ATLANTIC HURON,IMO8025680,VCQN,70,0,224,23,9.5,70,A
316206000,2022-01-01T23:50:59,45.52070,-86.21242,11.0,24.8,24.0,ATLANTIC HURON,IMO8025680,VCQN,70,0,224,23,9.5,70,A
316206000,2022-01-01T23:38:17,45.48554,-86.23593,11.1,25.8,24.0,ATLANTIC HURON,IMO8025680,VCQN,70,0,224,23,9.5,70,A
316206000,2022-01-01T23:39:28,45.48886,-86.23365,11.0,25.8,24.0,ATLANTIC HURON,IMO8025680,VCQN,70,0,224,23,9.5,70,A
316206000,2022-01-01T23:40:38,45.49209,-86.23143,11.1,25.8,24.0,ATLANTIC HURON,IMO8025680,VCQN,70,0,224,23,9.5,70,A
316206000,2022-01-01T23:46:28,45.50821,-86.22066,10.9,24.9,24.0,ATLANTIC HURON,IMO8025680,VCQN,70,0,224,23,9.5,70,A
316206000,2022-01-01T23:18:37,45.43133,-86.27245,10.9,25.3,24.0,ATLANTIC HURON,IMO8025680,VCQN,70,0,224,23,9.5,70,A
316206000,2022-01-01T23:45:18,45.50498,-86.22277,11.0,25.2,23.0,ATLANTIC HURON,IMO8025680,VCQN,70,0,224,23,9.5,70,A
316206000,2022-01-01T23:29:08,45.46035,-86.25323,11.0,25.2,24.0,ATLANTIC HURON,IMO8025680,VCQN,70,0,224,23,9.5,70,A
316206000,2022-01-01T23:30:18,45.46361,-86.25099,11.0,25.2,24.0,ATLANTIC HURON,IMO8025680,VCQN,70,0,224,23,9.5,70,A
316206000,2022-01-01T23:24:27,45.44746,-86.26196,11.0,25.3,24.0,ATLANTIC HURON,IMO8025680,VCQN,70,0,224,23,9.5,70,A
316206000,2022-01-01T23:53:17,45.52713,-86.20819,11.0,24.2,24.0,ATLANTIC HURON,IMO8025680,VCQN,70,0,224,23,9.5,70,A
316206000,2022-01-01T23:35:58,45.47917,-86.24036,11.0,26.1,24.0,ATLANTIC HURON,IMO8025680,VCQN,70,0,224,23,9.5,70,A
316206000,2022-01-01T23:37:07,45.48237,-86.23814,11.0,26.2,24.0,ATLANTIC HURON,IMO8025680,VCQN,70,0,224,23,9.5,70,A
316206000,2022-01-01T23:48:48,45.51466,-86.21643,10.9,24.4,24.0,ATLANTIC HURON,IMO8025680,VCQN,70,0,224,23,9.5,70,A
316206000,2022-01-01T10:30:17,43.97107,-87.18541,6.4,23.2,19.0,ATLANTIC HURON,IMO8025680,VCQN,70,0,224,23,9.5,70,A
316206000,2022-01-01T23:55:28,45.53319,-86.20418,11.0,25.0,24.0,ATLANTIC HURON,IMO8025680,VCQN,70,0,224,23,9.5,70,A
316206000,2022-01-01T23:47:39,45.51148,-86.21851,11.0,24.9,23.0,ATLANTIC HURON,IMO8025680,VCQN,70,0,224,23,9.5,70,A
316206000,2022-01-01T10:33:37,43.97641,-87.18241,6.1,23.0,19.0,ATLANTIC HURON,IMO8025680,VCQN,70,0,224,23,9.5,70,A
316206000,2022-01-01T23:57:47,45.53964,-86.19986,11.1,24.4,24.0,ATLANTIC HURON,IMO8025680,VCQN,70,0,224,23,9.5,70,A
316206000,2022-01-01T23:52:08,45.52389,-86.21031,11.0,24.4,24.0,ATLANTIC HURON,IMO8025680,VCQN,70,0,224,23,9.5,70,A
316206000,2022-01-01T10:37:07,43.98199,-87.17929,6.1,21.9,19.0,ATLANTIC HURON,IMO8025680,VCQN,70,0,224,23,9.5,70,A
316206000,2022-01-01T23:54:19,45.52996,-86.20633,11.0,24.6,24.0,ATLANTIC HURON,IMO8025680,VCQN,70,0,224,23,9.5,70,A
316206000,2022-01-01T23:56:39,45.53644,-86.20200,11.0,25.5,23.0,ATLANTIC HURON,IMO8025680,VCQN,70,0,224,23,9.5,70,A
316206000,2022-01-01T23:58:58,45.54292,-86.19771,11.1,25.3,24.0,ATLANTIC HURON,IMO8025680,VCQN,70,0,224,23,9.5,70,A
316206000,2022-01-01T10:42:59,43.99113,-87.17404,6.3,25.7,20.0,ATLANTIC HURON,IMO8025680,VCQN,70,0,224,23,9.5,70,A
316206000,2022-01-01T10:52:18,44.00655,-87.16476,6.6,23.1,20.0,ATLANTIC HURON,IMO8025680,VCQN,70,0,224,23,9.5,70,A
316206000,2022-01-01T11:22:08,44.05700,-87.13544,6.6,24.8,20.0,ATLANTIC HURON,IMO8025680,VCQN,70,0,224,23,9.5,70,A
316206000,2022-01-01T11:37:19,44.08265,-87.12055,6.7,23.8,20.0,ATLANTIC HURON,IMO8025680,VCQN,70,0,224,23,9.5,70,A
316206000,2022-01-01T11:47:47,44.09998,-87.11022,6.4,23.5,20.0,ATLANTIC HURON,IMO8025680,VCQN,70,0,224,23,9.5,70,A
316206000,2022-01-01T11:55:28,44.11272,-87.10256,6.7,22.6,20.0,ATLANTIC HURON,IMO8025680,VCQN,70,0,224,23,9.5,70,A
316206000,2022-01-01T12:37:18,44.18115,-87.06271,6.3,23.1,21.0,ATLANTIC HURON,IMO8025680,VCQN,70,0,224,23,9.5,70,A
316206000,2022-01-01T12:47:48,44.19829,-87.05265,6.4,24.7,20.0,ATLANTIC HURON,IMO8025680,VCQN,70,0,224,23,9.5,70,A
316206000,2022-01-01T12:48:58,44.20018,-87.05147,6.4,23.9,20.0,ATLANTIC HURON,IMO8025680,VCQN,70,0,224,23,9.5,70,A
316206000,2022-01-01T12:59:38,44.21765,-87.04111,6.5,21.7,20.0,ATLANTIC HURON,IMO8025680,VCQN,70,0,224,23,9.5,70,A
316206000,2022-01-01T13:09:17,44.23376,-87.03169,6.6,23.2,21.0,ATLANTIC HURON,IMO8025680,VCQN,70,0,224,23,9.5,70,A
316206000,2022-01-01T13:23:08,44.25729,-87.01819,6.5,23.6,21.0,ATLANTIC HURON,IMO8025680,VCQN,70,0,224,23,9.5,70,A
316206000,2022-01-01T13:33:38,44.27504,-87.00745,6.3,24.9,22.0,ATLANTIC HURON,IMO8025680,VCQN,70,0,224,23,9.5,70,A
316206000,2022-01-01T13:40:38,44.28646,-87.00070,6.3,22.1,22.0,ATLANTIC HURON,IMO8025680,VCQN,70,0,224,23,9.5,70,A
316206000,2022-01-01T13:51:17,44.30383,-86.99034,6.5,22.1,22.0,ATLANTIC HURON,IMO8025680,VCQN,70,0,224,23,9.5,70,A
316206000,2022-01-01T13:54:49,44.30963,-86.98684,6.3,25.1,22.0,ATLANTIC HURON,IMO8025680,VCQN,70,0,224,23,9.5,70,A
316206000,2022-01-01T13:57:07,44.31346,-86.98451,6.5,23.4,21.0,ATLANTIC HURON,IMO8025680,VCQN,70,0,224,23,9.5,70,A
316206000,2022-01-01T14:18:38,44.34848,-86.96364,6.4,24.6,22.0,ATLANTIC HURON,IMO8025680,VCQN,70,0,224,23,9.5,70,A
316206000,2022-01-01T14:23:07,44.35592,-86.95910,6.5,23.5,21.0,ATLANTIC HURON,IMO8025680,VCQN,70,0,224,23,9.5,70,A
316206000,2022-01-01T14:40:37,44.38551,-86.94259,6.7,20.9,21.0,ATLANTIC HURON,IMO8025680,VCQN,70,0,224,23,9.5,70,A
316206000,2022-01-01T14:49:59,44.40171,-86.93346,6.5,20.8,21.0,ATLANTIC HURON,IMO8025680,VCQN,70,0,224,23,9.5,70,A
316206000,2022-01-01T14:54:38,44.40960,-86.92906,6.6,22.3,21.0,ATLANTIC HURON,IMO8025680,VCQN,70,0,224,23,9.5,70,A
316206000,2022-01-01T14:59:08,44.41715,-86.92472,6.5,23.7,21.0,ATLANTIC HURON,IMO8025680,VCQN,70,0,224,23,9.5,70,A
316206000,2022-01-01T15:01:19,44.42076,-86.92266,6.5,22.2,21.0,ATLANTIC HURON,IMO8025680,VCQN,70,0,224,23,9.5,70,A
316206000,2022-01-01T15:10:47,44.43650,-86.91320,6.3,24.4,22.0,ATLANTIC HURON,IMO8025680,VCQN,70,0,224,23,9.5,70,A
316206000,2022-01-01T15:31:17,44.47022,-86.89187,6.6,24.1,22.0,ATLANTIC HURON,IMO8025680,VCQN,70,0,224,23,9.5,70,A
316206000,2022-01-01T16:05:58,44.53265,-86.85619,7.0,21.2,21.0,ATLANTIC HURON,IMO8025680,VCQN,70,0,224,23,9.5,70,A
316206000,2022-01-01T16:07:07,44.53474,-86.85507,7.1,20.3,21.0,ATLANTIC HURON,IMO8025680,VCQN,70,0,224,23,9.5,70,A
316206000,2022-01-01T16:35:57,44.58740,-86.82341,7.4,24.2,23.0,ATLANTIC HURON,IMO8025680,VCQN,70,0,224,23,9.5,70,A
316206000,2022-01-01T16:38:17,44.59186,-86.82066,7.4,22.7,23.0,ATLANTIC HURON,IMO8025680,VCQN,70,0,224,23,9.5,70,A
316206000,2022-01-01T16:52:09,44.61733,-86.80544,6.9,23.3,23.0,ATLANTIC HURON,IMO8025680,VCQN,70,0,224,23,9.5,70,A
316206000,2022-01-01T17:03:39,44.63793,-86.79355,7.1,22.5,24.0,ATLANTIC HURON,IMO8025680,VCQN,70,0,224,23,9.5,70,A
316206000,2022-01-01T17:15:18,44.65893,-86.78060,7.1,21.5,23.0,ATLANTIC HURON,IMO8025680,VCQN,70,0,224,23,9.5,70,A
316206000,2022-01-01T17:21:08,44.66961,-86.77424,7.2,21.1,23.0,ATLANTIC HURON,IMO8025680,VCQN,70,0,224,23,9.5,70,A
316206000,2022-01-01T17:25:47,44.67819,-86.76933,7.1,22.9,23.0,ATLANTIC HURON,IMO8025680,VCQN,70,0,224,23,9.5,70,A
316206000,2022-01-01T17:37:38,44.69987,-86.75630,7.1,25.1,26.0,ATLANTIC HURON,IMO8025680,VCQN,70,0,224,23,9.5,70,A
316206000,2022-01-01T17:51:28,44.72470,-86.73972,7.0,27.6,27.0,ATLANTIC HURON,IMO8025680,VCQN,70,0,224,23,9.5,70,A
316206000,2022-01-01T17:52:37,44.72672,-86.73826,7.1,27.1,27.0,ATLANTIC HURON,IMO8025680,VCQN,70,0,224,23,9.5,70,A
316206000,2022-01-01T18:03:37,44.74650,-86.72544,7.2,23.4,24.0,ATLANTIC HURON,IMO8025680,VCQN,70,0,224,23,9.5,70,A
316206000,2022-01-01T18:16:18,44.76948,-86.71014,7.0,26.1,26.0,ATLANTIC HURON,IMO8025680,VCQN,70,0,224,23,9.5,70,A
316206000,2022-01-01T18:57:57,44.84514,-86.66120,7.3,26.0,26.0,ATLANTIC HURON,IMO8025680,VCQN,70,0,224,23,9.5,70,A
316206000,2022-01-01T18:59:08,44.84726,-86.65980,7.1,25.1,25.0,ATLANTIC HURON,IMO8025680,VCQN,70,0,224,23,9.5,70,A
316206000,2022-01-01T19:19:47,44.88624,-86.63282,8.3,26.2,24.0,ATLANTIC HURON,IMO8025680,VCQN,70,0,224,23,9.5,70,A
316206000,2022-01-01T19:22:08,44.89120,-86.62947,8.5,25.2,24.0,ATLANTIC HURON,IMO8025680,VCQN,70,0,224,23,9.5,70,A
316206000,2022-01-01T19:28:47,44.90590,-86.61968,8.9,25.0,24.0,ATLANTIC HURON,IMO8025680,VCQN,70,0,224,23,9.5,70,A
316206000,2022-01-01T20:06:59,44.98417,-86.56838,8.0,24.4,23.0,ATLANTIC HURON,IMO8025680,VCQN,70,0,224,23,9.5,70,A
316206000,2022-01-01T20:33:47,45.03930,-86.53318,8.1,25.6,24.0,ATLANTIC HURON,IMO8025680,VCQN,70,0,224,23,9.5,70,A
316206000,2022-01-01T20:52:18,45.07721,-86.50797,8.0,25.4,24.0,ATLANTIC HURON,IMO8025680,VCQN,70,0,224,23,9.5,70,A
316206000,2022-01-01T20:57:58,45.08866,-86.49994,8.1,26.2,24.0,ATLANTIC HURON,IMO8025680,VCQN,70,0,224,23,9.5,70,A
316206000,2022-01-01T21:10:18,45.11361,-86.48278,8.0,25.3,23.0,ATLANTIC HURON,IMO8025680,VCQN,70,0,224,23,9.5,70,A
316206000,2022-01-01T21:25:37,45.14798,-86.46055,9.6,23.9,23.0,ATLANTIC HURON,IMO8025680,VCQN,70,0,224,23,9.5,70,A
316206000,2022-01-01T21:29:07,45.15663,-86.45495,9.8,24.8,24.0,ATLANTIC HURON,IMO8025680,VCQN,70,0,224,23,9.5,70,A
316206000,2022-01-01T21:32:37,45.16543,-86.44913,10.0,24.2,24.0,ATLANTIC HURON,IMO8025680,VCQN,70,0,224,23,9.5,70,A
316206000,2022-01-01T21:38:18,45.17939,-86.43984,9.5,24.4,24.0,ATLANTIC HURON,IMO8025680,VCQN,70,0,224,23,9.5,70,A
316206000,2022-01-01T21:42:58,45.19047,-86.43236,9.6,25.4,24.0,ATLANTIC HURON,IMO8025680,VCQN,70,0,224,23,9.5,70,A
316206000,2022-01-01T21:45:17,45.19602,-86.42856,9.2,25.3,24.0,ATLANTIC HURON,IMO8025680,VCQN,70,0,224,23,9.5,70,A
316206000,2022-01-01T22:01:17,45.23302,-86.40377,9.2,24.1,23.0,ATLANTIC HURON,IMO8025680,VCQN,70,0,224,23,9.5,70,A
316206000,2022-01-01T22:02:28,45.23580,-86.40197,9.1,24.9,23.0,ATLANTIC HURON,IMO8025680,VCQN,70,0,224,23,9.5,70,A
316206000,2022-01-01T22:04:49,45.24117,-86.39838,9.2,25.2,23.0,ATLANTIC HURON,IMO8025680,VCQN,70,0,224,23,9.5,70,A
316206000,2022-01-01T22:05:57,45.24380,-86.39658,9.2,26.2,23.0,ATLANTIC HURON,IMO8025680,VCQN,70,0,224,23,9.5,70,A
316206000,2022-01-01T22:15:18,45.26537,-86.38252,9.2,23.5,23.0,ATLANTIC HURON,IMO8025680,VCQN,70,0,224,23,9.5,70,A
316206000,2022-01-01T22:33:58,45.31152,-86.35271,10.4,23.9,24.0,ATLANTIC HURON,IMO8025680,VCQN,70,0,224,23,9.5,70,A
316206000,2022-01-01T22:45:38,45.34208,-86.33209,10.4,28.4,25.0,ATLANTIC HURON,IMO8025680,VCQN,70,0,224,23,9.5,70,A
316206000,2022-01-01T23:04:48,45.39344,-86.29774,10.8,25.8,24.0,ATLANTIC HURON,IMO8025680,VCQN,70,0,224,23,9.5,70,A
316206000,2022-01-01T23:09:27,45.40609,-86.28906,10.8,25.6,24.0,ATLANTIC HURON,IMO8025680,VCQN,70,0,224,23,9.5,70,A
316206000,2022-01-01T23:12:58,45.41573,-86.28274,10.9,25.0,24.0,ATLANTIC HURON,IMO8025680,VCQN,70,0,224,23,9.5,70,A
316206000,2022-01-01T23:20:58,45.43780,-86.26823,11.0,23.8,23.0,ATLANTIC HURON,IMO8025680,VCQN,70,0,224,23,9.5,70,A
316206000,2022-01-01T23:31:28,45.46682,-86.24878,10.9,26.0,24.0,ATLANTIC HURON,IMO8025680,VCQN,70,0,224,23,9.5,70,A
316206000,2022-01-01T23:41:48,45.49530,-86.22926,11.0,25.0,24.0,ATLANTIC HURON,IMO8025680,VCQN,70,0,224,23,9.5,70,A
316206000,2022-01-01T23:49:58,45.51793,-86.21426,11.0,25.2,24.0,ATLANTIC HURON,IMO8025680,VCQN,70,0,224,23,9.5,70,A
316206000,2022-01-02T00:00:09,45.54621,-86.19549,11.1,25.7,24.0,ATLANTIC HURON,IMO8025680,VCQN,70,0,224,23,9.5,70,A
316206000,2022-01-02T00:01:19,45.54947,-86.19329,11.1,25.2,23.0,ATLANTIC HURON,IMO8025680,VCQN,70,0,224,23,9.5,70,A
316206000,2022-01-02T00:02:27,45.55264,-86.19119,11.1,24.9,24.0,ATLANTIC HURON,IMO8025680,VCQN,70,0,224,23,9.5,70,A
316206000,2022-01-02T00:03:38,45.55593,-86.18898,11.0,25.6,24.0,ATLANTIC HURON,IMO8025680,VCQN,70,0,224,23,9.5,70,A
316206000,2022-01-02T00:04:47,45.55917,-86.18683,11.0,24.3,23.0,ATLANTIC HURON,IMO8025680,VCQN,70,0,224,23,9.5,70,A
316206000,2022-01-02T00:05:48,45.56197,-86.18503,11.0,24.5,24.0,ATLANTIC HURON,IMO8025680,VCQN,70,0,224,23,9.5,70,A
316206000,2022-01-02T00:08:07,45.56844,-86.18078,11.0,24.8,24.0,ATLANTIC HURON,IMO8025680,VCQN,70,0,224,23,9.5,70,A
316206000,2022-01-02T00:11:37,45.57811,-86.17437,10.9,25.3,24.0,ATLANTIC HURON,IMO8025680,VCQN,70,0,224,23,9.5,70,A
316206000,2022-01-02T00:09:18,45.57172,-86.17861,10.9,24.7,24.0,ATLANTIC HURON,IMO8025680,VCQN,70,0,224,23,9.5,70,A
316206000,2022-01-02T00:10:27,45.57487,-86.17653,11.1,24.9,24.0,ATLANTIC HURON,IMO8025680,VCQN,70,0,224,23,9.5,70,A
316206000,2022-01-02T00:13:48,45.58416,-86.17031,10.9,25.1,24.0,ATLANTIC HURON,IMO8025680,VCQN,70,0,224,23,9.5,70,A
316206000,2022-01-02T00:06:58,45.56521,-86.18292,11.0,24.9,24.0,ATLANTIC HURON,IMO8025680,VCQN,70,0,224,23,9.5,70,A
316206000,2022-01-02T00:14:58,45.58737,-86.16815,11.0,24.9,24.0,ATLANTIC HURON,IMO8025680,VCQN,70,0,224,23,9.5,70,A
316206000,2022-01-02T00:16:17,45.59095,-86.16574,11.0,24.6,23.0,ATLANTIC HURON,IMO8025680,VCQN,70,0,224,23,9.5,70,A
316206000,2022-01-02T00:18:38,45.59751,-86.16140,11.1,24.9,24.0,ATLANTIC HURON,IMO8025680,VCQN,70,0,224,23,9.5,70,A
316206000,2022-01-02T00:17:28,45.59423,-86.16359,10.9,24.7,24.0,ATLANTIC HURON,IMO8025680,VCQN,70,0,224,23,9.5,70,A
316206000,2022-01-02T00:19:48,45.60073,-86.15924,10.9,25.6,24.0,ATLANTIC HURON,IMO8025680,VCQN,70,0,224,23,9.5,70,A
316206000,2022-01-02T00:22:08,45.60714,-86.15495,10.9,25.0,24.0,ATLANTIC HURON,IMO8025680,VCQN,70,0,224,23,9.5,70,A
316206000,2022-01-02T00:20:58,45.60395,-86.15707,11.1,25.5,23.0,ATLANTIC HURON,IMO8025680,VCQN,70,0,224,23,9.5,70,A
316206000,2022-01-02T00:24:28,45.61328,-86.15085,10.1,25.4,24.0,ATLANTIC HURON,IMO8025680,VCQN,70,0,224,23,9.5,70,A
316206000,2022-01-02T00:26:48,45.61911,-86.14690,9.9,24.8,24.0,ATLANTIC HURON,IMO8025680,VCQN,70,0,224,23,9.5,70,A
316206000,2022-01-02T00:29:08,45.62490,-86.14299,9.7,25.5,24.0,ATLANTIC HURON,IMO8025680,VCQN,70,0,224,23,9.5,70,A
316206000,2022-01-02T00:27:58,45.62199,-86.14496,9.7,25.5,24.0,ATLANTIC HURON,IMO8025680,VCQN,70,0,224,23,9.5,70,A
316206000,2022-01-02T00:31:27,45.63060,-86.13907,9.8,26.0,23.0,ATLANTIC HURON,IMO8025680,VCQN,70,0,224,23,9.5,70,A
316206000,2022-01-02T00:32:37,45.63344,-86.13712,9.9,25.5,23.0,ATLANTIC HURON,IMO8025680,VCQN,70,0,224,23,9.5,70,A
316206000,2022-01-02T00:30:18,45.62778,-86.14102,9.9,25.8,24.0,ATLANTIC HURON,IMO8025680,VCQN,70,0,224,23,9.5,70,A
316206000,2022-01-02T00:12:47,45.58137,-86.17219,10.9,25.1,24.0,ATLANTIC HURON,IMO8025680,VCQN,70,0,224,23,9.5,70,A
316206000,2022-01-02T00:38:27,45.64791,-86.12734,9.8,25.2,23.0,ATLANTIC HURON,IMO8025680,VCQN,70,0,224,23,9.5,70,A
316206000,2022-01-02T00:34:58,45.63926,-86.13318,9.7,26.3,23.0,ATLANTIC HURON,IMO8025680,VCQN,70,0,224,23,9.5,70,A
316206000,2022-01-02T00:42:57,45.65906,-86.12024,9.8,23.1,22.0,ATLANTIC HURON,IMO8025680,VCQN,70,0,224,23,9.5,70,A
316206000,2022-01-02T00:41:48,45.65619,-86.12201,9.6,23.1,22.0,ATLANTIC HURON,IMO8025680,VCQN,70,0,224,23,9.5,70,A
316206000,2022-01-02T00:39:38,45.65084,-86.12541,9.8,25.0,22.0,ATLANTIC HURON,IMO8025680,VCQN,70,0,224,23,9.5,70,A
316206000,2022-01-02T00:40:47,45.65370,-86.12356,9.7,24.2,22.0,ATLANTIC HURON,IMO8025680,VCQN,70,0,224,23,9.5,70,A
316206000,2022-01-02T00:46:28,45.66788,-86.11487,9.8,22.4,23.0,ATLANTIC HURON,IMO8025680,VCQN,70,0,224,23,9.5,70,A
316206000,2022-01-02T00:49:58,45.67665,-86.10920,9.8,25.6,24.0,ATLANTIC HURON,IMO8025680,VCQN,70,0,224,23,9.5,70,A
316206000,2022-01-02T00:44:08,45.66202,-86.11842,9.7,23.6,22.0,ATLANTIC HURON,IMO8025680,VCQN,70,0,224,23,9.5,70,A
316206000,2022-01-02T00:45:18,45.66499,-86.11662,9.7,22.9,22.0,ATLANTIC HURON,IMO8025680,VCQN,70,0,224,23,9.5,70,A
316206000,2022-01-02T00:52:18,45.68210,-86.10449,9.6,42.2,45.0,ATLANTIC HURON,IMO8025680,VCQN,70,0,224,23,9.5,70,A
316206000,2022-01-02T00:47:37,45.67082,-86.11305,9.8,24.1,23.0,ATLANTIC HURON,IMO8025680,VCQN,70,0,224,23,9.5,70,A
316206000,2022-01-02T00:48:48,45.67375,-86.11117,9.8,25.1,24.0,ATLANTIC HURON,IMO8025680,VCQN,70,0,224,23,9.5,70,A
316206000,2022-01-02T00:51:07,45.67949,-86.10724,9.8,30.0,35.0,ATLANTIC HURON,IMO8025680,VCQN,70,0,224,23,9.5,70,A
316206000,2022-01-02T00:53:28,45.68426,-86.10131,9.6,50.1,51.0,ATLANTIC HURON,IMO8025680,VCQN,70,0,224,23,9.5,70,A
316206000,2022-01-02T00:54:37,45.68618,-86.09769,9.9,55.2,54.0,ATLANTIC HURON,IMO8025680,VCQN,70,0,224,23,9.5,70,A
316206000,2022-01-02T00:23:18,45.61031,-86.15284,10.5,24.9,24.0,ATLANTIC HURON,IMO8025680,VCQN,70,0,224,23,9.5,70,A
316206000,2022-01-02T00:55:47,45.68797,-86.09388,10.0,57.1,54.0,ATLANTIC HURON,IMO8025680,VCQN,70,0,224,23,9.5,70,A
316206000,2022-01-02T00:58:07,45.69155,-86.08615,10.0,56.3,53.0,ATLANTIC HURON,IMO8025680,VCQN,70,0,224,23,9.5,70,A
316206000,2022-01-02T01:04:48,45.70246,-86.06427,10.7,52.2,50.0,ATLANTIC HURON,IMO8025680,VCQN,70,0,224,23,9.5,70,A
316206000,2022-01-02T00:56:58,45.68976,-86.09002,10.0,56.9,54.0,ATLANTIC HURON,IMO8025680,VCQN,70,0,224,23,9.5,70,A
316206000,2022-01-02T00:59:18,45.69339,-86.08224,10.1,56.4,53.0,ATLANTIC HURON,IMO8025680,VCQN,70,0,224,23,9.5,70,A
316206000,2022-01-02T00:25:38,45.61624,-86.14884,9.9,25.6,23.0,ATLANTIC HURON,IMO8025680,VCQN,70,0,224,23,9.5,70,A
316206000,2022-01-02T01:00:07,45.69465,-86.07955,9.9,55.6,52.0,ATLANTIC HURON,IMO8025680,VCQN,70,0,224,23,9.5,70,A
316206000,2022-01-02T01:01:18,45.69654,-86.07573,9.9,54.5,52.0,ATLANTIC HURON,IMO8025680,VCQN,70,0,224,23,9.5,70,A
316206000,2022-01-02T01:02:27,45.69841,-86.07201,9.9,54.3,51.0,ATLANTIC HURON,IMO8025680,VCQN,70,0,224,23,9.5,70,A
316206000,2022-01-02T01:03:37,45.70034,-86.06822,10.3,52.9,50.0,ATLANTIC HURON,IMO8025680,VCQN,70,0,224,23,9.5,70,A
316206000,2022-01-02T01:11:37,45.71557,-86.04032,11.5,52.2,51.0,ATLANTIC HURON,IMO8025680,VCQN,70,0,224,23,9.5,70,A
316206000,2022-01-02T01:05:49,45.70430,-86.06085,10.9,52.3,50.0,ATLANTIC HURON,IMO8025680,VCQN,70,0,224,23,9.5,70,A
316206000,2022-01-02T01:08:07,45.70878,-86.05284,11.3,51.3,50.0,ATLANTIC HURON,IMO8025680,VCQN,70,0,224,23,9.5,70,A
316206000,2022-01-02T01:13:57,45.72005,-86.03187,11.5,53.4,51.0,ATLANTIC HURON,IMO8025680,VCQN,70,0,224,23,9.5,70,A
316206000,2022-01-02T01:06:59,45.70653,-86.05683,11.2,51.3,50.0,ATLANTIC HURON,IMO8025680,VCQN,70,0,224,23,9.5,70,A
316206000,2022-01-02T01:09:18,45.71105,-86.04870,11.3,52.7,51.0,ATLANTIC HURON,IMO8025680,VCQN,70,0,224,23,9.5,70,A
316206000,2022-01-02T01:10:28,45.71329,-86.04452,11.4,52.4,51.0,ATLANTIC HURON,IMO8025680,VCQN,70,0,224,23,9.5,70,A
316206000,2022-01-02T01:12:48,45.71784,-86.03608,11.5,52.8,51.0,ATLANTIC HURON,IMO8025680,VCQN,70,0,224,23,9.5,70,A
316206000,2022-01-02T01:18:38,45.72901,-86.01452,11.4,53.7,53.0,ATLANTIC HURON,IMO8025680,VCQN,70,0,224,23,9.5,70,A
316206000,2022-01-02T01:17:27,45.72676,-86.01897,11.5,54.4,53.0,ATLANTIC HURON,IMO8025680,VCQN,70,0,224,23,9.5,70,A
316206000,2022-01-02T01:15:07,45.72235,-86.02753,11.5,53.5,52.0,ATLANTIC HURON,IMO8025680,VCQN,70,0,224,23,9.5,70,A
316206000,2022-01-02T00:33:48,45.63637,-86.13513,9.8,25.4,23.0,ATLANTIC HURON,IMO8025680,VCQN,70,0,224,23,9.5,70,A
316206000,2022-01-02T01:16:17,45.72455,-86.02330,11.6,53.7,52.0,ATLANTIC HURON,IMO8025680,VCQN,70,0,224,23,9.5,70,A
316206000,2022-01-02T01:19:47,45.73113,-86.01032,11.5,54.2,53.0,ATLANTIC HURON,IMO8025680,VCQN,70,0,224,23,9.5,70,A
316206000,2022-01-02T01:22:07,45.73551,-86.00159,11.5,54.5,53.0,ATLANTIC HURON,IMO8025680,VCQN,70,0,224,23,9.5,70,A
316206000,2022-01-02T01:25:39,45.74207,-85.98843,11.6,54.8,53.0,ATLANTIC HURON,IMO8025680,VCQN,70,0,224,23,9.5,70,A
316206000,2022-01-02T00:36:08,45.64217,-86.13118,9.8,25.5,23.0,ATLANTIC HURON,IMO8025680,VCQN,70,0,224,23,9.5,70,A
316206000,2022-01-02T01:23:17,45.73766,-85.99730,11.6,55.2,53.0,ATLANTIC HURON,IMO8025680,VCQN,70,0,224,23,9.5,70,A
316206000,2022-01-02T01:28:59,45.74824,-85.97586,11.6,55.4,52.0,ATLANTIC HURON,IMO8025680,VCQN,70,0,224,23,9.5,70,A
316206000,2022-01-02T00:37:18,45.64502,-86.12927,9.8,25.0,23.0,ATLANTIC HURON,IMO8025680,VCQN,70,0,224,23,9.5,70,A
316206000,2022-01-02T01:20:57,45.73333,-86.00593,11.4,54.6,53.0,ATLANTIC HURON,IMO8025680,VCQN,70,0,224,23,9.5,70,A
316206000,2022-01-02T01:30:09,45.75040,-85.97150,11.5,54.4,52.0,ATLANTIC HURON,IMO8025680,VCQN,70,0,224,23,9.5,70,A
316206000,2022-01-02T01:26:47,45.74416,-85.98416,11.6,54.7,53.0,ATLANTIC HURON,IMO8025680,VCQN,70,0,224,23,9.5,70,A
316206000,2022-01-02T01:27:58,45.74638,-85.97963,11.6,54.9,53.0,ATLANTIC HURON,IMO8025680,VCQN,70,0,224,23,9.5,70,A
316206000,2022-01-02T01:32:27,45.75475,-85.96292,11.4,54.5,52.0,ATLANTIC HURON,IMO8025680,VCQN,70,0,224,23,9.5,70,A
316206000,2022-01-02T01:33:38,45.75691,-85.95857,11.5,54.5,52.0,ATLANTIC HURON,IMO8025680,VCQN,70,0,224,23,9.5,70,A
316206000,2022-01-02T01:41:48,45.77227,-85.92853,11.4,53.1,51.0,ATLANTIC HURON,IMO8025680,VCQN,70,0,224,23,9.5,70,A
316206000,2022-01-02T01:39:27,45.76787,-85.93707,11.4,53.9,51.0,ATLANTIC HURON,IMO8025680,VCQN,70,0,224,23,9.5,70,A
316206000,2022-01-02T01:40:37,45.77007,-85.93279,11.4,53.9,51.0,ATLANTIC HURON,IMO8025680,VCQN,70,0,224,23,9.5,70,A
316206000,2022-01-02T01:44:08,45.77669,-85.91999,11.4,54.1,51.0,ATLANTIC HURON,IMO8025680,VCQN,70,0,224,23,9.5,70,A
316206000,2022-01-02T01:37:08,45.76351,-85.94557,11.5,53.3,51.0,ATLANTIC HURON,IMO8025680,VCQN,70,0,224,23,9.5,70,A
316206000,2022-01-02T01:38:18,45.76569,-85.94128,11.5,53.8,51.0,ATLANTIC HURON,IMO8025680,VCQN,70,0,224,23,9.5,70,A
316206000,2022-01-02T01:45:18,45.77893,-85.91567,11.5,54.0,51.0,ATLANTIC HURON,IMO8025680,VCQN,70,0,224,23,9.5,70,A
316206000,2022-01-02T01:48:47,45.78553,-85.90295,11.5,53.6,51.0,ATLANTIC HURON,IMO8025680,VCQN,70,0,224,23,9.5,70,A
316206000,2022-01-02T01:49:58,45.78776,-85.89868,11.4,53.2,50.0,ATLANTIC HURON,IMO8025680,VCQN,70,0,224,23,9.5,70,A
316206000,2022-01-02T01:56:58,45.80129,-85.87324,11.5,52.9,51.0,ATLANTIC HURON,IMO8025680,VCQN,70,0,224,23,9.5,70,A
316206000,2022-01-02T01:54:38,45.79678,-85.88174,11.4,52.8,51.0,ATLANTIC HURON,IMO8025680,VCQN,70,0,224,23,9.5,70,A
316206000,2022-01-02T01:46:27,45.78111,-85.91148,11.4,53.3,51.0,ATLANTIC HURON,IMO8025680,VCQN,70,0,224,23,9.5,70,A
316206000,2022-01-02T01:47:37,45.78332,-85.90722,11.4,53.7,51.0,ATLANTIC HURON,IMO8025680,VCQN,70,0,224,23,9.5,70,A
316206000,2022-01-02T01:51:07,45.79001,-85.89446,11.5,52.6,51.0,ATLANTIC HURON,IMO8025680,VCQN,70,0,224,23,9.5,70,A
316206000,2022-01-02T01:58:08,45.80354,-85.86898,11.5,52.2,51.0,ATLANTIC HURON,IMO8025680,VCQN,70,0,224,23,9.5,70,A
316206000,2022-01-02T01:55:49,45.79907,-85.87744,11.5,52.6,51.0,ATLANTIC HURON,IMO8025680,VCQN,70,0,224,23,9.5,70,A
316206000,2022-01-02T01:52:17,45.79227,-85.89024,11.4,52.6,51.0,ATLANTIC HURON,IMO8025680,VCQN,70,0,224,23,9.5,70,A
316206000,2022-01-02T02:04:47,45.81627,-85.84444,11.5,53.8,52.0,ATLANTIC HURON,IMO8025680,VCQN,70,0,224,23,9.5,70,A
316206000,2022-01-02T01:59:17,45.80577,-85.86479,11.4,52.8,51.0,ATLANTIC HURON,IMO8025680,VCQN,70,0,224,23,9.5,70,A
316206000,2022-01-02T02:01:17,45.80961,-85.85746,11.4,53.5,51.0,ATLANTIC HURON,IMO8025680,VCQN,70,0,224,23,9.5,70,A
316206000,2022-01-02T02:00:08,45.80744,-85.86163,11.5,52.8,51.0,ATLANTIC HURON,IMO8025680,VCQN,70,0,224,23,9.5,70,A
316206000,2022-01-02T02:07:08,45.82075,-85.83574,11.4,53.7,52.0,ATLANTIC HURON,IMO8025680,VCQN,70,0,224,23,9.5,70,A
316206000,2022-01-02T02:11:47,45.82950,-85.81824,11.7,54.6,53.0,ATLANTIC HURON,IMO8025680,VCQN,70,0,224,23,9.5,70,A
316206000,2022-01-02T02:08:17,45.82294,-85.83147,11.6,53.5,52.0,ATLANTIC HURON,IMO8025680,VCQN,70,0,224,23,9.5,70,A
316206000,2022-01-02T02:10:39,45.82735,-85.82262,11.7,54.4,53.0,ATLANTIC HURON,IMO8025680,VCQN,70,0,224,23,9.5,70,A
316206000,2022-01-02T02:03:37,45.81404,-85.84883,11.5,53.6,52.0,ATLANTIC HURON,IMO8025680,VCQN,70,0,224,23,9.5,70,A
316206000,2022-01-02T02:15:07,45.83575,-85.80547,11.8,55.0,53.0,ATLANTIC HURON,IMO8025680,VCQN,70,0,224,23,9.5,70,A
316206000,2022-01-02T02:09:28,45.82515,-85.82702,11.7,54.6,52.0,ATLANTIC HURON,IMO8025680,VCQN,70,0,224,23,9.5,70,A
316206000,2022-01-02T02:18:37,45.84227,-85.79204,11.8,55.0,53.0,ATLANTIC HURON,IMO8025680,VCQN,70,0,224,23,9.5,70,A
316206000,2022-01-02T02:12:48,45.83138,-85.81443,11.7,55.3,53.0,ATLANTIC HURON,IMO8025680,VCQN,70,0,224,23,9.5,70,A
316206000,2022-01-02T02:20:58,45.84671,-85.78302,11.6,54.5,53.0,ATLANTIC HURON,IMO8025680,VCQN,70,0,224,23,9.5,70,A
316206000,2022-01-02T02:13:58,45.83359,-85.80988,11.8,55.0,53.0,ATLANTIC HURON,IMO8025680,VCQN,70,0,224,23,9.5,70,A
316206000,2022-01-02T02:16:17,45.83790,-85.80103,11.9,55.2,53.0,ATLANTIC HURON,IMO8025680,VCQN,70,0,224,23,9.5,70,A
316206000,2022-01-02T02:22:08,45.84889,-85.77858,11.8,55.2,53.0,ATLANTIC HURON,IMO8025680,VCQN,70,0,224,23,9.5,70,A
316206000,2022-01-02T02:17:27,45.84008,-85.79654,11.7,55.2,53.0,ATLANTIC HURON,IMO8025680,VCQN,70,0,224,23,9.5,70,A
316206000,2022-01-02T02:27:57,45.86014,-85.75624,12.0,53.4,52.0,ATLANTIC HURON,IMO8025680,VCQN,70,0,224,23,9.5,70,A
316206000,2022-01-02T02:19:48,45.84452,-85.78745,11.7,54.4,53.0,ATLANTIC HURON,IMO8025680,VCQN,70,0,224,23,9.5,70,A
316206000,2022-01-02T02:23:17,45.85103,-85.77422,11.8,55.0,53.0,ATLANTIC HURON,IMO8025680,VCQN,70,0,224,23,9.5,70,A
316206000,2022-01-02T02:26:47,45.85787,-85.76067,11.9,53.7,52.0,ATLANTIC HURON,IMO8025680,VCQN,70,0,224,23,9.5,70,A
316206000,2022-01-02T02:34:47,45.87350,-85.72957,12.1,55.4,54.0,ATLANTIC HURON,IMO8025680,VCQN,70,0,224,23,9.5,70,A
316206000,2022-01-02T02:31:19,45.86682,-85.74326,12.0,54.2,53.0,ATLANTIC HURON,IMO8025680,VCQN,70,0,224,23,9.5,70,A
316206000,2022-01-02T02:30:18,45.86485,-85.74715,12.1,53.0,52.0,ATLANTIC HURON,IMO8025680,VCQN,70,0,224,23,9.5,70,A
316206000,2022-01-02T02:37:08,45.87800,-85.72028,12.1,54.4,54.0,ATLANTIC HURON,IMO8025680,VCQN,70,0,224,23,9.5,70,A
316206000,2022-01-02T02:32:28,45.86905,-85.73874,12.1,55.4,53.0,ATLANTIC HURON,IMO8025680,VCQN,70,0,224,23,9.5,70,A
316206000,2022-01-02T02:44:08,45.89010,-85.69154,12.1,74.5,78.0,ATLANTIC HURON,IMO8025680,VCQN,70,0,224,23,9.5,70,A
316206000,2022-01-02T02:41:47,45.88693,-85.70182,12.0,57.2,60.0,ATLANTIC HURON,IMO8025680,VCQN,70,0,224,23,9.5,70,A
316206000,2022-01-02T02:35:58,45.87579,-85.72482,12.1,55.4,54.0,ATLANTIC HURON,IMO8025680,VCQN,70,0,224,23,9.5,70,A
316206000,2022-01-02T02:40:38,45.88474,-85.70638,12.1,55.8,55.0,ATLANTIC HURON,IMO8025680,VCQN,70,0,224,23,9.5,70,A
316206000,2022-01-02T02:47:38,45.89093,-85.67475,12.4,90.5,89.0,ATLANTIC HURON,IMO8025680,VCQN,70,0,224,23,9.5,70,A
316206000,2022-01-02T02:38:18,45.88026,-85.71559,12.1,55.7,54.0,ATLANTIC HURON,IMO8025680,VCQN,70,0,224,23,9.5,70,A
316206000,2022-01-02T02:52:17,45.89102,-85.65149,12.5,89.3,87.0,ATLANTIC HURON,IMO8025680,VCQN,70,0,224,23,9.5,70,A
316206000,2022-01-02T02:39:27,45.88246,-85.71104,12.1,54.9,54.0,ATLANTIC HURON,IMO8025680,VCQN,70,0,224,23,9.5,70,A
316206000,2022-01-02T02:55:47,45.89125,-85.63417,12.3,88.9,87.0,ATLANTIC HURON,IMO8025680,VCQN,70,0,224,23,9.5,70,A
316206000,2022-01-02T02:48:49,45.89090,-85.66888,12.5,89.9,88.0,ATLANTIC HURON,IMO8025680,VCQN,70,0,224,23,9.5,70,A
316206000,2022-01-02T02:46:27,45.89093,-85.68048,12.2,89.4,88.0,ATLANTIC HURON,IMO8025680,VCQN,70,0,224,23,9.5,70,A
316206000,2022-01-02T02:49:58,45.89090,-85.66315,12.4,89.6,88.0,ATLANTIC HURON,IMO8025680,VCQN,70,0,224,23,9.5,70,A
316206000,2022-01-02T03:02:29,45.89181,-85.60076,12.4,88.5,87.0,ATLANTIC HURON,IMO8025680,VCQN,70,0,224,23,9.5,70,A
316206000,2022-01-02T01:24:28,45.73986,-85.99286,11.6,54.3,53.0,ATLANTIC HURON,IMO8025680,VCQN,70,0,224,23,9.5,70,A
316206000,2022-01-02T02:53:28,45.89109,-85.64555,12.6,89.0,87.0,ATLANTIC HURON,IMO8025680,VCQN,70,0,224,23,9.5,70,A
316206000,2022-01-02T02:54:37,45.89117,-85.63984,12.4,88.8,87.0,ATLANTIC HURON,IMO8025680,VCQN,70,0,224,23,9.5,70,A
316206000,2022-01-02T02:56:58,45.89133,-85.62832,12.5,88.7,87.0,ATLANTIC HURON,IMO8025680,VCQN,70,0,224,23,9.5,70,A
316206000,2022-01-02T02:59:17,45.89150,-85.61675,12.5,88.3,87.0,ATLANTIC HURON,IMO8025680,VCQN,70,0,224,23,9.5,70,A
316206000,2022-01-02T03:00:08,45.89158,-85.61240,12.5,88.2,87.0,ATLANTIC HURON,IMO8025680,VCQN,70,0,224,23,9.5,70,A
316206000,2022-01-02T03:01:17,45.89170,-85.60672,12.5,88.5,87.0,ATLANTIC HURON,IMO8025680,VCQN,70,0,224,23,9.5,70,A
316206000,2022-01-02T01:31:18,45.75260,-85.96718,11.5,54.0,52.0,ATLANTIC HURON,IMO8025680,VCQN,70,0,224,23,9.5,70,A
316206000,2022-01-02T03:03:38,45.89191,-85.59496,12.5,88.8,87.0,ATLANTIC HURON,IMO8025680,VCQN,70,0,224,23,9.5,70,A
316206000,2022-01-02T03:10:18,45.89207,-85.56140,12.5,94.0,94.0,ATLANTIC HURON,IMO8025680,VCQN,70,0,224,23,9.5,70,A
316206000,2022-01-02T03:04:39,45.89200,-85.58995,12.6,88.7,87.0,ATLANTIC HURON,IMO8025680,VCQN,70,0,224,23,9.5,70,A
316206000,2022-01-02T03:07:57,45.89231,-85.57323,12.5,89.6,89.0,ATLANTIC HURON,IMO8025680,VCQN,70,0,224,23,9.5,70,A
316206000,2022-01-02T03:06:48,45.89222,-85.57909,12.7,88.3,87.0,ATLANTIC HURON,IMO8025680,VCQN,70,0,224,23,9.5,70,A
316206000,2022-01-02T01:34:48,45.75908,-85.95423,11.5,54.8,52.0,ATLANTIC HURON,IMO8025680,VCQN,70,0,224,23,9.5,70,A
316206000,2022-01-02T03:05:47,45.89213,-85.58424,12.7,88.7,87.0,ATLANTIC HURON,IMO8025680,VCQN,70,0,224,23,9.5,70,A
316206000,2022-01-02T03:13:48,45.89044,-85.54403,12.7,97.8,96.0,ATLANTIC HURON,IMO8025680,VCQN,70,0,224,23,9.5,70,A
316206000,2022-01-02T01:35:58,45.76128,-85.94992,11.5,53.7,51.0,ATLANTIC HURON,IMO8025680,VCQN,70,0,224,23,9.5,70,A
316206000,2022-01-02T03:17:28,45.88863,-85.52566,12.7,98.2,97.0,ATLANTIC HURON,IMO8025680,VCQN,70,0,224,23,9.5,70,A
316206000,2022-01-02T03:11:27,45.89162,-85.55571,12.5,98.1,97.0,ATLANTIC HURON,IMO8025680,VCQN,70,0,224,23,9.5,70,A
316206000,2022-01-02T03:09:07,45.89226,-85.56735,12.7,91.2,91.0,ATLANTIC HURON,IMO8025680,VCQN,70,0,224,23,9.5,70,A
316206000,2022-01-02T03:12:38,45.89104,-85.54985,12.6,98.4,97.0,ATLANTIC HURON,IMO8025680,VCQN,70,0,224,23,9.5,70,A
316206000,2022-01-02T03:14:58,45.88986,-85.53817,12.7,97.9,97.0,ATLANTIC HURON,IMO8025680,VCQN,70,0,224,23,9.5,70,A
316206000,2022-01-02T03:22:09,45.88639,-85.50233,12.5,97.3,96.0,ATLANTIC HURON,IMO8025680,VCQN,70,0,224,23,9.5,70,A
316206000,2022-01-02T03:18:37,45.88806,-85.52000,12.7,98.0,97.0,ATLANTIC HURON,IMO8025680,VCQN,70,0,224,23,9.5,70,A
316206000,2022-01-02T03:19:48,45.88746,-85.51408,12.6,98.4,96.0,ATLANTIC HURON,IMO8025680,VCQN,70,0,224,23,9.5,70,A
316206000,2022-01-02T03:25:38,45.88482,-85.48501,12.5,97.2,96.0,ATLANTIC HURON,IMO8025680,VCQN,70,0,224,23,9.5,70,A
316206000,2022-01-02T01:42:58,45.77452,-85.92420,11.4,53.9,51.0,ATLANTIC HURON,IMO8025680,VCQN,70,0,224,23,9.5,70,A
316206000,2022-01-02T03:16:18,45.88922,-85.53158,12.7,98.0,97.0,ATLANTIC HURON,IMO8025680,VCQN,70,0,224,23,9.5,70,A
316206000,2022-01-02T03:24:28,45.88538,-85.49079,12.5,97.5,96.0,ATLANTIC HURON,IMO8025680,VCQN,70,0,224,23,9.5,70,A
316206000,2022-01-02T03:26:48,45.88429,-85.47929,12.6,97.0,96.0,ATLANTIC HURON,IMO8025680,VCQN,70,0,224,23,9.5,70,A
316206000,2022-01-02T03:30:17,45.88267,-85.46182,12.6,97.9,96.0,ATLANTIC HURON,IMO8025680,VCQN,70,0,224,23,9.5,70,A
316206000,2022-01-02T03:23:17,45.88589,-85.49672,12.4,96.5,96.0,ATLANTIC HURON,IMO8025680,VCQN,70,0,224,23,9.5,70,A
316206000,2022-01-02T03:31:29,45.88213,-85.45592,12.7,97.3,96.0,ATLANTIC HURON,IMO8025680,VCQN,70,0,224,23,9.5,70,A
316206000,2022-01-02T03:27:58,45.88375,-85.47348,12.6,97.5,96.0,ATLANTIC HURON,IMO8025680,VCQN,70,0,224,23,9.5,70,A
316206000,2022-01-02T03:36:08,45.88009,-85.43268,12.6,96.8,96.0,ATLANTIC HURON,IMO8025680,VCQN,70,0,224,23,9.5,70,A
316206000,2022-01-02T03:38:28,45.87908,-85.42097,12.5,97.5,96.0,ATLANTIC HURON,IMO8025680,VCQN,70,0,224,23,9.5,70,A
316206000,2022-01-02T03:39:38,45.87857,-85.41525,12.5,96.7,96.0,ATLANTIC HURON,IMO8025680,VCQN,70,0,224,23,9.5,70,A
316206000,2022-01-02T03:29:09,45.88322,-85.46757,12.7,97.6,96.0,ATLANTIC HURON,IMO8025680,VCQN,70,0,224,23,9.5,70,A
316206000,2022-01-02T03:32:38,45.88162,-85.45017,12.7,97.0,96.0,ATLANTIC HURON,IMO8025680,VCQN,70,0,224,23,9.5,70,A
316206000,2022-01-02T03:33:48,45.88111,-85.44426,12.6,96.7,96.0,ATLANTIC HURON,IMO8025680,VCQN,70,0,224,23,9.5,70,A
316206000,2022-01-02T03:45:27,45.87606,-85.38633,12.5,97.4,96.0,ATLANTIC HURON,IMO8025680,VCQN,70,0,224,23,9.5,70,A
316206000,2022-01-02T03:34:59,45.88059,-85.43843,12.6,96.9,96.0,ATLANTIC HURON,IMO8025680,VCQN,70,0,224,23,9.5,70,A
316206000,2022-01-02T03:50:08,45.87380,-85.36311,12.5,97.7,97.0,ATLANTIC HURON,IMO8025680,VCQN,70,0,224,23,9.5,70,A
316206000,2022-01-02T03:37:18,45.87959,-85.42686,12.6,97.1,96.0,ATLANTIC HURON,IMO8025680,VCQN,70,0,224,23,9.5,70,A
316206000,2022-01-02T03:41:57,45.87758,-85.40363,12.5,96.9,96.0,ATLANTIC HURON,IMO8025680,VCQN,70,0,224,23,9.5,70,A
316206000,2022-01-02T01:53:28,45.79455,-85.88593,11.5,53.5,51.0,ATLANTIC HURON,IMO8025680,VCQN,70,0,224,23,9.5,70,A
316206000,2022-01-02T03:51:19,45.87321,-85.35736,12.5,98.4,97.0,ATLANTIC HURON,IMO8025680,VCQN,70,0,224,23,9.5,70,A
316206000,2022-01-02T03:46:37,45.87552,-85.38056,12.5,97.7,97.0,ATLANTIC HURON,IMO8025680,VCQN,70,0,224,23,9.5,70,A
316206000,2022-01-02T03:47:48,45.87494,-85.37462,12.6,98.7,97.0,ATLANTIC HURON,IMO8025680,VCQN,70,0,224,23,9.5,70,A
316206000,2022-01-02T03:40:48,45.87807,-85.40936,12.5,96.4,96.0,ATLANTIC HURON,IMO8025680,VCQN,70,0,224,23,9.5,70,A
316206000,2022-01-02T03:53:37,45.87202,-85.34602,12.4,98.3,97.0,ATLANTIC HURON,IMO8025680,VCQN,70,0,224,23,9.5,70,A
316206000,2022-01-02T03:43:08,45.87709,-85.39783,12.5,96.4,96.0,ATLANTIC HURON,IMO8025680,VCQN,70,0,224,23,9.5,70,A
316206000,2022-01-02T03:54:48,45.87143,-85.34028,12.5,98.2,97.0,ATLANTIC HURON,IMO8025680,VCQN,70,0,224,23,9.5,70,A
316206000,2022-01-02T03:55:58,45.87083,-85.33446,12.4,97.8,96.0,ATLANTIC HURON,IMO8025680,VCQN,70,0,224,23,9.5,70,A
316206000,2022-01-02T03:48:57,45.87438,-85.36902,12.4,97.5,97.0,ATLANTIC HURON,IMO8025680,VCQN,70,0,224,23,9.5,70,A
316206000,2022-01-02T03:57:09,45.87026,-85.32873,12.4,97.7,96.0,ATLANTIC HURON,IMO8025680,VCQN,70,0,224,23,9.5,70,A
316206000,2022-01-02T04:06:57,45.86577,-85.28037,12.4,98.0,96.0,ATLANTIC HURON,IMO8025680,VCQN,70,0,224,23,9.5,70,A
316206000,2022-01-02T02:02:28,45.81190,-85.85304,11.4,53.6,52.0,ATLANTIC HURON,IMO8025680,VCQN,70,0,224,23,9.5,70,A
316206000,2022-01-02T04:03:28,45.86734,-85.29772,12.5,96.9,96.0,ATLANTIC HURON,IMO8025680,VCQN,70,0,224,23,9.5,70,A
316206000,2022-01-02T03:58:17,45.86970,-85.32317,12.4,98.0,96.0,ATLANTIC HURON,IMO8025680,VCQN,70,0,224,23,9.5,70,A
316206000,2022-01-02T03:59:28,45.86914,-85.31731,12.3,97.1,96.0,ATLANTIC HURON,IMO8025680,VCQN,70,0,224,23,9.5,70,A
316206000,2022-01-02T04:10:27,45.86420,-85.26325,12.5,97.4,96.0,ATLANTIC HURON,IMO8025680,VCQN,70,0,224,23,9.5,70,A
316206000,2022-01-02T04:12:48,45.86311,-85.25162,12.5,97.2,95.0,ATLANTIC HURON,IMO8025680,VCQN,70,0,224,23,9.5,70,A
316206000,2022-01-02T04:08:08,45.86522,-85.27464,12.4,97.8,95.0,ATLANTIC HURON,IMO8025680,VCQN,70,0,224,23,9.5,70,A
316206000,2022-01-02T04:09:19,45.86469,-85.26884,12.5,97.6,96.0,ATLANTIC HURON,IMO8025680,VCQN,70,0,224,23,9.5,70,A
316206000,2022-01-02T04:13:58,45.86258,-85.24585,12.5,97.0,95.0,ATLANTIC HURON,IMO8025680,VCQN,70,0,224,23,9.5,70,A
316206000,2022-01-02T04:00:08,45.86885,-85.31413,12.4,97.7,95.0,ATLANTIC HURON,IMO8025680,VCQN,70,0,224,23,9.5,70,A
316206000,2022-01-02T02:05:58,45.81849,-85.84012,11.6,53.5,52.0,ATLANTIC HURON,IMO8025680,VCQN,70,0,224,23,9.5,70,A
316206000,2022-01-02T04:01:17,45.86835,-85.30849,12.3,97.9,96.0,ATLANTIC HURON,IMO8025680,VCQN,70,0,224,23,9.5,70,A
316206000,2022-01-02T04:15:07,45.86207,-85.24014,12.5,96.8,95.0,ATLANTIC HURON,IMO8025680,VCQN,70,0,224,23,9.5,70,A
316206000,2022-01-02T04:19:47,45.85989,-85.21710,12.5,97.4,96.0,ATLANTIC HURON,IMO8025680,VCQN,70,0,224,23,9.5,70,A
316206000,2022-01-02T04:04:38,45.86681,-85.29187,12.5,97.4,95.0,ATLANTIC HURON,IMO8025680,VCQN,70,0,224,23,9.5,70,A
316206000,2022-01-02T04:18:38,45.86044,-85.22277,12.4,97.4,95.0,ATLANTIC HURON,IMO8025680,VCQN,70,0,224,23,9.5,70,A
316206000,2022-01-02T04:21:58,45.85891,-85.20630,12.6,96.9,95.0,ATLANTIC HURON,IMO8025680,VCQN,70,0,224,23,9.5,70,A
316206000,2022-01-02T04:16:17,45.86155,-85.23437,12.5,97.5,96.0,ATLANTIC HURON,IMO8025680,VCQN,70,0,224,23,9.5,70,A
316206000,2022-01-02T04:17:28,45.86099,-85.22844,12.5,98.2,96.0,ATLANTIC HURON,IMO8025680,VCQN,70,0,224,23,9.5,70,A
316206000,2022-01-02T04:24:17,45.85802,-85.19478,12.6,96.2,95.0,ATLANTIC HURON,IMO8025680,VCQN,70,0,224,23,9.5,70,A
316206000,2022-01-02T04:26:38,45.85715,-85.18315,12.3,95.8,94.0,ATLANTIC HURON,IMO8025680,VCQN,70,0,224,23,9.5,70,A
316206000,2022-01-02T04:20:57,45.85934,-85.21126,12.5,97.2,95.0,ATLANTIC HURON,IMO8025680,VCQN,70,0,224,23,9.5,70,A
316206000,2022-01-02T04:23:07,45.85844,-85.20051,12.6,96.3,95.0,ATLANTIC HURON,IMO8025680,VCQN,70,0,224,23,9.5,70,A
316206000,2022-01-02T04:34:37,45.85406,-85.14411,12.2,96.9,96.0,ATLANTIC HURON,IMO8025680,VCQN,70,0,224,23,9.5,70,A
316206000,2022-01-02T04:38:09,45.85250,-85.12721,12.0,97.9,97.0,ATLANTIC HURON,IMO8025680,VCQN,70,0,224,23,9.5,70,A
316206000,2022-01-02T04:35:48,45.85355,-85.13840,12.2,97.2,97.0,ATLANTIC HURON,IMO8025680,VCQN,70,0,224,23,9.5,70,A
316206000,2022-01-02T04:36:58,45.85304,-85.13287,12.1,97.6,97.0,ATLANTIC HURON,IMO8025680,VCQN,70,0,224,23,9.5,70,A
316206000,2022-01-02T04:40:28,45.85142,-85.11617,12.0,98.0,97.0,ATLANTIC HURON,IMO8025680,VCQN,70,0,224,23,9.5,70,A
316206000,2022-01-02T04:41:38,45.85087,-85.11062,12.0,98.1,98.0,ATLANTIC HURON,IMO8025680,VCQN,70,0,224,23,9.5,70,A
316206000,2022-01-02T04:27:48,45.85675,-85.17753,12.4,95.7,95.0,ATLANTIC HURON,IMO8025680,VCQN,70,0,224,23,9.5,70,A
316206000,2022-01-02T04:32:27,45.85500,-85.15474,12.3,97.4,96.0,ATLANTIC HURON,IMO8025680,VCQN,70,0,224,23,9.5,70,A
316206000,2022-01-02T04:47:27,45.84800,-85.08311,12.1,99.4,98.0,ATLANTIC HURON,IMO8025680,VCQN,70,0,224,23,9.5,70,A
316206000,2022-01-02T04:46:18,45.84858,-85.08856,12.0,98.6,98.0,ATLANTIC HURON,IMO8025680,VCQN,70,0,224,23,9.5,70,A
316206000,2022-01-02T04:33:28,45.85455,-85.14969,12.3,97.6,96.0,ATLANTIC HURON,IMO8025680,VCQN,70,0,224,23,9.5,70,A
316206000,2022-01-02T04:39:18,45.85197,-85.12172,12.1,97.7,97.0,ATLANTIC HURON,IMO8025680,VCQN,70,0,224,23,9.5,70,A
316206000,2022-01-02T04:52:07,45.84580,-85.06100,12.0,97.5,97.0,ATLANTIC HURON,IMO8025680,VCQN,70,0,224,23,9.5,70,A
316206000,2022-01-02T04:53:18,45.84528,-85.05549,12.0,97.7,97.0,ATLANTIC HURON,IMO8025680,VCQN,70,0,224,23,9.5,70,A
316206000,2022-01-02T04:54:28,45.84472,-85.04999,11.9,98.7,99.0,ATLANTIC HURON,IMO8025680,VCQN,70,0,224,23,9.5,70,A
316206000,2022-01-02T04:57:57,45.84270,-85.03359,11.7,100.1,100.0,ATLANTIC HURON,IMO8025680,VCQN,70,0,224,23,9.5,70,A
316206000,2022-01-02T04:56:47,45.84340,-85.03903,12.0,100.0,99.0,ATLANTIC HURON,IMO8025680,VCQN,70,0,224,23,9.5,70,A
316206000,2022-01-02T04:59:07,45.84199,-85.02826,11.6,101.6,100.0,ATLANTIC HURON,IMO8025680,VCQN,70,0,224,23,9.5,70,A
316206000,2022-01-02T04:43:57,45.84972,-85.09958,12.0,99.0,97.0,ATLANTIC HURON,IMO8025680,VCQN,70,0,224,23,9.5,70,A
316206000,2022-01-02T04:48:37,45.84742,-85.07760,12.0,98.3,97.0,ATLANTIC HURON,IMO8025680,VCQN,70,0,224,23,9.5,70,A
316206000,2022-01-02T05:00:07,45.84137,-85.02372,11.6,99.8,98.0,ATLANTIC HURON,IMO8025680,VCQN,70,0,224,23,9.5,70,A
316206000,2022-01-02T05:02:27,45.84016,-85.01301,11.6,98.3,97.0,ATLANTIC HURON,IMO8025680,VCQN,70,0,224,23,9.5,70,A
316206000,2022-01-02T02:24:28,45.85332,-85.76958,11.9,54.2,52.0,ATLANTIC HURON,IMO8025680,VCQN,70,0,224,23,9.5,70,A
316206000,2022-01-02T05:03:39,45.83960,-85.00757,11.6,98.3,97.0,ATLANTIC HURON,IMO8025680,VCQN,70,0,224,23,9.5,70,A
316206000,2022-01-02T05:04:47,45.83908,-85.00239,11.6,98.6,97.0,ATLANTIC HURON,IMO8025680,VCQN,70,0,224,23,9.5,70,A
316206000,2022-01-02T04:49:47,45.84685,-85.07201,12.0,98.4,97.0,ATLANTIC HURON,IMO8025680,VCQN,70,0,224,23,9.5,70,A
316206000,2022-01-02T02:25:38,45.85558,-85.76515,11.8,53.4,52.0,ATLANTIC HURON,IMO8025680,VCQN,70,0,224,23,9.5,70,A
316206000,2022-01-02T05:10:28,45.83680,-84.97661,11.5,96.0,95.0,ATLANTIC HURON,IMO8025680,VCQN,70,0,224,23,9.5,70,A
316206000,2022-01-02T02:29:08,45.86253,-85.75164,12.0,53.4,52.0,ATLANTIC HURON,IMO8025680,VCQN,70,0,224,23,9.5,70,A
316206000,2022-01-02T05:01:18,45.84074,-85.01838,11.7,99.3,97.0,ATLANTIC HURON,IMO8025680,VCQN,70,0,224,23,9.5,70,A
316206000,2022-01-02T04:55:38,45.84406,-85.04443,12.0,100.1,99.0,ATLANTIC HURON,IMO8025680,VCQN,70,0,224,23,9.5,70,A
316206000,2022-01-02T05:16:27,45.83472,-84.94936,11.5,96.1,95.0,ATLANTIC HURON,IMO8025680,VCQN,70,0,224,23,9.5,70,A
316206000,2022-01-02T02:33:37,45.87126,-85.73419,12.2,55.2,54.0,ATLANTIC HURON,IMO8025680,VCQN,70,0,224,23,9.5,70,A
316206000,2022-01-02T05:09:18,45.83720,-84.98190,11.5,96.0,95.0,ATLANTIC HURON,IMO8025680,VCQN,70,0,224,23,9.5,70,A
316206000,2022-01-02T05:05:57,45.83852,-84.99702,11.4,98.4,96.0,ATLANTIC HURON,IMO8025680,VCQN,70,0,224,23,9.5,70,A
316206000,2022-01-02T05:07:08,45.83800,-84.99165,11.5,97.6,96.0,ATLANTIC HURON,IMO8025680,VCQN,70,0,224,23,9.5,70,A
316206000,2022-01-02T05:08:17,45.83757,-84.98643,11.4,96.0,95.0,ATLANTIC HURON,IMO8025680,VCQN,70,0,224,23,9.5,70,A
316206000,2022-01-02T05:21:18,45.83316,-84.92739,11.3,95.7,95.0,ATLANTIC HURON,IMO8025680,VCQN,70,0,224,23,9.5,70,A
316206000,2022-01-02T05:12:58,45.83594,-84.96523,11.5,95.7,95.0,ATLANTIC HURON,IMO8025680,VCQN,70,0,224,23,9.5,70,A
316206000,2022-01-02T05:30:38,45.82941,-84.88598,11.2,97.0,97.0,ATLANTIC HURON,IMO8025680,VCQN,70,0,224,23,9.5,70,A
316206000,2022-01-02T05:11:49,45.83634,-84.97048,11.5,96.0,95.0,ATLANTIC HURON,IMO8025680,VCQN,70,0,224,23,9.5,70,A
316206000,2022-01-02T05:32:58,45.82845,-84.87578,11.1,97.4,97.0,ATLANTIC HURON,IMO8025680,VCQN,70,0,224,23,9.5,70,A
316206000,2022-01-02T05:17:49,45.83427,-84.94317,11.4,95.4,95.0,ATLANTIC HURON,IMO8025680,VCQN,70,0,224,23,9.5,70,A
316206000,2022-01-02T05:34:07,45.82797,-84.87066,11.1,97.1,96.0,ATLANTIC HURON,IMO8025680,VCQN,70,0,224,23,9.5,70,A
316206000,2022-01-02T05:20:07,45.83353,-84.93272,11.4,96.0,95.0,ATLANTIC HURON,IMO8025680,VCQN,70,0,224,23,9.5,70,A
316206000,2022-01-02T05:42:17,45.82463,-84.83482,11.2,96.9,96.0,ATLANTIC HURON,IMO8025680,VCQN,70,0,224,23,9.5,70,A
316206000,2022-01-02T05:22:29,45.83276,-84.92217,11.2,98.2,97.0,ATLANTIC HURON,IMO8025680,VCQN,70,0,224,23,9.5,70,A
316206000,2022-01-02T05:23:38,45.83228,-84.91707,11.2,97.8,96.0,ATLANTIC HURON,IMO8025680,VCQN,70,0,224,23,9.5,70,A
316206000,2022-01-02T05:41:07,45.82510,-84.83991,11.2,97.4,96.0,ATLANTIC HURON,IMO8025680,VCQN,70,0,224,23,9.5,70,A
316206000,2022-01-02T05:24:47,45.83180,-84.91189,11.2,97.6,97.0,ATLANTIC HURON,IMO8025680,VCQN,70,0,224,23,9.5,70,A
316206000,2022-01-02T05:43:27,45.82413,-84.82958,11.2,97.8,97.0,ATLANTIC HURON,IMO8025680,VCQN,70,0,224,23,9.5,70,A
316206000,2022-01-02T05:46:57,45.82262,-84.81403,11.3,98.0,96.0,ATLANTIC HURON,IMO8025680,VCQN,70,0,224,23,9.5,70,A
316206000,2022-01-02T02:42:58,45.88876,-85.69680,12.0,66.7,68.0,ATLANTIC HURON,IMO8025680,VCQN,70,0,224,23,9.5,70,A
316206000,2022-01-02T05:28:18,45.83036,-84.89638,11.3,97.5,96.0,ATLANTIC HURON,IMO8025680,VCQN,70,0,224,23,9.5,70,A
316206000,2022-01-02T05:45:48,45.82313,-84.81922,11.2,98.2,96.0,ATLANTIC HURON,IMO8025680,VCQN,70,0,224,23,9.5,70,A
316206000,2022-01-02T02:45:18,45.89077,-85.68611,12.0,84.3,86.0,ATLANTIC HURON,IMO8025680,VCQN,70,0,224,23,9.5,70,A
316206000,2022-01-02T05:31:48,45.82894,-84.88091,11.1,97.9,97.0,ATLANTIC HURON,IMO8025680,VCQN,70,0,224,23,9.5,70,A
316206000,2022-01-02T05:35:18,45.82749,-84.86555,11.1,97.7,97.0,ATLANTIC HURON,IMO8025680,VCQN,70,0,224,23,9.5,70,A
316206000,2022-01-02T05:52:48,45.82012,-84.78803,11.2,97.3,95.0,ATLANTIC HURON,IMO8025680,VCQN,70,0,224,23,9.5,70,A
316206000,2022-01-02T05:36:27,45.82701,-84.86043,11.2,97.7,97.0,ATLANTIC HURON,IMO8025680,VCQN,70,0,224,23,9.5,70,A
316206000,2022-01-02T05:38:48,45.82604,-84.85010,11.1,97.2,96.0,ATLANTIC HURON,IMO8025680,VCQN,70,0,224,23,9.5,70,A
316206000,2022-01-02T05:56:07,45.81876,-84.77333,11.3,97.8,96.0,ATLANTIC HURON,IMO8025680,VCQN,70,0,224,23,9.5,70,A
316206000,2022-01-02T05:37:37,45.82653,-84.85537,11.0,97.6,97.0,ATLANTIC HURON,IMO8025680,VCQN,70,0,224,23,9.5,70,A
316206000,2022-01-02T05:59:38,45.81734,-84.75771,11.2,96.7,94.0,ATLANTIC HURON,IMO8025680,VCQN,70,0,224,23,9.5,70,A
316206000,2022-01-02T06:05:58,45.81526,-84.72934,11.3,94.3,92.0,ATLANTIC HURON,IMO8025680,VCQN,70,0,224,23,9.5,70,A
316206000,2022-01-02T06:00:07,45.81716,-84.75549,11.2,96.0,95.0,ATLANTIC HURON,IMO8025680,VCQN,70,0,224,23,9.5,70,A
316206000,2022-01-02T05:49:17,45.82157,-84.80366,11.2,98.8,96.0,ATLANTIC HURON,IMO8025680,VCQN,70,0,224,23,9.5,70,A
316206000,2022-01-02T06:02:27,45.81632,-84.74518,11.3,96.1,95.0,ATLANTIC HURON,IMO8025680,VCQN,70,0,224,23,9.5,70,A
316206000,2022-01-02T06:08:18,45.81467,-84.71888,11.3,97.0,100.0,ATLANTIC HURON,IMO8025680,VCQN,70,0,224,23,9.5,70,A
316206000,2022-01-02T02:51:07,45.89095,-85.65734,12.6,89.0,87.0,ATLANTIC HURON,IMO8025680,VCQN,70,0,224,23,9.5,70,A
316206000,2022-01-02T05:50:27,45.82106,-84.79848,11.2,97.9,95.0,ATLANTIC HURON,IMO8025680,VCQN,70,0,224,23,9.5,70,A
316206000,2022-01-02T06:10:38,45.81242,-84.70922,11.2,117.7,119.0,ATLANTIC HURON,IMO8025680,VCQN,70,0,224,23,9.5,70,A
316206000,2022-01-02T06:07:08,45.81497,-84.72411,11.3,94.6,92.0,ATLANTIC HURON,IMO8025680,VCQN,70,0,224,23,9.5,70,A
316206000,2022-01-02T06:14:08,45.80640,-84.69591,11.3,123.2,121.0,ATLANTIC HURON,IMO8025680,VCQN,70,0,224,23,9.5,70,A
316206000,2022-01-02T05:57:17,45.81826,-84.76807,11.3,98.1,95.0,ATLANTIC HURON,IMO8025680,VCQN,70,0,224,23,9.5,70,A
316206000,2022-01-02T05:58:28,45.81776,-84.76281,11.2,97.2,94.0,ATLANTIC HURON,IMO8025680,VCQN,70,0,224,23,9.5,70,A
316206000,2022-01-02T06:11:47,45.81052,-84.70479,11.2,123.1,121.0,ATLANTIC HURON,IMO8025680,VCQN,70,0,224,23,9.5,70,A
316206000,2022-01-02T06:16:38,45.80210,-84.68637,11.4,122.8,121.0,ATLANTIC HURON,IMO8025680,VCQN,70,0,224,23,9.5,70,A
316206000,2022-01-02T06:17:47,45.80011,-84.68194,11.5,122.7,121.0,ATLANTIC HURON,IMO8025680,VCQN,70,0,224,23,9.5,70,A
316206000,2022-01-02T06:01:17,45.81674,-84.75031,11.2,96.1,94.0,ATLANTIC HURON,IMO8025680,VCQN,70,0,224,23,9.5,70,A
316206000,2022-01-02T06:22:19,45.79223,-84.66449,11.6,122.4,121.0,ATLANTIC HURON,IMO8025680,VCQN,70,0,224,23,9.5,70,A
316206000,2022-01-02T06:20:07,45.79604,-84.67293,11.5,123.3,121.0,ATLANTIC HURON,IMO8025680,VCQN,70,0,224,23,9.5,70,A
316206000,2022-01-02T06:23:28,45.79023,-84.65996,11.6,121.6,121.0,ATLANTIC HURON,IMO8025680,VCQN,70,0,224,23,9.5,70,A
316206000,2022-01-02T06:04:47,45.81554,-84.73474,11.3,94.4,93.0,ATLANTIC HURON,IMO8025680,VCQN,70,0,224,23,9.5,70,A
316206000,2022-01-02T02:58:08,45.89140,-85.62242,12.5,88.9,87.0,ATLANTIC HURON,IMO8025680,VCQN,70,0,224,23,9.5,70,A
316206000,2022-01-02T06:27:57,45.78245,-84.64264,11.4,122.6,121.0,ATLANTIC HURON,IMO8025680,VCQN,70,0,224,23,9.5,70,A
316206000,2022-01-02T06:25:47,45.78625,-84.65104,11.6,122.8,121.0,ATLANTIC HURON,IMO8025680,VCQN,70,0,224,23,9.5,70,A
316206000,2022-01-02T06:30:18,45.77842,-84.63363,11.5,122.7,121.0,ATLANTIC HURON,IMO8025680,VCQN,70,0,224,23,9.5,70,A
316206000,2022-01-02T06:12:58,45.80847,-84.70039,11.3,124.2,121.0,ATLANTIC HURON,IMO8025680,VCQN,70,0,224,23,9.5,70,A
316206000,2022-01-02T06:33:48,45.77235,-84.62002,11.5,123.0,121.0,ATLANTIC HURON,IMO8025680,VCQN,70,0,224,23,9.5,70,A
316206000,2022-01-02T06:36:08,45.76832,-84.61104,11.6,122.6,121.0,ATLANTIC HURON,IMO8025680,VCQN,70,0,224,23,9.5,70,A
316206000,2022-01-02T06:37:19,45.76628,-84.60644,11.6,122.4,121.0,ATLANTIC HURON,IMO8025680,VCQN,70,0,224,23,9.5,70,A
316206000,2022-01-02T06:15:28,45.80414,-84.69089,11.5,122.8,121.0,ATLANTIC HURON,IMO8025680,VCQN,70,0,224,23,9.5,70,A
316206000,2022-01-02T06:21:08,45.79429,-84.66907,11.6,123.2,121.0,ATLANTIC HURON,IMO8025680,VCQN,70,0,224,23,9.5,70,A
316206000,2022-01-02T06:24:37,45.78825,-84.65549,11.5,122.1,121.0,ATLANTIC HURON,IMO8025680,VCQN,70,0,224,23,9.5,70,A
316206000,2022-01-02T06:40:48,45.76029,-84.59288,11.6,122.3,121.0,ATLANTIC HURON,IMO8025680,VCQN,70,0,224,23,9.5,70,A
316206000,2022-01-02T06:44:08,45.75453,-84.57992,11.5,122.5,121.0,ATLANTIC HURON,IMO8025680,VCQN,70,0,224,23,9.5,70,A
316206000,2022-01-02T06:29:08,45.78044,-84.63814,11.5,122.6,121.0,ATLANTIC HURON,IMO8025680,VCQN,70,0,224,23,9.5,70,A
316206000,2022-01-02T06:47:38,45.74853,-84.56632,11.5,122.2,121.0,ATLANTIC HURON,IMO8025680,VCQN,70,0,224,23,9.5,70,A
316206000,2022-01-02T06:50:09,45.74417,-84.55659,11.5,123.1,122.0,ATLANTIC HURON,IMO8025680,VCQN,70,0,224,23,9.5,70,A
316206000,2022-01-02T06:31:28,45.77641,-84.62912,11.4,122.6,121.0,ATLANTIC HURON,IMO8025680,VCQN,70,0,224,23,9.5,70,A
316206000,2022-01-02T06:52:27,45.74012,-84.54766,11.6,123.0,122.0,ATLANTIC HURON,IMO8025680,VCQN,70,0,224,23,9.5,70,A
316206000,2022-01-02T06:56:07,45.73372,-84.53357,11.6,122.6,122.0,ATLANTIC HURON,IMO8025680,VCQN,70,0,224,23,9.5,70,A
316206000,2022-01-02T06:53:38,45.73808,-84.54317,11.4,122.6,122.0,ATLANTIC HURON,IMO8025680,VCQN,70,0,224,23,9.5,70,A
316206000,2022-01-02T06:32:39,45.77437,-84.62454,11.5,122.4,121.0,ATLANTIC HURON,IMO8025680,VCQN,70,0,224,23,9.5,70,A
316206000,2022-01-02T06:34:57,45.77038,-84.61563,11.7,122.3,121.0,ATLANTIC HURON,IMO8025680,VCQN,70,0,224,23,9.5,70,A
316206000,2022-01-02T06:58:28,45.72967,-84.52462,11.5,123.0,121.0,ATLANTIC HURON,IMO8025680,VCQN,70,0,224,23,9.5,70,A
316206000,2022-01-02T07:02:27,45.72283,-84.50930,11.5,122.8,121.0,ATLANTIC HURON,IMO8025680,VCQN,70,0,224,23,9.5,70,A
316206000,2022-01-02T06:59:39,45.72763,-84.52009,11.5,122.4,121.0,ATLANTIC HURON,IMO8025680,VCQN,70,0,224,23,9.5,70,A
316206000,2022-01-02T03:20:57,45.88692,-85.50832,12.5,97.0,96.0,ATLANTIC HURON,IMO8025680,VCQN,70,0,224,23,9.5,70,A
316206000,2022-01-02T07:03:39,45.72080,-84.50477,11.4,122.2,121.0,ATLANTIC HURON,IMO8025680,VCQN,70,0,224,23,9.5,70,A
316206000,2022-01-02T06:38:28,45.76430,-84.60196,11.5,122.0,121.0,ATLANTIC HURON,IMO8025680,VCQN,70,0,224,23,9.5,70,A
316206000,2022-01-02T06:41:57,45.75828,-84.58833,11.5,122.4,121.0,ATLANTIC HURON,IMO8025680,VCQN,70,0,224,23,9.5,70,A
316206000,2022-01-02T07:05:59,45.71675,-84.49586,11.4,123.2,121.0,ATLANTIC HURON,IMO8025680,VCQN,70,0,224,23,9.5,70,A
316206000,2022-01-02T07:04:47,45.71884,-84.50043,11.4,122.9,121.0,ATLANTIC HURON,IMO8025680,VCQN,70,0,224,23,9.5,70,A
316206000,2022-01-02T06:42:58,45.75655,-84.58445,11.6,122.5,121.0,ATLANTIC HURON,IMO8025680,VCQN,70,0,224,23,9.5,70,A
316206000,2022-01-02T07:09:19,45.71101,-84.48314,11.4,122.8,122.0,ATLANTIC HURON,IMO8025680,VCQN,70,0,224,23,9.5,70,A
316206000,2022-01-02T06:46:28,45.75053,-84.57086,11.6,121.7,121.0,ATLANTIC HURON,IMO8025680,VCQN,70,0,224,23,9.5,70,A
316206000,2022-01-02T07:01:17,45.72485,-84.51384,11.4,122.0,121.0,ATLANTIC HURON,IMO8025680,VCQN,70,0,224,23,9.5,70,A
316206000,2022-01-02T07:13:39,45.70403,-84.46634,11.0,110.2,107.0,ATLANTIC HURON,IMO8025680,VCQN,70,0,224,23,9.5,70,A
316206000,2022-01-02T07:07:07,45.71480,-84.49155,11.4,123.1,122.0,ATLANTIC HURON,IMO8025680,VCQN,70,0,224,23,9.5,70,A
316206000,2022-01-02T06:54:48,45.73604,-84.53868,11.5,122.7,122.0,ATLANTIC HURON,IMO8025680,VCQN,70,0,224,23,9.5,70,A
316206000,2022-01-02T07:14:47,45.70287,-84.46153,11.2,108.9,107.0,ATLANTIC HURON,IMO8025680,VCQN,70,0,224,23,9.5,70,A
316206000,2022-01-02T07:21:47,45.69607,-84.43216,11.2,107.7,107.0,ATLANTIC HURON,IMO8025680,VCQN,70,0,224,23,9.5,70,A
316206000,2022-01-02T06:57:17,45.73172,-84.52916,11.5,123.2,122.0,ATLANTIC HURON,IMO8025680,VCQN,70,0,224,23,9.5,70,A
316206000,2022-01-02T07:17:08,45.70058,-84.45173,11.1,107.5,108.0,ATLANTIC HURON,IMO8025680,VCQN,70,0,224,23,9.5,70,A
316206000,2022-01-02T07:22:57,45.69492,-84.42723,11.1,109.1,108.0,ATLANTIC HURON,IMO8025680,VCQN,70,0,224,23,9.5,70,A
316206000,2022-01-02T07:24:08,45.69374,-84.42224,11.1,108.5,108.0,ATLANTIC HURON,IMO8025680,VCQN,70,0,224,23,9.5,70,A
316206000,2022-01-02T07:00:07,45.72684,-84.51831,11.3,122.2,121.0,ATLANTIC HURON,IMO8025680,VCQN,70,0,224,23,9.5,70,A
316206000,2022-01-02T07:20:38,45.69719,-84.43701,11.2,108.0,107.0,ATLANTIC HURON,IMO8025680,VCQN,70,0,224,23,9.5,70,A
316206000,2022-01-02T07:27:37,45.69019,-84.40752,11.1,109.0,107.0,ATLANTIC HURON,IMO8025680,VCQN,70,0,224,23,9.5,70,A
316206000,2022-01-02T07:28:48,45.68897,-84.40256,11.1,108.7,107.0,ATLANTIC HURON,IMO8025680,VCQN,70,0,224,23,9.5,70,A
316206000,2022-01-02T07:18:18,45.69945,-84.44682,11.1,108.3,107.0,ATLANTIC HURON,IMO8025680,VCQN,70,0,224,23,9.5,70,A
316206000,2022-01-02T07:32:27,45.68516,-84.38724,11.3,109.2,108.0,ATLANTIC HURON,IMO8025680,VCQN,70,0,224,23,9.5,70,A
316206000,2022-01-02T07:33:38,45.68393,-84.38233,11.3,109.6,107.0,ATLANTIC HURON,IMO8025680,VCQN,70,0,224,23,9.5,70,A
316206000,2022-01-02T07:25:19,45.69255,-84.41726,11.2,109.2,107.0,ATLANTIC HURON,IMO8025680,VCQN,70,0,224,23,9.5,70,A
316206000,2022-01-02T07:08:18,45.71274,-84.48696,11.5,122.4,121.0,ATLANTIC HURON,IMO8025680,VCQN,70,0,224,23,9.5,70,A
316206000,2022-01-02T07:12:38,45.70530,-84.47039,11.4,119.0,113.0,ATLANTIC HURON,IMO8025680,VCQN,70,0,224,23,9.5,70,A
316206000,2022-01-02T07:10:28,45.70899,-84.47867,11.4,122.4,121.0,ATLANTIC HURON,IMO8025680,VCQN,70,0,224,23,9.5,70,A
316206000,2022-01-02T07:15:58,45.70170,-84.45656,11.1,108.5,108.0,ATLANTIC HURON,IMO8025680,VCQN,70,0,224,23,9.5,70,A
316206000,2022-01-02T07:31:17,45.68639,-84.39213,11.1,110.2,108.0,ATLANTIC HURON,IMO8025680,VCQN,70,0,224,23,9.5,70,A
316206000,2022-01-02T07:19:27,45.69834,-84.44199,11.1,108.3,107.0,ATLANTIC HURON,IMO8025680,VCQN,70,0,224,23,9.5,70,A
316206000,2022-01-02T07:35:48,45.68163,-84.37315,11.2,110.1,108.0,ATLANTIC HURON,IMO8025680,VCQN,70,0,224,23,9.5,70,A
316206000,2022-01-02T07:34:47,45.68272,-84.37750,11.2,109.1,108.0,ATLANTIC HURON,IMO8025680,VCQN,70,0,224,23,9.5,70,A
316206000,2022-01-02T07:39:18,45.67938,-84.35857,10.4,83.1,77.0,ATLANTIC HURON,IMO8025680,VCQN,70,0,224,23,9.5,70,A
316206000,2022-01-02T07:52:07,45.68735,-84.30362,11.4,78.7,77.0,ATLANTIC HURON,IMO8025680,VCQN,70,0,224,23,9.5,70,A
316206000,2022-01-02T07:26:28,45.69138,-84.41241,11.2,109.2,108.0,ATLANTIC HURON,IMO8025680,VCQN,70,0,224,23,9.5,70,A
316206000,2022-01-02T07:48:38,45.68516,-84.31894,11.2,77.9,76.0,ATLANTIC HURON,IMO8025680,VCQN,70,0,224,23,9.5,70,A
316206000,2022-01-02T07:38:08,45.67943,-84.36343,10.7,99.0,90.0,ATLANTIC HURON,IMO8025680,VCQN,70,0,224,23,9.5,70,A
316206000,2022-01-02T07:53:08,45.68799,-84.29921,11.4,79.9,84.0,ATLANTIC HURON,IMO8025680,VCQN,70,0,224,23,9.5,70,A
316206000,2022-01-02T07:30:09,45.68759,-84.39696,11.2,108.7,108.0,ATLANTIC HURON,IMO8025680,VCQN,70,0,224,23,9.5,70,A
316206000,2022-01-02T07:58:59,45.68238,-84.27435,11.7,114.3,112.0,ATLANTIC HURON,IMO8025680,VCQN,70,0,224,23,9.5,70,A
316206000,2022-01-02T07:55:28,45.68693,-84.28917,11.3,113.2,111.0,ATLANTIC HURON,IMO8025680,VCQN,70,0,224,23,9.5,70,A
316206000,2022-01-02T07:43:58,45.68221,-84.33902,11.0,77.9,76.0,ATLANTIC HURON,IMO8025680,VCQN,70,0,224,23,9.5,70,A
316206000,2022-01-02T07:50:58,45.68664,-84.30868,11.1,79.0,77.0,ATLANTIC HURON,IMO8025680,VCQN,70,0,224,23,9.5,70,A
316206000,2022-01-02T07:36:59,45.68037,-84.36826,11.1,110.8,105.0,ATLANTIC HURON,IMO8025680,VCQN,70,0,224,23,9.5,70,A
316206000,2022-01-02T08:01:18,45.67928,-84.26433,11.9,113.4,111.0,ATLANTIC HURON,IMO8025680,VCQN,70,0,224,23,9.5,70,A
316206000,2022-01-02T08:03:38,45.67620,-84.25424,12.0,112.5,110.0,ATLANTIC HURON,IMO8025680,VCQN,70,0,224,23,9.5,70,A
316206000,2022-01-02T07:54:17,45.68811,-84.29409,11.1,98.3,106.0,ATLANTIC HURON,IMO8025680,VCQN,70,0,224,23,9.5,70,A
316206000,2022-01-02T07:57:48,45.68391,-84.27931,11.7,113.4,111.0,ATLANTIC HURON,IMO8025680,VCQN,70,0,224,23,9.5,70,A
316206000,2022-01-02T07:42:49,45.68147,-84.34400,10.8,77.7,77.0,ATLANTIC HURON,IMO8025680,VCQN,70,0,224,23,9.5,70,A
316206000,2022-01-02T07:45:09,45.68294,-84.33402,11.1,77.7,77.0,ATLANTIC HURON,IMO8025680,VCQN,70,0,224,23,9.5,70,A
316206000,2022-01-02T08:00:07,45.68084,-84.26945,11.8,113.6,111.0,ATLANTIC HURON,IMO8025680,VCQN,70,0,224,23,9.5,70,A
316206000,2022-01-02T08:08:18,45.67032,-84.23345,12.1,111.4,109.0,ATLANTIC HURON,IMO8025680,VCQN,70,0,224,23,9.5,70,A
316206000,2022-01-02T08:12:48,45.66473,-84.21324,12.1,110.8,109.0,ATLANTIC HURON,IMO8025680,VCQN,70,0,224,23,9.5,70,A
316206000,2022-01-02T07:49:47,45.68590,-84.31393,11.1,77.7,76.0,ATLANTIC HURON,IMO8025680,VCQN,70,0,224,23,9.5,70,A
316206000,2022-01-02T08:05:57,45.67326,-84.24391,12.0,112.2,110.0,ATLANTIC HURON,IMO8025680,VCQN,70,0,224,23,9.5,70,A
316206000,2022-01-02T03:44:17,45.87659,-85.39203,12.6,97.4,96.0,ATLANTIC HURON,IMO8025680,VCQN,70,0,224,23,9.5,70,A
316206000,2022-01-02T08:17:29,45.65892,-84.19212,12.4,111.1,109.0,ATLANTIC HURON,IMO8025680,VCQN,70,0,224,23,9.5,70,A
316206000,2022-01-02T08:04:48,45.67470,-84.24901,12.0,111.9,110.0,ATLANTIC HURON,IMO8025680,VCQN,70,0,224,23,9.5,70,A
316206000,2022-01-02T08:10:27,45.66766,-84.22383,12.1,111.0,109.0,ATLANTIC HURON,IMO8025680,VCQN,70,0,224,23,9.5,70,A
316206000,2022-01-02T07:56:37,45.68548,-84.28437,11.5,113.4,111.0,ATLANTIC HURON,IMO8025680,VCQN,70,0,224,23,9.5,70,A
316206000,2022-01-02T08:11:39,45.66618,-84.21850,12.2,111.8,109.0,ATLANTIC HURON,IMO8025680,VCQN,70,0,224,23,9.5,70,A
316206000,2022-01-02T08:20:48,45.65463,-84.17695,12.5,112.3,110.0,ATLANTIC HURON,IMO8025680,VCQN,70,0,224,23,9.5,70,A
316206000,2022-01-02T08:13:58,45.66330,-84.20805,12.3,111.0,109.0,ATLANTIC HURON,IMO8025680,VCQN,70,0,224,23,9.5,70,A
316206000,2022-01-02T08:16:18,45.66036,-84.19742,12.3,111.9,109.0,ATLANTIC HURON,IMO8025680,VCQN,70,0,224,23,9.5,70,A
316206000,2022-01-02T08:30:08,45.64229,-84.13392,12.6,111.6,110.0,ATLANTIC HURON,IMO8025680,VCQN,70,0,224,23,9.5,70,A
316206000,2022-01-02T08:07:08,45.67177,-84.23865,12.1,112.4,109.0,ATLANTIC HURON,IMO8025680,VCQN,70,0,224,23,9.5,70,A
316206000,2022-01-02T08:38:08,45.63168,-84.09668,12.7,112.2,110.0,ATLANTIC HURON,IMO8025680,VCQN,70,0,224,23,9.5,70,A
316206000,2022-01-02T08:39:18,45.63009,-84.09114,12.8,112.1,110.0,ATLANTIC HURON,IMO8025680,VCQN,70,0,224,23,9.5,70,A
316206000,2022-01-02T08:09:19,45.66909,-84.22898,12.1,111.2,109.0,ATLANTIC HURON,IMO8025680,VCQN,70,0,224,23,9.5,70,A
316206000,2022-01-02T08:27:48,45.64534,-84.14472,12.6,111.8,110.0,ATLANTIC HURON,IMO8025680,VCQN,70,0,224,23,9.5,70,A
316206000,2022-01-02T08:28:58,45.64381,-84.13933,12.6,111.9,110.0,ATLANTIC HURON,IMO8025680,VCQN,70,0,224,23,9.5,70,A
316206000,2022-01-02T08:45:07,45.62225,-84.06385,12.7,112.0,110.0,ATLANTIC HURON,IMO8025680,VCQN,70,0,224,23,9.5,70,A
316206000,2022-01-02T03:52:27,45.87262,-85.35181,12.3,98.2,97.0,ATLANTIC HURON,IMO8025680,VCQN,70,0,224,23,9.5,70,A
316206000,2022-01-02T08:15:08,45.66184,-84.20278,12.3,111.1,109.0,ATLANTIC HURON,IMO8025680,VCQN,70,0,224,23,9.5,70,A
316206000,2022-01-02T08:33:39,45.63764,-84.11765,12.7,112.2,110.0,ATLANTIC HURON,IMO8025680,VCQN,70,0,224,23,9.5,70,A
316206000,2022-01-02T08:49:38,45.61612,-84.04260,12.8,112.3,110.0,ATLANTIC HURON,IMO8025680,VCQN,70,0,224,23,9.5,70,A
316206000,2022-01-02T08:19:47,45.65594,-84.18152,12.4,111.4,110.0,ATLANTIC HURON,IMO8025680,VCQN,70,0,224,23,9.5,70,A
316206000,2022-01-02T08:53:07,45.61145,-84.02617,12.9,112.3,110.0,ATLANTIC HURON,IMO8025680,VCQN,70,0,224,23,9.5,70,A
316206000,2022-01-02T08:21:58,45.65306,-84.17155,12.5,112.5,110.0,ATLANTIC HURON,IMO8025680,VCQN,70,0,224,23,9.5,70,A
316206000,2022-01-02T08:54:08,45.61008,-84.02138,12.7,112.3,110.0,ATLANTIC HURON,IMO8025680,VCQN,70,0,224,23,9.5,70,A
316206000,2022-01-02T08:24:19,45.64994,-84.16088,12.6,112.6,110.0,ATLANTIC HURON,IMO8025680,VCQN,70,0,224,23,9.5,70,A
316206000,2022-01-02T08:26:39,45.64686,-84.15012,12.6,112.4,110.0,ATLANTIC HURON,IMO8025680,VCQN,70,0,224,23,9.5,70,A
316206000,2022-01-02T08:43:57,45.62382,-84.06933,12.7,112.2,109.0,ATLANTIC HURON,IMO8025680,VCQN,70,0,224,23,9.5,70,A
316206000,2022-01-02T08:57:28,45.60564,-84.00567,12.8,112.0,110.0,ATLANTIC HURON,IMO8025680,VCQN,70,0,224,23,9.5,70,A
316206000,2022-01-02T08:59:47,45.60252,-83.99482,12.7,112.6,110.0,ATLANTIC HURON,IMO8025680,VCQN,70,0,224,23,9.5,70,A
316206000,2022-01-02T08:50:47,45.61457,-84.03718,12.8,112.1,109.0,ATLANTIC HURON,IMO8025680,VCQN,70,0,224,23,9.5,70,A
316206000,2022-01-02T09:07:08,45.59269,-83.96050,12.7,111.2,110.0,ATLANTIC HURON,IMO8025680,VCQN,70,0,224,23,9.5,70,A
316206000,2022-01-02T08:51:58,45.61299,-84.03160,12.9,111.7,110.0,ATLANTIC HURON,IMO8025680,VCQN,70,0,224,23,9.5,70,A
316206000,2022-01-02T08:35:49,45.63476,-84.10752,12.7,112.0,110.0,ATLANTIC HURON,IMO8025680,VCQN,70,0,224,23,9.5,70,A
316206000,2022-01-02T08:32:27,45.63923,-84.12316,12.7,112.1,110.0,ATLANTIC HURON,IMO8025680,VCQN,70,0,224,23,9.5,70,A
316206000,2022-01-02T08:34:48,45.63608,-84.11221,12.7,111.3,110.0,ATLANTIC HURON,IMO8025680,VCQN,70,0,224,23,9.5,70,A
316206000,2022-01-02T08:42:48,45.62539,-84.07481,12.9,112.3,110.0,ATLANTIC HURON,IMO8025680,VCQN,70,0,224,23,9.5,70,A
316206000,2022-01-02T09:15:18,45.58192,-83.92220,12.7,112.1,110.0,ATLANTIC HURON,IMO8025680,VCQN,70,0,224,23,9.5,70,A
316206000,2022-01-02T04:02:27,45.86780,-85.30266,12.5,97.3,96.0,ATLANTIC HURON,IMO8025680,VCQN,70,0,224,23,9.5,70,A
316206000,2022-01-02T08:41:37,45.62698,-84.08028,12.7,111.5,110.0,ATLANTIC HURON,IMO8025680,VCQN,70,0,224,23,9.5,70,A
316206000,2022-01-02T08:47:17,45.61934,-84.05375,12.8,112.3,110.0,ATLANTIC HURON,IMO8025680,VCQN,70,0,224,23,9.5,70,A
316206000,2022-01-02T09:22:18,45.57277,-83.88929,12.7,111.8,110.0,ATLANTIC HURON,IMO8025680,VCQN,70,0,224,23,9.5,70,A
316206000,2022-01-02T09:24:38,45.56970,-83.87831,12.7,111.9,109.0,ATLANTIC HURON,IMO8025680,VCQN,70,0,224,23,9.5,70,A
316206000,2022-01-02T09:02:28,45.59893,-83.98227,12.7,112.3,110.0,ATLANTIC HURON,IMO8025680,VCQN,70,0,224,23,9.5,70,A
316206000,2022-01-02T09:10:38,45.58810,-83.94421,12.6,112.2,110.0,ATLANTIC HURON,IMO8025680,VCQN,70,0,224,23,9.5,70,A
316206000,2022-01-02T04:05:48,45.86629,-85.28607,12.6,97.6,96.0,ATLANTIC HURON,IMO8025680,VCQN,70,0,224,23,9.5,70,A
316206000,2022-01-02T08:56:27,45.60699,-84.01047,12.9,112.0,110.0,ATLANTIC HURON,IMO8025680,VCQN,70,0,224,23,9.5,70,A
316206000,2022-01-02T09:12:58,45.58499,-83.93319,12.8,111.2,109.0,ATLANTIC HURON,IMO8025680,VCQN,70,0,224,23,9.5,70,A
316206000,2022-01-02T09:23:27,45.57122,-83.88380,12.7,111.7,109.0,ATLANTIC HURON,IMO8025680,VCQN,70,0,224,23,9.5,70,A
316206000,2022-01-02T09:28:07,45.56512,-83.86194,12.7,112.4,110.0,ATLANTIC HURON,IMO8025680,VCQN,70,0,224,23,9.5,70,A
316206000,2022-01-02T09:29:18,45.56352,-83.85645,12.6,112.8,110.0,ATLANTIC HURON,IMO8025680,VCQN,70,0,224,23,9.5,70,A
316206000,2022-01-02T09:00:08,45.60205,-83.99318,12.7,112.1,110.0,ATLANTIC HURON,IMO8025680,VCQN,70,0,224,23,9.5,70,A
316206000,2022-01-02T09:31:28,45.56056,-83.84628,12.7,112.6,110.0,ATLANTIC HURON,IMO8025680,VCQN,70,0,224,23,9.5,70,A
316206000,2022-01-02T08:55:18,45.60853,-84.01589,12.8,111.6,110.0,ATLANTIC HURON,IMO8025680,VCQN,70,0,224,23,9.5,70,A
316206000,2022-01-02T09:21:07,45.57428,-83.89480,12.8,111.8,109.0,ATLANTIC HURON,IMO8025680,VCQN,70,0,224,23,9.5,70,A
316206000,2022-01-02T09:05:58,45.59423,-83.96595,12.6,112.0,110.0,ATLANTIC HURON,IMO8025680,VCQN,70,0,224,23,9.5,70,A
316206000,2022-01-02T04:11:38,45.86365,-85.25740,12.5,97.6,96.0,ATLANTIC HURON,IMO8025680,VCQN,70,0,224,23,9.5,70,A
316206000,2022-01-02T09:08:18,45.59116,-83.95504,12.8,112.1,109.0,ATLANTIC HURON,IMO8025680,VCQN,70,0,224,23,9.5,70,A
316206000,2022-01-02T09:09:28,45.58962,-83.94958,12.7,112.8,110.0,ATLANTIC HURON,IMO8025680,VCQN,70,0,224,23,9.5,70,A
316206000,2022-01-02T09:14:08,45.58347,-83.92778,12.8,111.3,110.0,ATLANTIC HURON,IMO8025680,VCQN,70,0,224,23,9.5,70,A
316206000,2022-01-02T09:11:48,45.58652,-83.93867,12.7,111.8,110.0,ATLANTIC HURON,IMO8025680,VCQN,70,0,224,23,9.5,70,A
316206000,2022-01-02T09:33:48,45.55742,-83.83548,12.7,112.8,110.0,ATLANTIC HURON,IMO8025680,VCQN,70,0,224,23,9.5,70,A
316206000,2022-01-02T09:16:28,45.58037,-83.91670,12.8,111.9,110.0,ATLANTIC HURON,IMO8025680,VCQN,70,0,224,23,9.5,70,A
316206000,2022-01-02T09:45:18,45.54206,-83.78164,12.8,112.7,110.0,ATLANTIC HURON,IMO8025680,VCQN,70,0,224,23,9.5,70,A
316206000,2022-01-02T09:34:58,45.55585,-83.83004,12.7,112.3,110.0,ATLANTIC HURON,IMO8025680,VCQN,70,0,224,23,9.5,70,A
316206000,2022-01-02T09:44:08,45.54361,-83.78702,12.7,111.7,110.0,ATLANTIC HURON,IMO8025680,VCQN,70,0,224,23,9.5,70,A
316206000,2022-01-02T09:17:38,45.57883,-83.91122,12.7,111.8,109.0,ATLANTIC HURON,IMO8025680,VCQN,70,0,224,23,9.5,70,A
316206000,2022-01-02T09:55:37,45.52825,-83.73327,12.7,112.1,110.0,ATLANTIC HURON,IMO8025680,VCQN,70,0,224,23,9.5,70,A
316206000,2022-01-02T09:18:48,45.57733,-83.90579,12.8,111.8,110.0,ATLANTIC HURON,IMO8025680,VCQN,70,0,224,23,9.5,70,A
316206000,2022-01-02T09:47:38,45.53894,-83.77073,12.7,111.6,110.0,ATLANTIC HURON,IMO8025680,VCQN,70,0,224,23,9.5,70,A
316206000,2022-01-02T09:19:58,45.57580,-83.90030,12.8,110.7,109.0,ATLANTIC HURON,IMO8025680,VCQN,70,0,224,23,9.5,70,A
316206000,2022-01-02T10:00:07,45.52221,-83.71204,12.7,111.4,110.0,ATLANTIC HURON,IMO8025680,VCQN,70,0,224,23,9.5,70,A
316206000,2022-01-02T09:49:58,45.53581,-83.75970,12.8,112.4,110.0,ATLANTIC HURON,IMO8025680,VCQN,70,0,224,23,9.5,70,A
316206000,2022-01-02T10:01:18,45.52065,-83.70655,12.8,111.5,110.0,ATLANTIC HURON,IMO8025680,VCQN,70,0,224,23,9.5,70,A
316206000,2022-01-02T04:25:29,45.85757,-85.18886,12.3,96.4,95.0,ATLANTIC HURON,IMO8025680,VCQN,70,0,224,23,9.5,70,A
316206000,2022-01-02T09:25:48,45.56816,-83.87274,12.8,111.5,109.0,ATLANTIC HURON,IMO8025680,VCQN,70,0,224,23,9.5,70,A
316206000,2022-01-02T09:40:37,45.54830,-83.80352,12.7,111.8,110.0,ATLANTIC HURON,IMO8025680,VCQN,70,0,224,23,9.5,70,A
316206000,2022-01-02T09:26:58,45.56667,-83.86732,12.9,111.3,110.0,ATLANTIC HURON,IMO8025680,VCQN,70,0,224,23,9.5,70,A
316206000,2022-01-02T04:28:58,45.85634,-85.17172,12.3,95.9,95.0,ATLANTIC HURON,IMO8025680,VCQN,70,0,224,23,9.5,70,A
316206000,2022-01-02T09:32:39,45.55899,-83.84083,12.7,111.8,110.0,ATLANTIC HURON,IMO8025680,VCQN,70,0,224,23,9.5,70,A
316206000,2022-01-02T04:30:08,45.85591,-85.16608,12.4,96.3,96.0,ATLANTIC HURON,IMO8025680,VCQN,70,0,224,23,9.5,70,A
316206000,2022-01-02T10:04:48,45.51597,-83.69011,12.8,111.6,110.0,ATLANTIC HURON,IMO8025680,VCQN,70,0,224,23,9.5,70,A
316206000,2022-01-02T04:31:17,45.85547,-85.16045,12.4,96.2,96.0,ATLANTIC HURON,IMO8025680,VCQN,70,0,224,23,9.5,70,A
316206000,2022-01-02T09:38:19,45.55137,-83.81439,12.8,111.6,110.0,ATLANTIC HURON,IMO8025680,VCQN,70,0,224,23,9.5,70,A
316206000,2022-01-02T09:42:57,45.54518,-83.79257,12.8,111.7,110.0,ATLANTIC HURON,IMO8025680,VCQN,70,0,224,23,9.5,70,A
316206000,2022-01-02T10:09:28,45.50973,-83.66813,12.7,111.9,110.0,ATLANTIC HURON,IMO8025680,VCQN,70,0,224,23,9.5,70,A
316206000,2022-01-02T09:36:07,45.55431,-83.82467,12.6,112.4,110.0,ATLANTIC HURON,IMO8025680,VCQN,70,0,224,23,9.5,70,A
316206000,2022-01-02T09:37:18,45.55271,-83.81906,12.6,111.9,110.0,ATLANTIC HURON,IMO8025680,VCQN,70,0,224,23,9.5,70,A
316206000,2022-01-02T10:11:47,45.50663,-83.65715,12.7,112.1,110.0,ATLANTIC HURON,IMO8025680,VCQN,70,0,224,23,9.5,70,A
316206000,2022-01-02T09:51:08,45.53426,-83.75430,12.8,112.6,110.0,ATLANTIC HURON,IMO8025680,VCQN,70,0,224,23,9.5,70,A
316206000,2022-01-02T09:39:27,45.54985,-83.80899,12.7,112.2,110.0,ATLANTIC HURON,IMO8025680,VCQN,70,0,224,23,9.5,70,A
316206000,2022-01-02T09:48:48,45.53737,-83.76518,12.8,111.5,110.0,ATLANTIC HURON,IMO8025680,VCQN,70,0,224,23,9.5,70,A
316206000,2022-01-02T10:05:58,45.51439,-83.68454,12.8,112.0,110.0,ATLANTIC HURON,IMO8025680,VCQN,70,0,224,23,9.5,70,A
316206000,2022-01-02T10:15:09,45.50215,-83.64143,12.7,111.9,110.0,ATLANTIC HURON,IMO8025680,VCQN,70,0,224,23,9.5,70,A
316206000,2022-01-02T10:17:27,45.49907,-83.63065,12.8,111.9,110.0,ATLANTIC HURON,IMO8025680,VCQN,70,0,224,23,9.5,70,A
316206000,2022-01-02T10:21:49,45.49318,-83.61016,12.8,112.1,110.0,ATLANTIC HURON,IMO8025680,VCQN,70,0,224,23,9.5,70,A
316206000,2022-01-02T09:53:18,45.53133,-83.74405,12.8,112.0,110.0,ATLANTIC HURON,IMO8025680,VCQN,70,0,224,23,9.5,70,A
316206000,2022-01-02T09:54:29,45.52976,-83.73860,12.8,112.3,110.0,ATLANTIC HURON,IMO8025680,VCQN,70,0,224,23,9.5,70,A
316206000,2022-01-02T10:16:17,45.50061,-83.63604,12.8,112.1,110.0,ATLANTIC HURON,IMO8025680,VCQN,70,0,224,23,9.5,70,A
316206000,2022-01-02T10:24:07,45.49008,-83.59923,12.9,112.4,110.0,ATLANTIC HURON,IMO8025680,VCQN,70,0,224,23,9.5,70,A
316206000,2022-01-02T09:58:59,45.52374,-83.71745,12.7,112.1,110.0,ATLANTIC HURON,IMO8025680,VCQN,70,0,224,23,9.5,70,A
316206000,2022-01-02T10:18:28,45.49768,-83.62580,12.8,112.1,110.0,ATLANTIC HURON,IMO8025680,VCQN,70,0,224,23,9.5,70,A
316206000,2022-01-02T10:20:48,45.49453,-83.61486,12.7,112.0,110.0,ATLANTIC HURON,IMO8025680,VCQN,70,0,224,23,9.5,70,A
316206000,2022-01-02T10:28:48,45.48383,-83.57712,12.9,111.6,110.0,ATLANTIC HURON,IMO8025680,VCQN,70,0,224,23,9.5,70,A
316206000,2022-01-02T09:57:58,45.52507,-83.72215,12.8,111.8,110.0,ATLANTIC HURON,IMO8025680,VCQN,70,0,224,23,9.5,70,A
316206000,2022-01-02T10:22:57,45.49167,-83.60481,12.8,111.8,110.0,ATLANTIC HURON,IMO8025680,VCQN,70,0,224,23,9.5,70,A
316206000,2022-01-02T10:32:18,45.47918,-83.56067,12.9,111.6,110.0,ATLANTIC HURON,IMO8025680,VCQN,70,0,224,23,9.5,70,A
316206000,2022-01-02T10:35:38,45.47474,-83.54484,12.9,112.0,110.0,ATLANTIC HURON,IMO8025680,VCQN,70,0,224,23,9.5,70,A
316206000,2022-01-02T10:07:08,45.51282,-83.67904,12.8,111.7,110.0,ATLANTIC HURON,IMO8025680,VCQN,70,0,224,23,9.5,70,A
316206000,2022-01-02T10:12:58,45.50507,-83.65167,12.8,111.7,110.0,ATLANTIC HURON,IMO8025680,VCQN,70,0,224,23,9.5,70,A
316206000,2022-01-02T10:14:08,45.50352,-83.64620,12.7,113.0,110.0,ATLANTIC HURON,IMO8025680,VCQN,70,0,224,23,9.5,70,A
316206000,2022-01-02T10:36:49,45.47320,-83.53934,12.8,111.2,110.0,ATLANTIC HURON,IMO8025680,VCQN,70,0,224,23,9.5,70,A
316206000,2022-01-02T10:39:08,45.47011,-83.52837,12.8,112.0,110.0,ATLANTIC HURON,IMO8025680,VCQN,70,0,224,23,9.5,70,A
316206000,2022-01-02T04:42:48,45.85029,-85.10502,11.9,98.5,98.0,ATLANTIC HURON,IMO8025680,VCQN,70,0,224,23,9.5,70,A
316206000,2022-01-02T10:42:38,45.46556,-83.51201,12.7,111.5,110.0,ATLANTIC HURON,IMO8025680,VCQN,70,0,224,23,9.5,70,A
316206000,2022-01-02T10:43:48,45.46401,-83.50656,12.6,112.0,110.0,ATLANTIC HURON,IMO8025680,VCQN,70,0,224,23,9.5,70,A
316206000,2022-01-02T10:08:18,45.51127,-83.67354,12.9,112.1,110.0,ATLANTIC HURON,IMO8025680,VCQN,70,0,224,23,9.5,70,A
316206000,2022-01-02T04:45:07,45.84916,-85.09409,11.9,98.2,97.0,ATLANTIC HURON,IMO8025680,VCQN,70,0,224,23,9.5,70,A
316206000,2022-01-02T10:10:38,45.50817,-83.66265,12.8,111.6,110.0,ATLANTIC HURON,IMO8025680,VCQN,70,0,224,23,9.5,70,A
316206000,2022-01-02T10:50:48,45.45468,-83.47391,12.7,112.6,110.0,ATLANTIC HURON,IMO8025680,VCQN,70,0,224,23,9.5,70,A
316206000,2022-01-02T10:29:59,45.48228,-83.57160,12.7,111.9,110.0,ATLANTIC HURON,IMO8025680,VCQN,70,0,224,23,9.5,70,A
316206000,2022-01-02T10:54:07,45.45025,-83.45845,12.7,111.7,110.0,ATLANTIC HURON,IMO8025680,VCQN,70,0,224,23,9.5,70,A
316206000,2022-01-02T10:44:58,45.46246,-83.50111,12.6,111.3,110.0,ATLANTIC HURON,IMO8025680,VCQN,70,0,224,23,9.5,70,A
316206000,2022-01-02T10:58:48,45.44396,-83.43650,12.8,112.7,110.0,ATLANTIC HURON,IMO8025680,VCQN,70,0,224,23,9.5,70,A
316206000,2022-01-02T10:27:38,45.48540,-83.58271,12.8,111.6,110.0,ATLANTIC HURON,IMO8025680,VCQN,70,0,224,23,9.5,70,A
316206000,2022-01-02T10:40:18,45.46861,-83.52297,12.8,111.1,110.0,ATLANTIC HURON,IMO8025680,VCQN,70,0,224,23,9.5,70,A
316206000,2022-01-02T11:03:38,45.43754,-83.41399,12.7,112.5,110.0,ATLANTIC HURON,IMO8025680,VCQN,70,0,224,23,9.5,70,A
316206000,2022-01-02T10:25:18,45.48851,-83.59363,12.9,112.0,110.0,ATLANTIC HURON,IMO8025680,VCQN,70,0,224,23,9.5,70,A
316206000,2022-01-02T04:50:58,45.84630,-85.06643,12.0,97.8,97.0,ATLANTIC HURON,IMO8025680,VCQN,70,0,224,23,9.5,70,A
316206000,2022-01-02T10:26:27,45.48698,-83.58829,12.8,111.9,110.0,ATLANTIC HURON,IMO8025680,VCQN,70,0,224,23,9.5,70,A
316206000,2022-01-02T10:33:28,45.47761,-83.55508,12.9,111.6,110.0,ATLANTIC HURON,IMO8025680,VCQN,70,0,224,23,9.5,70,A
316206000,2022-01-02T11:09:19,45.43001,-83.38758,12.7,112.2,110.0,ATLANTIC HURON,IMO8025680,VCQN,70,0,224,23,9.5,70,A
316206000,2022-01-02T11:11:37,45.42695,-83.37684,12.8,112.2,110.0,ATLANTIC HURON,IMO8025680,VCQN,70,0,224,23,9.5,70,A
316206000,2022-01-02T10:31:07,45.48076,-83.56625,12.8,111.3,110.0,ATLANTIC HURON,IMO8025680,VCQN,70,0,224,23,9.5,70,A
316206000,2022-01-02T11:12:49,45.42536,-83.37121,12.9,112.2,110.0,ATLANTIC HURON,IMO8025680,VCQN,70,0,224,23,9.5,70,A
316206000,2022-01-02T10:34:29,45.47628,-83.55035,12.8,112.0,110.0,ATLANTIC HURON,IMO8025680,VCQN,70,0,224,23,9.5,70,A
316206000,2022-01-02T10:48:27,45.45781,-83.48478,12.6,111.8,110.0,ATLANTIC HURON,IMO8025680,VCQN,70,0,224,23,9.5,70,A
316206000,2022-01-02T11:16:18,45.42077,-83.35482,12.7,112.0,110.0,ATLANTIC HURON,IMO8025680,VCQN,70,0,224,23,9.5,70,A
316206000,2022-01-02T10:49:37,45.45625,-83.47934,12.8,112.8,110.0,ATLANTIC HURON,IMO8025680,VCQN,70,0,224,23,9.5,70,A
316206000,2022-01-02T11:18:38,45.41774,-83.34401,12.7,111.4,110.0,ATLANTIC HURON,IMO8025680,VCQN,70,0,224,23,9.5,70,A
316206000,2022-01-02T11:19:47,45.41624,-83.33854,12.6,111.5,110.0,ATLANTIC HURON,IMO8025680,VCQN,70,0,224,23,9.5,70,A
316206000,2022-01-02T11:20:58,45.41468,-83.33303,12.7,112.2,110.0,ATLANTIC HURON,IMO8025680,VCQN,70,0,224,23,9.5,70,A
316206000,2022-01-02T11:22:09,45.41314,-83.32760,12.7,112.1,110.0,ATLANTIC HURON,IMO8025680,VCQN,70,0,224,23,9.5,70,A
316206000,2022-01-02T10:46:07,45.46091,-83.49567,12.7,112.6,110.0,ATLANTIC HURON,IMO8025680,VCQN,70,0,224,23,9.5,70,A
316206000,2022-01-02T10:47:18,45.45936,-83.49022,12.7,112.4,110.0,ATLANTIC HURON,IMO8025680,VCQN,70,0,224,23,9.5,70,A
316206000,2022-01-02T11:25:38,45.40856,-83.31138,12.6,112.0,110.0,ATLANTIC HURON,IMO8025680,VCQN,70,0,224,23,9.5,70,A
316206000,2022-01-02T10:52:58,45.45176,-83.46374,12.8,112.2,110.0,ATLANTIC HURON,IMO8025680,VCQN,70,0,224,23,9.5,70,A
316206000,2022-01-02T11:30:18,45.40250,-83.28968,12.6,112.3,111.0,ATLANTIC HURON,IMO8025680,VCQN,70,0,224,23,9.5,70,A
316206000,2022-01-02T11:31:28,45.40092,-83.28430,12.6,112.5,111.0,ATLANTIC HURON,IMO8025680,VCQN,70,0,224,23,9.5,70,A
316206000,2022-01-02T11:05:47,45.43465,-83.40402,12.7,111.9,110.0,ATLANTIC HURON,IMO8025680,VCQN,70,0,224,23,9.5,70,A
316206000,2022-01-02T10:57:38,45.44556,-83.44201,12.6,112.2,110.0,ATLANTIC HURON,IMO8025680,VCQN,70,0,224,23,9.5,70,A
316206000,2022-01-02T11:17:28,45.41924,-83.34938,12.7,111.2,110.0,ATLANTIC HURON,IMO8025680,VCQN,70,0,224,23,9.5,70,A
316206000,2022-01-02T10:59:58,45.44241,-83.43107,12.7,112.0,110.0,ATLANTIC HURON,IMO8025680,VCQN,70,0,224,23,9.5,70,A
316206000,2022-01-02T11:08:08,45.43156,-83.39303,12.8,112.2,110.0,ATLANTIC HURON,IMO8025680,VCQN,70,0,224,23,9.5,70,A
316206000,2022-01-02T11:00:07,45.44221,-83.43036,12.7,112.0,110.0,ATLANTIC HURON,IMO8025680,VCQN,70,0,224,23,9.5,70,A
316206000,2022-01-02T11:01:18,45.44065,-83.42485,12.7,112.0,110.0,ATLANTIC HURON,IMO8025680,VCQN,70,0,224,23,9.5,70,A
316206000,2022-01-02T11:37:09,45.39287,-83.25834,12.6,113.4,112.0,ATLANTIC HURON,IMO8025680,VCQN,70,0,224,23,9.5,70,A
316206000,2022-01-02T11:02:28,45.43912,-83.41949,12.8,111.6,110.0,ATLANTIC HURON,IMO8025680,VCQN,70,0,224,23,9.5,70,A
316206000,2022-01-02T11:04:39,45.43619,-83.40936,12.6,112.3,110.0,ATLANTIC HURON,IMO8025680,VCQN,70,0,224,23,9.5,70,A
316206000,2022-01-02T10:56:28,45.44714,-83.44746,12.8,111.4,110.0,ATLANTIC HURON,IMO8025680,VCQN,70,0,224,23,9.5,70,A
316206000,2022-01-02T11:06:57,45.43313,-83.39865,12.8,111.2,110.0,ATLANTIC HURON,IMO8025680,VCQN,70,0,224,23,9.5,70,A
316206000,2022-01-02T11:42:49,45.38496,-83.23235,12.6,113.1,111.0,ATLANTIC HURON,IMO8025680,VCQN,70,0,224,23,9.5,70,A
316206000,2022-01-02T11:46:19,45.38012,-83.21624,12.7,113.5,111.0,ATLANTIC HURON,IMO8025680,VCQN,70,0,224,23,9.5,70,A
316206000,2022-01-02T11:48:37,45.37692,-83.20557,12.5,113.1,111.0,ATLANTIC HURON,IMO8025680,VCQN,70,0,224,23,9.5,70,A
316206000,2022-01-02T11:15:09,45.42230,-83.36028,12.8,111.6,110.0,ATLANTIC HURON,IMO8025680,VCQN,70,0,224,23,9.5,70,A
316206000,2022-01-02T11:13:59,45.42382,-83.36575,12.8,111.7,110.0,ATLANTIC HURON,IMO8025680,VCQN,70,0,224,23,9.5,70,A
316206000,2022-01-02T11:10:29,45.42845,-83.38214,12.7,111.8,110.0,ATLANTIC HURON,IMO8025680,VCQN,70,0,224,23,9.5,70,A
316206000,2022-01-02T11:39:27,45.38957,-83.24776,12.6,114.0,111.0,ATLANTIC HURON,IMO8025680,VCQN,70,0,224,23,9.5,70,A
316206000,2022-01-02T05:14:07,45.83553,-84.95999,11.5,96.3,95.0,ATLANTIC HURON,IMO8025680,VCQN,70,0,224,23,9.5,70,A
316206000,2022-01-02T11:27:58,45.40549,-83.30044,12.6,111.0,110.0,ATLANTIC HURON,IMO8025680,VCQN,70,0,224,23,9.5,70,A
316206000,2022-01-02T11:23:18,45.41163,-83.32224,12.6,111.8,110.0,ATLANTIC HURON,IMO8025680,VCQN,70,0,224,23,9.5,70,A
316206000,2022-01-02T12:01:17,45.36009,-83.14734,12.6,112.0,110.0,ATLANTIC HURON,IMO8025680,VCQN,70,0,224,23,9.5,70,A
316206000,2022-01-02T05:15:17,45.83512,-84.95467,11.5,96.1,95.0,ATLANTIC HURON,IMO8025680,VCQN,70,0,224,23,9.5,70,A
316206000,2022-01-02T12:02:28,45.35856,-83.14198,12.5,111.7,110.0,ATLANTIC HURON,IMO8025680,VCQN,70,0,224,23,9.5,70,A
316206000,2022-01-02T11:26:49,45.40700,-83.30588,12.6,111.8,110.0,ATLANTIC HURON,IMO8025680,VCQN,70,0,224,23,9.5,70,A
316206000,2022-01-02T05:18:57,45.83390,-84.93805,11.3,95.3,95.0,ATLANTIC HURON,IMO8025680,VCQN,70,0,224,23,9.5,70,A
316206000,2022-01-02T11:45:08,45.38173,-83.22161,12.5,113.5,111.0,ATLANTIC HURON,IMO8025680,VCQN,70,0,224,23,9.5,70,A
316206000,2022-01-02T12:04:48,45.35554,-83.13119,12.4,112.0,110.0,ATLANTIC HURON,IMO8025680,VCQN,70,0,224,23,9.5,70,A
316206000,2022-01-02T11:29:08,45.40398,-83.29502,12.7,111.3,110.0,ATLANTIC HURON,IMO8025680,VCQN,70,0,224,23,9.5,70,A
316206000,2022-01-02T12:08:08,45.35131,-83.11592,12.4,111.5,110.0,ATLANTIC HURON,IMO8025680,VCQN,70,0,224,23,9.5,70,A
316206000,2022-01-02T11:32:38,45.39927,-83.27888,12.7,113.4,112.0,ATLANTIC HURON,IMO8025680,VCQN,70,0,224,23,9.5,70,A
316206000,2022-01-02T11:52:08,45.37213,-83.18931,12.7,112.3,110.0,ATLANTIC HURON,IMO8025680,VCQN,70,0,224,23,9.5,70,A
316206000,2022-01-02T11:33:39,45.39786,-83.27430,12.6,113.7,112.0,ATLANTIC HURON,IMO8025680,VCQN,70,0,224,23,9.5,70,A
316206000,2022-01-02T12:11:28,45.34495,-83.10363,11.2,157.4,160.0,ATLANTIC HURON,IMO8025680,VCQN,70,0,224,23,9.5,70,A
316206000,2022-01-02T11:34:47,45.39625,-83.26913,12.6,114.0,112.0,ATLANTIC HURON,IMO8025680,VCQN,70,0,224,23,9.5,70,A
316206000,2022-01-02T11:35:57,45.39457,-83.26374,12.6,114.3,112.0,ATLANTIC HURON,IMO8025680,VCQN,70,0,224,23,9.5,70,A
316206000,2022-01-02T12:13:47,45.33780,-83.10016,12.1,162.2,160.0,ATLANTIC HURON,IMO8025680,VCQN,70,0,224,23,9.5,70,A
316206000,2022-01-02T11:38:18,45.39123,-83.25308,12.6,114.5,112.0,ATLANTIC HURON,IMO8025680,VCQN,70,0,224,23,9.5,70,A
316206000,2022-01-02T11:40:28,45.38815,-83.24311,12.6,113.6,111.0,ATLANTIC HURON,IMO8025680,VCQN,70,0,224,23,9.5,70,A
316206000,2022-01-02T12:17:18,45.32638,-83.09479,12.5,161.3,160.0,ATLANTIC HURON,IMO8025680,VCQN,70,0,224,23,9.5,70,A
316206000,2022-01-02T11:41:38,45.38655,-83.23774,12.8,112.5,111.0,ATLANTIC HURON,IMO8025680,VCQN,70,0,224,23,9.5,70,A
316206000,2022-01-02T11:43:57,45.38336,-83.22706,12.6,112.9,111.0,ATLANTIC HURON,IMO8025680,VCQN,70,0,224,23,9.5,70,A
316206000,2022-01-02T12:00:09,45.36160,-83.15263,12.6,112.2,110.0,ATLANTIC HURON,IMO8025680,VCQN,70,0,224,23,9.5,70,A
316206000,2022-01-02T12:03:38,45.35703,-83.13654,12.6,112.0,110.0,ATLANTIC HURON,IMO8025680,VCQN,70,0,224,23,9.5,70,A
316206000,2022-01-02T11:47:28,45.37850,-83.21087,12.6,112.7,111.0,ATLANTIC HURON,IMO8025680,VCQN,70,0,224,23,9.5,70,A
316206000,2022-01-02T12:05:58,45.35407,-83.12593,12.4,111.8,109.0,ATLANTIC HURON,IMO8025680,VCQN,70,0,224,23,9.5,70,A
316206000,2022-01-02T12:21:58,45.31083,-83.08733,12.6,160.6,160.0,ATLANTIC HURON,IMO8025680,VCQN,70,0,224,23,9.5,70,A
316206000,2022-01-02T11:49:48,45.37533,-83.20018,12.7,112.4,111.0,ATLANTIC HURON,IMO8025680,VCQN,70,0,224,23,9.5,70,A
316206000,2022-01-02T05:25:58,45.83131,-84.90664,11.2,97.5,97.0,ATLANTIC HURON,IMO8025680,VCQN,70,0,224,23,9.5,70,A
316206000,2022-01-02T12:24:17,45.30312,-83.08350,12.7,160.2,159.0,ATLANTIC HURON,IMO8025680,VCQN,70,0,224,23,9.5,70,A
316206000,2022-01-02T12:10:21,45.34793,-83.10641,11.8,131.0,144.0,ATLANTIC HURON,IMO8025680,VCQN,70,0,224,23,9.5,70,A
316206000,2022-01-02T05:27:08,45.83084,-84.90154,11.1,97.3,97.0,ATLANTIC HURON,IMO8025680,VCQN,70,0,224,23,9.5,70,A
316206000,2022-01-02T11:53:18,45.37059,-83.18398,12.7,112.4,110.0,ATLANTIC HURON,IMO8025680,VCQN,70,0,224,23,9.5,70,A
316206000,2022-01-02T11:54:28,45.36903,-83.17857,12.4,113.1,111.0,ATLANTIC HURON,IMO8025680,VCQN,70,0,224,23,9.5,70,A
316206000,2022-01-02T05:29:27,45.82989,-84.89129,11.1,97.8,96.0,ATLANTIC HURON,IMO8025680,VCQN,70,0,224,23,9.5,70,A
316206000,2022-01-02T11:56:48,45.36596,-83.16799,12.7,111.8,109.0,ATLANTIC HURON,IMO8025680,VCQN,70,0,224,23,9.5,70,A
316206000,2022-01-02T12:34:48,45.26833,-83.06585,12.5,160.6,159.0,ATLANTIC HURON,IMO8025680,VCQN,70,0,224,23,9.5,70,A
316206000,2022-01-02T11:59:09,45.36291,-83.15725,12.5,111.8,110.0,ATLANTIC HURON,IMO8025680,VCQN,70,0,224,23,9.5,70,A
316206000,2022-01-02T12:38:18,45.25683,-83.06003,12.6,159.9,159.0,ATLANTIC HURON,IMO8025680,VCQN,70,0,224,23,9.5,70,A
316206000,2022-01-02T11:55:37,45.36749,-83.17338,12.3,112.5,110.0,ATLANTIC HURON,IMO8025680,VCQN,70,0,224,23,9.5,70,A
316206000,2022-01-02T12:42:57,45.24130,-83.05220,12.7,160.7,160.0,ATLANTIC HURON,IMO8025680,VCQN,70,0,224,23,9.5,70,A
316206000,2022-01-02T12:26:38,45.29536,-83.07959,12.6,160.0,159.0,ATLANTIC HURON,IMO8025680,VCQN,70,0,224,23,9.5,70,A
316206000,2022-01-02T12:44:08,45.23741,-83.05030,12.7,161.0,160.0,ATLANTIC HURON,IMO8025680,VCQN,70,0,224,23,9.5,70,A
316206000,2022-01-02T12:48:39,45.22232,-83.04307,12.7,161.4,160.0,ATLANTIC HURON,IMO8025680,VCQN,70,0,224,23,9.5,70,A
316206000,2022-01-02T12:16:08,45.33023,-83.09660,12.5,161.7,160.0,ATLANTIC HURON,IMO8025680,VCQN,70,0,224,23,9.5,70,A
316206000,2022-01-02T12:09:18,45.34978,-83.11061,12.4,116.1,120.0,ATLANTIC HURON,IMO8025680,VCQN,70,0,224,23,9.5,70,A
316206000,2022-01-02T12:14:57,45.33409,-83.09843,12.2,161.1,160.0,ATLANTIC HURON,IMO8025680,VCQN,70,0,224,23,9.5,70,A
316206000,2022-01-02T12:23:09,45.30695,-83.08541,12.5,160.8,160.0,ATLANTIC HURON,IMO8025680,VCQN,70,0,224,23,9.5,70,A
316206000,2022-01-02T12:57:58,45.19147,-83.02756,12.6,159.5,159.0,ATLANTIC HURON,IMO8025680,VCQN,70,0,224,23,9.5,70,A
316206000,2022-01-02T12:25:28,45.29922,-83.08153,12.7,160.2,159.0,ATLANTIC HURON,IMO8025680,VCQN,70,0,224,23,9.5,70,A
316206000,2022-01-02T12:18:19,45.32301,-83.09318,12.5,160.5,160.0,ATLANTIC HURON,IMO8025680,VCQN,70,0,224,23,9.5,70,A
316206000,2022-01-02T12:45:17,45.23350,-83.04844,12.6,161.3,160.0,ATLANTIC HURON,IMO8025680,VCQN,70,0,224,23,9.5,70,A
316206000,2022-01-02T12:46:18,45.23016,-83.04685,12.6,160.9,160.0,ATLANTIC HURON,IMO8025680,VCQN,70,0,224,23,9.5,70,A
316206000,2022-01-02T05:39:58,45.82557,-84.84497,11.1,97.4,97.0,ATLANTIC HURON,IMO8025680,VCQN,70,0,224,23,9.5,70,A
316206000,2022-01-02T12:28:58,45.28759,-83.07565,12.7,159.5,159.0,ATLANTIC HURON,IMO8025680,VCQN,70,0,224,23,9.5,70,A
316206000,2022-01-02T12:50:57,45.21467,-83.03936,12.6,161.3,160.0,ATLANTIC HURON,IMO8025680,VCQN,70,0,224,23,9.5,70,A
316206000,2022-01-02T05:44:38,45.82363,-84.82440,11.2,97.7,96.0,ATLANTIC HURON,IMO8025680,VCQN,70,0,224,23,9.5,70,A
316206000,2022-01-02T12:32:28,45.27607,-83.06977,12.6,159.9,159.0,ATLANTIC HURON,IMO8025680,VCQN,70,0,224,23,9.5,70,A
316206000,2022-01-02T12:27:47,45.29151,-83.07763,12.5,160.4,159.0,ATLANTIC HURON,IMO8025680,VCQN,70,0,224,23,9.5,70,A
316206000,2022-01-02T12:35:57,45.26454,-83.06394,12.6,160.3,159.0,ATLANTIC HURON,IMO8025680,VCQN,70,0,224,23,9.5,70,A
316206000,2022-01-02T12:31:17,45.27991,-83.07174,12.5,159.6,159.0,ATLANTIC HURON,IMO8025680,VCQN,70,0,224,23,9.5,70,A
316206000,2022-01-02T05:48:07,45.82211,-84.80891,11.2,97.9,97.0,ATLANTIC HURON,IMO8025680,VCQN,70,0,224,23,9.5,70,A
316206000,2022-01-02T12:40:38,45.24908,-83.05611,12.6,160.0,159.0,ATLANTIC HURON,IMO8025680,VCQN,70,0,224,23,9.5,70,A
316206000,2022-01-02T12:41:47,45.24520,-83.05413,12.7,159.8,159.0,ATLANTIC HURON,IMO8025680,VCQN,70,0,224,23,9.5,70,A
316206000,2022-01-02T13:02:29,45.17665,-83.01996,12.6,160.5,159.0,ATLANTIC HURON,IMO8025680,VCQN,70,0,224,23,9.5,70,A
316206000,2022-01-02T05:51:38,45.82059,-84.79329,11.3,97.2,96.0,ATLANTIC HURON,IMO8025680,VCQN,70,0,224,23,9.5,70,A
316206000,2022-01-02T12:37:08,45.26063,-83.06197,12.6,160.4,159.0,ATLANTIC HURON,IMO8025680,VCQN,70,0,224,23,9.5,70,A
316206000,2022-01-02T13:22:08,45.11169,-82.98859,12.6,162.6,161.0,ATLANTIC HURON,IMO8025680,VCQN,70,0,224,23,9.5,70,A
316206000,2022-01-02T12:39:27,45.25295,-83.05808,12.7,160.1,159.0,ATLANTIC HURON,IMO8025680,VCQN,70,0,224,23,9.5,70,A
316206000,2022-01-02T05:53:58,45.81965,-84.78291,11.3,97.5,96.0,ATLANTIC HURON,IMO8025680,VCQN,70,0,224,23,9.5,70,A
316206000,2022-01-02T12:47:28,45.22621,-83.04494,12.7,160.9,160.0,ATLANTIC HURON,IMO8025680,VCQN,70,0,224,23,9.5,70,A
316206000,2022-01-02T05:54:59,45.81924,-84.77837,11.3,97.9,96.0,ATLANTIC HURON,IMO8025680,VCQN,70,0,224,23,9.5,70,A
316206000,2022-01-02T12:52:07,45.21074,-83.03740,12.7,161.3,160.0,ATLANTIC HURON,IMO8025680,VCQN,70,0,224,23,9.5,70,A
316206000,2022-01-02T12:49:49,45.21844,-83.04119,12.7,160.9,160.0,ATLANTIC HURON,IMO8025680,VCQN,70,0,224,23,9.5,70,A
316206000,2022-01-02T12:54:27,45.20300,-83.03347,12.6,160.4,159.0,ATLANTIC HURON,IMO8025680,VCQN,70,0,224,23,9.5,70,A
316206000,2022-01-02T13:25:39,45.09994,-82.98324,12.6,162.3,161.0,ATLANTIC HURON,IMO8025680,VCQN,70,0,224,23,9.5,70,A
316206000,2022-01-02T12:59:07,45.18769,-83.02562,12.6,160.3,159.0,ATLANTIC HURON,IMO8025680,VCQN,70,0,224,23,9.5,70,A
316206000,2022-01-02T13:30:17,45.08452,-82.97626,12.3,162.1,161.0,ATLANTIC HURON,IMO8025680,VCQN,70,0,224,23,9.5,70,A
316206000,2022-01-02T13:31:28,45.08060,-82.97447,12.3,162.8,161.0,ATLANTIC HURON,IMO8025680,VCQN,70,0,224,23,9.5,70,A
316206000,2022-01-02T12:53:18,45.20681,-83.03541,12.6,159.7,159.0,ATLANTIC HURON,IMO8025680,VCQN,70,0,224,23,9.5,70,A
316206000,2022-01-02T13:18:38,45.12326,-82.99387,12.5,162.1,161.0,ATLANTIC HURON,IMO8025680,VCQN,70,0,224,23,9.5,70,A
316206000,2022-01-02T13:20:58,45.11552,-82.99031,12.5,161.8,161.0,ATLANTIC HURON,IMO8025680,VCQN,70,0,224,23,9.5,70,A
316206000,2022-01-02T13:00:07,45.18440,-83.02395,12.6,160.8,159.0,ATLANTIC HURON,IMO8025680,VCQN,70,0,224,23,9.5,70,A
316206000,2022-01-02T13:01:18,45.18055,-83.02197,12.6,159.8,159.0,ATLANTIC HURON,IMO8025680,VCQN,70,0,224,23,9.5,70,A
316206000,2022-01-02T13:34:57,45.06914,-82.96915,12.5,160.9,161.0,ATLANTIC HURON,IMO8025680,VCQN,70,0,224,23,9.5,70,A
316206000,2022-01-02T13:24:29,45.10385,-82.98499,12.6,162.6,161.0,ATLANTIC HURON,IMO8025680,VCQN,70,0,224,23,9.5,70,A
316206000,2022-01-02T06:03:38,45.81591,-84.73989,11.3,96.4,94.0,ATLANTIC HURON,IMO8025680,VCQN,70,0,224,23,9.5,70,A
316206000,2022-01-02T13:39:29,45.05425,-82.96200,12.6,160.8,160.0,ATLANTIC HURON,IMO8025680,VCQN,70,0,224,23,9.5,70,A
316206000,2022-01-02T12:56:48,45.19530,-83.02953,12.5,160.2,159.0,ATLANTIC HURON,IMO8025680,VCQN,70,0,224,23,9.5,70,A
316206000,2022-01-02T13:08:17,45.15753,-83.01015,12.6,159.6,159.0,ATLANTIC HURON,IMO8025680,VCQN,70,0,224,23,9.5,70,A
316206000,2022-01-02T13:42:48,45.04336,-82.95642,12.5,159.8,159.0,ATLANTIC HURON,IMO8025680,VCQN,70,0,224,23,9.5,70,A
316206000,2022-01-02T13:09:27,45.15369,-83.00821,12.5,160.8,160.0,ATLANTIC HURON,IMO8025680,VCQN,70,0,224,23,9.5,70,A
316206000,2022-01-02T13:04:48,45.16902,-83.01603,12.5,160.1,159.0,ATLANTIC HURON,IMO8025680,VCQN,70,0,224,23,9.5,70,A
316206000,2022-01-02T13:03:37,45.17287,-83.01800,12.6,159.8,159.0,ATLANTIC HURON,IMO8025680,VCQN,70,0,224,23,9.5,70,A
316206000,2022-01-02T13:10:38,45.14979,-83.00632,12.5,161.3,161.0,ATLANTIC HURON,IMO8025680,VCQN,70,0,224,23,9.5,70,A
316206000,2022-01-02T13:37:17,45.06144,-82.96552,12.5,162.2,160.0,ATLANTIC HURON,IMO8025680,VCQN,70,0,224,23,9.5,70,A
316206000,2022-01-02T13:16:27,45.13052,-82.99727,12.6,160.6,161.0,ATLANTIC HURON,IMO8025680,VCQN,70,0,224,23,9.5,70,A
316206000,2022-01-02T13:19:48,45.11945,-82.99210,12.4,161.1,161.0,ATLANTIC HURON,IMO8025680,VCQN,70,0,224,23,9.5,70,A
316206000,2022-01-02T13:53:07,45.00957,-82.93942,12.4,161.5,160.0,ATLANTIC HURON,IMO8025680,VCQN,70,0,224,23,9.5,70,A
316206000,2022-01-02T13:17:29,45.12714,-82.99568,12.6,161.3,161.0,ATLANTIC HURON,IMO8025680,VCQN,70,0,224,23,9.5,70,A
316206000,2022-01-02T13:57:38,44.99469,-82.93222,12.5,161.2,160.0,ATLANTIC HURON,IMO8025680,VCQN,70,0,224,23,9.5,70,A
316206000,2022-01-02T13:11:49,45.14594,-83.00451,12.5,160.9,161.0,ATLANTIC HURON,IMO8025680,VCQN,70,0,224,23,9.5,70,A
316206000,2022-01-02T06:09:27,45.81391,-84.71390,11.0,109.5,113.0,ATLANTIC HURON,IMO8025680,VCQN,70,0,224,23,9.5,70,A
316206000,2022-01-02T13:23:17,45.10780,-82.98680,12.5,161.9,161.0,ATLANTIC HURON,IMO8025680,VCQN,70,0,224,23,9.5,70,A
316206000,2022-01-02T14:03:37,44.97491,-82.92259,12.4,160.9,160.0,ATLANTIC HURON,IMO8025680,VCQN,70,0,224,23,9.5,70,A
316206000,2022-01-02T14:02:28,44.97877,-82.92446,12.5,161.1,160.0,ATLANTIC HURON,IMO8025680,VCQN,70,0,224,23,9.5,70,A
316206000,2022-01-02T14:05:58,44.96724,-82.91879,12.3,160.5,159.0,ATLANTIC HURON,IMO8025680,VCQN,70,0,224,23,9.5,70,A
316206000,2022-01-02T14:04:48,44.97109,-82.92072,12.5,160.0,159.0,ATLANTIC HURON,IMO8025680,VCQN,70,0,224,23,9.5,70,A
316206000,2022-01-02T13:26:48,45.09603,-82.98150,12.6,161.8,161.0,ATLANTIC HURON,IMO8025680,VCQN,70,0,224,23,9.5,70,A
316206000,2022-01-02T13:29:08,45.08831,-82.97798,12.5,161.6,161.0,ATLANTIC HURON,IMO8025680,VCQN,70,0,224,23,9.5,70,A
316206000,2022-01-02T14:11:48,44.94830,-82.90919,12.4,160.4,159.0,ATLANTIC HURON,IMO8025680,VCQN,70,0,224,23,9.5,70,A
316206000,2022-01-02T13:38:28,45.05753,-82.96365,12.4,160.4,160.0,ATLANTIC HURON,IMO8025680,VCQN,70,0,224,23,9.5,70,A
316206000,2022-01-02T06:18:58,45.79806,-84.67737,11.6,122.6,121.0,ATLANTIC HURON,IMO8025680,VCQN,70,0,224,23,9.5,70,A
316206000,2022-01-02T13:27:58,45.09213,-82.97973,12.5,161.0,161.0,ATLANTIC HURON,IMO8025680,VCQN,70,0,224,23,9.5,70,A
316206000,2022-01-02T13:41:39,45.04717,-82.95840,12.5,160.0,159.0,ATLANTIC HURON,IMO8025680,VCQN,70,0,224,23,9.5,70,A
316206000,2022-01-02T14:00:07,44.98646,-82.92820,12.5,161.7,160.0,ATLANTIC HURON,IMO8025680,VCQN,70,0,224,23,9.5,70,A
316206000,2022-01-02T13:33:48,45.07293,-82.97091,12.5,161.3,161.0,ATLANTIC HURON,IMO8025680,VCQN,70,0,224,23,9.5,70,A
316206000,2022-01-02T13:43:58,45.03958,-82.95448,12.5,159.3,159.0,ATLANTIC HURON,IMO8025680,VCQN,70,0,224,23,9.5,70,A
316206000,2022-01-02T13:45:08,45.03574,-82.95248,12.6,160.1,159.0,ATLANTIC HURON,IMO8025680,VCQN,70,0,224,23,9.5,70,A
316206000,2022-01-02T14:19:47,44.92209,-82.89592,12.6,159.9,159.0,ATLANTIC HURON,IMO8025680,VCQN,70,0,224,23,9.5,70,A
316206000,2022-01-02T13:32:39,45.07677,-82.97270,12.5,161.7,161.0,ATLANTIC HURON,IMO8025680,VCQN,70,0,224,23,9.5,70,A
316206000,2022-01-02T13:46:09,45.03239,-82.95073,12.7,159.4,159.0,ATLANTIC HURON,IMO8025680,VCQN,70,0,224,23,9.5,70,A
316206000,2022-01-02T14:17:29,44.92969,-82.89977,12.4,159.1,159.0,ATLANTIC HURON,IMO8025680,VCQN,70,0,224,23,9.5,70,A
316206000,2022-01-02T14:08:19,44.95965,-82.91495,12.4,160.4,159.0,ATLANTIC HURON,IMO8025680,VCQN,70,0,224,23,9.5,70,A
316206000,2022-01-02T14:12:59,44.94442,-82.90724,12.5,159.6,159.0,ATLANTIC HURON,IMO8025680,VCQN,70,0,224,23,9.5,70,A
316206000,2022-01-02T13:40:38,45.05044,-82.96008,12.5,161.1,159.0,ATLANTIC HURON,IMO8025680,VCQN,70,0,224,23,9.5,70,A
316206000,2022-01-02T13:56:28,44.99849,-82.93408,12.6,161.4,160.0,ATLANTIC HURON,IMO8025680,VCQN,70,0,224,23,9.5,70,A
316206000,2022-01-02T13:55:18,45.00236,-82.93595,12.6,161.3,160.0,ATLANTIC HURON,IMO8025680,VCQN,70,0,224,23,9.5,70,A
316206000,2022-01-02T13:47:18,45.02858,-82.94875,12.3,160.9,160.0,ATLANTIC HURON,IMO8025680,VCQN,70,0,224,23,9.5,70,A
316206000,2022-01-02T14:31:27,44.88368,-82.87665,12.5,161.1,160.0,ATLANTIC HURON,IMO8025680,VCQN,70,0,224,23,9.5,70,A
316206000,2022-01-02T06:26:48,45.78445,-84.64705,11.5,123.2,121.0,ATLANTIC HURON,IMO8025680,VCQN,70,0,224,23,9.5,70,A
316206000,2022-01-02T13:51:59,45.01333,-82.94127,12.4,160.5,160.0,ATLANTIC HURON,IMO8025680,VCQN,70,0,224,23,9.5,70,A
316206000,2022-01-02T13:50:48,45.01720,-82.94316,12.4,161.2,160.0,ATLANTIC HURON,IMO8025680,VCQN,70,0,224,23,9.5,70,A
316206000,2022-01-02T13:54:08,45.00628,-82.93783,12.4,161.6,160.0,ATLANTIC HURON,IMO8025680,VCQN,70,0,224,23,9.5,70,A
316206000,2022-01-02T13:58:48,44.99085,-82.93033,12.5,161.9,160.0,ATLANTIC HURON,IMO8025680,VCQN,70,0,224,23,9.5,70,A
316206000,2022-01-02T14:07:08,44.96345,-82.91687,12.4,160.6,159.0,ATLANTIC HURON,IMO8025680,VCQN,70,0,224,23,9.5,70,A
316206000,2022-01-02T13:59:57,44.98707,-82.92848,12.5,160.7,160.0,ATLANTIC HURON,IMO8025680,VCQN,70,0,224,23,9.5,70,A
316206000,2022-01-02T14:38:28,44.86051,-82.86577,12.5,161.7,160.0,ATLANTIC HURON,IMO8025680,VCQN,70,0,224,23,9.5,70,A
316206000,2022-01-02T14:10:38,44.95205,-82.91109,12.4,160.8,159.0,ATLANTIC HURON,IMO8025680,VCQN,70,0,224,23,9.5,70,A
316206000,2022-01-02T14:40:49,44.85284,-82.86215,12.4,160.7,160.0,ATLANTIC HURON,IMO8025680,VCQN,70,0,224,23,9.5,70,A
316206000,2022-01-02T14:41:58,44.84906,-82.86036,12.5,161.9,160.0,ATLANTIC HURON,IMO8025680,VCQN,70,0,224,23,9.5,70,A
316206000,2022-01-02T14:09:28,44.95584,-82.91303,12.4,160.1,159.0,ATLANTIC HURON,IMO8025680,VCQN,70,0,224,23,9.5,70,A
316206000,2022-01-02T14:18:38,44.92592,-82.89787,12.5,159.9,159.0,ATLANTIC HURON,IMO8025680,VCQN,70,0,224,23,9.5,70,A
316206000,2022-01-02T14:45:27,44.83755,-82.85487,12.4,161.4,160.0,ATLANTIC HURON,IMO8025680,VCQN,70,0,224,23,9.5,70,A
316206000,2022-01-02T14:49:58,44.82276,-82.84777,12.5,160.9,160.0,ATLANTIC HURON,IMO8025680,VCQN,70,0,224,23,9.5,70,A
316206000,2022-01-02T14:15:17,44.93682,-82.90336,12.5,161.4,159.0,ATLANTIC HURON,IMO8025680,VCQN,70,0,224,23,9.5,70,A
316206000,2022-01-02T14:24:28,44.90670,-82.88810,12.6,160.4,159.0,ATLANTIC HURON,IMO8025680,VCQN,70,0,224,23,9.5,70,A
316206000,2022-01-02T14:26:48,44.89905,-82.88421,12.6,159.9,159.0,ATLANTIC HURON,IMO8025680,VCQN,70,0,224,23,9.5,70,A
316206000,2022-01-02T14:55:47,44.80347,-82.83862,12.5,160.8,160.0,ATLANTIC HURON,IMO8025680,VCQN,70,0,224,23,9.5,70,A
316206000,2022-01-02T14:58:08,44.79569,-82.83504,12.5,161.4,160.0,ATLANTIC HURON,IMO8025680,VCQN,70,0,224,23,9.5,70,A
316206000,2022-01-02T14:30:18,44.88752,-82.87849,12.5,160.0,160.0,ATLANTIC HURON,IMO8025680,VCQN,70,0,224,23,9.5,70,A
316206000,2022-01-02T14:20:58,44.91826,-82.89397,12.5,159.1,159.0,ATLANTIC HURON,IMO8025680,VCQN,70,0,224,23,9.5,70,A
316206000,2022-01-02T14:32:29,44.88033,-82.87505,12.5,159.9,160.0,ATLANTIC HURON,IMO8025680,VCQN,70,0,224,23,9.5,70,A
316206000,2022-01-02T14:23:19,44.91053,-82.89007,12.5,160.6,159.0,ATLANTIC HURON,IMO8025680,VCQN,70,0,224,23,9.5,70,A
316206000,2022-01-02T15:02:27,44.78153,-82.82846,12.4,162.2,160.0,ATLANTIC HURON,IMO8025680,VCQN,70,0,224,23,9.5,70,A
316206000,2022-01-02T06:39:37,45.76230,-84.59742,11.5,122.4,121.0,ATLANTIC HURON,IMO8025680,VCQN,70,0,224,23,9.5,70,A
316206000,2022-01-02T14:34:48,44.87268,-82.87144,12.6,161.1,160.0,ATLANTIC HURON,IMO8025680,VCQN,70,0,224,23,9.5,70,A
316206000,2022-01-02T14:35:58,44.86882,-82.86962,12.6,161.4,160.0,ATLANTIC HURON,IMO8025680,VCQN,70,0,224,23,9.5,70,A
316206000,2022-01-02T14:29:09,44.89131,-82.88033,12.5,161.4,160.0,ATLANTIC HURON,IMO8025680,VCQN,70,0,224,23,9.5,70,A
316206000,2022-01-02T15:09:17,44.75897,-82.81773,12.5,160.9,159.0,ATLANTIC HURON,IMO8025680,VCQN,70,0,224,23,9.5,70,A
316206000,2022-01-02T15:15:09,44.73980,-82.80810,12.5,160.0,159.0,ATLANTIC HURON,IMO8025680,VCQN,70,0,224,23,9.5,70,A
316206000,2022-01-02T15:05:48,44.77049,-82.82332,12.6,160.9,160.0,ATLANTIC HURON,IMO8025680,VCQN,70,0,224,23,9.5,70,A
316206000,2022-01-02T14:27:59,44.89516,-82.88224,12.6,160.6,159.0,ATLANTIC HURON,IMO8025680,VCQN,70,0,224,23,9.5,70,A
316206000,2022-01-02T14:44:18,44.84138,-82.85669,12.5,162.4,160.0,ATLANTIC HURON,IMO8025680,VCQN,70,0,224,23,9.5,70,A
316206000,2022-01-02T15:16:17,44.73602,-82.80617,12.6,159.3,159.0,ATLANTIC HURON,IMO8025680,VCQN,70,0,224,23,9.5,70,A
316206000,2022-01-02T14:39:37,44.85673,-82.86399,12.5,160.8,160.0,ATLANTIC HURON,IMO8025680,VCQN,70,0,224,23,9.5,70,A
316206000,2022-01-02T15:18:38,44.72829,-82.80229,12.5,159.1,159.0,ATLANTIC HURON,IMO8025680,VCQN,70,0,224,23,9.5,70,A
316206000,2022-01-02T15:27:47,44.69821,-82.78751,12.5,160.0,159.0,ATLANTIC HURON,IMO8025680,VCQN,70,0,224,23,9.5,70,A
316206000,2022-01-02T14:46:28,44.83426,-82.85329,12.5,161.5,160.0,ATLANTIC HURON,IMO8025680,VCQN,70,0,224,23,9.5,70,A
316206000,2022-01-02T14:56:58,44.79961,-82.83683,12.4,161.8,160.0,ATLANTIC HURON,IMO8025680,VCQN,70,0,224,23,9.5,70,A
316206000,2022-01-02T06:45:17,45.75255,-84.57546,11.5,122.4,121.0,ATLANTIC HURON,IMO8025680,VCQN,70,0,224,23,9.5,70,A
316206000,2022-01-02T14:48:48,44.82660,-82.84960,12.4,160.7,160.0,ATLANTIC HURON,IMO8025680,VCQN,70,0,224,23,9.5,70,A
316206000,2022-01-02T14:59:18,44.79182,-82.83322,12.7,161.5,160.0,ATLANTIC HURON,IMO8025680,VCQN,70,0,224,23,9.5,70,A
316206000,2022-01-02T14:43:09,44.84517,-82.85851,12.5,161.2,160.0,ATLANTIC HURON,IMO8025680,VCQN,70,0,224,23,9.5,70,A
316206000,2022-01-02T15:00:08,44.78905,-82.83193,12.5,162.0,160.0,ATLANTIC HURON,IMO8025680,VCQN,70,0,224,23,9.5,70,A
316206000,2022-01-02T15:01:18,44.78523,-82.83016,12.3,161.8,160.0,ATLANTIC HURON,IMO8025680,VCQN,70,0,224,23,9.5,70,A
316206000,2022-01-02T14:52:18,44.81501,-82.84409,12.5,162.4,160.0,ATLANTIC HURON,IMO8025680,VCQN,70,0,224,23,9.5,70,A
316206000,2022-01-02T15:03:37,44.77769,-82.82668,12.4,161.8,160.0,ATLANTIC HURON,IMO8025680,VCQN,70,0,224,23,9.5,70,A
316206000,2022-01-02T15:04:38,44.77428,-82.82507,12.4,162.4,160.0,ATLANTIC HURON,IMO8025680,VCQN,70,0,224,23,9.5,70,A
316206000,2022-01-02T15:34:48,44.67520,-82.77621,12.4,160.9,159.0,ATLANTIC HURON,IMO8025680,VCQN,70,0,224,23,9.5,70,A
316206000,2022-01-02T15:06:58,44.76665,-82.82149,12.6,160.9,159.0,ATLANTIC HURON,IMO8025680,VCQN,70,0,224,23,9.5,70,A
316206000,2022-01-02T15:35:58,44.67137,-82.77435,12.4,160.5,159.0,ATLANTIC HURON,IMO8025680,VCQN,70,0,224,23,9.5,70,A
316206000,2022-01-02T15:32:28,44.68285,-82.77990,12.5,161.9,159.0,ATLANTIC HURON,IMO8025680,VCQN,70,0,224,23,9.5,70,A
316206000,2022-01-02T14:51:07,44.81892,-82.84593,12.4,161.6,160.0,ATLANTIC HURON,IMO8025680,VCQN,70,0,224,23,9.5,70,A
316206000,2022-01-02T15:38:19,44.66372,-82.77061,12.5,160.7,159.0,ATLANTIC HURON,IMO8025680,VCQN,70,0,224,23,9.5,70,A
316206000,2022-01-02T15:11:37,44.75132,-82.81394,12.4,160.3,159.0,ATLANTIC HURON,IMO8025680,VCQN,70,0,224,23,9.5,70,A
316206000,2022-01-02T15:46:27,44.63687,-82.75817,12.5,161.3,160.0,ATLANTIC HURON,IMO8025680,VCQN,70,0,224,23,9.5,70,A
316206000,2022-01-02T15:47:28,44.63356,-82.75666,12.5,163.2,160.0,ATLANTIC HURON,IMO8025680,VCQN,70,0,224,23,9.5,70,A
316206000,2022-01-02T14:53:29,44.81115,-82.84225,12.6,160.2,160.0,ATLANTIC HURON,IMO8025680,VCQN,70,0,224,23,9.5,70,A
316206000,2022-01-02T15:49:47,44.62581,-82.75310,12.6,162.4,160.0,ATLANTIC HURON,IMO8025680,VCQN,70,0,224,23,9.5,70,A
316206000,2022-01-02T14:54:37,44.80739,-82.84046,12.6,162.2,160.0,ATLANTIC HURON,IMO8025680,VCQN,70,0,224,23,9.5,70,A
316206000,2022-01-02T06:48:48,45.74651,-84.56172,11.6,122.8,121.0,ATLANTIC HURON,IMO8025680,VCQN,70,0,224,23,9.5,70,A
316206000,2022-01-02T15:17:27,44.73224,-82.80427,12.6,162.2,159.0,ATLANTIC HURON,IMO8025680,VCQN,70,0,224,23,9.5,70,A
316206000,2022-01-02T06:51:19,45.74213,-84.55210,11.5,122.9,122.0,ATLANTIC HURON,IMO8025680,VCQN,70,0,224,23,9.5,70,A
316206000,2022-01-02T15:10:27,44.75514,-82.81583,12.5,159.6,159.0,ATLANTIC HURON,IMO8025680,VCQN,70,0,224,23,9.5,70,A
316206000,2022-01-02T15:45:17,44.64070,-82.75996,12.4,161.9,160.0,ATLANTIC HURON,IMO8025680,VCQN,70,0,224,23,9.5,70,A
316206000,2022-01-02T15:52:08,44.61803,-82.74944,12.6,161.3,159.0,ATLANTIC HURON,IMO8025680,VCQN,70,0,224,23,9.5,70,A
316206000,2022-01-02T15:24:29,44.70914,-82.79288,12.5,160.9,159.0,ATLANTIC HURON,IMO8025680,VCQN,70,0,224,23,9.5,70,A
316206000,2022-01-02T15:55:37,44.60660,-82.74395,12.4,160.8,159.0,ATLANTIC HURON,IMO8025680,VCQN,70,0,224,23,9.5,70,A
316206000,2022-01-02T15:08:07,44.76280,-82.81963,12.6,162.0,159.0,ATLANTIC HURON,IMO8025680,VCQN,70,0,224,23,9.5,70,A
316206000,2022-01-02T15:53:17,44.61431,-82.74765,12.4,161.6,159.0,ATLANTIC HURON,IMO8025680,VCQN,70,0,224,23,9.5,70,A
316206000,2022-01-02T15:19:48,44.72445,-82.80038,12.5,161.5,159.0,ATLANTIC HURON,IMO8025680,VCQN,70,0,224,23,9.5,70,A
316206000,2022-01-02T15:12:47,44.74755,-82.81204,12.5,160.3,159.0,ATLANTIC HURON,IMO8025680,VCQN,70,0,224,23,9.5,70,A
316206000,2022-01-02T15:56:38,44.60327,-82.74233,12.4,160.9,159.0,ATLANTIC HURON,IMO8025680,VCQN,70,0,224,23,9.5,70,A
316206000,2022-01-02T16:11:47,44.55375,-82.71743,12.4,159.2,158.0,ATLANTIC HURON,IMO8025680,VCQN,70,0,224,23,9.5,70,A
316206000,2022-01-02T15:22:07,44.71684,-82.79666,12.4,161.8,159.0,ATLANTIC HURON,IMO8025680,VCQN,70,0,224,23,9.5,70,A
316206000,2022-01-02T15:13:58,44.74368,-82.81008,12.4,160.3,159.0,ATLANTIC HURON,IMO8025680,VCQN,70,0,224,23,9.5,70,A
316206000,2022-01-02T15:40:38,44.65604,-82.76701,12.5,162.4,160.0,ATLANTIC HURON,IMO8025680,VCQN,70,0,224,23,9.5,70,A
316206000,2022-01-02T15:25:38,44.70530,-82.79103,12.4,160.4,159.0,ATLANTIC HURON,IMO8025680,VCQN,70,0,224,23,9.5,70,A
316206000,2022-01-02T16:15:19,44.54226,-82.71138,12.4,158.4,159.0,ATLANTIC HURON,IMO8025680,VCQN,70,0,224,23,9.5,70,A
316206000,2022-01-02T15:42:58,44.64832,-82.76347,12.4,162.0,160.0,ATLANTIC HURON,IMO8025680,VCQN,70,0,224,23,9.5,70,A
316206000,2022-01-02T15:44:07,44.64453,-82.76173,12.4,162.1,160.0,ATLANTIC HURON,IMO8025680,VCQN,70,0,224,23,9.5,70,A
316206000,2022-01-02T15:30:07,44.69057,-82.78372,12.6,160.1,159.0,ATLANTIC HURON,IMO8025680,VCQN,70,0,224,23,9.5,70,A
316206000,2022-01-02T15:31:19,44.68668,-82.78179,12.6,160.3,159.0,ATLANTIC HURON,IMO8025680,VCQN,70,0,224,23,9.5,70,A
316206000,2022-01-02T16:09:28,44.56120,-82.72146,12.4,159.2,158.0,ATLANTIC HURON,IMO8025680,VCQN,70,0,224,23,9.5,70,A
316206000,2022-01-02T16:16:27,44.53858,-82.70943,12.4,160.9,159.0,ATLANTIC HURON,IMO8025680,VCQN,70,0,224,23,9.5,70,A
316206000,2022-01-02T15:26:39,44.70200,-82.78939,12.5,159.8,159.0,ATLANTIC HURON,IMO8025680,VCQN,70,0,224,23,9.5,70,A
316206000,2022-01-02T15:37:08,44.66761,-82.77248,12.5,161.0,159.0,ATLANTIC HURON,IMO8025680,VCQN,70,0,224,23,9.5,70,A
316206000,2022-01-02T16:24:38,44.51172,-82.69576,12.4,161.4,161.0,ATLANTIC HURON,IMO8025680,VCQN,70,0,224,23,9.5,70,A
316206000,2022-01-02T16:22:18,44.51942,-82.69955,12.5,159.0,160.0,ATLANTIC HURON,IMO8025680,VCQN,70,0,224,23,9.5,70,A
316206000,2022-01-02T15:41:47,44.65223,-82.76525,12.5,161.6,160.0,ATLANTIC HURON,IMO8025680,VCQN,70,0,224,23,9.5,70,A
316206000,2022-01-02T15:33:39,44.67902,-82.77805,12.4,159.4,159.0,ATLANTIC HURON,IMO8025680,VCQN,70,0,224,23,9.5,70,A
316206000,2022-01-02T15:54:27,44.61042,-82.74580,12.5,161.1,159.0,ATLANTIC HURON,IMO8025680,VCQN,70,0,224,23,9.5,70,A
316206000,2022-01-02T16:19:59,44.52703,-82.70341,12.5,159.2,160.0,ATLANTIC HURON,IMO8025680,VCQN,70,0,224,23,9.5,70,A
316206000,2022-01-02T16:26:58,44.50398,-82.69214,12.6,162.2,161.0,ATLANTIC HURON,IMO8025680,VCQN,70,0,224,23,9.5,70,A
316206000,2022-01-02T15:39:28,44.65994,-82.76882,12.4,161.2,160.0,ATLANTIC HURON,IMO8025680,VCQN,70,0,224,23,9.5,70,A
316206000,2022-01-02T16:02:29,44.58412,-82.73309,12.5,160.7,159.0,ATLANTIC HURON,IMO8025680,VCQN,70,0,224,23,9.5,70,A
316206000,2022-01-02T15:48:38,44.62964,-82.75486,12.5,161.8,160.0,ATLANTIC HURON,IMO8025680,VCQN,70,0,224,23,9.5,70,A
316206000,2022-01-02T16:30:28,44.49240,-82.68680,12.5,160.5,161.0,ATLANTIC HURON,IMO8025680,VCQN,70,0,224,23,9.5,70,A
316206000,2022-01-02T16:03:37,44.58037,-82.73131,12.6,161.9,159.0,ATLANTIC HURON,IMO8025680,VCQN,70,0,224,23,9.5,70,A
316206000,2022-01-02T16:07:09,44.56869,-82.72546,12.7,159.0,158.0,ATLANTIC HURON,IMO8025680,VCQN,70,0,224,23,9.5,70,A
316206000,2022-01-02T16:04:38,44.57701,-82.72967,12.5,159.2,158.0,ATLANTIC HURON,IMO8025680,VCQN,70,0,224,23,9.5,70,A
316206000,2022-01-02T16:29:17,44.49633,-82.68859,12.5,161.6,161.0,ATLANTIC HURON,IMO8025680,VCQN,70,0,224,23,9.5,70,A
316206000,2022-01-02T16:37:28,44.46919,-82.67626,12.6,163.0,161.0,ATLANTIC HURON,IMO8025680,VCQN,70,0,224,23,9.5,70,A
316206000,2022-01-02T16:08:19,44.56489,-82.72344,12.3,159.1,158.0,ATLANTIC HURON,IMO8025680,VCQN,70,0,224,23,9.5,70,A
316206000,2022-01-02T16:40:58,44.45753,-82.67105,12.5,161.2,161.0,ATLANTIC HURON,IMO8025680,VCQN,70,0,224,23,9.5,70,A
316206000,2022-01-02T15:57:48,44.59951,-82.74053,12.4,160.0,159.0,ATLANTIC HURON,IMO8025680,VCQN,70,0,224,23,9.5,70,A
316206000,2022-01-02T15:50:57,44.62199,-82.75132,12.6,161.2,159.0,ATLANTIC HURON,IMO8025680,VCQN,70,0,224,23,9.5,70,A
316206000,2022-01-02T16:33:57,44.48083,-82.68153,12.5,162.6,161.0,ATLANTIC HURON,IMO8025680,VCQN,70,0,224,23,9.5,70,A
316206000,2022-01-02T16:44:27,44.44588,-82.66586,12.5,161.8,161.0,ATLANTIC HURON,IMO8025680,VCQN,70,0,224,23,9.5,70,A
316206000,2022-01-02T07:11:29,45.70727,-84.47484,11.5,122.9,122.0,ATLANTIC HURON,IMO8025680,VCQN,70,0,224,23,9.5,70,A
316206000,2022-01-02T16:46:57,44.43757,-82.66213,12.5,161.4,161.0,ATLANTIC HURON,IMO8025680,VCQN,70,0,224,23,9.5,70,A
316206000,2022-01-02T16:48:07,44.43368,-82.66037,12.7,162.4,161.0,ATLANTIC HURON,IMO8025680,VCQN,70,0,224,23,9.5,70,A
316206000,2022-01-02T16:39:47,44.46142,-82.67280,12.5,162.1,161.0,ATLANTIC HURON,IMO8025680,VCQN,70,0,224,23,9.5,70,A
316206000,2022-01-02T16:17:37,44.53473,-82.70741,12.5,159.4,159.0,ATLANTIC HURON,IMO8025680,VCQN,70,0,224,23,9.5,70,A
316206000,2022-01-02T15:58:58,44.59564,-82.73864,12.5,161.5,159.0,ATLANTIC HURON,IMO8025680,VCQN,70,0,224,23,9.5,70,A
316206000,2022-01-02T16:50:28,44.42590,-82.65690,12.5,162.6,161.0,ATLANTIC HURON,IMO8025680,VCQN,70,0,224,23,9.5,70,A
316206000,2022-01-02T16:18:49,44.53087,-82.70537,12.5,158.9,159.0,ATLANTIC HURON,IMO8025680,VCQN,70,0,224,23,9.5,70,A
316206000,2022-01-02T16:51:38,44.42204,-82.65513,12.4,161.4,160.0,ATLANTIC HURON,IMO8025680,VCQN,70,0,224,23,9.5,70,A
316206000,2022-01-02T16:00:08,44.59186,-82.73680,12.5,161.5,159.0,ATLANTIC HURON,IMO8025680,VCQN,70,0,224,23,9.5,70,A
316206000,2022-01-02T16:21:09,44.52319,-82.70145,12.6,161.3,160.0,ATLANTIC HURON,IMO8025680,VCQN,70,0,224,23,9.5,70,A
316206000,2022-01-02T16:23:27,44.51560,-82.69763,12.5,160.1,160.0,ATLANTIC HURON,IMO8025680,VCQN,70,0,224,23,9.5,70,A
316206000,2022-01-02T16:56:17,44.40660,-82.64771,12.6,160.6,159.0,ATLANTIC HURON,IMO8025680,VCQN,70,0,224,23,9.5,70,A
316206000,2022-01-02T16:25:47,44.50791,-82.69397,12.4,162.4,161.0,ATLANTIC HURON,IMO8025680,VCQN,70,0,224,23,9.5,70,A
316206000,2022-01-02T16:55:08,44.41046,-82.64959,12.6,159.4,160.0,ATLANTIC HURON,IMO8025680,VCQN,70,0,224,23,9.5,70,A
316206000,2022-01-02T17:00:07,44.39398,-82.64148,12.5,161.5,159.0,ATLANTIC HURON,IMO8025680,VCQN,70,0,224,23,9.5,70,A
316206000,2022-01-02T16:58:38,44.39892,-82.64394,12.6,160.7,159.0,ATLANTIC HURON,IMO8025680,VCQN,70,0,224,23,9.5,70,A
316206000,2022-01-02T16:52:49,44.41812,-82.65330,12.4,160.6,160.0,ATLANTIC HURON,IMO8025680,VCQN,70,0,224,23,9.5,70,A
316206000,2022-01-02T16:59:48,44.39502,-82.64199,12.4,160.2,159.0,ATLANTIC HURON,IMO8025680,VCQN,70,0,224,23,9.5,70,A
316206000,2022-01-02T17:01:18,44.39008,-82.63953,12.5,159.8,159.0,ATLANTIC HURON,IMO8025680,VCQN,70,0,224,23,9.5,70,A
316206000,2022-01-02T16:14:09,44.54605,-82.71337,12.5,158.7,159.0,ATLANTIC HURON,IMO8025680,VCQN,70,0,224,23,9.5,70,A
316206000,2022-01-02T17:09:18,44.36359,-82.62656,12.5,161.1,159.0,ATLANTIC HURON,IMO8025680,VCQN,70,0,224,23,9.5,70,A
316206000,2022-01-02T16:42:08,44.45360,-82.66927,12.5,161.4,161.0,ATLANTIC HURON,IMO8025680,VCQN,70,0,224,23,9.5,70,A
316206000,2022-01-02T16:43:18,44.44977,-82.66757,12.5,162.2,161.0,ATLANTIC HURON,IMO8025680,VCQN,70,0,224,23,9.5,70,A
316206000,2022-01-02T16:31:38,44.48858,-82.68507,12.6,162.9,161.0,ATLANTIC HURON,IMO8025680,VCQN,70,0,224,23,9.5,70,A
316206000,2022-01-02T16:32:48,44.48465,-82.68328,12.5,161.6,161.0,ATLANTIC HURON,IMO8025680,VCQN,70,0,224,23,9.5,70,A
316206000,2022-01-02T17:19:49,44.32898,-82.60964,12.5,159.9,159.0,ATLANTIC HURON,IMO8025680,VCQN,70,0,224,23,9.5,70,A
316206000,2022-01-02T17:13:57,44.34832,-82.61903,12.5,160.4,160.0,ATLANTIC HURON,IMO8025680,VCQN,70,0,224,23,9.5,70,A
316206000,2022-01-02T16:35:08,44.47691,-82.67971,12.5,161.7,161.0,ATLANTIC HURON,IMO8025680,VCQN,70,0,224,23,9.5,70,A
316206000,2022-01-02T16:36:18,44.47303,-82.67798,12.5,161.3,161.0,ATLANTIC HURON,IMO8025680,VCQN,70,0,224,23,9.5,70,A
316206000,2022-01-02T17:03:27,44.38298,-82.63603,12.6,160.1,159.0,ATLANTIC HURON,IMO8025680,VCQN,70,0,224,23,9.5,70,A
316206000,2022-01-02T17:22:08,44.32128,-82.60586,12.7,159.2,159.0,ATLANTIC HURON,IMO8025680,VCQN,70,0,224,23,9.5,70,A
316206000,2022-01-02T16:45:47,44.44145,-82.66389,12.6,162.0,161.0,ATLANTIC HURON,IMO8025680,VCQN,70,0,224,23,9.5,70,A
316206000,2022-01-02T17:40:37,44.25973,-82.57568,12.6,161.4,160.0,ATLANTIC HURON,IMO8025680,VCQN,70,0,224,23,9.5,70,A
316206000,2022-01-02T17:05:48,44.37519,-82.63221,12.6,160.0,160.0,ATLANTIC HURON,IMO8025680,VCQN,70,0,224,23,9.5,70,A
316206000,2022-01-02T17:06:58,44.37133,-82.63032,12.6,160.6,159.0,ATLANTIC HURON,IMO8025680,VCQN,70,0,224,23,9.5,70,A
316206000,2022-01-02T17:37:09,44.27129,-82.58122,12.7,161.9,160.0,ATLANTIC HURON,IMO8025680,VCQN,70,0,224,23,9.5,70,A
316206000,2022-01-02T17:08:08,44.36751,-82.62847,12.6,160.4,160.0,ATLANTIC HURON,IMO8025680,VCQN,70,0,224,23,9.5,70,A
316206000,2022-01-02T16:49:18,44.42978,-82.65864,12.5,161.4,161.0,ATLANTIC HURON,IMO8025680,VCQN,70,0,224,23,9.5,70,A
316206000,2022-01-02T17:11:37,44.35595,-82.62281,12.4,161.9,160.0,ATLANTIC HURON,IMO8025680,VCQN,70,0,224,23,9.5,70,A
316206000,2022-01-02T07:40:27,45.68002,-84.35383,10.5,78.6,77.0,ATLANTIC HURON,IMO8025680,VCQN,70,0,224,23,9.5,70,A
316206000,2022-01-02T17:10:29,44.35974,-82.62467,12.5,158.4,160.0,ATLANTIC HURON,IMO8025680,VCQN,70,0,224,23,9.5,70,A
316206000,2022-01-02T07:41:38,45.68074,-84.34892,10.7,78.0,76.0,ATLANTIC HURON,IMO8025680,VCQN,70,0,224,23,9.5,70,A
316206000,2022-01-02T16:53:57,44.41432,-82.65148,12.5,161.4,159.0,ATLANTIC HURON,IMO8025680,VCQN,70,0,224,23,9.5,70,A
316206000,2022-01-02T17:53:28,44.21694,-82.55535,12.6,160.1,160.0,ATLANTIC HURON,IMO8025680,VCQN,70,0,224,23,9.5,70,A
316206000,2022-01-02T17:44:09,44.24808,-82.57015,12.5,160.5,160.0,ATLANTIC HURON,IMO8025680,VCQN,70,0,224,23,9.5,70,A
316206000,2022-01-02T17:18:39,44.33284,-82.61150,12.5,160.7,160.0,ATLANTIC HURON,IMO8025680,VCQN,70,0,224,23,9.5,70,A
316206000,2022-01-02T17:45:17,44.24427,-82.56834,12.5,162.6,160.0,ATLANTIC HURON,IMO8025680,VCQN,70,0,224,23,9.5,70,A
316206000,2022-01-02T07:46:17,45.68367,-84.32905,11.1,78.8,77.0,ATLANTIC HURON,IMO8025680,VCQN,70,0,224,23,9.5,70,A
316206000,2022-01-02T17:20:59,44.32510,-82.60774,12.7,162.4,159.0,ATLANTIC HURON,IMO8025680,VCQN,70,0,224,23,9.5,70,A
316206000,2022-01-02T17:23:17,44.31740,-82.60396,12.7,162.4,159.0,ATLANTIC HURON,IMO8025680,VCQN,70,0,224,23,9.5,70,A
316206000,2022-01-02T17:04:38,44.37911,-82.63413,12.7,161.0,159.0,ATLANTIC HURON,IMO8025680,VCQN,70,0,224,23,9.5,70,A
316206000,2022-01-02T17:24:27,44.31352,-82.60204,12.6,159.7,159.0,ATLANTIC HURON,IMO8025680,VCQN,70,0,224,23,9.5,70,A
316206000,2022-01-02T07:47:27,45.68442,-84.32398,11.1,77.9,77.0,ATLANTIC HURON,IMO8025680,VCQN,70,0,224,23,9.5,70,A
316206000,2022-01-02T17:51:09,44.22475,-82.55908,12.7,160.3,160.0,ATLANTIC HURON,IMO8025680,VCQN,70,0,224,23,9.5,70,A
316206000,2022-01-02T17:31:27,44.29022,-82.59056,12.7,159.7,159.0,ATLANTIC HURON,IMO8025680,VCQN,70,0,224,23,9.5,70,A
316206000,2022-01-02T17:12:48,44.35210,-82.62091,12.6,158.6,159.0,ATLANTIC HURON,IMO8025680,VCQN,70,0,224,23,9.5,70,A
316206000,2022-01-02T17:34:48,44.27907,-82.58501,12.6,160.7,160.0,ATLANTIC HURON,IMO8025680,VCQN,70,0,224,23,9.5,70,A
316206000,2022-01-02T17:14:59,44.34491,-82.61737,12.4,160.5,159.0,ATLANTIC HURON,IMO8025680,VCQN,70,0,224,23,9.5,70,A
316206000,2022-01-02T17:32:28,44.28689,-82.58889,12.7,160.4,159.0,ATLANTIC HURON,IMO8025680,VCQN,70,0,224,23,9.5,70,A
316206000,2022-01-02T17:16:18,44.34053,-82.61522,12.5,160.8,160.0,ATLANTIC HURON,IMO8025680,VCQN,70,0,224,23,9.5,70,A
316206000,2022-01-02T17:54:29,44.21359,-82.55377,12.7,161.9,160.0,ATLANTIC HURON,IMO8025680,VCQN,70,0,224,23,9.5,70,A
316206000,2022-01-02T18:11:58,44.15492,-82.52605,12.6,160.1,160.0,ATLANTIC HURON,IMO8025680,VCQN,70,0,224,23,9.5,70,A
316206000,2022-01-02T18:13:09,44.15097,-82.52417,12.6,161.4,160.0,ATLANTIC HURON,IMO8025680,VCQN,70,0,224,23,9.5,70,A
316206000,2022-01-02T18:01:18,44.19071,-82.54296,12.7,162.0,160.0,ATLANTIC HURON,IMO8025680,VCQN,70,0,224,23,9.5,70,A
316206000,2022-01-02T17:26:49,44.30572,-82.59818,12.7,161.5,160.0,ATLANTIC HURON,IMO8025680,VCQN,70,0,224,23,9.5,70,A
316206000,2022-01-02T17:42:57,44.25198,-82.57201,12.5,161.7,160.0,ATLANTIC HURON,IMO8025680,VCQN,70,0,224,23,9.5,70,A
316206000,2022-01-02T18:03:38,44.18287,-82.53924,12.6,162.0,160.0,ATLANTIC HURON,IMO8025680,VCQN,70,0,224,23,9.5,70,A
316206000,2022-01-02T17:27:57,44.30190,-82.59631,12.6,162.0,160.0,ATLANTIC HURON,IMO8025680,VCQN,70,0,224,23,9.5,70,A
316206000,2022-01-02T18:08:28,44.16660,-82.53165,12.6,161.6,160.0,ATLANTIC HURON,IMO8025680,VCQN,70,0,224,23,9.5,70,A
316206000,2022-01-02T17:30:18,44.29411,-82.59250,12.7,158.9,159.0,ATLANTIC HURON,IMO8025680,VCQN,70,0,224,23,9.5,70,A
316206000,2022-01-02T18:22:29,44.12581,-82.49711,12.5,136.9,135.0,ATLANTIC HURON,IMO8025680,VCQN,70,0,224,23,9.5,70,A
316206000,2022-01-02T18:16:38,44.14052,-82.51634,12.0,137.2,135.0,ATLANTIC HURON,IMO8025680,VCQN,70,0,224,23,9.5,70,A
316206000,2022-01-02T17:41:49,44.25577,-82.57380,12.5,162.9,160.0,ATLANTIC HURON,IMO8025680,VCQN,70,0,224,23,9.5,70,A
316206000,2022-01-02T18:18:57,44.13472,-82.50880,12.6,138.9,134.0,ATLANTIC HURON,IMO8025680,VCQN,70,0,224,23,9.5,70,A
316206000,2022-01-02T17:46:27,44.24039,-82.56648,12.6,160.7,160.0,ATLANTIC HURON,IMO8025680,VCQN,70,0,224,23,9.5,70,A
316206000,2022-01-02T18:20:08,44.13174,-82.50487,12.4,137.5,135.0,ATLANTIC HURON,IMO8025680,VCQN,70,0,224,23,9.5,70,A
316206000,2022-01-02T18:02:27,44.18679,-82.54111,12.7,160.8,160.0,ATLANTIC HURON,IMO8025680,VCQN,70,0,224,23,9.5,70,A
316206000,2022-01-02T17:48:48,44.23260,-82.56279,12.7,161.9,160.0,ATLANTIC HURON,IMO8025680,VCQN,70,0,224,23,9.5,70,A
316206000,2022-01-02T17:49:58,44.22865,-82.56091,12.6,160.8,160.0,ATLANTIC HURON,IMO8025680,VCQN,70,0,224,23,9.5,70,A
316206000,2022-01-02T18:27:07,44.11391,-82.48159,12.6,136.4,135.0,ATLANTIC HURON,IMO8025680,VCQN,70,0,224,23,9.5,70,A
316206000,2022-01-02T18:29:28,44.10788,-82.47379,12.6,136.4,134.0,ATLANTIC HURON,IMO8025680,VCQN,70,0,224,23,9.5,70,A
316206000,2022-01-02T18:28:17,44.11091,-82.47772,12.6,138.1,135.0,ATLANTIC HURON,IMO8025680,VCQN,70,0,224,23,9.5,70,A
316206000,2022-01-02T18:04:47,44.17897,-82.53748,12.9,162.5,160.0,ATLANTIC HURON,IMO8025680,VCQN,70,0,224,23,9.5,70,A
316206000,2022-01-02T08:02:27,45.67776,-84.25941,11.9,113.6,111.0,ATLANTIC HURON,IMO8025680,VCQN,70,0,224,23,9.5,70,A
316206000,2022-01-02T18:32:49,44.09940,-82.46263,12.5,136.3,134.0,ATLANTIC HURON,IMO8025680,VCQN,70,0,224,23,9.5,70,A
316206000,2022-01-02T17:52:19,44.22084,-82.55722,12.6,160.8,160.0,ATLANTIC HURON,IMO8025680,VCQN,70,0,224,23,9.5,70,A
316206000,2022-01-02T18:07:17,44.17051,-82.53352,12.7,160.5,160.0,ATLANTIC HURON,IMO8025680,VCQN,70,0,224,23,9.5,70,A
316206000,2022-01-02T18:50:27,44.05464,-82.40344,12.3,142.8,148.0,ATLANTIC HURON,IMO8025680,VCQN,70,0,224,23,9.5,70,A
316206000,2022-01-02T18:09:37,44.16276,-82.52981,12.8,159.5,160.0,ATLANTIC HURON,IMO8025680,VCQN,70,0,224,23,9.5,70,A
316206000,2022-01-02T17:59:08,44.19794,-82.54635,12.8,160.0,160.0,ATLANTIC HURON,IMO8025680,VCQN,70,0,224,23,9.5,70,A
316206000,2022-01-02T18:10:48,44.15880,-82.52792,12.7,161.4,160.0,ATLANTIC HURON,IMO8025680,VCQN,70,0,224,23,9.5,70,A
316206000,2022-01-02T17:55:38,44.20973,-82.55196,12.8,160.4,160.0,ATLANTIC HURON,IMO8025680,VCQN,70,0,224,23,9.5,70,A
316206000,2022-01-02T18:38:28,44.08506,-82.44361,12.6,136.6,134.0,ATLANTIC HURON,IMO8025680,VCQN,70,0,224,23,9.5,70,A
316206000,2022-01-02T18:15:27,44.14364,-82.51988,12.0,144.6,139.0,ATLANTIC HURON,IMO8025680,VCQN,70,0,224,23,9.5,70,A
316206000,2022-01-02T18:17:48,44.13766,-82.51262,12.3,135.2,134.0,ATLANTIC HURON,IMO8025680,VCQN,70,0,224,23,9.5,70,A
316206000,2022-01-02T19:01:18,44.01892,-82.38842,12.5,164.8,164.0,ATLANTIC HURON,IMO8025680,VCQN,70,0,224,23,9.5,70,A
316206000,2022-01-02T18:24:48,44.11990,-82.48936,12.6,135.7,135.0,ATLANTIC HURON,IMO8025680,VCQN,70,0,224,23,9.5,70,A
316206000,2022-01-02T18:06:09,44.17437,-82.53531,12.7,161.6,160.0,ATLANTIC HURON,IMO8025680,VCQN,70,0,224,23,9.5,70,A
316206000,2022-01-02T18:44:18,44.07022,-82.42403,12.6,138.3,134.0,ATLANTIC HURON,IMO8025680,VCQN,70,0,224,23,9.5,70,A
316206000,2022-01-02T19:04:49,44.00710,-82.38402,12.5,166.2,165.0,ATLANTIC HURON,IMO8025680,VCQN,70,0,224,23,9.5,70,A
316206000,2022-01-02T18:45:27,44.06735,-82.42019,12.6,135.0,134.0,ATLANTIC HURON,IMO8025680,VCQN,70,0,224,23,9.5,70,A
316206000,2022-01-02T18:14:18,44.14707,-82.52238,12.6,159.8,152.0,ATLANTIC HURON,IMO8025680,VCQN,70,0,224,23,9.5,70,A
316206000,2022-01-02T18:31:48,44.10198,-82.46604,12.6,134.5,135.0,ATLANTIC HURON,IMO8025680,VCQN,70,0,224,23,9.5,70,A
316206000,2022-01-02T18:21:18,44.12882,-82.50105,12.5,135.6,134.0,ATLANTIC HURON,IMO8025680,VCQN,70,0,224,23,9.5,70,A
316206000,2022-01-02T18:58:37,44.02801,-82.39179,12.6,164.6,164.0,ATLANTIC HURON,IMO8025680,VCQN,70,0,224,23,9.5,70,A
316206000,2022-01-02T18:33:57,44.09649,-82.45877,12.7,134.4,135.0,ATLANTIC HURON,IMO8025680,VCQN,70,0,224,23,9.5,70,A
316206000,2022-01-02T18:23:38,44.12288,-82.49328,12.6,135.4,135.0,ATLANTIC HURON,IMO8025680,VCQN,70,0,224,23,9.5,70,A
316206000,2022-01-02T18:34:58,44.09394,-82.45544,12.5,135.6,134.0,ATLANTIC HURON,IMO8025680,VCQN,70,0,224,23,9.5,70,A
316206000,2022-01-02T18:36:09,44.09095,-82.45147,12.5,136.9,134.0,ATLANTIC HURON,IMO8025680,VCQN,70,0,224,23,9.5,70,A
316206000,2022-01-02T18:46:47,44.06394,-82.41564,12.6,136.0,134.0,ATLANTIC HURON,IMO8025680,VCQN,70,0,224,23,9.5,70,A
316206000,2022-01-02T18:25:59,44.11687,-82.48539,12.5,137.6,135.0,ATLANTIC HURON,IMO8025680,VCQN,70,0,224,23,9.5,70,A
316206000,2022-01-02T18:48:07,44.06061,-82.41123,12.4,135.6,134.0,ATLANTIC HURON,IMO8025680,VCQN,70,0,224,23,9.5,70,A
316206000,2022-01-02T18:49:17,44.05761,-82.40728,12.6,134.6,134.0,ATLANTIC HURON,IMO8025680,VCQN,70,0,224,23,9.5,70,A
316206000,2022-01-02T19:07:08,43.99928,-82.38117,12.5,165.7,164.0,ATLANTIC HURON,IMO8025680,VCQN,70,0,224,23,9.5,70,A
316206000,2022-01-02T19:09:28,43.99141,-82.37827,12.4,164.4,164.0,ATLANTIC HURON,IMO8025680,VCQN,70,0,224,23,9.5,70,A
316206000,2022-01-02T18:30:38,44.10491,-82.46989,12.6,136.2,135.0,ATLANTIC HURON,IMO8025680,VCQN,70,0,224,23,9.5,70,A
316206000,2022-01-02T18:51:38,44.05117,-82.40068,11.9,159.6,163.0,ATLANTIC HURON,IMO8025680,VCQN,70,0,224,23,9.5,70,A
316206000,2022-01-02T18:52:47,44.04749,-82.39914,12.3,165.2,164.0,ATLANTIC HURON,IMO8025680,VCQN,70,0,224,23,9.5,70,A
316206000,2022-01-02T19:28:58,43.92580,-82.35402,12.5,165.6,165.0,ATLANTIC HURON,IMO8025680,VCQN,70,0,224,23,9.5,70,A
316206000,2022-01-02T19:12:57,43.97969,-82.37390,12.5,165.2,164.0,ATLANTIC HURON,IMO8025680,VCQN,70,0,224,23,9.5,70,A
316206000,2022-01-02T18:39:38,44.08216,-82.43974,12.6,135.1,134.0,ATLANTIC HURON,IMO8025680,VCQN,70,0,224,23,9.5,70,A
316206000,2022-01-02T18:43:07,44.07329,-82.42803,12.7,135.7,134.0,ATLANTIC HURON,IMO8025680,VCQN,70,0,224,23,9.5,70,A
316206000,2022-01-02T19:16:27,43.96792,-82.36952,12.6,166.7,164.0,ATLANTIC HURON,IMO8025680,VCQN,70,0,224,23,9.5,70,A
316206000,2022-01-02T18:37:18,44.08805,-82.44759,12.7,138.4,134.0,ATLANTIC HURON,IMO8025680,VCQN,70,0,224,23,9.5,70,A
316206000,2022-01-02T18:59:47,44.02399,-82.39030,12.6,164.3,164.0,ATLANTIC HURON,IMO8025680,VCQN,70,0,224,23,9.5,70,A
316206000,2022-01-02T18:53:59,44.04359,-82.39767,12.3,164.9,164.0,ATLANTIC HURON,IMO8025680,VCQN,70,0,224,23,9.5,70,A
316206000,2022-01-02T19:00:07,44.02286,-82.38988,12.5,164.6,164.0,ATLANTIC HURON,IMO8025680,VCQN,70,0,224,23,9.5,70,A
316206000,2022-01-02T19:18:48,43.95993,-82.36656,12.5,165.6,164.0,ATLANTIC HURON,IMO8025680,VCQN,70,0,224,23,9.5,70,A
316206000,2022-01-02T18:40:48,44.07920,-82.43581,12.6,135.9,135.0,ATLANTIC HURON,IMO8025680,VCQN,70,0,224,23,9.5,70,A
316206000,2022-01-02T19:41:47,43.88235,-82.33840,12.6,165.4,165.0,ATLANTIC HURON,IMO8025680,VCQN,70,0,224,23,9.5,70,A
316206000,2022-01-02T08:18:37,45.65749,-84.18693,12.4,111.7,110.0,ATLANTIC HURON,IMO8025680,VCQN,70,0,224,23,9.5,70,A
316206000,2022-01-02T19:46:28,43.86658,-82.33279,12.4,166.4,165.0,ATLANTIC HURON,IMO8025680,VCQN,70,0,224,23,9.5,70,A
316206000,2022-01-02T18:55:07,44.03976,-82.39622,12.4,164.1,164.0,ATLANTIC HURON,IMO8025680,VCQN,70,0,224,23,9.5,70,A
316206000,2022-01-02T19:47:39,43.86261,-82.33135,12.4,165.3,165.0,ATLANTIC HURON,IMO8025680,VCQN,70,0,224,23,9.5,70,A
316206000,2022-01-02T19:11:48,43.98358,-82.37534,12.5,165.8,164.0,ATLANTIC HURON,IMO8025680,VCQN,70,0,224,23,9.5,70,A
316206000,2022-01-02T18:57:27,44.03191,-82.39324,12.5,164.8,164.0,ATLANTIC HURON,IMO8025680,VCQN,70,0,224,23,9.5,70,A
316206000,2022-01-02T19:08:19,43.99531,-82.37970,12.3,165.7,165.0,ATLANTIC HURON,IMO8025680,VCQN,70,0,224,23,9.5,70,A
316206000,2022-01-02T19:30:07,43.92186,-82.35264,12.5,163.7,165.0,ATLANTIC HURON,IMO8025680,VCQN,70,0,224,23,9.5,70,A
316206000,2022-01-02T19:17:38,43.96393,-82.36803,12.5,164.0,164.0,ATLANTIC HURON,IMO8025680,VCQN,70,0,224,23,9.5,70,A
316206000,2022-01-02T19:02:27,44.01501,-82.38693,12.4,164.7,164.0,ATLANTIC HURON,IMO8025680,VCQN,70,0,224,23,9.5,70,A
316206000,2022-01-02T08:23:07,45.65152,-84.16630,12.5,112.8,110.0,ATLANTIC HURON,IMO8025680,VCQN,70,0,224,23,9.5,70,A
316206000,2022-01-02T19:03:38,44.01108,-82.38547,12.5,164.4,165.0,ATLANTIC HURON,IMO8025680,VCQN,70,0,224,23,9.5,70,A
316206000,2022-01-02T19:55:48,43.83503,-82.32123,12.6,165.2,165.0,ATLANTIC HURON,IMO8025680,VCQN,70,0,224,23,9.5,70,A
316206000,2022-01-02T08:25:27,45.64845,-84.15565,12.6,111.4,110.0,ATLANTIC HURON,IMO8025680,VCQN,70,0,224,23,9.5,70,A
316206000,2022-01-02T19:38:18,43.89424,-82.34264,12.6,165.0,165.0,ATLANTIC HURON,IMO8025680,VCQN,70,0,224,23,9.5,70,A
316206000,2022-01-02T19:44:08,43.87439,-82.33555,12.5,165.4,165.0,ATLANTIC HURON,IMO8025680,VCQN,70,0,224,23,9.5,70,A
316206000,2022-01-02T19:22:17,43.94826,-82.36223,12.5,165.2,164.0,ATLANTIC HURON,IMO8025680,VCQN,70,0,224,23,9.5,70,A
316206000,2022-01-02T19:45:18,43.87046,-82.33416,12.5,165.5,165.0,ATLANTIC HURON,IMO8025680,VCQN,70,0,224,23,9.5,70,A
316206000,2022-01-02T20:05:08,43.80366,-82.31400,12.2,186.4,186.0,ATLANTIC HURON,IMO8025680,VCQN,70,0,224,23,9.5,70,A
316206000,2022-01-02T19:24:29,43.94091,-82.35950,12.6,164.8,164.0,ATLANTIC HURON,IMO8025680,VCQN,70,0,224,23,9.5,70,A
316206000,2022-01-02T19:25:38,43.93698,-82.35806,12.6,165.3,165.0,ATLANTIC HURON,IMO8025680,VCQN,70,0,224,23,9.5,70,A
316206000,2022-01-02T19:42:57,43.87839,-82.33699,12.6,164.3,165.0,ATLANTIC HURON,IMO8025680,VCQN,70,0,224,23,9.5,70,A
316206000,2022-01-02T19:14:09,43.97569,-82.37241,12.4,165.9,164.0,ATLANTIC HURON,IMO8025680,VCQN,70,0,224,23,9.5,70,A
316206000,2022-01-02T19:26:49,43.93305,-82.35664,12.5,165.5,165.0,ATLANTIC HURON,IMO8025680,VCQN,70,0,224,23,9.5,70,A
316206000,2022-01-02T19:51:09,43.85079,-82.32700,12.5,165.3,164.0,ATLANTIC HURON,IMO8025680,VCQN,70,0,224,23,9.5,70,A
316206000,2022-01-02T19:10:39,43.98750,-82.37681,12.5,163.9,164.0,ATLANTIC HURON,IMO8025680,VCQN,70,0,224,23,9.5,70,A
316206000,2022-01-02T08:31:17,45.64080,-84.12866,12.7,111.6,110.0,ATLANTIC HURON,IMO8025680,VCQN,70,0,224,23,9.5,70,A
316206000,2022-01-02T19:53:28,43.84297,-82.32414,12.6,165.4,164.0,ATLANTIC HURON,IMO8025680,VCQN,70,0,224,23,9.5,70,A
316206000,2022-01-02T20:14:28,43.77157,-82.31857,12.3,187.1,186.0,ATLANTIC HURON,IMO8025680,VCQN,70,0,224,23,9.5,70,A
316206000,2022-01-02T19:54:38,43.83897,-82.32268,12.6,164.4,164.0,ATLANTIC HURON,IMO8025680,VCQN,70,0,224,23,9.5,70,A
316206000,2022-01-02T19:32:27,43.91404,-82.34982,12.6,165.0,164.0,ATLANTIC HURON,IMO8025680,VCQN,70,0,224,23,9.5,70,A
316206000,2022-01-02T19:48:48,43.85874,-82.32993,12.6,164.8,164.0,ATLANTIC HURON,IMO8025680,VCQN,70,0,224,23,9.5,70,A
316206000,2022-01-02T08:36:58,45.63321,-84.10207,12.6,111.6,110.0,ATLANTIC HURON,IMO8025680,VCQN,70,0,224,23,9.5,70,A
316206000,2022-01-02T19:33:38,43.91004,-82.34835,12.6,164.3,165.0,ATLANTIC HURON,IMO8025680,VCQN,70,0,224,23,9.5,70,A
316206000,2022-01-02T20:01:28,43.81593,-82.31421,12.4,163.0,167.0,ATLANTIC HURON,IMO8025680,VCQN,70,0,224,23,9.5,70,A
316206000,2022-01-02T19:39:27,43.89033,-82.34126,12.6,165.3,165.0,ATLANTIC HURON,IMO8025680,VCQN,70,0,224,23,9.5,70,A
316206000,2022-01-02T19:23:19,43.94485,-82.36096,12.5,163.5,164.0,ATLANTIC HURON,IMO8025680,VCQN,70,0,224,23,9.5,70,A
316206000,2022-01-02T19:40:38,43.88630,-82.33982,12.5,166.2,165.0,ATLANTIC HURON,IMO8025680,VCQN,70,0,224,23,9.5,70,A
316206000,2022-01-02T20:25:08,43.73483,-82.32390,12.6,186.7,186.0,ATLANTIC HURON,IMO8025680,VCQN,70,0,224,23,9.5,70,A
316206000,2022-01-02T19:59:08,43.82374,-82.31714,12.5,165.8,164.0,ATLANTIC HURON,IMO8025680,VCQN,70,0,224,23,9.5,70,A
316206000,2022-01-02T19:27:57,43.92918,-82.35523,12.6,164.4,165.0,ATLANTIC HURON,IMO8025680,VCQN,70,0,224,23,9.5,70,A
316206000,2022-01-02T19:31:18,43.91793,-82.35123,12.5,164.2,165.0,ATLANTIC HURON,IMO8025680,VCQN,70,0,224,23,9.5,70,A
316206000,2022-01-02T19:34:48,43.90604,-82.34690,12.6,165.6,164.0,ATLANTIC HURON,IMO8025680,VCQN,70,0,224,23,9.5,70,A
316206000,2022-01-02T20:06:17,43.79976,-82.31458,12.3,185.2,186.0,ATLANTIC HURON,IMO8025680,VCQN,70,0,224,23,9.5,70,A
316206000,2022-01-02T08:40:27,45.62857,-84.08584,12.8,112.1,110.0,ATLANTIC HURON,IMO8025680,VCQN,70,0,224,23,9.5,70,A
316206000,2022-01-02T19:35:58,43.90214,-82.34548,12.5,166.6,165.0,ATLANTIC HURON,IMO8025680,VCQN,70,0,224,23,9.5,70,A
316206000,2022-01-02T19:37:08,43.89814,-82.34403,12.6,164.6,165.0,ATLANTIC HURON,IMO8025680,VCQN,70,0,224,23,9.5,70,A
316206000,2022-01-02T20:08:37,43.79175,-82.31574,12.5,184.8,185.0,ATLANTIC HURON,IMO8025680,VCQN,70,0,224,23,9.5,70,A
316206000,2022-01-02T20:12:08,43.77960,-82.31742,12.3,186.2,186.0,ATLANTIC HURON,IMO8025680,VCQN,70,0,224,23,9.5,70,A
316206000,2022-01-02T19:57:59,43.82767,-82.31858,12.6,164.9,164.0,ATLANTIC HURON,IMO8025680,VCQN,70,0,224,23,9.5,70,A
316206000,2022-01-02T20:21:37,43.74695,-82.32207,12.5,186.7,186.0,ATLANTIC HURON,IMO8025680,VCQN,70,0,224,23,9.5,70,A
316206000,2022-01-02T20:00:17,43.81988,-82.31572,12.3,165.2,164.0,ATLANTIC HURON,IMO8025680,VCQN,70,0,224,23,9.5,70,A
316206000,2022-01-02T20:03:47,43.80819,-82.31335,12.0,185.1,186.0,ATLANTIC HURON,IMO8025680,VCQN,70,0,224,23,9.5,70,A
316206000,2022-01-02T19:49:59,43.85473,-82.32845,12.6,165.2,164.0,ATLANTIC HURON,IMO8025680,VCQN,70,0,224,23,9.5,70,A
316206000,2022-01-02T20:10:57,43.78369,-82.31683,12.6,185.3,186.0,ATLANTIC HURON,IMO8025680,VCQN,70,0,224,23,9.5,70,A
316206000,2022-01-02T08:46:08,45.62091,-84.05915,12.8,112.0,110.0,ATLANTIC HURON,IMO8025680,VCQN,70,0,224,23,9.5,70,A
316206000,2022-01-02T20:22:47,43.74289,-82.32270,12.5,186.7,186.0,ATLANTIC HURON,IMO8025680,VCQN,70,0,224,23,9.5,70,A
316206000,2022-01-02T20:33:28,43.70611,-82.32820,12.3,187.4,186.0,ATLANTIC HURON,IMO8025680,VCQN,70,0,224,23,9.5,70,A
316206000,2022-01-02T20:27:28,43.72683,-82.32504,12.3,186.6,186.0,ATLANTIC HURON,IMO8025680,VCQN,70,0,224,23,9.5,70,A
316206000,2022-01-02T20:13:17,43.77565,-82.31800,12.4,185.8,186.0,ATLANTIC HURON,IMO8025680,VCQN,70,0,224,23,9.5,70,A
316206000,2022-01-02T08:48:28,45.61773,-84.04817,12.8,112.4,110.0,ATLANTIC HURON,IMO8025680,VCQN,70,0,224,23,9.5,70,A
316206000,2022-01-02T20:55:48,43.62879,-82.33943,12.5,187.2,186.0,ATLANTIC HURON,IMO8025680,VCQN,70,0,224,23,9.5,70,A
316206000,2022-01-02T20:29:58,43.71818,-82.32631,12.4,186.4,186.0,ATLANTIC HURON,IMO8025680,VCQN,70,0,224,23,9.5,70,A
316206000,2022-01-02T20:56:58,43.62476,-82.33998,12.6,185.6,186.0,ATLANTIC HURON,IMO8025680,VCQN,70,0,224,23,9.5,70,A
316206000,2022-01-02T20:19:18,43.75500,-82.32089,12.3,187.2,186.0,ATLANTIC HURON,IMO8025680,VCQN,70,0,224,23,9.5,70,A
316206000,2022-01-02T20:59:17,43.61676,-82.34104,12.5,184.0,186.0,ATLANTIC HURON,IMO8025680,VCQN,70,0,224,23,9.5,70,A
316206000,2022-01-02T21:00:07,43.61381,-82.34143,12.6,185.2,186.0,ATLANTIC HURON,IMO8025680,VCQN,70,0,224,23,9.5,70,A
316206000,2022-01-02T20:09:48,43.78766,-82.31628,12.5,185.5,186.0,ATLANTIC HURON,IMO8025680,VCQN,70,0,224,23,9.5,70,A
316206000,2022-01-02T20:18:07,43.75902,-82.32032,12.3,185.8,186.0,ATLANTIC HURON,IMO8025680,VCQN,70,0,224,23,9.5,70,A
316206000,2022-01-02T20:47:38,43.65721,-82.33531,12.5,185.4,186.0,ATLANTIC HURON,IMO8025680,VCQN,70,0,224,23,9.5,70,A
316206000,2022-01-02T20:38:27,43.68895,-82.33077,12.5,184.8,186.0,ATLANTIC HURON,IMO8025680,VCQN,70,0,224,23,9.5,70,A
316206000,2022-01-02T20:39:37,43.68485,-82.33134,12.5,184.5,186.0,ATLANTIC HURON,IMO8025680,VCQN,70,0,224,23,9.5,70,A
316206000,2022-01-02T20:28:38,43.72283,-82.32564,12.4,186.9,186.0,ATLANTIC HURON,IMO8025680,VCQN,70,0,224,23,9.5,70,A
316206000,2022-01-02T20:23:58,43.73880,-82.32330,12.6,186.1,186.0,ATLANTIC HURON,IMO8025680,VCQN,70,0,224,23,9.5,70,A
316206000,2022-01-02T20:16:58,43.76298,-82.31978,12.5,186.0,186.0,ATLANTIC HURON,IMO8025680,VCQN,70,0,224,23,9.5,70,A
316206000,2022-01-02T20:53:18,43.63752,-82.33822,12.5,185.4,186.0,ATLANTIC HURON,IMO8025680,VCQN,70,0,224,23,9.5,70,A
316206000,2022-01-02T21:10:18,43.57870,-82.34635,12.4,185.9,186.0,ATLANTIC HURON,IMO8025680,VCQN,70,0,224,23,9.5,70,A
316206000,2022-01-02T20:54:37,43.63289,-82.33885,12.4,184.9,186.0,ATLANTIC HURON,IMO8025680,VCQN,70,0,224,23,9.5,70,A
316206000,2022-01-02T21:11:27,43.57473,-82.34694,12.5,186.1,187.0,ATLANTIC HURON,IMO8025680,VCQN,70,0,224,23,9.5,70,A
316206000,2022-01-02T08:58:39,45.60407,-84.00019,12.8,112.0,110.0,ATLANTIC HURON,IMO8025680,VCQN,70,0,224,23,9.5,70,A
316206000,2022-01-02T20:15:38,43.76763,-82.31913,12.3,186.0,186.0,ATLANTIC HURON,IMO8025680,VCQN,70,0,224,23,9.5,70,A
316206000,2022-01-02T21:17:28,43.55404,-82.35005,12.4,186.0,186.0,ATLANTIC HURON,IMO8025680,VCQN,70,0,224,23,9.5,70,A
316206000,2022-01-02T20:26:18,43.73082,-82.32448,12.4,184.7,186.0,ATLANTIC HURON,IMO8025680,VCQN,70,0,224,23,9.5,70,A
316206000,2022-01-02T21:01:08,43.61028,-82.34190,12.6,185.5,186.0,ATLANTIC HURON,IMO8025680,VCQN,70,0,224,23,9.5,70,A
316206000,2022-01-02T20:44:17,43.66873,-82.33362,12.5,186.0,186.0,ATLANTIC HURON,IMO8025680,VCQN,70,0,224,23,9.5,70,A
316206000,2022-01-02T20:46:29,43.66119,-82.33474,12.4,186.4,187.0,ATLANTIC HURON,IMO8025680,VCQN,70,0,224,23,9.5,70,A
316206000,2022-01-02T20:20:27,43.75100,-82.32148,12.4,185.9,186.0,ATLANTIC HURON,IMO8025680,VCQN,70,0,224,23,9.5,70,A
316206000,2022-01-02T21:06:49,43.59074,-82.34459,12.3,187.1,187.0,ATLANTIC HURON,IMO8025680,VCQN,70,0,224,23,9.5,70,A
316206000,2022-01-02T09:01:18,45.60050,-83.98772,12.7,111.6,110.0,ATLANTIC HURON,IMO8025680,VCQN,70,0,224,23,9.5,70,A
316206000,2022-01-02T20:34:58,43.70093,-82.32899,12.5,187.3,186.0,ATLANTIC HURON,IMO8025680,VCQN,70,0,224,23,9.5,70,A
316206000,2022-01-02T20:36:07,43.69696,-82.32957,12.5,186.3,186.0,ATLANTIC HURON,IMO8025680,VCQN,70,0,224,23,9.5,70,A
316206000,2022-01-02T20:48:49,43.65311,-82.33593,12.5,186.2,187.0,ATLANTIC HURON,IMO8025680,VCQN,70,0,224,23,9.5,70,A
316206000,2022-01-02T09:03:38,45.59739,-83.97690,12.7,112.2,110.0,ATLANTIC HURON,IMO8025680,VCQN,70,0,224,23,9.5,70,A
316206000,2022-01-02T20:41:58,43.67679,-82.33245,12.5,184.3,186.0,ATLANTIC HURON,IMO8025680,VCQN,70,0,224,23,9.5,70,A
316206000,2022-01-02T20:31:07,43.71422,-82.32693,12.5,187.0,186.0,ATLANTIC HURON,IMO8025680,VCQN,70,0,224,23,9.5,70,A
316206000,2022-01-02T20:43:07,43.67282,-82.33303,12.5,186.0,186.0,ATLANTIC HURON,IMO8025680,VCQN,70,0,224,23,9.5,70,A
316206000,2022-01-02T21:13:48,43.56662,-82.34823,12.4,185.9,186.0,ATLANTIC HURON,IMO8025680,VCQN,70,0,224,23,9.5,70,A
316206000,2022-01-02T09:04:48,45.59581,-83.97138,12.6,111.7,110.0,ATLANTIC HURON,IMO8025680,VCQN,70,0,224,23,9.5,70,A
316206000,2022-01-02T21:02:17,43.60636,-82.34243,12.4,185.7,186.0,ATLANTIC HURON,IMO8025680,VCQN,70,0,224,23,9.5,70,A
316206000,2022-01-02T21:36:58,43.48674,-82.35999,12.5,185.8,186.0,ATLANTIC HURON,IMO8025680,VCQN,70,0,224,23,9.5,70,A
316206000,2022-01-02T20:37:18,43.69293,-82.33017,12.4,185.8,186.0,ATLANTIC HURON,IMO8025680,VCQN,70,0,224,23,9.5,70,A
316206000,2022-01-02T20:49:57,43.64912,-82.33654,12.6,186.6,186.0,ATLANTIC HURON,IMO8025680,VCQN,70,0,224,23,9.5,70,A
316206000,2022-01-02T21:07:59,43.58674,-82.34517,12.4,186.1,187.0,ATLANTIC HURON,IMO8025680,VCQN,70,0,224,23,9.5,70,A
316206000,2022-01-02T21:03:19,43.60279,-82.34289,12.5,185.6,186.0,ATLANTIC HURON,IMO8025680,VCQN,70,0,224,23,9.5,70,A
316206000,2022-01-02T20:40:47,43.68082,-82.33189,12.5,185.8,186.0,ATLANTIC HURON,IMO8025680,VCQN,70,0,224,23,9.5,70,A
316206000,2022-01-02T20:58:07,43.62076,-82.34053,12.5,186.2,186.0,ATLANTIC HURON,IMO8025680,VCQN,70,0,224,23,9.5,70,A
316206000,2022-01-02T21:30:08,43.51040,-82.35660,12.4,185.9,186.0,ATLANTIC HURON,IMO8025680,VCQN,70,0,224,23,9.5,70,A
316206000,2022-01-02T21:14:59,43.56262,-82.34885,12.4,185.9,186.0,ATLANTIC HURON,IMO8025680,VCQN,70,0,224,23,9.5,70,A
316206000,2022-01-02T20:50:58,43.64558,-82.33706,12.6,186.4,186.0,ATLANTIC HURON,IMO8025680,VCQN,70,0,224,23,9.5,70,A
316206000,2022-01-02T21:31:18,43.50632,-82.35721,12.5,185.5,186.0,ATLANTIC HURON,IMO8025680,VCQN,70,0,224,23,9.5,70,A
316206000,2022-01-02T21:38:07,43.48271,-82.36058,12.4,186.4,186.0,ATLANTIC HURON,IMO8025680,VCQN,70,0,224,23,9.5,70,A
316206000,2022-01-02T21:40:29,43.47460,-82.36177,12.5,186.3,186.0,ATLANTIC HURON,IMO8025680,VCQN,70,0,224,23,9.5,70,A
316206000,2022-01-02T21:42:47,43.46659,-82.36296,12.5,185.8,187.0,ATLANTIC HURON,IMO8025680,VCQN,70,0,224,23,9.5,70,A
316206000,2022-01-02T21:20:57,43.54206,-82.35182,12.4,185.8,186.0,ATLANTIC HURON,IMO8025680,VCQN,70,0,224,23,9.5,70,A
316206000,2022-01-02T21:46:18,43.45462,-82.36469,12.3,185.7,186.0,ATLANTIC HURON,IMO8025680,VCQN,70,0,224,23,9.5,70,A
316206000,2022-01-02T21:24:29,43.52991,-82.35362,12.6,187.0,186.0,ATLANTIC HURON,IMO8025680,VCQN,70,0,224,23,9.5,70,A
316206000,2022-01-02T21:25:38,43.52593,-82.35422,12.4,187.1,187.0,ATLANTIC HURON,IMO8025680,VCQN,70,0,224,23,9.5,70,A
316206000,2022-01-02T22:02:37,43.39814,-82.37255,12.5,186.0,186.0,ATLANTIC HURON,IMO8025680,VCQN,70,0,224,23,9.5,70,A
316206000,2022-01-02T21:04:28,43.59882,-82.34341,12.4,185.6,187.0,ATLANTIC HURON,IMO8025680,VCQN,70,0,224,23,9.5,70,A
316206000,2022-01-02T21:27:57,43.51793,-82.35546,12.4,186.3,186.0,ATLANTIC HURON,IMO8025680,VCQN,70,0,224,23,9.5,70,A
316206000,2022-01-02T21:19:48,43.54608,-82.35121,12.4,186.0,186.0,ATLANTIC HURON,IMO8025680,VCQN,70,0,224,23,9.5,70,A
316206000,2022-01-02T21:45:08,43.45859,-82.36412,12.3,186.4,187.0,ATLANTIC HURON,IMO8025680,VCQN,70,0,224,23,9.5,70,A
316206000,2022-01-02T21:33:37,43.49830,-82.35835,12.5,186.2,186.0,ATLANTIC HURON,IMO8025680,VCQN,70,0,224,23,9.5,70,A
316206000,2022-01-02T21:26:47,43.52196,-82.35484,12.6,186.4,187.0,ATLANTIC HURON,IMO8025680,VCQN,70,0,224,23,9.5,70,A
316206000,2022-01-02T21:57:58,43.41433,-82.37033,12.4,185.2,186.0,ATLANTIC HURON,IMO8025680,VCQN,70,0,224,23,9.5,70,A
316206000,2022-01-02T21:59:18,43.40965,-82.37097,12.5,185.0,186.0,ATLANTIC HURON,IMO8025680,VCQN,70,0,224,23,9.5,70,A
316206000,2022-01-02T21:54:28,43.42643,-82.36861,12.4,186.5,187.0,ATLANTIC HURON,IMO8025680,VCQN,70,0,224,23,9.5,70,A
316206000,2022-01-02T21:56:48,43.41837,-82.36979,12.4,185.5,186.0,ATLANTIC HURON,IMO8025680,VCQN,70,0,224,23,9.5,70,A
316206000,2022-01-02T22:15:18,43.35421,-82.37869,12.6,185.5,186.0,ATLANTIC HURON,IMO8025680,VCQN,70,0,224,23,9.5,70,A
316206000,2022-01-02T21:41:37,43.47062,-82.36236,12.5,186.5,187.0,ATLANTIC HURON,IMO8025680,VCQN,70,0,224,23,9.5,70,A
316206000,2022-01-02T21:18:38,43.55003,-82.35062,12.3,186.3,186.0,ATLANTIC HURON,IMO8025680,VCQN,70,0,224,23,9.5,70,A
316206000,2022-01-02T21:43:57,43.46258,-82.36357,12.4,185.8,186.0,ATLANTIC HURON,IMO8025680,VCQN,70,0,224,23,9.5,70,A
316206000,2022-01-02T21:34:38,43.49478,-82.35886,12.5,186.3,186.0,ATLANTIC HURON,IMO8025680,VCQN,70,0,224,23,9.5,70,A
316206000,2022-01-02T22:04:57,43.39006,-82.37371,12.5,185.4,186.0,ATLANTIC HURON,IMO8025680,VCQN,70,0,224,23,9.5,70,A
316206000,2022-01-02T22:03:49,43.39403,-82.37313,12.5,186.6,187.0,ATLANTIC HURON,IMO8025680,VCQN,70,0,224,23,9.5,70,A
316206000,2022-01-02T21:47:28,43.45059,-82.36526,12.3,186.1,186.0,ATLANTIC HURON,IMO8025680,VCQN,70,0,224,23,9.5,70,A
316206000,2022-01-02T22:06:09,43.38597,-82.37431,12.4,186.0,187.0,ATLANTIC HURON,IMO8025680,VCQN,70,0,224,23,9.5,70,A
316206000,2022-01-02T21:39:19,43.47863,-82.36118,12.5,185.7,186.0,ATLANTIC HURON,IMO8025680,VCQN,70,0,224,23,9.5,70,A
316206000,2022-01-02T09:30:27,45.56195,-83.85102,12.8,112.9,111.0,ATLANTIC HURON,IMO8025680,VCQN,70,0,224,23,9.5,70,A
316206000,2022-01-02T21:55:39,43.42235,-82.36921,12.4,186.3,187.0,ATLANTIC HURON,IMO8025680,VCQN,70,0,224,23,9.5,70,A
316206000,2022-01-02T21:29:07,43.51385,-82.35605,12.4,186.8,187.0,ATLANTIC HURON,IMO8025680,VCQN,70,0,224,23,9.5,70,A
316206000,2022-01-02T21:48:37,43.44664,-82.36581,12.5,184.8,186.0,ATLANTIC HURON,IMO8025680,VCQN,70,0,224,23,9.5,70,A
316206000,2022-01-02T21:49:47,43.44259,-82.36635,12.5,185.1,186.0,ATLANTIC HURON,IMO8025680,VCQN,70,0,224,23,9.5,70,A
316206000,2022-01-02T21:50:59,43.43848,-82.36691,12.5,185.7,186.0,ATLANTIC HURON,IMO8025680,VCQN,70,0,224,23,9.5,70,A
316206000,2022-01-02T21:53:18,43.43046,-82.36802,12.4,185.3,186.0,ATLANTIC HURON,IMO8025680,VCQN,70,0,224,23,9.5,70,A
316206000,2022-01-02T22:01:29,43.40212,-82.37199,12.5,185.5,186.0,ATLANTIC HURON,IMO8025680,VCQN,70,0,224,23,9.5,70,A
316206000,2022-01-02T22:30:19,43.30231,-82.38554,12.4,185.5,186.0,ATLANTIC HURON,IMO8025680,VCQN,70,0,224,23,9.5,70,A
316206000,2022-01-02T22:08:39,43.37731,-82.37553,12.6,185.4,186.0,ATLANTIC HURON,IMO8025680,VCQN,70,0,224,23,9.5,70,A
316206000,2022-01-02T22:10:58,43.36927,-82.37662,12.5,185.5,186.0,ATLANTIC HURON,IMO8025680,VCQN,70,0,224,23,9.5,70,A
316206000,2022-01-02T22:07:18,43.38199,-82.37487,12.5,185.3,186.0,ATLANTIC HURON,IMO8025680,VCQN,70,0,224,23,9.5,70,A
316206000,2022-01-02T22:13:09,43.36169,-82.37766,12.4,186.1,186.0,ATLANTIC HURON,IMO8025680,VCQN,70,0,224,23,9.5,70,A
316206000,2022-01-02T22:32:48,43.29371,-82.38660,12.5,184.9,186.0,ATLANTIC HURON,IMO8025680,VCQN,70,0,224,23,9.5,70,A
316206000,2022-01-02T22:14:17,43.35775,-82.37821,12.5,186.1,186.0,ATLANTIC HURON,IMO8025680,VCQN,70,0,224,23,9.5,70,A
316206000,2022-01-02T22:16:28,43.35010,-82.37925,12.5,186.5,186.0,ATLANTIC HURON,IMO8025680,VCQN,70,0,224,23,9.5,70,A
316206000,2022-01-02T21:52:08,43.43448,-82.36746,12.6,185.5,186.0,ATLANTIC HURON,IMO8025680,VCQN,70,0,224,23,9.5,70,A
316206000,2022-01-02T22:22:08,43.33052,-82.38197,12.3,185.7,186.0,ATLANTIC HURON,IMO8025680,VCQN,70,0,224,23,9.5,70,A
316206000,2022-01-02T22:17:38,43.34605,-82.37980,12.6,185.1,187.0,ATLANTIC HURON,IMO8025680,VCQN,70,0,224,23,9.5,70,A
316206000,2022-01-02T22:26:49,43.31439,-82.38402,12.5,185.5,186.0,ATLANTIC HURON,IMO8025680,VCQN,70,0,224,23,9.5,70,A
316206000,2022-01-02T09:41:47,45.54676,-83.79813,12.7,111.5,110.0,ATLANTIC HURON,IMO8025680,VCQN,70,0,224,23,9.5,70,A
316206000,2022-01-02T22:24:28,43.32250,-82.38301,12.5,185.3,187.0,ATLANTIC HURON,IMO8025680,VCQN,70,0,224,23,9.5,70,A
316206000,2022-01-02T22:31:38,43.29775,-82.38609,12.5,185.6,186.0,ATLANTIC HURON,IMO8025680,VCQN,70,0,224,23,9.5,70,A
316206000,2022-01-02T22:49:17,43.23770,-82.39378,12.0,185.3,187.0,ATLANTIC HURON,IMO8025680,VCQN,70,0,224,23,9.5,70,A
316206000,2022-01-02T22:52:48,43.22599,-82.39534,11.9,185.5,186.0,ATLANTIC HURON,IMO8025680,VCQN,70,0,224,23,9.5,70,A
316206000,2022-01-02T22:27:58,43.31036,-82.38454,12.5,184.6,186.0,ATLANTIC HURON,IMO8025680,VCQN,70,0,224,23,9.5,70,A
316206000,2022-01-02T22:29:07,43.30639,-82.38503,12.4,185.5,186.0,ATLANTIC HURON,IMO8025680,VCQN,70,0,224,23,9.5,70,A
316206000,2022-01-02T22:51:37,43.22994,-82.39481,12.0,185.6,187.0,ATLANTIC HURON,IMO8025680,VCQN,70,0,224,23,9.5,70,A
316206000,2022-01-02T23:12:38,43.16029,-82.40220,11.9,185.3,187.0,ATLANTIC HURON,IMO8025680,VCQN,70,0,224,23,9.5,70,A
316206000,2022-01-02T22:38:48,43.27327,-82.38911,12.2,184.9,186.0,ATLANTIC HURON,IMO8025680,VCQN,70,0,224,23,9.5,70,A
316206000,2022-01-02T22:33:58,43.28972,-82.38706,12.2,184.8,186.0,ATLANTIC HURON,IMO8025680,VCQN,70,0,224,23,9.5,70,A
316206000,2022-01-02T09:46:27,45.54051,-83.77627,12.7,111.8,110.0,ATLANTIC HURON,IMO8025680,VCQN,70,0,224,23,9.5,70,A
316206000,2022-01-02T23:17:28,43.14453,-82.40415,11.7,184.6,186.0,ATLANTIC HURON,IMO8025680,VCQN,70,0,224,23,9.5,70,A
316206000,2022-01-02T22:35:18,43.28523,-82.38762,12.2,185.2,186.0,ATLANTIC HURON,IMO8025680,VCQN,70,0,224,23,9.5,70,A
316206000,2022-01-02T23:18:38,43.14066,-82.40458,11.8,184.2,185.0,ATLANTIC HURON,IMO8025680,VCQN,70,0,224,23,9.5,70,A
316206000,2022-01-02T22:41:09,43.26528,-82.39016,12.4,185.4,186.0,ATLANTIC HURON,IMO8025680,VCQN,70,0,224,23,9.5,70,A
316206000,2022-01-02T23:01:08,43.19826,-82.39830,11.8,184.1,184.0,ATLANTIC HURON,IMO8025680,VCQN,70,0,224,23,9.5,70,A
316206000,2022-01-02T22:18:48,43.34207,-82.38038,12.4,185.6,186.0,ATLANTIC HURON,IMO8025680,VCQN,70,0,224,23,9.5,70,A
316206000,2022-01-02T22:42:18,43.26130,-82.39068,12.3,185.7,186.0,ATLANTIC HURON,IMO8025680,VCQN,70,0,224,23,9.5,70,A
316206000,2022-01-02T22:19:49,43.33856,-82.38087,12.4,186.2,187.0,ATLANTIC HURON,IMO8025680,VCQN,70,0,224,23,9.5,70,A
316206000,2022-01-02T23:22:07,43.12940,-82.40583,11.5,184.9,187.0,ATLANTIC HURON,IMO8025680,VCQN,70,0,224,23,9.5,70,A
316206000,2022-01-02T22:20:57,43.33460,-82.38143,12.5,185.3,186.0,ATLANTIC HURON,IMO8025680,VCQN,70,0,224,23,9.5,70,A
316206000,2022-01-02T23:03:27,43.19055,-82.39895,11.9,183.7,184.0,ATLANTIC HURON,IMO8025680,VCQN,70,0,224,23,9.5,70,A
316206000,2022-01-02T22:45:48,43.24943,-82.39220,12.1,186.1,187.0,ATLANTIC HURON,IMO8025680,VCQN,70,0,224,23,9.5,70,A
316206000,2022-01-02T23:11:27,43.16418,-82.40168,11.9,185.6,186.0,ATLANTIC HURON,IMO8025680,VCQN,70,0,224,23,9.5,70,A
316206000,2022-01-02T23:05:38,43.18331,-82.39953,11.8,183.0,184.0,ATLANTIC HURON,IMO8025680,VCQN,70,0,224,23,9.5,70,A
316206000,2022-01-02T23:06:49,43.17944,-82.39984,12.0,183.4,184.0,ATLANTIC HURON,IMO8025680,VCQN,70,0,224,23,9.5,70,A
316206000,2022-01-02T22:48:07,43.24167,-82.39324,12.1,186.0,187.0,ATLANTIC HURON,IMO8025680,VCQN,70,0,224,23,9.5,70,A
316206000,2022-01-02T22:50:27,43.23380,-82.39429,12.1,185.9,187.0,ATLANTIC HURON,IMO8025680,VCQN,70,0,224,23,9.5,70,A
316206000,2022-01-02T09:52:17,45.53272,-83.74890,12.8,111.7,110.0,ATLANTIC HURON,IMO8025680,VCQN,70,0,224,23,9.5,70,A
316206000,2022-01-02T22:55:09,43.21813,-82.39640,12.0,185.6,186.0,ATLANTIC HURON,IMO8025680,VCQN,70,0,224,23,9.5,70,A
316206000,2022-01-02T23:33:38,43.09251,-82.41126,11.7,185.2,187.0,ATLANTIC HURON,IMO8025680,VCQN,70,0,224,23,9.5,70,A
316206000,2022-01-02T22:57:38,43.20982,-82.39750,12.0,184.4,185.0,ATLANTIC HURON,IMO8025680,VCQN,70,0,224,23,9.5,70,A
316206000,2022-01-02T23:34:48,43.08882,-82.41178,11.5,185.8,187.0,ATLANTIC HURON,IMO8025680,VCQN,70,0,224,23,9.5,70,A
316206000,2022-01-02T22:53:58,43.22203,-82.39587,12.1,185.9,186.0,ATLANTIC HURON,IMO8025680,VCQN,70,0,224,23,9.5,70,A
316206000,2022-01-02T23:16:18,43.14834,-82.40373,11.7,185.5,185.0,ATLANTIC HURON,IMO8025680,VCQN,70,0,224,23,9.5,70,A
316206000,2022-01-02T22:56:18,43.21429,-82.39691,12.0,184.7,186.0,ATLANTIC HURON,IMO8025680,VCQN,70,0,224,23,9.5,70,A
316206000,2022-01-02T22:59:58,43.20202,-82.39806,11.9,182.1,183.0,ATLANTIC HURON,IMO8025680,VCQN,70,0,224,23,9.5,70,A
316206000,2022-01-02T23:00:07,43.20153,-82.39808,11.9,181.3,183.0,ATLANTIC HURON,IMO8025680,VCQN,70,0,224,23,9.5,70,A
316206000,2022-01-02T22:36:27,43.28128,-82.38810,12.3,185.4,186.0,ATLANTIC HURON,IMO8025680,VCQN,70,0,224,23,9.5,70,A
316206000,2022-01-02T23:02:18,43.19442,-82.39862,11.9,183.7,184.0,ATLANTIC HURON,IMO8025680,VCQN,70,0,224,23,9.5,70,A
316206000,2022-01-02T22:39:57,43.26939,-82.38962,12.3,185.5,186.0,ATLANTIC HURON,IMO8025680,VCQN,70,0,224,23,9.5,70,A
316206000,2022-01-02T23:41:38,43.06705,-82.41466,11.4,185.3,185.0,ATLANTIC HURON,IMO8025680,VCQN,70,0,224,23,9.5,70,A
316206000,2022-01-02T23:07:58,43.17562,-82.40018,12.0,184.3,185.0,ATLANTIC HURON,IMO8025680,VCQN,70,0,224,23,9.5,70,A
316206000,2022-01-02T22:44:37,43.25350,-82.39166,12.2,184.9,186.0,ATLANTIC HURON,IMO8025680,VCQN,70,0,224,23,9.5,70,A
316206000,2022-01-02T09:56:47,45.52667,-83.72771,12.9,111.8,110.0,ATLANTIC HURON,IMO8025680,VCQN,70,0,224,23,9.5,70,A
316206000,2022-01-02T23:09:07,43.17180,-82.40063,11.7,185.5,187.0,ATLANTIC HURON,IMO8025680,VCQN,70,0,224,23,9.5,70,A
316206000,2022-01-02T23:04:28,43.18723,-82.39922,11.9,182.8,184.0,ATLANTIC HURON,IMO8025680,VCQN,70,0,224,23,9.5,70,A
316206000,2022-01-02T23:30:09,43.10376,-82.40974,11.6,185.1,186.0,ATLANTIC HURON,IMO8025680,VCQN,70,0,224,23,9.5,70,A
316206000,2022-01-02T23:10:18,43.16795,-82.40116,11.8,186.7,187.0,ATLANTIC HURON,IMO8025680,VCQN,70,0,224,23,9.5,70,A
316206000,2022-01-02T23:38:08,43.07820,-82.41326,11.4,185.4,186.0,ATLANTIC HURON,IMO8025680,VCQN,70,0,224,23,9.5,70,A
316206000,2022-01-02T23:39:18,43.07450,-82.41374,11.4,185.9,187.0,ATLANTIC HURON,IMO8025680,VCQN,70,0,224,23,9.5,70,A
316206000,2022-01-02T23:42:49,43.06336,-82.41509,11.4,184.4,185.0,ATLANTIC HURON,IMO8025680,VCQN,70,0,224,23,9.5,70,A
316206000,2022-01-02T23:56:48,43.02295,-82.41620,9.0,180.8,180.0,ATLANTIC HURON,IMO8025680,VCQN,70,0,224,23,9.5,70,A
316206000,2022-01-02T23:40:28,43.07080,-82.41422,11.4,184.4,185.0,ATLANTIC HURON,IMO8025680,VCQN,70,0,224,23,9.5,70,A
316206000,2022-01-02T23:20:57,43.13317,-82.40540,11.7,184.5,185.0,ATLANTIC HURON,IMO8025680,VCQN,70,0,224,23,9.5,70,A
316206000,2022-01-02T23:13:48,43.15646,-82.40273,11.9,185.7,186.0,ATLANTIC HURON,IMO8025680,VCQN,70,0,224,23,9.5,70,A
316206000,2022-01-02T23:24:28,43.12187,-82.40700,11.5,185.8,187.0,ATLANTIC HURON,IMO8025680,VCQN,70,0,224,23,9.5,70,A
316206000,2022-01-02T23:26:47,43.11448,-82.40819,11.5,186.9,187.0,ATLANTIC HURON,IMO8025680,VCQN,70,0,224,23,9.5,70,A
316206000,2022-01-02T10:02:27,45.51909,-83.70107,12.8,111.8,110.0,ATLANTIC HURON,IMO8025680,VCQN,70,0,224,23,9.5,70,A
316206000,2022-01-02T23:27:48,43.11122,-82.40872,11.4,184.7,186.0,ATLANTIC HURON,IMO8025680,VCQN,70,0,224,23,9.5,70,A
316206000,2022-01-02T23:52:07,43.03495,-82.41599,9.6,181.2,181.0,ATLANTIC HURON,IMO8025680,VCQN,70,0,224,23,9.5,70,A
316206000,2022-01-02T23:47:29,43.04867,-82.41565,11.3,181.3,181.0,ATLANTIC HURON,IMO8025680,VCQN,70,0,224,23,9.5,70,A
316206000,2022-01-02T23:53:19,43.03180,-82.41607,9.3,181.2,182.0,ATLANTIC HURON,IMO8025680,VCQN,70,0,224,23,9.5,70,A
316206000,2022-01-02T10:03:38,45.51754,-83.69559,12.7,111.8,110.0,ATLANTIC HURON,IMO8025680,VCQN,70,0,224,23,9.5,70,A
316206000,2022-01-02T23:31:19,43.10001,-82.41025,11.5,185.5,186.0,ATLANTIC HURON,IMO8025680,VCQN,70,0,224,23,9.5,70,A
316206000,2022-01-02T23:50:58,43.03805,-82.41591,10.0,179.9,181.0,ATLANTIC HURON,IMO8025680,VCQN,70,0,224,23,9.5,70,A
316206000,2022-01-02T23:23:17,43.12563,-82.40641,11.5,186.6,187.0,ATLANTIC HURON,IMO8025680,VCQN,70,0,224,23,9.5,70,A
316206000,2022-01-02T23:25:38,43.11820,-82.40758,11.5,187.6,188.0,ATLANTIC HURON,IMO8025680,VCQN,70,0,224,23,9.5,70,A
316206000,2022-01-02T23:37:07,43.08138,-82.41281,11.5,186.0,186.0,ATLANTIC HURON,IMO8025680,VCQN,70,0,224,23,9.5,70,A
316206000,2022-01-02T23:55:38,43.02585,-82.41616,9.1,179.8,181.0,ATLANTIC HURON,IMO8025680,VCQN,70,0,224,23,9.5,70,A
316206000,2022-01-02T23:28:58,43.10749,-82.40921,11.5,184.5,186.0,ATLANTIC HURON,IMO8025680,VCQN,70,0,224,23,9.5,70,A
316206000,2022-01-02T23:14:58,43.15270,-82.40324,11.9,183.7,186.0,ATLANTIC HURON,IMO8025680,VCQN,70,0,224,23,9.5,70,A
316206000,2022-01-02T23:43:58,43.05968,-82.41553,11.4,183.4,182.0,ATLANTIC HURON,IMO8025680,VCQN,70,0,224,23,9.5,70,A
316206000,2022-01-02T23:32:27,43.09637,-82.41074,11.5,186.4,187.0,ATLANTIC HURON,IMO8025680,VCQN,70,0,224,23,9.5,70,A
316206000,2022-01-02T23:19:48,43.13691,-82.40500,11.7,185.5,185.0,ATLANTIC HURON,IMO8025680,VCQN,70,0,224,23,9.5,70,A
316206000,2022-01-02T23:45:08,43.05605,-82.41553,11.3,178.1,180.0,ATLANTIC HURON,IMO8025680,VCQN,70,0,224,23,9.5,70,A
316206000,2022-01-02T23:54:28,43.02881,-82.41615,9.0,179.1,181.0,ATLANTIC HURON,IMO8025680,VCQN,70,0,224,23,9.5,70,A
316206000,2022-01-02T23:35:58,43.08509,-82.41229,11.6,185.9,187.0,ATLANTIC HURON,IMO8025680,VCQN,70,0,224,23,9.5,70,A
316206000,2022-01-02T10:19:37,45.49612,-83.62041,12.9,112.8,110.0,ATLANTIC HURON,IMO8025680,VCQN,70,0,224,23,9.5,70,A
316206000,2022-01-02T23:57:59,43.01995,-82.41621,9.1,179.3,180.0,ATLANTIC HURON,IMO8025680,VCQN,70,0,224,23,9.5,70,A
316206000,2022-01-02T23:59:08,43.01703,-82.41624,9.1,180.7,181.0,ATLANTIC HURON,IMO8025680,VCQN,70,0,224,23,9.5,70,A
316206000,2022-01-02T23:48:38,43.04499,-82.41573,11.3,181.1,181.0,ATLANTIC HURON,IMO8025680,VCQN,70,0,224,23,9.5,70,A
316206000,2022-01-02T10:37:58,45.47168,-83.53393,12.8,112.3,110.0,ATLANTIC HURON,IMO8025680,VCQN,70,0,224,23,9.5,70,A
316206000,2022-01-02T10:41:28,45.46710,-83.51748,12.7,111.2,110.0,ATLANTIC HURON,IMO8025680,VCQN,70,0,224,23,9.5,70,A
316206000,2022-01-02T10:51:57,45.45314,-83.46855,12.7,112.1,110.0,ATLANTIC HURON,IMO8025680,VCQN,70,0,224,23,9.5,70,A
316206000,2022-01-02T10:55:18,45.44866,-83.45284,12.7,111.7,110.0,ATLANTIC HURON,IMO8025680,VCQN,70,0,224,23,9.5,70,A
316206000,2022-01-02T11:24:28,45.41008,-83.31673,12.7,111.4,110.0,ATLANTIC HURON,IMO8025680,VCQN,70,0,224,23,9.5,70,A
316206000,2022-01-02T11:50:59,45.37371,-83.19472,12.7,112.7,110.0,ATLANTIC HURON,IMO8025680,VCQN,70,0,224,23,9.5,70,A
316206000,2022-01-02T11:57:58,45.36444,-83.16263,12.6,111.8,110.0,ATLANTIC HURON,IMO8025680,VCQN,70,0,224,23,9.5,70,A
316206000,2022-01-02T12:06:59,45.35278,-83.12127,12.5,111.6,109.0,ATLANTIC HURON,IMO8025680,VCQN,70,0,224,23,9.5,70,A
316206000,2022-01-02T12:12:37,45.34147,-83.10189,11.7,161.6,160.0,ATLANTIC HURON,IMO8025680,VCQN,70,0,224,23,9.5,70,A
316206000,2022-01-02T12:19:27,45.31920,-83.09136,12.5,160.8,160.0,ATLANTIC HURON,IMO8025680,VCQN,70,0,224,23,9.5,70,A
316206000,2022-01-02T12:20:39,45.31526,-83.08949,12.7,161.2,160.0,ATLANTIC HURON,IMO8025680,VCQN,70,0,224,23,9.5,70,A
316206000,2022-01-02T12:30:08,45.28371,-83.07368,12.7,160.5,159.0,ATLANTIC HURON,IMO8025680,VCQN,70,0,224,23,9.5,70,A
316206000,2022-01-02T12:33:39,45.27218,-83.06779,12.5,160.3,159.0,ATLANTIC HURON,IMO8025680,VCQN,70,0,224,23,9.5,70,A
316206000,2022-01-02T12:55:37,45.19917,-83.03151,12.5,159.8,159.0,ATLANTIC HURON,IMO8025680,VCQN,70,0,224,23,9.5,70,A
316206000,2022-01-02T13:05:58,45.16513,-83.01404,12.5,160.1,159.0,ATLANTIC HURON,IMO8025680,VCQN,70,0,224,23,9.5,70,A
316206000,2022-01-02T13:07:08,45.16130,-83.01208,12.4,160.0,159.0,ATLANTIC HURON,IMO8025680,VCQN,70,0,224,23,9.5,70,A
316206000,2022-01-02T13:12:58,45.14207,-83.00271,12.5,161.9,161.0,ATLANTIC HURON,IMO8025680,VCQN,70,0,224,23,9.5,70,A
316206000,2022-01-02T13:14:08,45.13826,-83.00093,12.5,161.2,161.0,ATLANTIC HURON,IMO8025680,VCQN,70,0,224,23,9.5,70,A
316206000,2022-01-02T13:15:17,45.13440,-82.99910,12.6,160.7,161.0,ATLANTIC HURON,IMO8025680,VCQN,70,0,224,23,9.5,70,A
316206000,2022-01-02T13:36:07,45.06528,-82.96735,12.4,161.6,161.0,ATLANTIC HURON,IMO8025680,VCQN,70,0,224,23,9.5,70,A
316206000,2022-01-02T13:48:28,45.02484,-82.94689,12.4,159.5,160.0,ATLANTIC HURON,IMO8025680,VCQN,70,0,224,23,9.5,70,A
316206000,2022-01-02T13:49:38,45.02096,-82.94499,12.4,161.1,160.0,ATLANTIC HURON,IMO8025680,VCQN,70,0,224,23,9.5,70,A
316206000,2022-01-02T14:01:18,44.98257,-82.92630,12.5,160.3,160.0,ATLANTIC HURON,IMO8025680,VCQN,70,0,224,23,9.5,70,A
316206000,2022-01-02T14:14:07,44.94064,-82.90532,12.4,160.1,159.0,ATLANTIC HURON,IMO8025680,VCQN,70,0,224,23,9.5,70,A
316206000,2022-01-02T14:16:28,44.93295,-82.90142,12.5,159.9,159.0,ATLANTIC HURON,IMO8025680,VCQN,70,0,224,23,9.5,70,A
316206000,2022-01-02T14:22:08,44.91443,-82.89203,12.6,160.3,159.0,ATLANTIC HURON,IMO8025680,VCQN,70,0,224,23,9.5,70,A
316206000,2022-01-02T14:25:37,44.90296,-82.88618,12.6,160.2,159.0,ATLANTIC HURON,IMO8025680,VCQN,70,0,224,23,9.5,70,A
316206000,2022-01-02T14:33:37,44.87653,-82.87324,12.5,161.8,160.0,ATLANTIC HURON,IMO8025680,VCQN,70,0,224,23,9.5,70,A
316206000,2022-01-02T14:37:08,44.86491,-82.86782,12.4,163.1,160.0,ATLANTIC HURON,IMO8025680,VCQN,70,0,224,23,9.5,70,A
316206000,2022-01-02T14:47:38,44.83043,-82.85144,12.4,161.2,160.0,ATLANTIC HURON,IMO8025680,VCQN,70,0,224,23,9.5,70,A
316206000,2022-01-02T15:20:58,44.72062,-82.79849,12.5,160.2,159.0,ATLANTIC HURON,IMO8025680,VCQN,70,0,224,23,9.5,70,A
316206000,2022-01-02T15:23:19,44.71296,-82.79476,12.4,160.4,159.0,ATLANTIC HURON,IMO8025680,VCQN,70,0,224,23,9.5,70,A
316206000,2022-01-02T15:28:58,44.69433,-82.78557,12.4,160.1,159.0,ATLANTIC HURON,IMO8025680,VCQN,70,0,224,23,9.5,70,A
316206000,2022-01-02T16:01:19,44.58796,-82.73493,12.6,161.1,159.0,ATLANTIC HURON,IMO8025680,VCQN,70,0,224,23,9.5,70,A
316206000,2022-01-02T16:05:58,44.57254,-82.72744,12.6,160.7,158.0,ATLANTIC HURON,IMO8025680,VCQN,70,0,224,23,9.5,70,A
316206000,2022-01-02T16:10:39,44.55740,-82.71941,12.3,157.7,158.0,ATLANTIC HURON,IMO8025680,VCQN,70,0,224,23,9.5,70,A
316206000,2022-01-02T16:12:59,44.54985,-82.71536,12.4,159.3,159.0,ATLANTIC HURON,IMO8025680,VCQN,70,0,224,23,9.5,70,A
316206000,2022-01-02T16:28:08,44.50012,-82.69036,12.5,160.8,161.0,ATLANTIC HURON,IMO8025680,VCQN,70,0,224,23,9.5,70,A
316206000,2022-01-02T16:38:38,44.46525,-82.67450,12.6,163.4,161.0,ATLANTIC HURON,IMO8025680,VCQN,70,0,224,23,9.5,70,A
316206000,2022-01-02T16:57:27,44.40282,-82.64585,12.5,159.5,160.0,ATLANTIC HURON,IMO8025680,VCQN,70,0,224,23,9.5,70,A
316206000,2022-01-02T17:02:19,44.38678,-82.63788,12.5,161.0,160.0,ATLANTIC HURON,IMO8025680,VCQN,70,0,224,23,9.5,70,A
316206000,2022-01-02T17:17:28,44.33674,-82.61338,12.5,160.6,160.0,ATLANTIC HURON,IMO8025680,VCQN,70,0,224,23,9.5,70,A
316206000,2022-01-02T17:25:38,44.30965,-82.60011,12.6,159.3,160.0,ATLANTIC HURON,IMO8025680,VCQN,70,0,224,23,9.5,70,A
316206000,2022-01-02T17:29:07,44.29800,-82.59444,12.7,161.1,159.0,ATLANTIC HURON,IMO8025680,VCQN,70,0,224,23,9.5,70,A
316206000,2022-01-02T17:33:39,44.28296,-82.58694,12.7,161.1,159.0,ATLANTIC HURON,IMO8025680,VCQN,70,0,224,23,9.5,70,A
316206000,2022-01-02T17:35:58,44.27524,-82.58314,12.6,160.6,160.0,ATLANTIC HURON,IMO8025680,VCQN,70,0,224,23,9.5,70,A
316206000,2022-01-02T17:38:17,44.26745,-82.57937,12.7,161.7,160.0,ATLANTIC HURON,IMO8025680,VCQN,70,0,224,23,9.5,70,A
316206000,2022-01-02T17:39:27,44.26356,-82.57749,12.7,160.1,160.0,ATLANTIC HURON,IMO8025680,VCQN,70,0,224,23,9.5,70,A
316206000,2022-01-02T17:47:39,44.23643,-82.56461,12.6,161.3,160.0,ATLANTIC HURON,IMO8025680,VCQN,70,0,224,23,9.5,70,A
316206000,2022-01-02T17:56:47,44.20582,-82.55007,12.8,161.1,160.0,ATLANTIC HURON,IMO8025680,VCQN,70,0,224,23,9.5,70,A
316206000,2022-01-02T17:57:59,44.20185,-82.54821,12.7,161.4,160.0,ATLANTIC HURON,IMO8025680,VCQN,70,0,224,23,9.5,70,A
316206000,2022-01-02T18:00:08,44.19458,-82.54476,12.7,162.9,160.0,ATLANTIC HURON,IMO8025680,VCQN,70,0,224,23,9.5,70,A
316206000,2022-01-02T18:41:58,44.07623,-82.43189,12.6,136.8,134.0,ATLANTIC HURON,IMO8025680,VCQN,70,0,224,23,9.5,70,A
316206000,2022-01-02T18:56:18,44.03584,-82.39472,12.5,163.6,164.0,ATLANTIC HURON,IMO8025680,VCQN,70,0,224,23,9.5,70,A
316206000,2022-01-02T19:05:58,44.00321,-82.38261,12.5,165.3,165.0,ATLANTIC HURON,IMO8025680,VCQN,70,0,224,23,9.5,70,A
316206000,2022-01-02T19:15:19,43.97176,-82.37094,12.5,164.1,164.0,ATLANTIC HURON,IMO8025680,VCQN,70,0,224,23,9.5,70,A
316206000,2022-01-02T19:19:57,43.95605,-82.36512,12.3,164.9,164.0,ATLANTIC HURON,IMO8025680,VCQN,70,0,224,23,9.5,70,A
316206000,2022-01-02T19:21:07,43.95215,-82.36367,12.4,165.9,164.0,ATLANTIC HURON,IMO8025680,VCQN,70,0,224,23,9.5,70,A
316206000,2022-01-02T19:52:18,43.84691,-82.32556,12.4,166.1,165.0,ATLANTIC HURON,IMO8025680,VCQN,70,0,224,23,9.5,70,A
316206000,2022-01-02T19:56:58,43.83112,-82.31982,12.6,165.8,165.0,ATLANTIC HURON,IMO8025680,VCQN,70,0,224,23,9.5,70,A
316206000,2022-01-02T20:02:38,43.81208,-82.31317,12.0,175.2,181.0,ATLANTIC HURON,IMO8025680,VCQN,70,0,224,23,9.5,70,A
316206000,2022-01-02T20:07:27,43.79576,-82.31516,12.3,186.8,186.0,ATLANTIC HURON,IMO8025680,VCQN,70,0,224,23,9.5,70,A
316206000,2022-01-02T20:32:18,43.71020,-82.32756,12.5,185.9,186.0,ATLANTIC HURON,IMO8025680,VCQN,70,0,224,23,9.5,70,A
316206000,2022-01-02T20:45:18,43.66528,-82.33413,12.5,185.7,186.0,ATLANTIC HURON,IMO8025680,VCQN,70,0,224,23,9.5,70,A
316206000,2022-01-02T20:52:09,43.64153,-82.33766,12.5,186.3,186.0,ATLANTIC HURON,IMO8025680,VCQN,70,0,224,23,9.5,70,A
316206000,2022-01-02T21:05:38,43.59480,-82.34400,12.4,185.7,186.0,ATLANTIC HURON,IMO8025680,VCQN,70,0,224,23,9.5,70,A
316206000,2022-01-02T21:09:09,43.58273,-82.34576,12.4,185.7,187.0,ATLANTIC HURON,IMO8025680,VCQN,70,0,224,23,9.5,70,A
316206000,2022-01-02T21:12:39,43.57064,-82.34759,12.5,186.6,187.0,ATLANTIC HURON,IMO8025680,VCQN,70,0,224,23,9.5,70,A
316206000,2022-01-02T21:16:17,43.55810,-82.34947,12.4,185.8,186.0,ATLANTIC HURON,IMO8025680,VCQN,70,0,224,23,9.5,70,A
316206000,2022-01-02T21:22:07,43.53809,-82.35240,12.4,186.8,186.0,ATLANTIC HURON,IMO8025680,VCQN,70,0,224,23,9.5,70,A
316206000,2022-01-02T21:23:18,43.53401,-82.35301,12.4,186.2,186.0,ATLANTIC HURON,IMO8025680,VCQN,70,0,224,23,9.5,70,A
316206000,2022-01-02T21:32:27,43.50234,-82.35777,12.5,185.6,186.0,ATLANTIC HURON,IMO8025680,VCQN,70,0,224,23,9.5,70,A
316206000,2022-01-02T21:35:49,43.49073,-82.35943,12.5,186.1,186.0,ATLANTIC HURON,IMO8025680,VCQN,70,0,224,23,9.5,70,A
316206000,2022-01-02T22:00:18,43.40618,-82.37143,12.6,185.9,186.0,ATLANTIC HURON,IMO8025680,VCQN,70,0,224,23,9.5,70,A
316206000,2022-01-02T22:09:47,43.37332,-82.37607,12.5,185.8,186.0,ATLANTIC HURON,IMO8025680,VCQN,70,0,224,23,9.5,70,A
316206000,2022-01-02T22:11:59,43.36573,-82.37709,12.5,185.6,186.0,ATLANTIC HURON,IMO8025680,VCQN,70,0,224,23,9.5,70,A
316206000,2022-01-02T22:23:18,43.32654,-82.38249,12.5,185.9,187.0,ATLANTIC HURON,IMO8025680,VCQN,70,0,224,23,9.5,70,A
316206000,2022-01-02T22:25:38,43.31848,-82.38353,12.4,184.6,186.0,ATLANTIC HURON,IMO8025680,VCQN,70,0,224,23,9.5,70,A
316206000,2022-01-02T22:37:38,43.27732,-82.38859,12.3,185.5,186.0,ATLANTIC HURON,IMO8025680,VCQN,70,0,224,23,9.5,70,A
316206000,2022-01-02T22:43:28,43.25734,-82.39118,12.1,185.2,186.0,ATLANTIC HURON,IMO8025680,VCQN,70,0,224,23,9.5,70,A
316206000,2022-01-02T22:46:59,43.24548,-82.39273,12.2,186.0,187.0,ATLANTIC HURON,IMO8025680,VCQN,70,0,224,23,9.5,70,A
316206000,2022-01-02T22:58:48,43.20589,-82.39795,11.9,184.5,182.0,ATLANTIC HURON,IMO8025680,VCQN,70,0,224,23,9.5,70,A
316206000,2022-01-02T23:46:18,43.05239,-82.41555,11.3,181.4,182.0,ATLANTIC HURON,IMO8025680,VCQN,70,0,224,23,9.5,70,A
316206000,2022-01-02T23:49:48,43.04145,-82.41582,10.7,180.4,181.0,ATLANTIC HURON,IMO8025680,VCQN,70,0,224,23,9.5,70,A
316206000,2022-01-03T00:00:08,43.01447,-82.41628,9.3,181.2,181.0,ATLANTIC HURON,IMO8025680,VCQN,70,0,224,23,9.5,70,A
316206000,2022-01-03T00:01:18,43.01145,-82.41631,9.3,180.7,186.0,ATLANTIC HURON,IMO8025680,VCQN,70,0,224,23,9.5,70,A
316206000,2022-01-03T00:02:28,43.00846,-82.41680,9.0,196.0,205.0,ATLANTIC HURON,IMO8025680,VCQN,70,0,224,23,9.5,70,A
316206000,2022-01-03T00:03:39,43.00581,-82.41837,9.0,206.5,208.0,ATLANTIC HURON,IMO8025680,VCQN,70,0,224,23,9.5,70,A
316206000,2022-01-03T00:04:49,43.00310,-82.42033,9.9,207.7,207.0,ATLANTIC HURON,IMO8025680,VCQN,70,0,224,23,9.5,70,A
316206000,2022-01-03T00:05:58,43.00020,-82.42243,10.5,208.1,207.0,ATLANTIC HURON,IMO8025680,VCQN,70,0,224,23,9.5,70,A
316206000,2022-01-03T00:07:08,42.99715,-82.42459,10.6,203.8,193.0,ATLANTIC HURON,IMO8025680,VCQN,70,0,224,23,9.5,70,A
316206000,2022-01-03T00:08:19,42.99380,-82.42580,10.3,185.3,173.0,ATLANTIC HURON,IMO8025680,VCQN,70,0,224,23,9.5,70,A
316206000,2022-01-03T00:10:37,42.98763,-82.42395,9.7,152.8,149.0,ATLANTIC HURON,IMO8025680,VCQN,70,0,224,23,9.5,70,A
316206000,2022-01-03T00:12:57,42.98222,-82.41968,9.2,149.4,147.0,ATLANTIC HURON,IMO8025680,VCQN,70,0,224,23,9.5,70,A
316206000,2022-01-03T00:11:47,42.98484,-82.42189,9.8,149.5,146.0,ATLANTIC HURON,IMO8025680,VCQN,70,0,224,23,9.5,70,A
316206000,2022-01-03T00:14:08,42.97973,-82.41752,9.1,149.2,158.0,ATLANTIC HURON,IMO8025680,VCQN,70,0,224,23,9.5,70,A
316206000,2022-01-03T00:15:11,42.97733,-82.41610,8.5,166.9,180.0,ATLANTIC HURON,IMO8025680,VCQN,70,0,224,23,9.5,70,A
316206000,2022-01-03T00:16:18,42.97479,-82.41588,8.2,183.8,190.0,ATLANTIC HURON,IMO8025680,VCQN,70,0,224,23,9.5,70,A
316206000,2022-01-03T00:17:29,42.97209,-82.41634,8.2,191.7,194.0,ATLANTIC HURON,IMO8025680,VCQN,70,0,224,23,9.5,70,A
316206000,2022-01-03T00:18:37,42.96947,-82.41717,8.5,194.3,194.0,ATLANTIC HURON,IMO8025680,VCQN,70,0,224,23,9.5,70,A
316206000,2022-01-03T00:09:28,42.99055,-82.42547,9.9,166.9,157.0,ATLANTIC HURON,IMO8025680,VCQN,70,0,224,23,9.5,70,A
316206000,2022-01-03T00:19:47,42.96675,-82.41810,8.5,199.9,204.0,ATLANTIC HURON,IMO8025680,VCQN,70,0,224,23,9.5,70,A
316206000,2022-01-03T00:20:59,42.96419,-82.41969,8.5,208.5,210.0,ATLANTIC HURON,IMO8025680,VCQN,70,0,224,23,9.5,70,A
316206000,2022-01-03T00:22:07,42.96180,-82.42156,8.8,211.5,210.0,ATLANTIC HURON,IMO8025680,VCQN,70,0,224,23,9.5,70,A
316206000,2022-01-03T00:24:28,42.95665,-82.42571,9.3,209.3,209.0,ATLANTIC HURON,IMO8025680,VCQN,70,0,224,23,9.5,70,A
316206000,2022-01-03T00:26:38,42.95181,-82.42983,9.3,219.5,220.0,ATLANTIC HURON,IMO8025680,VCQN,70,0,224,23,9.5,70,A
316206000,2022-01-03T00:25:37,42.95403,-82.42784,9.4,212.3,213.0,ATLANTIC HURON,IMO8025680,VCQN,70,0,224,23,9.5,70,A
316206000,2022-01-03T00:27:49,42.94952,-82.43247,9.2,225.5,226.0,ATLANTIC HURON,IMO8025680,VCQN,70,0,224,23,9.5,70,A
316206000,2022-01-03T00:28:58,42.94743,-82.43532,9.3,224.5,225.0,ATLANTIC HURON,IMO8025680,VCQN,70,0,224,23,9.5,70,A
316206000,2022-01-03T00:31:18,42.94306,-82.44131,9.7,225.1,225.0,ATLANTIC HURON,IMO8025680,VCQN,70,0,224,23,9.5,70,A
316206000,2022-01-03T00:32:39,42.94044,-82.44482,9.8,223.7,225.0,ATLANTIC HURON,IMO8025680,VCQN,70,0,224,23,9.5,70,A
316206000,2022-01-03T00:30:09,42.94524,-82.43833,9.6,224.9,225.0,ATLANTIC HURON,IMO8025680,VCQN,70,0,224,23,9.5,70,A
316206000,2022-01-03T00:35:09,42.93524,-82.45074,9.7,214.3,214.0,ATLANTIC HURON,IMO8025680,VCQN,70,0,224,23,9.5,70,A
316206000,2022-01-03T00:33:58,42.93785,-82.44822,9.7,217.3,215.0,ATLANTIC HURON,IMO8025680,VCQN,70,0,224,23,9.5,70,A
316206000,2022-01-03T00:36:19,42.93259,-82.45308,9.6,208.5,205.0,ATLANTIC HURON,IMO8025680,VCQN,70,0,224,23,9.5,70,A
316206000,2022-01-03T00:38:48,42.92639,-82.45619,9.6,195.7,196.0,ATLANTIC HURON,IMO8025680,VCQN,70,0,224,23,9.5,70,A
316206000,2022-01-03T00:39:59,42.92330,-82.45736,9.8,194.9,195.0,ATLANTIC HURON,IMO8025680,VCQN,70,0,224,23,9.5,70,A
316206000,2022-01-03T00:41:08,42.92024,-82.45847,10.0,195.6,196.0,ATLANTIC HURON,IMO8025680,VCQN,70,0,224,23,9.5,70,A
316206000,2022-01-03T00:43:28,42.91395,-82.46079,9.9,194.2,196.0,ATLANTIC HURON,IMO8025680,VCQN,70,0,224,23,9.5,70,A
316206000,2022-01-03T00:42:18,42.91711,-82.45962,9.9,194.6,195.0,ATLANTIC HURON,IMO8025680,VCQN,70,0,224,23,9.5,70,A
316206000,2022-01-03T00:46:58,42.90519,-82.46459,9.2,200.8,202.0,ATLANTIC HURON,IMO8025680,VCQN,70,0,224,23,9.5,70,A
316206000,2022-01-03T00:48:07,42.90245,-82.46607,9.1,201.4,202.0,ATLANTIC HURON,IMO8025680,VCQN,70,0,224,23,9.5,70,A
316206000,2022-01-03T00:45:48,42.90801,-82.46320,9.3,197.1,200.0,ATLANTIC HURON,IMO8025680,VCQN,70,0,224,23,9.5,70,A
316206000,2022-01-03T00:44:37,42.91096,-82.46197,9.5,197.1,197.0,ATLANTIC HURON,IMO8025680,VCQN,70,0,224,23,9.5,70,A
316206000,2022-01-03T00:49:17,42.89975,-82.46754,9.1,201.9,202.0,ATLANTIC HURON,IMO8025680,VCQN,70,0,224,23,9.5,70,A
316206000,2022-01-03T00:50:27,42.89695,-82.46908,9.2,201.7,202.0,ATLANTIC HURON,IMO8025680,VCQN,70,0,224,23,9.5,70,A
316206000,2022-01-03T00:51:38,42.89417,-82.47061,9.3,202.4,201.0,ATLANTIC HURON,IMO8025680,VCQN,70,0,224,23,9.5,70,A
316206000,2022-01-03T00:52:48,42.89130,-82.47206,9.3,196.3,191.0,ATLANTIC HURON,IMO8025680,VCQN,70,0,224,23,9.5,70,A
316206000,2022-01-03T00:55:08,42.88525,-82.47296,9.6,179.9,179.0,ATLANTIC HURON,IMO8025680,VCQN,70,0,224,23,9.5,70,A
316206000,2022-01-03T00:23:18,42.95924,-82.42361,9.2,211.0,210.0,ATLANTIC HURON,IMO8025680,VCQN,70,0,224,23,9.5,70,A
316206000,2022-01-03T00:56:17,42.88215,-82.47293,9.7,179.2,179.0,ATLANTIC HURON,IMO8025680,VCQN,70,0,224,23,9.5,70,A
316206000,2022-01-03T00:58:38,42.87566,-82.47284,10.0,179.1,179.0,ATLANTIC HURON,IMO8025680,VCQN,70,0,224,23,9.5,70,A
316206000,2022-01-03T00:53:57,42.88836,-82.47284,9.4,185.7,181.0,ATLANTIC HURON,IMO8025680,VCQN,70,0,224,23,9.5,70,A
316206000,2022-01-03T00:57:28,42.87891,-82.47288,9.9,179.6,179.0,ATLANTIC HURON,IMO8025680,VCQN,70,0,224,23,9.5,70,A
316206000,2022-01-03T01:02:38,42.86458,-82.47159,9.9,172.4,173.0,ATLANTIC HURON,IMO8025680,VCQN,70,0,224,23,9.5,70,A
316206000,2022-01-03T01:04:57,42.85827,-82.47048,9.9,172.5,173.0,ATLANTIC HURON,IMO8025680,VCQN,70,0,224,23,9.5,70,A
316206000,2022-01-03T01:03:48,42.86142,-82.47103,10.0,172.7,173.0,ATLANTIC HURON,IMO8025680,VCQN,70,0,224,23,9.5,70,A
316206000,2022-01-03T01:06:09,42.85499,-82.46990,9.9,173.7,177.0,ATLANTIC HURON,IMO8025680,VCQN,70,0,224,23,9.5,70,A
316206000,2022-01-03T01:11:58,42.83975,-82.47398,9.4,205.8,208.0,ATLANTIC HURON,IMO8025680,VCQN,70,0,224,23,9.5,70,A
316206000,2022-01-03T01:07:18,42.85185,-82.46979,9.8,182.8,187.0,ATLANTIC HURON,IMO8025680,VCQN,70,0,224,23,9.5,70,A
316206000,2022-01-03T01:08:28,42.84868,-82.47037,9.6,192.2,193.0,ATLANTIC HURON,IMO8025680,VCQN,70,0,224,23,9.5,70,A
316206000,2022-01-03T01:09:38,42.84565,-82.47126,9.6,191.4,195.0,ATLANTIC HURON,IMO8025680,VCQN,70,0,224,23,9.5,70,A
316206000,2022-01-03T01:14:18,42.83427,-82.47773,9.4,207.2,208.0,ATLANTIC HURON,IMO8025680,VCQN,70,0,224,23,9.5,70,A
316206000,2022-01-03T01:10:48,42.84257,-82.47234,9.6,198.7,204.0,ATLANTIC HURON,IMO8025680,VCQN,70,0,224,23,9.5,70,A
316206000,2022-01-03T01:16:38,42.82870,-82.48162,9.6,203.1,197.0,ATLANTIC HURON,IMO8025680,VCQN,70,0,224,23,9.5,70,A
316206000,2022-01-03T01:21:18,42.81631,-82.48291,10.1,178.1,177.0,ATLANTIC HURON,IMO8025680,VCQN,70,0,224,23,9.5,70,A
316206000,2022-01-03T01:15:29,42.83150,-82.47966,9.7,207.0,207.0,ATLANTIC HURON,IMO8025680,VCQN,70,0,224,23,9.5,70,A
316206000,2022-01-03T01:22:27,42.81309,-82.48279,10.2,178.6,177.0,ATLANTIC HURON,IMO8025680,VCQN,70,0,224,23,9.5,70,A
316206000,2022-01-03T01:28:18,42.79725,-82.47810,10.3,158.9,160.0,ATLANTIC HURON,IMO8025680,VCQN,70,0,224,23,9.5,70,A
316206000,2022-01-03T01:18:58,42.82271,-82.48312,9.5,181.1,179.0,ATLANTIC HURON,IMO8025680,VCQN,70,0,224,23,9.5,70,A
316206000,2022-01-03T01:17:48,42.82574,-82.48279,9.5,189.7,184.0,ATLANTIC HURON,IMO8025680,VCQN,70,0,224,23,9.5,70,A
316206000,2022-01-03T00:37:27,42.92984,-82.45481,9.5,197.7,195.0,ATLANTIC HURON,IMO8025680,VCQN,70,0,224,23,9.5,70,A
316206000,2022-01-03T01:20:09,42.81954,-82.48304,9.8,178.3,178.0,ATLANTIC HURON,IMO8025680,VCQN,70,0,224,23,9.5,70,A
316206000,2022-01-03T01:24:48,42.80649,-82.48235,9.9,171.6,165.0,ATLANTIC HURON,IMO8025680,VCQN,70,0,224,23,9.5,70,A
316206000,2022-01-03T01:23:38,42.80975,-82.48268,10.2,179.3,176.0,ATLANTIC HURON,IMO8025680,VCQN,70,0,224,23,9.5,70,A
316206000,2022-01-03T01:33:08,42.78433,-82.47185,9.7,166.7,169.0,ATLANTIC HURON,IMO8025680,VCQN,70,0,224,23,9.5,70,A
316206000,2022-01-03T01:25:58,42.80341,-82.48123,9.8,160.5,160.0,ATLANTIC HURON,IMO8025680,VCQN,70,0,224,23,9.5,70,A
316206000,2022-01-03T01:27:08,42.80033,-82.47969,10.0,158.9,160.0,ATLANTIC HURON,IMO8025680,VCQN,70,0,224,23,9.5,70,A
316206000,2022-01-03T01:36:38,42.77527,-82.46937,9.3,168.9,169.0,ATLANTIC HURON,IMO8025680,VCQN,70,0,224,23,9.5,70,A
316206000,2022-01-03T01:29:27,42.79416,-82.47651,10.3,159.4,160.0,ATLANTIC HURON,IMO8025680,VCQN,70,0,224,23,9.5,70,A
316206000,2022-01-03T01:42:49,42.76111,-82.46759,7.4,187.1,195.0,ATLANTIC HURON,IMO8025680,VCQN,70,0,224,23,9.5,70,A
316206000,2022-01-03T01:43:58,42.75880,-82.46824,7.3,196.3,204.0,ATLANTIC HURON,IMO8025680,VCQN,70,0,224,23,9.5,70,A
316206000,2022-01-03T01:38:58,42.76949,-82.46792,8.7,168.4,171.0,ATLANTIC HURON,IMO8025680,VCQN,70,0,224,23,9.5,70,A
316206000,2022-01-03T01:34:18,42.78133,-82.47099,9.5,168.8,169.0,ATLANTIC HURON,IMO8025680,VCQN,70,0,224,23,9.5,70,A
316206000,2022-01-03T01:40:07,42.76686,-82.46738,8.1,175.3,180.0,ATLANTIC HURON,IMO8025680,VCQN,70,0,224,23,9.5,70,A
316206000,2022-01-03T01:45:08,42.75653,-82.46938,7.7,203.3,207.0,ATLANTIC HURON,IMO8025680,VCQN,70,0,224,23,9.5,70,A
316206000,2022-01-03T01:37:49,42.77233,-82.46862,9.0,169.7,170.0,ATLANTIC HURON,IMO8025680,VCQN,70,0,224,23,9.5,70,A
316206000,2022-01-03T01:35:28,42.77831,-82.47018,9.4,168.8,169.0,ATLANTIC HURON,IMO8025680,VCQN,70,0,224,23,9.5,70,A
316206000,2022-01-03T01:49:57,42.74567,-82.47675,10.0,208.1,208.0,ATLANTIC HURON,IMO8025680,VCQN,70,0,224,23,9.5,70,A
316206000,2022-01-03T01:51:08,42.74273,-82.47886,10.1,207.9,208.0,ATLANTIC HURON,IMO8025680,VCQN,70,0,224,23,9.5,70,A
316206000,2022-01-03T01:55:38,42.73130,-82.48529,9.6,187.1,186.0,ATLANTIC HURON,IMO8025680,VCQN,70,0,224,23,9.5,70,A
316206000,2022-01-03T01:48:48,42.74844,-82.47474,9.6,207.7,208.0,ATLANTIC HURON,IMO8025680,VCQN,70,0,224,23,9.5,70,A
316206000,2022-01-03T01:57:59,42.72495,-82.48597,9.9,184.3,185.0,ATLANTIC HURON,IMO8025680,VCQN,70,0,224,23,9.5,70,A
316206000,2022-01-03T01:46:17,42.75412,-82.47085,8.4,203.8,207.0,ATLANTIC HURON,IMO8025680,VCQN,70,0,224,23,9.5,70,A
316206000,2022-01-03T01:52:18,42.73980,-82.48094,10.0,207.1,208.0,ATLANTIC HURON,IMO8025680,VCQN,70,0,224,23,9.5,70,A
316206000,2022-01-03T01:47:39,42.75115,-82.47282,9.2,207.2,209.0,ATLANTIC HURON,IMO8025680,VCQN,70,0,224,23,9.5,70,A
316206000,2022-01-03T01:53:27,42.73693,-82.48296,10.1,207.3,205.0,ATLANTIC HURON,IMO8025680,VCQN,70,0,224,23,9.5,70,A
316206000,2022-01-03T02:00:08,42.71900,-82.48708,9.7,197.0,202.0,ATLANTIC HURON,IMO8025680,VCQN,70,0,224,23,9.5,70,A
316206000,2022-01-03T02:08:29,42.69752,-82.49931,10.0,197.2,196.0,ATLANTIC HURON,IMO8025680,VCQN,70,0,224,23,9.5,70,A
316206000,2022-01-03T01:59:08,42.72171,-82.48633,10.1,187.2,192.0,ATLANTIC HURON,IMO8025680,VCQN,70,0,224,23,9.5,70,A
316206000,2022-01-03T01:56:48,42.72814,-82.48568,9.7,184.1,184.0,ATLANTIC HURON,IMO8025680,VCQN,70,0,224,23,9.5,70,A
316206000,2022-01-03T02:05:59,42.70410,-82.49579,10.2,204.0,204.0,ATLANTIC HURON,IMO8025680,VCQN,70,0,224,23,9.5,70,A
316206000,2022-01-03T00:59:48,42.87245,-82.47281,10.0,176.6,174.0,ATLANTIC HURON,IMO8025680,VCQN,70,0,224,23,9.5,70,A
316206000,2022-01-03T02:02:28,42.71316,-82.49034,9.9,203.7,204.0,ATLANTIC HURON,IMO8025680,VCQN,70,0,224,23,9.5,70,A
316206000,2022-01-03T02:01:18,42.71609,-82.48860,9.7,202.7,204.0,ATLANTIC HURON,IMO8025680,VCQN,70,0,224,23,9.5,70,A
316206000,2022-01-03T01:00:08,42.87152,-82.47271,9.9,173.8,173.0,ATLANTIC HURON,IMO8025680,VCQN,70,0,224,23,9.5,70,A
316206000,2022-01-03T01:01:19,42.86826,-82.47222,10.0,172.9,173.0,ATLANTIC HURON,IMO8025680,VCQN,70,0,224,23,9.5,70,A
316206000,2022-01-03T02:03:39,42.71014,-82.49214,10.0,203.8,204.0,ATLANTIC HURON,IMO8025680,VCQN,70,0,224,23,9.5,70,A
316206000,2022-01-03T02:07:18,42.70066,-82.49787,10.2,202.1,199.0,ATLANTIC HURON,IMO8025680,VCQN,70,0,224,23,9.5,70,A
316206000,2022-01-03T02:04:48,42.70714,-82.49396,10.2,204.2,204.0,ATLANTIC HURON,IMO8025680,VCQN,70,0,224,23,9.5,70,A
316206000,2022-01-03T02:22:58,42.65967,-82.51149,9.8,178.1,177.0,ATLANTIC HURON,IMO8025680,VCQN,70,0,224,23,9.5,70,A
316206000,2022-01-03T02:10:48,42.69137,-82.50159,9.6,195.8,196.0,ATLANTIC HURON,IMO8025680,VCQN,70,0,224,23,9.5,70,A
316206000,2022-01-03T02:11:59,42.68835,-82.50277,9.6,195.8,197.0,ATLANTIC HURON,IMO8025680,VCQN,70,0,224,23,9.5,70,A
316206000,2022-01-03T02:15:07,42.68032,-82.50597,9.5,196.4,197.0,ATLANTIC HURON,IMO8025680,VCQN,70,0,224,23,9.5,70,A
316206000,2022-01-03T02:16:49,42.67600,-82.50769,9.7,196.4,196.0,ATLANTIC HURON,IMO8025680,VCQN,70,0,224,23,9.5,70,A
316206000,2022-01-03T02:13:59,42.68324,-82.50480,9.4,196.1,197.0,ATLANTIC HURON,IMO8025680,VCQN,70,0,224,23,9.5,70,A
316206000,2022-01-03T02:20:37,42.66595,-82.51140,9.7,187.5,181.0,ATLANTIC HURON,IMO8025680,VCQN,70,0,224,23,9.5,70,A
316206000,2022-01-03T02:21:47,42.66283,-82.51158,9.6,179.7,177.0,ATLANTIC HURON,IMO8025680,VCQN,70,0,224,23,9.5,70,A
316206000,2022-01-03T02:32:17,42.63476,-82.51230,9.6,188.6,189.0,ATLANTIC HURON,IMO8025680,VCQN,70,0,224,23,9.5,70,A
316206000,2022-01-03T02:25:17,42.65332,-82.51114,9.8,177.9,177.0,ATLANTIC HURON,IMO8025680,VCQN,70,0,224,23,9.5,70,A
316206000,2022-01-03T02:31:08,42.63782,-82.51170,9.4,188.0,188.0,ATLANTIC HURON,IMO8025680,VCQN,70,0,224,23,9.5,70,A
316206000,2022-01-03T01:13:09,42.83701,-82.47583,9.5,206.7,208.0,ATLANTIC HURON,IMO8025680,VCQN,70,0,224,23,9.5,70,A
316206000,2022-01-03T02:39:57,42.61483,-82.51853,9.2,197.6,202.0,ATLANTIC HURON,IMO8025680,VCQN,70,0,224,23,9.5,70,A
316206000,2022-01-03T02:26:28,42.65008,-82.51094,9.6,176.6,177.0,ATLANTIC HURON,IMO8025680,VCQN,70,0,224,23,9.5,70,A
316206000,2022-01-03T02:24:07,42.65647,-82.51132,9.9,177.8,177.0,ATLANTIC HURON,IMO8025680,VCQN,70,0,224,23,9.5,70,A
316206000,2022-01-03T02:35:48,42.62535,-82.51451,9.7,191.9,189.0,ATLANTIC HURON,IMO8025680,VCQN,70,0,224,23,9.5,70,A
316206000,2022-01-03T02:27:37,42.64701,-82.51073,9.6,177.2,179.0,ATLANTIC HURON,IMO8025680,VCQN,70,0,224,23,9.5,70,A
316206000,2022-01-03T02:29:58,42.64084,-82.51110,9.4,188.2,188.0,ATLANTIC HURON,IMO8025680,VCQN,70,0,224,23,9.5,70,A
316206000,2022-01-03T02:43:49,42.60639,-82.52479,8.7,222.9,227.0,ATLANTIC HURON,IMO8025680,VCQN,70,0,224,23,9.5,70,A
316206000,2022-01-03T02:33:27,42.63165,-82.51294,9.7,188.7,188.0,ATLANTIC HURON,IMO8025680,VCQN,70,0,224,23,9.5,70,A
316206000,2022-01-03T02:28:48,42.64385,-82.51069,9.5,181.9,186.0,ATLANTIC HURON,IMO8025680,VCQN,70,0,224,23,9.5,70,A
316206000,2022-01-03T02:34:37,42.62856,-82.51364,9.7,190.7,190.0,ATLANTIC HURON,IMO8025680,VCQN,70,0,224,23,9.5,70,A
316206000,2022-01-03T02:52:17,42.59228,-82.54676,9.4,228.7,225.0,ATLANTIC HURON,IMO8025680,VCQN,70,0,224,23,9.5,70,A
316206000,2022-01-03T02:42:17,42.60954,-82.52191,9.0,207.4,211.0,ATLANTIC HURON,IMO8025680,VCQN,70,0,224,23,9.5,70,A
316206000,2022-01-03T02:54:47,42.58742,-82.55261,9.4,219.2,218.0,ATLANTIC HURON,IMO8025680,VCQN,70,0,224,23,9.5,70,A
316206000,2022-01-03T02:41:07,42.61212,-82.52000,8.9,207.7,209.0,ATLANTIC HURON,IMO8025680,VCQN,70,0,224,23,9.5,70,A
316206000,2022-01-03T02:36:49,42.62270,-82.51521,9.6,191.8,194.0,ATLANTIC HURON,IMO8025680,VCQN,70,0,224,23,9.5,70,A
316206000,2022-01-03T02:47:28,42.60042,-82.53385,9.1,229.7,230.0,ATLANTIC HURON,IMO8025680,VCQN,70,0,224,23,9.5,70,A
316206000,2022-01-03T02:37:57,42.61977,-82.51635,9.4,198.7,198.0,ATLANTIC HURON,IMO8025680,VCQN,70,0,224,23,9.5,70,A
316206000,2022-01-03T02:48:39,42.59846,-82.53695,9.1,229.2,229.0,ATLANTIC HURON,IMO8025680,VCQN,70,0,224,23,9.5,70,A
316206000,2022-01-03T02:46:17,42.60234,-82.53085,9.0,229.3,229.0,ATLANTIC HURON,IMO8025680,VCQN,70,0,224,23,9.5,70,A
316206000,2022-01-03T02:49:47,42.59656,-82.53996,9.4,229.6,229.0,ATLANTIC HURON,IMO8025680,VCQN,70,0,224,23,9.5,70,A
316206000,2022-01-03T02:55:57,42.58485,-82.55527,9.9,216.3,217.0,ATLANTIC HURON,IMO8025680,VCQN,70,0,224,23,9.5,70,A
316206000,2022-01-03T01:30:38,42.79096,-82.47488,10.4,159.0,160.0,ATLANTIC HURON,IMO8025680,VCQN,70,0,224,23,9.5,70,A
316206000,2022-01-03T03:10:59,42.55168,-82.58812,9.4,222.9,235.0,ATLANTIC HURON,IMO8025680,VCQN,70,0,224,23,9.5,70,A
316206000,2022-01-03T01:31:57,42.78744,-82.47310,10.0,160.4,164.0,ATLANTIC HURON,IMO8025680,VCQN,70,0,224,23,9.5,70,A
316206000,2022-01-03T03:00:28,42.57581,-82.56683,10.0,227.3,227.0,ATLANTIC HURON,IMO8025680,VCQN,70,0,224,23,9.5,70,A
316206000,2022-01-03T02:51:07,42.59427,-82.54359,9.4,229.1,229.0,ATLANTIC HURON,IMO8025680,VCQN,70,0,224,23,9.5,70,A
316206000,2022-01-03T03:03:58,42.56917,-82.57653,10.0,220.5,217.0,ATLANTIC HURON,IMO8025680,VCQN,70,0,224,23,9.5,70,A
316206000,2022-01-03T03:05:09,42.56654,-82.57917,9.9,212.6,209.0,ATLANTIC HURON,IMO8025680,VCQN,70,0,224,23,9.5,70,A
316206000,2022-01-03T03:20:18,42.53988,-82.62001,11.0,245.3,245.0,ATLANTIC HURON,IMO8025680,VCQN,70,0,224,23,9.5,70,A
316206000,2022-01-03T03:06:17,42.56374,-82.58120,9.9,202.1,200.0,ATLANTIC HURON,IMO8025680,VCQN,70,0,224,23,9.5,70,A
316206000,2022-01-03T01:41:17,42.76426,-82.46726,7.7,181.0,186.0,ATLANTIC HURON,IMO8025680,VCQN,70,0,224,23,9.5,70,A
316206000,2022-01-03T02:59:07,42.57835,-82.56304,10.0,227.3,227.0,ATLANTIC HURON,IMO8025680,VCQN,70,0,224,23,9.5,70,A
316206000,2022-01-03T03:02:48,42.57140,-82.57338,10.1,228.0,227.0,ATLANTIC HURON,IMO8025680,VCQN,70,0,224,23,9.5,70,A
316206000,2022-01-03T03:15:39,42.54576,-82.60288,10.3,244.9,245.0,ATLANTIC HURON,IMO8025680,VCQN,70,0,224,23,9.5,70,A
316206000,2022-01-03T03:08:38,42.55749,-82.58424,10.4,198.4,200.0,ATLANTIC HURON,IMO8025680,VCQN,70,0,224,23,9.5,70,A
316206000,2022-01-03T02:57:07,42.58227,-82.55781,10.0,215.7,221.0,ATLANTIC HURON,IMO8025680,VCQN,70,0,224,23,9.5,70,A
316206000,2022-01-03T03:12:08,42.54992,-82.59130,9.1,239.9,244.0,ATLANTIC HURON,IMO8025680,VCQN,70,0,224,23,9.5,70,A
316206000,2022-01-03T03:32:47,42.52345,-82.66692,11.0,244.5,244.0,ATLANTIC HURON,IMO8025680,VCQN,70,0,224,23,9.5,70,A
316206000,2022-01-03T03:13:18,42.54852,-82.59496,9.5,243.1,245.0,ATLANTIC HURON,IMO8025680,VCQN,70,0,224,23,9.5,70,A
316206000,2022-01-03T03:23:48,42.53527,-82.63340,11.2,245.6,246.0,ATLANTIC HURON,IMO8025680,VCQN,70,0,224,23,9.5,70,A
316206000,2022-01-03T03:16:48,42.54434,-82.60699,10.4,245.0,245.0,ATLANTIC HURON,IMO8025680,VCQN,70,0,224,23,9.5,70,A
316206000,2022-01-03T03:19:07,42.54140,-82.61553,11.1,245.3,245.0,ATLANTIC HURON,IMO8025680,VCQN,70,0,224,23,9.5,70,A
316206000,2022-01-03T03:25:59,42.53236,-82.64167,11.1,244.2,244.0,ATLANTIC HURON,IMO8025680,VCQN,70,0,224,23,9.5,70,A
316206000,2022-01-03T03:21:27,42.53836,-82.62442,11.1,244.9,245.0,ATLANTIC HURON,IMO8025680,VCQN,70,0,224,23,9.5,70,A
316206000,2022-01-03T03:30:29,42.52647,-82.65833,10.8,244.9,244.0,ATLANTIC HURON,IMO8025680,VCQN,70,0,224,23,9.5,70,A
316206000,2022-01-03T01:54:37,42.73398,-82.48457,9.8,196.5,192.0,ATLANTIC HURON,IMO8025680,VCQN,70,0,224,23,9.5,70,A
316206000,2022-01-03T03:22:38,42.53681,-82.62892,11.3,245.1,245.0,ATLANTIC HURON,IMO8025680,VCQN,70,0,224,23,9.5,70,A
316206000,2022-01-03T03:17:58,42.54287,-82.61125,10.9,245.0,245.0,ATLANTIC HURON,IMO8025680,VCQN,70,0,224,23,9.5,70,A
316206000,2022-01-03T03:24:58,42.53372,-82.63787,11.3,243.9,244.0,ATLANTIC HURON,IMO8025680,VCQN,70,0,224,23,9.5,70,A
316206000,2022-01-03T03:45:38,42.50101,-82.70928,11.1,220.7,221.0,ATLANTIC HURON,IMO8025680,VCQN,70,0,224,23,9.5,70,A
316206000,2022-01-03T03:09:58,42.55398,-82.58605,10.1,205.4,215.0,ATLANTIC HURON,IMO8025680,VCQN,70,0,224,23,9.5,70,A
316206000,2022-01-03T03:29:27,42.52778,-82.65460,10.8,244.7,244.0,ATLANTIC HURON,IMO8025680,VCQN,70,0,224,23,9.5,70,A
316206000,2022-01-03T03:51:38,42.48682,-82.72587,11.3,220.7,222.0,ATLANTIC HURON,IMO8025680,VCQN,70,0,224,23,9.5,70,A
316206000,2022-01-03T03:27:17,42.53061,-82.64655,11.0,243.9,244.0,ATLANTIC HURON,IMO8025680,VCQN,70,0,224,23,9.5,70,A
316206000,2022-01-03T03:33:59,42.52191,-82.67130,10.9,243.6,245.0,ATLANTIC HURON,IMO8025680,VCQN,70,0,224,23,9.5,70,A
316206000,2022-01-03T03:38:38,42.51581,-82.68816,10.8,240.2,240.0,ATLANTIC HURON,IMO8025680,VCQN,70,0,224,23,9.5,70,A
316206000,2022-01-03T03:31:38,42.52495,-82.66263,10.9,244.6,245.0,ATLANTIC HURON,IMO8025680,VCQN,70,0,224,23,9.5,70,A
316206000,2022-01-03T03:36:18,42.51884,-82.67983,10.5,243.5,245.0,ATLANTIC HURON,IMO8025680,VCQN,70,0,224,23,9.5,70,A
316206000,2022-01-03T03:37:28,42.51733,-82.68402,10.6,244.3,244.0,ATLANTIC HURON,IMO8025680,VCQN,70,0,224,23,9.5,70,A
316206000,2022-01-03T03:35:08,42.52039,-82.67554,10.8,244.3,245.0,ATLANTIC HURON,IMO8025680,VCQN,70,0,224,23,9.5,70,A
316206000,2022-01-03T03:39:47,42.51392,-82.69228,11.2,239.0,239.0,ATLANTIC HURON,IMO8025680,VCQN,70,0,224,23,9.5,70,A
316206000,2022-01-03T04:00:07,42.46649,-82.74966,11.3,221.0,222.0,ATLANTIC HURON,IMO8025680,VCQN,70,0,224,23,9.5,70,A
316206000,2022-01-03T03:40:57,42.51189,-82.69634,11.2,229.8,227.0,ATLANTIC HURON,IMO8025680,VCQN,70,0,224,23,9.5,70,A
316206000,2022-01-03T04:02:28,42.46111,-82.75651,11.1,225.8,227.0,ATLANTIC HURON,IMO8025680,VCQN,70,0,224,23,9.5,70,A
316206000,2022-01-03T03:42:08,42.50926,-82.69980,11.2,220.0,221.0,ATLANTIC HURON,IMO8025680,VCQN,70,0,224,23,9.5,70,A
316206000,2022-01-03T03:28:18,42.52926,-82.65037,10.8,244.5,244.0,ATLANTIC HURON,IMO8025680,VCQN,70,0,224,23,9.5,70,A
316206000,2022-01-03T03:44:29,42.50370,-82.70613,11.2,221.3,221.0,ATLANTIC HURON,IMO8025680,VCQN,70,0,224,23,9.5,70,A
316206000,2022-01-03T04:04:48,42.45628,-82.76360,11.1,228.1,229.0,ATLANTIC HURON,IMO8025680,VCQN,70,0,224,23,9.5,70,A
316206000,2022-01-03T03:46:47,42.49829,-82.71245,11.0,220.8,221.0,ATLANTIC HURON,IMO8025680,VCQN,70,0,224,23,9.5,70,A
316206000,2022-01-03T03:47:57,42.49557,-82.71564,11.1,220.9,222.0,ATLANTIC HURON,IMO8025680,VCQN,70,0,224,23,9.5,70,A
316206000,2022-01-03T04:08:18,42.44902,-82.77453,11.1,227.9,229.0,ATLANTIC HURON,IMO8025680,VCQN,70,0,224,23,9.5,70,A
316206000,2022-01-03T03:49:17,42.49242,-82.71932,11.3,220.3,221.0,ATLANTIC HURON,IMO8025680,VCQN,70,0,224,23,9.5,70,A
316206000,2022-01-03T03:52:47,42.48406,-82.72911,11.4,221.1,222.0,ATLANTIC HURON,IMO8025680,VCQN,70,0,224,23,9.5,70,A
316206000,2022-01-03T04:10:37,42.44424,-82.78175,11.2,228.2,229.0,ATLANTIC HURON,IMO8025680,VCQN,70,0,224,23,9.5,70,A
316206000,2022-01-03T03:50:27,42.48965,-82.72257,11.3,221.1,221.0,ATLANTIC HURON,IMO8025680,VCQN,70,0,224,23,9.5,70,A
316206000,2022-01-03T03:53:58,42.48120,-82.73245,11.4,220.5,221.0,ATLANTIC HURON,IMO8025680,VCQN,70,0,224,23,9.5,70,A
316206000,2022-01-03T03:55:08,42.47843,-82.73569,11.3,220.8,222.0,ATLANTIC HURON,IMO8025680,VCQN,70,0,224,23,9.5,70,A
316206000,2022-01-03T03:56:18,42.47559,-82.73901,11.2,220.8,221.0,ATLANTIC HURON,IMO8025680,VCQN,70,0,224,23,9.5,70,A
316206000,2022-01-03T03:59:59,42.46681,-82.74928,11.3,221.0,222.0,ATLANTIC HURON,IMO8025680,VCQN,70,0,224,23,9.5,70,A
316206000,2022-01-03T03:58:37,42.47005,-82.74548,11.4,220.1,221.0,ATLANTIC HURON,IMO8025680,VCQN,70,0,224,23,9.5,70,A
316206000,2022-01-03T03:57:27,42.47288,-82.74217,11.3,221.0,222.0,ATLANTIC HURON,IMO8025680,VCQN,70,0,224,23,9.5,70,A
316206000,2022-01-03T03:43:19,42.50648,-82.70296,11.1,220.4,221.0,ATLANTIC HURON,IMO8025680,VCQN,70,0,224,23,9.5,70,A
316206000,2022-01-03T04:03:37,42.45869,-82.75999,11.0,228.0,229.0,ATLANTIC HURON,IMO8025680,VCQN,70,0,224,23,9.5,70,A
316206000,2022-01-03T02:09:39,42.69443,-82.50048,9.8,195.0,196.0,ATLANTIC HURON,IMO8025680,VCQN,70,0,224,23,9.5,70,A
316206000,2022-01-03T04:07:09,42.45144,-82.77089,11.1,228.3,229.0,ATLANTIC HURON,IMO8025680,VCQN,70,0,224,23,9.5,70,A
316206000,2022-01-03T04:09:28,42.44664,-82.77813,11.2,227.8,229.0,ATLANTIC HURON,IMO8025680,VCQN,70,0,224,23,9.5,70,A
316206000,2022-01-03T04:17:38,42.42976,-82.80367,11.2,228.7,229.0,ATLANTIC HURON,IMO8025680,VCQN,70,0,224,23,9.5,70,A
316206000,2022-01-03T04:15:18,42.43458,-82.79640,11.0,228.0,229.0,ATLANTIC HURON,IMO8025680,VCQN,70,0,224,23,9.5,70,A
316206000,2022-01-03T04:11:48,42.44175,-82.78554,11.2,228.9,229.0,ATLANTIC HURON,IMO8025680,VCQN,70,0,224,23,9.5,70,A
316206000,2022-01-03T04:12:59,42.43933,-82.78921,11.1,227.2,228.0,ATLANTIC HURON,IMO8025680,VCQN,70,0,224,23,9.5,70,A
316206000,2022-01-03T04:18:59,42.42697,-82.80791,11.2,228.2,228.0,ATLANTIC HURON,IMO8025680,VCQN,70,0,224,23,9.5,70,A
316206000,2022-01-03T04:14:08,42.43696,-82.79279,11.0,228.0,228.0,ATLANTIC HURON,IMO8025680,VCQN,70,0,224,23,9.5,70,A
316206000,2022-01-03T04:22:27,42.41978,-82.81878,11.1,228.6,229.0,ATLANTIC HURON,IMO8025680,VCQN,70,0,224,23,9.5,70,A
316206000,2022-01-03T04:37:29,42.38857,-82.86601,11.3,225.9,225.0,ATLANTIC HURON,IMO8025680,VCQN,70,0,224,23,9.5,70,A
316206000,2022-01-03T04:16:28,42.43218,-82.80002,11.2,228.0,228.0,ATLANTIC HURON,IMO8025680,VCQN,70,0,224,23,9.5,70,A
316206000,2022-01-03T04:21:17,42.42217,-82.81517,11.2,228.4,228.0,ATLANTIC HURON,IMO8025680,VCQN,70,0,224,23,9.5,70,A
316206000,2022-01-03T04:25:59,42.41235,-82.82977,11.3,227.9,228.0,ATLANTIC HURON,IMO8025680,VCQN,70,0,224,23,9.5,70,A
316206000,2022-01-03T02:18:07,42.67256,-82.50905,9.8,196.5,196.0,ATLANTIC HURON,IMO8025680,VCQN,70,0,224,23,9.5,70,A
316206000,2022-01-03T04:23:38,42.41729,-82.82253,11.2,227.7,227.0,ATLANTIC HURON,IMO8025680,VCQN,70,0,224,23,9.5,70,A
316206000,2022-01-03T04:31:38,42.40068,-82.84736,11.2,228.5,229.0,ATLANTIC HURON,IMO8025680,VCQN,70,0,224,23,9.5,70,A
316206000,2022-01-03T04:35:07,42.39357,-82.85866,11.3,229.5,229.0,ATLANTIC HURON,IMO8025680,VCQN,70,0,224,23,9.5,70,A
316206000,2022-01-03T04:27:07,42.40993,-82.83335,11.2,227.3,227.0,ATLANTIC HURON,IMO8025680,VCQN,70,0,224,23,9.5,70,A
316206000,2022-01-03T04:24:47,42.41486,-82.82610,11.1,227.5,227.0,ATLANTIC HURON,IMO8025680,VCQN,70,0,224,23,9.5,70,A
316206000,2022-01-03T04:29:19,42.40541,-82.84011,11.0,228.1,229.0,ATLANTIC HURON,IMO8025680,VCQN,70,0,224,23,9.5,70,A
316206000,2022-01-03T04:33:58,42.39592,-82.85486,11.3,229.5,230.0,ATLANTIC HURON,IMO8025680,VCQN,70,0,224,23,9.5,70,A
316206000,2022-01-03T02:19:28,42.66905,-82.51044,9.9,197.7,194.0,ATLANTIC HURON,IMO8025680,VCQN,70,0,224,23,9.5,70,A
316206000,2022-01-03T04:32:48,42.39827,-82.85116,11.3,229.6,229.0,ATLANTIC HURON,IMO8025680,VCQN,70,0,224,23,9.5,70,A
316206000,2022-01-03T04:53:49,42.35765,-82.92169,9.8,244.7,246.0,ATLANTIC HURON,IMO8025680,VCQN,70,0,224,23,9.5,70,A
316206000,2022-01-03T04:20:07,42.42459,-82.81151,11.1,228.0,229.0,ATLANTIC HURON,IMO8025680,VCQN,70,0,224,23,9.5,70,A
316206000,2022-01-03T04:38:37,42.38604,-82.86953,11.4,225.5,226.0,ATLANTIC HURON,IMO8025680,VCQN,70,0,224,23,9.5,70,A
316206000,2022-01-03T04:52:39,42.35903,-82.91767,10.6,244.9,246.0,ATLANTIC HURON,IMO8025680,VCQN,70,0,224,23,9.5,70,A
316206000,2022-01-03T04:43:17,42.37584,-82.88424,11.6,227.5,228.0,ATLANTIC HURON,IMO8025680,VCQN,70,0,224,23,9.5,70,A
316206000,2022-01-03T04:28:17,42.40748,-82.83696,11.1,227.8,228.0,ATLANTIC HURON,IMO8025680,VCQN,70,0,224,23,9.5,70,A
316206000,2022-01-03T04:50:18,42.36212,-82.90869,11.6,245.6,246.0,ATLANTIC HURON,IMO8025680,VCQN,70,0,224,23,9.5,70,A
316206000,2022-01-03T04:51:28,42.36053,-82.91332,11.4,245.0,246.0,ATLANTIC HURON,IMO8025680,VCQN,70,0,224,23,9.5,70,A
316206000,2022-01-03T04:36:18,42.39112,-82.86246,11.2,227.0,226.0,ATLANTIC HURON,IMO8025680,VCQN,70,0,224,23,9.5,70,A
316206000,2022-01-03T05:03:37,42.34417,-82.95142,10.0,223.3,223.0,ATLANTIC HURON,IMO8025680,VCQN,70,0,224,23,9.5,70,A
316206000,2022-01-03T04:57:17,42.35393,-82.93299,9.5,247.0,245.0,ATLANTIC HURON,IMO8025680,VCQN,70,0,224,23,9.5,70,A
316206000,2022-01-03T04:40:59,42.38083,-82.87682,11.4,227.8,228.0,ATLANTIC HURON,IMO8025680,VCQN,70,0,224,23,9.5,70,A
316206000,2022-01-03T04:58:28,42.35269,-82.93687,9.6,247.8,245.0,ATLANTIC HURON,IMO8025680,VCQN,70,0,224,23,9.5,70,A
316206000,2022-01-03T05:02:28,42.34648,-82.94847,9.8,223.9,223.0,ATLANTIC HURON,IMO8025680,VCQN,70,0,224,23,9.5,70,A
316206000,2022-01-03T05:10:27,42.33464,-82.97216,9.5,252.9,252.0,ATLANTIC HURON,IMO8025680,VCQN,70,0,224,23,9.5,70,A
316206000,2022-01-03T04:42:07,42.37837,-82.88048,11.5,227.4,228.0,ATLANTIC HURON,IMO8025680,VCQN,70,0,224,23,9.5,70,A
316206000,2022-01-03T04:54:57,42.35638,-82.92544,9.4,245.7,246.0,ATLANTIC HURON,IMO8025680,VCQN,70,0,224,23,9.5,70,A
316206000,2022-01-03T05:19:38,42.33018,-83.00490,9.9,265.3,265.0,ATLANTIC HURON,IMO8025680,VCQN,70,0,224,23,9.5,70,A
316206000,2022-01-03T04:45:38,42.37073,-82.89184,11.8,227.6,227.0,ATLANTIC HURON,IMO8025680,VCQN,70,0,224,23,9.5,70,A
316206000,2022-01-03T05:17:28,42.33064,-82.99686,9.8,265.0,265.0,ATLANTIC HURON,IMO8025680,VCQN,70,0,224,23,9.5,70,A
316206000,2022-01-03T05:05:48,42.33965,-82.95711,10.2,225.3,231.0,ATLANTIC HURON,IMO8025680,VCQN,70,0,224,23,9.5,70,A
316206000,2022-01-03T05:11:28,42.33384,-82.97564,9.5,252.5,253.0,ATLANTIC HURON,IMO8025680,VCQN,70,0,224,23,9.5,70,A
316206000,2022-01-03T05:09:18,42.33553,-82.96820,9.4,253.3,253.0,ATLANTIC HURON,IMO8025680,VCQN,70,0,224,23,9.5,70,A
316206000,2022-01-03T05:12:39,42.33290,-82.97968,9.8,252.9,252.0,ATLANTIC HURON,IMO8025680,VCQN,70,0,224,23,9.5,70,A
316206000,2022-01-03T05:13:47,42.33191,-82.98370,9.8,252.2,257.0,ATLANTIC HURON,IMO8025680,VCQN,70,0,224,23,9.5,70,A
316206000,2022-01-03T04:59:38,42.35142,-82.94066,9.6,241.1,234.0,ATLANTIC HURON,IMO8025680,VCQN,70,0,224,23,9.5,70,A
316206000,2022-01-03T05:14:59,42.33124,-82.98788,9.5,263.0,265.0,ATLANTIC HURON,IMO8025680,VCQN,70,0,224,23,9.5,70,A
316206000,2022-01-03T05:27:37,42.32534,-83.03416,10.0,252.5,254.0,ATLANTIC HURON,IMO8025680,VCQN,70,0,224,23,9.5,70,A
316206000,2022-01-03T05:16:18,42.33090,-82.99256,9.6,264.8,265.0,ATLANTIC HURON,IMO8025680,VCQN,70,0,224,23,9.5,70,A
316206000,2022-01-03T05:04:38,42.34208,-82.95406,10.1,223.0,223.0,ATLANTIC HURON,IMO8025680,VCQN,70,0,224,23,9.5,70,A
316206000,2022-01-03T05:20:49,42.32991,-83.00928,10.1,265.1,266.0,ATLANTIC HURON,IMO8025680,VCQN,70,0,224,23,9.5,70,A
316206000,2022-01-03T05:34:38,42.31900,-83.05877,9.8,241.4,239.0,ATLANTIC HURON,IMO8025680,VCQN,70,0,224,23,9.5,70,A
316206000,2022-01-03T05:08:07,42.33644,-82.96429,9.3,251.8,252.0,ATLANTIC HURON,IMO8025680,VCQN,70,0,224,23,9.5,70,A
316206000,2022-01-03T05:49:39,42.29241,-83.09269,8.6,216.1,218.0,ATLANTIC HURON,IMO8025680,VCQN,70,0,224,23,9.5,70,A
316206000,2022-01-03T05:39:17,42.31229,-83.07362,10.0,231.2,225.0,ATLANTIC HURON,IMO8025680,VCQN,70,0,224,23,9.5,70,A
316206000,2022-01-03T05:53:08,42.28488,-83.09962,9.8,205.9,203.0,ATLANTIC HURON,IMO8025680,VCQN,70,0,224,23,9.5,70,A
316206000,2022-01-03T02:44:58,42.60444,-82.52756,8.6,228.6,230.0,ATLANTIC HURON,IMO8025680,VCQN,70,0,224,23,9.5,70,A
316206000,2022-01-03T05:55:19,42.27923,-83.10259,10.2,200.0,200.0,ATLANTIC HURON,IMO8025680,VCQN,70,0,224,23,9.5,70,A
316206000,2022-01-03T05:57:38,42.27302,-83.10566,10.0,199.6,200.0,ATLANTIC HURON,IMO8025680,VCQN,70,0,224,23,9.5,70,A
316206000,2022-01-03T05:31:07,42.32250,-83.04666,10.0,253.2,254.0,ATLANTIC HURON,IMO8025680,VCQN,70,0,224,23,9.5,70,A
316206000,2022-01-03T05:29:58,42.32342,-83.04260,9.9,253.1,253.0,ATLANTIC HURON,IMO8025680,VCQN,70,0,224,23,9.5,70,A
316206000,2022-01-03T05:45:08,42.30027,-83.08531,7.9,210.4,212.0,ATLANTIC HURON,IMO8025680,VCQN,70,0,224,23,9.5,70,A
316206000,2022-01-03T05:26:28,42.32630,-83.02997,10.0,252.6,253.0,ATLANTIC HURON,IMO8025680,VCQN,70,0,224,23,9.5,70,A
316206000,2022-01-03T05:46:17,42.29815,-83.08705,7.4,214.1,217.0,ATLANTIC HURON,IMO8025680,VCQN,70,0,224,23,9.5,70,A
316206000,2022-01-03T05:38:09,42.31410,-83.07007,10.1,239.1,236.0,ATLANTIC HURON,IMO8025680,VCQN,70,0,224,23,9.5,70,A
316206000,2022-01-03T05:21:58,42.32963,-83.01368,10.0,263.8,261.0,ATLANTIC HURON,IMO8025680,VCQN,70,0,224,23,9.5,70,A
316206000,2022-01-03T05:32:18,42.32151,-83.05092,9.8,250.0,249.0,ATLANTIC HURON,IMO8025680,VCQN,70,0,224,23,9.5,70,A
316206000,2022-01-03T05:23:08,42.32905,-83.01793,10.0,254.2,253.0,ATLANTIC HURON,IMO8025680,VCQN,70,0,224,23,9.5,70,A
316206000,2022-01-03T05:35:49,42.31740,-83.06257,9.8,239.7,239.0,ATLANTIC HURON,IMO8025680,VCQN,70,0,224,23,9.5,70,A
316206000,2022-01-03T05:24:18,42.32809,-83.02221,10.1,253.0,253.0,ATLANTIC HURON,IMO8025680,VCQN,70,0,224,23,9.5,70,A
316206000,2022-01-03T05:41:37,42.30752,-83.07918,9.5,214.5,212.0,ATLANTIC HURON,IMO8025680,VCQN,70,0,224,23,9.5,70,A
316206000,2022-01-03T05:40:27,42.31006,-83.07667,9.7,219.4,214.0,ATLANTIC HURON,IMO8025680,VCQN,70,0,224,23,9.5,70,A
316206000,2022-01-03T06:09:19,42.24475,-83.12637,10.2,217.4,210.0,ATLANTIC HURON,IMO8025680,VCQN,70,0,224,23,9.5,70,A
316206000,2022-01-03T05:43:58,42.30259,-83.08342,8.5,211.5,211.0,ATLANTIC HURON,IMO8025680,VCQN,70,0,224,23,9.5,70,A
316206000,2022-01-03T05:58:47,42.27002,-83.10711,10.1,199.5,200.0,ATLANTIC HURON,IMO8025680,VCQN,70,0,224,23,9.5,70,A
316206000,2022-01-03T05:28:49,42.32436,-83.03841,10.1,252.5,254.0,ATLANTIC HURON,IMO8025680,VCQN,70,0,224,23,9.5,70,A
316206000,2022-01-03T06:00:08,42.26644,-83.10884,9.9,198.7,202.0,ATLANTIC HURON,IMO8025680,VCQN,70,0,224,23,9.5,70,A
316206000,2022-01-03T02:53:28,42.59004,-82.54967,9.3,220.0,219.0,ATLANTIC HURON,IMO8025680,VCQN,70,0,224,23,9.5,70,A
316206000,2022-01-03T05:33:28,42.32041,-83.05492,9.9,247.3,243.0,ATLANTIC HURON,IMO8025680,VCQN,70,0,224,23,9.5,70,A
316206000,2022-01-03T05:54:18,42.28191,-83.10125,10.0,200.1,200.0,ATLANTIC HURON,IMO8025680,VCQN,70,0,224,23,9.5,70,A
316206000,2022-01-03T05:50:47,42.29009,-83.09495,9.2,215.4,218.0,ATLANTIC HURON,IMO8025680,VCQN,70,0,224,23,9.5,70,A
316206000,2022-01-03T05:51:58,42.28760,-83.09741,9.7,216.5,214.0,ATLANTIC HURON,IMO8025680,VCQN,70,0,224,23,9.5,70,A
316206000,2022-01-03T06:26:48,42.19638,-83.13360,10.1,182.4,184.0,ATLANTIC HURON,IMO8025680,VCQN,70,0,224,23,9.5,70,A
316206000,2022-01-03T03:01:37,42.57365,-82.57005,10.1,227.9,228.0,ATLANTIC HURON,IMO8025680,VCQN,70,0,224,23,9.5,70,A
316206000,2022-01-03T06:01:17,42.26349,-83.11045,9.9,203.7,205.0,ATLANTIC HURON,IMO8025680,VCQN,70,0,224,23,9.5,70,A
316206000,2022-01-03T05:56:28,42.27611,-83.10414,10.2,200.3,200.0,ATLANTIC HURON,IMO8025680,VCQN,70,0,224,23,9.5,70,A
316206000,2022-01-03T06:16:19,42.22598,-83.13072,10.3,183.4,185.0,ATLANTIC HURON,IMO8025680,VCQN,70,0,224,23,9.5,70,A
316206000,2022-01-03T05:47:18,42.29651,-83.08865,7.1,215.7,217.0,ATLANTIC HURON,IMO8025680,VCQN,70,0,224,23,9.5,70,A
316206000,2022-01-03T05:48:27,42.29458,-83.09055,7.8,215.6,217.0,ATLANTIC HURON,IMO8025680,VCQN,70,0,224,23,9.5,70,A
316206000,2022-01-03T06:03:39,42.25764,-83.11413,9.7,210.4,215.0,ATLANTIC HURON,IMO8025680,VCQN,70,0,224,23,9.5,70,A
316206000,2022-01-03T06:10:28,42.24198,-83.12853,9.9,204.3,196.0,ATLANTIC HURON,IMO8025680,VCQN,70,0,224,23,9.5,70,A
316206000,2022-01-03T06:36:57,42.16848,-83.13440,10.0,162.7,163.0,ATLANTIC HURON,IMO8025680,VCQN,70,0,224,23,9.5,70,A
316206000,2022-01-03T06:08:18,42.24703,-83.12405,10.2,216.2,215.0,ATLANTIC HURON,IMO8025680,VCQN,70,0,224,23,9.5,70,A
316206000,2022-01-03T06:42:48,42.15257,-83.12768,10.2,163.1,163.0,ATLANTIC HURON,IMO8025680,VCQN,70,0,224,23,9.5,70,A
316206000,2022-01-03T06:13:57,42.23267,-83.13031,10.0,182.4,183.0,ATLANTIC HURON,IMO8025680,VCQN,70,0,224,23,9.5,70,A
316206000,2022-01-03T06:43:59,42.14934,-83.12642,10.2,163.8,163.0,ATLANTIC HURON,IMO8025680,VCQN,70,0,224,23,9.5,70,A
316206000,2022-01-03T03:07:28,42.56068,-82.58273,10.2,199.8,200.0,ATLANTIC HURON,IMO8025680,VCQN,70,0,224,23,9.5,70,A
316206000,2022-01-03T06:17:28,42.22263,-83.13105,10.3,184.7,185.0,ATLANTIC HURON,IMO8025680,VCQN,70,0,224,23,9.5,70,A
316206000,2022-01-03T06:02:28,42.26051,-83.11224,9.9,202.9,206.0,ATLANTIC HURON,IMO8025680,VCQN,70,0,224,23,9.5,70,A
316206000,2022-01-03T06:18:38,42.21931,-83.13143,10.3,185.6,184.0,ATLANTIC HURON,IMO8025680,VCQN,70,0,224,23,9.5,70,A
316206000,2022-01-03T06:05:58,42.25243,-83.11886,10.0,215.1,216.0,ATLANTIC HURON,IMO8025680,VCQN,70,0,224,23,9.5,70,A
316206000,2022-01-03T06:20:57,42.21287,-83.13220,10.1,185.0,184.0,ATLANTIC HURON,IMO8025680,VCQN,70,0,224,23,9.5,70,A
316206000,2022-01-03T06:24:28,42.20303,-83.13316,10.2,183.4,183.0,ATLANTIC HURON,IMO8025680,VCQN,70,0,224,23,9.5,70,A
316206000,2022-01-03T06:55:18,42.11768,-83.12574,9.9,185.3,186.0,ATLANTIC HURON,IMO8025680,VCQN,70,0,224,23,9.5,70,A
316206000,2022-01-03T06:56:28,42.11441,-83.12618,9.9,185.8,186.0,ATLANTIC HURON,IMO8025680,VCQN,70,0,224,23,9.5,70,A
316206000,2022-01-03T06:25:37,42.19974,-83.13339,10.2,183.1,184.0,ATLANTIC HURON,IMO8025680,VCQN,70,0,224,23,9.5,70,A
316206000,2022-01-03T06:11:39,42.23891,-83.12973,9.5,187.4,183.0,ATLANTIC HURON,IMO8025680,VCQN,70,0,224,23,9.5,70,A
316206000,2022-01-03T06:29:08,42.18992,-83.13425,9.8,185.1,185.0,ATLANTIC HURON,IMO8025680,VCQN,70,0,224,23,9.5,70,A
316206000,2022-01-03T07:00:08,42.10442,-83.12764,9.7,185.7,186.0,ATLANTIC HURON,IMO8025680,VCQN,70,0,224,23,9.5,70,A
316206000,2022-01-03T06:32:28,42.18080,-83.13533,9.9,183.7,183.0,ATLANTIC HURON,IMO8025680,VCQN,70,0,224,23,9.5,70,A
316206000,2022-01-03T06:33:37,42.17761,-83.13565,10.1,184.3,184.0,ATLANTIC HURON,IMO8025680,VCQN,70,0,224,23,9.5,70,A
316206000,2022-01-03T06:31:17,42.18407,-83.13499,9.8,185.0,183.0,ATLANTIC HURON,IMO8025680,VCQN,70,0,224,23,9.5,70,A
316206000,2022-01-03T06:34:39,42.17476,-83.13593,10.0,181.2,175.0,ATLANTIC HURON,IMO8025680,VCQN,70,0,224,23,9.5,70,A
316206000,2022-01-03T07:05:48,42.08862,-83.12972,10.5,185.7,185.0,ATLANTIC HURON,IMO8025680,VCQN,70,0,224,23,9.5,70,A
316206000,2022-01-03T03:14:29,42.54716,-82.59882,10.1,244.8,246.0,ATLANTIC HURON,IMO8025680,VCQN,70,0,224,23,9.5,70,A
316206000,2022-01-03T06:19:49,42.21603,-83.13185,10.1,184.9,183.0,ATLANTIC HURON,IMO8025680,VCQN,70,0,224,23,9.5,70,A
316206000,2022-01-03T06:38:08,42.16532,-83.13307,10.3,162.2,162.0,ATLANTIC HURON,IMO8025680,VCQN,70,0,224,23,9.5,70,A
316206000,2022-01-03T06:39:17,42.16212,-83.13171,10.3,163.1,163.0,ATLANTIC HURON,IMO8025680,VCQN,70,0,224,23,9.5,70,A
316206000,2022-01-03T06:49:39,42.13370,-83.12368,9.8,183.8,185.0,ATLANTIC HURON,IMO8025680,VCQN,70,0,224,23,9.5,70,A
316206000,2022-01-03T06:27:58,42.19318,-83.13389,10.0,184.2,184.0,ATLANTIC HURON,IMO8025680,VCQN,70,0,224,23,9.5,70,A
316206000,2022-01-03T06:48:28,42.13694,-83.12342,9.8,182.5,184.0,ATLANTIC HURON,IMO8025680,VCQN,70,0,224,23,9.5,70,A
316206000,2022-01-03T06:46:09,42.14340,-83.12417,10.2,167.6,171.0,ATLANTIC HURON,IMO8025680,VCQN,70,0,224,23,9.5,70,A
316206000,2022-01-03T06:50:49,42.13043,-83.12406,10.2,185.6,185.0,ATLANTIC HURON,IMO8025680,VCQN,70,0,224,23,9.5,70,A
316206000,2022-01-03T07:04:39,42.09195,-83.12929,10.4,185.8,185.0,ATLANTIC HURON,IMO8025680,VCQN,70,0,224,23,9.5,70,A
316206000,2022-01-03T07:06:57,42.08523,-83.13017,10.4,185.8,186.0,ATLANTIC HURON,IMO8025680,VCQN,70,0,224,23,9.5,70,A
316206000,2022-01-03T06:51:58,42.12712,-83.12450,10.5,185.6,186.0,ATLANTIC HURON,IMO8025680,VCQN,70,0,224,23,9.5,70,A
316206000,2022-01-03T07:24:28,42.03495,-83.13669,11.3,185.0,185.0,ATLANTIC HURON,IMO8025680,VCQN,70,0,224,23,9.5,70,A
316206000,2022-01-03T06:57:38,42.11120,-83.12661,9.8,185.2,185.0,ATLANTIC HURON,IMO8025680,VCQN,70,0,224,23,9.5,70,A
316206000,2022-01-03T06:52:59,42.12416,-83.12489,10.4,185.6,186.0,ATLANTIC HURON,IMO8025680,VCQN,70,0,224,23,9.5,70,A
316206000,2022-01-03T06:58:39,42.10848,-83.12701,9.9,187.7,186.0,ATLANTIC HURON,IMO8025680,VCQN,70,0,224,23,9.5,70,A
316206000,2022-01-03T07:10:27,42.07536,-83.13146,10.2,185.4,185.0,ATLANTIC HURON,IMO8025680,VCQN,70,0,224,23,9.5,70,A
316206000,2022-01-03T07:29:08,42.02010,-83.13847,11.6,184.6,184.0,ATLANTIC HURON,IMO8025680,VCQN,70,0,224,23,9.5,70,A
316206000,2022-01-03T06:40:27,42.15898,-83.13035,10.2,162.5,163.0,ATLANTIC HURON,IMO8025680,VCQN,70,0,224,23,9.5,70,A
316206000,2022-01-03T06:41:38,42.15571,-83.12897,10.2,162.6,163.0,ATLANTIC HURON,IMO8025680,VCQN,70,0,224,23,9.5,70,A
316206000,2022-01-03T07:02:19,42.09857,-83.12842,9.9,185.6,185.0,ATLANTIC HURON,IMO8025680,VCQN,70,0,224,23,9.5,70,A
316206000,2022-01-03T06:45:08,42.14614,-83.12520,10.2,163.4,163.0,ATLANTIC HURON,IMO8025680,VCQN,70,0,224,23,9.5,70,A
316206000,2022-01-03T07:34:59,42.00148,-83.13914,11.2,166.6,163.0,ATLANTIC HURON,IMO8025680,VCQN,70,0,224,23,9.5,70,A
316206000,2022-01-03T06:59:49,42.10532,-83.12752,9.7,185.7,185.0,ATLANTIC HURON,IMO8025680,VCQN,70,0,224,23,9.5,70,A
316206000,2022-01-03T07:09:18,42.07865,-83.13103,10.1,185.8,185.0,ATLANTIC HURON,IMO8025680,VCQN,70,0,224,23,9.5,70,A
316206000,2022-01-03T06:54:08,42.12090,-83.12531,10.1,185.3,186.0,ATLANTIC HURON,IMO8025680,VCQN,70,0,224,23,9.5,70,A
316206000,2022-01-03T07:25:38,42.03128,-83.13717,11.4,185.8,185.0,ATLANTIC HURON,IMO8025680,VCQN,70,0,224,23,9.5,70,A
316206000,2022-01-03T07:08:08,42.08192,-83.13061,10.1,185.6,185.0,ATLANTIC HURON,IMO8025680,VCQN,70,0,224,23,9.5,70,A
316206000,2022-01-03T07:15:08,42.06208,-83.13323,10.3,185.1,185.0,ATLANTIC HURON,IMO8025680,VCQN,70,0,224,23,9.5,70,A
316206000,2022-01-03T07:45:18,41.96920,-83.12600,12.0,163.6,162.0,ATLANTIC HURON,IMO8025680,VCQN,70,0,224,23,9.5,70,A
316206000,2022-01-03T07:18:37,42.05223,-83.13451,10.2,185.5,185.0,ATLANTIC HURON,IMO8025680,VCQN,70,0,224,23,9.5,70,A
316206000,2022-01-03T07:19:47,42.04889,-83.13491,10.3,184.9,185.0,ATLANTIC HURON,IMO8025680,VCQN,70,0,224,23,9.5,70,A
316206000,2022-01-03T07:12:47,42.06880,-83.13232,10.2,186.0,185.0,ATLANTIC HURON,IMO8025680,VCQN,70,0,224,23,9.5,70,A
316206000,2022-01-03T07:01:18,42.10130,-83.12807,9.7,185.8,185.0,ATLANTIC HURON,IMO8025680,VCQN,70,0,224,23,9.5,70,A
316206000,2022-01-03T07:20:57,42.04552,-83.13538,10.5,185.6,185.0,ATLANTIC HURON,IMO8025680,VCQN,70,0,224,23,9.5,70,A
316206000,2022-01-03T07:23:17,42.03860,-83.13626,11.1,185.0,185.0,ATLANTIC HURON,IMO8025680,VCQN,70,0,224,23,9.5,70,A
316206000,2022-01-03T07:03:29,42.09530,-83.12885,10.2,185.4,185.0,ATLANTIC HURON,IMO8025680,VCQN,70,0,224,23,9.5,70,A
316206000,2022-01-03T07:27:59,42.02384,-83.13805,11.5,184.9,184.0,ATLANTIC HURON,IMO8025680,VCQN,70,0,224,23,9.5,70,A
316206000,2022-01-03T07:31:29,42.01259,-83.13930,11.5,184.8,184.0,ATLANTIC HURON,IMO8025680,VCQN,70,0,224,23,9.5,70,A
316206000,2022-01-03T07:26:48,42.02760,-83.13763,11.4,184.3,184.0,ATLANTIC HURON,IMO8025680,VCQN,70,0,224,23,9.5,70,A
316206000,2022-01-03T07:41:49,41.98038,-83.13044,11.9,163.2,162.0,ATLANTIC HURON,IMO8025680,VCQN,70,0,224,23,9.5,70,A
316206000,2022-01-03T07:13:58,42.06545,-83.13277,10.4,185.8,185.0,ATLANTIC HURON,IMO8025680,VCQN,70,0,224,23,9.5,70,A
316206000,2022-01-03T07:30:17,42.01639,-83.13888,11.6,184.6,184.0,ATLANTIC HURON,IMO8025680,VCQN,70,0,224,23,9.5,70,A
316206000,2022-01-03T07:33:49,42.00510,-83.13992,11.4,175.1,171.0,ATLANTIC HURON,IMO8025680,VCQN,70,0,224,23,9.5,70,A
316206000,2022-01-03T07:16:18,42.05873,-83.13366,10.1,186.0,185.0,ATLANTIC HURON,IMO8025680,VCQN,70,0,224,23,9.5,70,A
316206000,2022-01-03T07:36:09,41.99800,-83.13773,11.3,162.1,161.0,ATLANTIC HURON,IMO8025680,VCQN,70,0,224,23,9.5,70,A
316206000,2022-01-03T07:22:08,42.04212,-83.13582,10.6,185.8,185.0,ATLANTIC HURON,IMO8025680,VCQN,70,0,224,23,9.5,70,A
316206000,2022-01-03T07:40:38,41.98409,-83.13191,11.8,163.5,162.0,ATLANTIC HURON,IMO8025680,VCQN,70,0,224,23,9.5,70,A
316206000,2022-01-03T08:17:28,41.89831,-83.04761,11.8,95.1,95.0,ATLANTIC HURON,IMO8025680,VCQN,70,0,224,23,9.5,70,A
316206000,2022-01-03T07:39:28,41.98782,-83.13339,11.7,163.1,162.0,ATLANTIC HURON,IMO8025680,VCQN,70,0,224,23,9.5,70,A
316206000,2022-01-03T08:19:48,41.89759,-83.03736,11.9,95.6,95.0,ATLANTIC HURON,IMO8025680,VCQN,70,0,224,23,9.5,70,A
316206000,2022-01-03T07:42:58,41.97666,-83.12897,11.9,163.8,162.0,ATLANTIC HURON,IMO8025680,VCQN,70,0,224,23,9.5,70,A
316206000,2022-01-03T08:01:17,41.91832,-83.10596,12.0,165.1,161.0,ATLANTIC HURON,IMO8025680,VCQN,70,0,224,23,9.5,70,A
316206000,2022-01-03T07:32:38,42.00882,-83.13972,11.7,185.9,184.0,ATLANTIC HURON,IMO8025680,VCQN,70,0,224,23,9.5,70,A
316206000,2022-01-03T08:26:49,41.89549,-83.00608,12.0,95.3,95.0,ATLANTIC HURON,IMO8025680,VCQN,70,0,224,23,9.5,70,A
316206000,2022-01-03T08:06:49,41.90548,-83.09092,11.2,121.0,120.0,ATLANTIC HURON,IMO8025680,VCQN,70,0,224,23,9.5,70,A
316206000,2022-01-03T07:51:07,41.95072,-83.11873,11.9,163.6,162.0,ATLANTIC HURON,IMO8025680,VCQN,70,0,224,23,9.5,70,A
316206000,2022-01-03T07:49:57,41.95438,-83.12016,11.8,164.0,162.0,ATLANTIC HURON,IMO8025680,VCQN,70,0,224,23,9.5,70,A
316206000,2022-01-03T07:37:17,41.99457,-83.13626,11.4,162.4,161.0,ATLANTIC HURON,IMO8025680,VCQN,70,0,224,23,9.5,70,A
316206000,2022-01-03T07:53:39,41.94269,-83.11558,11.9,163.6,162.0,ATLANTIC HURON,IMO8025680,VCQN,70,0,224,23,9.5,70,A
316206000,2022-01-03T07:54:48,41.93899,-83.11411,11.9,164.2,163.0,ATLANTIC HURON,IMO8025680,VCQN,70,0,224,23,9.5,70,A
316206000,2022-01-03T07:55:57,41.93533,-83.11267,11.9,163.6,163.0,ATLANTIC HURON,IMO8025680,VCQN,70,0,224,23,9.5,70,A
316206000,2022-01-03T07:44:08,41.97299,-83.12750,11.9,163.6,162.0,ATLANTIC HURON,IMO8025680,VCQN,70,0,224,23,9.5,70,A
316206000,2022-01-03T07:59:38,41.92360,-83.10803,12.0,163.2,163.0,ATLANTIC HURON,IMO8025680,VCQN,70,0,224,23,9.5,70,A
316206000,2022-01-03T07:46:28,41.96551,-83.12454,12.0,163.8,162.0,ATLANTIC HURON,IMO8025680,VCQN,70,0,224,23,9.5,70,A
316206000,2022-01-03T08:00:08,41.92201,-83.10740,12.0,163.3,162.0,ATLANTIC HURON,IMO8025680,VCQN,70,0,224,23,9.5,70,A
316206000,2022-01-03T08:38:28,41.89148,-82.95343,12.2,95.6,96.0,ATLANTIC HURON,IMO8025680,VCQN,70,0,224,23,9.5,70,A
316206000,2022-01-03T07:47:39,41.96173,-83.12305,11.9,163.6,163.0,ATLANTIC HURON,IMO8025680,VCQN,70,0,224,23,9.5,70,A
316206000,2022-01-03T08:02:19,41.91517,-83.10447,11.6,154.6,149.0,ATLANTIC HURON,IMO8025680,VCQN,70,0,224,23,9.5,70,A
316206000,2022-01-03T07:48:48,41.95808,-83.12162,11.8,163.5,162.0,ATLANTIC HURON,IMO8025680,VCQN,70,0,224,23,9.5,70,A
316206000,2022-01-03T08:04:37,41.90948,-83.09835,11.2,129.7,126.0,ATLANTIC HURON,IMO8025680,VCQN,70,0,224,23,9.5,70,A
316206000,2022-01-03T08:03:28,41.91203,-83.10180,11.3,139.7,135.0,ATLANTIC HURON,IMO8025680,VCQN,70,0,224,23,9.5,70,A
316206000,2022-01-03T08:41:47,41.89026,-82.93833,12.2,96.5,96.0,ATLANTIC HURON,IMO8025680,VCQN,70,0,224,23,9.5,70,A
316206000,2022-01-03T04:01:18,42.46368,-82.75298,11.3,223.8,226.0,ATLANTIC HURON,IMO8025680,VCQN,70,0,224,23,9.5,70,A
316206000,2022-01-03T08:05:38,41.90763,-83.09499,11.3,125.7,124.0,ATLANTIC HURON,IMO8025680,VCQN,70,0,224,23,9.5,70,A
316206000,2022-01-03T08:09:08,41.90184,-83.08235,11.3,115.0,112.0,ATLANTIC HURON,IMO8025680,VCQN,70,0,224,23,9.5,70,A
316206000,2022-01-03T08:10:18,41.90055,-83.07785,11.1,106.3,102.0,ATLANTIC HURON,IMO8025680,VCQN,70,0,224,23,9.5,70,A
316206000,2022-01-03T08:24:29,41.89619,-83.01652,12.0,95.3,95.0,ATLANTIC HURON,IMO8025680,VCQN,70,0,224,23,9.5,70,A
316206000,2022-01-03T08:11:29,41.89995,-83.07308,11.0,95.8,94.0,ATLANTIC HURON,IMO8025680,VCQN,70,0,224,23,9.5,70,A
316206000,2022-01-03T08:07:58,41.90363,-83.08675,11.4,120.5,119.0,ATLANTIC HURON,IMO8025680,VCQN,70,0,224,23,9.5,70,A
316206000,2022-01-03T08:47:38,41.88809,-82.91176,12.2,96.0,96.0,ATLANTIC HURON,IMO8025680,VCQN,70,0,224,23,9.5,70,A
316206000,2022-01-03T08:13:49,41.89930,-83.06340,11.3,94.9,94.0,ATLANTIC HURON,IMO8025680,VCQN,70,0,224,23,9.5,70,A
316206000,2022-01-03T08:12:38,41.89962,-83.06835,11.1,95.4,94.0,ATLANTIC HURON,IMO8025680,VCQN,70,0,224,23,9.5,70,A
316206000,2022-01-03T08:15:08,41.89894,-83.05769,11.6,94.2,94.0,ATLANTIC HURON,IMO8025680,VCQN,70,0,224,23,9.5,70,A
316206000,2022-01-03T08:29:09,41.89480,-82.99562,12.0,94.7,95.0,ATLANTIC HURON,IMO8025680,VCQN,70,0,224,23,9.5,70,A
316206000,2022-01-03T08:16:19,41.89862,-83.05263,11.7,94.5,94.0,ATLANTIC HURON,IMO8025680,VCQN,70,0,224,23,9.5,70,A
316206000,2022-01-03T08:56:58,41.88455,-82.86906,12.4,96.7,96.0,ATLANTIC HURON,IMO8025680,VCQN,70,0,224,23,9.5,70,A
316206000,2022-01-03T08:33:48,41.89320,-82.97470,12.2,96.0,96.0,ATLANTIC HURON,IMO8025680,VCQN,70,0,224,23,9.5,70,A
316206000,2022-01-03T08:18:38,41.89795,-83.04242,11.8,95.6,95.0,ATLANTIC HURON,IMO8025680,VCQN,70,0,224,23,9.5,70,A
316206000,2022-01-03T08:22:17,41.89683,-83.02626,12.0,94.9,94.0,ATLANTIC HURON,IMO8025680,VCQN,70,0,224,23,9.5,70,A
316206000,2022-01-03T09:00:08,41.88334,-82.85444,12.4,96.3,96.0,ATLANTIC HURON,IMO8025680,VCQN,70,0,224,23,9.5,70,A
316206000,2022-01-03T04:05:58,42.45388,-82.76721,11.0,227.7,229.0,ATLANTIC HURON,IMO8025680,VCQN,70,0,224,23,9.5,70,A
316206000,2022-01-03T08:23:18,41.89653,-83.02173,12.0,94.9,94.0,ATLANTIC HURON,IMO8025680,VCQN,70,0,224,23,9.5,70,A
316206000,2022-01-03T08:21:07,41.89719,-83.03145,11.9,95.4,95.0,ATLANTIC HURON,IMO8025680,VCQN,70,0,224,23,9.5,70,A
316206000,2022-01-03T08:25:39,41.89583,-83.01130,12.0,95.0,94.0,ATLANTIC HURON,IMO8025680,VCQN,70,0,224,23,9.5,70,A
316206000,2022-01-03T08:32:38,41.89361,-82.97989,12.1,96.1,95.0,ATLANTIC HURON,IMO8025680,VCQN,70,0,224,23,9.5,70,A
316206000,2022-01-03T08:34:58,41.89276,-82.96934,12.2,96.2,96.0,ATLANTIC HURON,IMO8025680,VCQN,70,0,224,23,9.5,70,A
316206000,2022-01-03T08:37:18,41.89190,-82.95874,12.2,96.2,96.0,ATLANTIC HURON,IMO8025680,VCQN,70,0,224,23,9.5,70,A
316206000,2022-01-03T09:16:19,41.87738,-82.78010,12.4,95.8,94.0,ATLANTIC HURON,IMO8025680,VCQN,70,0,224,23,9.5,70,A
316206000,2022-01-03T08:49:58,41.88721,-82.90104,12.3,96.3,95.0,ATLANTIC HURON,IMO8025680,VCQN,70,0,224,23,9.5,70,A
316206000,2022-01-03T08:51:08,41.88678,-82.89579,12.4,96.4,95.0,ATLANTIC HURON,IMO8025680,VCQN,70,0,224,23,9.5,70,A
316206000,2022-01-03T08:36:07,41.89234,-82.96419,12.2,96.3,96.0,ATLANTIC HURON,IMO8025680,VCQN,70,0,224,23,9.5,70,A
316206000,2022-01-03T08:42:58,41.88983,-82.93301,12.3,96.6,96.0,ATLANTIC HURON,IMO8025680,VCQN,70,0,224,23,9.5,70,A
316206000,2022-01-03T08:53:28,41.88589,-82.88511,12.4,96.2,96.0,ATLANTIC HURON,IMO8025680,VCQN,70,0,224,23,9.5,70,A
316206000,2022-01-03T08:45:18,41.88897,-82.92239,12.3,96.2,96.0,ATLANTIC HURON,IMO8025680,VCQN,70,0,224,23,9.5,70,A
316206000,2022-01-03T08:44:08,41.88940,-82.92770,12.2,96.2,96.0,ATLANTIC HURON,IMO8025680,VCQN,70,0,224,23,9.5,70,A
316206000,2022-01-03T08:55:49,41.88500,-82.87434,12.4,96.6,96.0,ATLANTIC HURON,IMO8025680,VCQN,70,0,224,23,9.5,70,A
316206000,2022-01-03T08:39:29,41.89111,-82.94888,12.2,96.2,95.0,ATLANTIC HURON,IMO8025680,VCQN,70,0,224,23,9.5,70,A
316206000,2022-01-03T09:25:27,41.87441,-82.73784,12.5,94.8,93.0,ATLANTIC HURON,IMO8025680,VCQN,70,0,224,23,9.5,70,A
316206000,2022-01-03T08:27:58,41.89514,-83.00085,12.1,95.0,94.0,ATLANTIC HURON,IMO8025680,VCQN,70,0,224,23,9.5,70,A
316206000,2022-01-03T08:46:28,41.88852,-82.91700,12.3,96.8,96.0,ATLANTIC HURON,IMO8025680,VCQN,70,0,224,23,9.5,70,A
316206000,2022-01-03T09:01:18,41.88289,-82.84909,12.4,96.6,96.0,ATLANTIC HURON,IMO8025680,VCQN,70,0,224,23,9.5,70,A
316206000,2022-01-03T09:38:18,41.87064,-82.67843,12.4,94.8,93.0,ATLANTIC HURON,IMO8025680,VCQN,70,0,224,23,9.5,70,A
316206000,2022-01-03T08:58:08,41.88409,-82.86362,12.4,96.4,95.0,ATLANTIC HURON,IMO8025680,VCQN,70,0,224,23,9.5,70,A
316206000,2022-01-03T09:09:28,41.87981,-82.81159,12.5,96.1,95.0,ATLANTIC HURON,IMO8025680,VCQN,70,0,224,23,9.5,70,A
316206000,2022-01-03T08:59:18,41.88365,-82.85827,12.3,96.0,95.0,ATLANTIC HURON,IMO8025680,VCQN,70,0,224,23,9.5,70,A
316206000,2022-01-03T09:11:48,41.87896,-82.80079,12.4,95.9,95.0,ATLANTIC HURON,IMO8025680,VCQN,70,0,224,23,9.5,70,A
316206000,2022-01-03T09:46:08,41.86829,-82.64248,12.3,94.8,94.0,ATLANTIC HURON,IMO8025680,VCQN,70,0,224,23,9.5,70,A
316206000,2022-01-03T04:30:29,42.40304,-82.84374,11.0,228.6,229.0,ATLANTIC HURON,IMO8025680,VCQN,70,0,224,23,9.5,70,A
316206000,2022-01-03T09:05:58,41.88110,-82.82773,12.4,96.1,95.0,ATLANTIC HURON,IMO8025680,VCQN,70,0,224,23,9.5,70,A
316206000,2022-01-03T09:55:28,41.86509,-82.59982,12.3,95.7,94.0,ATLANTIC HURON,IMO8025680,VCQN,70,0,224,23,9.5,70,A
316206000,2022-01-03T09:07:08,41.88066,-82.82235,12.4,96.2,95.0,ATLANTIC HURON,IMO8025680,VCQN,70,0,224,23,9.5,70,A
316206000,2022-01-03T09:58:58,41.86304,-82.58443,11.8,115.3,117.0,ATLANTIC HURON,IMO8025680,VCQN,70,0,224,23,9.5,70,A
316206000,2022-01-03T09:15:09,41.87777,-82.78546,12.4,95.8,94.0,ATLANTIC HURON,IMO8025680,VCQN,70,0,224,23,9.5,70,A
316206000,2022-01-03T08:54:38,41.88544,-82.87969,12.3,96.4,96.0,ATLANTIC HURON,IMO8025680,VCQN,70,0,224,23,9.5,70,A
316206000,2022-01-03T09:13:59,41.87819,-82.79082,12.4,95.8,95.0,ATLANTIC HURON,IMO8025680,VCQN,70,0,224,23,9.5,70,A
316206000,2022-01-03T09:17:28,41.87698,-82.77473,12.4,95.5,94.0,ATLANTIC HURON,IMO8025680,VCQN,70,0,224,23,9.5,70,A
316206000,2022-01-03T09:20:58,41.87579,-82.75857,12.5,95.5,94.0,ATLANTIC HURON,IMO8025680,VCQN,70,0,224,23,9.5,70,A
316206000,2022-01-03T09:21:59,41.87545,-82.75395,12.4,95.5,94.0,ATLANTIC HURON,IMO8025680,VCQN,70,0,224,23,9.5,70,A
316206000,2022-01-03T10:09:38,41.84349,-82.54366,12.4,123.7,122.0,ATLANTIC HURON,IMO8025680,VCQN,70,0,224,23,9.5,70,A
316206000,2022-01-03T09:24:17,41.87475,-82.74324,12.4,94.9,93.0,ATLANTIC HURON,IMO8025680,VCQN,70,0,224,23,9.5,70,A
316206000,2022-01-03T09:04:48,41.88153,-82.83303,12.4,96.3,95.0,ATLANTIC HURON,IMO8025680,VCQN,70,0,224,23,9.5,70,A
316206000,2022-01-03T09:26:28,41.87411,-82.73321,12.4,95.0,93.0,ATLANTIC HURON,IMO8025680,VCQN,70,0,224,23,9.5,70,A
316206000,2022-01-03T09:27:39,41.87376,-82.72773,12.5,95.0,93.0,ATLANTIC HURON,IMO8025680,VCQN,70,0,224,23,9.5,70,A
316206000,2022-01-03T04:39:47,42.38344,-82.87312,11.5,225.8,225.0,ATLANTIC HURON,IMO8025680,VCQN,70,0,224,23,9.5,70,A
316206000,2022-01-03T09:28:47,41.87343,-82.72240,12.4,94.8,93.0,ATLANTIC HURON,IMO8025680,VCQN,70,0,224,23,9.5,70,A
316206000,2022-01-03T09:39:29,41.87029,-82.67296,12.4,94.8,94.0,ATLANTIC HURON,IMO8025680,VCQN,70,0,224,23,9.5,70,A
316206000,2022-01-03T09:31:18,41.87271,-82.71074,12.5,94.9,93.0,ATLANTIC HURON,IMO8025680,VCQN,70,0,224,23,9.5,70,A
316206000,2022-01-03T09:32:19,41.87241,-82.70611,12.4,94.9,93.0,ATLANTIC HURON,IMO8025680,VCQN,70,0,224,23,9.5,70,A
316206000,2022-01-03T09:12:49,41.87860,-82.79619,12.4,95.8,95.0,ATLANTIC HURON,IMO8025680,VCQN,70,0,224,23,9.5,70,A
316206000,2022-01-03T04:44:29,42.37325,-82.88807,11.7,227.7,227.0,ATLANTIC HURON,IMO8025680,VCQN,70,0,224,23,9.5,70,A
316206000,2022-01-03T09:18:38,41.87660,-82.76943,12.4,95.3,94.0,ATLANTIC HURON,IMO8025680,VCQN,70,0,224,23,9.5,70,A
316206000,2022-01-03T09:34:38,41.87172,-82.69539,12.5,94.8,93.0,ATLANTIC HURON,IMO8025680,VCQN,70,0,224,23,9.5,70,A
316206000,2022-01-03T09:37:08,41.87099,-82.68382,12.4,94.6,93.0,ATLANTIC HURON,IMO8025680,VCQN,70,0,224,23,9.5,70,A
316206000,2022-01-03T09:51:59,41.86632,-82.61577,12.4,96.4,95.0,ATLANTIC HURON,IMO8025680,VCQN,70,0,224,23,9.5,70,A
316206000,2022-01-03T09:23:09,41.87508,-82.74856,12.4,95.0,93.0,ATLANTIC HURON,IMO8025680,VCQN,70,0,224,23,9.5,70,A
316206000,2022-01-03T09:44:58,41.86867,-82.64781,12.3,95.2,94.0,ATLANTIC HURON,IMO8025680,VCQN,70,0,224,23,9.5,70,A
316206000,2022-01-03T04:46:47,42.36814,-82.89569,11.8,226.6,228.0,ATLANTIC HURON,IMO8025680,VCQN,70,0,224,23,9.5,70,A
316206000,2022-01-03T04:47:57,42.36572,-82.89969,11.7,235.1,237.0,ATLANTIC HURON,IMO8025680,VCQN,70,0,224,23,9.5,70,A
316206000,2022-01-03T09:41:39,41.86964,-82.66299,12.3,95.1,93.0,ATLANTIC HURON,IMO8025680,VCQN,70,0,224,23,9.5,70,A
316206000,2022-01-03T04:49:07,42.36377,-82.90406,11.6,241.6,244.0,ATLANTIC HURON,IMO8025680,VCQN,70,0,224,23,9.5,70,A
316206000,2022-01-03T10:37:09,41.81472,-82.43355,11.8,69.9,67.0,ATLANTIC HURON,IMO8025680,VCQN,70,0,224,23,9.5,70,A
316206000,2022-01-03T09:48:28,41.86752,-82.63175,12.3,95.7,94.0,ATLANTIC HURON,IMO8025680,VCQN,70,0,224,23,9.5,70,A
316206000,2022-01-03T09:47:19,41.86791,-82.63708,12.3,95.4,94.0,ATLANTIC HURON,IMO8025680,VCQN,70,0,224,23,9.5,70,A
316206000,2022-01-03T09:33:29,41.87206,-82.70071,12.6,95.3,94.0,ATLANTIC HURON,IMO8025680,VCQN,70,0,224,23,9.5,70,A
316206000,2022-01-03T09:49:38,41.86713,-82.62650,12.3,95.6,94.0,ATLANTIC HURON,IMO8025680,VCQN,70,0,224,23,9.5,70,A
316206000,2022-01-03T09:35:47,41.87138,-82.68999,12.4,94.7,93.0,ATLANTIC HURON,IMO8025680,VCQN,70,0,224,23,9.5,70,A
316206000,2022-01-03T10:05:58,41.85044,-82.55783,12.3,122.8,122.0,ATLANTIC HURON,IMO8025680,VCQN,70,0,224,23,9.5,70,A
316206000,2022-01-03T10:00:09,41.86117,-82.57999,11.7,121.6,121.0,ATLANTIC HURON,IMO8025680,VCQN,70,0,224,23,9.5,70,A
316206000,2022-01-03T10:41:37,41.81997,-82.41500,11.8,69.1,66.0,ATLANTIC HURON,IMO8025680,VCQN,70,0,224,23,9.5,70,A
316206000,2022-01-03T09:53:08,41.86590,-82.61052,12.3,96.3,94.0,ATLANTIC HURON,IMO8025680,VCQN,70,0,224,23,9.5,70,A
316206000,2022-01-03T04:56:08,42.35515,-82.92918,9.4,246.4,245.0,ATLANTIC HURON,IMO8025680,VCQN,70,0,224,23,9.5,70,A
316206000,2022-01-03T09:54:18,41.86549,-82.60521,12.2,96.1,94.0,ATLANTIC HURON,IMO8025680,VCQN,70,0,224,23,9.5,70,A
316206000,2022-01-03T09:56:39,41.86469,-82.59452,12.2,95.4,94.0,ATLANTIC HURON,IMO8025680,VCQN,70,0,224,23,9.5,70,A
316206000,2022-01-03T09:40:38,41.86994,-82.66766,12.4,95.4,93.0,ATLANTIC HURON,IMO8025680,VCQN,70,0,224,23,9.5,70,A
316206000,2022-01-03T09:57:49,41.86427,-82.58927,12.0,100.0,104.0,ATLANTIC HURON,IMO8025680,VCQN,70,0,224,23,9.5,70,A
316206000,2022-01-03T09:42:47,41.86931,-82.65772,12.3,94.5,93.0,ATLANTIC HURON,IMO8025680,VCQN,70,0,224,23,9.5,70,A
316206000,2022-01-03T10:47:38,41.82721,-82.39008,12.0,68.8,66.0,ATLANTIC HURON,IMO8025680,VCQN,70,0,224,23,9.5,70,A
316206000,2022-01-03T10:03:37,41.85484,-82.56689,12.2,122.7,121.0,ATLANTIC HURON,IMO8025680,VCQN,70,0,224,23,9.5,70,A
316206000,2022-01-03T10:15:17,41.83255,-82.52209,12.3,125.0,123.0,ATLANTIC HURON,IMO8025680,VCQN,70,0,224,23,9.5,70,A
316206000,2022-01-03T05:00:08,42.35073,-82.94221,9.6,236.2,230.0,ATLANTIC HURON,IMO8025680,VCQN,70,0,224,23,9.5,70,A
316206000,2022-01-03T05:01:18,42.34873,-82.94549,9.5,227.3,224.0,ATLANTIC HURON,IMO8025680,VCQN,70,0,224,23,9.5,70,A
316206000,2022-01-03T10:04:49,41.85260,-82.56226,12.3,122.6,121.0,ATLANTIC HURON,IMO8025680,VCQN,70,0,224,23,9.5,70,A
316206000,2022-01-03T10:02:28,41.85694,-82.57122,12.2,123.1,122.0,ATLANTIC HURON,IMO8025680,VCQN,70,0,224,23,9.5,70,A
316206000,2022-01-03T10:51:08,41.83147,-82.37559,12.0,69.3,68.0,ATLANTIC HURON,IMO8025680,VCQN,70,0,224,23,9.5,70,A
316206000,2022-01-03T09:50:48,41.86673,-82.62110,12.2,96.1,94.0,ATLANTIC HURON,IMO8025680,VCQN,70,0,224,23,9.5,70,A
316206000,2022-01-03T10:01:17,41.85911,-82.57571,12.0,123.0,122.0,ATLANTIC HURON,IMO8025680,VCQN,70,0,224,23,9.5,70,A
316206000,2022-01-03T10:18:48,41.82632,-82.50841,12.1,117.6,115.0,ATLANTIC HURON,IMO8025680,VCQN,70,0,224,23,9.5,70,A
316206000,2022-01-03T10:54:37,41.83535,-82.36079,12.1,71.3,69.0,ATLANTIC HURON,IMO8025680,VCQN,70,0,224,23,9.5,70,A
316206000,2022-01-03T10:08:27,41.84577,-82.54818,12.3,122.5,122.0,ATLANTIC HURON,IMO8025680,VCQN,70,0,224,23,9.5,70,A
316206000,2022-01-03T05:06:58,42.33765,-82.96049,9.7,238.7,246.0,ATLANTIC HURON,IMO8025680,VCQN,70,0,224,23,9.5,70,A
316206000,2022-01-03T10:16:29,41.83024,-82.51757,12.3,125.3,122.0,ATLANTIC HURON,IMO8025680,VCQN,70,0,224,23,9.5,70,A
316206000,2022-01-03T10:17:39,41.82814,-82.51307,12.0,117.1,116.0,ATLANTIC HURON,IMO8025680,VCQN,70,0,224,23,9.5,70,A
316206000,2022-01-03T10:10:47,41.84127,-82.53926,12.5,124.9,123.0,ATLANTIC HURON,IMO8025680,VCQN,70,0,224,23,9.5,70,A
316206000,2022-01-03T10:11:48,41.83930,-82.53539,12.3,123.6,122.0,ATLANTIC HURON,IMO8025680,VCQN,70,0,224,23,9.5,70,A
316206000,2022-01-03T10:14:08,41.83478,-82.52648,12.3,123.9,123.0,ATLANTIC HURON,IMO8025680,VCQN,70,0,224,23,9.5,70,A
316206000,2022-01-03T11:02:29,41.84370,-82.32702,12.2,71.8,70.0,ATLANTIC HURON,IMO8025680,VCQN,70,0,224,23,9.5,70,A
316206000,2022-01-03T10:07:09,41.84823,-82.55328,12.3,122.8,121.0,ATLANTIC HURON,IMO8025680,VCQN,70,0,224,23,9.5,70,A
316206000,2022-01-03T11:05:48,41.84715,-82.31274,12.1,72.6,70.0,ATLANTIC HURON,IMO8025680,VCQN,70,0,224,23,9.5,70,A
316206000,2022-01-03T10:26:48,41.81356,-82.47601,12.5,117.7,115.0,ATLANTIC HURON,IMO8025680,VCQN,70,0,224,23,9.5,70,A
316206000,2022-01-03T05:18:37,42.33040,-83.00111,9.9,265.6,265.0,ATLANTIC HURON,IMO8025680,VCQN,70,0,224,23,9.5,70,A
316206000,2022-01-03T10:22:18,41.82078,-82.49430,12.4,118.2,116.0,ATLANTIC HURON,IMO8025680,VCQN,70,0,224,23,9.5,70,A
316206000,2022-01-03T10:12:58,41.83708,-82.53100,12.3,124.6,123.0,ATLANTIC HURON,IMO8025680,VCQN,70,0,224,23,9.5,70,A
316206000,2022-01-03T10:27:57,41.81166,-82.47125,12.3,118.4,116.0,ATLANTIC HURON,IMO8025680,VCQN,70,0,224,23,9.5,70,A
316206000,2022-01-03T10:34:57,41.81229,-82.44250,11.7,70.8,68.0,ATLANTIC HURON,IMO8025680,VCQN,70,0,224,23,9.5,70,A
316206000,2022-01-03T10:25:39,41.81542,-82.48072,12.4,118.5,115.0,ATLANTIC HURON,IMO8025680,VCQN,70,0,224,23,9.5,70,A
316206000,2022-01-03T10:19:58,41.82449,-82.50374,12.2,118.0,115.0,ATLANTIC HURON,IMO8025680,VCQN,70,0,224,23,9.5,70,A
316206000,2022-01-03T10:32:38,41.80990,-82.45201,11.4,71.8,69.0,ATLANTIC HURON,IMO8025680,VCQN,70,0,224,23,9.5,70,A
316206000,2022-01-03T10:29:08,41.80976,-82.46653,12.2,115.1,106.0,ATLANTIC HURON,IMO8025680,VCQN,70,0,224,23,9.5,70,A
316206000,2022-01-03T05:25:27,42.32714,-83.02632,10.1,252.6,253.0,ATLANTIC HURON,IMO8025680,VCQN,70,0,224,23,9.5,70,A
316206000,2022-01-03T10:23:19,41.81917,-82.49024,12.3,117.4,115.0,ATLANTIC HURON,IMO8025680,VCQN,70,0,224,23,9.5,70,A
316206000,2022-01-03T10:33:48,41.81108,-82.44728,11.5,71.2,69.0,ATLANTIC HURON,IMO8025680,VCQN,70,0,224,23,9.5,70,A
316206000,2022-01-03T11:20:08,41.86266,-82.25132,12.1,70.3,68.0,ATLANTIC HURON,IMO8025680,VCQN,70,0,224,23,9.5,70,A
316206000,2022-01-03T10:39:27,41.81743,-82.42396,11.9,69.4,67.0,ATLANTIC HURON,IMO8025680,VCQN,70,0,224,23,9.5,70,A
316206000,2022-01-03T11:27:17,41.87079,-82.22083,12.1,70.0,67.0,ATLANTIC HURON,IMO8025680,VCQN,70,0,224,23,9.5,70,A
316206000,2022-01-03T10:40:28,41.81860,-82.41982,11.9,69.2,67.0,ATLANTIC HURON,IMO8025680,VCQN,70,0,224,23,9.5,70,A
316206000,2022-01-03T10:52:17,41.83281,-82.37070,12.0,70.5,69.0,ATLANTIC HURON,IMO8025680,VCQN,70,0,224,23,9.5,70,A
316206000,2022-01-03T10:44:09,41.82297,-82.40461,11.9,68.5,67.0,ATLANTIC HURON,IMO8025680,VCQN,70,0,224,23,9.5,70,A
316206000,2022-01-03T10:35:58,41.81338,-82.43840,11.6,69.8,67.0,ATLANTIC HURON,IMO8025680,VCQN,70,0,224,23,9.5,70,A
316206000,2022-01-03T10:58:18,41.83929,-82.34505,12.2,71.8,70.0,ATLANTIC HURON,IMO8025680,VCQN,70,0,224,23,9.5,70,A
316206000,2022-01-03T10:48:48,41.82862,-82.38529,12.0,68.2,66.0,ATLANTIC HURON,IMO8025680,VCQN,70,0,224,23,9.5,70,A
316206000,2022-01-03T10:45:18,41.82437,-82.39978,12.0,68.4,66.0,ATLANTIC HURON,IMO8025680,VCQN,70,0,224,23,9.5,70,A
316206000,2022-01-03T10:49:57,41.83004,-82.38044,12.0,68.5,66.0,ATLANTIC HURON,IMO8025680,VCQN,70,0,224,23,9.5,70,A
316206000,2022-01-03T10:53:27,41.83409,-82.36576,12.1,70.9,69.0,ATLANTIC HURON,IMO8025680,VCQN,70,0,224,23,9.5,70,A
316206000,2022-01-03T11:03:37,41.84490,-82.32206,12.1,72.1,70.0,ATLANTIC HURON,IMO8025680,VCQN,70,0,224,23,9.5,70,A
316206000,2022-01-03T10:55:48,41.83662,-82.35580,12.1,71.5,69.0,ATLANTIC HURON,IMO8025680,VCQN,70,0,224,23,9.5,70,A
316206000,2022-01-03T05:36:58,42.31577,-83.06630,9.9,239.1,238.0,ATLANTIC HURON,IMO8025680,VCQN,70,0,224,23,9.5,70,A
316206000,2022-01-03T11:53:49,41.90127,-82.10758,12.2,70.8,68.0,ATLANTIC HURON,IMO8025680,VCQN,70,0,224,23,9.5,70,A
316206000,2022-01-03T11:04:38,41.84595,-82.31769,12.1,72.0,70.0,ATLANTIC HURON,IMO8025680,VCQN,70,0,224,23,9.5,70,A
316206000,2022-01-03T11:55:07,41.90279,-82.10196,12.2,69.8,68.0,ATLANTIC HURON,IMO8025680,VCQN,70,0,224,23,9.5,70,A
316206000,2022-01-03T05:42:47,42.30502,-83.08141,9.0,211.9,211.0,ATLANTIC HURON,IMO8025680,VCQN,70,0,224,23,9.5,70,A
316206000,2022-01-03T11:23:48,41.86684,-82.23577,12.1,70.5,68.0,ATLANTIC HURON,IMO8025680,VCQN,70,0,224,23,9.5,70,A
316206000,2022-01-03T11:07:07,41.84853,-82.30701,12.0,71.6,70.0,ATLANTIC HURON,IMO8025680,VCQN,70,0,224,23,9.5,70,A
316206000,2022-01-03T11:00:08,41.84125,-82.33707,12.2,71.9,70.0,ATLANTIC HURON,IMO8025680,VCQN,70,0,224,23,9.5,70,A
316206000,2022-01-03T12:00:08,41.90821,-82.08041,12.1,72.6,71.0,ATLANTIC HURON,IMO8025680,VCQN,70,0,224,23,9.5,70,A
316206000,2022-01-03T11:15:29,41.85735,-82.27115,12.2,70.3,68.0,ATLANTIC HURON,IMO8025680,VCQN,70,0,224,23,9.5,70,A
316206000,2022-01-03T11:01:18,41.84247,-82.33204,12.1,71.8,70.0,ATLANTIC HURON,IMO8025680,VCQN,70,0,224,23,9.5,70,A
316206000,2022-01-03T11:24:58,41.86815,-82.23079,12.1,71.0,68.0,ATLANTIC HURON,IMO8025680,VCQN,70,0,224,23,9.5,70,A
316206000,2022-01-03T11:10:38,41.85218,-82.29188,12.1,72.4,70.0,ATLANTIC HURON,IMO8025680,VCQN,70,0,224,23,9.5,70,A
316206000,2022-01-03T11:28:29,41.87214,-82.21579,12.2,70.2,67.0,ATLANTIC HURON,IMO8025680,VCQN,70,0,224,23,9.5,70,A
316206000,2022-01-03T11:12:57,41.85458,-82.28190,12.2,72.0,69.0,ATLANTIC HURON,IMO8025680,VCQN,70,0,224,23,9.5,70,A
316206000,2022-01-03T11:26:07,41.86946,-82.22580,12.2,70.3,68.0,ATLANTIC HURON,IMO8025680,VCQN,70,0,224,23,9.5,70,A
316206000,2022-01-03T11:08:17,41.84975,-82.30199,12.1,72.2,70.0,ATLANTIC HURON,IMO8025680,VCQN,70,0,224,23,9.5,70,A
316206000,2022-01-03T11:09:29,41.85099,-82.29691,12.2,71.8,70.0,ATLANTIC HURON,IMO8025680,VCQN,70,0,224,23,9.5,70,A
316206000,2022-01-03T11:16:38,41.85866,-82.26619,12.1,70.5,68.0,ATLANTIC HURON,IMO8025680,VCQN,70,0,224,23,9.5,70,A
316206000,2022-01-03T11:17:48,41.85997,-82.26131,12.1,70.1,68.0,ATLANTIC HURON,IMO8025680,VCQN,70,0,224,23,9.5,70,A
316206000,2022-01-03T12:12:58,41.92099,-82.02467,12.2,71.4,69.0,ATLANTIC HURON,IMO8025680,VCQN,70,0,224,23,9.5,70,A
316206000,2022-01-03T11:18:57,41.86130,-82.25635,12.2,70.2,68.0,ATLANTIC HURON,IMO8025680,VCQN,70,0,224,23,9.5,70,A
316206000,2022-01-03T12:15:19,41.92355,-82.01457,12.2,71.4,69.0,ATLANTIC HURON,IMO8025680,VCQN,70,0,224,23,9.5,70,A
316206000,2022-01-03T11:21:27,41.86417,-82.24571,12.2,69.8,68.0,ATLANTIC HURON,IMO8025680,VCQN,70,0,224,23,9.5,70,A
316206000,2022-01-03T12:21:08,41.92989,-81.98940,12.3,71.9,69.0,ATLANTIC HURON,IMO8025680,VCQN,70,0,224,23,9.5,70,A
316206000,2022-01-03T11:37:48,41.88288,-82.17610,12.2,70.4,68.0,ATLANTIC HURON,IMO8025680,VCQN,70,0,224,23,9.5,70,A
316206000,2022-01-03T11:43:37,41.88961,-82.15118,12.1,70.8,68.0,ATLANTIC HURON,IMO8025680,VCQN,70,0,224,23,9.5,70,A
316206000,2022-01-03T11:42:28,41.88828,-82.15618,12.1,70.3,68.0,ATLANTIC HURON,IMO8025680,VCQN,70,0,224,23,9.5,70,A
316206000,2022-01-03T11:44:47,41.89094,-82.14619,12.2,70.4,68.0,ATLANTIC HURON,IMO8025680,VCQN,70,0,224,23,9.5,70,A
316206000,2022-01-03T11:49:28,41.89630,-82.12611,12.2,70.4,68.0,ATLANTIC HURON,IMO8025680,VCQN,70,0,224,23,9.5,70,A
316206000,2022-01-03T11:36:37,41.88153,-82.18108,12.2,70.3,68.0,ATLANTIC HURON,IMO8025680,VCQN,70,0,224,23,9.5,70,A
316206000,2022-01-03T11:50:29,41.89746,-82.12184,12.1,70.2,68.0,ATLANTIC HURON,IMO8025680,VCQN,70,0,224,23,9.5,70,A
316206000,2022-01-03T11:56:29,41.90433,-82.09618,12.2,71.4,69.0,ATLANTIC HURON,IMO8025680,VCQN,70,0,224,23,9.5,70,A
316206000,2022-01-03T11:30:48,41.87481,-82.20594,12.2,69.9,68.0,ATLANTIC HURON,IMO8025680,VCQN,70,0,224,23,9.5,70,A
316206000,2022-01-03T11:31:49,41.87599,-82.20160,12.1,70.5,68.0,ATLANTIC HURON,IMO8025680,VCQN,70,0,224,23,9.5,70,A
316206000,2022-01-03T11:32:58,41.87729,-82.19670,12.1,70.0,68.0,ATLANTIC HURON,IMO8025680,VCQN,70,0,224,23,9.5,70,A
316206000,2022-01-03T11:41:18,41.88697,-82.16110,12.1,70.0,68.0,ATLANTIC HURON,IMO8025680,VCQN,70,0,224,23,9.5,70,A
316206000,2022-01-03T11:34:08,41.87865,-82.19165,12.1,70.2,67.0,ATLANTIC HURON,IMO8025680,VCQN,70,0,224,23,9.5,70,A
316206000,2022-01-03T05:59:57,42.26692,-83.10861,10.0,199.5,201.0,ATLANTIC HURON,IMO8025680,VCQN,70,0,224,23,9.5,70,A
316206000,2022-01-03T11:47:08,41.89360,-82.13618,12.3,70.8,68.0,ATLANTIC HURON,IMO8025680,VCQN,70,0,224,23,9.5,70,A
316206000,2022-01-03T12:06:47,41.91477,-82.05141,12.1,73.0,71.0,ATLANTIC HURON,IMO8025680,VCQN,70,0,224,23,9.5,70,A
316206000,2022-01-03T11:58:49,41.90685,-82.08610,12.2,72.1,70.0,ATLANTIC HURON,IMO8025680,VCQN,70,0,224,23,9.5,70,A
316206000,2022-01-03T11:52:47,41.90010,-82.11192,12.1,70.2,68.0,ATLANTIC HURON,IMO8025680,VCQN,70,0,224,23,9.5,70,A
316206000,2022-01-03T11:59:58,41.90804,-82.08113,12.2,72.5,71.0,ATLANTIC HURON,IMO8025680,VCQN,70,0,224,23,9.5,70,A
316206000,2022-01-03T11:45:58,41.89227,-82.14118,12.2,70.7,68.0,ATLANTIC HURON,IMO8025680,VCQN,70,0,224,23,9.5,70,A
316206000,2022-01-03T06:04:47,42.25511,-83.11639,9.7,214.2,215.0,ATLANTIC HURON,IMO8025680,VCQN,70,0,224,23,9.5,70,A
316206000,2022-01-03T11:48:18,41.89496,-82.13110,12.2,70.3,68.0,ATLANTIC HURON,IMO8025680,VCQN,70,0,224,23,9.5,70,A
316206000,2022-01-03T12:47:08,41.95811,-81.87628,12.4,70.6,69.0,ATLANTIC HURON,IMO8025680,VCQN,70,0,224,23,9.5,70,A
316206000,2022-01-03T11:51:38,41.89879,-82.11684,12.2,70.4,68.0,ATLANTIC HURON,IMO8025680,VCQN,70,0,224,23,9.5,70,A
316206000,2022-01-03T06:07:08,42.24975,-83.12140,10.2,215.4,216.0,ATLANTIC HURON,IMO8025680,VCQN,70,0,224,23,9.5,70,A
316206000,2022-01-03T12:16:27,41.92480,-82.00963,12.2,71.2,69.0,ATLANTIC HURON,IMO8025680,VCQN,70,0,224,23,9.5,70,A
316206000,2022-01-03T12:52:57,41.96466,-81.85085,12.4,70.1,69.0,ATLANTIC HURON,IMO8025680,VCQN,70,0,224,23,9.5,70,A
316206000,2022-01-03T12:09:47,41.91773,-82.03837,12.1,71.8,70.0,ATLANTIC HURON,IMO8025680,VCQN,70,0,224,23,9.5,70,A
316206000,2022-01-03T11:57:37,41.90557,-82.09122,12.2,71.4,69.0,ATLANTIC HURON,IMO8025680,VCQN,70,0,224,23,9.5,70,A
316206000,2022-01-03T12:08:28,41.91640,-82.04416,12.1,73.1,71.0,ATLANTIC HURON,IMO8025680,VCQN,70,0,224,23,9.5,70,A
316206000,2022-01-03T12:58:47,41.97123,-81.82533,12.4,71.4,70.0,ATLANTIC HURON,IMO8025680,VCQN,70,0,224,23,9.5,70,A
316206000,2022-01-03T12:01:27,41.90955,-82.07463,12.2,73.0,71.0,ATLANTIC HURON,IMO8025680,VCQN,70,0,224,23,9.5,70,A
316206000,2022-01-03T12:23:27,41.93234,-81.97933,12.3,72.0,69.0,ATLANTIC HURON,IMO8025680,VCQN,70,0,224,23,9.5,70,A
316206000,2022-01-03T12:11:49,41.91980,-82.02964,12.2,72.5,70.0,ATLANTIC HURON,IMO8025680,VCQN,70,0,224,23,9.5,70,A
316206000,2022-01-03T12:03:48,41.91186,-82.06440,12.2,73.6,71.0,ATLANTIC HURON,IMO8025680,VCQN,70,0,224,23,9.5,70,A
316206000,2022-01-03T13:04:49,41.97773,-81.79888,12.4,71.5,70.0,ATLANTIC HURON,IMO8025680,VCQN,70,0,224,23,9.5,70,A
316206000,2022-01-03T06:12:48,42.23579,-83.13009,9.7,183.3,184.0,ATLANTIC HURON,IMO8025680,VCQN,70,0,224,23,9.5,70,A
316206000,2022-01-03T12:30:38,41.94003,-81.94820,12.3,72.0,69.0,ATLANTIC HURON,IMO8025680,VCQN,70,0,224,23,9.5,70,A
316206000,2022-01-03T06:15:07,42.22934,-83.13049,10.1,182.7,184.0,ATLANTIC HURON,IMO8025680,VCQN,70,0,224,23,9.5,70,A
316206000,2022-01-03T12:33:08,41.94274,-81.93737,12.1,71.6,70.0,ATLANTIC HURON,IMO8025680,VCQN,70,0,224,23,9.5,70,A
316206000,2022-01-03T13:09:18,41.98257,-81.77919,12.4,72.1,70.0,ATLANTIC HURON,IMO8025680,VCQN,70,0,224,23,9.5,70,A
316206000,2022-01-03T12:27:09,41.93628,-81.96333,12.2,71.9,70.0,ATLANTIC HURON,IMO8025680,VCQN,70,0,224,23,9.5,70,A
316206000,2022-01-03T12:14:08,41.92227,-82.01966,12.2,71.2,69.0,ATLANTIC HURON,IMO8025680,VCQN,70,0,224,23,9.5,70,A
316206000,2022-01-03T12:29:27,41.93877,-81.95327,12.2,70.8,69.0,ATLANTIC HURON,IMO8025680,VCQN,70,0,224,23,9.5,70,A
316206000,2022-01-03T12:24:47,41.93376,-81.97353,12.4,71.6,70.0,ATLANTIC HURON,IMO8025680,VCQN,70,0,224,23,9.5,70,A
316206000,2022-01-03T12:25:58,41.93502,-81.96847,12.2,71.4,69.0,ATLANTIC HURON,IMO8025680,VCQN,70,0,224,23,9.5,70,A
316206000,2022-01-03T12:18:47,41.92736,-81.99957,12.3,71.7,69.0,ATLANTIC HURON,IMO8025680,VCQN,70,0,224,23,9.5,70,A
316206000,2022-01-03T12:34:19,41.94400,-81.93225,12.3,71.9,70.0,ATLANTIC HURON,IMO8025680,VCQN,70,0,224,23,9.5,70,A
316206000,2022-01-03T12:19:58,41.92864,-81.99445,12.2,71.3,70.0,ATLANTIC HURON,IMO8025680,VCQN,70,0,224,23,9.5,70,A
316206000,2022-01-03T12:44:38,41.95530,-81.88721,12.4,71.3,69.0,ATLANTIC HURON,IMO8025680,VCQN,70,0,224,23,9.5,70,A
316206000,2022-01-03T12:37:48,41.94777,-81.91705,12.3,71.1,69.0,ATLANTIC HURON,IMO8025680,VCQN,70,0,224,23,9.5,70,A
316206000,2022-01-03T12:45:49,41.95660,-81.88211,12.4,70.6,69.0,ATLANTIC HURON,IMO8025680,VCQN,70,0,224,23,9.5,70,A
316206000,2022-01-03T12:22:18,41.93110,-81.98440,12.2,72.2,70.0,ATLANTIC HURON,IMO8025680,VCQN,70,0,224,23,9.5,70,A
316206000,2022-01-03T12:40:07,41.95031,-81.90696,12.3,71.0,69.0,ATLANTIC HURON,IMO8025680,VCQN,70,0,224,23,9.5,70,A
316206000,2022-01-03T12:35:29,41.94525,-81.92719,12.3,72.2,70.0,ATLANTIC HURON,IMO8025680,VCQN,70,0,224,23,9.5,70,A
316206000,2022-01-03T13:25:48,42.00099,-81.70681,12.5,70.7,69.0,ATLANTIC HURON,IMO8025680,VCQN,70,0,224,23,9.5,70,A
316206000,2022-01-03T06:22:09,42.20954,-83.13256,9.9,184.7,183.0,ATLANTIC HURON,IMO8025680,VCQN,70,0,224,23,9.5,70,A
316206000,2022-01-03T06:23:18,42.20635,-83.13287,10.0,183.4,184.0,ATLANTIC HURON,IMO8025680,VCQN,70,0,224,23,9.5,70,A
316206000,2022-01-03T12:28:18,41.93752,-81.95833,12.3,71.6,70.0,ATLANTIC HURON,IMO8025680,VCQN,70,0,224,23,9.5,70,A
316206000,2022-01-03T12:41:09,41.95141,-81.90251,12.4,71.6,69.0,ATLANTIC HURON,IMO8025680,VCQN,70,0,224,23,9.5,70,A
316206000,2022-01-03T12:43:27,41.95399,-81.89239,12.4,71.1,69.0,ATLANTIC HURON,IMO8025680,VCQN,70,0,224,23,9.5,70,A
316206000,2022-01-03T12:31:49,41.94132,-81.94306,12.2,71.1,69.0,ATLANTIC HURON,IMO8025680,VCQN,70,0,224,23,9.5,70,A
316206000,2022-01-03T12:42:19,41.95271,-81.89742,12.3,70.9,69.0,ATLANTIC HURON,IMO8025680,VCQN,70,0,224,23,9.5,70,A
316206000,2022-01-03T12:55:09,41.96714,-81.84131,12.3,70.3,69.0,ATLANTIC HURON,IMO8025680,VCQN,70,0,224,23,9.5,70,A
316206000,2022-01-03T12:49:29,41.96071,-81.86607,12.4,71.2,69.0,ATLANTIC HURON,IMO8025680,VCQN,70,0,224,23,9.5,70,A
316206000,2022-01-03T12:36:39,41.94651,-81.92212,12.3,72.1,70.0,ATLANTIC HURON,IMO8025680,VCQN,70,0,224,23,9.5,70,A
316206000,2022-01-03T12:50:37,41.96200,-81.86105,12.4,70.9,69.0,ATLANTIC HURON,IMO8025680,VCQN,70,0,224,23,9.5,70,A
316206000,2022-01-03T12:38:58,41.94904,-81.91198,12.2,71.1,70.0,ATLANTIC HURON,IMO8025680,VCQN,70,0,224,23,9.5,70,A
316206000,2022-01-03T13:03:38,41.97648,-81.80400,12.4,71.8,70.0,ATLANTIC HURON,IMO8025680,VCQN,70,0,224,23,9.5,70,A
316206000,2022-01-03T13:43:49,42.02150,-81.62766,12.5,71.0,70.0,ATLANTIC HURON,IMO8025680,VCQN,70,0,224,23,9.5,70,A
316206000,2022-01-03T06:30:09,42.18720,-83.13460,9.8,185.3,184.0,ATLANTIC HURON,IMO8025680,VCQN,70,0,224,23,9.5,70,A
316206000,2022-01-03T13:01:18,41.97393,-81.81432,12.3,71.7,70.0,ATLANTIC HURON,IMO8025680,VCQN,70,0,224,23,9.5,70,A
316206000,2022-01-03T13:11:38,41.98508,-81.76893,12.3,72.1,70.0,ATLANTIC HURON,IMO8025680,VCQN,70,0,224,23,9.5,70,A
316206000,2022-01-03T13:12:48,41.98633,-81.76382,12.3,71.4,70.0,ATLANTIC HURON,IMO8025680,VCQN,70,0,224,23,9.5,70,A
316206000,2022-01-03T13:13:58,41.98760,-81.75870,12.3,71.1,70.0,ATLANTIC HURON,IMO8025680,VCQN,70,0,224,23,9.5,70,A
316206000,2022-01-03T12:48:17,41.95940,-81.87126,12.4,71.2,70.0,ATLANTIC HURON,IMO8025680,VCQN,70,0,224,23,9.5,70,A
316206000,2022-01-03T12:51:49,41.96335,-81.85588,12.3,70.7,69.0,ATLANTIC HURON,IMO8025680,VCQN,70,0,224,23,9.5,70,A
316206000,2022-01-03T12:56:17,41.96845,-81.83629,12.5,71.1,69.0,ATLANTIC HURON,IMO8025680,VCQN,70,0,224,23,9.5,70,A
316206000,2022-01-03T12:54:08,41.96601,-81.84568,12.4,70.7,69.0,ATLANTIC HURON,IMO8025680,VCQN,70,0,224,23,9.5,70,A
316206000,2022-01-03T06:35:47,42.17159,-83.13552,9.9,169.0,166.0,ATLANTIC HURON,IMO8025680,VCQN,70,0,224,23,9.5,70,A
316206000,2022-01-03T13:10:29,41.98384,-81.77398,12.4,71.7,70.0,ATLANTIC HURON,IMO8025680,VCQN,70,0,224,23,9.5,70,A
316206000,2022-01-03T13:15:09,41.98887,-81.75348,12.5,71.8,70.0,ATLANTIC HURON,IMO8025680,VCQN,70,0,224,23,9.5,70,A
316206000,2022-01-03T13:16:19,41.99016,-81.74836,12.4,71.6,70.0,ATLANTIC HURON,IMO8025680,VCQN,70,0,224,23,9.5,70,A
316206000,2022-01-03T13:30:37,42.00665,-81.68559,12.5,70.6,70.0,ATLANTIC HURON,IMO8025680,VCQN,70,0,224,23,9.5,70,A
316206000,2022-01-03T13:02:27,41.97519,-81.80920,12.4,71.7,70.0,ATLANTIC HURON,IMO8025680,VCQN,70,0,224,23,9.5,70,A
316206000,2022-01-03T13:31:39,42.00781,-81.68111,12.5,70.9,70.0,ATLANTIC HURON,IMO8025680,VCQN,70,0,224,23,9.5,70,A
316206000,2022-01-03T13:19:47,41.99406,-81.73309,12.4,70.4,69.0,ATLANTIC HURON,IMO8025680,VCQN,70,0,224,23,9.5,70,A
316206000,2022-01-03T14:11:38,42.05151,-81.50545,12.4,71.6,71.0,ATLANTIC HURON,IMO8025680,VCQN,70,0,224,23,9.5,70,A
316206000,2022-01-03T13:22:08,41.99673,-81.72288,12.4,69.8,69.0,ATLANTIC HURON,IMO8025680,VCQN,70,0,224,23,9.5,70,A
316206000,2022-01-03T13:17:28,41.99143,-81.74331,12.4,70.9,69.0,ATLANTIC HURON,IMO8025680,VCQN,70,0,224,23,9.5,70,A
316206000,2022-01-03T13:18:37,41.99274,-81.73820,12.5,70.8,69.0,ATLANTIC HURON,IMO8025680,VCQN,70,0,224,23,9.5,70,A
316206000,2022-01-03T13:26:59,42.00236,-81.70161,12.5,70.7,69.0,ATLANTIC HURON,IMO8025680,VCQN,70,0,224,23,9.5,70,A
316206000,2022-01-03T13:20:59,41.99542,-81.72791,12.4,70.7,69.0,ATLANTIC HURON,IMO8025680,VCQN,70,0,224,23,9.5,70,A
316206000,2022-01-03T13:28:17,42.00390,-81.69582,12.5,70.1,69.0,ATLANTIC HURON,IMO8025680,VCQN,70,0,224,23,9.5,70,A
316206000,2022-01-03T13:35:08,42.01179,-81.66571,12.4,70.6,70.0,ATLANTIC HURON,IMO8025680,VCQN,70,0,224,23,9.5,70,A
316206000,2022-01-03T14:24:08,42.06546,-81.45087,12.5,71.1,70.0,ATLANTIC HURON,IMO8025680,VCQN,70,0,224,23,9.5,70,A
316206000,2022-01-03T13:48:18,42.02651,-81.60789,12.5,71.8,71.0,ATLANTIC HURON,IMO8025680,VCQN,70,0,224,23,9.5,70,A
316206000,2022-01-03T13:37:39,42.01459,-81.65473,12.4,71.7,70.0,ATLANTIC HURON,IMO8025680,VCQN,70,0,224,23,9.5,70,A
316206000,2022-01-03T13:24:37,41.99963,-81.71193,12.5,70.9,69.0,ATLANTIC HURON,IMO8025680,VCQN,70,0,224,23,9.5,70,A
316206000,2022-01-03T06:47:18,42.14014,-83.12351,10.1,174.1,179.0,ATLANTIC HURON,IMO8025680,VCQN,70,0,224,23,9.5,70,A
316206000,2022-01-03T13:29:28,42.00529,-81.69063,12.5,69.9,69.0,ATLANTIC HURON,IMO8025680,VCQN,70,0,224,23,9.5,70,A
316206000,2022-01-03T13:33:58,42.01047,-81.67084,12.4,71.2,70.0,ATLANTIC HURON,IMO8025680,VCQN,70,0,224,23,9.5,70,A
316206000,2022-01-03T13:44:58,42.02284,-81.62253,12.5,70.5,71.0,ATLANTIC HURON,IMO8025680,VCQN,70,0,224,23,9.5,70,A
316206000,2022-01-03T13:36:18,42.01311,-81.66058,12.4,70.8,70.0,ATLANTIC HURON,IMO8025680,VCQN,70,0,224,23,9.5,70,A
316206000,2022-01-03T13:32:49,42.00915,-81.67597,12.5,70.5,70.0,ATLANTIC HURON,IMO8025680,VCQN,70,0,224,23,9.5,70,A
316206000,2022-01-03T13:47:08,42.02523,-81.61305,12.5,70.8,71.0,ATLANTIC HURON,IMO8025680,VCQN,70,0,224,23,9.5,70,A
316206000,2022-01-03T13:59:58,42.03901,-81.55651,12.2,71.9,71.0,ATLANTIC HURON,IMO8025680,VCQN,70,0,224,23,9.5,70,A
316206000,2022-01-03T14:01:18,42.04044,-81.55067,12.3,72.0,71.0,ATLANTIC HURON,IMO8025680,VCQN,70,0,224,23,9.5,70,A
316206000,2022-01-03T13:49:27,42.02779,-81.60273,12.4,71.7,71.0,ATLANTIC HURON,IMO8025680,VCQN,70,0,224,23,9.5,70,A
316206000,2022-01-03T14:41:38,42.08540,-81.37394,12.3,71.7,70.0,ATLANTIC HURON,IMO8025680,VCQN,70,0,224,23,9.5,70,A
316206000,2022-01-03T14:43:48,42.08780,-81.36451,12.4,71.1,70.0,ATLANTIC HURON,IMO8025680,VCQN,70,0,224,23,9.5,70,A
316206000,2022-01-03T13:54:08,42.03283,-81.58215,12.4,72.2,71.0,ATLANTIC HURON,IMO8025680,VCQN,70,0,224,23,9.5,70,A
316206000,2022-01-03T13:38:58,42.01605,-81.64895,12.4,71.2,70.0,ATLANTIC HURON,IMO8025680,VCQN,70,0,224,23,9.5,70,A
316206000,2022-01-03T13:45:59,42.02395,-81.61812,12.3,71.8,71.0,ATLANTIC HURON,IMO8025680,VCQN,70,0,224,23,9.5,70,A
316206000,2022-01-03T13:41:17,42.01865,-81.63871,12.4,70.7,70.0,ATLANTIC HURON,IMO8025680,VCQN,70,0,224,23,9.5,70,A
316206000,2022-01-03T13:40:09,42.01736,-81.64375,12.4,71.2,70.0,ATLANTIC HURON,IMO8025680,VCQN,70,0,224,23,9.5,70,A
316206000,2022-01-03T13:56:27,42.03528,-81.57190,12.3,72.4,72.0,ATLANTIC HURON,IMO8025680,VCQN,70,0,224,23,9.5,70,A
316206000,2022-01-03T13:51:48,42.03032,-81.59236,12.5,72.2,71.0,ATLANTIC HURON,IMO8025680,VCQN,70,0,224,23,9.5,70,A
316206000,2022-01-03T13:52:57,42.03155,-81.58736,12.4,71.7,71.0,ATLANTIC HURON,IMO8025680,VCQN,70,0,224,23,9.5,70,A
316206000,2022-01-03T14:03:38,42.04292,-81.54053,12.3,71.3,71.0,ATLANTIC HURON,IMO8025680,VCQN,70,0,224,23,9.5,70,A
316206000,2022-01-03T14:05:49,42.04529,-81.53096,12.4,71.5,71.0,ATLANTIC HURON,IMO8025680,VCQN,70,0,224,23,9.5,70,A
316206000,2022-01-03T14:09:18,42.04904,-81.51560,12.3,71.8,71.0,ATLANTIC HURON,IMO8025680,VCQN,70,0,224,23,9.5,70,A
316206000,2022-01-03T13:50:38,42.02907,-81.59751,12.4,71.4,71.0,ATLANTIC HURON,IMO8025680,VCQN,70,0,224,23,9.5,70,A
316206000,2022-01-03T14:56:27,42.10148,-81.30866,12.4,71.6,71.0,ATLANTIC HURON,IMO8025680,VCQN,70,0,224,23,9.5,70,A
316206000,2022-01-03T14:13:57,42.05404,-81.49525,12.2,71.3,71.0,ATLANTIC HURON,IMO8025680,VCQN,70,0,224,23,9.5,70,A
316206000,2022-01-03T13:55:19,42.03407,-81.57695,12.3,72.6,71.0,ATLANTIC HURON,IMO8025680,VCQN,70,0,224,23,9.5,70,A
316206000,2022-01-03T14:28:47,42.07078,-81.43040,12.5,70.6,70.0,ATLANTIC HURON,IMO8025680,VCQN,70,0,224,23,9.5,70,A
316206000,2022-01-03T15:00:09,42.10539,-81.29242,12.4,72.4,71.0,ATLANTIC HURON,IMO8025680,VCQN,70,0,224,23,9.5,70,A
316206000,2022-01-03T15:01:18,42.10662,-81.28730,12.4,71.7,71.0,ATLANTIC HURON,IMO8025680,VCQN,70,0,224,23,9.5,70,A
316206000,2022-01-03T14:17:27,42.05795,-81.48003,12.4,70.2,70.0,ATLANTIC HURON,IMO8025680,VCQN,70,0,224,23,9.5,70,A
316206000,2022-01-03T13:57:37,42.03651,-81.56679,12.2,71.9,71.0,ATLANTIC HURON,IMO8025680,VCQN,70,0,224,23,9.5,70,A
316206000,2022-01-03T14:31:19,42.07365,-81.41935,12.5,70.6,70.0,ATLANTIC HURON,IMO8025680,VCQN,70,0,224,23,9.5,70,A
316206000,2022-01-03T14:00:07,42.03917,-81.55585,12.3,71.8,71.0,ATLANTIC HURON,IMO8025680,VCQN,70,0,224,23,9.5,70,A
316206000,2022-01-03T15:04:47,42.11033,-81.27201,12.4,71.3,71.0,ATLANTIC HURON,IMO8025680,VCQN,70,0,224,23,9.5,70,A
316206000,2022-01-03T14:02:27,42.04167,-81.54563,12.3,71.2,71.0,ATLANTIC HURON,IMO8025680,VCQN,70,0,224,23,9.5,70,A
316206000,2022-01-03T14:12:48,42.05278,-81.50026,12.2,71.3,71.0,ATLANTIC HURON,IMO8025680,VCQN,70,0,224,23,9.5,70,A
316206000,2022-01-03T15:08:28,42.11433,-81.25588,12.4,71.9,71.0,ATLANTIC HURON,IMO8025680,VCQN,70,0,224,23,9.5,70,A
316206000,2022-01-03T14:06:57,42.04653,-81.52592,12.3,71.9,71.0,ATLANTIC HURON,IMO8025680,VCQN,70,0,224,23,9.5,70,A
316206000,2022-01-03T14:40:29,42.08409,-81.37906,12.4,70.3,70.0,ATLANTIC HURON,IMO8025680,VCQN,70,0,224,23,9.5,70,A
316206000,2022-01-03T14:08:08,42.04779,-81.52080,12.3,71.4,71.0,ATLANTIC HURON,IMO8025680,VCQN,70,0,224,23,9.5,70,A
316206000,2022-01-03T14:25:18,42.06681,-81.44567,12.4,70.8,70.0,ATLANTIC HURON,IMO8025680,VCQN,70,0,224,23,9.5,70,A
316206000,2022-01-03T14:26:29,42.06813,-81.44056,12.4,70.9,70.0,ATLANTIC HURON,IMO8025680,VCQN,70,0,224,23,9.5,70,A
316206000,2022-01-03T14:20:48,42.06168,-81.46546,12.4,71.2,70.0,ATLANTIC HURON,IMO8025680,VCQN,70,0,224,23,9.5,70,A
316206000,2022-01-03T14:47:17,42.09165,-81.34914,12.5,71.8,71.0,ATLANTIC HURON,IMO8025680,VCQN,70,0,224,23,9.5,70,A
316206000,2022-01-03T14:15:07,42.05533,-81.49017,12.4,70.9,70.0,ATLANTIC HURON,IMO8025680,VCQN,70,0,224,23,9.5,70,A
316206000,2022-01-03T14:22:59,42.06416,-81.45591,12.3,70.9,70.0,ATLANTIC HURON,IMO8025680,VCQN,70,0,224,23,9.5,70,A
316206000,2022-01-03T14:16:19,42.05665,-81.48502,12.3,70.8,70.0,ATLANTIC HURON,IMO8025680,VCQN,70,0,224,23,9.5,70,A
316206000,2022-01-03T14:50:48,42.09544,-81.33360,12.4,71.9,71.0,ATLANTIC HURON,IMO8025680,VCQN,70,0,224,23,9.5,70,A
316206000,2022-01-03T15:17:47,42.12424,-81.21478,12.2,72.4,72.0,ATLANTIC HURON,IMO8025680,VCQN,70,0,224,23,9.5,70,A
316206000,2022-01-03T14:18:29,42.05908,-81.47559,12.4,71.5,70.0,ATLANTIC HURON,IMO8025680,VCQN,70,0,224,23,9.5,70,A
316206000,2022-01-03T14:21:58,42.06302,-81.46028,12.5,70.2,70.0,ATLANTIC HURON,IMO8025680,VCQN,70,0,224,23,9.5,70,A
316206000,2022-01-03T14:27:38,42.06943,-81.43551,12.5,70.6,70.0,ATLANTIC HURON,IMO8025680,VCQN,70,0,224,23,9.5,70,A
316206000,2022-01-03T14:30:07,42.07231,-81.42455,12.5,69.7,70.0,ATLANTIC HURON,IMO8025680,VCQN,70,0,224,23,9.5,70,A
316206000,2022-01-03T15:27:59,42.13587,-81.17047,12.3,70.4,69.0,ATLANTIC HURON,IMO8025680,VCQN,70,0,224,23,9.5,70,A
316206000,2022-01-03T14:32:27,42.07495,-81.41429,12.4,70.9,70.0,ATLANTIC HURON,IMO8025680,VCQN,70,0,224,23,9.5,70,A
316206000,2022-01-03T14:33:38,42.07629,-81.40916,12.5,70.8,70.0,ATLANTIC HURON,IMO8025680,VCQN,70,0,224,23,9.5,70,A
316206000,2022-01-03T15:30:18,42.13862,-81.16034,12.4,70.4,69.0,ATLANTIC HURON,IMO8025680,VCQN,70,0,224,23,9.5,70,A
316206000,2022-01-03T14:35:49,42.07876,-81.39957,12.4,71.0,70.0,ATLANTIC HURON,IMO8025680,VCQN,70,0,224,23,9.5,70,A
316206000,2022-01-03T15:31:37,42.14015,-81.15462,12.3,69.3,69.0,ATLANTIC HURON,IMO8025680,VCQN,70,0,224,23,9.5,70,A
316206000,2022-01-03T14:34:48,42.07761,-81.40404,12.5,70.9,70.0,ATLANTIC HURON,IMO8025680,VCQN,70,0,224,23,9.5,70,A
316206000,2022-01-03T14:36:58,42.08007,-81.39443,12.5,70.9,70.0,ATLANTIC HURON,IMO8025680,VCQN,70,0,224,23,9.5,70,A
316206000,2022-01-03T14:38:09,42.08140,-81.38930,12.5,71.3,70.0,ATLANTIC HURON,IMO8025680,VCQN,70,0,224,23,9.5,70,A
316206000,2022-01-03T14:39:17,42.08273,-81.38425,12.4,70.3,70.0,ATLANTIC HURON,IMO8025680,VCQN,70,0,224,23,9.5,70,A
316206000,2022-01-03T14:48:29,42.09292,-81.34391,12.5,71.4,71.0,ATLANTIC HURON,IMO8025680,VCQN,70,0,224,23,9.5,70,A
316206000,2022-01-03T14:51:49,42.09651,-81.32918,12.4,71.7,71.0,ATLANTIC HURON,IMO8025680,VCQN,70,0,224,23,9.5,70,A
316206000,2022-01-03T14:58:49,42.10397,-81.29829,12.4,72.0,71.0,ATLANTIC HURON,IMO8025680,VCQN,70,0,224,23,9.5,70,A
316206000,2022-01-03T14:42:47,42.08668,-81.36889,12.3,71.0,70.0,ATLANTIC HURON,IMO8025680,VCQN,70,0,224,23,9.5,70,A
316206000,2022-01-03T07:11:39,42.07204,-83.13190,10.0,185.5,185.0,ATLANTIC HURON,IMO8025680,VCQN,70,0,224,23,9.5,70,A
316206000,2022-01-03T14:44:58,42.08913,-81.35933,12.5,70.8,71.0,ATLANTIC HURON,IMO8025680,VCQN,70,0,224,23,9.5,70,A
316206000,2022-01-03T14:55:17,42.10023,-81.31380,12.3,71.5,71.0,ATLANTIC HURON,IMO8025680,VCQN,70,0,224,23,9.5,70,A
316206000,2022-01-03T14:46:09,42.09041,-81.35420,12.4,71.3,71.0,ATLANTIC HURON,IMO8025680,VCQN,70,0,224,23,9.5,70,A
316206000,2022-01-03T15:24:37,42.13188,-81.18498,12.3,70.3,69.0,ATLANTIC HURON,IMO8025680,VCQN,70,0,224,23,9.5,70,A
316206000,2022-01-03T15:05:57,42.11160,-81.26688,12.3,71.5,71.0,ATLANTIC HURON,IMO8025680,VCQN,70,0,224,23,9.5,70,A
316206000,2022-01-03T14:49:39,42.09418,-81.33876,12.4,72.1,71.0,ATLANTIC HURON,IMO8025680,VCQN,70,0,224,23,9.5,70,A
316206000,2022-01-03T15:07:18,42.11305,-81.26101,12.4,71.8,71.0,ATLANTIC HURON,IMO8025680,VCQN,70,0,224,23,9.5,70,A
316206000,2022-01-03T15:51:18,42.16255,-81.06839,12.4,72.0,71.0,ATLANTIC HURON,IMO8025680,VCQN,70,0,224,23,9.5,70,A
316206000,2022-01-03T14:54:08,42.09898,-81.31895,12.5,72.3,71.0,ATLANTIC HURON,IMO8025680,VCQN,70,0,224,23,9.5,70,A
316206000,2022-01-03T14:57:37,42.10272,-81.30351,12.4,72.2,71.0,ATLANTIC HURON,IMO8025680,VCQN,70,0,224,23,9.5,70,A
316206000,2022-01-03T15:56:57,42.16860,-81.04336,12.4,71.9,71.0,ATLANTIC HURON,IMO8025680,VCQN,70,0,224,23,9.5,70,A
316206000,2022-01-03T15:33:59,42.14291,-81.14440,12.4,69.5,69.0,ATLANTIC HURON,IMO8025680,VCQN,70,0,224,23,9.5,70,A
316206000,2022-01-03T15:36:19,42.14569,-81.13425,12.3,70.1,70.0,ATLANTIC HURON,IMO8025680,VCQN,70,0,224,23,9.5,70,A
316206000,2022-01-03T15:02:28,42.10783,-81.28226,12.3,71.8,71.0,ATLANTIC HURON,IMO8025680,VCQN,70,0,224,23,9.5,70,A
316206000,2022-01-03T15:11:58,42.11805,-81.24047,12.4,72.4,71.0,ATLANTIC HURON,IMO8025680,VCQN,70,0,224,23,9.5,70,A
316206000,2022-01-03T15:19:59,42.12656,-81.20520,12.4,71.1,70.0,ATLANTIC HURON,IMO8025680,VCQN,70,0,224,23,9.5,70,A
316206000,2022-01-03T15:21:09,42.12785,-81.20011,12.3,70.7,70.0,ATLANTIC HURON,IMO8025680,VCQN,70,0,224,23,9.5,70,A
316206000,2022-01-03T16:03:38,42.17571,-81.01378,12.4,72.1,71.0,ATLANTIC HURON,IMO8025680,VCQN,70,0,224,23,9.5,70,A
316206000,2022-01-03T15:15:28,42.12178,-81.22499,12.3,72.3,71.0,ATLANTIC HURON,IMO8025680,VCQN,70,0,224,23,9.5,70,A
316206000,2022-01-03T16:04:39,42.17680,-81.00937,12.4,71.8,70.0,ATLANTIC HURON,IMO8025680,VCQN,70,0,224,23,9.5,70,A
316206000,2022-01-03T15:16:39,42.12303,-81.21985,12.5,71.8,71.0,ATLANTIC HURON,IMO8025680,VCQN,70,0,224,23,9.5,70,A
316206000,2022-01-03T15:23:28,42.13053,-81.18996,12.3,70.2,69.0,ATLANTIC HURON,IMO8025680,VCQN,70,0,224,23,9.5,70,A
316206000,2022-01-03T15:25:38,42.13309,-81.18059,12.3,69.4,69.0,ATLANTIC HURON,IMO8025680,VCQN,70,0,224,23,9.5,70,A
316206000,2022-01-03T15:26:48,42.13446,-81.17561,12.4,69.1,69.0,ATLANTIC HURON,IMO8025680,VCQN,70,0,224,23,9.5,70,A
316206000,2022-01-03T15:18:58,42.12549,-81.20959,12.4,71.9,71.0,ATLANTIC HURON,IMO8025680,VCQN,70,0,224,23,9.5,70,A
316206000,2022-01-03T15:09:38,42.11559,-81.25075,12.4,71.8,71.0,ATLANTIC HURON,IMO8025680,VCQN,70,0,224,23,9.5,70,A
316206000,2022-01-03T07:17:27,42.05551,-83.13411,10.1,185.7,185.0,ATLANTIC HURON,IMO8025680,VCQN,70,0,224,23,9.5,70,A
316206000,2022-01-03T15:43:08,42.15343,-81.10438,12.4,70.9,70.0,ATLANTIC HURON,IMO8025680,VCQN,70,0,224,23,9.5,70,A
316206000,2022-01-03T16:10:28,42.18327,-80.98380,12.4,71.0,70.0,ATLANTIC HURON,IMO8025680,VCQN,70,0,224,23,9.5,70,A
316206000,2022-01-03T15:13:09,42.11930,-81.23527,12.3,72.1,71.0,ATLANTIC HURON,IMO8025680,VCQN,70,0,224,23,9.5,70,A
316206000,2022-01-03T15:14:18,42.12054,-81.23013,12.4,72.0,71.0,ATLANTIC HURON,IMO8025680,VCQN,70,0,224,23,9.5,70,A
316206000,2022-01-03T15:47:49,42.15866,-81.08374,12.4,70.8,70.0,ATLANTIC HURON,IMO8025680,VCQN,70,0,224,23,9.5,70,A
316206000,2022-01-03T15:10:47,42.11683,-81.24561,12.3,72.2,71.0,ATLANTIC HURON,IMO8025680,VCQN,70,0,224,23,9.5,70,A
316206000,2022-01-03T16:17:29,42.19103,-80.95295,12.4,71.2,70.0,ATLANTIC HURON,IMO8025680,VCQN,70,0,224,23,9.5,70,A
316206000,2022-01-03T15:32:49,42.14154,-81.14947,12.4,70.0,69.0,ATLANTIC HURON,IMO8025680,VCQN,70,0,224,23,9.5,70,A
316206000,2022-01-03T15:37:28,42.14702,-81.12922,12.4,70.6,70.0,ATLANTIC HURON,IMO8025680,VCQN,70,0,224,23,9.5,70,A
316206000,2022-01-03T15:38:38,42.14835,-81.12412,12.4,70.4,70.0,ATLANTIC HURON,IMO8025680,VCQN,70,0,224,23,9.5,70,A
316206000,2022-01-03T15:22:18,42.12918,-81.19503,12.3,70.5,70.0,ATLANTIC HURON,IMO8025680,VCQN,70,0,224,23,9.5,70,A
316206000,2022-01-03T15:39:48,42.14968,-81.11894,12.5,70.7,70.0,ATLANTIC HURON,IMO8025680,VCQN,70,0,224,23,9.5,70,A
316206000,2022-01-03T16:02:27,42.17446,-81.01901,12.4,72.1,71.0,ATLANTIC HURON,IMO8025680,VCQN,70,0,224,23,9.5,70,A
316206000,2022-01-03T15:45:28,42.15604,-81.09411,12.5,71.5,70.0,ATLANTIC HURON,IMO8025680,VCQN,70,0,224,23,9.5,70,A
316206000,2022-01-03T15:48:57,42.15995,-81.07868,12.5,71.0,70.0,ATLANTIC HURON,IMO8025680,VCQN,70,0,224,23,9.5,70,A
316206000,2022-01-03T15:40:49,42.15082,-81.11455,12.4,70.7,70.0,ATLANTIC HURON,IMO8025680,VCQN,70,0,224,23,9.5,70,A
316206000,2022-01-03T16:08:08,42.18067,-80.99398,12.4,70.8,70.0,ATLANTIC HURON,IMO8025680,VCQN,70,0,224,23,9.5,70,A
316206000,2022-01-03T15:52:27,42.16381,-81.06323,12.4,72.4,71.0,ATLANTIC HURON,IMO8025680,VCQN,70,0,224,23,9.5,70,A
316206000,2022-01-03T16:38:28,42.21434,-80.86071,12.4,71.0,70.0,ATLANTIC HURON,IMO8025680,VCQN,70,0,224,23,9.5,70,A
316206000,2022-01-03T16:39:37,42.21565,-80.85558,12.3,71.2,70.0,ATLANTIC HURON,IMO8025680,VCQN,70,0,224,23,9.5,70,A
316206000,2022-01-03T15:44:18,42.15476,-81.09917,12.4,71.5,70.0,ATLANTIC HURON,IMO8025680,VCQN,70,0,224,23,9.5,70,A
316206000,2022-01-03T15:58:09,42.16986,-81.03811,12.4,72.1,71.0,ATLANTIC HURON,IMO8025680,VCQN,70,0,224,23,9.5,70,A
316206000,2022-01-03T16:11:38,42.18459,-80.97861,12.4,71.6,70.0,ATLANTIC HURON,IMO8025680,VCQN,70,0,224,23,9.5,70,A
316206000,2022-01-03T15:35:08,42.14429,-81.13940,12.4,69.1,69.0,ATLANTIC HURON,IMO8025680,VCQN,70,0,224,23,9.5,70,A
316206000,2022-01-03T15:59:19,42.17112,-81.03294,12.5,72.7,71.0,ATLANTIC HURON,IMO8025680,VCQN,70,0,224,23,9.5,70,A
316206000,2022-01-03T15:53:28,42.16488,-81.05881,12.3,71.9,71.0,ATLANTIC HURON,IMO8025680,VCQN,70,0,224,23,9.5,70,A
316206000,2022-01-03T15:50:09,42.16128,-81.07347,12.4,70.9,70.0,ATLANTIC HURON,IMO8025680,VCQN,70,0,224,23,9.5,70,A
316206000,2022-01-03T16:51:18,42.22877,-80.80411,12.3,71.5,71.0,ATLANTIC HURON,IMO8025680,VCQN,70,0,224,23,9.5,70,A
316206000,2022-01-03T16:05:47,42.17806,-81.00431,12.4,71.2,70.0,ATLANTIC HURON,IMO8025680,VCQN,70,0,224,23,9.5,70,A
316206000,2022-01-03T16:01:19,42.17324,-81.02410,12.4,72.0,71.0,ATLANTIC HURON,IMO8025680,VCQN,70,0,224,23,9.5,70,A
316206000,2022-01-03T16:55:57,42.23367,-80.78364,12.4,72.8,71.0,ATLANTIC HURON,IMO8025680,VCQN,70,0,224,23,9.5,70,A
316206000,2022-01-03T16:56:58,42.23472,-80.77920,12.5,72.0,71.0,ATLANTIC HURON,IMO8025680,VCQN,70,0,224,23,9.5,70,A
316206000,2022-01-03T16:15:08,42.18847,-80.96321,12.4,71.6,70.0,ATLANTIC HURON,IMO8025680,VCQN,70,0,224,23,9.5,70,A
316206000,2022-01-03T16:00:09,42.17200,-81.02925,12.3,71.9,71.0,ATLANTIC HURON,IMO8025680,VCQN,70,0,224,23,9.5,70,A
316206000,2022-01-03T17:01:18,42.23939,-80.75990,12.4,71.6,71.0,ATLANTIC HURON,IMO8025680,VCQN,70,0,224,23,9.5,70,A
316206000,2022-01-03T16:36:09,42.21176,-80.87092,12.3,71.3,70.0,ATLANTIC HURON,IMO8025680,VCQN,70,0,224,23,9.5,70,A
316206000,2022-01-03T15:55:48,42.16738,-81.04844,12.4,72.5,71.0,ATLANTIC HURON,IMO8025680,VCQN,70,0,224,23,9.5,70,A
316206000,2022-01-03T16:13:59,42.18717,-80.96835,12.3,71.0,70.0,ATLANTIC HURON,IMO8025680,VCQN,70,0,224,23,9.5,70,A
316206000,2022-01-03T16:18:37,42.19229,-80.94790,12.4,71.5,70.0,ATLANTIC HURON,IMO8025680,VCQN,70,0,224,23,9.5,70,A
316206000,2022-01-03T07:38:27,41.99094,-83.13472,11.7,162.4,161.0,ATLANTIC HURON,IMO8025680,VCQN,70,0,224,23,9.5,70,A
316206000,2022-01-03T17:08:18,42.24702,-80.72902,12.4,70.5,70.0,ATLANTIC HURON,IMO8025680,VCQN,70,0,224,23,9.5,70,A
316206000,2022-01-03T16:43:08,42.21963,-80.84019,12.4,71.1,70.0,ATLANTIC HURON,IMO8025680,VCQN,70,0,224,23,9.5,70,A
316206000,2022-01-03T16:25:38,42.20008,-80.91702,12.4,71.4,70.0,ATLANTIC HURON,IMO8025680,VCQN,70,0,224,23,9.5,70,A
316206000,2022-01-03T16:22:07,42.19618,-80.93250,12.4,70.7,70.0,ATLANTIC HURON,IMO8025680,VCQN,70,0,224,23,9.5,70,A
316206000,2022-01-03T16:27:58,42.20267,-80.90686,12.4,71.0,70.0,ATLANTIC HURON,IMO8025680,VCQN,70,0,224,23,9.5,70,A
316206000,2022-01-03T17:18:47,42.25894,-80.68253,12.4,70.8,69.0,ATLANTIC HURON,IMO8025680,VCQN,70,0,224,23,9.5,70,A
316206000,2022-01-03T16:52:29,42.23003,-80.79892,12.3,72.1,71.0,ATLANTIC HURON,IMO8025680,VCQN,70,0,224,23,9.5,70,A
316206000,2022-01-03T16:16:18,42.18975,-80.95808,12.4,71.3,70.0,ATLANTIC HURON,IMO8025680,VCQN,70,0,224,23,9.5,70,A
316206000,2022-01-03T16:26:47,42.20136,-80.91198,12.4,71.2,70.0,ATLANTIC HURON,IMO8025680,VCQN,70,0,224,23,9.5,70,A
316206000,2022-01-03T16:32:39,42.20786,-80.88632,12.4,70.6,70.0,ATLANTIC HURON,IMO8025680,VCQN,70,0,224,23,9.5,70,A
316206000,2022-01-03T16:31:28,42.20654,-80.89151,12.3,71.7,70.0,ATLANTIC HURON,IMO8025680,VCQN,70,0,224,23,9.5,70,A
316206000,2022-01-03T16:29:08,42.20396,-80.90175,12.4,71.5,70.0,ATLANTIC HURON,IMO8025680,VCQN,70,0,224,23,9.5,70,A
316206000,2022-01-03T16:20:59,42.19490,-80.93757,12.4,71.0,70.0,ATLANTIC HURON,IMO8025680,VCQN,70,0,224,23,9.5,70,A
316206000,2022-01-03T16:30:17,42.20525,-80.89664,12.4,71.3,70.0,ATLANTIC HURON,IMO8025680,VCQN,70,0,224,23,9.5,70,A
316206000,2022-01-03T16:12:49,42.18588,-80.97348,12.4,71.3,70.0,ATLANTIC HURON,IMO8025680,VCQN,70,0,224,23,9.5,70,A
316206000,2022-01-03T16:58:08,42.23597,-80.77401,12.4,72.3,71.0,ATLANTIC HURON,IMO8025680,VCQN,70,0,224,23,9.5,70,A
316206000,2022-01-03T16:59:17,42.23721,-80.76882,12.4,72.4,71.0,ATLANTIC HURON,IMO8025680,VCQN,70,0,224,23,9.5,70,A
316206000,2022-01-03T16:37:18,42.21305,-80.86578,12.4,71.4,70.0,ATLANTIC HURON,IMO8025680,VCQN,70,0,224,23,9.5,70,A
316206000,2022-01-03T16:23:18,42.19750,-80.92728,12.4,71.5,70.0,ATLANTIC HURON,IMO8025680,VCQN,70,0,224,23,9.5,70,A
316206000,2022-01-03T17:23:27,42.26433,-80.66191,12.6,70.9,70.0,ATLANTIC HURON,IMO8025680,VCQN,70,0,224,23,9.5,70,A
316206000,2022-01-03T16:33:48,42.20916,-80.88127,12.4,70.9,70.0,ATLANTIC HURON,IMO8025680,VCQN,70,0,224,23,9.5,70,A
316206000,2022-01-03T17:29:18,42.27087,-80.63600,12.5,71.6,71.0,ATLANTIC HURON,IMO8025680,VCQN,70,0,224,23,9.5,70,A
316206000,2022-01-03T16:46:39,42.22362,-80.82470,12.5,71.4,70.0,ATLANTIC HURON,IMO8025680,VCQN,70,0,224,23,9.5,70,A
316206000,2022-01-03T07:52:28,41.94639,-83.11703,11.9,163.9,163.0,ATLANTIC HURON,IMO8025680,VCQN,70,0,224,23,9.5,70,A
316206000,2022-01-03T17:32:48,42.27481,-80.62037,12.5,71.4,71.0,ATLANTIC HURON,IMO8025680,VCQN,70,0,224,23,9.5,70,A
316206000,2022-01-03T17:33:57,42.27608,-80.61525,12.5,71.3,71.0,ATLANTIC HURON,IMO8025680,VCQN,70,0,224,23,9.5,70,A
316206000,2022-01-03T16:45:28,42.22228,-80.82992,12.4,70.9,70.0,ATLANTIC HURON,IMO8025680,VCQN,70,0,224,23,9.5,70,A
316206000,2022-01-03T16:40:47,42.21698,-80.85045,12.5,70.8,70.0,ATLANTIC HURON,IMO8025680,VCQN,70,0,224,23,9.5,70,A
316206000,2022-01-03T16:24:28,42.19877,-80.92222,12.3,71.0,70.0,ATLANTIC HURON,IMO8025680,VCQN,70,0,224,23,9.5,70,A
316206000,2022-01-03T16:50:09,42.22754,-80.80921,12.5,71.0,71.0,ATLANTIC HURON,IMO8025680,VCQN,70,0,224,23,9.5,70,A
316206000,2022-01-03T16:34:58,42.21044,-80.87613,12.4,71.6,70.0,ATLANTIC HURON,IMO8025680,VCQN,70,0,224,23,9.5,70,A
316206000,2022-01-03T17:39:38,42.28236,-80.59001,12.6,71.3,71.0,ATLANTIC HURON,IMO8025680,VCQN,70,0,224,23,9.5,70,A
316206000,2022-01-03T17:41:58,42.28495,-80.57958,12.5,71.4,71.0,ATLANTIC HURON,IMO8025680,VCQN,70,0,224,23,9.5,70,A
316206000,2022-01-03T16:47:48,42.22491,-80.81960,12.5,71.3,70.0,ATLANTIC HURON,IMO8025680,VCQN,70,0,224,23,9.5,70,A
316206000,2022-01-03T07:57:17,41.93108,-83.11099,11.8,163.5,163.0,ATLANTIC HURON,IMO8025680,VCQN,70,0,224,23,9.5,70,A
316206000,2022-01-03T07:58:28,41.92732,-83.10950,11.9,163.5,162.0,ATLANTIC HURON,IMO8025680,VCQN,70,0,224,23,9.5,70,A
316206000,2022-01-03T17:12:58,42.25232,-80.70832,12.5,71.0,70.0,ATLANTIC HURON,IMO8025680,VCQN,70,0,224,23,9.5,70,A
316206000,2022-01-03T17:48:57,42.29271,-80.54830,12.6,71.0,70.0,ATLANTIC HURON,IMO8025680,VCQN,70,0,224,23,9.5,70,A
316206000,2022-01-03T17:16:27,42.25630,-80.69288,12.5,70.6,70.0,ATLANTIC HURON,IMO8025680,VCQN,70,0,224,23,9.5,70,A
316206000,2022-01-03T16:41:58,42.21831,-80.84531,12.3,70.7,70.0,ATLANTIC HURON,IMO8025680,VCQN,70,0,224,23,9.5,70,A
316206000,2022-01-03T17:53:37,42.29807,-80.52754,12.5,71.5,70.0,ATLANTIC HURON,IMO8025680,VCQN,70,0,224,23,9.5,70,A
316206000,2022-01-03T17:21:07,42.26166,-80.67224,12.5,70.8,70.0,ATLANTIC HURON,IMO8025680,VCQN,70,0,224,23,9.5,70,A
316206000,2022-01-03T17:24:39,42.26568,-80.65667,12.5,71.2,70.0,ATLANTIC HURON,IMO8025680,VCQN,70,0,224,23,9.5,70,A
316206000,2022-01-03T18:00:08,42.30533,-80.49875,12.5,71.5,70.0,ATLANTIC HURON,IMO8025680,VCQN,70,0,224,23,9.5,70,A
316206000,2022-01-03T16:53:38,42.23127,-80.79382,12.2,72.1,71.0,ATLANTIC HURON,IMO8025680,VCQN,70,0,224,23,9.5,70,A
316206000,2022-01-03T17:07:08,42.24569,-80.73417,12.4,71.1,70.0,ATLANTIC HURON,IMO8025680,VCQN,70,0,224,23,9.5,70,A
316206000,2022-01-03T17:11:48,42.25099,-80.71349,12.4,71.2,70.0,ATLANTIC HURON,IMO8025680,VCQN,70,0,224,23,9.5,70,A
316206000,2022-01-03T16:54:48,42.23246,-80.78879,12.3,72.3,72.0,ATLANTIC HURON,IMO8025680,VCQN,70,0,224,23,9.5,70,A
316206000,2022-01-03T18:08:09,42.31428,-80.46318,12.5,70.8,70.0,ATLANTIC HURON,IMO8025680,VCQN,70,0,224,23,9.5,70,A
316206000,2022-01-03T17:00:07,42.23810,-80.76513,12.5,71.5,71.0,ATLANTIC HURON,IMO8025680,VCQN,70,0,224,23,9.5,70,A
316206000,2022-01-03T17:25:49,42.26698,-80.65148,12.5,71.1,70.0,ATLANTIC HURON,IMO8025680,VCQN,70,0,224,23,9.5,70,A
316206000,2022-01-03T17:03:38,42.24186,-80.74956,12.4,71.9,71.0,ATLANTIC HURON,IMO8025680,VCQN,70,0,224,23,9.5,70,A
316206000,2022-01-03T17:37:18,42.27979,-80.60034,12.5,71.2,71.0,ATLANTIC HURON,IMO8025680,VCQN,70,0,224,23,9.5,70,A
316206000,2022-01-03T17:02:27,42.24062,-80.75481,12.4,72.4,71.0,ATLANTIC HURON,IMO8025680,VCQN,70,0,224,23,9.5,70,A
316206000,2022-01-03T17:19:58,42.26033,-80.67732,12.5,69.9,70.0,ATLANTIC HURON,IMO8025680,VCQN,70,0,224,23,9.5,70,A
316206000,2022-01-03T17:10:37,42.24965,-80.71872,12.5,70.8,70.0,ATLANTIC HURON,IMO8025680,VCQN,70,0,224,23,9.5,70,A
316206000,2022-01-03T17:05:58,42.24441,-80.73925,12.3,70.8,71.0,ATLANTIC HURON,IMO8025680,VCQN,70,0,224,23,9.5,70,A
316206000,2022-01-03T17:22:18,42.26301,-80.66701,12.4,70.5,70.0,ATLANTIC HURON,IMO8025680,VCQN,70,0,224,23,9.5,70,A
316206000,2022-01-03T17:46:38,42.29012,-80.55863,12.5,71.2,71.0,ATLANTIC HURON,IMO8025680,VCQN,70,0,224,23,9.5,70,A
316206000,2022-01-03T17:14:09,42.25365,-80.70314,12.5,70.3,70.0,ATLANTIC HURON,IMO8025680,VCQN,70,0,224,23,9.5,70,A
316206000,2022-01-03T18:21:37,42.32934,-80.40297,12.5,71.4,70.0,ATLANTIC HURON,IMO8025680,VCQN,70,0,224,23,9.5,70,A
316206000,2022-01-03T17:09:27,42.24834,-80.72388,12.4,71.0,70.0,ATLANTIC HURON,IMO8025680,VCQN,70,0,224,23,9.5,70,A
316206000,2022-01-03T18:26:17,42.33446,-80.38238,12.5,71.8,70.0,ATLANTIC HURON,IMO8025680,VCQN,70,0,224,23,9.5,70,A
316206000,2022-01-03T17:15:18,42.25497,-80.69804,12.4,70.4,70.0,ATLANTIC HURON,IMO8025680,VCQN,70,0,224,23,9.5,70,A
316206000,2022-01-03T18:30:57,42.33957,-80.36162,12.5,71.8,70.0,ATLANTIC HURON,IMO8025680,VCQN,70,0,224,23,9.5,70,A
316206000,2022-01-03T17:34:58,42.27721,-80.61073,12.4,71.8,71.0,ATLANTIC HURON,IMO8025680,VCQN,70,0,224,23,9.5,70,A
316206000,2022-01-03T17:45:29,42.28883,-80.56385,12.5,71.0,71.0,ATLANTIC HURON,IMO8025680,VCQN,70,0,224,23,9.5,70,A
316206000,2022-01-03T17:28:07,42.26956,-80.64119,12.5,71.1,70.0,ATLANTIC HURON,IMO8025680,VCQN,70,0,224,23,9.5,70,A
316206000,2022-01-03T17:30:28,42.27221,-80.63074,12.4,71.1,71.0,ATLANTIC HURON,IMO8025680,VCQN,70,0,224,23,9.5,70,A
316206000,2022-01-03T17:31:39,42.27351,-80.62555,12.5,71.7,71.0,ATLANTIC HURON,IMO8025680,VCQN,70,0,224,23,9.5,70,A
316206000,2022-01-03T17:51:19,42.29541,-80.53785,12.5,71.3,70.0,ATLANTIC HURON,IMO8025680,VCQN,70,0,224,23,9.5,70,A
316206000,2022-01-03T17:52:28,42.29675,-80.53265,12.6,70.9,70.0,ATLANTIC HURON,IMO8025680,VCQN,70,0,224,23,9.5,70,A
316206000,2022-01-03T17:55:49,42.30053,-80.51792,12.3,70.9,70.0,ATLANTIC HURON,IMO8025680,VCQN,70,0,224,23,9.5,70,A
316206000,2022-01-03T17:36:08,42.27849,-80.60555,12.6,71.6,71.0,ATLANTIC HURON,IMO8025680,VCQN,70,0,224,23,9.5,70,A
316206000,2022-01-03T17:54:38,42.29919,-80.52311,12.4,70.9,70.0,ATLANTIC HURON,IMO8025680,VCQN,70,0,224,23,9.5,70,A
316206000,2022-01-03T17:56:59,42.30184,-80.51280,12.3,71.3,71.0,ATLANTIC HURON,IMO8025680,VCQN,70,0,224,23,9.5,70,A
316206000,2022-01-03T17:38:28,42.28108,-80.59514,12.5,71.5,71.0,ATLANTIC HURON,IMO8025680,VCQN,70,0,224,23,9.5,70,A
316206000,2022-01-03T17:40:47,42.28366,-80.58480,12.5,71.4,71.0,ATLANTIC HURON,IMO8025680,VCQN,70,0,224,23,9.5,70,A
316206000,2022-01-03T17:44:18,42.28754,-80.56906,12.5,71.4,71.0,ATLANTIC HURON,IMO8025680,VCQN,70,0,224,23,9.5,70,A
316206000,2022-01-03T18:04:38,42.31032,-80.47881,12.5,71.4,70.0,ATLANTIC HURON,IMO8025680,VCQN,70,0,224,23,9.5,70,A
316206000,2022-01-03T18:55:59,42.36787,-80.24986,12.5,71.1,70.0,ATLANTIC HURON,IMO8025680,VCQN,70,0,224,23,9.5,70,A
316206000,2022-01-03T17:58:08,42.30312,-80.50764,12.5,71.8,71.0,ATLANTIC HURON,IMO8025680,VCQN,70,0,224,23,9.5,70,A
316206000,2022-01-03T17:43:09,42.28625,-80.57428,12.6,71.8,71.0,ATLANTIC HURON,IMO8025680,VCQN,70,0,224,23,9.5,70,A
316206000,2022-01-03T19:02:29,42.37524,-80.22092,12.4,70.8,71.0,ATLANTIC HURON,IMO8025680,VCQN,70,0,224,23,9.5,70,A
316206000,2022-01-03T18:01:18,42.30662,-80.49363,12.4,71.4,70.0,ATLANTIC HURON,IMO8025680,VCQN,70,0,224,23,9.5,70,A
316206000,2022-01-03T18:02:27,42.30791,-80.48845,12.5,71.7,71.0,ATLANTIC HURON,IMO8025680,VCQN,70,0,224,23,9.5,70,A
316206000,2022-01-03T18:14:39,42.32154,-80.43421,12.5,71.3,70.0,ATLANTIC HURON,IMO8025680,VCQN,70,0,224,23,9.5,70,A
316206000,2022-01-03T18:13:38,42.32041,-80.43875,12.5,71.3,70.0,ATLANTIC HURON,IMO8025680,VCQN,70,0,224,23,9.5,70,A
316206000,2022-01-03T19:05:48,42.37896,-80.20613,12.5,71.3,70.0,ATLANTIC HURON,IMO8025680,VCQN,70,0,224,23,9.5,70,A
316206000,2022-01-03T18:05:48,42.31163,-80.47362,12.5,71.1,70.0,ATLANTIC HURON,IMO8025680,VCQN,70,0,224,23,9.5,70,A
316206000,2022-01-03T17:50:07,42.29405,-80.54312,12.6,70.9,70.0,ATLANTIC HURON,IMO8025680,VCQN,70,0,224,23,9.5,70,A
316206000,2022-01-03T18:20:29,42.32805,-80.40811,12.5,70.9,70.0,ATLANTIC HURON,IMO8025680,VCQN,70,0,224,23,9.5,70,A
316206000,2022-01-03T18:09:19,42.31559,-80.45799,12.5,71.0,70.0,ATLANTIC HURON,IMO8025680,VCQN,70,0,224,23,9.5,70,A
316206000,2022-01-03T19:11:29,42.38541,-80.18087,12.5,71.0,70.0,ATLANTIC HURON,IMO8025680,VCQN,70,0,224,23,9.5,70,A
316206000,2022-01-03T18:25:08,42.33319,-80.38756,12.5,71.6,70.0,ATLANTIC HURON,IMO8025680,VCQN,70,0,224,23,9.5,70,A
316206000,2022-01-03T18:31:58,42.34068,-80.35715,12.5,70.9,70.0,ATLANTIC HURON,IMO8025680,VCQN,70,0,224,23,9.5,70,A
316206000,2022-01-03T18:03:37,42.30921,-80.48326,12.5,71.0,70.0,ATLANTIC HURON,IMO8025680,VCQN,70,0,224,23,9.5,70,A
316206000,2022-01-03T17:59:18,42.30439,-80.50253,12.5,71.4,70.0,ATLANTIC HURON,IMO8025680,VCQN,70,0,224,23,9.5,70,A
316206000,2022-01-03T18:28:39,42.33702,-80.37196,12.5,71.6,70.0,ATLANTIC HURON,IMO8025680,VCQN,70,0,224,23,9.5,70,A
316206000,2022-01-03T18:35:28,42.34459,-80.34140,12.6,71.1,70.0,ATLANTIC HURON,IMO8025680,VCQN,70,0,224,23,9.5,70,A
316206000,2022-01-03T18:37:48,42.34722,-80.33103,12.6,71.0,70.0,ATLANTIC HURON,IMO8025680,VCQN,70,0,224,23,9.5,70,A
316206000,2022-01-03T18:27:28,42.33575,-80.37713,12.4,71.8,70.0,ATLANTIC HURON,IMO8025680,VCQN,70,0,224,23,9.5,70,A
316206000,2022-01-03T18:16:59,42.32413,-80.42377,12.7,71.0,70.0,ATLANTIC HURON,IMO8025680,VCQN,70,0,224,23,9.5,70,A
316206000,2022-01-03T18:10:27,42.31689,-80.45288,12.6,71.6,70.0,ATLANTIC HURON,IMO8025680,VCQN,70,0,224,23,9.5,70,A
316206000,2022-01-03T18:29:49,42.33830,-80.36676,12.5,71.1,70.0,ATLANTIC HURON,IMO8025680,VCQN,70,0,224,23,9.5,70,A
316206000,2022-01-03T18:11:28,42.31803,-80.44835,12.5,70.8,70.0,ATLANTIC HURON,IMO8025680,VCQN,70,0,224,23,9.5,70,A
316206000,2022-01-03T19:23:18,42.39876,-80.12823,12.6,70.9,70.0,ATLANTIC HURON,IMO8025680,VCQN,70,0,224,23,9.5,70,A
316206000,2022-01-03T18:18:08,42.32544,-80.41854,12.6,71.6,70.0,ATLANTIC HURON,IMO8025680,VCQN,70,0,224,23,9.5,70,A
316206000,2022-01-03T18:06:57,42.31295,-80.46844,12.5,71.2,70.0,ATLANTIC HURON,IMO8025680,VCQN,70,0,224,23,9.5,70,A
316206000,2022-01-03T18:12:37,42.31930,-80.44321,12.5,71.0,70.0,ATLANTIC HURON,IMO8025680,VCQN,70,0,224,23,9.5,70,A
316206000,2022-01-03T18:15:47,42.32281,-80.42906,12.5,71.0,70.0,ATLANTIC HURON,IMO8025680,VCQN,70,0,224,23,9.5,70,A
316206000,2022-01-03T18:38:57,42.34854,-80.32582,12.6,71.1,70.0,ATLANTIC HURON,IMO8025680,VCQN,70,0,224,23,9.5,70,A
316206000,2022-01-03T19:27:49,42.40378,-80.10815,12.5,71.8,71.0,ATLANTIC HURON,IMO8025680,VCQN,70,0,224,23,9.5,70,A
316206000,2022-01-03T08:30:18,41.89444,-82.99039,12.1,95.7,95.0,ATLANTIC HURON,IMO8025680,VCQN,70,0,224,23,9.5,70,A
316206000,2022-01-03T08:31:28,41.89402,-82.98514,12.2,95.6,95.0,ATLANTIC HURON,IMO8025680,VCQN,70,0,224,23,9.5,70,A
316206000,2022-01-03T18:34:18,42.34327,-80.34671,12.6,71.3,70.0,ATLANTIC HURON,IMO8025680,VCQN,70,0,224,23,9.5,70,A
316206000,2022-01-03T18:47:57,42.35870,-80.28563,12.6,70.9,70.0,ATLANTIC HURON,IMO8025680,VCQN,70,0,224,23,9.5,70,A
316206000,2022-01-03T18:36:38,42.34591,-80.33617,12.6,71.0,70.0,ATLANTIC HURON,IMO8025680,VCQN,70,0,224,23,9.5,70,A
316206000,2022-01-03T18:19:18,42.32673,-80.41340,12.6,70.8,70.0,ATLANTIC HURON,IMO8025680,VCQN,70,0,224,23,9.5,70,A
316206000,2022-01-03T18:49:08,42.36002,-80.28043,12.5,70.6,70.0,ATLANTIC HURON,IMO8025680,VCQN,70,0,224,23,9.5,70,A
316206000,2022-01-03T18:41:08,42.35101,-80.31613,12.5,71.1,70.0,ATLANTIC HURON,IMO8025680,VCQN,70,0,224,23,9.5,70,A
316206000,2022-01-03T18:23:58,42.33194,-80.39261,12.2,71.2,70.0,ATLANTIC HURON,IMO8025680,VCQN,70,0,224,23,9.5,70,A
316206000,2022-01-03T19:35:48,42.41255,-80.07244,12.5,71.7,71.0,ATLANTIC HURON,IMO8025680,VCQN,70,0,224,23,9.5,70,A
316206000,2022-01-03T18:42:18,42.35234,-80.31084,12.6,71.1,70.0,ATLANTIC HURON,IMO8025680,VCQN,70,0,224,23,9.5,70,A
316206000,2022-01-03T18:51:28,42.36269,-80.27002,12.5,70.9,70.0,ATLANTIC HURON,IMO8025680,VCQN,70,0,224,23,9.5,70,A
316206000,2022-01-03T19:36:58,42.41384,-80.06714,12.5,71.8,71.0,ATLANTIC HURON,IMO8025680,VCQN,70,0,224,23,9.5,70,A
316206000,2022-01-03T18:46:49,42.35740,-80.29076,12.5,71.0,70.0,ATLANTIC HURON,IMO8025680,VCQN,70,0,224,23,9.5,70,A
316206000,2022-01-03T18:58:19,42.37051,-80.23946,12.5,71.3,70.0,ATLANTIC HURON,IMO8025680,VCQN,70,0,224,23,9.5,70,A
316206000,2022-01-03T18:33:08,42.34198,-80.35194,12.5,71.4,70.0,ATLANTIC HURON,IMO8025680,VCQN,70,0,224,23,9.5,70,A
316206000,2022-01-03T18:50:17,42.36136,-80.27522,12.4,71.1,70.0,ATLANTIC HURON,IMO8025680,VCQN,70,0,224,23,9.5,70,A
316206000,2022-01-03T19:01:19,42.37391,-80.22611,12.5,71.1,70.0,ATLANTIC HURON,IMO8025680,VCQN,70,0,224,23,9.5,70,A
316206000,2022-01-03T18:52:38,42.36404,-80.26482,12.6,71.0,70.0,ATLANTIC HURON,IMO8025680,VCQN,70,0,224,23,9.5,70,A
316206000,2022-01-03T19:03:37,42.37653,-80.21580,12.6,70.8,70.0,ATLANTIC HURON,IMO8025680,VCQN,70,0,224,23,9.5,70,A
316206000,2022-01-03T18:54:58,42.36673,-80.25432,12.6,70.7,70.0,ATLANTIC HURON,IMO8025680,VCQN,70,0,224,23,9.5,70,A
316206000,2022-01-03T19:50:57,42.42974,-80.00475,12.6,71.3,71.0,ATLANTIC HURON,IMO8025680,VCQN,70,0,224,23,9.5,70,A
316206000,2022-01-03T18:59:29,42.37183,-80.23426,12.5,71.2,70.0,ATLANTIC HURON,IMO8025680,VCQN,70,0,224,23,9.5,70,A
316206000,2022-01-03T19:00:08,42.37259,-80.23130,12.5,71.0,70.0,ATLANTIC HURON,IMO8025680,VCQN,70,0,224,23,9.5,70,A
316206000,2022-01-03T18:45:48,42.35627,-80.29521,12.6,71.0,70.0,ATLANTIC HURON,IMO8025680,VCQN,70,0,224,23,9.5,70,A
316206000,2022-01-03T19:59:07,42.43914,-79.96830,12.4,65.2,61.0,ATLANTIC HURON,IMO8025680,VCQN,70,0,224,23,9.5,70,A
316206000,2022-01-03T19:12:38,42.38673,-80.17567,12.5,71.1,70.0,ATLANTIC HURON,IMO8025680,VCQN,70,0,224,23,9.5,70,A
316206000,2022-01-03T08:40:39,41.89068,-82.94357,12.3,96.3,96.0,ATLANTIC HURON,IMO8025680,VCQN,70,0,224,23,9.5,70,A
316206000,2022-01-03T20:03:28,42.44780,-79.95174,12.6,52.3,52.0,ATLANTIC HURON,IMO8025680,VCQN,70,0,224,23,9.5,70,A
316206000,2022-01-03T19:04:39,42.37768,-80.21126,12.5,71.3,70.0,ATLANTIC HURON,IMO8025680,VCQN,70,0,224,23,9.5,70,A
316206000,2022-01-03T19:16:17,42.39082,-80.15945,12.5,71.6,70.0,ATLANTIC HURON,IMO8025680,VCQN,70,0,224,23,9.5,70,A
316206000,2022-01-03T18:43:28,42.35363,-80.30570,12.5,71.3,70.0,ATLANTIC HURON,IMO8025680,VCQN,70,0,224,23,9.5,70,A
316206000,2022-01-03T19:19:49,42.39480,-80.14381,12.6,70.9,70.0,ATLANTIC HURON,IMO8025680,VCQN,70,0,224,23,9.5,70,A
316206000,2022-01-03T18:44:37,42.35493,-80.30049,12.6,71.0,70.0,ATLANTIC HURON,IMO8025680,VCQN,70,0,224,23,9.5,70,A
316206000,2022-01-03T18:53:48,42.36538,-80.25961,12.6,71.3,70.0,ATLANTIC HURON,IMO8025680,VCQN,70,0,224,23,9.5,70,A
316206000,2022-01-03T18:57:08,42.36920,-80.24466,12.5,70.9,70.0,ATLANTIC HURON,IMO8025680,VCQN,70,0,224,23,9.5,70,A
316206000,2022-01-03T19:25:27,42.40119,-80.11865,12.5,71.0,71.0,ATLANTIC HURON,IMO8025680,VCQN,70,0,224,23,9.5,70,A
316206000,2022-01-03T20:11:38,42.46534,-79.92114,12.6,53.4,53.0,ATLANTIC HURON,IMO8025680,VCQN,70,0,224,23,9.5,70,A
316206000,2022-01-03T19:14:59,42.38933,-80.16529,12.5,71.3,70.0,ATLANTIC HURON,IMO8025680,VCQN,70,0,224,23,9.5,70,A
316206000,2022-01-03T08:48:48,41.88764,-82.90637,12.2,96.3,96.0,ATLANTIC HURON,IMO8025680,VCQN,70,0,224,23,9.5,70,A
316206000,2022-01-03T19:20:59,42.39611,-80.13861,12.6,70.9,70.0,ATLANTIC HURON,IMO8025680,VCQN,70,0,224,23,9.5,70,A
316206000,2022-01-03T19:08:08,42.38159,-80.19576,12.5,71.3,70.0,ATLANTIC HURON,IMO8025680,VCQN,70,0,224,23,9.5,70,A
316206000,2022-01-03T19:09:19,42.38294,-80.19051,12.5,70.7,70.0,ATLANTIC HURON,IMO8025680,VCQN,70,0,224,23,9.5,70,A
316206000,2022-01-03T19:06:58,42.38027,-80.20094,12.4,71.0,70.0,ATLANTIC HURON,IMO8025680,VCQN,70,0,224,23,9.5,70,A
316206000,2022-01-03T19:32:27,42.40890,-80.08734,12.6,71.6,71.0,ATLANTIC HURON,IMO8025680,VCQN,70,0,224,23,9.5,70,A
316206000,2022-01-03T19:10:28,42.38427,-80.18532,12.5,71.3,70.0,ATLANTIC HURON,IMO8025680,VCQN,70,0,224,23,9.5,70,A
316206000,2022-01-03T08:52:19,41.88633,-82.89038,12.3,96.5,96.0,ATLANTIC HURON,IMO8025680,VCQN,70,0,224,23,9.5,70,A
316206000,2022-01-03T20:24:18,42.49190,-79.87244,12.7,53.5,53.0,ATLANTIC HURON,IMO8025680,VCQN,70,0,224,23,9.5,70,A
316206000,2022-01-03T19:18:37,42.39346,-80.14908,12.5,71.1,70.0,ATLANTIC HURON,IMO8025680,VCQN,70,0,224,23,9.5,70,A
316206000,2022-01-03T19:17:29,42.39215,-80.15419,12.5,70.8,70.0,ATLANTIC HURON,IMO8025680,VCQN,70,0,224,23,9.5,70,A
316206000,2022-01-03T19:13:48,42.38804,-80.17048,12.5,71.1,71.0,ATLANTIC HURON,IMO8025680,VCQN,70,0,224,23,9.5,70,A
316206000,2022-01-03T19:40:39,42.41800,-80.05080,12.5,70.8,70.0,ATLANTIC HURON,IMO8025680,VCQN,70,0,224,23,9.5,70,A
316206000,2022-01-03T19:39:28,42.41667,-80.05601,12.5,70.7,70.0,ATLANTIC HURON,IMO8025680,VCQN,70,0,224,23,9.5,70,A
316206000,2022-01-03T19:41:48,42.41931,-80.04567,12.5,71.2,70.0,ATLANTIC HURON,IMO8025680,VCQN,70,0,224,23,9.5,70,A
316206000,2022-01-03T20:35:48,42.51629,-79.82807,12.8,53.8,53.0,ATLANTIC HURON,IMO8025680,VCQN,70,0,224,23,9.5,70,A
316206000,2022-01-03T19:55:38,42.43502,-79.98386,12.5,70.9,71.0,ATLANTIC HURON,IMO8025680,VCQN,70,0,224,23,9.5,70,A
316206000,2022-01-03T19:46:19,42.42451,-80.02550,12.6,71.0,70.0,ATLANTIC HURON,IMO8025680,VCQN,70,0,224,23,9.5,70,A
316206000,2022-01-03T19:22:08,42.39741,-80.13350,12.6,71.1,70.0,ATLANTIC HURON,IMO8025680,VCQN,70,0,224,23,9.5,70,A
316206000,2022-01-03T20:38:08,42.52123,-79.81911,12.7,53.0,53.0,ATLANTIC HURON,IMO8025680,VCQN,70,0,224,23,9.5,70,A
316206000,2022-01-03T19:45:09,42.42317,-80.03070,12.4,70.7,70.0,ATLANTIC HURON,IMO8025680,VCQN,70,0,224,23,9.5,70,A
316206000,2022-01-03T19:47:28,42.42581,-80.02036,12.6,71.5,71.0,ATLANTIC HURON,IMO8025680,VCQN,70,0,224,23,9.5,70,A
316206000,2022-01-03T19:28:58,42.40505,-80.10292,12.6,71.9,71.0,ATLANTIC HURON,IMO8025680,VCQN,70,0,224,23,9.5,70,A
316206000,2022-01-03T19:30:07,42.40633,-80.09778,12.6,71.6,71.0,ATLANTIC HURON,IMO8025680,VCQN,70,0,224,23,9.5,70,A
316206000,2022-01-03T19:26:37,42.40249,-80.11344,12.5,71.0,71.0,ATLANTIC HURON,IMO8025680,VCQN,70,0,224,23,9.5,70,A
316206000,2022-01-03T09:02:28,41.88243,-82.84373,12.4,96.2,96.0,ATLANTIC HURON,IMO8025680,VCQN,70,0,224,23,9.5,70,A
316206000,2022-01-03T09:03:38,41.88197,-82.83838,12.4,96.7,96.0,ATLANTIC HURON,IMO8025680,VCQN,70,0,224,23,9.5,70,A
316206000,2022-01-03T20:47:28,42.54098,-79.78305,12.7,54.0,54.0,ATLANTIC HURON,IMO8025680,VCQN,70,0,224,23,9.5,70,A
316206000,2022-01-03T19:33:28,42.41000,-80.08286,12.5,71.7,71.0,ATLANTIC HURON,IMO8025680,VCQN,70,0,224,23,9.5,70,A
316206000,2022-01-03T20:06:58,42.45533,-79.93874,12.7,51.7,51.0,ATLANTIC HURON,IMO8025680,VCQN,70,0,224,23,9.5,70,A
316206000,2022-01-03T20:49:48,42.54582,-79.77397,12.7,54.4,54.0,ATLANTIC HURON,IMO8025680,VCQN,70,0,224,23,9.5,70,A
316206000,2022-01-03T19:31:18,42.40762,-80.09256,12.6,71.5,71.0,ATLANTIC HURON,IMO8025680,VCQN,70,0,224,23,9.5,70,A
316206000,2022-01-03T09:08:17,41.88025,-82.81705,12.4,96.0,95.0,ATLANTIC HURON,IMO8025680,VCQN,70,0,224,23,9.5,70,A
316206000,2022-01-03T20:52:09,42.55069,-79.76488,12.8,54.3,54.0,ATLANTIC HURON,IMO8025680,VCQN,70,0,224,23,9.5,70,A
316206000,2022-01-03T19:42:57,42.42066,-80.04046,12.5,70.9,70.0,ATLANTIC HURON,IMO8025680,VCQN,70,0,224,23,9.5,70,A
316206000,2022-01-03T19:38:08,42.41513,-80.06202,12.6,70.9,70.0,ATLANTIC HURON,IMO8025680,VCQN,70,0,224,23,9.5,70,A
316206000,2022-01-03T20:55:38,42.55791,-79.75129,12.7,54.3,54.0,ATLANTIC HURON,IMO8025680,VCQN,70,0,224,23,9.5,70,A
316206000,2022-01-03T20:15:08,42.47266,-79.90770,12.6,53.9,53.0,ATLANTIC HURON,IMO8025680,VCQN,70,0,224,23,9.5,70,A
316206000,2022-01-03T20:04:39,42.45030,-79.94740,12.5,51.9,52.0,ATLANTIC HURON,IMO8025680,VCQN,70,0,224,23,9.5,70,A
316206000,2022-01-03T19:49:48,42.42845,-80.00988,12.6,71.2,71.0,ATLANTIC HURON,IMO8025680,VCQN,70,0,224,23,9.5,70,A
316206000,2022-01-03T20:02:19,42.44531,-79.95609,12.5,52.6,52.0,ATLANTIC HURON,IMO8025680,VCQN,70,0,224,23,9.5,70,A
316206000,2022-01-03T09:10:38,41.87938,-82.80615,12.4,96.0,95.0,ATLANTIC HURON,IMO8025680,VCQN,70,0,224,23,9.5,70,A
316206000,2022-01-03T19:44:08,42.42200,-80.03525,12.5,70.9,70.0,ATLANTIC HURON,IMO8025680,VCQN,70,0,224,23,9.5,70,A
316206000,2022-01-03T20:09:18,42.46040,-79.93000,12.6,51.7,52.0,ATLANTIC HURON,IMO8025680,VCQN,70,0,224,23,9.5,70,A
316206000,2022-01-03T19:56:49,42.43638,-79.97857,12.6,70.7,70.0,ATLANTIC HURON,IMO8025680,VCQN,70,0,224,23,9.5,70,A
316206000,2022-01-03T19:48:38,42.42712,-80.01516,12.6,71.1,71.0,ATLANTIC HURON,IMO8025680,VCQN,70,0,224,23,9.5,70,A
316206000,2022-01-03T20:28:58,42.50181,-79.85443,12.7,53.9,54.0,ATLANTIC HURON,IMO8025680,VCQN,70,0,224,23,9.5,70,A
316206000,2022-01-03T21:10:28,42.58894,-79.69350,12.8,53.1,53.0,ATLANTIC HURON,IMO8025680,VCQN,70,0,224,23,9.5,70,A
316206000,2022-01-03T20:16:18,42.47513,-79.90312,12.7,53.9,54.0,ATLANTIC HURON,IMO8025680,VCQN,70,0,224,23,9.5,70,A
316206000,2022-01-03T19:53:18,42.43237,-79.99430,12.6,71.3,71.0,ATLANTIC HURON,IMO8025680,VCQN,70,0,224,23,9.5,70,A
316206000,2022-01-03T19:57:58,42.43774,-79.97335,12.6,71.2,70.0,ATLANTIC HURON,IMO8025680,VCQN,70,0,224,23,9.5,70,A
316206000,2022-01-03T09:19:48,41.87620,-82.76404,12.5,96.1,94.0,ATLANTIC HURON,IMO8025680,VCQN,70,0,224,23,9.5,70,A
316206000,2022-01-03T21:13:58,42.59639,-79.67985,12.8,53.5,53.0,ATLANTIC HURON,IMO8025680,VCQN,70,0,224,23,9.5,70,A
316206000,2022-01-03T20:00:07,42.44079,-79.96422,12.3,55.2,53.0,ATLANTIC HURON,IMO8025680,VCQN,70,0,224,23,9.5,70,A
316206000,2022-01-03T20:23:09,42.48948,-79.87685,12.6,53.4,53.0,ATLANTIC HURON,IMO8025680,VCQN,70,0,224,23,9.5,70,A
316206000,2022-01-03T20:19:47,42.48244,-79.88973,12.6,53.3,53.0,ATLANTIC HURON,IMO8025680,VCQN,70,0,224,23,9.5,70,A
316206000,2022-01-03T20:01:08,42.44286,-79.96043,12.3,53.2,53.0,ATLANTIC HURON,IMO8025680,VCQN,70,0,224,23,9.5,70,A
316206000,2022-01-03T21:22:08,42.61361,-79.64817,12.8,53.4,53.0,ATLANTIC HURON,IMO8025680,VCQN,70,0,224,23,9.5,70,A
316206000,2022-01-03T20:10:27,42.46288,-79.92558,12.6,53.2,53.0,ATLANTIC HURON,IMO8025680,VCQN,70,0,224,23,9.5,70,A
316206000,2022-01-03T20:43:58,42.53367,-79.79660,12.7,53.1,54.0,ATLANTIC HURON,IMO8025680,VCQN,70,0,224,23,9.5,70,A
316206000,2022-01-03T20:05:49,42.45283,-79.94304,12.6,51.8,52.0,ATLANTIC HURON,IMO8025680,VCQN,70,0,224,23,9.5,70,A
316206000,2022-01-03T21:24:28,42.61858,-79.63913,12.8,53.1,53.0,ATLANTIC HURON,IMO8025680,VCQN,70,0,224,23,9.5,70,A
316206000,2022-01-03T20:17:28,42.47754,-79.89867,12.7,53.3,53.0,ATLANTIC HURON,IMO8025680,VCQN,70,0,224,23,9.5,70,A
316206000,2022-01-03T20:13:58,42.47022,-79.91219,12.7,53.6,53.0,ATLANTIC HURON,IMO8025680,VCQN,70,0,224,23,9.5,70,A
316206000,2022-01-03T20:46:19,42.53856,-79.78758,12.7,54.0,54.0,ATLANTIC HURON,IMO8025680,VCQN,70,0,224,23,9.5,70,A
316206000,2022-01-03T20:08:08,42.45789,-79.93438,12.7,51.7,52.0,ATLANTIC HURON,IMO8025680,VCQN,70,0,224,23,9.5,70,A
316206000,2022-01-03T20:20:48,42.48459,-79.88583,12.7,53.2,54.0,ATLANTIC HURON,IMO8025680,VCQN,70,0,224,23,9.5,70,A
316206000,2022-01-03T21:29:18,42.62897,-79.62044,12.8,53.4,53.0,ATLANTIC HURON,IMO8025680,VCQN,70,0,224,23,9.5,70,A
316206000,2022-01-03T20:18:38,42.48002,-79.89413,12.7,53.3,53.0,ATLANTIC HURON,IMO8025680,VCQN,70,0,224,23,9.5,70,A
316206000,2022-01-03T20:34:38,42.51382,-79.83260,12.8,53.4,53.0,ATLANTIC HURON,IMO8025680,VCQN,70,0,224,23,9.5,70,A
316206000,2022-01-03T20:12:49,42.46780,-79.91661,12.7,54.2,53.0,ATLANTIC HURON,IMO8025680,VCQN,70,0,224,23,9.5,70,A
316206000,2022-01-03T09:30:08,41.87305,-82.71623,12.4,94.4,93.0,ATLANTIC HURON,IMO8025680,VCQN,70,0,224,23,9.5,70,A
316206000,2022-01-03T20:41:38,42.52873,-79.80557,12.7,53.2,54.0,ATLANTIC HURON,IMO8025680,VCQN,70,0,224,23,9.5,70,A
316206000,2022-01-03T20:42:48,42.53116,-79.80114,12.7,53.3,54.0,ATLANTIC HURON,IMO8025680,VCQN,70,0,224,23,9.5,70,A
316206000,2022-01-03T20:26:37,42.49684,-79.86348,12.8,53.6,53.0,ATLANTIC HURON,IMO8025680,VCQN,70,0,224,23,9.5,70,A
316206000,2022-01-03T21:38:39,42.64867,-79.58490,12.5,53.2,53.0,ATLANTIC HURON,IMO8025680,VCQN,70,0,224,23,9.5,70,A
316206000,2022-01-03T20:31:08,42.50635,-79.84614,12.7,53.2,53.0,ATLANTIC HURON,IMO8025680,VCQN,70,0,224,23,9.5,70,A
316206000,2022-01-03T20:32:17,42.50883,-79.84166,12.8,52.9,53.0,ATLANTIC HURON,IMO8025680,VCQN,70,0,224,23,9.5,70,A
316206000,2022-01-03T20:21:58,42.48700,-79.88140,12.6,54.0,54.0,ATLANTIC HURON,IMO8025680,VCQN,70,0,224,23,9.5,70,A
316206000,2022-01-03T21:02:27,42.57206,-79.72464,12.7,54.0,54.0,ATLANTIC HURON,IMO8025680,VCQN,70,0,224,23,9.5,70,A
316206000,2022-01-03T20:33:28,42.51134,-79.83711,12.8,53.5,53.0,ATLANTIC HURON,IMO8025680,VCQN,70,0,224,23,9.5,70,A
316206000,2022-01-03T21:42:08,42.65598,-79.57163,12.6,53.3,53.0,ATLANTIC HURON,IMO8025680,VCQN,70,0,224,23,9.5,70,A
316206000,2022-01-03T20:48:37,42.54337,-79.77859,12.7,53.9,54.0,ATLANTIC HURON,IMO8025680,VCQN,70,0,224,23,9.5,70,A
316206000,2022-01-03T20:50:58,42.54826,-79.76943,12.8,53.8,54.0,ATLANTIC HURON,IMO8025680,VCQN,70,0,224,23,9.5,70,A
316206000,2022-01-03T20:25:27,42.49437,-79.86797,12.7,53.4,53.0,ATLANTIC HURON,IMO8025680,VCQN,70,0,224,23,9.5,70,A
316206000,2022-01-03T21:04:48,42.57698,-79.71555,12.8,53.3,54.0,ATLANTIC HURON,IMO8025680,VCQN,70,0,224,23,9.5,70,A
316206000,2022-01-03T21:05:58,42.57947,-79.71093,12.8,53.8,53.0,ATLANTIC HURON,IMO8025680,VCQN,70,0,224,23,9.5,70,A
316206000,2022-01-03T20:53:18,42.55308,-79.76040,12.7,54.3,54.0,ATLANTIC HURON,IMO8025680,VCQN,70,0,224,23,9.5,70,A
316206000,2022-01-03T20:39:19,42.52375,-79.81456,12.7,53.2,53.0,ATLANTIC HURON,IMO8025680,VCQN,70,0,224,23,9.5,70,A
316206000,2022-01-03T21:48:48,42.66967,-79.54641,12.3,53.9,53.0,ATLANTIC HURON,IMO8025680,VCQN,70,0,224,23,9.5,70,A
316206000,2022-01-03T20:54:29,42.55553,-79.75578,12.7,54.4,54.0,ATLANTIC HURON,IMO8025680,VCQN,70,0,224,23,9.5,70,A
316206000,2022-01-03T20:56:49,42.56035,-79.74667,12.8,54.5,54.0,ATLANTIC HURON,IMO8025680,VCQN,70,0,224,23,9.5,70,A
316206000,2022-01-03T21:15:07,42.59883,-79.67540,12.7,53.2,53.0,ATLANTIC HURON,IMO8025680,VCQN,70,0,224,23,9.5,70,A
316206000,2022-01-03T21:17:27,42.60377,-79.66633,12.9,53.6,54.0,ATLANTIC HURON,IMO8025680,VCQN,70,0,224,23,9.5,70,A
316206000,2022-01-03T21:59:07,42.69044,-79.50794,12.1,53.5,53.0,ATLANTIC HURON,IMO8025680,VCQN,70,0,224,23,9.5,70,A
316206000,2022-01-03T20:40:29,42.52625,-79.81006,12.9,53.2,54.0,ATLANTIC HURON,IMO8025680,VCQN,70,0,224,23,9.5,70,A
316206000,2022-01-03T21:25:49,42.62147,-79.63393,12.7,52.5,53.0,ATLANTIC HURON,IMO8025680,VCQN,70,0,224,23,9.5,70,A
316206000,2022-01-03T20:57:58,42.56273,-79.74216,12.8,54.7,54.0,ATLANTIC HURON,IMO8025680,VCQN,70,0,224,23,9.5,70,A
316206000,2022-01-03T20:59:08,42.56517,-79.73753,12.7,54.4,54.0,ATLANTIC HURON,IMO8025680,VCQN,70,0,224,23,9.5,70,A
316206000,2022-01-03T21:00:08,42.56724,-79.73364,12.7,54.5,54.0,ATLANTIC HURON,IMO8025680,VCQN,70,0,224,23,9.5,70,A
316206000,2022-01-03T21:20:57,42.61115,-79.65271,12.7,53.5,53.0,ATLANTIC HURON,IMO8025680,VCQN,70,0,224,23,9.5,70,A
316206000,2022-01-03T21:16:19,42.60135,-79.67082,12.8,53.8,54.0,ATLANTIC HURON,IMO8025680,VCQN,70,0,224,23,9.5,70,A
316206000,2022-01-03T21:36:18,42.64378,-79.59374,12.6,52.8,53.0,ATLANTIC HURON,IMO8025680,VCQN,70,0,224,23,9.5,70,A
316206000,2022-01-03T09:43:48,41.86901,-82.65307,12.3,95.0,93.0,ATLANTIC HURON,IMO8025680,VCQN,70,0,224,23,9.5,70,A
316206000,2022-01-03T21:37:29,42.64623,-79.58932,12.5,53.1,53.0,ATLANTIC HURON,IMO8025680,VCQN,70,0,224,23,9.5,70,A
316206000,2022-01-03T22:14:18,42.72046,-79.45314,11.9,52.9,53.0,ATLANTIC HURON,IMO8025680,VCQN,70,0,224,23,9.5,70,A
316206000,2022-01-03T21:18:39,42.60627,-79.66172,12.8,53.9,53.0,ATLANTIC HURON,IMO8025680,VCQN,70,0,224,23,9.5,70,A
316206000,2022-01-03T21:40:59,42.65353,-79.57604,12.5,53.0,53.0,ATLANTIC HURON,IMO8025680,VCQN,70,0,224,23,9.5,70,A
316206000,2022-01-03T21:08:18,42.58439,-79.70184,12.8,53.7,53.0,ATLANTIC HURON,IMO8025680,VCQN,70,0,224,23,9.5,70,A
316206000,2022-01-03T21:09:19,42.58650,-79.69795,12.8,53.2,53.0,ATLANTIC HURON,IMO8025680,VCQN,70,0,224,23,9.5,70,A
316206000,2022-01-03T21:43:09,42.65806,-79.56784,12.5,53.2,53.0,ATLANTIC HURON,IMO8025680,VCQN,70,0,224,23,9.5,70,A
316206000,2022-01-03T22:21:28,42.73462,-79.42762,11.7,52.4,53.0,ATLANTIC HURON,IMO8025680,VCQN,70,0,224,23,9.5,70,A
316206000,2022-01-03T21:03:38,42.57452,-79.72010,12.8,54.1,54.0,ATLANTIC HURON,IMO8025680,VCQN,70,0,224,23,9.5,70,A
316206000,2022-01-03T21:12:47,42.59388,-79.68444,12.8,53.3,53.0,ATLANTIC HURON,IMO8025680,VCQN,70,0,224,23,9.5,70,A
316206000,2022-01-03T21:19:49,42.60873,-79.65718,12.8,53.8,53.0,ATLANTIC HURON,IMO8025680,VCQN,70,0,224,23,9.5,70,A
316206000,2022-01-03T21:11:37,42.59141,-79.68897,12.8,53.7,53.0,ATLANTIC HURON,IMO8025680,VCQN,70,0,224,23,9.5,70,A
316206000,2022-01-03T21:57:58,42.68812,-79.51220,12.2,53.6,53.0,ATLANTIC HURON,IMO8025680,VCQN,70,0,224,23,9.5,70,A
316206000,2022-01-03T21:39:48,42.65107,-79.58053,12.5,53.6,53.0,ATLANTIC HURON,IMO8025680,VCQN,70,0,224,23,9.5,70,A
316206000,2022-01-03T21:28:08,42.62644,-79.62500,12.7,53.2,53.0,ATLANTIC HURON,IMO8025680,VCQN,70,0,224,23,9.5,70,A
316206000,2022-01-03T21:35:08,42.64133,-79.59815,12.5,53.4,53.0,ATLANTIC HURON,IMO8025680,VCQN,70,0,224,23,9.5,70,A
316206000,2022-01-03T22:02:28,42.69709,-79.49583,11.9,53.3,53.0,ATLANTIC HURON,IMO8025680,VCQN,70,0,224,23,9.5,70,A
316206000,2022-01-03T21:30:27,42.63143,-79.61601,12.8,53.2,53.0,ATLANTIC HURON,IMO8025680,VCQN,70,0,224,23,9.5,70,A
316206000,2022-01-03T21:31:38,42.63396,-79.61145,12.7,52.9,53.0,ATLANTIC HURON,IMO8025680,VCQN,70,0,224,23,9.5,70,A
316206000,2022-01-03T21:23:19,42.61612,-79.64359,12.8,53.2,53.0,ATLANTIC HURON,IMO8025680,VCQN,70,0,224,23,9.5,70,A
316206000,2022-01-03T22:08:17,42.70864,-79.47476,11.9,53.4,53.0,ATLANTIC HURON,IMO8025680,VCQN,70,0,224,23,9.5,70,A
316206000,2022-01-03T21:52:19,42.67673,-79.53332,12.2,53.9,54.0,ATLANTIC HURON,IMO8025680,VCQN,70,0,224,23,9.5,70,A
316206000,2022-01-03T21:44:18,42.66044,-79.56346,12.5,53.8,53.0,ATLANTIC HURON,IMO8025680,VCQN,70,0,224,23,9.5,70,A
316206000,2022-01-03T21:53:29,42.67907,-79.52894,12.3,54.0,53.0,ATLANTIC HURON,IMO8025680,VCQN,70,0,224,23,9.5,70,A
316206000,2022-01-03T21:54:38,42.68137,-79.52464,12.2,54.0,53.0,ATLANTIC HURON,IMO8025680,VCQN,70,0,224,23,9.5,70,A
316206000,2022-01-03T22:00:07,42.69244,-79.50427,12.1,53.6,53.0,ATLANTIC HURON,IMO8025680,VCQN,70,0,224,23,9.5,70,A
316206000,2022-01-03T22:11:49,42.71554,-79.46211,11.8,53.0,53.0,ATLANTIC HURON,IMO8025680,VCQN,70,0,224,23,9.5,70,A
316206000,2022-01-03T22:12:58,42.71784,-79.45793,11.8,53.5,53.0,ATLANTIC HURON,IMO8025680,VCQN,70,0,224,23,9.5,70,A
316206000,2022-01-03T21:32:39,42.63609,-79.60762,12.6,53.3,53.0,ATLANTIC HURON,IMO8025680,VCQN,70,0,224,23,9.5,70,A
316206000,2022-01-03T21:47:39,42.66730,-79.55078,12.3,53.6,53.0,ATLANTIC HURON,IMO8025680,VCQN,70,0,224,23,9.5,70,A
316206000,2022-01-03T22:03:38,42.69944,-79.49155,11.9,53.5,53.0,ATLANTIC HURON,IMO8025680,VCQN,70,0,224,23,9.5,70,A
316206000,2022-01-03T22:04:48,42.70173,-79.48739,11.9,53.2,53.0,ATLANTIC HURON,IMO8025680,VCQN,70,0,224,23,9.5,70,A
316206000,2022-01-03T22:05:59,42.70408,-79.48311,11.9,53.7,53.0,ATLANTIC HURON,IMO8025680,VCQN,70,0,224,23,9.5,70,A
316206000,2022-01-03T22:01:17,42.69477,-79.50004,11.9,53.2,53.0,ATLANTIC HURON,IMO8025680,VCQN,70,0,224,23,9.5,70,A
316206000,2022-01-03T21:45:27,42.66283,-79.55904,12.4,53.9,53.0,ATLANTIC HURON,IMO8025680,VCQN,70,0,224,23,9.5,70,A
316206000,2022-01-03T22:10:38,42.71325,-79.46631,11.9,53.3,53.0,ATLANTIC HURON,IMO8025680,VCQN,70,0,224,23,9.5,70,A
316206000,2022-01-03T21:46:37,42.66523,-79.55461,12.6,54.1,53.0,ATLANTIC HURON,IMO8025680,VCQN,70,0,224,23,9.5,70,A
316206000,2022-01-03T23:07:19,42.82900,-79.27292,11.5,29.7,30.0,ATLANTIC HURON,IMO8025680,VCQN,70,0,224,23,9.5,70,A
316206000,2022-01-03T22:28:28,42.74832,-79.40323,11.3,53.1,53.0,ATLANTIC HURON,IMO8025680,VCQN,70,0,224,23,9.5,70,A
316206000,2022-01-03T21:51:08,42.67434,-79.53776,12.3,53.5,53.0,ATLANTIC HURON,IMO8025680,VCQN,70,0,224,23,9.5,70,A
316206000,2022-01-03T23:14:47,42.84876,-79.25921,9.6,16.4,16.0,ATLANTIC HURON,IMO8025680,VCQN,70,0,224,23,9.5,70,A
316206000,2022-01-03T21:55:48,42.68371,-79.52029,12.2,53.8,53.0,ATLANTIC HURON,IMO8025680,VCQN,70,0,224,23,9.5,70,A
316206000,2022-01-03T22:18:58,42.72965,-79.43653,11.7,52.9,53.0,ATLANTIC HURON,IMO8025680,VCQN,70,0,224,23,9.5,70,A
316206000,2022-01-03T22:20:08,42.73195,-79.43239,11.7,53.1,53.0,ATLANTIC HURON,IMO8025680,VCQN,70,0,224,23,9.5,70,A
316206000,2022-01-03T22:22:39,42.73694,-79.42351,11.7,52.4,53.0,ATLANTIC HURON,IMO8025680,VCQN,70,0,224,23,9.5,70,A
316206000,2022-01-03T10:21:08,41.82268,-82.49910,12.2,117.1,116.0,ATLANTIC HURON,IMO8025680,VCQN,70,0,224,23,9.5,70,A
316206000,2022-01-03T22:44:38,42.77985,-79.34645,11.7,52.9,53.0,ATLANTIC HURON,IMO8025680,VCQN,70,0,224,23,9.5,70,A
316206000,2022-01-03T22:15:29,42.72276,-79.44897,11.8,52.9,53.0,ATLANTIC HURON,IMO8025680,VCQN,70,0,224,23,9.5,70,A
316206000,2022-01-03T22:07:08,42.70638,-79.47890,11.8,53.4,53.0,ATLANTIC HURON,IMO8025680,VCQN,70,0,224,23,9.5,70,A
316206000,2022-01-03T22:31:59,42.75511,-79.39100,11.6,52.9,53.0,ATLANTIC HURON,IMO8025680,VCQN,70,0,224,23,9.5,70,A
316206000,2022-01-03T10:24:27,41.81734,-82.48556,12.3,117.6,116.0,ATLANTIC HURON,IMO8025680,VCQN,70,0,224,23,9.5,70,A
316206000,2022-01-03T22:46:48,42.78408,-79.33888,11.7,52.6,53.0,ATLANTIC HURON,IMO8025680,VCQN,70,0,224,23,9.5,70,A
316206000,2022-01-03T22:09:28,42.71096,-79.47050,11.8,53.6,53.0,ATLANTIC HURON,IMO8025680,VCQN,70,0,224,23,9.5,70,A
316206000,2022-01-03T22:35:28,42.76188,-79.37879,11.6,52.9,53.0,ATLANTIC HURON,IMO8025680,VCQN,70,0,224,23,9.5,70,A
316206000,2022-01-03T22:49:07,42.78869,-79.33063,11.7,53.2,53.0,ATLANTIC HURON,IMO8025680,VCQN,70,0,224,23,9.5,70,A
316206000,2022-01-03T22:23:47,42.73921,-79.41947,11.7,52.5,53.0,ATLANTIC HURON,IMO8025680,VCQN,70,0,224,23,9.5,70,A
316206000,2022-01-03T22:24:58,42.74152,-79.41539,11.7,52.6,53.0,ATLANTIC HURON,IMO8025680,VCQN,70,0,224,23,9.5,70,A
316206000,2022-01-03T22:37:48,42.76649,-79.37052,11.7,53.0,53.0,ATLANTIC HURON,IMO8025680,VCQN,70,0,224,23,9.5,70,A
316206000,2022-01-03T22:26:09,42.74385,-79.41124,11.7,52.4,53.0,ATLANTIC HURON,IMO8025680,VCQN,70,0,224,23,9.5,70,A
316206000,2022-01-03T10:30:17,41.80877,-82.46174,11.3,93.4,85.0,ATLANTIC HURON,IMO8025680,VCQN,70,0,224,23,9.5,70,A
316206000,2022-01-03T10:31:27,41.80898,-82.45685,11.3,81.5,75.0,ATLANTIC HURON,IMO8025680,VCQN,70,0,224,23,9.5,70,A
316206000,2022-01-03T22:57:27,42.80529,-79.30117,11.8,52.4,52.0,ATLANTIC HURON,IMO8025680,VCQN,70,0,224,23,9.5,70,A
316206000,2022-01-03T22:17:48,42.72738,-79.44063,11.8,53.3,53.0,ATLANTIC HURON,IMO8025680,VCQN,70,0,224,23,9.5,70,A
316206000,2022-01-03T22:43:28,42.77753,-79.35062,11.7,52.5,53.0,ATLANTIC HURON,IMO8025680,VCQN,70,0,224,23,9.5,70,A
316206000,2022-01-03T23:03:49,42.81953,-79.28123,11.6,39.6,39.0,ATLANTIC HURON,IMO8025680,VCQN,70,0,224,23,9.5,70,A
316206000,2022-01-03T22:50:08,42.79068,-79.32710,11.7,52.3,52.0,ATLANTIC HURON,IMO8025680,VCQN,70,0,224,23,9.5,70,A
316206000,2022-01-03T22:53:48,42.79801,-79.31411,11.8,52.7,52.0,ATLANTIC HURON,IMO8025680,VCQN,70,0,224,23,9.5,70,A
316206000,2022-01-03T23:48:48,42.88933,-79.24845,2.2,6.8,11.0,ATLANTIC HURON,IMO8025680,VCQN,70,0,224,23,9.5,70,A
316206000,2022-01-03T23:08:28,42.83223,-79.27041,11.4,29.7,30.0,ATLANTIC HURON,IMO8025680,VCQN,70,0,224,23,9.5,70,A
316206000,2022-01-03T22:38:58,42.76873,-79.36647,11.6,53.0,53.0,ATLANTIC HURON,IMO8025680,VCQN,70,0,224,23,9.5,70,A
316206000,2022-01-03T22:56:09,42.80266,-79.30586,11.7,52.6,52.0,ATLANTIC HURON,IMO8025680,VCQN,70,0,224,23,9.5,70,A
316206000,2022-01-03T23:52:28,42.89119,-79.24790,1.3,12.7,11.0,ATLANTIC HURON,IMO8025680,VCQN,70,0,224,23,9.5,70,A
316206000,2022-01-03T22:54:58,42.80029,-79.31004,11.7,52.2,52.0,ATLANTIC HURON,IMO8025680,VCQN,70,0,224,23,9.5,70,A
316206000,2022-01-03T23:11:18,42.83982,-79.26453,10.6,30.2,29.0,ATLANTIC HURON,IMO8025680,VCQN,70,0,224,23,9.5,70,A
316206000,2022-01-03T22:42:17,42.77524,-79.35474,11.7,52.8,53.0,ATLANTIC HURON,IMO8025680,VCQN,70,0,224,23,9.5,70,A
316206000,2022-01-03T22:30:49,42.75284,-79.39509,11.6,52.8,53.0,ATLANTIC HURON,IMO8025680,VCQN,70,0,224,23,9.5,70,A
316206000,2022-01-03T22:33:09,42.75738,-79.38691,11.5,53.1,53.0,ATLANTIC HURON,IMO8025680,VCQN,70,0,224,23,9.5,70,A
316206000,2022-01-03T23:55:59,42.89218,-79.24770,0.7,1.4,11.0,ATLANTIC HURON,IMO8025680,VCQN,70,0,224,23,9.5,70,A
316206000,2022-01-03T23:13:37,42.84573,-79.26045,9.8,18.7,16.0,ATLANTIC HURON,IMO8025680,VCQN,70,0,224,23,9.5,70,A
316206000,2022-01-03T23:02:39,42.81661,-79.28452,11.6,40.1,40.0,ATLANTIC HURON,IMO8025680,VCQN,70,0,224,23,9.5,70,A
316206000,2022-01-03T23:17:29,42.85500,-79.25678,8.0,15.8,16.0,ATLANTIC HURON,IMO8025680,VCQN,70,0,224,23,9.5,70,A
316206000,2022-01-03T23:04:58,42.82245,-79.27809,11.5,33.4,31.0,ATLANTIC HURON,IMO8025680,VCQN,70,0,224,23,9.5,70,A
316206000,2022-01-03T22:36:38,42.76420,-79.37462,11.7,53.2,53.0,ATLANTIC HURON,IMO8025680,VCQN,70,0,224,23,9.5,70,A
316206000,2022-01-03T10:38:17,41.81604,-82.42887,11.9,68.9,67.0,ATLANTIC HURON,IMO8025680,VCQN,70,0,224,23,9.5,70,A
316206000,2022-01-03T23:20:58,42.86173,-79.25416,6.2,15.7,16.0,ATLANTIC HURON,IMO8025680,VCQN,70,0,224,23,9.5,70,A
316206000,2022-01-03T22:40:07,42.77101,-79.36236,11.7,53.1,53.0,ATLANTIC HURON,IMO8025680,VCQN,70,0,224,23,9.5,70,A
316206000,2022-01-03T22:41:08,42.77296,-79.35884,11.7,52.7,53.0,ATLANTIC HURON,IMO8025680,VCQN,70,0,224,23,9.5,70,A
316206000,2022-01-03T23:12:28,42.84277,-79.26229,10.2,25.4,24.0,ATLANTIC HURON,IMO8025680,VCQN,70,0,224,23,9.5,70,A
316206000,2022-01-03T22:45:39,42.78182,-79.34294,11.7,53.2,53.0,ATLANTIC HURON,IMO8025680,VCQN,70,0,224,23,9.5,70,A
316206000,2022-01-03T23:29:28,42.87313,-79.24999,3.9,13.0,10.0,ATLANTIC HURON,IMO8025680,VCQN,70,0,224,23,9.5,70,A
316206000,2022-01-03T23:23:17,42.86534,-79.25274,5.4,17.4,15.0,ATLANTIC HURON,IMO8025680,VCQN,70,0,224,23,9.5,70,A
316206000,2022-01-03T10:42:49,41.82138,-82.41011,11.9,68.9,66.0,ATLANTIC HURON,IMO8025680,VCQN,70,0,224,23,9.5,70,A
316206000,2022-01-03T23:06:09,42.82573,-79.27544,11.5,29.6,29.0,ATLANTIC HURON,IMO8025680,VCQN,70,0,224,23,9.5,70,A
316206000,2022-01-03T23:36:07,42.87953,-79.24877,3.3,2.4,1.0,ATLANTIC HURON,IMO8025680,VCQN,70,0,224,23,9.5,70,A
316206000,2022-01-03T23:00:09,42.81062,-79.29173,11.5,48.3,44.0,ATLANTIC HURON,IMO8025680,VCQN,70,0,224,23,9.5,70,A
316206000,2022-01-03T22:59:47,42.80989,-79.29291,11.6,51.5,47.0,ATLANTIC HURON,IMO8025680,VCQN,70,0,224,23,9.5,70,A
316206000,2022-01-03T23:30:37,42.87435,-79.24966,3.7,9.8,9.0,ATLANTIC HURON,IMO8025680,VCQN,70,0,224,23,9.5,70,A
316206000,2022-01-03T23:01:28,42.81374,-79.28779,11.4,40.9,40.0,ATLANTIC HURON,IMO8025680,VCQN,70,0,224,23,9.5,70,A
316206000,2022-01-03T10:46:28,41.82577,-82.39500,12.0,68.6,66.0,ATLANTIC HURON,IMO8025680,VCQN,70,0,224,23,9.5,70,A
316206000,2022-01-03T23:31:48,42.87551,-79.24937,3.5,10.3,8.0,ATLANTIC HURON,IMO8025680,VCQN,70,0,224,23,9.5,70,A
316206000,2022-01-03T23:46:28,42.88786,-79.24863,2.2,0.9,7.0,ATLANTIC HURON,IMO8025680,VCQN,70,0,224,23,9.5,70,A
316206000,2022-01-03T23:47:38,42.88858,-79.24857,2.2,4.7,9.0,ATLANTIC HURON,IMO8025680,VCQN,70,0,224,23,9.5,70,A
316206000,2022-01-03T23:37:08,42.88046,-79.24875,3.3,1.6,0.0,ATLANTIC HURON,IMO8025680,VCQN,70,0,224,23,9.5,70,A
316206000,2022-01-03T23:39:28,42.88263,-79.24871,3.2,359.9,0.0,ATLANTIC HURON,IMO8025680,VCQN,70,0,224,23,9.5,70,A
316206000,2022-01-03T23:40:39,42.88364,-79.24868,3.0,1.6,0.0,ATLANTIC HURON,IMO8025680,VCQN,70,0,224,23,9.5,70,A
316206000,2022-01-03T23:44:08,42.88631,-79.24865,2.5,358.4,2.0,ATLANTIC HURON,IMO8025680,VCQN,70,0,224,23,9.5,70,A
316206000,2022-01-03T23:25:28,42.86833,-79.25165,4.9,15.6,14.0,ATLANTIC HURON,IMO8025680,VCQN,70,0,224,23,9.5,70,A
316206000,2022-01-03T23:16:17,42.85238,-79.25780,8.5,15.3,16.0,ATLANTIC HURON,IMO8025680,VCQN,70,0,224,23,9.5,70,A
316206000,2022-01-03T23:26:38,42.86984,-79.25112,4.7,14.2,14.0,ATLANTIC HURON,IMO8025680,VCQN,70,0,224,23,9.5,70,A
316206000,2022-01-03T23:28:18,42.87185,-79.25041,4.2,14.7,12.0,ATLANTIC HURON,IMO8025680,VCQN,70,0,224,23,9.5,70,A
316206000,2022-01-03T23:18:37,42.85743,-79.25584,7.6,16.0,16.0,ATLANTIC HURON,IMO8025680,VCQN,70,0,224,23,9.5,70,A
316206000,2022-01-03T23:19:48,42.85972,-79.25495,6.8,15.8,16.0,ATLANTIC HURON,IMO8025680,VCQN,70,0,224,23,9.5,70,A
316206000,2022-01-03T23:22:07,42.86360,-79.25342,5.7,15.9,15.0,ATLANTIC HURON,IMO8025680,VCQN,70,0,224,23,9.5,70,A
316206000,2022-01-03T23:54:48,42.89189,-79.24774,0.9,7.9,11.0,ATLANTIC HURON,IMO8025680,VCQN,70,0,224,23,9.5,70,A
316206000,2022-01-03T23:34:27,42.87800,-79.24886,3.3,4.6,1.0,ATLANTIC HURON,IMO8025680,VCQN,70,0,224,23,9.5,70,A
316206000,2022-01-03T10:56:57,41.83787,-82.35080,12.1,71.4,69.0,ATLANTIC HURON,IMO8025680,VCQN,70,0,224,23,9.5,70,A
316206000,2022-01-03T23:59:37,42.89224,-79.24796,0.1,230.0,8.0,ATLANTIC HURON,IMO8025680,VCQN,70,0,224,23,9.5,70,A
316206000,2022-01-03T23:38:17,42.88155,-79.24873,3.3,1.3,0.0,ATLANTIC HURON,IMO8025680,VCQN,70,0,224,23,9.5,70,A
316206000,2022-01-03T10:59:28,41.84054,-82.33995,12.1,71.5,70.0,ATLANTIC HURON,IMO8025680,VCQN,70,0,224,23,9.5,70,A
316206000,2022-01-03T23:32:59,42.87665,-79.24910,3.4,9.5,6.0,ATLANTIC HURON,IMO8025680,VCQN,70,0,224,23,9.5,70,A
316206000,2022-01-03T23:53:37,42.89156,-79.24781,1.0,8.7,11.0,ATLANTIC HURON,IMO8025680,VCQN,70,0,224,23,9.5,70,A
316206000,2022-01-03T23:57:07,42.89232,-79.24775,0.2,307.0,10.0,ATLANTIC HURON,IMO8025680,VCQN,70,0,224,23,9.5,70,A
316206000,2022-01-03T23:42:57,42.88546,-79.24865,2.6,359.9,1.0,ATLANTIC HURON,IMO8025680,VCQN,70,0,224,23,9.5,70,A
316206000,2022-01-03T23:45:17,42.88711,-79.24863,2.4,0.0,4.0,ATLANTIC HURON,IMO8025680,VCQN,70,0,224,23,9.5,70,A
316206000,2022-01-03T11:11:48,41.85338,-82.28686,12.2,72.0,70.0,ATLANTIC HURON,IMO8025680,VCQN,70,0,224,23,9.5,70,A
316206000,2022-01-03T11:14:09,41.85586,-82.27683,12.1,70.8,68.0,ATLANTIC HURON,IMO8025680,VCQN,70,0,224,23,9.5,70,A
316206000,2022-01-03T23:51:17,42.89067,-79.24809,1.8,13.9,12.0,ATLANTIC HURON,IMO8025680,VCQN,70,0,224,23,9.5,70,A
316206000,2022-01-03T23:58:28,42.89230,-79.24788,0.2,224.6,9.0,ATLANTIC HURON,IMO8025680,VCQN,70,0,224,23,9.5,70,A
316206000,2022-01-03T11:22:38,41.86551,-82.24075,12.1,70.5,68.0,ATLANTIC HURON,IMO8025680,VCQN,70,0,224,23,9.5,70,A
316206000,2022-01-03T11:29:37,41.87347,-82.21090,12.2,70.1,67.0,ATLANTIC HURON,IMO8025680,VCQN,70,0,224,23,9.5,70,A
316206000,2022-01-03T11:35:29,41.88018,-82.18597,12.1,70.2,68.0,ATLANTIC HURON,IMO8025680,VCQN,70,0,224,23,9.5,70,A
316206000,2022-01-03T11:38:58,41.88421,-82.17111,12.2,69.8,67.0,ATLANTIC HURON,IMO8025680,VCQN,70,0,224,23,9.5,70,A
316206000,2022-01-03T11:40:08,41.88561,-82.16607,12.2,69.2,67.0,ATLANTIC HURON,IMO8025680,VCQN,70,0,224,23,9.5,70,A
316206000,2022-01-03T12:02:38,41.91070,-82.06948,12.2,72.9,71.0,ATLANTIC HURON,IMO8025680,VCQN,70,0,224,23,9.5,70,A
316206000,2022-01-03T12:04:58,41.91298,-82.05939,12.2,72.8,71.0,ATLANTIC HURON,IMO8025680,VCQN,70,0,224,23,9.5,70,A
316206000,2022-01-03T12:17:38,41.92611,-82.00453,12.2,71.6,69.0,ATLANTIC HURON,IMO8025680,VCQN,70,0,224,23,9.5,70,A
316206000,2022-01-03T12:57:29,41.96978,-81.83111,12.4,71.3,70.0,ATLANTIC HURON,IMO8025680,VCQN,70,0,224,23,9.5,70,A
316206000,2022-01-03T12:59:58,41.97250,-81.82019,12.3,72.2,70.0,ATLANTIC HURON,IMO8025680,VCQN,70,0,224,23,9.5,70,A
316206000,2022-01-03T13:00:07,41.97267,-81.81946,12.4,72.4,70.0,ATLANTIC HURON,IMO8025680,VCQN,70,0,224,23,9.5,70,A
316206000,2022-01-03T13:05:59,41.97899,-81.79376,12.4,71.3,70.0,ATLANTIC HURON,IMO8025680,VCQN,70,0,224,23,9.5,70,A
316206000,2022-01-03T13:07:08,41.98024,-81.78871,12.4,71.6,70.0,ATLANTIC HURON,IMO8025680,VCQN,70,0,224,23,9.5,70,A
316206000,2022-01-03T13:08:09,41.98134,-81.78424,12.3,71.6,70.0,ATLANTIC HURON,IMO8025680,VCQN,70,0,224,23,9.5,70,A
316206000,2022-01-03T13:23:29,41.99830,-81.71697,12.3,70.6,69.0,ATLANTIC HURON,IMO8025680,VCQN,70,0,224,23,9.5,70,A
316206000,2022-01-03T13:42:39,42.02017,-81.63279,12.3,70.6,70.0,ATLANTIC HURON,IMO8025680,VCQN,70,0,224,23,9.5,70,A
316206000,2022-01-03T13:58:49,42.03776,-81.56161,12.3,72.0,71.0,ATLANTIC HURON,IMO8025680,VCQN,70,0,224,23,9.5,70,A
316206000,2022-01-03T14:04:39,42.04402,-81.53608,12.4,71.7,71.0,ATLANTIC HURON,IMO8025680,VCQN,70,0,224,23,9.5,70,A
316206000,2022-01-03T14:10:28,42.05028,-81.51049,12.4,72.2,71.0,ATLANTIC HURON,IMO8025680,VCQN,70,0,224,23,9.5,70,A
316206000,2022-01-03T14:19:39,42.06037,-81.47049,12.5,70.6,70.0,ATLANTIC HURON,IMO8025680,VCQN,70,0,224,23,9.5,70,A
316206000,2022-01-03T14:52:58,42.09776,-81.32402,12.4,72.0,71.0,ATLANTIC HURON,IMO8025680,VCQN,70,0,224,23,9.5,70,A
316206000,2022-01-03T14:59:57,42.10519,-81.29323,12.3,72.6,71.0,ATLANTIC HURON,IMO8025680,VCQN,70,0,224,23,9.5,70,A
316206000,2022-01-03T15:03:39,42.10909,-81.27706,12.4,72.4,71.0,ATLANTIC HURON,IMO8025680,VCQN,70,0,224,23,9.5,70,A
316206000,2022-01-03T15:29:08,42.13724,-81.16548,12.3,70.0,69.0,ATLANTIC HURON,IMO8025680,VCQN,70,0,224,23,9.5,70,A
316206000,2022-01-03T15:41:57,42.15211,-81.10952,12.4,71.0,70.0,ATLANTIC HURON,IMO8025680,VCQN,70,0,224,23,9.5,70,A
316206000,2022-01-03T15:46:38,42.15736,-81.08889,12.3,70.7,70.0,ATLANTIC HURON,IMO8025680,VCQN,70,0,224,23,9.5,70,A
316206000,2022-01-03T15:54:39,42.16614,-81.05360,12.3,71.4,71.0,ATLANTIC HURON,IMO8025680,VCQN,70,0,224,23,9.5,70,A
316206000,2022-01-03T16:06:59,42.17936,-80.99911,12.4,71.4,70.0,ATLANTIC HURON,IMO8025680,VCQN,70,0,224,23,9.5,70,A
316206000,2022-01-03T16:09:17,42.18197,-80.98893,12.4,70.8,70.0,ATLANTIC HURON,IMO8025680,VCQN,70,0,224,23,9.5,70,A
316206000,2022-01-03T16:19:49,42.19360,-80.94269,12.4,70.9,70.0,ATLANTIC HURON,IMO8025680,VCQN,70,0,224,23,9.5,70,A
316206000,2022-01-03T16:44:17,42.22096,-80.83505,12.5,70.9,70.0,ATLANTIC HURON,IMO8025680,VCQN,70,0,224,23,9.5,70,A
316206000,2022-01-03T16:48:58,42.22623,-80.81436,12.5,71.3,70.0,ATLANTIC HURON,IMO8025680,VCQN,70,0,224,23,9.5,70,A
316206000,2022-01-03T17:04:49,42.24312,-80.74440,12.5,71.2,71.0,ATLANTIC HURON,IMO8025680,VCQN,70,0,224,23,9.5,70,A
316206000,2022-01-03T17:17:38,42.25762,-80.68770,12.4,71.0,70.0,ATLANTIC HURON,IMO8025680,VCQN,70,0,224,23,9.5,70,A
316206000,2022-01-03T17:26:57,42.26827,-80.64638,12.4,71.5,70.0,ATLANTIC HURON,IMO8025680,VCQN,70,0,224,23,9.5,70,A
316206000,2022-01-03T17:47:48,42.29140,-80.55349,12.5,71.6,70.0,ATLANTIC HURON,IMO8025680,VCQN,70,0,224,23,9.5,70,A
316206000,2022-01-03T18:22:47,42.33063,-80.39780,12.4,71.2,70.0,ATLANTIC HURON,IMO8025680,VCQN,70,0,224,23,9.5,70,A
316206000,2022-01-03T18:39:58,42.34968,-80.32134,12.5,71.1,70.0,ATLANTIC HURON,IMO8025680,VCQN,70,0,224,23,9.5,70,A
316206000,2022-01-03T19:24:19,42.39989,-80.12377,12.5,71.4,70.0,ATLANTIC HURON,IMO8025680,VCQN,70,0,224,23,9.5,70,A
316206000,2022-01-03T19:34:38,42.41130,-80.07757,12.4,71.2,71.0,ATLANTIC HURON,IMO8025680,VCQN,70,0,224,23,9.5,70,A
316206000,2022-01-03T19:52:09,42.43106,-79.99945,12.6,70.9,71.0,ATLANTIC HURON,IMO8025680,VCQN,70,0,224,23,9.5,70,A
316206000,2022-01-03T19:54:28,42.43370,-79.98900,12.5,70.5,71.0,ATLANTIC HURON,IMO8025680,VCQN,70,0,224,23,9.5,70,A
316206000,2022-01-03T20:27:48,42.49931,-79.85899,12.7,53.5,53.0,ATLANTIC HURON,IMO8025680,VCQN,70,0,224,23,9.5,70,A
316206000,2022-01-03T20:29:59,42.50391,-79.85056,12.7,53.4,54.0,ATLANTIC HURON,IMO8025680,VCQN,70,0,224,23,9.5,70,A
316206000,2022-01-03T20:36:58,42.51874,-79.82362,12.8,53.3,53.0,ATLANTIC HURON,IMO8025680,VCQN,70,0,224,23,9.5,70,A
316206000,2022-01-03T20:45:08,42.53609,-79.79217,12.7,53.9,54.0,ATLANTIC HURON,IMO8025680,VCQN,70,0,224,23,9.5,70,A
316206000,2022-01-03T21:01:18,42.56966,-79.72912,12.7,53.9,54.0,ATLANTIC HURON,IMO8025680,VCQN,70,0,224,23,9.5,70,A
316206000,2022-01-03T21:07:08,42.58193,-79.70639,12.8,53.4,54.0,ATLANTIC HURON,IMO8025680,VCQN,70,0,224,23,9.5,70,A
316206000,2022-01-03T21:26:58,42.62398,-79.62944,12.8,53.1,53.0,ATLANTIC HURON,IMO8025680,VCQN,70,0,224,23,9.5,70,A
316206000,2022-01-03T21:33:48,42.63851,-79.60326,12.5,53.1,53.0,ATLANTIC HURON,IMO8025680,VCQN,70,0,224,23,9.5,70,A
316206000,2022-01-03T21:49:57,42.67199,-79.54211,12.1,53.8,53.0,ATLANTIC HURON,IMO8025680,VCQN,70,0,224,23,9.5,70,A
316206000,2022-01-03T21:56:49,42.68576,-79.51652,12.2,53.4,53.0,ATLANTIC HURON,IMO8025680,VCQN,70,0,224,23,9.5,70,A
316206000,2022-01-03T22:16:38,42.72503,-79.44486,11.8,53.1,53.0,ATLANTIC HURON,IMO8025680,VCQN,70,0,224,23,9.5,70,A
316206000,2022-01-03T22:27:17,42.74609,-79.40723,11.4,52.7,53.0,ATLANTIC HURON,IMO8025680,VCQN,70,0,224,23,9.5,70,A
316206000,2022-01-03T22:29:38,42.75058,-79.39915,11.5,52.9,53.0,ATLANTIC HURON,IMO8025680,VCQN,70,0,224,23,9.5,70,A
316206000,2022-01-03T22:34:17,42.75961,-79.38288,11.6,52.9,53.0,ATLANTIC HURON,IMO8025680,VCQN,70,0,224,23,9.5,70,A
316206000,2022-01-03T22:47:57,42.78638,-79.33476,11.7,52.8,53.0,ATLANTIC HURON,IMO8025680,VCQN,70,0,224,23,9.5,70,A
316206000,2022-01-03T22:58:38,42.80761,-79.29703,11.7,53.5,52.0,ATLANTIC HURON,IMO8025680,VCQN,70,0,224,23,9.5,70,A
316206000,2022-01-03T23:24:18,42.86678,-79.25223,5.1,15.9,15.0,ATLANTIC HURON,IMO8025680,VCQN,70,0,224,23,9.5,70,A
316206000,2022-01-03T23:41:47,42.88457,-79.24867,2.8,359.9,0.0,ATLANTIC HURON,IMO8025680,VCQN,70,0,224,23,9.5,70,A
316206000,2022-01-03T23:50:07,42.89008,-79.24830,1.9,10.9,13.0,ATLANTIC HURON,IMO8025680,VCQN,70,0,224,23,9.5,70,A
316206000,2022-01-04T00:00:07,42.89222,-79.24798,0.1,202.4,9.0,ATLANTIC HURON,IMO8025680,VCQN,70,0,224,23,9.5,70,A
316206000,2022-01-04T00:01:18,42.89219,-79.24802,0.1,240.8,9.0,ATLANTIC HURON,IMO8025680,VCQN,70,0,224,23,9.5,70,A
316206000,2022-01-04T00:02:28,42.89217,-79.24806,0.0,239.0,9.0,ATLANTIC HURON,IMO8025680,VCQN,70,0,224,23,9.5,70,A
316206000,2022-01-04T00:03:39,42.89217,-79.24807,0.0,44.8,9.0,ATLANTIC HURON,IMO8025680,VCQN,70,0,224,23,9.5,70,A
316206000,2022-01-04T00:04:47,42.89217,-79.24805,0.0,133.1,9.0,ATLANTIC HURON,IMO8025680,VCQN,70,0,224,23,9.5,70,A
316206000,2022-01-04T00:07:17,42.89214,-79.24803,0.0,357.1,8.0,ATLANTIC HURON,IMO8025680,VCQN,70,0,224,23,9.5,70,A
316206000,2022-01-04T00:05:57,42.89216,-79.24804,0.0,140.4,8.0,ATLANTIC HURON,IMO8025680,VCQN,70,0,224,23,9.5,70,A
316206000,2022-01-04T00:08:28,42.89215,-79.24806,0.0,297.4,9.0,ATLANTIC HURON,IMO8025680,VCQN,70,0,224,23,9.5,70,A
316206000,2022-01-04T00:09:39,42.89216,-79.24809,0.0,239.3,10.0,ATLANTIC HURON,IMO8025680,VCQN,70,0,224,23,9.5,70,A
316206000,2022-01-04T00:10:48,42.89215,-79.24808,0.0,238.1,9.0,ATLANTIC HURON,IMO8025680,VCQN,70,0,224,23,9.5,70,A
316206000,2022-01-04T00:12:19,42.89214,-79.24808,0.0,227.3,9.0,ATLANTIC HURON,IMO8025680,VCQN,70,0,224,23,9.5,70,A
316206000,2022-01-04T00:13:29,42.89214,-79.24808,0.0,321.4,10.0,ATLANTIC HURON,IMO8025680,VCQN,70,0,224,23,9.5,70,A
316206000,2022-01-04T00:24:48,42.89214,-79.24808,0.0,182.2,10.0,ATLANTIC HURON,IMO8025680,VCQN,70,0,224,23,9.5,70,A
316206000,2022-01-04T00:14:59,42.89214,-79.24808,0.0,307.8,10.0,ATLANTIC HURON,IMO8025680,VCQN,70,0,224,23,9.5,70,A
316206000,2022-01-04T00:16:18,42.89214,-79.24808,0.0,177.9,10.0,ATLANTIC HURON,IMO8025680,VCQN,70,0,224,23,9.5,70,A
316206000,2022-01-04T00:17:29,42.89214,-79.24808,0.0,242.7,10.0,ATLANTIC HURON,IMO8025680,VCQN,70,0,224,23,9.5,70,A
316206000,2022-01-04T00:29:27,42.89214,-79.24808,0.0,203.1,10.0,ATLANTIC HURON,IMO8025680,VCQN,70,0,224,23,9.5,70,A
316206000,2022-01-04T00:18:37,42.89214,-79.24808,0.0,57.4,10.0,ATLANTIC HURON,IMO8025680,VCQN,70,0,224,23,9.5,70,A
316206000,2022-01-04T00:20:09,42.89214,-79.24808,0.0,57.0,10.0,ATLANTIC HURON,IMO8025680,VCQN,70,0,224,23,9.5,70,A
316206000,2022-01-04T00:22:28,42.89214,-79.24808,0.0,328.9,10.0,ATLANTIC HURON,IMO8025680,VCQN,70,0,224,23,9.5,70,A
316206000,2022-01-04T00:21:18,42.89214,-79.24808,0.0,247.0,10.0,ATLANTIC HURON,IMO8025680,VCQN,70,0,224,23,9.5,70,A
316206000,2022-01-04T00:23:39,42.89214,-79.24808,0.0,210.4,10.0,ATLANTIC HURON,IMO8025680,VCQN,70,0,224,23,9.5,70,A
316206000,2022-01-04T00:25:58,42.89214,-79.24808,0.0,93.7,10.0,ATLANTIC HURON,IMO8025680,VCQN,70,0,224,23,9.5,70,A
316206000,2022-01-04T00:28:18,42.89214,-79.24808,0.0,166.2,10.0,ATLANTIC HURON,IMO8025680,VCQN,70,0,224,23,9.5,70,A
316206000,2022-01-04T00:34:08,42.89215,-79.24808,0.0,40.3,10.0,ATLANTIC HURON,IMO8025680,VCQN,70,0,224,23,9.5,70,A
316206000,2022-01-04T00:30:37,42.89214,-79.24808,0.0,270.7,10.0,ATLANTIC HURON,IMO8025680,VCQN,70,0,224,23,9.5,70,A
316206000,2022-01-04T00:31:48,42.89215,-79.24808,0.0,44.5,10.0,ATLANTIC HURON,IMO8025680,VCQN,70,0,224,23,9.5,70,A
316206000,2022-01-04T00:32:58,42.89215,-79.24808,0.0,342.1,10.0,ATLANTIC HURON,IMO8025680,VCQN,70,0,224,23,9.5,70,A
316206000,2022-01-04T00:27:09,42.89214,-79.24808,0.0,2.3,10.0,ATLANTIC HURON,IMO8025680,VCQN,70,0,224,23,9.5,70,A
316206000,2022-01-04T00:40:08,42.89215,-79.24808,0.0,218.3,10.0,ATLANTIC HURON,IMO8025680,VCQN,70,0,224,23,9.5,70,A
316206000,2022-01-04T00:35:18,42.89215,-79.24808,0.0,149.2,10.0,ATLANTIC HURON,IMO8025680,VCQN,70,0,224,23,9.5,70,A
316206000,2022-01-04T00:38:57,42.89215,-79.24808,0.0,219.3,10.0,ATLANTIC HURON,IMO8025680,VCQN,70,0,224,23,9.5,70,A
316206000,2022-01-04T00:41:17,42.89215,-79.24808,0.0,52.5,10.0,ATLANTIC HURON,IMO8025680,VCQN,70,0,224,23,9.5,70,A
316206000,2022-01-04T00:36:27,42.89214,-79.24808,0.0,283.7,10.0,ATLANTIC HURON,IMO8025680,VCQN,70,0,224,23,9.5,70,A
316206000,2022-01-04T00:45:58,42.89214,-79.24808,0.0,329.6,10.0,ATLANTIC HURON,IMO8025680,VCQN,70,0,224,23,9.5,70,A
316206000,2022-01-04T00:43:39,42.89215,-79.24808,0.0,341.9,10.0,ATLANTIC HURON,IMO8025680,VCQN,70,0,224,23,9.5,70,A
316206000,2022-01-04T00:49:28,42.89214,-79.24808,0.0,62.1,10.0,ATLANTIC HURON,IMO8025680,VCQN,70,0,224,23,9.5,70,A
316206000,2022-01-04T00:47:09,42.89214,-79.24808,0.0,225.4,10.0,ATLANTIC HURON,IMO8025680,VCQN,70,0,224,23,9.5,70,A
316206000,2022-01-04T00:48:18,42.89214,-79.24808,0.0,10.6,10.0,ATLANTIC HURON,IMO8025680,VCQN,70,0,224,23,9.5,70,A
316206000,2022-01-04T00:56:28,42.89215,-79.24809,0.0,130.6,10.0,ATLANTIC HURON,IMO8025680,VCQN,70,0,224,23,9.5,70,A
316206000,2022-01-04T00:57:37,42.89215,-79.24809,0.0,273.1,10.0,ATLANTIC HURON,IMO8025680,VCQN,70,0,224,23,9.5,70,A
316206000,2022-01-04T00:42:28,42.89215,-79.24808,0.0,221.4,10.0,ATLANTIC HURON,IMO8025680,VCQN,70,0,224,23,9.5,70,A
316206000,2022-01-04T00:51:49,42.89215,-79.24808,0.0,125.9,10.0,ATLANTIC HURON,IMO8025680,VCQN,70,0,224,23,9.5,70,A
316206000,2022-01-04T00:37:38,42.89215,-79.24808,0.0,193.6,10.0,ATLANTIC HURON,IMO8025680,VCQN,70,0,224,23,9.5,70,A
316206000,2022-01-04T00:44:47,42.89214,-79.24808,0.0,58.2,10.0,ATLANTIC HURON,IMO8025680,VCQN,70,0,224,23,9.5,70,A
316206000,2022-01-04T00:52:58,42.89215,-79.24808,0.0,9.3,10.0,ATLANTIC HURON,IMO8025680,VCQN,70,0,224,23,9.5,70,A
316206000,2022-01-04T00:50:39,42.89214,-79.24808,0.0,318.0,10.0,ATLANTIC HURON,IMO8025680,VCQN,70,0,224,23,9.5,70,A
316206000,2022-01-04T00:55:17,42.89215,-79.24809,0.0,235.3,10.0,ATLANTIC HURON,IMO8025680,VCQN,70,0,224,23,9.5,70,A
316206000,2022-01-04T00:59:59,42.89215,-79.24809,0.0,88.6,10.0,ATLANTIC HURON,IMO8025680,VCQN,70,0,224,23,9.5,70,A
316206000,2022-01-04T01:02:58,42.89215,-79.24809,0.0,211.9,10.0,ATLANTIC HURON,IMO8025680,VCQN,70,0,224,23,9.5,70,A
316206000,2022-01-04T01:03:59,42.89215,-79.24809,0.0,91.4,10.0,ATLANTIC HURON,IMO8025680,VCQN,70,0,224,23,9.5,70,A
316206000,2022-01-04T01:06:18,42.89215,-79.24809,0.0,315.8,10.0,ATLANTIC HURON,IMO8025680,VCQN,70,0,224,23,9.5,70,A
316206000,2022-01-04T01:05:07,42.89215,-79.24809,0.0,207.1,10.0,ATLANTIC HURON,IMO8025680,VCQN,70,0,224,23,9.5,70,A
316206000,2022-01-04T01:07:29,42.89212,-79.24809,0.0,90.4,11.0,ATLANTIC HURON,IMO8025680,VCQN,70,0,224,23,9.5,70,A
316206000,2022-01-04T01:00:28,42.89215,-79.24809,0.0,98.7,10.0,ATLANTIC HURON,IMO8025680,VCQN,70,0,224,23,9.5,70,A
316206000,2022-01-04T01:10:47,42.89252,-79.24764,0.6,32.7,10.0,ATLANTIC HURON,IMO8025680,VCQN,70,0,224,23,9.5,70,A
316206000,2022-01-04T01:08:38,42.89223,-79.24793,0.5,42.1,11.0,ATLANTIC HURON,IMO8025680,VCQN,70,0,224,23,9.5,70,A
316206000,2022-01-04T01:11:59,42.89274,-79.24750,0.8,16.1,10.0,ATLANTIC HURON,IMO8025680,VCQN,70,0,224,23,9.5,70,A
316206000,2022-01-04T01:13:08,42.89309,-79.24743,1.2,12.8,10.0,ATLANTIC HURON,IMO8025680,VCQN,70,0,224,23,9.5,70,A
316206000,2022-01-04T00:54:08,42.89215,-79.24809,0.0,117.2,10.0,ATLANTIC HURON,IMO8025680,VCQN,70,0,224,23,9.5,70,A
316206000,2022-01-04T01:15:29,42.89427,-79.24715,2.5,11.2,10.0,ATLANTIC HURON,IMO8025680,VCQN,70,0,224,23,9.5,70,A
316206000,2022-01-04T01:14:17,42.89357,-79.24731,1.8,11.4,10.0,ATLANTIC HURON,IMO8025680,VCQN,70,0,224,23,9.5,70,A
316206000,2022-01-04T00:58:48,42.89215,-79.24809,0.0,174.1,10.0,ATLANTIC HURON,IMO8025680,VCQN,70,0,224,23,9.5,70,A
316206000,2022-01-04T01:20:08,42.89694,-79.24650,1.3,10.2,9.0,ATLANTIC HURON,IMO8025680,VCQN,70,0,224,23,9.5,70,A
316206000,2022-01-04T01:22:28,42.89753,-79.24637,0.5,17.9,10.0,ATLANTIC HURON,IMO8025680,VCQN,70,0,224,23,9.5,70,A
316206000,2022-01-04T01:17:48,42.89580,-79.24678,2.3,10.4,10.0,ATLANTIC HURON,IMO8025680,VCQN,70,0,224,23,9.5,70,A
316206000,2022-01-04T01:01:48,42.89215,-79.24809,0.0,107.2,10.0,ATLANTIC HURON,IMO8025680,VCQN,70,0,224,23,9.5,70,A
316206000,2022-01-04T01:23:37,42.89767,-79.24634,0.2,8.6,10.0,ATLANTIC HURON,IMO8025680,VCQN,70,0,224,23,9.5,70,A
316206000,2022-01-04T01:18:57,42.89644,-79.24662,1.7,8.3,9.0,ATLANTIC HURON,IMO8025680,VCQN,70,0,224,23,9.5,70,A
316206000,2022-01-04T01:25:58,42.89772,-79.24632,0.0,216.8,10.0,ATLANTIC HURON,IMO8025680,VCQN,70,0,224,23,9.5,70,A
316206000,2022-01-04T01:27:08,42.89773,-79.24632,0.0,21.0,10.0,ATLANTIC HURON,IMO8025680,VCQN,70,0,224,23,9.5,70,A
316206000,2022-01-04T01:24:47,42.89770,-79.24633,0.0,126.6,10.0,ATLANTIC HURON,IMO8025680,VCQN,70,0,224,23,9.5,70,A
316206000,2022-01-04T01:28:19,42.89773,-79.24632,0.0,194.4,10.0,ATLANTIC HURON,IMO8025680,VCQN,70,0,224,23,9.5,70,A
316206000,2022-01-04T01:09:39,42.89236,-79.24780,0.5,40.2,11.0,ATLANTIC HURON,IMO8025680,VCQN,70,0,224,23,9.5,70,A
316206000,2022-01-04T01:31:48,42.89799,-79.24626,1.4,8.6,10.0,ATLANTIC HURON,IMO8025680,VCQN,70,0,224,23,9.5,70,A
316206000,2022-01-04T01:32:58,42.89858,-79.24613,2.1,10.3,10.0,ATLANTIC HURON,IMO8025680,VCQN,70,0,224,23,9.5,70,A
316206000,2022-01-04T01:29:28,42.89771,-79.24632,0.0,174.7,10.0,ATLANTIC HURON,IMO8025680,VCQN,70,0,224,23,9.5,70,A
316206000,2022-01-04T01:47:48,42.91093,-79.24339,4.4,9.4,9.0,ATLANTIC HURON,IMO8025680,VCQN,70,0,224,23,9.5,70,A
316206000,2022-01-04T01:38:37,42.90220,-79.24527,2.7,9.3,9.0,ATLANTIC HURON,IMO8025680,VCQN,70,0,224,23,9.5,70,A
316206000,2022-01-04T01:39:49,42.90317,-79.24507,3.1,7.8,7.0,ATLANTIC HURON,IMO8025680,VCQN,70,0,224,23,9.5,70,A
316206000,2022-01-04T01:36:18,42.90067,-79.24563,2.1,11.0,10.0,ATLANTIC HURON,IMO8025680,VCQN,70,0,224,23,9.5,70,A
316206000,2022-01-04T01:44:19,42.90722,-79.24429,3.4,11.0,9.0,ATLANTIC HURON,IMO8025680,VCQN,70,0,224,23,9.5,70,A
316206000,2022-01-04T01:56:09,42.92532,-79.24028,7.6,9.0,10.0,ATLANTIC HURON,IMO8025680,VCQN,70,0,224,23,9.5,70,A
316206000,2022-01-04T01:37:28,42.90138,-79.24546,2.3,11.9,10.0,ATLANTIC HURON,IMO8025680,VCQN,70,0,224,23,9.5,70,A
316206000,2022-01-04T01:16:38,42.89505,-79.24695,2.3,10.5,10.0,ATLANTIC HURON,IMO8025680,VCQN,70,0,224,23,9.5,70,A
316206000,2022-01-04T01:43:08,42.90617,-79.24454,3.0,7.2,8.0,ATLANTIC HURON,IMO8025680,VCQN,70,0,224,23,9.5,70,A
316206000,2022-01-04T01:48:58,42.91254,-79.24304,5.4,8.6,9.0,ATLANTIC HURON,IMO8025680,VCQN,70,0,224,23,9.5,70,A
316206000,2022-01-04T02:01:18,42.93664,-79.23714,8.0,15.2,15.0,ATLANTIC HURON,IMO8025680,VCQN,70,0,224,23,9.5,70,A
316206000,2022-01-04T01:40:57,42.90422,-79.24488,3.3,7.1,7.0,ATLANTIC HURON,IMO8025680,VCQN,70,0,224,23,9.5,70,A
316206000,2022-01-04T01:21:17,42.89731,-79.24641,0.8,7.2,10.0,ATLANTIC HURON,IMO8025680,VCQN,70,0,224,23,9.5,70,A
316206000,2022-01-04T01:45:28,42.90836,-79.24398,3.7,11.0,9.0,ATLANTIC HURON,IMO8025680,VCQN,70,0,224,23,9.5,70,A
316206000,2022-01-04T01:51:28,42.91668,-79.24218,6.1,9.6,9.0,ATLANTIC HURON,IMO8025680,VCQN,70,0,224,23,9.5,70,A
316206000,2022-01-04T01:46:39,42.90958,-79.24368,4.0,9.1,9.0,ATLANTIC HURON,IMO8025680,VCQN,70,0,224,23,9.5,70,A
316206000,2022-01-04T01:50:08,42.91441,-79.24265,6.2,8.5,9.0,ATLANTIC HURON,IMO8025680,VCQN,70,0,224,23,9.5,70,A
316206000,2022-01-04T01:59:29,42.93265,-79.23845,8.0,12.0,13.0,ATLANTIC HURON,IMO8025680,VCQN,70,0,224,23,9.5,70,A
316206000,2022-01-04T01:53:48,42.92072,-79.24129,6.6,9.6,9.0,ATLANTIC HURON,IMO8025680,VCQN,70,0,224,23,9.5,70,A
316206000,2022-01-04T01:52:37,42.91867,-79.24174,6.2,9.2,9.0,ATLANTIC HURON,IMO8025680,VCQN,70,0,224,23,9.5,70,A
316206000,2022-01-04T02:00:09,42.93410,-79.23799,8.0,13.4,14.0,ATLANTIC HURON,IMO8025680,VCQN,70,0,224,23,9.5,70,A
316206000,2022-01-04T01:30:38,42.89772,-79.24632,0.2,6.3,10.0,ATLANTIC HURON,IMO8025680,VCQN,70,0,224,23,9.5,70,A
316206000,2022-01-04T02:06:58,42.94873,-79.23249,8.2,16.2,16.0,ATLANTIC HURON,IMO8025680,VCQN,70,0,224,23,9.5,70,A
316206000,2022-01-04T01:54:59,42.92300,-79.24078,7.1,8.7,9.0,ATLANTIC HURON,IMO8025680,VCQN,70,0,224,23,9.5,70,A
316206000,2022-01-04T01:57:19,42.92786,-79.23970,8.1,9.6,10.0,ATLANTIC HURON,IMO8025680,VCQN,70,0,224,23,9.5,70,A
316206000,2022-01-04T02:20:57,42.97850,-79.22070,8.0,15.0,15.0,ATLANTIC HURON,IMO8025680,VCQN,70,0,224,23,9.5,70,A
316206000,2022-01-04T01:58:28,42.93042,-79.23909,8.0,10.3,12.0,ATLANTIC HURON,IMO8025680,VCQN,70,0,224,23,9.5,70,A
316206000,2022-01-04T02:08:09,42.95134,-79.23146,8.3,16.1,16.0,ATLANTIC HURON,IMO8025680,VCQN,70,0,224,23,9.5,70,A
316206000,2022-01-04T02:11:38,42.95880,-79.22849,7.8,16.5,17.0,ATLANTIC HURON,IMO8025680,VCQN,70,0,224,23,9.5,70,A
316206000,2022-01-04T01:34:08,42.89930,-79.24595,2.3,10.2,10.0,ATLANTIC HURON,IMO8025680,VCQN,70,0,224,23,9.5,70,A
316206000,2022-01-04T02:13:48,42.96326,-79.22671,7.8,16.1,17.0,ATLANTIC HURON,IMO8025680,VCQN,70,0,224,23,9.5,70,A
316206000,2022-01-04T02:02:29,42.93917,-79.23621,8.1,15.4,15.0,ATLANTIC HURON,IMO8025680,VCQN,70,0,224,23,9.5,70,A
316206000,2022-01-04T01:35:17,42.90006,-79.24577,2.3,10.4,10.0,ATLANTIC HURON,IMO8025680,VCQN,70,0,224,23,9.5,70,A
316206000,2022-01-04T02:10:28,42.95632,-79.22948,7.9,16.2,17.0,ATLANTIC HURON,IMO8025680,VCQN,70,0,224,23,9.5,70,A
316206000,2022-01-04T02:17:28,42.97107,-79.22360,7.9,15.8,16.0,ATLANTIC HURON,IMO8025680,VCQN,70,0,224,23,9.5,70,A
316206000,2022-01-04T02:04:47,42.94407,-79.23434,7.9,16.2,16.0,ATLANTIC HURON,IMO8025680,VCQN,70,0,224,23,9.5,70,A
316206000,2022-01-04T02:12:47,42.96119,-79.22755,7.7,16.4,17.0,ATLANTIC HURON,IMO8025680,VCQN,70,0,224,23,9.5,70,A
316206000,2022-01-04T02:27:09,42.99197,-79.21681,7.9,8.8,9.0,ATLANTIC HURON,IMO8025680,VCQN,70,0,224,23,9.5,70,A
316206000,2022-01-04T02:14:57,42.96572,-79.22574,7.9,16.8,17.0,ATLANTIC HURON,IMO8025680,VCQN,70,0,224,23,9.5,70,A
316206000,2022-01-04T02:09:19,42.95387,-79.23045,8.0,16.3,17.0,ATLANTIC HURON,IMO8025680,VCQN,70,0,224,23,9.5,70,A
316206000,2022-01-04T02:22:29,42.98173,-79.21954,7.9,14.3,14.0,ATLANTIC HURON,IMO8025680,VCQN,70,0,224,23,9.5,70,A
316206000,2022-01-04T02:16:17,42.96856,-79.22459,8.0,16.2,16.0,ATLANTIC HURON,IMO8025680,VCQN,70,0,224,23,9.5,70,A
316206000,2022-01-04T01:42:07,42.90529,-79.24469,3.2,6.3,7.0,ATLANTIC HURON,IMO8025680,VCQN,70,0,224,23,9.5,70,A
316206000,2022-01-04T02:41:59,43.02508,-79.21210,7.9,358.6,359.0,ATLANTIC HURON,IMO8025680,VCQN,70,0,224,23,9.5,70,A
316206000,2022-01-04T02:29:19,42.99672,-79.21582,7.8,8.4,9.0,ATLANTIC HURON,IMO8025680,VCQN,70,0,224,23,9.5,70,A
316206000,2022-01-04T02:23:37,42.98423,-79.21873,8.0,12.2,12.0,ATLANTIC HURON,IMO8025680,VCQN,70,0,224,23,9.5,70,A
316206000,2022-01-04T02:30:28,42.99919,-79.21533,8.0,7.9,8.0,ATLANTIC HURON,IMO8025680,VCQN,70,0,224,23,9.5,70,A
316206000,2022-01-04T02:18:38,42.97354,-79.22261,7.8,16.4,16.0,ATLANTIC HURON,IMO8025680,VCQN,70,0,224,23,9.5,70,A
316206000,2022-01-04T02:36:49,43.01336,-79.21267,8.1,5.8,5.0,ATLANTIC HURON,IMO8025680,VCQN,70,0,224,23,9.5,70,A
316206000,2022-01-04T02:19:48,42.97598,-79.22166,8.0,15.7,16.0,ATLANTIC HURON,IMO8025680,VCQN,70,0,224,23,9.5,70,A
316206000,2022-01-04T02:25:58,42.98940,-79.21737,7.9,9.5,9.0,ATLANTIC HURON,IMO8025680,VCQN,70,0,224,23,9.5,70,A
316206000,2022-01-04T02:34:28,43.00806,-79.21359,8.1,8.2,8.0,ATLANTIC HURON,IMO8025680,VCQN,70,0,224,23,9.5,70,A
316206000,2022-01-04T02:24:49,42.98683,-79.21799,8.0,11.1,11.0,ATLANTIC HURON,IMO8025680,VCQN,70,0,224,23,9.5,70,A
316206000,2022-01-04T02:38:08,43.01634,-79.21235,8.2,4.2,3.0,ATLANTIC HURON,IMO8025680,VCQN,70,0,224,23,9.5,70,A
316206000,2022-01-04T02:39:28,43.01938,-79.21215,8.2,1.8,2.0,ATLANTIC HURON,IMO8025680,VCQN,70,0,224,23,9.5,70,A
316206000,2022-01-04T02:28:18,42.99448,-79.21628,7.9,8.2,9.0,ATLANTIC HURON,IMO8025680,VCQN,70,0,224,23,9.5,70,A
316206000,2022-01-04T02:51:27,43.04194,-79.21272,5.6,359.6,0.0,ATLANTIC HURON,IMO8025680,VCQN,70,0,224,23,9.5,70,A
316206000,2022-01-04T02:52:28,43.04353,-79.21274,5.7,359.1,1.0,ATLANTIC HURON,IMO8025680,VCQN,70,0,224,23,9.5,70,A
316206000,2022-01-04T02:43:08,43.02756,-79.21217,7.3,358.1,359.0,ATLANTIC HURON,IMO8025680,VCQN,70,0,224,23,9.5,70,A
316206000,2022-01-04T02:35:38,43.01069,-79.21310,8.1,7.7,7.0,ATLANTIC HURON,IMO8025680,VCQN,70,0,224,23,9.5,70,A
316206000,2022-01-04T02:58:19,43.05324,-79.21252,6.0,2.4,2.0,ATLANTIC HURON,IMO8025680,VCQN,70,0,224,23,9.5,70,A
316206000,2022-01-04T02:55:58,43.04928,-79.21265,6.0,1.2,2.0,ATLANTIC HURON,IMO8025680,VCQN,70,0,224,23,9.5,70,A
316206000,2022-01-04T02:57:08,43.05126,-79.21259,6.0,1.6,2.0,ATLANTIC HURON,IMO8025680,VCQN,70,0,224,23,9.5,70,A
316206000,2022-01-04T02:44:18,43.02981,-79.21226,6.8,358.5,359.0,ATLANTIC HURON,IMO8025680,VCQN,70,0,224,23,9.5,70,A
316206000,2022-01-04T02:46:47,43.03434,-79.21244,6.3,358.8,358.0,ATLANTIC HURON,IMO8025680,VCQN,70,0,224,23,9.5,70,A
316206000,2022-01-04T03:14:09,43.07944,-79.20993,6.0,5.9,6.0,ATLANTIC HURON,IMO8025680,VCQN,70,0,224,23,9.5,70,A
316206000,2022-01-04T02:50:18,43.04009,-79.21267,5.6,359.1,359.0,ATLANTIC HURON,IMO8025680,VCQN,70,0,224,23,9.5,70,A
316206000,2022-01-04T02:40:47,43.02242,-79.21207,8.1,0.0,0.0,ATLANTIC HURON,IMO8025680,VCQN,70,0,224,23,9.5,70,A
316206000,2022-01-04T03:06:08,43.06622,-79.21172,5.9,4.1,4.0,ATLANTIC HURON,IMO8025680,VCQN,70,0,224,23,9.5,70,A
316206000,2022-01-04T03:09:28,43.07172,-79.21107,5.9,6.5,6.0,ATLANTIC HURON,IMO8025680,VCQN,70,0,224,23,9.5,70,A
316206000,2022-01-04T02:45:38,43.03229,-79.21236,6.5,357.7,358.0,ATLANTIC HURON,IMO8025680,VCQN,70,0,224,23,9.5,70,A
316206000,2022-01-04T03:08:18,43.06981,-79.21132,5.9,5.5,5.0,ATLANTIC HURON,IMO8025680,VCQN,70,0,224,23,9.5,70,A
316206000,2022-01-04T03:10:39,43.07368,-79.21080,5.9,6.0,6.0,ATLANTIC HURON,IMO8025680,VCQN,70,0,224,23,9.5,70,A
316206000,2022-01-04T03:21:08,43.09047,-79.20824,5.4,7.8,8.0,ATLANTIC HURON,IMO8025680,VCQN,70,0,224,23,9.5,70,A
316206000,2022-01-04T02:03:39,42.94166,-79.23528,7.8,15.4,16.0,ATLANTIC HURON,IMO8025680,VCQN,70,0,224,23,9.5,70,A
316206000,2022-01-04T03:00:08,43.05629,-79.21239,5.9,1.5,2.0,ATLANTIC HURON,IMO8025680,VCQN,70,0,224,23,9.5,70,A
316206000,2022-01-04T02:49:08,43.03824,-79.21260,5.7,357.8,359.0,ATLANTIC HURON,IMO8025680,VCQN,70,0,224,23,9.5,70,A
316206000,2022-01-04T03:12:57,43.07749,-79.21023,5.9,5.4,6.0,ATLANTIC HURON,IMO8025680,VCQN,70,0,224,23,9.5,70,A
316206000,2022-01-04T02:05:48,42.94621,-79.23349,8.0,16.0,16.0,ATLANTIC HURON,IMO8025680,VCQN,70,0,224,23,9.5,70,A
316206000,2022-01-04T03:15:18,43.08135,-79.20966,6.0,5.9,6.0,ATLANTIC HURON,IMO8025680,VCQN,70,0,224,23,9.5,70,A
316206000,2022-01-04T02:54:48,43.04733,-79.21270,5.9,1.5,1.0,ATLANTIC HURON,IMO8025680,VCQN,70,0,224,23,9.5,70,A
316206000,2022-01-04T03:17:39,43.08515,-79.20910,5.5,6.9,7.0,ATLANTIC HURON,IMO8025680,VCQN,70,0,224,23,9.5,70,A
316206000,2022-01-04T03:04:59,43.06435,-79.21189,5.9,3.6,4.0,ATLANTIC HURON,IMO8025680,VCQN,70,0,224,23,9.5,70,A
316206000,2022-01-04T03:11:48,43.07557,-79.21054,6.0,5.8,6.0,ATLANTIC HURON,IMO8025680,VCQN,70,0,224,23,9.5,70,A
316206000,2022-01-04T02:59:28,43.05517,-79.21244,6.0,2.3,2.0,ATLANTIC HURON,IMO8025680,VCQN,70,0,224,23,9.5,70,A
316206000,2022-01-04T03:01:18,43.05827,-79.21232,5.9,1.9,3.0,ATLANTIC HURON,IMO8025680,VCQN,70,0,224,23,9.5,70,A
316206000,2022-01-04T03:36:28,43.10987,-79.19853,3.2,22.5,23.0,ATLANTIC HURON,IMO8025680,VCQN,70,0,224,23,9.5,70,A
316206000,2022-01-04T03:22:18,43.09222,-79.20787,5.3,9.0,9.0,ATLANTIC HURON,IMO8025680,VCQN,70,0,224,23,9.5,70,A
316206000,2022-01-04T03:20:07,43.08895,-79.20849,5.4,6.9,7.0,ATLANTIC HURON,IMO8025680,VCQN,70,0,224,23,9.5,70,A
316206000,2022-01-04T03:40:52,43.11299,-79.19670,2.4,23.8,21.0,ATLANTIC HURON,IMO8025680,VCQN,70,0,224,23,9.5,70,A
316206000,2022-01-04T03:26:47,43.09859,-79.20540,5.3,23.7,24.0,ATLANTIC HURON,IMO8025680,VCQN,70,0,224,23,9.5,70,A
316206000,2022-01-04T03:03:48,43.06240,-79.21206,5.9,3.4,4.0,ATLANTIC HURON,IMO8025680,VCQN,70,0,224,23,9.5,70,A
316206000,2022-01-04T03:25:39,43.09700,-79.20627,5.3,22.7,23.0,ATLANTIC HURON,IMO8025680,VCQN,70,0,224,23,9.5,70,A
316206000,2022-01-04T03:29:17,43.10205,-79.20334,5.2,23.1,24.0,ATLANTIC HURON,IMO8025680,VCQN,70,0,224,23,9.5,70,A
316206000,2022-01-04T03:07:09,43.06789,-79.21154,5.8,4.7,5.0,ATLANTIC HURON,IMO8025680,VCQN,70,0,224,23,9.5,70,A
316206000,2022-01-04T03:30:28,43.10358,-79.20242,5.0,23.9,25.0,ATLANTIC HURON,IMO8025680,VCQN,70,0,224,23,9.5,70,A
316206000,2022-01-04T03:23:28,43.09390,-79.20749,5.3,11.4,14.0,ATLANTIC HURON,IMO8025680,VCQN,70,0,224,23,9.5,70,A
316206000,2022-01-04T03:18:57,43.08718,-79.20878,5.5,6.2,7.0,ATLANTIC HURON,IMO8025680,VCQN,70,0,224,23,9.5,70,A
316206000,2022-01-04T03:51:12,43.11839,-79.19490,1.5,5.6,10.0,ATLANTIC HURON,IMO8025680,VCQN,70,0,224,23,9.5,70,A
316206000,2022-01-04T03:27:57,43.10020,-79.20445,5.5,23.5,24.0,ATLANTIC HURON,IMO8025680,VCQN,70,0,224,23,9.5,70,A
316206000,2022-01-04T03:53:16,43.11920,-79.19478,1.3,6.5,11.0,ATLANTIC HURON,IMO8025680,VCQN,70,0,224,23,9.5,70,A
316206000,2022-01-04T03:37:38,43.11079,-79.19799,2.9,23.8,24.0,ATLANTIC HURON,IMO8025680,VCQN,70,0,224,23,9.5,70,A
316206000,2022-01-04T03:33:58,43.10760,-79.19991,3.9,26.0,25.0,ATLANTIC HURON,IMO8025680,VCQN,70,0,224,23,9.5,70,A
316206000,2022-01-04T02:31:47,43.00212,-79.21475,7.9,8.3,8.0,ATLANTIC HURON,IMO8025680,VCQN,70,0,224,23,9.5,70,A
316206000,2022-01-04T04:00:00,43.12194,-79.19415,0.8,13.7,11.0,ATLANTIC HURON,IMO8025680,VCQN,70,0,224,23,9.5,70,A
316206000,2022-01-04T02:33:08,43.00507,-79.21417,8.1,8.1,8.0,ATLANTIC HURON,IMO8025680,VCQN,70,0,224,23,9.5,70,A
316206000,2022-01-04T03:42:56,43.11424,-79.19599,2.2,21.4,16.0,ATLANTIC HURON,IMO8025680,VCQN,70,0,224,23,9.5,70,A
316206000,2022-01-04T03:54:18,43.11958,-79.19472,1.2,6.3,11.0,ATLANTIC HURON,IMO8025680,VCQN,70,0,224,23,9.5,70,A
316206000,2022-01-04T03:31:38,43.10502,-79.20153,4.7,24.0,25.0,ATLANTIC HURON,IMO8025680,VCQN,70,0,224,23,9.5,70,A
316206000,2022-01-04T03:46:02,43.11592,-79.19531,2.0,6.3,9.0,ATLANTIC HURON,IMO8025680,VCQN,70,0,224,23,9.5,70,A
316206000,2022-01-04T03:32:48,43.10638,-79.20069,4.3,24.7,25.0,ATLANTIC HURON,IMO8025680,VCQN,70,0,224,23,9.5,70,A
316206000,2022-01-04T03:48:06,43.11699,-79.19516,1.7,9.2,10.0,ATLANTIC HURON,IMO8025680,VCQN,70,0,224,23,9.5,70,A
316206000,2022-01-04T04:01:02,43.12210,-79.19411,0.4,16.3,11.0,ATLANTIC HURON,IMO8025680,VCQN,70,0,224,23,9.5,70,A
316206000,2022-01-04T03:52:14,43.11881,-79.19484,1.4,6.2,10.0,ATLANTIC HURON,IMO8025680,VCQN,70,0,224,23,9.5,70,A
316206000,2022-01-04T04:02:04,43.12219,-79.19409,0.1,1.4,10.0,ATLANTIC HURON,IMO8025680,VCQN,70,0,224,23,9.5,70,A
316206000,2022-01-04T03:35:18,43.10887,-79.19911,3.5,22.8,23.0,ATLANTIC HURON,IMO8025680,VCQN,70,0,224,23,9.5,70,A
316206000,2022-01-04T04:21:44,43.12223,-79.19408,0.0,14.5,10.0,ATLANTIC HURON,IMO8025680,VCQN,70,0,224,23,9.5,70,A
316206000,2022-01-04T02:47:57,43.03634,-79.21252,6.0,358.3,358.0,ATLANTIC HURON,IMO8025680,VCQN,70,0,224,23,9.5,70,A
316206000,2022-01-04T03:38:49,43.11163,-79.19748,2.7,24.6,23.0,ATLANTIC HURON,IMO8025680,VCQN,70,0,224,23,9.5,70,A
316206000,2022-01-04T03:58:26,43.12142,-79.19428,1.5,9.7,11.0,ATLANTIC HURON,IMO8025680,VCQN,70,0,224,23,9.5,70,A
316206000,2022-01-04T04:05:12,43.12221,-79.19409,0.0,342.2,11.0,ATLANTIC HURON,IMO8025680,VCQN,70,0,224,23,9.5,70,A
316206000,2022-01-04T03:39:50,43.11232,-79.19708,2.6,22.6,22.0,ATLANTIC HURON,IMO8025680,VCQN,70,0,224,23,9.5,70,A
316206000,2022-01-04T04:10:22,43.12223,-79.19408,0.0,134.9,10.0,ATLANTIC HURON,IMO8025680,VCQN,70,0,224,23,9.5,70,A
316206000,2022-01-04T03:41:54,43.11363,-79.19634,2.2,22.6,19.0,ATLANTIC HURON,IMO8025680,VCQN,70,0,224,23,9.5,70,A
316206000,2022-01-04T03:45:00,43.11538,-79.19545,1.9,14.5,11.0,ATLANTIC HURON,IMO8025680,VCQN,70,0,224,23,9.5,70,A
316206000,2022-01-04T04:03:08,43.12221,-79.19409,0.0,186.4,11.0,ATLANTIC HURON,IMO8025680,VCQN,70,0,224,23,9.5,70,A
316206000,2022-01-04T02:53:39,43.04544,-79.21273,5.9,0.6,1.0,ATLANTIC HURON,IMO8025680,VCQN,70,0,224,23,9.5,70,A
316206000,2022-01-04T04:18:38,43.12223,-79.19408,0.0,240.0,10.0,ATLANTIC HURON,IMO8025680,VCQN,70,0,224,23,9.5,70,A
316206000,2022-01-04T03:49:08,43.11748,-79.19507,1.7,7.0,11.0,ATLANTIC HURON,IMO8025680,VCQN,70,0,224,23,9.5,70,A
316206000,2022-01-04T04:15:32,43.12223,-79.19408,0.0,117.9,10.0,ATLANTIC HURON,IMO8025680,VCQN,70,0,224,23,9.5,70,A
316206000,2022-01-04T04:22:46,43.12223,-79.19408,0.0,168.6,10.0,ATLANTIC HURON,IMO8025680,VCQN,70,0,224,23,9.5,70,A
316206000,2022-01-04T03:55:20,43.11991,-79.19464,1.3,18.8,11.0,ATLANTIC HURON,IMO8025680,VCQN,70,0,224,23,9.5,70,A
316206000,2022-01-04T03:02:27,43.06018,-79.21222,5.9,2.2,3.0,ATLANTIC HURON,IMO8025680,VCQN,70,0,224,23,9.5,70,A
316206000,2022-01-04T04:13:28,43.12223,-79.19408,0.0,247.7,10.0,ATLANTIC HURON,IMO8025680,VCQN,70,0,224,23,9.5,70,A
316206000,2022-01-04T03:57:24,43.12092,-79.19440,1.9,8.5,10.0,ATLANTIC HURON,IMO8025680,VCQN,70,0,224,23,9.5,70,A
316206000,2022-01-04T03:56:22,43.12037,-79.19452,1.8,9.5,10.0,ATLANTIC HURON,IMO8025680,VCQN,70,0,224,23,9.5,70,A
316206000,2022-01-04T04:30:00,43.12385,-79.19368,1.9,10.3,10.0,ATLANTIC HURON,IMO8025680,VCQN,70,0,224,23,9.5,70,A
316206000,2022-01-04T04:16:34,43.12223,-79.19408,0.0,52.8,10.0,ATLANTIC HURON,IMO8025680,VCQN,70,0,224,23,9.5,70,A
316206000,2022-01-04T04:23:48,43.12223,-79.19408,0.0,355.7,10.0,ATLANTIC HURON,IMO8025680,VCQN,70,0,224,23,9.5,70,A
316206000,2022-01-04T04:09:20,43.12223,-79.19409,0.0,269.2,11.0,ATLANTIC HURON,IMO8025680,VCQN,70,0,224,23,9.5,70,A
316206000,2022-01-04T04:46:38,43.13062,-79.19250,0.1,45.4,3.0,ATLANTIC HURON,IMO8025680,VCQN,70,0,224,23,9.5,70,A
316206000,2022-01-04T04:11:24,43.12223,-79.19408,0.0,251.9,10.0,ATLANTIC HURON,IMO8025680,VCQN,70,0,224,23,9.5,70,A
316206000,2022-01-04T04:25:52,43.12229,-79.19406,0.4,16.2,10.0,ATLANTIC HURON,IMO8025680,VCQN,70,0,224,23,9.5,70,A
316206000,2022-01-04T04:47:40,43.13063,-79.19249,0.0,222.4,3.0,ATLANTIC HURON,IMO8025680,VCQN,70,0,224,23,9.5,70,A
316206000,2022-01-04T04:04:10,43.12221,-79.19409,0.0,213.5,11.0,ATLANTIC HURON,IMO8025680,VCQN,70,0,224,23,9.5,70,A
316206000,2022-01-04T04:24:50,43.12223,-79.19408,0.0,256.8,10.0,ATLANTIC HURON,IMO8025680,VCQN,70,0,224,23,9.5,70,A
316206000,2022-01-04T04:33:06,43.12519,-79.19336,1.7,10.4,10.0,ATLANTIC HURON,IMO8025680,VCQN,70,0,224,23,9.5,70,A
316206000,2022-01-04T04:34:08,43.12565,-79.19324,1.7,13.6,10.0,ATLANTIC HURON,IMO8025680,VCQN,70,0,224,23,9.5,70,A
316206000,2022-01-04T04:17:36,43.12223,-79.19408,0.0,185.2,10.0,ATLANTIC HURON,IMO8025680,VCQN,70,0,224,23,9.5,70,A
316206000,2022-01-04T04:06:14,43.12221,-79.19408,0.0,192.1,10.0,ATLANTIC HURON,IMO8025680,VCQN,70,0,224,23,9.5,70,A
316206000,2022-01-04T04:07:16,43.12222,-79.19409,0.0,109.5,11.0,ATLANTIC HURON,IMO8025680,VCQN,70,0,224,23,9.5,70,A
316206000,2022-01-04T04:20:42,43.12223,-79.19408,0.0,132.9,10.0,ATLANTIC HURON,IMO8025680,VCQN,70,0,224,23,9.5,70,A
316206000,2022-01-04T04:44:34,43.13028,-79.19251,0.9,2.5,3.0,ATLANTIC HURON,IMO8025680,VCQN,70,0,224,23,9.5,70,A
316206000,2022-01-04T04:59:02,43.13066,-79.19249,0.0,97.5,3.0,ATLANTIC HURON,IMO8025680,VCQN,70,0,224,23,9.5,70,A
316206000,2022-01-04T03:16:28,43.08329,-79.20939,5.8,5.9,7.0,ATLANTIC HURON,IMO8025680,VCQN,70,0,224,23,9.5,70,A
316206000,2022-01-04T04:39:20,43.12784,-79.19266,1.3,10.3,3.0,ATLANTIC HURON,IMO8025680,VCQN,70,0,224,23,9.5,70,A
316206000,2022-01-04T05:02:06,43.13065,-79.19249,0.0,201.7,3.0,ATLANTIC HURON,IMO8025680,VCQN,70,0,224,23,9.5,70,A
316206000,2022-01-04T04:32:04,43.12476,-79.19346,1.3,10.3,10.0,ATLANTIC HURON,IMO8025680,VCQN,70,0,224,23,9.5,70,A
316206000,2022-01-04T04:12:26,43.12223,-79.19409,0.0,195.3,10.0,ATLANTIC HURON,IMO8025680,VCQN,70,0,224,23,9.5,70,A
316206000,2022-01-04T04:14:30,43.12223,-79.19408,0.0,139.2,10.0,ATLANTIC HURON,IMO8025680,VCQN,70,0,224,23,9.5,70,A
316206000,2022-01-04T04:41:26,43.12893,-79.19261,2.0,1.8,3.0,ATLANTIC HURON,IMO8025680,VCQN,70,0,224,23,9.5,70,A
316206000,2022-01-04T04:35:12,43.12614,-79.19308,1.6,11.8,8.0,ATLANTIC HURON,IMO8025680,VCQN,70,0,224,23,9.5,70,A
316206000,2022-01-04T05:06:16,43.13065,-79.19249,0.0,220.7,3.0,ATLANTIC HURON,IMO8025680,VCQN,70,0,224,23,9.5,70,A
316206000,2022-01-04T04:36:14,43.12660,-79.19295,1.6,9.8,6.0,ATLANTIC HURON,IMO8025680,VCQN,70,0,224,23,9.5,70,A
316206000,2022-01-04T04:43:32,43.12996,-79.19254,1.3,4.4,3.0,ATLANTIC HURON,IMO8025680,VCQN,70,0,224,23,9.5,70,A
316206000,2022-01-04T04:19:40,43.12223,-79.19408,0.0,194.4,10.0,ATLANTIC HURON,IMO8025680,VCQN,70,0,224,23,9.5,70,A
316206000,2022-01-04T05:12:28,43.13253,-79.19235,1.3,4.3,3.0,ATLANTIC HURON,IMO8025680,VCQN,70,0,224,23,9.5,70,A
316206000,2022-01-04T03:24:38,43.09559,-79.20693,5.3,15.5,20.0,ATLANTIC HURON,IMO8025680,VCQN,70,0,224,23,9.5,70,A
316206000,2022-01-04T04:45:36,43.13052,-79.19250,0.6,358.3,3.0,ATLANTIC HURON,IMO8025680,VCQN,70,0,224,23,9.5,70,A
316206000,2022-01-04T04:26:54,43.12251,-79.19401,1.1,9.8,10.0,ATLANTIC HURON,IMO8025680,VCQN,70,0,224,23,9.5,70,A
316206000,2022-01-04T04:48:42,43.13062,-79.19250,0.0,181.2,3.0,ATLANTIC HURON,IMO8025680,VCQN,70,0,224,23,9.5,70,A
316206000,2022-01-04T04:40:24,43.12834,-79.19266,1.9,2.2,3.0,ATLANTIC HURON,IMO8025680,VCQN,70,0,224,23,9.5,70,A
316206000,2022-01-04T04:54:54,43.13066,-79.19249,0.0,234.2,3.0,ATLANTIC HURON,IMO8025680,VCQN,70,0,224,23,9.5,70,A
316206000,2022-01-04T04:27:56,43.12289,-79.19392,1.5,8.1,10.0,ATLANTIC HURON,IMO8025680,VCQN,70,0,224,23,9.5,70,A
316206000,2022-01-04T04:28:58,43.12335,-79.19380,1.7,9.5,10.0,ATLANTIC HURON,IMO8025680,VCQN,70,0,224,23,9.5,70,A
316206000,2022-01-04T05:10:24,43.13159,-79.19241,1.6,3.3,3.0,ATLANTIC HURON,IMO8025680,VCQN,70,0,224,23,9.5,70,A
316206000,2022-01-04T04:31:02,43.12436,-79.19356,1.5,10.9,10.0,ATLANTIC HURON,IMO8025680,VCQN,70,0,224,23,9.5,70,A
316206000,2022-01-04T05:01:04,43.13065,-79.19249,0.0,64.8,3.0,ATLANTIC HURON,IMO8025680,VCQN,70,0,224,23,9.5,70,A
316206000,2022-01-04T04:49:44,43.13063,-79.19250,0.0,11.6,3.0,ATLANTIC HURON,IMO8025680,VCQN,70,0,224,23,9.5,70,A
316206000,2022-01-04T04:56:58,43.13065,-79.19249,0.0,111.3,3.0,ATLANTIC HURON,IMO8025680,VCQN,70,0,224,23,9.5,70,A
316206000,2022-01-04T05:03:08,43.13065,-79.19249,0.0,119.2,3.0,ATLANTIC HURON,IMO8025680,VCQN,70,0,224,23,9.5,70,A
316206000,2022-01-04T04:58:00,43.13066,-79.19249,0.0,240.8,3.0,ATLANTIC HURON,IMO8025680,VCQN,70,0,224,23,9.5,70,A
316206000,2022-01-04T04:52:50,43.13065,-79.19249,0.0,95.8,3.0,ATLANTIC HURON,IMO8025680,VCQN,70,0,224,23,9.5,70,A
316206000,2022-01-04T05:05:14,43.13065,-79.19249,0.0,45.5,3.0,ATLANTIC HURON,IMO8025680,VCQN,70,0,224,23,9.5,70,A
316206000,2022-01-04T05:16:36,43.13319,-79.19230,0.0,182.4,3.0,ATLANTIC HURON,IMO8025680,VCQN,70,0,224,23,9.5,70,A
316206000,2022-01-04T04:42:28,43.12950,-79.19257,1.7,1.0,3.0,ATLANTIC HURON,IMO8025680,VCQN,70,0,224,23,9.5,70,A
316206000,2022-01-04T03:43:58,43.11482,-79.19568,2.0,19.9,13.0,ATLANTIC HURON,IMO8025680,VCQN,70,0,224,23,9.5,70,A
316206000,2022-01-04T05:07:18,43.13068,-79.19249,0.3,2.6,3.0,ATLANTIC HURON,IMO8025680,VCQN,70,0,224,23,9.5,70,A
316206000,2022-01-04T05:00:02,43.13065,-79.19249,0.0,108.5,3.0,ATLANTIC HURON,IMO8025680,VCQN,70,0,224,23,9.5,70,A
316206000,2022-01-04T05:17:38,43.13319,-79.19230,0.0,146.8,3.0,ATLANTIC HURON,IMO8025680,VCQN,70,0,224,23,9.5,70,A
316206000,2022-01-04T03:47:04,43.11648,-79.19524,1.8,6.0,10.0,ATLANTIC HURON,IMO8025680,VCQN,70,0,224,23,9.5,70,A
316206000,2022-01-04T05:32:10,43.13322,-79.19230,0.0,126.6,3.0,ATLANTIC HURON,IMO8025680,VCQN,70,0,224,23,9.5,70,A
316206000,2022-01-04T05:11:26,43.13209,-79.19238,1.7,3.0,3.0,ATLANTIC HURON,IMO8025680,VCQN,70,0,224,23,9.5,70,A
316206000,2022-01-04T05:37:30,43.13322,-79.19230,0.0,285.2,3.0,ATLANTIC HURON,IMO8025680,VCQN,70,0,224,23,9.5,70,A
316206000,2022-01-04T05:22:50,43.13322,-79.19230,0.0,350.2,3.0,ATLANTIC HURON,IMO8025680,VCQN,70,0,224,23,9.5,70,A
316206000,2022-01-04T03:50:10,43.11795,-79.19498,1.6,9.2,10.0,ATLANTIC HURON,IMO8025680,VCQN,70,0,224,23,9.5,70,A
316206000,2022-01-04T04:55:56,43.13065,-79.19249,0.0,284.3,3.0,ATLANTIC HURON,IMO8025680,VCQN,70,0,224,23,9.5,70,A
316206000,2022-01-04T05:48:54,43.13554,-79.19213,0.0,307.2,3.0,ATLANTIC HURON,IMO8025680,VCQN,70,0,224,23,9.5,70,A
316206000,2022-01-04T05:15:34,43.13316,-79.19230,0.2,10.7,3.0,ATLANTIC HURON,IMO8025680,VCQN,70,0,224,23,9.5,70,A
316206000,2022-01-04T05:55:06,43.13555,-79.19213,0.0,190.9,3.0,ATLANTIC HURON,IMO8025680,VCQN,70,0,224,23,9.5,70,A
316206000,2022-01-04T05:30:04,43.13322,-79.19230,0.0,294.3,3.0,ATLANTIC HURON,IMO8025680,VCQN,70,0,224,23,9.5,70,A
316206000,2022-01-04T05:31:06,43.13322,-79.19230,0.0,165.7,3.0,ATLANTIC HURON,IMO8025680,VCQN,70,0,224,23,9.5,70,A
316206000,2022-01-04T05:21:48,43.13321,-79.19230,0.0,48.8,3.0,ATLANTIC HURON,IMO8025680,VCQN,70,0,224,23,9.5,70,A
316206000,2022-01-04T05:57:10,43.13555,-79.19213,0.0,118.9,3.0,ATLANTIC HURON,IMO8025680,VCQN,70,0,224,23,9.5,70,A
316206000,2022-01-04T03:59:28,43.12180,-79.19419,1.1,9.2,11.0,ATLANTIC HURON,IMO8025680,VCQN,70,0,224,23,9.5,70,A
316206000,2022-01-04T05:58:12,43.13555,-79.19213,0.0,243.9,3.0,ATLANTIC HURON,IMO8025680,VCQN,70,0,224,23,9.5,70,A
316206000,2022-01-04T05:35:22,43.13322,-79.19230,0.0,235.2,3.0,ATLANTIC HURON,IMO8025680,VCQN,70,0,224,23,9.5,70,A
316206000,2022-01-04T05:04:12,43.13065,-79.19249,0.0,215.2,3.0,ATLANTIC HURON,IMO8025680,VCQN,70,0,224,23,9.5,70,A
316206000,2022-01-04T05:23:52,43.13322,-79.19230,0.0,336.7,3.0,ATLANTIC HURON,IMO8025680,VCQN,70,0,224,23,9.5,70,A
316206000,2022-01-04T05:09:22,43.13115,-79.19245,1.2,0.6,3.0,ATLANTIC HURON,IMO8025680,VCQN,70,0,224,23,9.5,70,A
316206000,2022-01-04T05:24:54,43.13322,-79.19230,0.0,270.1,3.0,ATLANTIC HURON,IMO8025680,VCQN,70,0,224,23,9.5,70,A
316206000,2022-01-04T05:41:38,43.13441,-79.19221,1.6,3.7,3.0,ATLANTIC HURON,IMO8025680,VCQN,70,0,224,23,9.5,70,A
316206000,2022-01-04T05:39:34,43.13357,-79.19227,1.1,2.5,3.0,ATLANTIC HURON,IMO8025680,VCQN,70,0,224,23,9.5,70,A
316206000,2022-01-04T05:14:32,43.13303,-79.19231,0.5,3.9,3.0,ATLANTIC HURON,IMO8025680,VCQN,70,0,224,23,9.5,70,A
316206000,2022-01-04T05:45:48,43.13551,-79.19212,0.3,6.5,3.0,ATLANTIC HURON,IMO8025680,VCQN,70,0,224,23,9.5,70,A
316206000,2022-01-04T05:46:50,43.13554,-79.19213,0.0,73.7,3.0,ATLANTIC HURON,IMO8025680,VCQN,70,0,224,23,9.5,70,A
316206000,2022-01-04T05:13:30,43.13284,-79.19232,0.8,3.9,3.0,ATLANTIC HURON,IMO8025680,VCQN,70,0,224,23,9.5,70,A
316206000,2022-01-04T05:40:36,43.13395,-79.19225,1.5,1.0,3.0,ATLANTIC HURON,IMO8025680,VCQN,70,0,224,23,9.5,70,A
316206000,2022-01-04T05:18:40,43.13319,-79.19230,0.0,5.3,3.0,ATLANTIC HURON,IMO8025680,VCQN,70,0,224,23,9.5,70,A
316206000,2022-01-04T06:05:32,43.13555,-79.19213,0.0,338.3,3.0,ATLANTIC HURON,IMO8025680,VCQN,70,0,224,23,9.5,70,A
316206000,2022-01-04T04:08:18,43.12222,-79.19409,0.0,63.1,11.0,ATLANTIC HURON,IMO8025680,VCQN,70,0,224,23,9.5,70,A
316206000,2022-01-04T05:19:42,43.13319,-79.19230,0.0,0.0,3.0,ATLANTIC HURON,IMO8025680,VCQN,70,0,224,23,9.5,70,A
316206000,2022-01-04T05:53:02,43.13555,-79.19213,0.0,125.7,3.0,ATLANTIC HURON,IMO8025680,VCQN,70,0,224,23,9.5,70,A
316206000,2022-01-04T06:07:56,43.13556,-79.19213,0.0,8.0,3.0,ATLANTIC HURON,IMO8025680,VCQN,70,0,224,23,9.5,70,A
316206000,2022-01-04T05:25:56,43.13322,-79.19230,0.0,96.9,3.0,ATLANTIC HURON,IMO8025680,VCQN,70,0,224,23,9.5,70,A
316206000,2022-01-04T06:12:16,43.13659,-79.19204,1.6,3.3,3.0,ATLANTIC HURON,IMO8025680,VCQN,70,0,224,23,9.5,70,A
316206000,2022-01-04T05:29:02,43.13322,-79.19230,0.0,76.7,3.0,ATLANTIC HURON,IMO8025680,VCQN,70,0,224,23,9.5,70,A
316206000,2022-01-04T06:15:24,43.13809,-79.19194,1.6,1.5,3.0,ATLANTIC HURON,IMO8025680,VCQN,70,0,224,23,9.5,70,A
316206000,2022-01-04T05:49:56,43.13554,-79.19213,0.0,67.9,3.0,ATLANTIC HURON,IMO8025680,VCQN,70,0,224,23,9.5,70,A
316206000,2022-01-04T06:13:20,43.13713,-79.19200,1.8,2.9,3.0,ATLANTIC HURON,IMO8025680,VCQN,70,0,224,23,9.5,70,A
316206000,2022-01-04T05:59:16,43.13555,-79.19213,0.0,210.5,3.0,ATLANTIC HURON,IMO8025680,VCQN,70,0,224,23,9.5,70,A
316206000,2022-01-04T05:26:58,43.13322,-79.19230,0.0,89.9,3.0,ATLANTIC HURON,IMO8025680,VCQN,70,0,224,23,9.5,70,A
316206000,2022-01-04T05:28:00,43.13322,-79.19230,0.0,263.3,3.0,ATLANTIC HURON,IMO8025680,VCQN,70,0,224,23,9.5,70,A
316206000,2022-01-04T05:50:58,43.13554,-79.19213,0.0,35.8,3.0,ATLANTIC HURON,IMO8025680,VCQN,70,0,224,23,9.5,70,A
316206000,2022-01-04T05:52:00,43.13554,-79.19213,0.0,323.0,3.0,ATLANTIC HURON,IMO8025680,VCQN,70,0,224,23,9.5,70,A
316206000,2022-01-04T06:21:40,43.14214,-79.19191,2.4,358.1,355.0,ATLANTIC HURON,IMO8025680,VCQN,70,0,224,23,9.5,70,A
316206000,2022-01-04T05:56:08,43.13555,-79.19213,0.0,80.6,3.0,ATLANTIC HURON,IMO8025680,VCQN,70,0,224,23,9.5,70,A
316206000,2022-01-04T06:22:44,43.14286,-79.19196,2.3,353.8,354.0,ATLANTIC HURON,IMO8025680,VCQN,70,0,224,23,9.5,70,A
316206000,2022-01-04T05:33:14,43.13322,-79.19230,0.0,230.3,3.0,ATLANTIC HURON,IMO8025680,VCQN,70,0,224,23,9.5,70,A
316206000,2022-01-04T06:00:00,43.13555,-79.19213,0.0,309.8,3.0,ATLANTIC HURON,IMO8025680,VCQN,70,0,224,23,9.5,70,A
316206000,2022-01-04T05:36:26,43.13322,-79.19230,0.0,52.0,3.0,ATLANTIC HURON,IMO8025680,VCQN,70,0,224,23,9.5,70,A
316206000,2022-01-04T05:38:32,43.13332,-79.19229,0.6,2.4,3.0,ATLANTIC HURON,IMO8025680,VCQN,70,0,224,23,9.5,70,A
316206000,2022-01-04T06:29:26,43.14714,-79.19273,2.2,349.4,351.0,ATLANTIC HURON,IMO8025680,VCQN,70,0,224,23,9.5,70,A
316206000,2022-01-04T06:03:18,43.13555,-79.19213,0.0,82.6,3.0,ATLANTIC HURON,IMO8025680,VCQN,70,0,224,23,9.5,70,A
316206000,2022-01-04T06:27:22,43.14582,-79.19245,2.3,352.5,351.0,ATLANTIC HURON,IMO8025680,VCQN,70,0,224,23,9.5,70,A
316206000,2022-01-04T05:43:44,43.13519,-79.19215,0.8,3.1,3.0,ATLANTIC HURON,IMO8025680,VCQN,70,0,224,23,9.5,70,A
316206000,2022-01-04T05:47:52,43.13554,-79.19213,0.0,269.0,3.0,ATLANTIC HURON,IMO8025680,VCQN,70,0,224,23,9.5,70,A
316206000,2022-01-04T05:44:46,43.13539,-79.19213,0.5,10.8,3.0,ATLANTIC HURON,IMO8025680,VCQN,70,0,224,23,9.5,70,A
316206000,2022-01-04T06:18:30,43.13991,-79.19185,2.3,359.4,359.0,ATLANTIC HURON,IMO8025680,VCQN,70,0,224,23,9.5,70,A
316206000,2022-01-04T06:08:58,43.13557,-79.19213,0.2,7.5,3.0,ATLANTIC HURON,IMO8025680,VCQN,70,0,224,23,9.5,70,A
316206000,2022-01-04T06:37:12,43.15089,-79.19319,1.2,354.5,354.0,ATLANTIC HURON,IMO8025680,VCQN,70,0,224,23,9.5,70,A
316206000,2022-01-04T06:20:38,43.14139,-79.19185,2.6,356.6,355.0,ATLANTIC HURON,IMO8025680,VCQN,70,0,224,23,9.5,70,A
316206000,2022-01-04T06:11:12,43.13614,-79.19208,1.4,4.3,3.0,ATLANTIC HURON,IMO8025680,VCQN,70,0,224,23,9.5,70,A
316206000,2022-01-04T06:38:14,43.15126,-79.19321,1.2,356.9,354.0,ATLANTIC HURON,IMO8025680,VCQN,70,0,224,23,9.5,70,A
316206000,2022-01-04T06:14:22,43.13764,-79.19197,1.7,2.0,3.0,ATLANTIC HURON,IMO8025680,VCQN,70,0,224,23,9.5,70,A
316206000,2022-01-04T06:39:18,43.15166,-79.19322,1.3,358.3,354.0,ATLANTIC HURON,IMO8025680,VCQN,70,0,224,23,9.5,70,A
316206000,2022-01-04T06:19:34,43.14064,-79.19181,2.5,1.3,356.0,ATLANTIC HURON,IMO8025680,VCQN,70,0,224,23,9.5,70,A
316206000,2022-01-04T06:44:32,43.15398,-79.19346,1.3,353.2,354.0,ATLANTIC HURON,IMO8025680,VCQN,70,0,224,23,9.5,70,A
316206000,2022-01-04T06:46:40,43.15445,-79.19352,0.4,356.1,354.0,ATLANTIC HURON,IMO8025680,VCQN,70,0,224,23,9.5,70,A
316206000,2022-01-04T06:30:32,43.14783,-79.19288,2.2,353.3,353.0,ATLANTIC HURON,IMO8025680,VCQN,70,0,224,23,9.5,70,A
316206000,2022-01-04T06:24:10,43.14378,-79.19207,2.2,356.3,352.0,ATLANTIC HURON,IMO8025680,VCQN,70,0,224,23,9.5,70,A
316206000,2022-01-04T06:45:34,43.15427,-79.19350,0.7,354.2,354.0,ATLANTIC HURON,IMO8025680,VCQN,70,0,224,23,9.5,70,A
316206000,2022-01-04T04:37:16,43.12703,-79.19285,1.5,9.6,5.0,ATLANTIC HURON,IMO8025680,VCQN,70,0,224,23,9.5,70,A
316206000,2022-01-04T04:38:18,43.12745,-79.19276,1.4,7.1,4.0,ATLANTIC HURON,IMO8025680,VCQN,70,0,224,23,9.5,70,A
316206000,2022-01-04T06:01:04,43.13555,-79.19213,0.0,102.7,3.0,ATLANTIC HURON,IMO8025680,VCQN,70,0,224,23,9.5,70,A
316206000,2022-01-04T06:57:04,43.15458,-79.19355,0.1,357.6,354.0,ATLANTIC HURON,IMO8025680,VCQN,70,0,224,23,9.5,70,A
316206000,2022-01-04T06:50:50,43.15454,-79.19354,0.0,74.1,354.0,ATLANTIC HURON,IMO8025680,VCQN,70,0,224,23,9.5,70,A
316206000,2022-01-04T06:51:52,43.15455,-79.19354,0.0,329.5,354.0,ATLANTIC HURON,IMO8025680,VCQN,70,0,224,23,9.5,70,A
316206000,2022-01-04T06:04:30,43.13555,-79.19213,0.0,208.8,3.0,ATLANTIC HURON,IMO8025680,VCQN,70,0,224,23,9.5,70,A
316206000,2022-01-04T06:06:34,43.13555,-79.19213,0.0,17.8,3.0,ATLANTIC HURON,IMO8025680,VCQN,70,0,224,23,9.5,70,A
316206000,2022-01-04T06:59:08,43.15458,-79.19355,0.0,299.1,354.0,ATLANTIC HURON,IMO8025680,VCQN,70,0,224,23,9.5,70,A
316206000,2022-01-04T06:36:10,43.15053,-79.19316,1.3,355.4,354.0,ATLANTIC HURON,IMO8025680,VCQN,70,0,224,23,9.5,70,A
316206000,2022-01-04T07:02:08,43.15458,-79.19354,0.0,103.2,354.0,ATLANTIC HURON,IMO8025680,VCQN,70,0,224,23,9.5,70,A
316206000,2022-01-04T07:01:06,43.15458,-79.19354,0.0,18.2,354.0,ATLANTIC HURON,IMO8025680,VCQN,70,0,224,23,9.5,70,A
316206000,2022-01-04T06:47:42,43.15454,-79.19353,0.1,341.4,354.0,ATLANTIC HURON,IMO8025680,VCQN,70,0,224,23,9.5,70,A
316206000,2022-01-04T07:04:12,43.15458,-79.19354,0.0,218.5,354.0,ATLANTIC HURON,IMO8025680,VCQN,70,0,224,23,9.5,70,A
316206000,2022-01-04T06:17:28,43.13923,-79.19185,2.4,359.9,359.0,ATLANTIC HURON,IMO8025680,VCQN,70,0,224,23,9.5,70,A
316206000,2022-01-04T06:40:24,43.15205,-79.19323,1.1,358.6,354.0,ATLANTIC HURON,IMO8025680,VCQN,70,0,224,23,9.5,70,A
316206000,2022-01-04T06:54:58,43.15457,-79.19354,0.0,335.1,354.0,ATLANTIC HURON,IMO8025680,VCQN,70,0,224,23,9.5,70,A
316206000,2022-01-04T07:13:32,43.15620,-79.19376,2.0,354.4,354.0,ATLANTIC HURON,IMO8025680,VCQN,70,0,224,23,9.5,70,A
316206000,2022-01-04T04:50:46,43.13063,-79.19250,0.0,337.1,3.0,ATLANTIC HURON,IMO8025680,VCQN,70,0,224,23,9.5,70,A
316206000,2022-01-04T06:48:46,43.15454,-79.19354,0.0,238.3,354.0,ATLANTIC HURON,IMO8025680,VCQN,70,0,224,23,9.5,70,A
316206000,2022-01-04T06:49:48,43.15454,-79.19354,0.0,164.9,354.0,ATLANTIC HURON,IMO8025680,VCQN,70,0,224,23,9.5,70,A
316206000,2022-01-04T04:51:48,43.13064,-79.19250,0.0,314.4,3.0,ATLANTIC HURON,IMO8025680,VCQN,70,0,224,23,9.5,70,A
316206000,2022-01-04T04:53:52,43.13066,-79.19249,0.0,180.2,3.0,ATLANTIC HURON,IMO8025680,VCQN,70,0,224,23,9.5,70,A
316206000,2022-01-04T07:20:52,43.16316,-79.19463,4.9,354.8,354.0,ATLANTIC HURON,IMO8025680,VCQN,70,0,224,23,9.5,70,A
316206000,2022-01-04T06:25:12,43.14442,-79.19217,2.3,349.8,352.0,ATLANTIC HURON,IMO8025680,VCQN,70,0,224,23,9.5,70,A
316206000,2022-01-04T06:56:02,43.15458,-79.19355,0.0,22.6,354.0,ATLANTIC HURON,IMO8025680,VCQN,70,0,224,23,9.5,70,A
316206000,2022-01-04T06:28:24,43.14650,-79.19257,2.3,350.0,351.0,ATLANTIC HURON,IMO8025680,VCQN,70,0,224,23,9.5,70,A
316206000,2022-01-04T07:26:06,43.17081,-79.19567,5.0,355.6,356.0,ATLANTIC HURON,IMO8025680,VCQN,70,0,224,23,9.5,70,A
316206000,2022-01-04T06:33:00,43.14925,-79.19309,1.6,354.1,353.0,ATLANTIC HURON,IMO8025680,VCQN,70,0,224,23,9.5,70,A
316206000,2022-01-04T07:00:04,43.15458,-79.19355,0.0,355.8,354.0,ATLANTIC HURON,IMO8025680,VCQN,70,0,224,23,9.5,70,A
316206000,2022-01-04T07:16:40,43.15830,-79.19402,3.2,353.1,354.0,ATLANTIC HURON,IMO8025680,VCQN,70,0,224,23,9.5,70,A
316206000,2022-01-04T06:34:02,43.14970,-79.19313,1.5,356.2,354.0,ATLANTIC HURON,IMO8025680,VCQN,70,0,224,23,9.5,70,A
316206000,2022-01-04T07:25:04,43.16933,-79.19550,5.2,355.1,356.0,ATLANTIC HURON,IMO8025680,VCQN,70,0,224,23,9.5,70,A
316206000,2022-01-04T07:35:32,43.18164,-79.19680,3.1,355.3,349.0,ATLANTIC HURON,IMO8025680,VCQN,70,0,224,23,9.5,70,A
316206000,2022-01-04T06:41:26,43.15240,-79.19325,1.3,352.9,354.0,ATLANTIC HURON,IMO8025680,VCQN,70,0,224,23,9.5,70,A
316206000,2022-01-04T07:27:08,43.17226,-79.19583,4.9,355.9,356.0,ATLANTIC HURON,IMO8025680,VCQN,70,0,224,23,9.5,70,A
316206000,2022-01-04T06:35:06,43.15013,-79.19314,1.3,0.3,354.0,ATLANTIC HURON,IMO8025680,VCQN,70,0,224,23,9.5,70,A
316206000,2022-01-04T07:05:14,43.15458,-79.19354,0.0,346.5,354.0,ATLANTIC HURON,IMO8025680,VCQN,70,0,224,23,9.5,70,A
316206000,2022-01-04T07:23:00,43.16625,-79.19509,5.4,354.6,354.0,ATLANTIC HURON,IMO8025680,VCQN,70,0,224,23,9.5,70,A
316206000,2022-01-04T07:07:20,43.15458,-79.19354,0.0,262.8,354.0,ATLANTIC HURON,IMO8025680,VCQN,70,0,224,23,9.5,70,A
316206000,2022-01-04T07:06:18,43.15458,-79.19354,0.0,220.6,354.0,ATLANTIC HURON,IMO8025680,VCQN,70,0,224,23,9.5,70,A
316206000,2022-01-04T07:09:24,43.15458,-79.19355,0.2,342.9,354.0,ATLANTIC HURON,IMO8025680,VCQN,70,0,224,23,9.5,70,A
316206000,2022-01-04T05:08:20,43.13083,-79.19247,0.9,3.1,3.0,ATLANTIC HURON,IMO8025680,VCQN,70,0,224,23,9.5,70,A
316206000,2022-01-04T07:11:28,43.15512,-79.19362,1.6,353.6,354.0,ATLANTIC HURON,IMO8025680,VCQN,70,0,224,23,9.5,70,A
316206000,2022-01-04T07:39:40,43.18476,-79.19770,2.3,343.0,338.0,ATLANTIC HURON,IMO8025680,VCQN,70,0,224,23,9.5,70,A
316206000,2022-01-04T06:43:30,43.15348,-79.19340,1.9,352.2,354.0,ATLANTIC HURON,IMO8025680,VCQN,70,0,224,23,9.5,70,A
316206000,2022-01-04T07:15:38,43.15744,-79.19392,2.6,355.7,354.0,ATLANTIC HURON,IMO8025680,VCQN,70,0,224,23,9.5,70,A
316206000,2022-01-04T07:38:38,43.18408,-79.19744,2.6,345.3,341.0,ATLANTIC HURON,IMO8025680,VCQN,70,0,224,23,9.5,70,A
316206000,2022-01-04T07:32:22,43.17859,-79.19655,3.7,355.7,356.0,ATLANTIC HURON,IMO8025680,VCQN,70,0,224,23,9.5,70,A
316206000,2022-01-04T06:52:54,43.15456,-79.19354,0.0,18.8,354.0,ATLANTIC HURON,IMO8025680,VCQN,70,0,224,23,9.5,70,A
316206000,2022-01-04T07:12:30,43.15563,-79.19369,1.9,354.7,354.0,ATLANTIC HURON,IMO8025680,VCQN,70,0,224,23,9.5,70,A
316206000,2022-01-04T07:42:46,43.18641,-79.19858,1.7,340.0,333.0,ATLANTIC HURON,IMO8025680,VCQN,70,0,224,23,9.5,70,A
316206000,2022-01-04T07:48:58,43.18922,-79.20027,1.7,339.6,336.0,ATLANTIC HURON,IMO8025680,VCQN,70,0,224,23,9.5,70,A
316206000,2022-01-04T07:17:42,43.15929,-79.19414,3.7,353.9,354.0,ATLANTIC HURON,IMO8025680,VCQN,70,0,224,23,9.5,70,A
316206000,2022-01-04T07:44:50,43.18737,-79.19913,1.8,335.8,333.0,ATLANTIC HURON,IMO8025680,VCQN,70,0,224,23,9.5,70,A
316206000,2022-01-04T07:41:44,43.18592,-79.19831,1.9,337.8,334.0,ATLANTIC HURON,IMO8025680,VCQN,70,0,224,23,9.5,70,A
316206000,2022-01-04T07:50:00,43.18969,-79.20049,1.6,341.4,336.0,ATLANTIC HURON,IMO8025680,VCQN,70,0,224,23,9.5,70,A
316206000,2022-01-04T07:24:02,43.16783,-79.19532,5.4,353.6,355.0,ATLANTIC HURON,IMO8025680,VCQN,70,0,224,23,9.5,70,A
316206000,2022-01-04T05:20:46,43.13320,-79.19230,0.0,27.1,3.0,ATLANTIC HURON,IMO8025680,VCQN,70,0,224,23,9.5,70,A
316206000,2022-01-04T07:30:16,43.17625,-79.19629,4.2,354.6,356.0,ATLANTIC HURON,IMO8025680,VCQN,70,0,224,23,9.5,70,A
316206000,2022-01-04T07:47:56,43.18876,-79.20001,1.7,334.3,335.0,ATLANTIC HURON,IMO8025680,VCQN,70,0,224,23,9.5,70,A
316206000,2022-01-04T07:31:18,43.17742,-79.19642,4.0,355.4,356.0,ATLANTIC HURON,IMO8025680,VCQN,70,0,224,23,9.5,70,A
316206000,2022-01-04T06:53:56,43.15456,-79.19354,0.0,27.7,354.0,ATLANTIC HURON,IMO8025680,VCQN,70,0,224,23,9.5,70,A
316206000,2022-01-04T08:10:20,43.19229,-79.20199,0.0,212.3,337.0,ATLANTIC HURON,IMO8025680,VCQN,70,0,224,23,9.5,70,A
316206000,2022-01-04T08:12:24,43.19229,-79.20199,0.0,109.5,337.0,ATLANTIC HURON,IMO8025680,VCQN,70,0,224,23,9.5,70,A
316206000,2022-01-04T08:00:00,43.19228,-79.20198,0.0,337.2,337.0,ATLANTIC HURON,IMO8025680,VCQN,70,0,224,23,9.5,70,A
316206000,2022-01-04T08:06:12,43.19230,-79.20199,0.0,65.8,337.0,ATLANTIC HURON,IMO8025680,VCQN,70,0,224,23,9.5,70,A
316206000,2022-01-04T07:54:08,43.19167,-79.20162,1.7,335.7,336.0,ATLANTIC HURON,IMO8025680,VCQN,70,0,224,23,9.5,70,A
316206000,2022-01-04T08:21:42,43.19315,-79.20250,1.4,335.1,337.0,ATLANTIC HURON,IMO8025680,VCQN,70,0,224,23,9.5,70,A
316206000,2022-01-04T07:34:30,43.18068,-79.19674,3.4,357.3,354.0,ATLANTIC HURON,IMO8025680,VCQN,70,0,224,23,9.5,70,A
316206000,2022-01-04T07:03:10,43.15458,-79.19354,0.0,243.5,354.0,ATLANTIC HURON,IMO8025680,VCQN,70,0,224,23,9.5,70,A
316206000,2022-01-04T08:17:34,43.19229,-79.20199,0.0,64.1,337.0,ATLANTIC HURON,IMO8025680,VCQN,70,0,224,23,9.5,70,A
316206000,2022-01-04T08:27:56,43.19738,-79.20496,3.7,336.1,337.0,ATLANTIC HURON,IMO8025680,VCQN,70,0,224,23,9.5,70,A
316206000,2022-01-04T08:24:48,43.19472,-79.20343,2.3,337.8,337.0,ATLANTIC HURON,IMO8025680,VCQN,70,0,224,23,9.5,70,A
316206000,2022-01-04T07:21:56,43.16470,-79.19486,5.2,353.2,354.0,ATLANTIC HURON,IMO8025680,VCQN,70,0,224,23,9.5,70,A
316206000,2022-01-04T08:01:02,43.19228,-79.20198,0.0,122.2,337.0,ATLANTIC HURON,IMO8025680,VCQN,70,0,224,23,9.5,70,A
316206000,2022-01-04T08:02:04,43.19229,-79.20198,0.0,283.3,337.0,ATLANTIC HURON,IMO8025680,VCQN,70,0,224,23,9.5,70,A
316206000,2022-01-04T08:35:10,43.20450,-79.20819,3.7,341.7,343.0,ATLANTIC HURON,IMO8025680,VCQN,70,0,224,23,9.5,70,A
316206000,2022-01-04T07:40:42,43.18538,-79.19800,2.1,337.8,335.0,ATLANTIC HURON,IMO8025680,VCQN,70,0,224,23,9.5,70,A
316206000,2022-01-04T08:49:42,43.21341,-79.21199,1.3,347.8,344.0,ATLANTIC HURON,IMO8025680,VCQN,70,0,224,23,9.5,70,A
316206000,2022-01-04T08:51:46,43.21406,-79.21218,1.2,347.9,344.0,ATLANTIC HURON,IMO8025680,VCQN,70,0,224,23,9.5,70,A
316206000,2022-01-04T08:53:50,43.21486,-79.21247,1.8,347.3,345.0,ATLANTIC HURON,IMO8025680,VCQN,70,0,224,23,9.5,70,A
316206000,2022-01-04T08:04:08,43.19229,-79.20199,0.0,146.5,337.0,ATLANTIC HURON,IMO8025680,VCQN,70,0,224,23,9.5,70,A
316206000,2022-01-04T08:47:38,43.21262,-79.21175,1.4,349.3,343.0,ATLANTIC HURON,IMO8025680,VCQN,70,0,224,23,9.5,70,A
316206000,2022-01-04T08:59:02,43.21663,-79.21314,0.1,333.5,344.0,ATLANTIC HURON,IMO8025680,VCQN,70,0,224,23,9.5,70,A
316206000,2022-01-04T08:52:48,43.21443,-79.21229,1.3,346.0,344.0,ATLANTIC HURON,IMO8025680,VCQN,70,0,224,23,9.5,70,A
316206000,2022-01-04T09:04:10,43.21666,-79.21315,0.0,182.6,344.0,ATLANTIC HURON,IMO8025680,VCQN,70,0,224,23,9.5,70,A
316206000,2022-01-04T09:02:06,43.21665,-79.21315,0.0,5.8,344.0,ATLANTIC HURON,IMO8025680,VCQN,70,0,224,23,9.5,70,A
316206000,2022-01-04T07:46:54,43.18831,-79.19973,1.7,333.8,334.0,ATLANTIC HURON,IMO8025680,VCQN,70,0,224,23,9.5,70,A
316206000,2022-01-04T08:09:18,43.19229,-79.20199,0.0,356.1,337.0,ATLANTIC HURON,IMO8025680,VCQN,70,0,224,23,9.5,70,A
316206000,2022-01-04T07:10:26,43.15475,-79.19357,0.9,352.5,354.0,ATLANTIC HURON,IMO8025680,VCQN,70,0,224,23,9.5,70,A
316206000,2022-01-04T09:13:30,43.21666,-79.21315,0.0,339.2,344.0,ATLANTIC HURON,IMO8025680,VCQN,70,0,224,23,9.5,70,A
316206000,2022-01-04T07:28:12,43.17369,-79.19599,4.6,355.0,356.0,ATLANTIC HURON,IMO8025680,VCQN,70,0,224,23,9.5,70,A
316206000,2022-01-04T08:18:36,43.19231,-79.20200,0.3,346.9,337.0,ATLANTIC HURON,IMO8025680,VCQN,70,0,224,23,9.5,70,A
316206000,2022-01-04T07:29:14,43.17500,-79.19615,4.4,354.9,356.0,ATLANTIC HURON,IMO8025680,VCQN,70,0,224,23,9.5,70,A
316206000,2022-01-04T09:25:54,43.21907,-79.21406,2.0,346.7,344.0,ATLANTIC HURON,IMO8025680,VCQN,70,0,224,23,9.5,70,A
316206000,2022-01-04T09:11:26,43.21666,-79.21315,0.0,92.3,344.0,ATLANTIC HURON,IMO8025680,VCQN,70,0,224,23,9.5,70,A
316206000,2022-01-04T07:51:02,43.19012,-79.20069,1.4,341.1,336.0,ATLANTIC HURON,IMO8025680,VCQN,70,0,224,23,9.5,70,A
316206000,2022-01-04T09:22:48,43.21755,-79.21349,1.6,344.0,344.0,ATLANTIC HURON,IMO8025680,VCQN,70,0,224,23,9.5,70,A
316206000,2022-01-04T09:26:56,43.21974,-79.21434,2.8,344.3,346.0,ATLANTIC HURON,IMO8025680,VCQN,70,0,224,23,9.5,70,A
316206000,2022-01-04T09:23:50,43.21802,-79.21367,1.8,345.0,344.0,ATLANTIC HURON,IMO8025680,VCQN,70,0,224,23,9.5,70,A
316206000,2022-01-04T07:53:06,43.19111,-79.20128,2.1,337.0,336.0,ATLANTIC HURON,IMO8025680,VCQN,70,0,224,23,9.5,70,A
316206000,2022-01-04T07:14:34,43.15677,-79.19384,1.9,356.1,354.0,ATLANTIC HURON,IMO8025680,VCQN,70,0,224,23,9.5,70,A
316206000,2022-01-04T08:33:06,43.20245,-79.20734,3.6,343.3,343.0,ATLANTIC HURON,IMO8025680,VCQN,70,0,224,23,9.5,70,A
316206000,2022-01-04T05:34:18,43.13322,-79.19230,0.0,20.4,3.0,ATLANTIC HURON,IMO8025680,VCQN,70,0,224,23,9.5,70,A
316206000,2022-01-04T09:33:20,43.22734,-79.21667,5.3,355.9,358.0,ATLANTIC HURON,IMO8025680,VCQN,70,0,224,23,9.5,70,A
316206000,2022-01-04T08:39:20,43.20828,-79.20981,2.7,339.2,339.0,ATLANTIC HURON,IMO8025680,VCQN,70,0,224,23,9.5,70,A
316206000,2022-01-04T07:18:44,43.16044,-79.19428,4.2,353.9,354.0,ATLANTIC HURON,IMO8025680,VCQN,70,0,224,23,9.5,70,A
316206000,2022-01-04T07:19:46,43.16172,-79.19446,4.6,354.9,354.0,ATLANTIC HURON,IMO8025680,VCQN,70,0,224,23,9.5,70,A
316206000,2022-01-04T09:01:04,43.21665,-79.21315,0.0,275.6,344.0,ATLANTIC HURON,IMO8025680,VCQN,70,0,224,23,9.5,70,A
316206000,2022-01-04T08:03:06,43.19230,-79.20198,0.0,297.5,336.0,ATLANTIC HURON,IMO8025680,VCQN,70,0,224,23,9.5,70,A
316206000,2022-01-04T09:38:30,43.23584,-79.21676,5.9,359.0,0.0,ATLANTIC HURON,IMO8025680,VCQN,70,0,224,23,9.5,70,A
316206000,2022-01-04T09:06:14,43.21666,-79.21315,0.0,58.5,344.0,ATLANTIC HURON,IMO8025680,VCQN,70,0,224,23,9.5,70,A
316206000,2022-01-04T07:56:12,43.19219,-79.20193,0.4,332.0,337.0,ATLANTIC HURON,IMO8025680,VCQN,70,0,224,23,9.5,70,A
316206000,2022-01-04T09:15:34,43.21666,-79.21315,0.0,232.4,344.0,ATLANTIC HURON,IMO8025680,VCQN,70,0,224,23,9.5,70,A
316206000,2022-01-04T09:42:38,43.24278,-79.21664,6.8,359.5,0.0,ATLANTIC HURON,IMO8025680,VCQN,70,0,224,23,9.5,70,A
316206000,2022-01-04T07:57:14,43.19227,-79.20197,0.1,333.3,337.0,ATLANTIC HURON,IMO8025680,VCQN,70,0,224,23,9.5,70,A
316206000,2022-01-04T09:31:04,43.22417,-79.21592,4.8,342.7,347.0,ATLANTIC HURON,IMO8025680,VCQN,70,0,224,23,9.5,70,A
316206000,2022-01-04T09:40:34,43.23922,-79.21671,5.9,1.6,0.0,ATLANTIC HURON,IMO8025680,VCQN,70,0,224,23,9.5,70,A
316206000,2022-01-04T08:16:32,43.19229,-79.20199,0.0,52.5,337.0,ATLANTIC HURON,IMO8025680,VCQN,70,0,224,23,9.5,70,A
316206000,2022-01-04T07:45:52,43.18785,-79.19942,1.7,334.3,333.0,ATLANTIC HURON,IMO8025680,VCQN,70,0,224,23,9.5,70,A
316206000,2022-01-04T09:43:40,43.24483,-79.21659,7.5,1.1,0.0,ATLANTIC HURON,IMO8025680,VCQN,70,0,224,23,9.5,70,A
316206000,2022-01-04T08:20:40,43.19275,-79.20226,1.5,335.2,337.0,ATLANTIC HURON,IMO8025680,VCQN,70,0,224,23,9.5,70,A
316206000,2022-01-04T05:42:42,43.13488,-79.19217,1.3,2.6,3.0,ATLANTIC HURON,IMO8025680,VCQN,70,0,224,23,9.5,70,A
316206000,2022-01-04T08:34:08,43.20345,-79.20776,3.8,343.2,343.0,ATLANTIC HURON,IMO8025680,VCQN,70,0,224,23,9.5,70,A
316206000,2022-01-04T08:11:22,43.19229,-79.20199,0.0,245.1,337.0,ATLANTIC HURON,IMO8025680,VCQN,70,0,224,23,9.5,70,A
316206000,2022-01-04T08:36:14,43.20553,-79.20861,3.5,343.2,342.0,ATLANTIC HURON,IMO8025680,VCQN,70,0,224,23,9.5,70,A
316206000,2022-01-04T08:38:18,43.20745,-79.20941,3.2,341.0,340.0,ATLANTIC HURON,IMO8025680,VCQN,70,0,224,23,9.5,70,A
316206000,2022-01-04T08:42:28,43.21019,-79.21081,2.0,337.2,341.0,ATLANTIC HURON,IMO8025680,VCQN,70,0,224,23,9.5,70,A
316206000,2022-01-04T08:45:34,43.21173,-79.21147,1.8,344.6,342.0,ATLANTIC HURON,IMO8025680,VCQN,70,0,224,23,9.5,70,A
316206000,2022-01-04T08:57:58,43.21652,-79.21310,0.5,346.9,344.0,ATLANTIC HURON,IMO8025680,VCQN,70,0,224,23,9.5,70,A
316206000,2022-01-04T09:52:00,43.26263,-79.22715,10.5,313.3,311.0,ATLANTIC HURON,IMO8025680,VCQN,70,0,224,23,9.5,70,A
316206000,2022-01-04T09:05:12,43.21666,-79.21315,0.0,78.8,344.0,ATLANTIC HURON,IMO8025680,VCQN,70,0,224,23,9.5,70,A
316206000,2022-01-04T09:49:56,43.25861,-79.22138,9.3,313.2,311.0,ATLANTIC HURON,IMO8025680,VCQN,70,0,224,23,9.5,70,A
316206000,2022-01-04T07:33:26,43.17966,-79.19665,3.5,356.4,355.0,ATLANTIC HURON,IMO8025680,VCQN,70,0,224,23,9.5,70,A
316206000,2022-01-04T08:31:02,43.20042,-79.20656,3.7,344.0,344.0,ATLANTIC HURON,IMO8025680,VCQN,70,0,224,23,9.5,70,A
316206000,2022-01-04T09:19:42,43.21666,-79.21316,0.2,339.0,344.0,ATLANTIC HURON,IMO8025680,VCQN,70,0,224,23,9.5,70,A
316206000,2022-01-04T09:30:02,43.22289,-79.21545,4.4,345.5,345.0,ATLANTIC HURON,IMO8025680,VCQN,70,0,224,23,9.5,70,A
316206000,2022-01-04T08:46:36,43.21221,-79.21164,1.6,347.6,343.0,ATLANTIC HURON,IMO8025680,VCQN,70,0,224,23,9.5,70,A
316206000,2022-01-04T09:45:46,43.24971,-79.21633,9.2,3.1,0.0,ATLANTIC HURON,IMO8025680,VCQN,70,0,224,23,9.5,70,A
316206000,2022-01-04T09:00:02,43.21665,-79.21315,0.0,129.1,344.0,ATLANTIC HURON,IMO8025680,VCQN,70,0,224,23,9.5,70,A
316206000,2022-01-04T10:00:09,43.28025,-79.25201,11.2,314.6,311.0,ATLANTIC HURON,IMO8025680,VCQN,70,0,224,23,9.5,70,A
316206000,2022-01-04T05:54:04,43.13555,-79.19213,0.0,286.7,3.0,ATLANTIC HURON,IMO8025680,VCQN,70,0,224,23,9.5,70,A
316206000,2022-01-04T09:14:32,43.21666,-79.21315,0.0,229.1,344.0,ATLANTIC HURON,IMO8025680,VCQN,70,0,224,23,9.5,70,A
316206000,2022-01-04T10:03:58,43.28861,-79.26360,11.2,314.7,311.0,ATLANTIC HURON,IMO8025680,VCQN,70,0,224,23,9.5,70,A
316206000,2022-01-04T08:15:30,43.19229,-79.20199,0.0,247.8,337.0,ATLANTIC HURON,IMO8025680,VCQN,70,0,224,23,9.5,70,A
316206000,2022-01-04T09:41:36,43.24095,-79.21668,6.0,1.1,1.0,ATLANTIC HURON,IMO8025680,VCQN,70,0,224,23,9.5,70,A
316206000,2022-01-04T08:23:46,43.19422,-79.20313,1.9,335.7,337.0,ATLANTIC HURON,IMO8025680,VCQN,70,0,224,23,9.5,70,A
316206000,2022-01-04T09:37:28,43.23412,-79.21676,6.0,0.3,0.0,ATLANTIC HURON,IMO8025680,VCQN,70,0,224,23,9.5,70,A
316206000,2022-01-04T08:26:54,43.19640,-79.20437,3.5,336.4,337.0,ATLANTIC HURON,IMO8025680,VCQN,70,0,224,23,9.5,70,A
316206000,2022-01-04T08:28:58,43.19837,-79.20562,3.8,333.5,340.0,ATLANTIC HURON,IMO8025680,VCQN,70,0,224,23,9.5,70,A
316206000,2022-01-04T06:02:06,43.13555,-79.19213,0.0,316.9,3.0,ATLANTIC HURON,IMO8025680,VCQN,70,0,224,23,9.5,70,A
316206000,2022-01-04T08:32:04,43.20142,-79.20694,3.6,345.8,343.0,ATLANTIC HURON,IMO8025680,VCQN,70,0,224,23,9.5,70,A
316206000,2022-01-04T10:07:18,43.29426,-79.27416,9.6,278.1,274.0,ATLANTIC HURON,IMO8025680,VCQN,70,0,224,23,9.5,70,A
316206000,2022-01-04T08:40:24,43.20900,-79.21018,2.4,341.6,340.0,ATLANTIC HURON,IMO8025680,VCQN,70,0,224,23,9.5,70,A
316206000,2022-01-04T08:50:44,43.21376,-79.21210,1.1,348.7,344.0,ATLANTIC HURON,IMO8025680,VCQN,70,0,224,23,9.5,70,A
316206000,2022-01-04T09:57:58,43.27544,-79.24527,11.4,314.1,311.0,ATLANTIC HURON,IMO8025680,VCQN,70,0,224,23,9.5,70,A
316206000,2022-01-04T09:47:52,43.25498,-79.21685,8.7,335.4,318.0,ATLANTIC HURON,IMO8025680,VCQN,70,0,224,23,9.5,70,A
316206000,2022-01-04T09:08:18,43.21666,-79.21315,0.0,243.1,344.0,ATLANTIC HURON,IMO8025680,VCQN,70,0,224,23,9.5,70,A
316206000,2022-01-04T09:10:22,43.21666,-79.21315,0.0,203.3,344.0,ATLANTIC HURON,IMO8025680,VCQN,70,0,224,23,9.5,70,A
316206000,2022-01-04T09:17:38,43.21666,-79.21315,0.0,301.2,344.0,ATLANTIC HURON,IMO8025680,VCQN,70,0,224,23,9.5,70,A
316206000,2022-01-04T10:13:19,43.29580,-79.29779,10.8,275.0,273.0,ATLANTIC HURON,IMO8025680,VCQN,70,0,224,23,9.5,70,A
316206000,2022-01-04T09:20:44,43.21680,-79.21321,0.8,342.4,344.0,ATLANTIC HURON,IMO8025680,VCQN,70,0,224,23,9.5,70,A
316206000,2022-01-04T09:24:52,43.21855,-79.21388,1.9,345.4,344.0,ATLANTIC HURON,IMO8025680,VCQN,70,0,224,23,9.5,70,A
316206000,2022-01-04T09:29:00,43.22170,-79.21502,3.9,345.9,345.0,ATLANTIC HURON,IMO8025680,VCQN,70,0,224,23,9.5,70,A
316206000,2022-01-04T09:32:18,43.22583,-79.21649,5.0,352.0,355.0,ATLANTIC HURON,IMO8025680,VCQN,70,0,224,23,9.5,70,A
316206000,2022-01-04T10:15:38,43.29637,-79.30722,10.8,274.3,273.0,ATLANTIC HURON,IMO8025680,VCQN,70,0,224,23,9.5,70,A
316206000,2022-01-04T10:05:08,43.29119,-79.26710,11.1,318.3,309.0,ATLANTIC HURON,IMO8025680,VCQN,70,0,224,23,9.5,70,A
316206000,2022-01-04T10:06:11,43.29337,-79.27030,10.3,303.5,284.0,ATLANTIC HURON,IMO8025680,VCQN,70,0,224,23,9.5,70,A
316206000,2022-01-04T07:58:16,43.19228,-79.20198,0.0,243.5,337.0,ATLANTIC HURON,IMO8025680,VCQN,70,0,224,23,9.5,70,A
316206000,2022-01-04T10:19:08,43.29717,-79.32153,10.7,274.0,273.0,ATLANTIC HURON,IMO8025680,VCQN,70,0,224,23,9.5,70,A
316206000,2022-01-04T08:05:10,43.19229,-79.20199,0.0,318.2,337.0,ATLANTIC HURON,IMO8025680,VCQN,70,0,224,23,9.5,70,A
316206000,2022-01-04T08:07:14,43.19230,-79.20199,0.0,335.8,337.0,ATLANTIC HURON,IMO8025680,VCQN,70,0,224,23,9.5,70,A
316206000,2022-01-04T08:08:16,43.19229,-79.20199,0.0,95.1,337.0,ATLANTIC HURON,IMO8025680,VCQN,70,0,224,23,9.5,70,A
316206000,2022-01-04T10:10:58,43.29523,-79.28821,10.6,274.9,273.0,ATLANTIC HURON,IMO8025680,VCQN,70,0,224,23,9.5,70,A
316206000,2022-01-04T10:12:08,43.29552,-79.29290,10.6,274.7,273.0,ATLANTIC HURON,IMO8025680,VCQN,70,0,224,23,9.5,70,A
316206000,2022-01-04T10:22:39,43.29795,-79.33587,10.9,274.3,273.0,ATLANTIC HURON,IMO8025680,VCQN,70,0,224,23,9.5,70,A
316206000,2022-01-04T08:14:28,43.19229,-79.20199,0.0,158.2,337.0,ATLANTIC HURON,IMO8025680,VCQN,70,0,224,23,9.5,70,A
316206000,2022-01-04T10:23:48,43.29820,-79.34059,10.8,274.9,273.0,ATLANTIC HURON,IMO8025680,VCQN,70,0,224,23,9.5,70,A
316206000,2022-01-04T09:55:38,43.27032,-79.23809,11.2,314.2,311.0,ATLANTIC HURON,IMO8025680,VCQN,70,0,224,23,9.5,70,A
316206000,2022-01-04T10:24:58,43.29847,-79.34544,10.8,274.8,273.0,ATLANTIC HURON,IMO8025680,VCQN,70,0,224,23,9.5,70,A
316206000,2022-01-04T10:26:07,43.29873,-79.35017,10.8,273.9,273.0,ATLANTIC HURON,IMO8025680,VCQN,70,0,224,23,9.5,70,A
316206000,2022-01-04T09:44:42,43.24710,-79.21649,8.4,2.2,1.0,ATLANTIC HURON,IMO8025680,VCQN,70,0,224,23,9.5,70,A
316206000,2022-01-04T10:27:28,43.29904,-79.35565,10.8,274.4,273.0,ATLANTIC HURON,IMO8025680,VCQN,70,0,224,23,9.5,70,A
316206000,2022-01-04T06:10:04,43.13577,-79.19211,0.9,359.2,3.0,ATLANTIC HURON,IMO8025680,VCQN,70,0,224,23,9.5,70,A
316206000,2022-01-04T10:30:58,43.29982,-79.37003,10.8,273.8,272.0,ATLANTIC HURON,IMO8025680,VCQN,70,0,224,23,9.5,70,A
316206000,2022-01-04T08:25:52,43.19550,-79.20386,3.2,337.8,337.0,ATLANTIC HURON,IMO8025680,VCQN,70,0,224,23,9.5,70,A
316206000,2022-01-04T10:33:28,43.30034,-79.38035,10.8,273.5,272.0,ATLANTIC HURON,IMO8025680,VCQN,70,0,224,23,9.5,70,A
316206000,2022-01-04T09:48:54,43.25682,-79.21887,8.5,316.1,311.0,ATLANTIC HURON,IMO8025680,VCQN,70,0,224,23,9.5,70,A
316206000,2022-01-04T10:21:28,43.29770,-79.33102,10.8,273.8,272.0,ATLANTIC HURON,IMO8025680,VCQN,70,0,224,23,9.5,70,A
316206000,2022-01-04T08:37:16,43.20652,-79.20901,3.4,343.7,341.0,ATLANTIC HURON,IMO8025680,VCQN,70,0,224,23,9.5,70,A
316206000,2022-01-04T08:43:30,43.21072,-79.21109,1.8,340.6,342.0,ATLANTIC HURON,IMO8025680,VCQN,70,0,224,23,9.5,70,A
316206000,2022-01-04T08:44:32,43.21122,-79.21130,1.7,346.1,343.0,ATLANTIC HURON,IMO8025680,VCQN,70,0,224,23,9.5,70,A
316206000,2022-01-04T09:53:08,43.26496,-79.23051,10.8,313.5,311.0,ATLANTIC HURON,IMO8025680,VCQN,70,0,224,23,9.5,70,A
316206000,2022-01-04T08:56:56,43.21632,-79.21302,0.9,346.6,344.0,ATLANTIC HURON,IMO8025680,VCQN,70,0,224,23,9.5,70,A
316206000,2022-01-04T09:03:08,43.21665,-79.21315,0.0,230.6,344.0,ATLANTIC HURON,IMO8025680,VCQN,70,0,224,23,9.5,70,A
316206000,2022-01-04T09:07:16,43.21666,-79.21315,0.0,95.5,344.0,ATLANTIC HURON,IMO8025680,VCQN,70,0,224,23,9.5,70,A
316206000,2022-01-04T06:16:26,43.13858,-79.19191,1.9,2.0,2.0,ATLANTIC HURON,IMO8025680,VCQN,70,0,224,23,9.5,70,A
316206000,2022-01-04T10:41:38,43.30163,-79.41418,10.9,272.7,271.0,ATLANTIC HURON,IMO8025680,VCQN,70,0,224,23,9.5,70,A
316206000,2022-01-04T09:12:28,43.21666,-79.21315,0.0,330.4,344.0,ATLANTIC HURON,IMO8025680,VCQN,70,0,224,23,9.5,70,A
316206000,2022-01-04T09:58:59,43.27764,-79.24836,11.3,314.3,312.0,ATLANTIC HURON,IMO8025680,VCQN,70,0,224,23,9.5,70,A
316206000,2022-01-04T09:18:40,43.21666,-79.21315,0.0,29.1,344.0,ATLANTIC HURON,IMO8025680,VCQN,70,0,224,23,9.5,70,A
316206000,2022-01-04T09:21:46,43.21710,-79.21332,1.4,346.9,344.0,ATLANTIC HURON,IMO8025680,VCQN,70,0,224,23,9.5,70,A
316206000,2022-01-04T10:42:48,43.30180,-79.41902,10.9,272.7,271.0,ATLANTIC HURON,IMO8025680,VCQN,70,0,224,23,9.5,70,A
316206000,2022-01-04T10:45:08,43.30214,-79.42862,10.8,271.8,271.0,ATLANTIC HURON,IMO8025680,VCQN,70,0,224,23,9.5,70,A
316206000,2022-01-04T09:34:22,43.22892,-79.21675,5.6,359.4,0.0,ATLANTIC HURON,IMO8025680,VCQN,70,0,224,23,9.5,70,A
316206000,2022-01-04T10:36:58,43.30092,-79.39482,10.8,273.2,272.0,ATLANTIC HURON,IMO8025680,VCQN,70,0,224,23,9.5,70,A
316206000,2022-01-04T10:08:28,43.29463,-79.27844,9.9,275.6,273.0,ATLANTIC HURON,IMO8025680,VCQN,70,0,224,23,9.5,70,A
316206000,2022-01-04T09:46:48,43.25238,-79.21610,9.3,358.9,345.0,ATLANTIC HURON,IMO8025680,VCQN,70,0,224,23,9.5,70,A
316206000,2022-01-04T06:26:20,43.14516,-79.19232,2.2,348.2,352.0,ATLANTIC HURON,IMO8025680,VCQN,70,0,224,23,9.5,70,A
316206000,2022-01-04T10:35:47,43.30074,-79.39000,10.9,272.7,271.0,ATLANTIC HURON,IMO8025680,VCQN,70,0,224,23,9.5,70,A
316206000,2022-01-04T10:38:08,43.30111,-79.39964,10.9,273.4,272.0,ATLANTIC HURON,IMO8025680,VCQN,70,0,224,23,9.5,70,A
316206000,2022-01-04T10:16:48,43.29664,-79.31199,10.7,274.4,273.0,ATLANTIC HURON,IMO8025680,VCQN,70,0,224,23,9.5,70,A
316206000,2022-01-04T06:31:34,43.14848,-79.19297,2.2,353.6,353.0,ATLANTIC HURON,IMO8025680,VCQN,70,0,224,23,9.5,70,A
316206000,2022-01-04T10:49:48,43.30287,-79.44794,10.8,273.5,272.0,ATLANTIC HURON,IMO8025680,VCQN,70,0,224,23,9.5,70,A
316206000,2022-01-04T10:32:09,43.30007,-79.37491,10.8,272.9,272.0,ATLANTIC HURON,IMO8025680,VCQN,70,0,224,23,9.5,70,A
316206000,2022-01-04T09:56:48,43.27284,-79.24162,11.3,313.9,311.0,ATLANTIC HURON,IMO8025680,VCQN,70,0,224,23,9.5,70,A
316206000,2022-01-04T10:39:18,43.30129,-79.40455,10.9,272.5,272.0,ATLANTIC HURON,IMO8025680,VCQN,70,0,224,23,9.5,70,A
316206000,2022-01-04T11:12:27,43.30743,-79.54297,11.2,274.0,273.0,ATLANTIC HURON,IMO8025680,VCQN,70,0,224,23,9.5,70,A
316206000,2022-01-04T10:56:49,43.30428,-79.47715,11.0,273.2,272.0,ATLANTIC HURON,IMO8025680,VCQN,70,0,224,23,9.5,70,A
316206000,2022-01-04T10:01:28,43.28313,-79.25598,11.2,315.3,311.0,ATLANTIC HURON,IMO8025680,VCQN,70,0,224,23,9.5,70,A
316206000,2022-01-04T06:42:28,43.15291,-79.19333,2.0,354.4,354.0,ATLANTIC HURON,IMO8025680,VCQN,70,0,224,23,9.5,70,A
316206000,2022-01-04T10:02:49,43.28614,-79.26014,11.2,314.2,311.0,ATLANTIC HURON,IMO8025680,VCQN,70,0,224,23,9.5,70,A
316206000,2022-01-04T11:00:09,43.30492,-79.49110,11.0,274.0,272.0,ATLANTIC HURON,IMO8025680,VCQN,70,0,224,23,9.5,70,A
316206000,2022-01-04T10:46:18,43.30230,-79.43340,10.8,272.8,271.0,ATLANTIC HURON,IMO8025680,VCQN,70,0,224,23,9.5,70,A
316206000,2022-01-04T10:47:29,43.30247,-79.43829,11.0,273.3,272.0,ATLANTIC HURON,IMO8025680,VCQN,70,0,224,23,9.5,70,A
316206000,2022-01-04T10:53:18,43.30356,-79.46258,11.0,273.4,272.0,ATLANTIC HURON,IMO8025680,VCQN,70,0,224,23,9.5,70,A
316206000,2022-01-04T10:34:39,43.30055,-79.38523,10.9,273.2,272.0,ATLANTIC HURON,IMO8025680,VCQN,70,0,224,23,9.5,70,A
316206000,2022-01-04T11:25:09,43.31039,-79.59691,11.2,274.5,273.0,ATLANTIC HURON,IMO8025680,VCQN,70,0,224,23,9.5,70,A
316206000,2022-01-04T10:09:37,43.29491,-79.28293,10.3,275.0,273.0,ATLANTIC HURON,IMO8025680,VCQN,70,0,224,23,9.5,70,A
316206000,2022-01-04T11:29:59,43.31155,-79.61740,11.3,274.3,273.0,ATLANTIC HURON,IMO8025680,VCQN,70,0,224,23,9.5,70,A
316206000,2022-01-04T10:54:28,43.30380,-79.46736,10.9,274.2,272.0,ATLANTIC HURON,IMO8025680,VCQN,70,0,224,23,9.5,70,A
316206000,2022-01-04T10:43:59,43.30197,-79.42392,10.7,273.7,271.0,ATLANTIC HURON,IMO8025680,VCQN,70,0,224,23,9.5,70,A
316206000,2022-01-04T11:31:08,43.31183,-79.62229,11.2,274.7,273.0,ATLANTIC HURON,IMO8025680,VCQN,70,0,224,23,9.5,70,A
316206000,2022-01-04T11:03:59,43.30567,-79.50715,11.1,273.9,272.0,ATLANTIC HURON,IMO8025680,VCQN,70,0,224,23,9.5,70,A
316206000,2022-01-04T11:10:08,43.30692,-79.53310,11.2,274.3,273.0,ATLANTIC HURON,IMO8025680,VCQN,70,0,224,23,9.5,70,A
316206000,2022-01-04T11:01:18,43.30515,-79.49590,11.0,273.6,272.0,ATLANTIC HURON,IMO8025680,VCQN,70,0,224,23,9.5,70,A
316206000,2022-01-04T11:11:17,43.30716,-79.53804,11.0,273.7,273.0,ATLANTIC HURON,IMO8025680,VCQN,70,0,224,23,9.5,70,A
316206000,2022-01-04T11:06:18,43.30611,-79.51692,11.0,274.4,272.0,ATLANTIC HURON,IMO8025680,VCQN,70,0,224,23,9.5,70,A
316206000,2022-01-04T11:14:47,43.30795,-79.55286,11.1,274.1,273.0,ATLANTIC HURON,IMO8025680,VCQN,70,0,224,23,9.5,70,A
316206000,2022-01-04T10:52:08,43.30332,-79.45764,11.0,273.5,272.0,ATLANTIC HURON,IMO8025680,VCQN,70,0,224,23,9.5,70,A
316206000,2022-01-04T10:17:58,43.29690,-79.31673,10.7,274.0,273.0,ATLANTIC HURON,IMO8025680,VCQN,70,0,224,23,9.5,70,A
316206000,2022-01-04T11:13:38,43.30768,-79.54799,11.1,273.9,273.0,ATLANTIC HURON,IMO8025680,VCQN,70,0,224,23,9.5,70,A
316206000,2022-01-04T11:08:58,43.30667,-79.52817,11.1,274.4,273.0,ATLANTIC HURON,IMO8025680,VCQN,70,0,224,23,9.5,70,A
316206000,2022-01-04T10:20:19,43.29745,-79.32630,10.8,274.0,273.0,ATLANTIC HURON,IMO8025680,VCQN,70,0,224,23,9.5,70,A
316206000,2022-01-04T06:58:06,43.15458,-79.19355,0.0,67.2,354.0,ATLANTIC HURON,IMO8025680,VCQN,70,0,224,23,9.5,70,A
316206000,2022-01-04T10:57:59,43.30450,-79.48203,11.1,273.9,272.0,ATLANTIC HURON,IMO8025680,VCQN,70,0,224,23,9.5,70,A
316206000,2022-01-04T11:45:09,43.31506,-79.68218,11.1,273.3,272.0,ATLANTIC HURON,IMO8025680,VCQN,70,0,224,23,9.5,70,A
316206000,2022-01-04T10:59:09,43.30471,-79.48692,11.0,273.6,272.0,ATLANTIC HURON,IMO8025680,VCQN,70,0,224,23,9.5,70,A
316206000,2022-01-04T11:19:18,43.30900,-79.57200,11.1,274.8,273.0,ATLANTIC HURON,IMO8025680,VCQN,70,0,224,23,9.5,70,A
316206000,2022-01-04T11:49:58,43.31594,-79.70279,11.2,273.0,272.0,ATLANTIC HURON,IMO8025680,VCQN,70,0,224,23,9.5,70,A
316206000,2022-01-04T10:28:38,43.29931,-79.36051,10.7,274.6,273.0,ATLANTIC HURON,IMO8025680,VCQN,70,0,224,23,9.5,70,A
316206000,2022-01-04T10:29:49,43.29958,-79.36536,10.8,274.1,273.0,ATLANTIC HURON,IMO8025680,VCQN,70,0,224,23,9.5,70,A
316206000,2022-01-04T11:05:09,43.30590,-79.51206,11.1,273.8,272.0,ATLANTIC HURON,IMO8025680,VCQN,70,0,224,23,9.5,70,A
316206000,2022-01-04T11:54:37,43.31679,-79.72257,11.1,273.0,272.0,ATLANTIC HURON,IMO8025680,VCQN,70,0,224,23,9.5,70,A
316206000,2022-01-04T11:52:17,43.31636,-79.71266,11.1,273.7,272.0,ATLANTIC HURON,IMO8025680,VCQN,70,0,224,23,9.5,70,A
316206000,2022-01-04T11:21:38,43.30956,-79.58198,11.1,274.3,273.0,ATLANTIC HURON,IMO8025680,VCQN,70,0,224,23,9.5,70,A
316206000,2022-01-04T11:33:28,43.31242,-79.63221,11.3,274.6,273.0,ATLANTIC HURON,IMO8025680,VCQN,70,0,224,23,9.5,70,A
316206000,2022-01-04T11:34:38,43.31271,-79.63726,11.2,275.0,273.0,ATLANTIC HURON,IMO8025680,VCQN,70,0,224,23,9.5,70,A
316206000,2022-01-04T11:59:07,43.31758,-79.74179,11.2,273.4,272.0,ATLANTIC HURON,IMO8025680,VCQN,70,0,224,23,9.5,70,A
316206000,2022-01-04T12:06:19,43.31203,-79.76863,9.1,245.4,241.0,ATLANTIC HURON,IMO8025680,VCQN,70,0,224,23,9.5,70,A
316206000,2022-01-04T07:08:22,43.15458,-79.19354,0.0,145.3,354.0,ATLANTIC HURON,IMO8025680,VCQN,70,0,224,23,9.5,70,A
316206000,2022-01-04T11:40:38,43.31414,-79.66296,11.3,273.5,272.0,ATLANTIC HURON,IMO8025680,VCQN,70,0,224,23,9.5,70,A
316206000,2022-01-04T11:16:59,43.30846,-79.56222,11.2,274.9,273.0,ATLANTIC HURON,IMO8025680,VCQN,70,0,224,23,9.5,70,A
316206000,2022-01-04T11:18:07,43.30872,-79.56704,11.1,274.2,273.0,ATLANTIC HURON,IMO8025680,VCQN,70,0,224,23,9.5,70,A
316206000,2022-01-04T12:12:18,43.30456,-79.78459,7.7,235.6,234.0,ATLANTIC HURON,IMO8025680,VCQN,70,0,224,23,9.5,70,A
316206000,2022-01-04T12:05:09,43.31329,-79.76481,9.8,246.3,245.0,ATLANTIC HURON,IMO8025680,VCQN,70,0,224,23,9.5,70,A
316206000,2022-01-04T12:07:29,43.31066,-79.77215,8.6,238.5,237.0,ATLANTIC HURON,IMO8025680,VCQN,70,0,224,23,9.5,70,A
316206000,2022-01-04T12:08:39,43.30923,-79.77531,8.3,237.8,236.0,ATLANTIC HURON,IMO8025680,VCQN,70,0,224,23,9.5,70,A
316206000,2022-01-04T11:43:59,43.31483,-79.67722,11.2,274.2,272.0,ATLANTIC HURON,IMO8025680,VCQN,70,0,224,23,9.5,70,A
316206000,2022-01-04T11:47:28,43.31549,-79.69203,11.2,273.4,272.0,ATLANTIC HURON,IMO8025680,VCQN,70,0,224,23,9.5,70,A
316206000,2022-01-04T12:15:18,43.30109,-79.79140,6.6,236.2,235.0,ATLANTIC HURON,IMO8025680,VCQN,70,0,224,23,9.5,70,A
316206000,2022-01-04T11:22:48,43.30984,-79.58686,11.1,274.4,273.0,ATLANTIC HURON,IMO8025680,VCQN,70,0,224,23,9.5,70,A
316206000,2022-01-04T12:18:07,43.29840,-79.79679,6.5,227.5,235.0,ATLANTIC HURON,IMO8025680,VCQN,70,0,224,23,9.5,70,A
316206000,2022-01-04T12:11:08,43.30604,-79.78170,8.0,234.6,235.0,ATLANTIC HURON,IMO8025680,VCQN,70,0,224,23,9.5,70,A
316206000,2022-01-04T11:02:38,43.30540,-79.50149,11.0,273.6,272.0,ATLANTIC HURON,IMO8025680,VCQN,70,0,224,23,9.5,70,A
316206000,2022-01-04T11:46:19,43.31528,-79.68714,11.2,273.3,272.0,ATLANTIC HURON,IMO8025680,VCQN,70,0,224,23,9.5,70,A
316206000,2022-01-04T11:55:38,43.31697,-79.72683,11.1,273.6,272.0,ATLANTIC HURON,IMO8025680,VCQN,70,0,224,23,9.5,70,A
316206000,2022-01-04T12:00:07,43.31780,-79.74602,10.9,269.3,263.0,ATLANTIC HURON,IMO8025680,VCQN,70,0,224,23,9.5,70,A
316206000,2022-01-04T11:38:09,43.31354,-79.65226,11.2,274.4,273.0,ATLANTIC HURON,IMO8025680,VCQN,70,0,224,23,9.5,70,A
316206000,2022-01-04T12:26:58,43.29159,-79.81708,6.1,260.4,259.0,ATLANTIC HURON,IMO8025680,VCQN,70,0,224,23,9.5,70,A
316206000,2022-01-04T12:02:38,43.31629,-79.75581,10.3,246.9,245.0,ATLANTIC HURON,IMO8025680,VCQN,70,0,224,23,9.5,70,A
316206000,2022-01-04T12:03:48,43.31490,-79.76005,10.5,244.9,244.0,ATLANTIC HURON,IMO8025680,VCQN,70,0,224,23,9.5,70,A
316206000,2022-01-04T12:36:38,43.28742,-79.83280,3.8,211.8,213.0,ATLANTIC HURON,IMO8025680,VCQN,70,0,224,23,9.5,70,A
316206000,2022-01-04T11:57:57,43.31739,-79.73680,11.2,273.1,272.0,ATLANTIC HURON,IMO8025680,VCQN,70,0,224,23,9.5,70,A
316206000,2022-01-04T12:39:28,43.28494,-79.83469,3.4,211.8,219.0,ATLANTIC HURON,IMO8025680,VCQN,70,0,224,23,9.5,70,A
316206000,2022-01-04T12:42:58,43.28240,-79.83717,3.1,216.1,225.0,ATLANTIC HURON,IMO8025680,VCQN,70,0,224,23,9.5,70,A
316206000,2022-01-04T12:16:48,43.29964,-79.79429,6.0,235.8,235.0,ATLANTIC HURON,IMO8025680,VCQN,70,0,224,23,9.5,70,A
316206000,2022-01-04T12:41:48,43.28316,-79.83630,3.1,217.5,225.0,ATLANTIC HURON,IMO8025680,VCQN,70,0,224,23,9.5,70,A
316206000,2022-01-04T07:36:34,43.18251,-79.19694,2.9,350.3,345.0,ATLANTIC HURON,IMO8025680,VCQN,70,0,224,23,9.5,70,A
316206000,2022-01-04T11:23:57,43.31011,-79.59181,11.2,274.6,273.0,ATLANTIC HURON,IMO8025680,VCQN,70,0,224,23,9.5,70,A
316206000,2022-01-04T07:37:36,43.18333,-79.19718,2.8,346.4,343.0,ATLANTIC HURON,IMO8025680,VCQN,70,0,224,23,9.5,70,A
316206000,2022-01-04T12:46:58,43.28037,-79.83932,1.1,239.0,285.0,ATLANTIC HURON,IMO8025680,VCQN,70,0,224,23,9.5,70,A
316206000,2022-01-04T11:28:49,43.31126,-79.61244,11.2,274.5,273.0,ATLANTIC HURON,IMO8025680,VCQN,70,0,224,23,9.5,70,A
316206000,2022-01-04T12:50:18,43.28029,-79.84030,0.2,289.7,348.0,ATLANTIC HURON,IMO8025680,VCQN,70,0,224,23,9.5,70,A
316206000,2022-01-04T12:09:58,43.30752,-79.77878,8.2,235.5,235.0,ATLANTIC HURON,IMO8025680,VCQN,70,0,224,23,9.5,70,A
316206000,2022-01-04T12:49:08,43.28024,-79.84008,0.8,284.4,330.0,ATLANTIC HURON,IMO8025680,VCQN,70,0,224,23,9.5,70,A
316206000,2022-01-04T12:23:58,43.29255,-79.80979,6.6,257.1,259.0,ATLANTIC HURON,IMO8025680,VCQN,70,0,224,23,9.5,70,A
316206000,2022-01-04T11:32:18,43.31213,-79.62731,11.2,274.6,273.0,ATLANTIC HURON,IMO8025680,VCQN,70,0,224,23,9.5,70,A
316206000,2022-01-04T12:22:19,43.29382,-79.80569,7.3,236.2,244.0,ATLANTIC HURON,IMO8025680,VCQN,70,0,224,23,9.5,70,A
316206000,2022-01-04T07:43:48,43.18690,-79.19885,1.8,335.9,333.0,ATLANTIC HURON,IMO8025680,VCQN,70,0,224,23,9.5,70,A
316206000,2022-01-04T12:25:19,43.29208,-79.81311,6.6,260.6,260.0,ATLANTIC HURON,IMO8025680,VCQN,70,0,224,23,9.5,70,A
316206000,2022-01-04T12:28:08,43.29128,-79.81966,5.8,260.6,259.0,ATLANTIC HURON,IMO8025680,VCQN,70,0,224,23,9.5,70,A
316206000,2022-01-04T11:36:59,43.31326,-79.64726,11.3,274.4,273.0,ATLANTIC HURON,IMO8025680,VCQN,70,0,224,23,9.5,70,A
316206000,2022-01-04T12:21:07,43.29525,-79.80302,7.1,235.1,235.0,ATLANTIC HURON,IMO8025680,VCQN,70,0,224,23,9.5,70,A
316206000,2022-01-04T12:30:48,43.29064,-79.82502,5.1,261.1,259.0,ATLANTIC HURON,IMO8025680,VCQN,70,0,224,23,9.5,70,A
316206000,2022-01-04T11:42:58,43.31462,-79.67295,11.2,273.6,272.0,ATLANTIC HURON,IMO8025680,VCQN,70,0,224,23,9.5,70,A
316206000,2022-01-04T12:35:28,43.28848,-79.83186,3.9,214.3,212.0,ATLANTIC HURON,IMO8025680,VCQN,70,0,224,23,9.5,70,A
316206000,2022-01-04T12:14:08,43.30241,-79.78883,7.3,236.0,235.0,ATLANTIC HURON,IMO8025680,VCQN,70,0,224,23,9.5,70,A
316206000,2022-01-04T12:37:59,43.28623,-79.83376,3.6,208.0,213.0,ATLANTIC HURON,IMO8025680,VCQN,70,0,224,23,9.5,70,A
316206000,2022-01-04T12:31:58,43.29051,-79.82722,4.8,264.7,247.0,ATLANTIC HURON,IMO8025680,VCQN,70,0,224,23,9.5,70,A
316206000,2022-01-04T07:52:04,43.19058,-79.20096,2.0,335.4,336.0,ATLANTIC HURON,IMO8025680,VCQN,70,0,224,23,9.5,70,A
316206000,2022-01-04T11:51:09,43.31615,-79.70777,11.1,273.0,272.0,ATLANTIC HURON,IMO8025680,VCQN,70,0,224,23,9.5,70,A
316206000,2022-01-04T12:44:29,43.28124,-79.83823,2.7,218.3,246.0,ATLANTIC HURON,IMO8025680,VCQN,70,0,224,23,9.5,70,A
316206000,2022-01-04T11:53:29,43.31658,-79.71769,11.2,273.7,272.0,ATLANTIC HURON,IMO8025680,VCQN,70,0,224,23,9.5,70,A
316206000,2022-01-04T12:40:37,43.28404,-79.83552,3.3,213.4,220.0,ATLANTIC HURON,IMO8025680,VCQN,70,0,224,23,9.5,70,A
316206000,2022-01-04T12:29:27,43.29095,-79.82242,5.2,260.3,259.0,ATLANTIC HURON,IMO8025680,VCQN,70,0,224,23,9.5,70,A
316206000,2022-01-04T12:33:09,43.29015,-79.82919,4.2,247.0,229.0,ATLANTIC HURON,IMO8025680,VCQN,70,0,224,23,9.5,70,A
316206000,2022-01-04T07:55:10,43.19203,-79.20184,0.9,336.3,337.0,ATLANTIC HURON,IMO8025680,VCQN,70,0,224,23,9.5,70,A
316206000,2022-01-04T07:59:18,43.19228,-79.20198,0.0,339.7,337.0,ATLANTIC HURON,IMO8025680,VCQN,70,0,224,23,9.5,70,A
316206000,2022-01-04T08:13:26,43.19229,-79.20199,0.0,310.0,337.0,ATLANTIC HURON,IMO8025680,VCQN,70,0,224,23,9.5,70,A
316206000,2022-01-04T08:19:38,43.19244,-79.20208,0.7,336.5,337.0,ATLANTIC HURON,IMO8025680,VCQN,70,0,224,23,9.5,70,A
316206000,2022-01-04T12:45:48,43.28065,-79.83890,1.5,220.3,265.0,ATLANTIC HURON,IMO8025680,VCQN,70,0,224,23,9.5,70,A
316206000,2022-01-04T08:22:44,43.19364,-79.20279,2.2,335.9,337.0,ATLANTIC HURON,IMO8025680,VCQN,70,0,224,23,9.5,70,A
316206000,2022-01-04T08:30:00,43.19939,-79.20616,3.7,345.0,344.0,ATLANTIC HURON,IMO8025680,VCQN,70,0,224,23,9.5,70,A
316206000,2022-01-04T12:48:02,43.28023,-79.83970,1.0,256.6,306.0,ATLANTIC HURON,IMO8025680,VCQN,70,0,224,23,9.5,70,A
316206000,2022-01-04T08:41:26,43.20964,-79.21050,2.1,339.7,340.0,ATLANTIC HURON,IMO8025680,VCQN,70,0,224,23,9.5,70,A
316206000,2022-01-04T12:52:28,43.28010,-79.84038,0.6,186.4,4.0,ATLANTIC HURON,IMO8025680,VCQN,70,0,224,23,9.5,70,A
316206000,2022-01-04T08:48:40,43.21301,-79.21187,1.4,344.9,343.0,ATLANTIC HURON,IMO8025680,VCQN,70,0,224,23,9.5,70,A
316206000,2022-01-04T08:54:52,43.21541,-79.21267,2.0,342.7,344.0,ATLANTIC HURON,IMO8025680,VCQN,70,0,224,23,9.5,70,A
316206000,2022-01-04T08:55:54,43.21594,-79.21287,1.7,346.7,344.0,ATLANTIC HURON,IMO8025680,VCQN,70,0,224,23,9.5,70,A
316206000,2022-01-04T09:09:20,43.21666,-79.21315,0.0,166.7,344.0,ATLANTIC HURON,IMO8025680,VCQN,70,0,224,23,9.5,70,A
316206000,2022-01-04T09:16:36,43.21666,-79.21315,0.0,359.4,344.0,ATLANTIC HURON,IMO8025680,VCQN,70,0,224,23,9.5,70,A
316206000,2022-01-04T09:27:58,43.22065,-79.21464,3.6,345.1,345.0,ATLANTIC HURON,IMO8025680,VCQN,70,0,224,23,9.5,70,A
316206000,2022-01-04T13:01:38,43.27597,-79.84059,1.9,183.5,6.0,ATLANTIC HURON,IMO8025680,VCQN,70,0,224,23,9.5,70,A
316206000,2022-01-04T09:35:24,43.23060,-79.21676,6.0,359.2,0.0,ATLANTIC HURON,IMO8025680,VCQN,70,0,224,23,9.5,70,A
316206000,2022-01-04T09:36:26,43.23237,-79.21676,6.2,0.3,0.0,ATLANTIC HURON,IMO8025680,VCQN,70,0,224,23,9.5,70,A
316206000,2022-01-04T09:39:32,43.23752,-79.21675,5.8,1.0,0.0,ATLANTIC HURON,IMO8025680,VCQN,70,0,224,23,9.5,70,A
316206000,2022-01-04T12:34:27,43.28933,-79.83089,4.0,226.8,215.0,ATLANTIC HURON,IMO8025680,VCQN,70,0,224,23,9.5,70,A
316206000,2022-01-04T09:50:58,43.26054,-79.22416,10.0,314.0,311.0,ATLANTIC HURON,IMO8025680,VCQN,70,0,224,23,9.5,70,A
316206000,2022-01-04T09:54:09,43.26711,-79.23358,11.1,313.9,312.0,ATLANTIC HURON,IMO8025680,VCQN,70,0,224,23,9.5,70,A
316206000,2022-01-04T13:57:48,43.27079,-79.84247,0.0,115.2,17.0,ATLANTIC HURON,IMO8025680,VCQN,70,0,224,23,9.5,70,A
316206000,2022-01-04T10:14:28,43.29608,-79.30243,10.8,274.6,273.0,ATLANTIC HURON,IMO8025680,VCQN,70,0,224,23,9.5,70,A
316206000,2022-01-04T10:40:28,43.30146,-79.40933,10.9,272.6,272.0,ATLANTIC HURON,IMO8025680,VCQN,70,0,224,23,9.5,70,A
316206000,2022-01-04T10:48:37,43.30266,-79.44308,11.0,273.2,272.0,ATLANTIC HURON,IMO8025680,VCQN,70,0,224,23,9.5,70,A
316206000,2022-01-04T10:50:59,43.30309,-79.45286,11.0,273.3,272.0,ATLANTIC HURON,IMO8025680,VCQN,70,0,224,23,9.5,70,A
316206000,2022-01-04T10:55:37,43.30404,-79.47222,10.9,274.0,272.0,ATLANTIC HURON,IMO8025680,VCQN,70,0,224,23,9.5,70,A
316206000,2022-01-04T15:21:48,43.27079,-79.84247,0.0,247.7,17.0,ATLANTIC HURON,IMO8025680,VCQN,70,0,224,23,9.5,70,A
316206000,2022-01-04T11:07:48,43.30643,-79.52331,11.0,273.7,272.0,ATLANTIC HURON,IMO8025680,VCQN,70,0,224,23,9.5,70,A
316206000,2022-01-04T11:15:48,43.30819,-79.55711,11.2,274.4,273.0,ATLANTIC HURON,IMO8025680,VCQN,70,0,224,23,9.5,70,A
316206000,2022-01-04T11:20:28,43.30929,-79.57703,11.2,274.3,273.0,ATLANTIC HURON,IMO8025680,VCQN,70,0,224,23,9.5,70,A
316206000,2022-01-04T11:26:29,43.31070,-79.60258,11.2,274.1,273.0,ATLANTIC HURON,IMO8025680,VCQN,70,0,224,23,9.5,70,A
316206000,2022-01-04T11:27:38,43.31098,-79.60747,11.2,274.7,273.0,ATLANTIC HURON,IMO8025680,VCQN,70,0,224,23,9.5,70,A
316206000,2022-01-04T11:35:48,43.31298,-79.64226,11.2,273.9,273.0,ATLANTIC HURON,IMO8025680,VCQN,70,0,224,23,9.5,70,A
316206000,2022-01-04T11:39:28,43.31387,-79.65789,11.2,274.2,273.0,ATLANTIC HURON,IMO8025680,VCQN,70,0,224,23,9.5,70,A
316206000,2022-01-04T11:41:49,43.31437,-79.66797,11.2,274.3,273.0,ATLANTIC HURON,IMO8025680,VCQN,70,0,224,23,9.5,70,A
316206000,2022-01-04T11:48:47,43.31574,-79.69773,11.2,273.1,272.0,ATLANTIC HURON,IMO8025680,VCQN,70,0,224,23,9.5,70,A
316206000,2022-01-04T11:56:48,43.31718,-79.73180,11.1,273.2,272.0,ATLANTIC HURON,IMO8025680,VCQN,70,0,224,23,9.5,70,A
316206000,2022-01-04T12:01:28,43.31730,-79.75145,10.5,256.5,252.0,ATLANTIC HURON,IMO8025680,VCQN,70,0,224,23,9.5,70,A
316206000,2022-01-04T12:19:48,43.29674,-79.80012,6.6,234.7,235.0,ATLANTIC HURON,IMO8025680,VCQN,70,0,224,23,9.5,70,A
316206000,2022-01-04T17:40:48,43.27080,-79.84247,0.0,283.7,17.0,ATLANTIC HURON,IMO8025680,VCQN,70,0,224,23,9.5,70,A
316206000,2022-01-04T17:37:29,43.27080,-79.84247,0.0,278.9,17.0,ATLANTIC HURON,IMO8025680,VCQN,70,0,224,23,9.5,70,A
316206000,2022-01-04T18:44:08,43.27078,-79.84247,0.0,129.8,17.0,ATLANTIC HURON,IMO8025680,VCQN,70,0,224,23,9.5,70,A
316206000,2022-01-04T19:07:08,43.27078,-79.84248,0.0,186.5,17.0,ATLANTIC HURON,IMO8025680,VCQN,70,0,224,23,9.5,70,A
316206000,2022-01-04T18:27:28,43.27079,-79.84247,0.0,339.2,17.0,ATLANTIC HURON,IMO8025680,VCQN,70,0,224,23,9.5,70,A
316206000,2022-01-04T19:11:29,43.27078,-79.84247,0.0,202.7,17.0,ATLANTIC HURON,IMO8025680,VCQN,70,0,224,23,9.5,70,A
316206000,2022-01-04T14:24:08,43.27079,-79.84247,0.0,338.0,17.0,ATLANTIC HURON,IMO8025680,VCQN,70,0,224,23,9.5,70,A
316206000,2022-01-04T19:54:07,43.27079,-79.84247,0.0,299.2,17.0,ATLANTIC HURON,IMO8025680,VCQN,70,0,224,23,9.5,70,A
316206000,2022-01-04T21:12:49,43.27079,-79.84248,0.0,265.5,17.0,ATLANTIC HURON,IMO8025680,VCQN,70,0,224,23,9.5,70,A
316206000,2022-01-04T21:55:48,43.27079,-79.84248,0.0,8.2,17.0,ATLANTIC HURON,IMO8025680,VCQN,70,0,224,23,9.5,70,A
316206000,2022-01-04T21:19:49,43.27079,-79.84247,0.0,208.0,17.0,ATLANTIC HURON,IMO8025680,VCQN,70,0,224,23,9.5,70,A
316206000,2022-01-04T22:27:28,43.27079,-79.84247,0.0,219.8,17.0,ATLANTIC HURON,IMO8025680,VCQN,70,0,224,23,9.5,70,A
316206000,2022-01-04T22:00:09,43.27079,-79.84248,0.0,353.5,17.0,ATLANTIC HURON,IMO8025680,VCQN,70,0,224,23,9.5,70,A
316206000,2022-01-04T21:09:48,43.27080,-79.84248,0.0,86.2,17.0,ATLANTIC HURON,IMO8025680,VCQN,70,0,224,23,9.5,70,A
316206000,2022-01-04T19:49:57,43.27079,-79.84247,0.0,241.1,17.0,ATLANTIC HURON,IMO8025680,VCQN,70,0,224,23,9.5,70,A
316206000,2022-01-04T22:15:09,43.27079,-79.84247,0.0,262.7,17.0,ATLANTIC HURON,IMO8025680,VCQN,70,0,224,23,9.5,70,A
316206000,2022-01-04T22:12:29,43.27079,-79.84247,0.0,340.0,17.0,ATLANTIC HURON,IMO8025680,VCQN,70,0,224,23,9.5,70,A
316206000,2022-01-04T22:18:09,43.27079,-79.84247,0.0,260.8,17.0,ATLANTIC HURON,IMO8025680,VCQN,70,0,224,23,9.5,70,A
316206000,2022-01-04T23:14:19,43.27079,-79.84248,0.0,46.5,17.0,ATLANTIC HURON,IMO8025680,VCQN,70,0,224,23,9.5,70,A
316206000,2022-01-04T22:25:08,43.27079,-79.84247,0.0,75.2,17.0,ATLANTIC HURON,IMO8025680,VCQN,70,0,224,23,9.5,70,A
316206000,2022-01-04T22:34:09,43.27079,-79.84247,0.0,35.1,17.0,ATLANTIC HURON,IMO8025680,VCQN,70,0,224,23,9.5,70,A
316206000,2022-01-04T21:54:28,43.27079,-79.84248,0.0,300.2,17.0,ATLANTIC HURON,IMO8025680,VCQN,70,0,224,23,9.5,70,A
316206000,2022-01-04T22:57:49,43.27079,-79.84247,0.0,36.0,17.0,ATLANTIC HURON,IMO8025680,VCQN,70,0,224,23,9.5,70,A
316206000,2022-01-04T20:50:09,43.27080,-79.84248,0.0,224.4,17.0,ATLANTIC HURON,IMO8025680,VCQN,70,0,224,23,9.5,70,A
316206000,2022-01-04T22:53:47,43.27079,-79.84247,0.0,320.6,17.0,ATLANTIC HURON,IMO8025680,VCQN,70,0,224,23,9.5,70,A
316206000,2022-01-04T22:13:48,43.27079,-79.84247,0.0,239.7,17.0,ATLANTIC HURON,IMO8025680,VCQN,70,0,224,23,9.5,70,A
316206000,2022-01-04T23:20:49,43.27079,-79.84247,0.0,214.2,17.0,ATLANTIC HURON,IMO8025680,VCQN,70,0,224,23,9.5,70,A
316206000,2022-01-04T20:22:08,43.27079,-79.84247,0.0,165.8,17.0,ATLANTIC HURON,IMO8025680,VCQN,70,0,224,23,9.5,70,A
316206000,2022-01-04T22:46:49,43.27079,-79.84247,0.0,86.7,17.0,ATLANTIC HURON,IMO8025680,VCQN,70,0,224,23,9.5,70,A
316206000,2022-01-04T23:07:27,43.27079,-79.84248,0.0,100.9,17.0,ATLANTIC HURON,IMO8025680,VCQN,70,0,224,23,9.5,70,A
316206000,2022-01-05T00:20:28,43.27080,-79.84247,0.0,356.6,511.0,ATLANTIC HURON,IMO8025680,VCQN,70,0,224,23,9.5,70,A
316206000,2022-01-05T00:28:08,43.27079,-79.84247,0.0,324.5,511.0,ATLANTIC HURON,IMO8025680,VCQN,70,0,224,23,9.5,70,A
316206000,2022-01-05T00:39:49,43.27079,-79.84247,0.0,209.2,511.0,ATLANTIC HURON,IMO8025680,VCQN,70,0,224,23,9.5,70,A
316206000,2022-01-05T00:47:28,43.27079,-79.84247,0.0,136.7,511.0,ATLANTIC HURON,IMO8025680,VCQN,70,0,224,23,9.5,70,A
316206000,2022-01-05T00:58:49,43.27079,-79.84247,0.0,293.2,511.0,ATLANTIC HURON,IMO8025680,VCQN,70,0,224,23,9.5,70,A
316206000,2022-01-05T00:56:08,43.27079,-79.84247,0.0,132.7,511.0,ATLANTIC HURON,IMO8025680,VCQN,70,0,224,23,9.5,70,A
316206000,2022-01-05T01:06:09,43.27079,-79.84247,0.0,46.6,511.0,ATLANTIC HURON,IMO8025680,VCQN,70,0,224,23,9.5,70,A
316206000,2022-01-05T01:00:09,43.27079,-79.84247,0.0,235.4,511.0,ATLANTIC HURON,IMO8025680,VCQN,70,0,224,23,9.5,70,A
316206000,2022-01-05T01:18:09,43.27079,-79.84247,0.0,267.5,511.0,ATLANTIC HURON,IMO8025680,VCQN,70,0,224,23,9.5,70,A
316206000,2022-01-05T01:16:48,43.27079,-79.84247,0.0,149.1,511.0,ATLANTIC HURON,IMO8025680,VCQN,70,0,224,23,9.5,70,A
316206000,2022-01-05T01:27:07,43.27079,-79.84247,0.0,59.5,511.0,ATLANTIC HURON,IMO8025680,VCQN,70,0,224,23,9.5,70,A
316206000,2022-01-05T01:34:49,43.27080,-79.84248,0.0,290.4,511.0,ATLANTIC HURON,IMO8025680,VCQN,70,0,224,23,9.5,70,A
316206000,2022-01-05T01:39:29,43.27080,-79.84247,0.0,229.1,511.0,ATLANTIC HURON,IMO8025680,VCQN,70,0,224,23,9.5,70,A
316206000,2022-01-05T01:43:28,43.27079,-79.84247,0.0,307.3,511.0,ATLANTIC HURON,IMO8025680,VCQN,70,0,224,23,9.5,70,A
316206000,2022-01-05T01:44:48,43.27080,-79.84247,0.0,336.5,511.0,ATLANTIC HURON,IMO8025680,VCQN,70,0,224,23,9.5,70,A
316206000,2022-01-05T01:53:49,43.27080,-79.84247,0.0,176.7,511.0,ATLANTIC HURON,IMO8025680,VCQN,70,0,224,23,9.5,70,A
316206000,2022-01-05T02:00:09,43.27080,-79.84247,0.0,92.6,511.0,ATLANTIC HURON,IMO8025680,VCQN,70,0,224,23,9.5,70,A
316206000,2022-01-05T01:55:07,43.27080,-79.84247,0.0,262.2,511.0,ATLANTIC HURON,IMO8025680,VCQN,70,0,224,23,9.5,70,A
316206000,2022-01-05T02:14:08,43.27080,-79.84247,0.0,74.1,511.0,ATLANTIC HURON,IMO8025680,VCQN,70,0,224,23,9.5,70,A
316206000,2022-01-05T02:18:39,43.27079,-79.84247,0.0,305.4,511.0,ATLANTIC HURON,IMO8025680,VCQN,70,0,224,23,9.5,70,A
316206000,2022-01-05T02:25:29,43.27080,-79.84247,0.0,327.5,511.0,ATLANTIC HURON,IMO8025680,VCQN,70,0,224,23,9.5,70,A
316206000,2022-01-05T02:22:49,43.27080,-79.84247,0.0,31.9,511.0,ATLANTIC HURON,IMO8025680,VCQN,70,0,224,23,9.5,70,A
316206000,2022-01-05T02:38:28,43.27080,-79.84247,0.0,162.8,511.0,ATLANTIC HURON,IMO8025680,VCQN,70,0,224,23,9.5,70,A
316206000,2022-01-05T02:52:08,43.27079,-79.84247,0.0,90.7,511.0,ATLANTIC HURON,IMO8025680,VCQN,70,0,224,23,9.5,70,A
316206000,2022-01-05T03:01:07,43.27079,-79.84247,0.0,270.8,511.0,ATLANTIC HURON,IMO8025680,VCQN,70,0,224,23,9.5,70,A
316206000,2022-01-05T03:05:28,43.27079,-79.84247,0.0,226.2,511.0,ATLANTIC HURON,IMO8025680,VCQN,70,0,224,23,9.5,70,A
316206000,2022-01-05T03:24:29,43.27079,-79.84247,0.0,141.6,511.0,ATLANTIC HURON,IMO8025680,VCQN,70,0,224,23,9.5,70,A
316206000,2022-01-05T03:40:49,43.27079,-79.84247,0.0,131.4,511.0,ATLANTIC HURON,IMO8025680,VCQN,70,0,224,23,9.5,70,A
316206000,2022-01-05T03:51:09,43.27079,-79.84247,0.0,43.3,511.0,ATLANTIC HURON,IMO8025680,VCQN,70,0,224,23,9.5,70,A
316206000,2022-01-05T03:55:49,43.27079,-79.84247,0.0,90.0,511.0,ATLANTIC HURON,IMO8025680,VCQN,70,0,224,23,9.5,70,A
316206000,2022-01-05T03:57:27,43.27079,-79.84247,0.0,163.7,511.0,ATLANTIC HURON,IMO8025680,VCQN,70,0,224,23,9.5,70,A
316206000,2022-01-05T04:27:09,43.27079,-79.84247,0.0,100.4,511.0,ATLANTIC HURON,IMO8025680,VCQN,70,0,224,23,9.5,70,A
316206000,2022-01-05T01:47:09,43.27080,-79.84248,0.0,158.2,511.0,ATLANTIC HURON,IMO8025680,VCQN,70,0,224,23,9.5,70,A
316206000,2022-01-05T04:41:47,43.27079,-79.84247,0.0,25.0,511.0,ATLANTIC HURON,IMO8025680,VCQN,70,0,224,23,9.5,70,A
316206000,2022-01-05T05:25:48,43.27078,-79.84247,0.0,49.6,511.0,ATLANTIC HURON,IMO8025680,VCQN,70,0,224,23,9.5,70,A
316206000,2022-01-05T05:46:28,43.27079,-79.84247,0.0,185.3,511.0,ATLANTIC HURON,IMO8025680,VCQN,70,0,224,23,9.5,70,A
316206000,2022-01-05T06:18:59,43.27079,-79.84247,0.0,234.8,511.0,ATLANTIC HURON,IMO8025680,VCQN,70,0,224,23,9.5,70,A
316206000,2022-01-05T06:42:08,43.27079,-79.84247,0.0,131.7,511.0,ATLANTIC HURON,IMO8025680,VCQN,70,0,224,23,9.5,70,A
316206000,2022-01-05T02:46:28,43.27079,-79.84247,0.0,338.6,511.0,ATLANTIC HURON,IMO8025680,VCQN,70,0,224,23,9.5,70,A
316206000,2022-01-05T07:01:48,43.27079,-79.84247,0.0,169.7,511.0,ATLANTIC HURON,IMO8025680,VCQN,70,0,224,23,9.5,70,A
316206000,2022-01-05T02:53:29,43.27079,-79.84247,0.0,13.4,511.0,ATLANTIC HURON,IMO8025680,VCQN,70,0,224,23,9.5,70,A
316206000,2022-01-05T07:11:49,43.27079,-79.84248,0.0,210.7,511.0,ATLANTIC HURON,IMO8025680,VCQN,70,0,224,23,9.5,70,A
316206000,2022-01-05T08:46:28,43.27079,-79.84247,0.0,44.4,511.0,ATLANTIC HURON,IMO8025680,VCQN,70,0,224,23,9.5,70,A
316206000,2022-01-05T06:13:29,43.27079,-79.84247,0.0,336.5,511.0,ATLANTIC HURON,IMO8025680,VCQN,70,0,224,23,9.5,70,A
316206000,2022-01-05T20:52:59,43.27079,-79.84247,0.0,303.6,511.0,ATLANTIC HURON,IMO8025680,VCQN,70,0,224,23,9.5,70,A
316206000,2022-01-05T22:32:59,43.27079,-79.84245,0.0,37.7,511.0,ATLANTIC HURON,IMO8025680,VCQN,70,0,224,23,9.5,70,A
316206000,2022-01-05T23:25:59,43.27080,-79.84245,0.0,239.5,511.0,ATLANTIC HURON,IMO8025680,VCQN,70,0,224,23,9.5,70,A
316206000,2022-01-05T23:55:39,43.27080,-79.84245,0.0,273.0,511.0,ATLANTIC HURON,IMO8025680,VCQN,70,0,224,23,9.5,70,A
316206000,2022-01-05T18:14:09,43.27079,-79.84247,0.0,18.2,511.0,ATLANTIC HURON,IMO8025680,VCQN,70,0,224,23,9.5,70,A
316206000,2022-01-05T19:29:38,43.27079,-79.84248,0.0,283.6,511.0,ATLANTIC HURON,IMO8025680,VCQN,70,0,224,23,9.5,70,A
316206000,2022-01-05T23:34:59,43.27080,-79.84245,0.0,281.5,511.0,ATLANTIC HURON,IMO8025680,VCQN,70,0,224,23,9.5,70,A
316206000,2022-01-06T01:57:18,43.27080,-79.84246,0.0,37.0,511.0,ATLANTIC HURON,IMO8025680,VCQN,70,0,224,23,9.5,70,A
316206000,2022-01-06T08:22:48,43.27079,-79.84244,0.0,339.0,511.0,ATLANTIC HURON,IMO8025680,VCQN,70,0,224,23,9.5,70,A
316206000,2022-01-06T10:29:28,43.27079,-79.84244,0.0,221.8,511.0,ATLANTIC HURON,IMO8025680,VCQN,70,0,224,23,9.5,70,A
316206000,2022-01-06T11:12:29,43.27079,-79.84247,0.0,178.6,511.0,ATLANTIC HURON,IMO8025680,VCQN,70,0,224,23,9.5,70,A
316206000,2022-01-06T10:40:28,43.27079,-79.84245,0.0,1.5,511.0,ATLANTIC HURON,IMO8025680,VCQN,70,0,224,23,9.5,70,A
316206000,2022-01-06T19:10:29,43.27078,-79.84248,0.0,50.0,511.0,ATLANTIC HURON,IMO8025680,VCQN,70,0,224,23,9.5,70,A
