319619000,2022-01-05T21:59:21,18.14452,-64.30536,10.6,273.9,266.0,TOP FIVE,IMO9334478,ZCOR3,37,5,47,9,2.3,37,A
319619000,2022-01-05T22:19:21,18.15091,-64.36712,10.7,275.6,268.0,TOP FIVE,IMO9334478,ZCOR3,37,5,47,9,2.3,37,A
319619000,2022-01-05T21:52:00,18.14233,-64.28266,10.6,274.0,267.0,TOP FIVE,IMO9334478,ZCOR3,37,5,47,9,2.3,37,A
319619000,2022-01-05T22:06:59,18.14682,-64.32896,9.0,279.0,270.0,TOP FIVE,IMO9334478,ZCOR3,37,5,47,9,2.3,37,A
319619000,2022-01-05T21:54:00,18.14296,-64.28902,10.5,277.0,270.0,TOP FIVE,IMO9334478,ZCOR3,37,5,47,9,2.3,37,A
319619000,2022-01-05T22:26:00,18.15342,-64.38785,10.6,277.4,269.0,TOP FIVE,IMO9334478,ZCOR3,37,5,47,9,2.3,37,A
319619000,2022-01-05T22:18:00,18.15042,-64.36292,10.5,276.0,270.0,TOP FIVE,IMO9334478,ZCOR3,37,5,47,9,2.3,37,A
319619000,2022-01-05T22:38:11,18.15807,-64.42602,10.9,275.9,269.0,TOP FIVE,IMO9334478,ZCOR3,37,5,47,9,2.3,37,A
319619000,2022-01-05T22:40:40,18.15900,-64.43384,11.0,275.8,267.0,TOP FIVE,IMO9334478,ZCOR3,37,5,47,9,2.3,37,A
319619000,2022-01-05T22:41:51,18.15938,-64.43753,10.5,276.3,269.0,TOP FIVE,IMO9334478,ZCOR3,37,5,47,9,2.3,37,A
319619000,2022-01-05T22:36:51,18.15754,-64.42182,10.5,278.2,272.0,TOP FIVE,IMO9334478,ZCOR3,37,5,47,9,2.3,37,A
319619000,2022-01-05T22:22:10,18.15191,-64.37585,10.9,277.2,269.0,TOP FIVE,IMO9334478,ZCOR3,37,5,47,9,2.3,37,A
319619000,2022-01-05T22:44:11,18.16000,-64.44466,11.0,275.0,269.0,TOP FIVE,IMO9334478,ZCOR3,37,5,47,9,2.3,37,A
319619000,2022-01-05T22:29:20,18.15450,-64.39800,10.3,278.0,269.0,TOP FIVE,IMO9334478,ZCOR3,37,5,47,9,2.3,37,A
319619000,2022-01-05T22:58:11,18.16397,-64.48906,10.9,273.3,266.0,TOP FIVE,IMO9334478,ZCOR3,37,5,47,9,2.3,37,A
319619000,2022-01-05T22:23:50,18.15260,-64.38105,11.0,279.0,271.0,TOP FIVE,IMO9334478,ZCOR3,37,5,47,9,2.3,37,A
319619000,2022-01-05T22:31:10,18.15516,-64.40366,10.1,276.0,268.0,TOP FIVE,IMO9334478,ZCOR3,37,5,47,9,2.3,37,A
319619000,2022-01-05T23:00:00,18.16438,-64.49477,10.5,276.0,271.0,TOP FIVE,IMO9334478,ZCOR3,37,5,47,9,2.3,37,A
319619000,2022-01-05T22:27:50,18.15410,-64.39349,10.5,275.0,268.0,TOP FIVE,IMO9334478,ZCOR3,37,5,47,9,2.3,37,A
319619000,2022-01-05T22:34:50,18.15671,-64.41546,10.3,278.0,271.0,TOP FIVE,IMO9334478,ZCOR3,37,5,47,9,2.3,37,A
319619000,2022-01-05T23:03:00,18.16513,-64.50424,11.8,272.0,270.0,TOP FIVE,IMO9334478,ZCOR3,37,5,47,9,2.3,37,A
319619000,2022-01-05T22:45:40,18.16069,-64.44956,10.5,279.0,270.0,TOP FIVE,IMO9334478,ZCOR3,37,5,47,9,2.3,37,A
319619000,2022-01-05T23:04:11,18.16533,-64.50766,10.8,273.0,269.0,TOP FIVE,IMO9334478,ZCOR3,37,5,47,9,2.3,37,A
319619000,2022-01-05T23:12:31,18.16892,-64.53409,11.0,278.6,273.0,TOP FIVE,IMO9334478,ZCOR3,37,5,47,9,2.3,37,A
319619000,2022-01-05T23:13:39,18.16942,-64.53766,10.4,279.0,275.0,TOP FIVE,IMO9334478,ZCOR3,37,5,47,9,2.3,37,A
319619000,2022-01-05T23:20:40,18.17235,-64.55975,10.9,278.0,276.0,TOP FIVE,IMO9334478,ZCOR3,37,5,47,9,2.3,37,A
319619000,2022-01-05T22:43:01,18.15979,-64.44123,10.7,277.1,270.0,TOP FIVE,IMO9334478,ZCOR3,37,5,47,9,2.3,37,A
319619000,2022-01-05T23:21:51,18.17282,-64.56343,11.1,276.6,273.0,TOP FIVE,IMO9334478,ZCOR3,37,5,47,9,2.3,37,A
319619000,2022-01-05T23:25:20,18.17402,-64.57444,10.9,277.1,274.0,TOP FIVE,IMO9334478,ZCOR3,37,5,47,9,2.3,37,A
319619000,2022-01-05T23:06:30,18.16632,-64.51524,11.2,275.0,268.0,TOP FIVE,IMO9334478,ZCOR3,37,5,47,9,2.3,37,A
319619000,2022-01-05T22:48:40,18.16166,-64.45902,10.6,277.0,270.0,TOP FIVE,IMO9334478,ZCOR3,37,5,47,9,2.3,37,A
319619000,2022-01-05T22:51:20,18.16250,-64.46700,10.5,272.0,265.0,TOP FIVE,IMO9334478,ZCOR3,37,5,47,9,2.3,37,A
319619000,2022-01-05T23:07:40,18.16678,-64.51890,10.5,285.0,273.0,TOP FIVE,IMO9334478,ZCOR3,37,5,47,9,2.3,37,A
319619000,2022-01-05T23:24:10,18.17359,-64.57077,11.0,277.6,275.0,TOP FIVE,IMO9334478,ZCOR3,37,5,47,9,2.3,37,A
319619000,2022-01-05T23:10:00,18.16766,-64.52600,11.7,276.0,271.0,TOP FIVE,IMO9334478,ZCOR3,37,5,47,9,2.3,37,A
319619000,2022-01-05T23:05:21,18.16586,-64.51163,10.9,278.7,274.0,TOP FIVE,IMO9334478,ZCOR3,37,5,47,9,2.3,37,A
319619000,2022-01-05T23:08:51,18.16731,-64.52261,10.9,278.9,274.0,TOP FIVE,IMO9334478,ZCOR3,37,5,47,9,2.3,37,A
319619000,2022-01-05T23:11:11,18.16834,-64.52989,10.7,277.5,274.0,TOP FIVE,IMO9334478,ZCOR3,37,5,47,9,2.3,37,A
319619000,2022-01-05T23:14:50,18.16991,-64.54130,10.5,278.0,275.0,TOP FIVE,IMO9334478,ZCOR3,37,5,47,9,2.3,37,A
319619000,2022-01-05T23:01:50,18.16489,-64.50062,10.5,275.0,270.0,TOP FIVE,IMO9334478,ZCOR3,37,5,47,9,2.3,37,A
319619000,2022-01-05T23:18:20,18.17136,-64.55231,11.1,281.0,276.0,TOP FIVE,IMO9334478,ZCOR3,37,5,47,9,2.3,37,A
319619000,2022-01-05T23:44:51,18.18048,-64.63584,10.9,272.0,272.0,TOP FIVE,IMO9334478,ZCOR3,37,5,47,9,2.3,37,A
319619000,2022-01-05T23:37:50,18.17800,-64.61366,9.9,274.0,275.0,TOP FIVE,IMO9334478,ZCOR3,37,5,47,9,2.3,37,A
319619000,2022-01-05T23:40:11,18.17900,-64.62125,10.3,278.0,275.0,TOP FIVE,IMO9334478,ZCOR3,37,5,47,9,2.3,37,A
319619000,2022-01-05T23:23:00,18.17317,-64.56705,10.7,276.1,274.0,TOP FIVE,IMO9334478,ZCOR3,37,5,47,9,2.3,37,A
319619000,2022-01-05T23:29:10,18.17537,-64.58655,11.0,275.3,273.0,TOP FIVE,IMO9334478,ZCOR3,37,5,47,9,2.3,37,A
319619000,2022-01-05T23:27:51,18.17490,-64.58241,11.0,276.0,275.0,TOP FIVE,IMO9334478,ZCOR3,37,5,47,9,2.3,37,A
319619000,2022-01-05T23:53:11,18.18319,-64.66188,10.9,276.2,274.0,TOP FIVE,IMO9334478,ZCOR3,37,5,47,9,2.3,37,A
319619000,2022-01-05T23:47:10,18.18126,-64.64304,10.4,276.0,275.0,TOP FIVE,IMO9334478,ZCOR3,37,5,47,9,2.3,37,A
319619000,2022-01-05T23:15:51,18.17041,-64.54451,11.3,277.0,273.0,TOP FIVE,IMO9334478,ZCOR3,37,5,47,9,2.3,37,A
319619000,2022-01-05T23:19:31,18.17186,-64.55606,10.6,279.0,276.0,TOP FIVE,IMO9334478,ZCOR3,37,5,47,9,2.3,37,A
319619000,2022-01-05T23:34:20,18.17705,-64.60288,10.8,273.0,274.0,TOP FIVE,IMO9334478,ZCOR3,37,5,47,9,2.3,37,A
319619000,2022-01-05T23:52:01,18.18283,-64.65826,10.7,278.3,280.0,TOP FIVE,IMO9334478,ZCOR3,37,5,47,9,2.3,37,A
319619000,2022-01-05T23:35:31,18.17743,-64.60655,10.9,276.0,274.0,TOP FIVE,IMO9334478,ZCOR3,37,5,47,9,2.3,37,A
319619000,2022-01-05T23:36:40,18.17783,-64.61024,11.2,275.0,276.0,TOP FIVE,IMO9334478,ZCOR3,37,5,47,9,2.3,37,A
319619000,2022-01-05T23:56:41,18.18429,-64.67275,11.0,274.0,274.0,TOP FIVE,IMO9334478,ZCOR3,37,5,47,9,2.3,37,A
319619000,2022-01-05T23:55:31,18.18396,-64.66915,10.8,277.0,276.0,TOP FIVE,IMO9334478,ZCOR3,37,5,47,9,2.3,37,A
319619000,2022-01-05T23:39:00,18.17858,-64.61755,10.1,276.0,271.0,TOP FIVE,IMO9334478,ZCOR3,37,5,47,9,2.3,37,A
319619000,2022-01-05T23:41:21,18.17940,-64.62492,10.9,276.1,274.0,TOP FIVE,IMO9334478,ZCOR3,37,5,47,9,2.3,37,A
319619000,2022-01-05T23:42:30,18.17970,-64.62852,10.9,275.2,272.0,TOP FIVE,IMO9334478,ZCOR3,37,5,47,9,2.3,37,A
319619000,2022-01-05T23:30:51,18.17590,-64.59185,10.6,276.0,276.0,TOP FIVE,IMO9334478,ZCOR3,37,5,47,9,2.3,37,A
319619000,2022-01-05T23:48:21,18.18164,-64.64675,10.9,276.2,273.0,TOP FIVE,IMO9334478,ZCOR3,37,5,47,9,2.3,37,A
319619000,2022-01-05T23:49:40,18.18202,-64.65088,10.6,276.0,276.0,TOP FIVE,IMO9334478,ZCOR3,37,5,47,9,2.3,37,A
319619000,2022-01-05T23:50:50,18.18243,-64.65456,10.9,275.0,273.0,TOP FIVE,IMO9334478,ZCOR3,37,5,47,9,2.3,37,A
319619000,2022-01-05T23:54:21,18.18350,-64.66533,10.4,273.0,270.0,TOP FIVE,IMO9334478,ZCOR3,37,5,47,9,2.3,37,A
319619000,2022-01-05T23:46:00,18.18088,-64.63939,10.5,275.0,275.0,TOP FIVE,IMO9334478,ZCOR3,37,5,47,9,2.3,37,A
319619000,2022-01-05T23:59:10,18.18501,-64.68047,11.5,276.0,275.0,TOP FIVE,IMO9334478,ZCOR3,37,5,47,9,2.3,37,A
319619000,2022-01-05T23:58:01,18.18450,-64.67666,10.4,274.0,274.0,TOP FIVE,IMO9334478,ZCOR3,37,5,47,9,2.3,37,A
319619000,2022-01-05T22:04:01,18.14598,-64.31972,10.6,275.4,270.0,TOP FIVE,IMO9334478,ZCOR3,37,5,47,9,2.3,37,A
319619000,2022-01-05T22:20:59,18.15149,-64.37223,10.7,277.8,272.0,TOP FIVE,IMO9334478,ZCOR3,37,5,47,9,2.3,37,A
319619000,2022-01-05T22:33:40,18.15627,-64.41178,10.5,279.0,270.0,TOP FIVE,IMO9334478,ZCOR3,37,5,47,9,2.3,37,A
319619000,2022-01-05T22:39:30,18.15860,-64.43014,10.9,277.0,270.0,TOP FIVE,IMO9334478,ZCOR3,37,5,47,9,2.3,37,A
319619000,2022-01-05T22:47:20,18.16126,-64.45480,9.7,273.0,268.0,TOP FIVE,IMO9334478,ZCOR3,37,5,47,9,2.3,37,A
319619000,2022-01-05T22:49:51,18.16210,-64.46276,11.0,277.5,270.0,TOP FIVE,IMO9334478,ZCOR3,37,5,47,9,2.3,37,A
319619000,2022-01-05T22:52:40,18.16286,-64.47165,10.1,275.0,268.0,TOP FIVE,IMO9334478,ZCOR3,37,5,47,9,2.3,37,A
319619000,2022-01-05T22:54:01,18.16317,-64.47593,10.9,275.1,270.0,TOP FIVE,IMO9334478,ZCOR3,37,5,47,9,2.3,37,A
319619000,2022-01-05T22:55:40,18.16351,-64.48113,10.9,273.0,267.0,TOP FIVE,IMO9334478,ZCOR3,37,5,47,9,2.3,37,A
319619000,2022-01-05T22:57:00,18.16375,-64.48533,10.2,274.0,270.0,TOP FIVE,IMO9334478,ZCOR3,37,5,47,9,2.3,37,A
319619000,2022-01-05T23:17:00,18.17084,-64.54813,11.1,277.0,273.0,TOP FIVE,IMO9334478,ZCOR3,37,5,47,9,2.3,37,A
319619000,2022-01-05T23:26:30,18.17442,-64.57816,10.8,275.0,273.0,TOP FIVE,IMO9334478,ZCOR3,37,5,47,9,2.3,37,A
319619000,2022-01-05T23:32:01,18.17630,-64.59552,10.8,275.0,275.0,TOP FIVE,IMO9334478,ZCOR3,37,5,47,9,2.3,37,A
319619000,2022-01-05T23:33:10,18.17667,-64.59913,10.8,279.0,278.0,TOP FIVE,IMO9334478,ZCOR3,37,5,47,9,2.3,37,A
319619000,2022-01-05T23:43:40,18.18008,-64.63214,10.3,277.0,275.0,TOP FIVE,IMO9334478,ZCOR3,37,5,47,9,2.3,37,A
319619000,2022-01-06T00:00:01,18.18525,-64.68307,10.5,276.8,277.0,TOP FIVE,IMO9334478,ZCOR3,37,5,47,9,2.3,37,A
319619000,2022-01-06T00:01:10,18.18563,-64.68662,10.6,275.7,272.0,TOP FIVE,IMO9334478,ZCOR3,37,5,47,9,2.3,37,A
319619000,2022-01-06T00:02:31,18.18600,-64.69079,10.6,274.0,274.0,TOP FIVE,IMO9334478,ZCOR3,37,5,47,9,2.3,37,A
319619000,2022-01-06T00:03:41,18.18640,-64.69438,10.3,277.0,276.0,TOP FIVE,IMO9334478,ZCOR3,37,5,47,9,2.3,37,A
319619000,2022-01-06T00:04:51,18.18680,-64.69797,10.6,276.7,275.0,TOP FIVE,IMO9334478,ZCOR3,37,5,47,9,2.3,37,A
319619000,2022-01-06T00:06:10,18.18739,-64.70204,10.8,276.0,274.0,TOP FIVE,IMO9334478,ZCOR3,37,5,47,9,2.3,37,A
319619000,2022-01-06T00:08:30,18.18826,-64.70916,10.2,277.0,277.0,TOP FIVE,IMO9334478,ZCOR3,37,5,47,9,2.3,37,A
319619000,2022-01-06T00:07:21,18.18766,-64.70550,10.3,278.0,277.0,TOP FIVE,IMO9334478,ZCOR3,37,5,47,9,2.3,37,A
319619000,2022-01-06T00:09:41,18.18866,-64.71255,10.3,276.2,272.0,TOP FIVE,IMO9334478,ZCOR3,37,5,47,9,2.3,37,A
319619000,2022-01-06T00:13:11,18.19005,-64.72341,10.5,276.0,275.0,TOP FIVE,IMO9334478,ZCOR3,37,5,47,9,2.3,37,A
319619000,2022-01-06T00:12:00,18.18959,-64.71982,10.7,278.3,274.0,TOP FIVE,IMO9334478,ZCOR3,37,5,47,9,2.3,37,A
319619000,2022-01-06T00:10:51,18.18912,-64.71632,10.4,277.0,276.0,TOP FIVE,IMO9334478,ZCOR3,37,5,47,9,2.3,37,A
319619000,2022-01-06T00:15:31,18.19104,-64.73046,10.4,275.5,272.0,TOP FIVE,IMO9334478,ZCOR3,37,5,47,9,2.3,37,A
319619000,2022-01-06T00:19:11,18.19226,-64.74155,10.5,276.0,274.0,TOP FIVE,IMO9334478,ZCOR3,37,5,47,9,2.3,37,A
319619000,2022-01-06T00:14:21,18.19060,-64.72695,10.6,281.0,276.0,TOP FIVE,IMO9334478,ZCOR3,37,5,47,9,2.3,37,A
319619000,2022-01-06T00:16:40,18.19141,-64.73392,10.3,277.9,277.0,TOP FIVE,IMO9334478,ZCOR3,37,5,47,9,2.3,37,A
319619000,2022-01-06T00:22:41,18.19357,-64.75203,10.2,277.5,273.0,TOP FIVE,IMO9334478,ZCOR3,37,5,47,9,2.3,37,A
319619000,2022-01-06T00:17:51,18.19178,-64.73753,10.5,275.9,273.0,TOP FIVE,IMO9334478,ZCOR3,37,5,47,9,2.3,37,A
319619000,2022-01-06T00:25:00,18.19454,-64.75900,10.4,279.9,275.0,TOP FIVE,IMO9334478,ZCOR3,37,5,47,9,2.3,37,A
319619000,2022-01-06T00:20:20,18.19271,-64.74501,10.1,275.0,271.0,TOP FIVE,IMO9334478,ZCOR3,37,5,47,9,2.3,37,A
319619000,2022-01-06T00:23:51,18.19403,-64.75555,10.9,279.0,273.0,TOP FIVE,IMO9334478,ZCOR3,37,5,47,9,2.3,37,A
319619000,2022-01-06T00:21:30,18.19315,-64.74849,10.2,276.6,274.0,TOP FIVE,IMO9334478,ZCOR3,37,5,47,9,2.3,37,A
319619000,2022-01-06T00:28:31,18.19594,-64.76951,10.6,278.9,273.0,TOP FIVE,IMO9334478,ZCOR3,37,5,47,9,2.3,37,A
319619000,2022-01-06T00:27:11,18.19536,-64.76552,10.4,276.6,271.0,TOP FIVE,IMO9334478,ZCOR3,37,5,47,9,2.3,37,A
319619000,2022-01-06T00:32:01,18.19744,-64.77996,10.3,279.6,275.0,TOP FIVE,IMO9334478,ZCOR3,37,5,47,9,2.3,37,A
319619000,2022-01-06T00:26:01,18.19495,-64.76205,10.3,278.0,270.0,TOP FIVE,IMO9334478,ZCOR3,37,5,47,9,2.3,37,A
319619000,2022-01-06T00:29:40,18.19646,-64.77295,10.3,278.0,271.0,TOP FIVE,IMO9334478,ZCOR3,37,5,47,9,2.3,37,A
319619000,2022-01-06T00:30:49,18.19692,-64.77644,10.5,276.0,270.0,TOP FIVE,IMO9334478,ZCOR3,37,5,47,9,2.3,37,A
319619000,2022-01-06T00:33:21,18.19810,-64.78391,10.3,280.3,273.0,TOP FIVE,IMO9334478,ZCOR3,37,5,47,9,2.3,37,A
319619000,2022-01-06T00:37:51,18.19967,-64.79749,10.3,277.2,275.0,TOP FIVE,IMO9334478,ZCOR3,37,5,47,9,2.3,37,A
319619000,2022-01-06T00:34:31,18.19854,-64.78745,9.9,273.0,270.0,TOP FIVE,IMO9334478,ZCOR3,37,5,47,9,2.3,37,A
319619000,2022-01-06T00:36:49,18.19932,-64.79438,10.1,276.0,273.0,TOP FIVE,IMO9334478,ZCOR3,37,5,47,9,2.3,37,A
319619000,2022-01-06T00:40:11,18.20041,-64.80459,10.4,275.0,273.0,TOP FIVE,IMO9334478,ZCOR3,37,5,47,9,2.3,37,A
319619000,2022-01-06T00:41:20,18.20077,-64.80803,9.9,275.0,271.0,TOP FIVE,IMO9334478,ZCOR3,37,5,47,9,2.3,37,A
319619000,2022-01-06T00:35:40,18.19889,-64.79090,9.9,275.0,272.0,TOP FIVE,IMO9334478,ZCOR3,37,5,47,9,2.3,37,A
319619000,2022-01-06T00:39:01,18.20008,-64.80102,10.4,276.0,270.0,TOP FIVE,IMO9334478,ZCOR3,37,5,47,9,2.3,37,A
319619000,2022-01-06T00:46:11,18.20208,-64.82274,10.5,275.9,272.0,TOP FIVE,IMO9334478,ZCOR3,37,5,47,9,2.3,37,A
319619000,2022-01-06T00:45:00,18.20173,-64.81914,10.5,276.0,270.0,TOP FIVE,IMO9334478,ZCOR3,37,5,47,9,2.3,37,A
319619000,2022-01-06T00:43:51,18.20151,-64.81564,9.9,276.0,271.0,TOP FIVE,IMO9334478,ZCOR3,37,5,47,9,2.3,37,A
319619000,2022-01-06T00:42:31,18.20120,-64.81160,10.5,276.0,270.0,TOP FIVE,IMO9334478,ZCOR3,37,5,47,9,2.3,37,A
319619000,2022-01-06T00:53:11,18.20358,-64.84401,10.3,273.3,269.0,TOP FIVE,IMO9334478,ZCOR3,37,5,47,9,2.3,37,A
319619000,2022-01-06T00:54:21,18.20366,-64.84733,10.4,273.0,272.0,TOP FIVE,IMO9334478,ZCOR3,37,5,47,9,2.3,37,A
319619000,2022-01-06T00:48:31,18.20258,-64.82981,10.8,272.0,268.0,TOP FIVE,IMO9334478,ZCOR3,37,5,47,9,2.3,37,A
319619000,2022-01-06T00:55:41,18.20408,-64.85156,10.3,276.6,277.0,TOP FIVE,IMO9334478,ZCOR3,37,5,47,9,2.3,37,A
319619000,2022-01-06T00:49:41,18.20277,-64.83336,11.3,274.0,273.0,TOP FIVE,IMO9334478,ZCOR3,37,5,47,9,2.3,37,A
319619000,2022-01-06T00:50:50,18.20305,-64.83687,10.3,274.0,271.0,TOP FIVE,IMO9334478,ZCOR3,37,5,47,9,2.3,37,A
319619000,2022-01-06T00:57:01,18.20456,-64.85555,11.2,278.0,274.0,TOP FIVE,IMO9334478,ZCOR3,37,5,47,9,2.3,37,A
319619000,2022-01-06T00:47:21,18.20233,-64.82600,10.1,274.0,270.0,TOP FIVE,IMO9334478,ZCOR3,37,5,47,9,2.3,37,A
319619000,2022-01-06T00:52:00,18.20334,-64.84042,10.5,275.0,272.0,TOP FIVE,IMO9334478,ZCOR3,37,5,47,9,2.3,37,A
319619000,2022-01-06T00:59:31,18.20532,-64.86299,10.2,277.0,274.0,TOP FIVE,IMO9334478,ZCOR3,37,5,47,9,2.3,37,A
319619000,2022-01-06T01:00:01,18.20543,-64.86448,10.1,273.0,271.0,TOP FIVE,IMO9334478,ZCOR3,37,5,47,9,2.3,37,A
319619000,2022-01-06T00:58:21,18.20496,-64.85953,10.2,275.0,272.0,TOP FIVE,IMO9334478,ZCOR3,37,5,47,9,2.3,37,A
319619000,2022-01-06T01:01:21,18.20581,-64.86838,10.3,275.0,271.0,TOP FIVE,IMO9334478,ZCOR3,37,5,47,9,2.3,37,A
319619000,2022-01-06T01:07:10,18.20736,-64.88563,9.8,275.0,275.0,TOP FIVE,IMO9334478,ZCOR3,37,5,47,9,2.3,37,A
319619000,2022-01-06T01:08:20,18.20776,-64.88907,10.8,276.0,272.0,TOP FIVE,IMO9334478,ZCOR3,37,5,47,9,2.3,37,A
319619000,2022-01-06T01:06:01,18.20705,-64.88220,9.5,274.0,271.0,TOP FIVE,IMO9334478,ZCOR3,37,5,47,9,2.3,37,A
319619000,2022-01-06T01:03:39,18.20643,-64.87523,10.3,276.0,273.0,TOP FIVE,IMO9334478,ZCOR3,37,5,47,9,2.3,37,A
319619000,2022-01-06T01:14:20,18.21064,-64.90687,10.6,280.8,277.0,TOP FIVE,IMO9334478,ZCOR3,37,5,47,9,2.3,37,A
319619000,2022-01-06T01:10:50,18.20857,-64.89652,10.5,280.0,279.0,TOP FIVE,IMO9334478,ZCOR3,37,5,47,9,2.3,37,A
319619000,2022-01-06T01:02:31,18.20614,-64.87183,10.8,275.0,272.0,TOP FIVE,IMO9334478,ZCOR3,37,5,47,9,2.3,37,A
319619000,2022-01-06T01:12:01,18.20925,-64.90002,9.8,281.0,278.0,TOP FIVE,IMO9334478,ZCOR3,37,5,47,9,2.3,37,A
319619000,2022-01-06T01:21:19,18.21169,-64.92788,10.3,271.0,267.0,TOP FIVE,IMO9334478,ZCOR3,37,5,47,9,2.3,37,A
319619000,2022-01-06T01:18:51,18.21161,-64.92036,10.5,269.6,266.0,TOP FIVE,IMO9334478,ZCOR3,37,5,47,9,2.3,37,A
319619000,2022-01-06T01:23:30,18.21159,-64.93441,10.4,269.0,267.0,TOP FIVE,IMO9334478,ZCOR3,37,5,47,9,2.3,37,A
319619000,2022-01-06T01:16:41,18.21168,-64.91382,10.2,271.9,265.0,TOP FIVE,IMO9334478,ZCOR3,37,5,47,9,2.3,37,A
319619000,2022-01-06T01:09:30,18.20807,-64.89259,10.3,275.7,273.0,TOP FIVE,IMO9334478,ZCOR3,37,5,47,9,2.3,37,A
319619000,2022-01-06T01:17:50,18.21161,-64.91728,10.3,270.0,267.0,TOP FIVE,IMO9334478,ZCOR3,37,5,47,9,2.3,37,A
319619000,2022-01-06T01:04:40,18.20671,-64.87819,9.8,274.0,272.0,TOP FIVE,IMO9334478,ZCOR3,37,5,47,9,2.3,37,A
319619000,2022-01-06T01:22:20,18.21166,-64.93090,9.9,268.0,266.0,TOP FIVE,IMO9334478,ZCOR3,37,5,47,9,2.3,37,A
319619000,2022-01-06T01:32:00,18.21198,-64.95988,10.1,279.0,275.0,TOP FIVE,IMO9334478,ZCOR3,37,5,47,9,2.3,37,A
319619000,2022-01-06T01:27:10,18.21151,-64.94537,10.2,269.4,266.0,TOP FIVE,IMO9334478,ZCOR3,37,5,47,9,2.3,37,A
319619000,2022-01-06T01:35:30,18.21403,-64.97006,9.8,283.0,280.0,TOP FIVE,IMO9334478,ZCOR3,37,5,47,9,2.3,37,A
319619000,2022-01-06T01:33:11,18.21261,-64.96331,10.0,282.8,279.0,TOP FIVE,IMO9334478,ZCOR3,37,5,47,9,2.3,37,A
319619000,2022-01-06T01:24:40,18.21156,-64.93792,10.4,269.7,267.0,TOP FIVE,IMO9334478,ZCOR3,37,5,47,9,2.3,37,A
319619000,2022-01-06T01:26:00,18.21149,-64.94188,10.3,269.7,266.0,TOP FIVE,IMO9334478,ZCOR3,37,5,47,9,2.3,37,A
319619000,2022-01-06T01:13:10,18.20983,-64.90316,10.5,282.0,282.0,TOP FIVE,IMO9334478,ZCOR3,37,5,47,9,2.3,37,A
319619000,2022-01-06T01:37:51,18.21577,-64.97682,10.3,284.7,283.0,TOP FIVE,IMO9334478,ZCOR3,37,5,47,9,2.3,37,A
319619000,2022-01-06T01:41:21,18.21848,-64.98689,10.2,286.2,284.0,TOP FIVE,IMO9334478,ZCOR3,37,5,47,9,2.3,37,A
319619000,2022-01-06T01:39:01,18.21669,-64.98016,9.5,285.0,282.0,TOP FIVE,IMO9334478,ZCOR3,37,5,47,9,2.3,37,A
319619000,2022-01-06T01:42:40,18.21951,-64.99071,10.8,286.0,281.0,TOP FIVE,IMO9334478,ZCOR3,37,5,47,9,2.3,37,A
319619000,2022-01-06T01:15:31,18.21133,-64.91036,10.3,280.0,277.0,TOP FIVE,IMO9334478,ZCOR3,37,5,47,9,2.3,37,A
319619000,2022-01-06T01:20:00,18.21162,-64.92384,10.3,272.0,268.0,TOP FIVE,IMO9334478,ZCOR3,37,5,47,9,2.3,37,A
319619000,2022-01-06T01:34:21,18.21335,-64.96671,10.4,283.0,280.0,TOP FIVE,IMO9334478,ZCOR3,37,5,47,9,2.3,37,A
319619000,2022-01-06T01:49:40,18.22521,-65.01091,10.2,288.4,283.0,TOP FIVE,IMO9334478,ZCOR3,37,5,47,9,2.3,37,A
319619000,2022-01-06T01:45:01,18.22139,-64.99752,10.8,285.0,282.0,TOP FIVE,IMO9334478,ZCOR3,37,5,47,9,2.3,37,A
319619000,2022-01-06T01:53:21,18.22834,-65.02154,10.3,286.2,281.0,TOP FIVE,IMO9334478,ZCOR3,37,5,47,9,2.3,37,A
319619000,2022-01-06T01:28:20,18.21151,-64.94888,10.5,272.0,266.0,TOP FIVE,IMO9334478,ZCOR3,37,5,47,9,2.3,37,A
319619000,2022-01-06T01:54:31,18.22925,-65.02493,10.3,286.0,281.0,TOP FIVE,IMO9334478,ZCOR3,37,5,47,9,2.3,37,A
319619000,2022-01-06T01:29:30,18.21156,-64.95239,10.5,271.0,266.0,TOP FIVE,IMO9334478,ZCOR3,37,5,47,9,2.3,37,A
319619000,2022-01-06T01:58:00,18.23195,-65.03511,10.5,282.8,278.0,TOP FIVE,IMO9334478,ZCOR3,37,5,47,9,2.3,37,A
319619000,2022-01-06T01:46:11,18.22224,-65.00092,10.3,286.1,284.0,TOP FIVE,IMO9334478,ZCOR3,37,5,47,9,2.3,37,A
319619000,2022-01-06T01:56:50,18.23110,-65.03168,10.4,286.7,283.0,TOP FIVE,IMO9334478,ZCOR3,37,5,47,9,2.3,37,A
319619000,2022-01-06T01:59:10,18.23273,-65.03853,10.4,283.9,279.0,TOP FIVE,IMO9334478,ZCOR3,37,5,47,9,2.3,37,A
319619000,2022-01-06T01:47:21,18.22319,-65.00428,10.3,286.5,283.0,TOP FIVE,IMO9334478,ZCOR3,37,5,47,9,2.3,37,A
319619000,2022-01-06T02:00:00,18.23330,-65.04097,10.3,283.4,277.0,TOP FIVE,IMO9334478,ZCOR3,37,5,47,9,2.3,37,A
319619000,2022-01-06T02:01:20,18.23422,-65.04490,10.5,285.1,281.0,TOP FIVE,IMO9334478,ZCOR3,37,5,47,9,2.3,37,A
319619000,2022-01-06T01:48:31,18.22417,-65.00765,10.5,288.0,283.0,TOP FIVE,IMO9334478,ZCOR3,37,5,47,9,2.3,37,A
319619000,2022-01-06T01:36:41,18.21490,-64.97346,10.3,283.7,281.0,TOP FIVE,IMO9334478,ZCOR3,37,5,47,9,2.3,37,A
319619000,2022-01-06T02:02:31,18.23499,-65.04838,10.3,278.2,270.0,TOP FIVE,IMO9334478,ZCOR3,37,5,47,9,2.3,37,A
319619000,2022-01-06T01:50:50,18.22621,-65.01433,10.2,286.0,280.0,TOP FIVE,IMO9334478,ZCOR3,37,5,47,9,2.3,37,A
319619000,2022-01-06T01:30:50,18.21156,-64.95637,10.4,271.0,269.0,TOP FIVE,IMO9334478,ZCOR3,37,5,47,9,2.3,37,A
319619000,2022-01-06T01:52:01,18.22717,-65.01771,10.3,287.1,283.0,TOP FIVE,IMO9334478,ZCOR3,37,5,47,9,2.3,37,A
319619000,2022-01-06T01:55:41,18.23015,-65.02833,10.5,286.0,282.0,TOP FIVE,IMO9334478,ZCOR3,37,5,47,9,2.3,37,A
319619000,2022-01-06T02:08:20,18.23726,-65.06570,10.5,278.0,273.0,TOP FIVE,IMO9334478,ZCOR3,37,5,47,9,2.3,37,A
319619000,2022-01-06T01:40:11,18.21759,-64.98352,10.2,285.4,281.0,TOP FIVE,IMO9334478,ZCOR3,37,5,47,9,2.3,37,A
319619000,2022-01-06T01:43:51,18.22049,-64.99414,10.2,286.7,284.0,TOP FIVE,IMO9334478,ZCOR3,37,5,47,9,2.3,37,A
319619000,2022-01-06T02:04:51,18.23564,-65.05535,10.5,275.0,270.0,TOP FIVE,IMO9334478,ZCOR3,37,5,47,9,2.3,37,A
319619000,2022-01-06T02:14:31,18.24046,-65.08403,10.4,283.0,281.0,TOP FIVE,IMO9334478,ZCOR3,37,5,47,9,2.3,37,A
319619000,2022-01-06T02:07:10,18.23668,-65.06224,10.4,277.0,272.0,TOP FIVE,IMO9334478,ZCOR3,37,5,47,9,2.3,37,A
319619000,2022-01-06T02:03:40,18.23528,-65.05183,10.3,275.4,269.0,TOP FIVE,IMO9334478,ZCOR3,37,5,47,9,2.3,37,A
319619000,2022-01-06T02:09:31,18.23777,-65.06919,10.3,278.7,272.0,TOP FIVE,IMO9334478,ZCOR3,37,5,47,9,2.3,37,A
319619000,2022-01-06T02:06:01,18.23609,-65.05884,10.2,279.5,273.0,TOP FIVE,IMO9334478,ZCOR3,37,5,47,9,2.3,37,A
319619000,2022-01-06T02:20:11,18.24457,-65.10054,10.2,287.0,279.0,TOP FIVE,IMO9334478,ZCOR3,37,5,47,9,2.3,37,A
319619000,2022-01-06T02:15:41,18.24125,-65.08745,10.3,284.2,281.0,TOP FIVE,IMO9334478,ZCOR3,37,5,47,9,2.3,37,A
319619000,2022-01-06T02:13:10,18.23960,-65.08009,10.6,281.0,278.0,TOP FIVE,IMO9334478,ZCOR3,37,5,47,9,2.3,37,A
319619000,2022-01-06T02:29:20,18.25607,-65.12469,10.5,316.0,313.0,TOP FIVE,IMO9334478,ZCOR3,37,5,47,9,2.3,37,A
319619000,2022-01-06T02:32:01,18.26180,-65.13028,10.2,322.0,316.0,TOP FIVE,IMO9334478,ZCOR3,37,5,47,9,2.3,37,A
319619000,2022-01-06T02:30:50,18.25926,-65.12781,10.4,316.0,311.0,TOP FIVE,IMO9334478,ZCOR3,37,5,47,9,2.3,37,A
319619000,2022-01-06T02:19:00,18.24370,-65.09707,10.2,283.0,280.0,TOP FIVE,IMO9334478,ZCOR3,37,5,47,9,2.3,37,A
319619000,2022-01-06T02:22:30,18.24625,-65.10722,9.7,283.0,281.0,TOP FIVE,IMO9334478,ZCOR3,37,5,47,9,2.3,37,A
319619000,2022-01-06T02:23:40,18.24722,-65.11057,10.3,290.0,288.0,TOP FIVE,IMO9334478,ZCOR3,37,5,47,9,2.3,37,A
319619000,2022-01-06T02:43:31,18.29055,-65.14866,10.5,329.2,326.0,TOP FIVE,IMO9334478,ZCOR3,37,5,47,9,2.3,37,A
319619000,2022-01-06T02:42:19,18.28730,-65.14671,10.4,329.7,328.0,TOP FIVE,IMO9334478,ZCOR3,37,5,47,9,2.3,37,A
319619000,2022-01-06T02:48:10,18.30241,-65.15588,10.5,330.0,330.0,TOP FIVE,IMO9334478,ZCOR3,37,5,47,9,2.3,37,A
319619000,2022-01-06T02:49:20,18.30516,-65.15750,10.6,331.0,327.0,TOP FIVE,IMO9334478,ZCOR3,37,5,47,9,2.3,37,A
319619000,2022-01-06T02:33:10,18.26439,-65.13253,10.8,318.0,315.0,TOP FIVE,IMO9334478,ZCOR3,37,5,47,9,2.3,37,A
319619000,2022-01-06T02:16:49,18.24210,-65.09078,10.3,286.0,282.0,TOP FIVE,IMO9334478,ZCOR3,37,5,47,9,2.3,37,A
319619000,2022-01-06T02:35:21,18.26939,-65.13672,10.5,328.0,327.0,TOP FIVE,IMO9334478,ZCOR3,37,5,47,9,2.3,37,A
319619000,2022-01-06T02:36:30,18.27241,-65.13832,10.4,333.0,331.0,TOP FIVE,IMO9334478,ZCOR3,37,5,47,9,2.3,37,A
319619000,2022-01-06T02:56:30,18.32391,-65.16812,10.6,331.0,328.0,TOP FIVE,IMO9334478,ZCOR3,37,5,47,9,2.3,37,A
319619000,2022-01-06T02:58:50,18.32994,-65.17151,10.9,329.0,329.0,TOP FIVE,IMO9334478,ZCOR3,37,5,47,9,2.3,37,A
319619000,2022-01-06T02:10:40,18.23830,-65.07266,10.2,277.0,270.0,TOP FIVE,IMO9334478,ZCOR3,37,5,47,9,2.3,37,A
319619000,2022-01-06T02:47:01,18.29943,-65.15413,10.7,331.4,331.0,TOP FIVE,IMO9334478,ZCOR3,37,5,47,9,2.3,37,A
319619000,2022-01-06T02:41:11,18.28462,-65.14503,10.5,330.0,326.0,TOP FIVE,IMO9334478,ZCOR3,37,5,47,9,2.3,37,A
319619000,2022-01-06T02:50:30,18.30836,-65.15937,10.5,331.9,328.0,TOP FIVE,IMO9334478,ZCOR3,37,5,47,9,2.3,37,A
319619000,2022-01-06T02:57:40,18.32694,-65.16983,10.5,330.0,327.0,TOP FIVE,IMO9334478,ZCOR3,37,5,47,9,2.3,37,A
319619000,2022-01-06T02:12:00,18.23883,-65.07633,10.6,283.0,278.0,TOP FIVE,IMO9334478,ZCOR3,37,5,47,9,2.3,37,A
319619000,2022-01-06T02:27:01,18.25136,-65.11963,10.3,306.0,305.0,TOP FIVE,IMO9334478,ZCOR3,37,5,47,9,2.3,37,A
319619000,2022-01-06T03:09:20,18.35328,-65.19103,10.4,296.0,291.0,TOP FIVE,IMO9334478,ZCOR3,37,5,47,9,2.3,37,A
319619000,2022-01-06T03:05:40,18.34770,-65.18154,11.1,324.0,319.0,TOP FIVE,IMO9334478,ZCOR3,37,5,47,9,2.3,37,A
319619000,2022-01-06T02:51:40,18.31135,-65.16106,10.2,331.0,329.0,TOP FIVE,IMO9334478,ZCOR3,37,5,47,9,2.3,37,A
319619000,2022-01-06T02:34:20,18.26705,-65.13488,10.5,317.0,315.0,TOP FIVE,IMO9334478,ZCOR3,37,5,47,9,2.3,37,A
319619000,2022-01-06T02:17:50,18.24286,-65.09368,10.4,284.7,279.0,TOP FIVE,IMO9334478,ZCOR3,37,5,47,9,2.3,37,A
319619000,2022-01-06T03:06:49,18.35013,-65.18400,10.4,304.6,293.0,TOP FIVE,IMO9334478,ZCOR3,37,5,47,9,2.3,37,A
319619000,2022-01-06T02:52:50,18.31439,-65.16277,9.8,331.0,329.0,TOP FIVE,IMO9334478,ZCOR3,37,5,47,9,2.3,37,A
319619000,2022-01-06T02:21:19,18.24537,-65.10382,10.2,285.8,281.0,TOP FIVE,IMO9334478,ZCOR3,37,5,47,9,2.3,37,A
319619000,2022-01-06T03:17:40,18.36280,-65.21464,10.5,293.0,289.0,TOP FIVE,IMO9334478,ZCOR3,37,5,47,9,2.3,37,A
319619000,2022-01-06T03:04:29,18.34464,-65.17971,10.5,332.3,329.0,TOP FIVE,IMO9334478,ZCOR3,37,5,47,9,2.3,37,A
319619000,2022-01-06T02:37:39,18.27544,-65.13993,10.5,332.1,330.0,TOP FIVE,IMO9334478,ZCOR3,37,5,47,9,2.3,37,A
319619000,2022-01-06T03:21:00,18.36632,-65.22400,9.8,289.0,288.0,TOP FIVE,IMO9334478,ZCOR3,37,5,47,9,2.3,37,A
319619000,2022-01-06T02:40:00,18.28161,-65.14326,10.5,334.2,332.0,TOP FIVE,IMO9334478,ZCOR3,37,5,47,9,2.3,37,A
319619000,2022-01-06T03:08:11,18.35188,-65.18780,10.5,295.0,290.0,TOP FIVE,IMO9334478,ZCOR3,37,5,47,9,2.3,37,A
319619000,2022-01-06T02:24:51,18.24850,-65.11366,10.5,296.0,291.0,TOP FIVE,IMO9334478,ZCOR3,37,5,47,9,2.3,37,A
319619000,2022-01-06T03:16:31,18.36153,-65.21134,10.4,292.0,289.0,TOP FIVE,IMO9334478,ZCOR3,37,5,47,9,2.3,37,A
319619000,2022-01-06T03:15:21,18.36027,-65.20801,10.5,291.8,290.0,TOP FIVE,IMO9334478,ZCOR3,37,5,47,9,2.3,37,A
319619000,2022-01-06T02:26:00,18.24998,-65.11693,10.4,295.2,291.0,TOP FIVE,IMO9334478,ZCOR3,37,5,47,9,2.3,37,A
319619000,2022-01-06T03:11:40,18.35615,-65.19758,10.9,293.0,290.0,TOP FIVE,IMO9334478,ZCOR3,37,5,47,9,2.3,37,A
319619000,2022-01-06T03:18:41,18.36389,-65.21755,10.5,289.0,290.0,TOP FIVE,IMO9334478,ZCOR3,37,5,47,9,2.3,37,A
319619000,2022-01-06T02:44:40,18.29346,-65.15049,10.8,328.0,327.0,TOP FIVE,IMO9334478,ZCOR3,37,5,47,9,2.3,37,A
319619000,2022-01-06T03:28:01,18.37370,-65.24310,9.9,293.6,292.0,TOP FIVE,IMO9334478,ZCOR3,37,5,47,9,2.3,37,A
319619000,2022-01-06T02:28:11,18.25366,-65.12225,10.5,314.3,312.0,TOP FIVE,IMO9334478,ZCOR3,37,5,47,9,2.3,37,A
319619000,2022-01-06T03:13:00,18.35772,-65.20130,10.6,292.0,287.0,TOP FIVE,IMO9334478,ZCOR3,37,5,47,9,2.3,37,A
319619000,2022-01-06T03:14:11,18.35898,-65.20466,10.5,290.3,287.0,TOP FIVE,IMO9334478,ZCOR3,37,5,47,9,2.3,37,A
319619000,2022-01-06T03:24:31,18.36990,-65.23367,10.3,287.0,290.0,TOP FIVE,IMO9334478,ZCOR3,37,5,47,9,2.3,37,A
319619000,2022-01-06T03:10:31,18.35471,-65.19432,10.5,294.4,291.0,TOP FIVE,IMO9334478,ZCOR3,37,5,47,9,2.3,37,A
319619000,2022-01-06T03:25:40,18.37116,-65.23678,10.3,293.0,292.0,TOP FIVE,IMO9334478,ZCOR3,37,5,47,9,2.3,37,A
319619000,2022-01-06T03:30:50,18.37650,-65.25050,10.1,291.0,291.0,TOP FIVE,IMO9334478,ZCOR3,37,5,47,9,2.3,37,A
319619000,2022-01-06T03:36:41,18.38307,-65.26687,10.3,292.0,289.0,TOP FIVE,IMO9334478,ZCOR3,37,5,47,9,2.3,37,A
319619000,2022-01-06T02:54:01,18.31746,-65.16452,10.6,332.6,329.0,TOP FIVE,IMO9334478,ZCOR3,37,5,47,9,2.3,37,A
319619000,2022-01-06T03:23:21,18.36873,-65.23047,10.0,290.5,288.0,TOP FIVE,IMO9334478,ZCOR3,37,5,47,9,2.3,37,A
319619000,2022-01-06T02:55:21,18.32094,-65.16645,11.1,328.0,329.0,TOP FIVE,IMO9334478,ZCOR3,37,5,47,9,2.3,37,A
319619000,2022-01-06T02:38:50,18.27854,-65.14162,10.9,332.7,330.0,TOP FIVE,IMO9334478,ZCOR3,37,5,47,9,2.3,37,A
319619000,2022-01-06T03:37:51,18.38430,-65.27009,9.2,290.0,290.0,TOP FIVE,IMO9334478,ZCOR3,37,5,47,9,2.3,37,A
319619000,2022-01-06T03:43:41,18.39069,-65.28609,10.3,290.0,291.0,TOP FIVE,IMO9334478,ZCOR3,37,5,47,9,2.3,37,A
319619000,2022-01-06T03:40:11,18.38686,-65.27646,9.9,294.0,290.0,TOP FIVE,IMO9334478,ZCOR3,37,5,47,9,2.3,37,A
319619000,2022-01-06T03:39:00,18.38558,-65.27322,10.2,294.0,290.0,TOP FIVE,IMO9334478,ZCOR3,37,5,47,9,2.3,37,A
319619000,2022-01-06T03:47:11,18.39450,-65.29576,10.3,293.0,291.0,TOP FIVE,IMO9334478,ZCOR3,37,5,47,9,2.3,37,A
319619000,2022-01-06T03:42:30,18.38939,-65.28284,10.4,292.8,289.0,TOP FIVE,IMO9334478,ZCOR3,37,5,47,9,2.3,37,A
319619000,2022-01-06T03:49:30,18.39703,-65.30217,10.2,293.0,291.0,TOP FIVE,IMO9334478,ZCOR3,37,5,47,9,2.3,37,A
319619000,2022-01-06T03:46:01,18.39324,-65.29253,10.4,293.0,291.0,TOP FIVE,IMO9334478,ZCOR3,37,5,47,9,2.3,37,A
319619000,2022-01-06T02:45:50,18.29641,-65.15230,10.5,327.0,325.0,TOP FIVE,IMO9334478,ZCOR3,37,5,47,9,2.3,37,A
319619000,2022-01-06T03:41:21,18.38810,-65.27969,9.9,289.0,291.0,TOP FIVE,IMO9334478,ZCOR3,37,5,47,9,2.3,37,A
319619000,2022-01-06T03:58:51,18.40724,-65.32734,9.8,291.0,289.0,TOP FIVE,IMO9334478,ZCOR3,37,5,47,9,2.3,37,A
319619000,2022-01-06T04:00:00,18.40843,-65.33042,9.5,292.0,290.0,TOP FIVE,IMO9334478,ZCOR3,37,5,47,9,2.3,37,A
319619000,2022-01-06T03:56:31,18.40477,-65.32114,9.9,288.0,289.0,TOP FIVE,IMO9334478,ZCOR3,37,5,47,9,2.3,37,A
319619000,2022-01-06T03:54:10,18.40214,-65.31484,10.2,292.0,289.0,TOP FIVE,IMO9334478,ZCOR3,37,5,47,9,2.3,37,A
319619000,2022-01-06T03:19:50,18.36508,-65.22078,10.4,292.2,288.0,TOP FIVE,IMO9334478,ZCOR3,37,5,47,9,2.3,37,A
319619000,2022-01-06T03:44:51,18.39197,-65.28931,10.3,292.2,290.0,TOP FIVE,IMO9334478,ZCOR3,37,5,47,9,2.3,37,A
319619000,2022-01-06T04:10:30,18.41955,-65.35847,10.4,294.0,289.0,TOP FIVE,IMO9334478,ZCOR3,37,5,47,9,2.3,37,A
319619000,2022-01-06T04:05:50,18.41457,-65.34604,9.9,293.0,290.0,TOP FIVE,IMO9334478,ZCOR3,37,5,47,9,2.3,37,A
319619000,2022-01-06T04:07:01,18.41584,-65.34917,9.9,294.7,292.0,TOP FIVE,IMO9334478,ZCOR3,37,5,47,9,2.3,37,A
319619000,2022-01-06T03:53:00,18.40089,-65.31167,9.9,293.0,291.0,TOP FIVE,IMO9334478,ZCOR3,37,5,47,9,2.3,37,A
319619000,2022-01-06T04:18:50,18.42850,-65.38103,10.0,292.8,290.0,TOP FIVE,IMO9334478,ZCOR3,37,5,47,9,2.3,37,A
319619000,2022-01-06T04:03:31,18.41211,-65.33984,9.9,294.0,290.0,TOP FIVE,IMO9334478,ZCOR3,37,5,47,9,2.3,37,A
319619000,2022-01-06T03:00:01,18.33303,-65.17322,10.6,331.5,327.0,TOP FIVE,IMO9334478,ZCOR3,37,5,47,9,2.3,37,A
319619000,2022-01-06T04:09:20,18.41833,-65.35535,9.8,293.0,289.0,TOP FIVE,IMO9334478,ZCOR3,37,5,47,9,2.3,37,A
319619000,2022-01-06T03:55:20,18.40347,-65.31803,9.7,293.0,289.0,TOP FIVE,IMO9334478,ZCOR3,37,5,47,9,2.3,37,A
319619000,2022-01-06T03:29:10,18.37498,-65.24622,10.2,293.6,290.0,TOP FIVE,IMO9334478,ZCOR3,37,5,47,9,2.3,37,A
319619000,2022-01-06T04:23:30,18.43343,-65.39385,10.1,292.1,289.0,TOP FIVE,IMO9334478,ZCOR3,37,5,47,9,2.3,37,A
319619000,2022-01-06T04:01:11,18.40965,-65.33360,10.2,291.0,289.0,TOP FIVE,IMO9334478,ZCOR3,37,5,47,9,2.3,37,A
319619000,2022-01-06T03:32:01,18.37801,-65.25403,9.7,292.0,291.0,TOP FIVE,IMO9334478,ZCOR3,37,5,47,9,2.3,37,A
319619000,2022-01-06T04:27:00,18.43710,-65.40350,10.2,293.0,291.0,TOP FIVE,IMO9334478,ZCOR3,37,5,47,9,2.3,37,A
319619000,2022-01-06T04:25:50,18.43587,-65.40028,9.9,291.0,291.0,TOP FIVE,IMO9334478,ZCOR3,37,5,47,9,2.3,37,A
319619000,2022-01-06T04:11:51,18.42100,-65.36209,9.8,291.0,289.0,TOP FIVE,IMO9334478,ZCOR3,37,5,47,9,2.3,37,A
319619000,2022-01-06T03:35:20,18.38156,-65.26316,10.1,290.7,289.0,TOP FIVE,IMO9334478,ZCOR3,37,5,47,9,2.3,37,A
319619000,2022-01-06T04:20:00,18.42974,-65.38424,10.2,291.0,292.0,TOP FIVE,IMO9334478,ZCOR3,37,5,47,9,2.3,37,A
319619000,2022-01-06T04:21:11,18.43102,-65.38748,10.2,291.3,288.0,TOP FIVE,IMO9334478,ZCOR3,37,5,47,9,2.3,37,A
319619000,2022-01-06T04:16:30,18.42603,-65.37473,9.8,289.0,290.0,TOP FIVE,IMO9334478,ZCOR3,37,5,47,9,2.3,37,A
319619000,2022-01-06T04:08:10,18.41706,-65.35222,9.7,287.0,287.0,TOP FIVE,IMO9334478,ZCOR3,37,5,47,9,2.3,37,A
319619000,2022-01-06T04:22:19,18.43219,-65.39065,9.8,293.0,292.0,TOP FIVE,IMO9334478,ZCOR3,37,5,47,9,2.3,37,A
319619000,2022-01-06T04:32:51,18.44318,-65.41955,9.8,292.0,290.0,TOP FIVE,IMO9334478,ZCOR3,37,5,47,9,2.3,37,A
319619000,2022-01-06T04:34:00,18.44439,-65.42272,9.8,293.0,291.0,TOP FIVE,IMO9334478,ZCOR3,37,5,47,9,2.3,37,A
319619000,2022-01-06T04:35:10,18.44554,-65.42597,10.1,291.4,290.0,TOP FIVE,IMO9334478,ZCOR3,37,5,47,9,2.3,37,A
319619000,2022-01-06T04:13:00,18.42223,-65.36521,9.8,293.0,292.0,TOP FIVE,IMO9334478,ZCOR3,37,5,47,9,2.3,37,A
319619000,2022-01-06T04:29:20,18.43956,-65.40986,10.2,291.6,289.0,TOP FIVE,IMO9334478,ZCOR3,37,5,47,9,2.3,37,A
319619000,2022-01-06T04:17:41,18.42726,-65.37788,10.3,289.0,289.0,TOP FIVE,IMO9334478,ZCOR3,37,5,47,9,2.3,37,A
319619000,2022-01-06T04:31:40,18.44196,-65.41629,10.2,292.4,290.0,TOP FIVE,IMO9334478,ZCOR3,37,5,47,9,2.3,37,A
319619000,2022-01-06T03:48:21,18.39578,-65.29899,10.1,294.0,290.0,TOP FIVE,IMO9334478,ZCOR3,37,5,47,9,2.3,37,A
319619000,2022-01-06T03:22:10,18.36756,-65.22720,10.2,292.1,286.0,TOP FIVE,IMO9334478,ZCOR3,37,5,47,9,2.3,37,A
319619000,2022-01-06T03:51:50,18.39959,-65.30848,10.4,291.0,288.0,TOP FIVE,IMO9334478,ZCOR3,37,5,47,9,2.3,37,A
319619000,2022-01-06T04:37:30,18.44790,-65.43244,10.6,286.0,289.0,TOP FIVE,IMO9334478,ZCOR3,37,5,47,9,2.3,37,A
319619000,2022-01-06T03:26:50,18.37216,-65.23966,10.1,293.0,292.0,TOP FIVE,IMO9334478,ZCOR3,37,5,47,9,2.3,37,A
319619000,2022-01-06T04:47:00,18.45765,-65.45885,10.3,294.0,291.0,TOP FIVE,IMO9334478,ZCOR3,37,5,47,9,2.3,37,A
319619000,2022-01-06T04:28:10,18.43833,-65.40667,10.0,292.7,290.0,TOP FIVE,IMO9334478,ZCOR3,37,5,47,9,2.3,37,A
319619000,2022-01-06T04:54:10,18.46520,-65.47895,10.8,291.0,289.0,TOP FIVE,IMO9334478,ZCOR3,37,5,47,9,2.3,37,A
319619000,2022-01-06T04:38:41,18.44910,-65.43572,9.6,294.0,290.0,TOP FIVE,IMO9334478,ZCOR3,37,5,47,9,2.3,37,A
319619000,2022-01-06T04:55:20,18.46633,-65.48200,10.2,288.0,292.0,TOP FIVE,IMO9334478,ZCOR3,37,5,47,9,2.3,37,A
319619000,2022-01-06T04:04:41,18.41335,-65.34295,10.1,296.0,292.0,TOP FIVE,IMO9334478,ZCOR3,37,5,47,9,2.3,37,A
319619000,2022-01-06T04:42:20,18.45278,-65.44591,10.2,291.7,291.0,TOP FIVE,IMO9334478,ZCOR3,37,5,47,9,2.3,37,A
319619000,2022-01-06T04:43:30,18.45399,-65.44914,10.5,290.0,292.0,TOP FIVE,IMO9334478,ZCOR3,37,5,47,9,2.3,37,A
319619000,2022-01-06T04:50:31,18.46126,-65.46873,10.5,291.0,291.0,TOP FIVE,IMO9334478,ZCOR3,37,5,47,9,2.3,37,A
319619000,2022-01-06T03:33:09,18.37925,-65.25718,9.8,295.0,290.0,TOP FIVE,IMO9334478,ZCOR3,37,5,47,9,2.3,37,A
319619000,2022-01-06T04:48:11,18.45886,-65.46217,10.2,289.8,290.0,TOP FIVE,IMO9334478,ZCOR3,37,5,47,9,2.3,37,A
319619000,2022-01-06T03:34:10,18.38035,-65.25994,9.8,295.0,292.0,TOP FIVE,IMO9334478,ZCOR3,37,5,47,9,2.3,37,A
319619000,2022-01-06T04:44:40,18.45527,-65.45235,11.0,290.0,292.0,TOP FIVE,IMO9334478,ZCOR3,37,5,47,9,2.3,37,A
319619000,2022-01-06T04:49:20,18.46006,-65.46542,10.2,290.9,291.0,TOP FIVE,IMO9334478,ZCOR3,37,5,47,9,2.3,37,A
319619000,2022-01-06T04:58:51,18.47013,-65.49197,9.8,290.0,292.0,TOP FIVE,IMO9334478,ZCOR3,37,5,47,9,2.3,37,A
319619000,2022-01-06T05:00:31,18.47195,-65.49661,10.1,293.0,295.0,TOP FIVE,IMO9334478,ZCOR3,37,5,47,9,2.3,37,A
319619000,2022-01-06T04:51:41,18.46254,-65.47202,10.4,292.0,293.0,TOP FIVE,IMO9334478,ZCOR3,37,5,47,9,2.3,37,A
319619000,2022-01-06T05:06:31,18.47888,-65.51324,10.4,294.5,292.0,TOP FIVE,IMO9334478,ZCOR3,37,5,47,9,2.3,37,A
319619000,2022-01-06T04:52:51,18.46382,-65.47526,10.3,294.0,292.0,TOP FIVE,IMO9334478,ZCOR3,37,5,47,9,2.3,37,A
319619000,2022-01-06T04:14:11,18.42351,-65.36840,10.2,289.0,288.0,TOP FIVE,IMO9334478,ZCOR3,37,5,47,9,2.3,37,A
319619000,2022-01-06T05:01:40,18.47323,-65.49981,10.5,288.0,292.0,TOP FIVE,IMO9334478,ZCOR3,37,5,47,9,2.3,37,A
319619000,2022-01-06T04:15:20,18.42472,-65.37153,10.2,295.0,292.0,TOP FIVE,IMO9334478,ZCOR3,37,5,47,9,2.3,37,A
319619000,2022-01-06T05:04:00,18.47588,-65.50625,10.6,293.0,292.0,TOP FIVE,IMO9334478,ZCOR3,37,5,47,9,2.3,37,A
319619000,2022-01-06T05:07:40,18.48031,-65.51647,10.6,293.7,292.0,TOP FIVE,IMO9334478,ZCOR3,37,5,47,9,2.3,37,A
319619000,2022-01-06T05:17:51,18.49275,-65.54484,10.4,295.6,293.0,TOP FIVE,IMO9334478,ZCOR3,37,5,47,9,2.3,37,A
319619000,2022-01-06T05:12:10,18.48575,-65.52911,10.5,294.0,293.0,TOP FIVE,IMO9334478,ZCOR3,37,5,47,9,2.3,37,A
319619000,2022-01-06T04:57:40,18.46885,-65.48871,10.2,290.0,293.0,TOP FIVE,IMO9334478,ZCOR3,37,5,47,9,2.3,37,A
319619000,2022-01-06T05:16:40,18.49127,-65.54156,10.4,294.0,295.0,TOP FIVE,IMO9334478,ZCOR3,37,5,47,9,2.3,37,A
319619000,2022-01-06T04:59:59,18.47132,-65.49513,10.2,293.0,293.0,TOP FIVE,IMO9334478,ZCOR3,37,5,47,9,2.3,37,A
319619000,2022-01-06T05:19:01,18.49417,-65.54805,9.9,294.0,294.0,TOP FIVE,IMO9334478,ZCOR3,37,5,47,9,2.3,37,A
319619000,2022-01-06T03:50:40,18.39834,-65.30536,9.9,289.0,291.0,TOP FIVE,IMO9334478,ZCOR3,37,5,47,9,2.3,37,A
319619000,2022-01-06T04:24:40,18.43465,-65.39706,10.1,292.0,290.0,TOP FIVE,IMO9334478,ZCOR3,37,5,47,9,2.3,37,A
319619000,2022-01-06T05:05:21,18.47745,-65.50999,10.2,293.5,294.0,TOP FIVE,IMO9334478,ZCOR3,37,5,47,9,2.3,37,A
319619000,2022-01-06T04:30:30,18.44076,-65.41306,10.1,294.0,291.0,TOP FIVE,IMO9334478,ZCOR3,37,5,47,9,2.3,37,A
319619000,2022-01-06T03:57:40,18.40600,-65.32420,9.8,294.0,290.0,TOP FIVE,IMO9334478,ZCOR3,37,5,47,9,2.3,37,A
319619000,2022-01-06T05:23:41,18.49993,-65.56088,10.4,295.6,294.0,TOP FIVE,IMO9334478,ZCOR3,37,5,47,9,2.3,37,A
319619000,2022-01-06T05:30:50,18.50843,-65.58048,10.2,294.8,293.0,TOP FIVE,IMO9334478,ZCOR3,37,5,47,9,2.3,37,A
319619000,2022-01-06T05:13:20,18.48726,-65.53238,10.4,296.6,295.0,TOP FIVE,IMO9334478,ZCOR3,37,5,47,9,2.3,37,A
319619000,2022-01-06T05:34:11,18.51233,-65.58933,10.2,296.0,294.0,TOP FIVE,IMO9334478,ZCOR3,37,5,47,9,2.3,37,A
319619000,2022-01-06T05:14:30,18.48868,-65.53557,10.5,294.6,293.0,TOP FIVE,IMO9334478,ZCOR3,37,5,47,9,2.3,37,A
319619000,2022-01-06T05:40:20,18.51997,-65.60631,10.5,296.0,292.0,TOP FIVE,IMO9334478,ZCOR3,37,5,47,9,2.3,37,A
319619000,2022-01-06T04:02:21,18.41090,-65.33673,9.9,292.9,289.0,TOP FIVE,IMO9334478,ZCOR3,37,5,47,9,2.3,37,A
319619000,2022-01-06T05:39:11,18.51854,-65.60320,10.4,295.0,291.0,TOP FIVE,IMO9334478,ZCOR3,37,5,47,9,2.3,37,A
319619000,2022-01-06T05:28:20,18.50548,-65.57361,9.9,297.0,292.0,TOP FIVE,IMO9334478,ZCOR3,37,5,47,9,2.3,37,A
319619000,2022-01-06T05:29:40,18.50708,-65.57729,11.0,296.0,291.0,TOP FIVE,IMO9334478,ZCOR3,37,5,47,9,2.3,37,A
319619000,2022-01-06T05:32:00,18.50985,-65.58370,10.4,294.7,290.0,TOP FIVE,IMO9334478,ZCOR3,37,5,47,9,2.3,37,A
319619000,2022-01-06T05:21:20,18.49700,-65.55416,10.6,293.0,292.0,TOP FIVE,IMO9334478,ZCOR3,37,5,47,9,2.3,37,A
319619000,2022-01-06T05:43:41,18.52380,-65.61558,10.2,292.8,291.0,TOP FIVE,IMO9334478,ZCOR3,37,5,47,9,2.3,37,A
319619000,2022-01-06T05:42:30,18.52241,-65.61233,10.4,295.0,290.0,TOP FIVE,IMO9334478,ZCOR3,37,5,47,9,2.3,37,A
319619000,2022-01-06T04:39:51,18.45018,-65.43889,9.8,294.0,292.0,TOP FIVE,IMO9334478,ZCOR3,37,5,47,9,2.3,37,A
319619000,2022-01-06T05:22:29,18.49847,-65.55764,10.3,295.0,292.0,TOP FIVE,IMO9334478,ZCOR3,37,5,47,9,2.3,37,A
319619000,2022-01-06T04:41:01,18.45141,-65.44221,10.5,292.0,291.0,TOP FIVE,IMO9334478,ZCOR3,37,5,47,9,2.3,37,A
319619000,2022-01-06T05:35:20,18.51383,-65.59273,10.5,294.0,290.0,TOP FIVE,IMO9334478,ZCOR3,37,5,47,9,2.3,37,A
319619000,2022-01-06T05:47:09,18.52774,-65.62521,10.3,297.0,290.0,TOP FIVE,IMO9334478,ZCOR3,37,5,47,9,2.3,37,A
319619000,2022-01-06T05:36:30,18.51519,-65.59592,10.4,296.0,293.0,TOP FIVE,IMO9334478,ZCOR3,37,5,47,9,2.3,37,A
319619000,2022-01-06T05:37:41,18.51667,-65.59915,10.3,295.0,294.0,TOP FIVE,IMO9334478,ZCOR3,37,5,47,9,2.3,37,A
319619000,2022-01-06T05:27:09,18.50408,-65.57040,10.3,296.1,294.0,TOP FIVE,IMO9334478,ZCOR3,37,5,47,9,2.3,37,A
319619000,2022-01-06T04:45:50,18.45642,-65.45560,10.2,289.8,289.0,TOP FIVE,IMO9334478,ZCOR3,37,5,47,9,2.3,37,A
319619000,2022-01-06T05:49:30,18.53047,-65.63171,9.8,291.0,290.0,TOP FIVE,IMO9334478,ZCOR3,37,5,47,9,2.3,37,A
319619000,2022-01-06T05:33:10,18.51120,-65.58683,10.2,294.6,293.0,TOP FIVE,IMO9334478,ZCOR3,37,5,47,9,2.3,37,A
319619000,2022-01-06T05:55:01,18.53678,-65.64709,10.5,293.0,287.0,TOP FIVE,IMO9334478,ZCOR3,37,5,47,9,2.3,37,A
319619000,2022-01-06T05:58:20,18.54038,-65.65642,10.5,293.1,286.0,TOP FIVE,IMO9334478,ZCOR3,37,5,47,9,2.3,37,A
319619000,2022-01-06T05:59:31,18.54166,-65.65974,10.4,291.4,286.0,TOP FIVE,IMO9334478,ZCOR3,37,5,47,9,2.3,37,A
319619000,2022-01-06T05:48:21,18.52913,-65.62853,9.9,293.0,291.0,TOP FIVE,IMO9334478,ZCOR3,37,5,47,9,2.3,37,A
319619000,2022-01-06T05:50:31,18.53167,-65.63452,10.4,293.0,292.0,TOP FIVE,IMO9334478,ZCOR3,37,5,47,9,2.3,37,A
319619000,2022-01-06T06:06:00,18.54843,-65.67825,10.2,293.0,289.0,TOP FIVE,IMO9334478,ZCOR3,37,5,47,9,2.3,37,A
319619000,2022-01-06T04:56:30,18.46765,-65.48548,10.5,291.0,291.0,TOP FIVE,IMO9334478,ZCOR3,37,5,47,9,2.3,37,A
319619000,2022-01-06T05:53:50,18.53548,-65.64378,11.0,294.0,288.0,TOP FIVE,IMO9334478,ZCOR3,37,5,47,9,2.3,37,A
319619000,2022-01-06T05:44:50,18.52509,-65.61875,9.9,292.0,289.0,TOP FIVE,IMO9334478,ZCOR3,37,5,47,9,2.3,37,A
319619000,2022-01-06T05:02:50,18.47452,-65.50303,10.4,292.6,293.0,TOP FIVE,IMO9334478,ZCOR3,37,5,47,9,2.3,37,A
319619000,2022-01-06T06:16:31,18.55916,-65.70816,10.3,292.0,284.0,TOP FIVE,IMO9334478,ZCOR3,37,5,47,9,2.3,37,A
319619000,2022-01-06T06:20:01,18.56294,-65.71836,10.4,290.4,287.0,TOP FIVE,IMO9334478,ZCOR3,37,5,47,9,2.3,37,A
319619000,2022-01-06T06:17:41,18.56052,-65.71169,10.3,292.0,288.0,TOP FIVE,IMO9334478,ZCOR3,37,5,47,9,2.3,37,A
319619000,2022-01-06T06:22:11,18.56525,-65.72455,10.5,291.0,288.0,TOP FIVE,IMO9334478,ZCOR3,37,5,47,9,2.3,37,A
319619000,2022-01-06T05:08:41,18.48153,-65.51935,10.5,295.0,292.0,TOP FIVE,IMO9334478,ZCOR3,37,5,47,9,2.3,37,A
319619000,2022-01-06T06:13:10,18.55586,-65.69876,10.5,289.0,284.0,TOP FIVE,IMO9334478,ZCOR3,37,5,47,9,2.3,37,A
319619000,2022-01-06T06:01:20,18.54361,-65.66490,10.4,291.0,288.0,TOP FIVE,IMO9334478,ZCOR3,37,5,47,9,2.3,37,A
319619000,2022-01-06T06:24:31,18.56767,-65.73117,10.4,292.0,287.0,TOP FIVE,IMO9334478,ZCOR3,37,5,47,9,2.3,37,A
319619000,2022-01-06T06:10:51,18.55348,-65.69205,10.3,288.0,285.0,TOP FIVE,IMO9334478,ZCOR3,37,5,47,9,2.3,37,A
319619000,2022-01-06T04:36:21,18.44676,-65.42924,10.5,288.0,292.0,TOP FIVE,IMO9334478,ZCOR3,37,5,47,9,2.3,37,A
319619000,2022-01-06T06:28:00,18.57135,-65.74104,10.5,295.0,286.0,TOP FIVE,IMO9334478,ZCOR3,37,5,47,9,2.3,37,A
319619000,2022-01-06T06:29:11,18.57264,-65.74437,10.5,291.0,286.0,TOP FIVE,IMO9334478,ZCOR3,37,5,47,9,2.3,37,A
319619000,2022-01-06T06:15:20,18.55815,-65.70491,10.4,290.4,284.0,TOP FIVE,IMO9334478,ZCOR3,37,5,47,9,2.3,37,A
319619000,2022-01-06T06:31:31,18.57510,-65.75084,10.3,291.0,287.0,TOP FIVE,IMO9334478,ZCOR3,37,5,47,9,2.3,37,A
319619000,2022-01-06T06:30:20,18.57392,-65.74759,10.3,292.0,285.0,TOP FIVE,IMO9334478,ZCOR3,37,5,47,9,2.3,37,A
319619000,2022-01-06T06:18:51,18.56175,-65.71502,10.5,291.0,285.0,TOP FIVE,IMO9334478,ZCOR3,37,5,47,9,2.3,37,A
319619000,2022-01-06T06:36:10,18.57997,-65.76386,10.4,292.1,287.0,TOP FIVE,IMO9334478,ZCOR3,37,5,47,9,2.3,37,A
319619000,2022-01-06T06:21:10,18.56416,-65.72164,10.6,290.3,286.0,TOP FIVE,IMO9334478,ZCOR3,37,5,47,9,2.3,37,A
319619000,2022-01-06T06:12:00,18.55450,-65.69516,10.9,291.0,283.0,TOP FIVE,IMO9334478,ZCOR3,37,5,47,9,2.3,37,A
319619000,2022-01-06T06:25:41,18.56889,-65.73449,10.3,291.4,286.0,TOP FIVE,IMO9334478,ZCOR3,37,5,47,9,2.3,37,A
319619000,2022-01-06T06:40:10,18.58414,-65.77492,10.0,291.1,286.0,TOP FIVE,IMO9334478,ZCOR3,37,5,47,9,2.3,37,A
319619000,2022-01-06T06:39:00,18.58294,-65.77172,9.8,292.0,291.0,TOP FIVE,IMO9334478,ZCOR3,37,5,47,9,2.3,37,A
319619000,2022-01-06T06:14:11,18.55692,-65.70163,10.1,290.0,287.0,TOP FIVE,IMO9334478,ZCOR3,37,5,47,9,2.3,37,A
319619000,2022-01-06T05:20:10,18.49560,-65.55120,10.6,295.0,291.0,TOP FIVE,IMO9334478,ZCOR3,37,5,47,9,2.3,37,A
319619000,2022-01-06T06:48:10,18.59290,-65.79714,10.5,292.6,286.0,TOP FIVE,IMO9334478,ZCOR3,37,5,47,9,2.3,37,A
319619000,2022-01-06T06:45:51,18.59038,-65.79072,10.2,291.0,287.0,TOP FIVE,IMO9334478,ZCOR3,37,5,47,9,2.3,37,A
319619000,2022-01-06T06:32:41,18.57633,-65.75407,10.0,291.3,287.0,TOP FIVE,IMO9334478,ZCOR3,37,5,47,9,2.3,37,A
319619000,2022-01-06T05:24:50,18.50132,-65.56399,10.2,294.5,292.0,TOP FIVE,IMO9334478,ZCOR3,37,5,47,9,2.3,37,A
319619000,2022-01-06T05:26:01,18.50268,-65.56723,9.9,293.0,292.0,TOP FIVE,IMO9334478,ZCOR3,37,5,47,9,2.3,37,A
319619000,2022-01-06T06:51:47,18.59702,-65.80689,9.7,293.0,286.0,TOP FIVE,IMO9334478,ZCOR3,37,5,47,9,2.3,37,A
319619000,2022-01-06T06:43:40,18.58798,-65.78473,11.0,295.0,289.0,TOP FIVE,IMO9334478,ZCOR3,37,5,47,9,2.3,37,A
319619000,2022-01-06T06:58:39,18.60493,-65.82526,9.9,295.5,290.0,TOP FIVE,IMO9334478,ZCOR3,37,5,47,9,2.3,37,A
319619000,2022-01-06T06:56:28,18.60242,-65.81938,10.0,293.7,287.0,TOP FIVE,IMO9334478,ZCOR3,37,5,47,9,2.3,37,A
319619000,2022-01-06T06:57:38,18.60372,-65.82254,10.4,295.0,287.0,TOP FIVE,IMO9334478,ZCOR3,37,5,47,9,2.3,37,A
319619000,2022-01-06T06:59:47,18.60631,-65.82820,9.8,293.0,288.0,TOP FIVE,IMO9334478,ZCOR3,37,5,47,9,2.3,37,A
319619000,2022-01-06T06:47:00,18.59164,-65.79389,9.7,291.0,287.0,TOP FIVE,IMO9334478,ZCOR3,37,5,47,9,2.3,37,A
319619000,2022-01-06T06:33:51,18.57757,-65.75734,10.2,291.5,285.0,TOP FIVE,IMO9334478,ZCOR3,37,5,47,9,2.3,37,A
319619000,2022-01-06T07:08:38,18.61686,-65.85144,9.8,297.0,289.0,TOP FIVE,IMO9334478,ZCOR3,37,5,47,9,2.3,37,A
319619000,2022-01-06T06:52:57,18.59836,-65.81002,10.1,293.6,285.0,TOP FIVE,IMO9334478,ZCOR3,37,5,47,9,2.3,37,A
319619000,2022-01-06T07:12:08,18.62120,-65.86066,9.8,293.0,288.0,TOP FIVE,IMO9334478,ZCOR3,37,5,47,9,2.3,37,A
319619000,2022-01-06T07:10:58,18.61978,-65.85755,9.7,295.0,290.0,TOP FIVE,IMO9334478,ZCOR3,37,5,47,9,2.3,37,A
319619000,2022-01-06T07:13:18,18.62258,-65.86357,9.9,297.6,289.0,TOP FIVE,IMO9334478,ZCOR3,37,5,47,9,2.3,37,A
319619000,2022-01-06T07:15:39,18.62546,-65.87002,10.4,294.0,290.0,TOP FIVE,IMO9334478,ZCOR3,37,5,47,9,2.3,37,A
319619000,2022-01-06T06:42:29,18.58666,-65.78143,10.0,294.0,289.0,TOP FIVE,IMO9334478,ZCOR3,37,5,47,9,2.3,37,A
319619000,2022-01-06T07:14:28,18.62410,-65.86682,9.9,295.9,288.0,TOP FIVE,IMO9334478,ZCOR3,37,5,47,9,2.3,37,A
319619000,2022-01-06T05:41:21,18.52108,-65.60914,10.3,292.0,289.0,TOP FIVE,IMO9334478,ZCOR3,37,5,47,9,2.3,37,A
319619000,2022-01-06T06:44:41,18.58909,-65.78749,9.9,290.0,287.0,TOP FIVE,IMO9334478,ZCOR3,37,5,47,9,2.3,37,A
319619000,2022-01-06T07:00:28,18.60683,-65.82966,10.0,295.3,289.0,TOP FIVE,IMO9334478,ZCOR3,37,5,47,9,2.3,37,A
319619000,2022-01-06T07:17:57,18.62815,-65.87629,9.8,294.0,288.0,TOP FIVE,IMO9334478,ZCOR3,37,5,47,9,2.3,37,A
319619000,2022-01-06T07:21:28,18.63195,-65.88587,10.9,296.0,285.0,TOP FIVE,IMO9334478,ZCOR3,37,5,47,9,2.3,37,A
319619000,2022-01-06T07:22:39,18.63314,-65.88916,9.8,292.0,286.0,TOP FIVE,IMO9334478,ZCOR3,37,5,47,9,2.3,37,A
319619000,2022-01-06T05:09:51,18.48295,-65.52261,10.5,294.2,292.0,TOP FIVE,IMO9334478,ZCOR3,37,5,47,9,2.3,37,A
319619000,2022-01-06T06:50:28,18.59546,-65.80339,9.8,292.0,288.0,TOP FIVE,IMO9334478,ZCOR3,37,5,47,9,2.3,37,A
319619000,2022-01-06T05:11:00,18.48435,-65.52583,10.6,295.1,292.0,TOP FIVE,IMO9334478,ZCOR3,37,5,47,9,2.3,37,A
319619000,2022-01-06T07:23:48,18.63433,-65.89200,10.3,298.0,286.0,TOP FIVE,IMO9334478,ZCOR3,37,5,47,9,2.3,37,A
319619000,2022-01-06T07:24:58,18.63561,-65.89554,10.3,290.2,285.0,TOP FIVE,IMO9334478,ZCOR3,37,5,47,9,2.3,37,A
319619000,2022-01-06T06:55:18,18.60112,-65.81626,9.9,293.1,286.0,TOP FIVE,IMO9334478,ZCOR3,37,5,47,9,2.3,37,A
319619000,2022-01-06T05:15:31,18.48988,-65.53837,9.8,296.0,294.0,TOP FIVE,IMO9334478,ZCOR3,37,5,47,9,2.3,37,A
319619000,2022-01-06T07:33:19,18.64381,-65.91867,9.9,288.0,283.0,TOP FIVE,IMO9334478,ZCOR3,37,5,47,9,2.3,37,A
319619000,2022-01-06T05:56:09,18.53783,-65.65000,10.4,292.0,286.0,TOP FIVE,IMO9334478,ZCOR3,37,5,47,9,2.3,37,A
319619000,2022-01-06T05:57:10,18.53900,-65.65300,10.4,291.0,287.0,TOP FIVE,IMO9334478,ZCOR3,37,5,47,9,2.3,37,A
319619000,2022-01-06T07:43:39,18.65374,-65.94748,10.0,288.9,285.0,TOP FIVE,IMO9334478,ZCOR3,37,5,47,9,2.3,37,A
319619000,2022-01-06T07:41:18,18.65152,-65.94093,10.5,290.0,287.0,TOP FIVE,IMO9334478,ZCOR3,37,5,47,9,2.3,37,A
319619000,2022-01-06T07:26:09,18.63682,-65.89880,11.1,289.0,286.0,TOP FIVE,IMO9334478,ZCOR3,37,5,47,9,2.3,37,A
319619000,2022-01-06T07:42:28,18.65250,-65.94400,10.5,292.0,284.0,TOP FIVE,IMO9334478,ZCOR3,37,5,47,9,2.3,37,A
319619000,2022-01-06T07:47:59,18.65803,-65.95931,9.7,291.0,287.0,TOP FIVE,IMO9334478,ZCOR3,37,5,47,9,2.3,37,A
319619000,2022-01-06T07:29:48,18.64040,-65.90892,10.2,288.4,283.0,TOP FIVE,IMO9334478,ZCOR3,37,5,47,9,2.3,37,A
319619000,2022-01-06T06:02:31,18.54485,-65.66827,10.2,293.0,288.0,TOP FIVE,IMO9334478,ZCOR3,37,5,47,9,2.3,37,A
319619000,2022-01-06T07:32:08,18.64266,-65.91531,10.0,291.7,286.0,TOP FIVE,IMO9334478,ZCOR3,37,5,47,9,2.3,37,A
319619000,2022-01-06T07:16:48,18.62682,-65.87311,10.2,293.8,287.0,TOP FIVE,IMO9334478,ZCOR3,37,5,47,9,2.3,37,A
319619000,2022-01-06T07:49:08,18.65900,-65.96216,9.1,289.0,286.0,TOP FIVE,IMO9334478,ZCOR3,37,5,47,9,2.3,37,A
319619000,2022-01-06T06:03:41,18.54608,-65.67159,10.6,288.0,284.0,TOP FIVE,IMO9334478,ZCOR3,37,5,47,9,2.3,37,A
319619000,2022-01-06T06:04:51,18.54723,-65.67494,10.4,293.0,286.0,TOP FIVE,IMO9334478,ZCOR3,37,5,47,9,2.3,37,A
319619000,2022-01-06T07:50:18,18.66035,-65.96562,10.0,290.9,287.0,TOP FIVE,IMO9334478,ZCOR3,37,5,47,9,2.3,37,A
319619000,2022-01-06T07:53:48,18.66392,-65.97506,10.1,290.7,286.0,TOP FIVE,IMO9334478,ZCOR3,37,5,47,9,2.3,37,A
319619000,2022-01-06T07:37:57,18.64829,-65.93169,9.9,290.0,286.0,TOP FIVE,IMO9334478,ZCOR3,37,5,47,9,2.3,37,A
319619000,2022-01-06T06:08:30,18.55099,-65.68534,10.4,289.9,287.0,TOP FIVE,IMO9334478,ZCOR3,37,5,47,9,2.3,37,A
319619000,2022-01-06T07:27:19,18.63804,-65.90200,10.4,290.0,285.0,TOP FIVE,IMO9334478,ZCOR3,37,5,47,9,2.3,37,A
319619000,2022-01-06T07:56:08,18.66632,-65.98137,10.3,293.0,287.0,TOP FIVE,IMO9334478,ZCOR3,37,5,47,9,2.3,37,A
319619000,2022-01-06T07:44:48,18.65487,-65.95068,9.9,291.0,287.0,TOP FIVE,IMO9334478,ZCOR3,37,5,47,9,2.3,37,A
319619000,2022-01-06T08:01:28,18.67194,-65.99591,9.5,293.0,287.0,TOP FIVE,IMO9334478,ZCOR3,37,5,47,9,2.3,37,A
319619000,2022-01-06T07:34:28,18.64466,-65.92166,9.5,291.0,285.0,TOP FIVE,IMO9334478,ZCOR3,37,5,47,9,2.3,37,A
319619000,2022-01-06T08:02:38,18.67316,-65.99902,10.1,292.1,288.0,TOP FIVE,IMO9334478,ZCOR3,37,5,47,9,2.3,37,A
319619000,2022-01-06T07:36:48,18.64712,-65.92843,10.2,289.5,286.0,TOP FIVE,IMO9334478,ZCOR3,37,5,47,9,2.3,37,A
319619000,2022-01-06T08:11:48,18.68278,-66.02422,9.8,292.0,288.0,TOP FIVE,IMO9334478,ZCOR3,37,5,47,9,2.3,37,A
319619000,2022-01-06T07:52:37,18.66269,-65.97187,9.8,292.0,288.0,TOP FIVE,IMO9334478,ZCOR3,37,5,47,9,2.3,37,A
319619000,2022-01-06T05:46:01,18.52645,-65.62205,10.4,293.1,292.0,TOP FIVE,IMO9334478,ZCOR3,37,5,47,9,2.3,37,A
319619000,2022-01-06T06:23:21,18.56646,-65.72784,10.5,290.2,284.0,TOP FIVE,IMO9334478,ZCOR3,37,5,47,9,2.3,37,A
319619000,2022-01-06T07:57:19,18.66754,-65.98457,9.9,292.0,287.0,TOP FIVE,IMO9334478,ZCOR3,37,5,47,9,2.3,37,A
319619000,2022-01-06T08:16:19,18.68740,-66.03657,9.9,288.0,286.0,TOP FIVE,IMO9334478,ZCOR3,37,5,47,9,2.3,37,A
319619000,2022-01-06T08:17:29,18.68858,-66.03981,9.7,290.0,290.0,TOP FIVE,IMO9334478,ZCOR3,37,5,47,9,2.3,37,A
319619000,2022-01-06T08:00:19,18.67072,-65.99277,10.1,291.0,287.0,TOP FIVE,IMO9334478,ZCOR3,37,5,47,9,2.3,37,A
319619000,2022-01-06T05:51:40,18.53299,-65.63773,10.4,293.0,289.0,TOP FIVE,IMO9334478,ZCOR3,37,5,47,9,2.3,37,A
319619000,2022-01-06T07:45:49,18.65589,-65.95341,9.9,290.5,286.0,TOP FIVE,IMO9334478,ZCOR3,37,5,47,9,2.3,37,A
319619000,2022-01-06T05:52:41,18.53415,-65.64058,9.9,292.0,290.0,TOP FIVE,IMO9334478,ZCOR3,37,5,47,9,2.3,37,A
319619000,2022-01-06T08:15:07,18.68618,-66.03327,10.4,288.0,286.0,TOP FIVE,IMO9334478,ZCOR3,37,5,47,9,2.3,37,A
319619000,2022-01-06T08:05:59,18.67674,-66.00814,9.6,291.0,286.0,TOP FIVE,IMO9334478,ZCOR3,37,5,47,9,2.3,37,A
319619000,2022-01-06T08:08:17,18.67917,-66.01448,10.1,290.0,286.0,TOP FIVE,IMO9334478,ZCOR3,37,5,47,9,2.3,37,A
319619000,2022-01-06T08:07:08,18.67795,-66.01132,10.8,294.0,287.0,TOP FIVE,IMO9334478,ZCOR3,37,5,47,9,2.3,37,A
319619000,2022-01-06T08:19:48,18.69112,-66.04621,10.0,293.0,289.0,TOP FIVE,IMO9334478,ZCOR3,37,5,47,9,2.3,37,A
319619000,2022-01-06T08:09:28,18.68038,-66.01776,10.0,291.9,286.0,TOP FIVE,IMO9334478,ZCOR3,37,5,47,9,2.3,37,A
319619000,2022-01-06T06:37:51,18.58170,-65.76856,10.1,290.0,286.0,TOP FIVE,IMO9334478,ZCOR3,37,5,47,9,2.3,37,A
319619000,2022-01-06T08:13:57,18.68502,-66.03009,10.3,291.0,289.0,TOP FIVE,IMO9334478,ZCOR3,37,5,47,9,2.3,37,A
319619000,2022-01-06T07:59:38,18.67000,-65.99089,9.9,292.7,288.0,TOP FIVE,IMO9334478,ZCOR3,37,5,47,9,2.3,37,A
319619000,2022-01-06T06:07:20,18.54980,-65.68199,10.5,291.0,285.0,TOP FIVE,IMO9334478,ZCOR3,37,5,47,9,2.3,37,A
319619000,2022-01-06T08:18:38,18.68979,-66.04299,10.5,288.0,290.0,TOP FIVE,IMO9334478,ZCOR3,37,5,47,9,2.3,37,A
319619000,2022-01-06T06:09:41,18.55227,-65.68871,10.4,291.1,287.0,TOP FIVE,IMO9334478,ZCOR3,37,5,47,9,2.3,37,A
319619000,2022-01-06T08:28:58,18.70101,-66.07123,10.4,288.0,288.0,TOP FIVE,IMO9334478,ZCOR3,37,5,47,9,2.3,37,A
319619000,2022-01-06T08:35:59,18.70850,-66.09016,9.9,286.0,287.0,TOP FIVE,IMO9334478,ZCOR3,37,5,47,9,2.3,37,A
319619000,2022-01-06T08:23:08,18.69470,-66.05529,10.1,293.5,289.0,TOP FIVE,IMO9334478,ZCOR3,37,5,47,9,2.3,37,A
319619000,2022-01-06T06:49:20,18.59417,-65.80036,10.3,291.6,286.0,TOP FIVE,IMO9334478,ZCOR3,37,5,47,9,2.3,37,A
319619000,2022-01-06T08:24:19,18.69602,-66.05849,10.9,295.0,288.0,TOP FIVE,IMO9334478,ZCOR3,37,5,47,9,2.3,37,A
319619000,2022-01-06T08:41:39,18.71499,-66.10590,10.4,291.0,287.0,TOP FIVE,IMO9334478,ZCOR3,37,5,47,9,2.3,37,A
319619000,2022-01-06T08:45:19,18.71920,-66.11598,10.3,296.0,290.0,TOP FIVE,IMO9334478,ZCOR3,37,5,47,9,2.3,37,A
319619000,2022-01-06T08:25:28,18.69722,-66.06160,10.3,295.0,289.0,TOP FIVE,IMO9334478,ZCOR3,37,5,47,9,2.3,37,A
319619000,2022-01-06T08:30:07,18.70222,-66.07440,10.3,293.0,290.0,TOP FIVE,IMO9334478,ZCOR3,37,5,47,9,2.3,37,A
319619000,2022-01-06T08:26:38,18.69849,-66.06477,10.5,290.0,289.0,TOP FIVE,IMO9334478,ZCOR3,37,5,47,9,2.3,37,A
319619000,2022-01-06T08:27:49,18.69977,-66.06801,10.0,294.4,291.0,TOP FIVE,IMO9334478,ZCOR3,37,5,47,9,2.3,37,A
319619000,2022-01-06T08:40:27,18.71368,-66.10258,10.2,290.0,287.0,TOP FIVE,IMO9334478,ZCOR3,37,5,47,9,2.3,37,A
319619000,2022-01-06T08:33:39,18.70607,-66.08397,9.8,290.0,290.0,TOP FIVE,IMO9334478,ZCOR3,37,5,47,9,2.3,37,A
319619000,2022-01-06T08:34:49,18.70736,-66.08719,9.9,294.4,291.0,TOP FIVE,IMO9334478,ZCOR3,37,5,47,9,2.3,37,A
319619000,2022-01-06T08:32:29,18.70466,-66.08066,10.2,294.0,289.0,TOP FIVE,IMO9334478,ZCOR3,37,5,47,9,2.3,37,A
319619000,2022-01-06T08:49:58,18.72446,-66.12875,10.4,293.6,287.0,TOP FIVE,IMO9334478,ZCOR3,37,5,47,9,2.3,37,A
319619000,2022-01-06T08:42:58,18.71633,-66.10933,10.6,291.0,288.0,TOP FIVE,IMO9334478,ZCOR3,37,5,47,9,2.3,37,A
319619000,2022-01-06T06:26:50,18.57009,-65.73782,10.5,291.0,286.0,TOP FIVE,IMO9334478,ZCOR3,37,5,47,9,2.3,37,A
319619000,2022-01-06T09:03:09,18.73929,-66.16481,10.3,291.0,288.0,TOP FIVE,IMO9334478,ZCOR3,37,5,47,9,2.3,37,A
319619000,2022-01-06T08:59:28,18.73514,-66.15486,10.2,292.0,288.0,TOP FIVE,IMO9334478,ZCOR3,37,5,47,9,2.3,37,A
319619000,2022-01-06T07:01:39,18.60852,-65.83317,10.1,295.0,288.0,TOP FIVE,IMO9334478,ZCOR3,37,5,47,9,2.3,37,A
319619000,2022-01-06T08:31:18,18.70349,-66.07761,10.1,291.9,288.0,TOP FIVE,IMO9334478,ZCOR3,37,5,47,9,2.3,37,A
319619000,2022-01-06T08:51:09,18.72566,-66.13183,10.2,292.0,289.0,TOP FIVE,IMO9334478,ZCOR3,37,5,47,9,2.3,37,A
319619000,2022-01-06T09:01:59,18.73805,-66.16170,9.8,294.0,290.0,TOP FIVE,IMO9334478,ZCOR3,37,5,47,9,2.3,37,A
319619000,2022-01-06T08:48:48,18.72311,-66.12558,10.6,293.0,291.0,TOP FIVE,IMO9334478,ZCOR3,37,5,47,9,2.3,37,A
319619000,2022-01-06T09:10:09,18.74700,-66.18350,9.8,293.0,290.0,TOP FIVE,IMO9334478,ZCOR3,37,5,47,9,2.3,37,A
319619000,2022-01-06T08:53:38,18.72862,-66.13888,10.2,291.7,290.0,TOP FIVE,IMO9334478,ZCOR3,37,5,47,9,2.3,37,A
319619000,2022-01-06T06:35:01,18.57866,-65.76050,10.1,290.0,286.0,TOP FIVE,IMO9334478,ZCOR3,37,5,47,9,2.3,37,A
319619000,2022-01-06T09:05:28,18.74192,-66.17122,10.5,292.0,291.0,TOP FIVE,IMO9334478,ZCOR3,37,5,47,9,2.3,37,A
319619000,2022-01-06T09:15:58,18.75369,-66.19946,10.4,295.0,289.0,TOP FIVE,IMO9334478,ZCOR3,37,5,47,9,2.3,37,A
319619000,2022-01-06T08:37:07,18.70989,-66.09345,10.0,293.6,289.0,TOP FIVE,IMO9334478,ZCOR3,37,5,47,9,2.3,37,A
319619000,2022-01-06T08:54:48,18.72993,-66.14203,10.0,292.5,289.0,TOP FIVE,IMO9334478,ZCOR3,37,5,47,9,2.3,37,A
319619000,2022-01-06T08:38:08,18.71109,-66.09623,10.0,293.6,289.0,TOP FIVE,IMO9334478,ZCOR3,37,5,47,9,2.3,37,A
319619000,2022-01-06T06:41:21,18.58539,-65.77823,10.3,292.8,288.0,TOP FIVE,IMO9334478,ZCOR3,37,5,47,9,2.3,37,A
319619000,2022-01-06T08:39:18,18.71239,-66.09948,10.5,293.0,287.0,TOP FIVE,IMO9334478,ZCOR3,37,5,47,9,2.3,37,A
319619000,2022-01-06T09:11:19,18.74847,-66.18697,10.0,293.3,290.0,TOP FIVE,IMO9334478,ZCOR3,37,5,47,9,2.3,37,A
319619000,2022-01-06T09:21:48,18.76016,-66.21546,11.1,292.0,289.0,TOP FIVE,IMO9334478,ZCOR3,37,5,47,9,2.3,37,A
319619000,2022-01-06T09:12:28,18.74981,-66.19004,10.3,289.0,287.0,TOP FIVE,IMO9334478,ZCOR3,37,5,47,9,2.3,37,A
319619000,2022-01-06T08:44:08,18.71782,-66.11273,10.5,292.0,289.0,TOP FIVE,IMO9334478,ZCOR3,37,5,47,9,2.3,37,A
319619000,2022-01-06T08:46:27,18.72046,-66.11917,10.9,293.0,286.0,TOP FIVE,IMO9334478,ZCOR3,37,5,47,9,2.3,37,A
319619000,2022-01-06T09:08:58,18.74580,-66.18065,9.7,289.0,290.0,TOP FIVE,IMO9334478,ZCOR3,37,5,47,9,2.3,37,A
319619000,2022-01-06T06:54:07,18.59966,-65.81300,10.4,296.0,287.0,TOP FIVE,IMO9334478,ZCOR3,37,5,47,9,2.3,37,A
319619000,2022-01-06T09:25:07,18.76385,-66.22459,10.3,292.4,287.0,TOP FIVE,IMO9334478,ZCOR3,37,5,47,9,2.3,37,A
319619000,2022-01-06T09:28:39,18.76759,-66.23436,10.1,291.4,285.0,TOP FIVE,IMO9334478,ZCOR3,37,5,47,9,2.3,37,A
319619000,2022-01-06T07:30:59,18.64155,-65.91220,10.8,287.0,284.0,TOP FIVE,IMO9334478,ZCOR3,37,5,47,9,2.3,37,A
319619000,2022-01-06T09:13:38,18.75109,-66.19317,10.4,294.0,287.0,TOP FIVE,IMO9334478,ZCOR3,37,5,47,9,2.3,37,A
319619000,2022-01-06T08:58:19,18.73384,-66.15172,10.3,291.9,289.0,TOP FIVE,IMO9334478,ZCOR3,37,5,47,9,2.3,37,A
319619000,2022-01-06T09:41:47,18.78153,-66.27097,10.4,297.0,288.0,TOP FIVE,IMO9334478,ZCOR3,37,5,47,9,2.3,37,A
319619000,2022-01-06T09:17:07,18.75500,-66.20265,10.3,291.4,285.0,TOP FIVE,IMO9334478,ZCOR3,37,5,47,9,2.3,37,A
319619000,2022-01-06T09:04:19,18.74060,-66.16809,10.4,292.0,291.0,TOP FIVE,IMO9334478,ZCOR3,37,5,47,9,2.3,37,A
319619000,2022-01-06T07:09:49,18.61816,-65.85433,10.1,295.0,288.0,TOP FIVE,IMO9334478,ZCOR3,37,5,47,9,2.3,37,A
319619000,2022-01-06T09:06:38,18.74320,-66.17437,9.8,292.5,287.0,TOP FIVE,IMO9334478,ZCOR3,37,5,47,9,2.3,37,A
319619000,2022-01-06T09:36:59,18.77633,-66.25750,10.2,289.0,287.0,TOP FIVE,IMO9334478,ZCOR3,37,5,47,9,2.3,37,A
319619000,2022-01-06T07:38:58,18.64930,-65.93445,9.7,289.0,285.0,TOP FIVE,IMO9334478,ZCOR3,37,5,47,9,2.3,37,A
319619000,2022-01-06T09:38:08,18.77759,-66.26085,10.1,291.0,291.0,TOP FIVE,IMO9334478,ZCOR3,37,5,47,9,2.3,37,A
319619000,2022-01-06T07:40:09,18.65039,-65.93776,9.1,286.0,285.0,TOP FIVE,IMO9334478,ZCOR3,37,5,47,9,2.3,37,A
319619000,2022-01-06T09:29:49,18.76878,-66.23763,10.2,289.8,284.0,TOP FIVE,IMO9334478,ZCOR3,37,5,47,9,2.3,37,A
319619000,2022-01-06T09:56:58,18.79771,-66.31347,10.2,291.7,289.0,TOP FIVE,IMO9334478,ZCOR3,37,5,47,9,2.3,37,A
319619000,2022-01-06T09:27:27,18.76630,-66.23103,10.2,292.2,288.0,TOP FIVE,IMO9334478,ZCOR3,37,5,47,9,2.3,37,A
319619000,2022-01-06T09:46:29,18.78641,-66.28411,11.2,297.0,289.0,TOP FIVE,IMO9334478,ZCOR3,37,5,47,9,2.3,37,A
319619000,2022-01-06T09:35:47,18.77504,-66.25430,9.9,289.0,288.0,TOP FIVE,IMO9334478,ZCOR3,37,5,47,9,2.3,37,A
319619000,2022-01-06T09:30:59,18.76988,-66.24092,10.3,291.1,288.0,TOP FIVE,IMO9334478,ZCOR3,37,5,47,9,2.3,37,A
319619000,2022-01-06T09:32:19,18.77126,-66.24467,10.4,291.0,286.0,TOP FIVE,IMO9334478,ZCOR3,37,5,47,9,2.3,37,A
319619000,2022-01-06T07:19:09,18.62943,-65.87957,10.5,292.0,283.0,TOP FIVE,IMO9334478,ZCOR3,37,5,47,9,2.3,37,A
319619000,2022-01-06T10:02:08,18.80327,-66.32790,10.1,295.0,287.0,TOP FIVE,IMO9334478,ZCOR3,37,5,47,9,2.3,37,A
319619000,2022-01-06T07:46:58,18.65700,-65.95660,9.9,291.4,287.0,TOP FIVE,IMO9334478,ZCOR3,37,5,47,9,2.3,37,A
319619000,2022-01-06T09:39:28,18.77902,-66.26453,10.5,291.0,288.0,TOP FIVE,IMO9334478,ZCOR3,37,5,47,9,2.3,37,A
319619000,2022-01-06T07:20:19,18.63069,-65.88273,10.5,293.0,286.0,TOP FIVE,IMO9334478,ZCOR3,37,5,47,9,2.3,37,A
319619000,2022-01-06T09:54:39,18.79525,-66.30693,9.9,290.0,288.0,TOP FIVE,IMO9334478,ZCOR3,37,5,47,9,2.3,37,A
319619000,2022-01-06T09:18:18,18.75623,-66.20586,9.4,291.0,288.0,TOP FIVE,IMO9334478,ZCOR3,37,5,47,9,2.3,37,A
319619000,2022-01-06T09:20:38,18.75885,-66.21223,9.8,289.0,289.0,TOP FIVE,IMO9334478,ZCOR3,37,5,47,9,2.3,37,A
319619000,2022-01-06T07:28:27,18.63911,-65.90519,10.5,287.0,284.0,TOP FIVE,IMO9334478,ZCOR3,37,5,47,9,2.3,37,A
319619000,2022-01-06T09:47:38,18.78769,-66.28733,9.8,289.0,290.0,TOP FIVE,IMO9334478,ZCOR3,37,5,47,9,2.3,37,A
319619000,2022-01-06T09:44:08,18.78398,-66.27755,10.1,291.0,289.0,TOP FIVE,IMO9334478,ZCOR3,37,5,47,9,2.3,37,A
319619000,2022-01-06T07:58:28,18.66874,-65.98770,9.5,288.0,288.0,TOP FIVE,IMO9334478,ZCOR3,37,5,47,9,2.3,37,A
319619000,2022-01-06T09:26:19,18.76513,-66.22791,10.4,289.0,287.0,TOP FIVE,IMO9334478,ZCOR3,37,5,47,9,2.3,37,A
319619000,2022-01-06T10:05:39,18.80700,-66.33833,11.9,287.0,288.0,TOP FIVE,IMO9334478,ZCOR3,37,5,47,9,2.3,37,A
319619000,2022-01-06T10:06:48,18.80871,-66.34270,12.0,290.0,287.0,TOP FIVE,IMO9334478,ZCOR3,37,5,47,9,2.3,37,A
319619000,2022-01-06T10:09:09,18.81166,-66.35066,12.2,290.0,286.0,TOP FIVE,IMO9334478,ZCOR3,37,5,47,9,2.3,37,A
319619000,2022-01-06T07:35:38,18.64599,-65.92515,10.3,293.0,286.0,TOP FIVE,IMO9334478,ZCOR3,37,5,47,9,2.3,37,A
319619000,2022-01-06T08:04:58,18.67569,-66.00535,9.9,291.0,287.0,TOP FIVE,IMO9334478,ZCOR3,37,5,47,9,2.3,37,A
319619000,2022-01-06T10:23:09,18.82950,-66.39992,12.4,291.0,288.0,TOP FIVE,IMO9334478,ZCOR3,37,5,47,9,2.3,37,A
319619000,2022-01-06T10:14:59,18.81923,-66.37131,12.6,291.8,289.0,TOP FIVE,IMO9334478,ZCOR3,37,5,47,9,2.3,37,A
319619000,2022-01-06T10:00:58,18.80210,-66.32464,10.4,296.0,289.0,TOP FIVE,IMO9334478,ZCOR3,37,5,47,9,2.3,37,A
319619000,2022-01-06T10:16:08,18.82068,-66.37534,12.9,289.8,286.0,TOP FIVE,IMO9334478,ZCOR3,37,5,47,9,2.3,37,A
319619000,2022-01-06T08:10:38,18.68155,-66.02102,10.0,291.0,287.0,TOP FIVE,IMO9334478,ZCOR3,37,5,47,9,2.3,37,A
319619000,2022-01-06T10:03:18,18.80456,-66.33122,10.3,291.8,287.0,TOP FIVE,IMO9334478,ZCOR3,37,5,47,9,2.3,37,A
319619000,2022-01-06T10:11:28,18.81471,-66.35901,12.9,289.2,285.0,TOP FIVE,IMO9334478,ZCOR3,37,5,47,9,2.3,37,A
319619000,2022-01-06T10:34:29,18.84364,-66.43958,12.8,289.7,288.0,TOP FIVE,IMO9334478,ZCOR3,37,5,47,9,2.3,37,A
319619000,2022-01-06T10:07:59,18.81023,-66.34685,12.5,290.3,289.0,TOP FIVE,IMO9334478,ZCOR3,37,5,47,9,2.3,37,A
319619000,2022-01-06T10:19:39,18.82515,-66.38765,12.9,290.5,288.0,TOP FIVE,IMO9334478,ZCOR3,37,5,47,9,2.3,37,A
319619000,2022-01-06T10:37:59,18.84803,-66.45180,12.7,290.4,288.0,TOP FIVE,IMO9334478,ZCOR3,37,5,47,9,2.3,37,A
319619000,2022-01-06T07:51:28,18.66133,-65.96866,9.7,294.0,287.0,TOP FIVE,IMO9334478,ZCOR3,37,5,47,9,2.3,37,A
319619000,2022-01-06T10:20:49,18.82659,-66.39175,13.2,289.0,288.0,TOP FIVE,IMO9334478,ZCOR3,37,5,47,9,2.3,37,A
319619000,2022-01-06T10:12:39,18.81626,-66.36314,12.7,291.4,288.0,TOP FIVE,IMO9334478,ZCOR3,37,5,47,9,2.3,37,A
319619000,2022-01-06T07:54:58,18.66500,-65.97800,9.8,290.0,285.0,TOP FIVE,IMO9334478,ZCOR3,37,5,47,9,2.3,37,A
319619000,2022-01-06T08:20:49,18.69218,-66.04893,10.5,291.0,288.0,TOP FIVE,IMO9334478,ZCOR3,37,5,47,9,2.3,37,A
319619000,2022-01-06T10:25:18,18.83219,-66.40740,12.6,288.0,287.0,TOP FIVE,IMO9334478,ZCOR3,37,5,47,9,2.3,37,A
319619000,2022-01-06T10:26:28,18.83366,-66.41148,12.7,288.0,287.0,TOP FIVE,IMO9334478,ZCOR3,37,5,47,9,2.3,37,A
319619000,2022-01-06T08:21:59,18.69342,-66.05212,10.5,294.0,289.0,TOP FIVE,IMO9334478,ZCOR3,37,5,47,9,2.3,37,A
319619000,2022-01-06T10:27:39,18.83517,-66.41560,12.9,287.0,289.0,TOP FIVE,IMO9334478,ZCOR3,37,5,47,9,2.3,37,A
319619000,2022-01-06T09:58:08,18.79898,-66.31673,10.3,292.7,289.0,TOP FIVE,IMO9334478,ZCOR3,37,5,47,9,2.3,37,A
319619000,2022-01-06T10:44:59,18.85718,-66.47602,12.6,295.1,293.0,TOP FIVE,IMO9334478,ZCOR3,37,5,47,9,2.3,37,A
319619000,2022-01-06T10:28:49,18.83661,-66.41973,13.7,289.0,289.0,TOP FIVE,IMO9334478,ZCOR3,37,5,47,9,2.3,37,A
319619000,2022-01-06T10:29:58,18.83805,-66.42373,12.7,288.7,284.0,TOP FIVE,IMO9334478,ZCOR3,37,5,47,9,2.3,37,A
319619000,2022-01-06T08:03:49,18.67433,-66.00200,9.6,289.0,286.0,TOP FIVE,IMO9334478,ZCOR3,37,5,47,9,2.3,37,A
319619000,2022-01-06T10:33:28,18.84233,-66.43566,12.4,287.0,284.0,TOP FIVE,IMO9334478,ZCOR3,37,5,47,9,2.3,37,A
319619000,2022-01-06T10:56:28,18.87460,-66.51444,13.0,294.6,291.0,TOP FIVE,IMO9334478,ZCOR3,37,5,47,9,2.3,37,A
319619000,2022-01-06T10:35:39,18.84511,-66.44366,12.7,290.0,288.0,TOP FIVE,IMO9334478,ZCOR3,37,5,47,9,2.3,37,A
319619000,2022-01-06T10:04:29,18.80579,-66.33460,10.7,291.3,289.0,TOP FIVE,IMO9334478,ZCOR3,37,5,47,9,2.3,37,A
319619000,2022-01-06T10:57:38,18.87633,-66.51836,12.5,295.7,292.0,TOP FIVE,IMO9334478,ZCOR3,37,5,47,9,2.3,37,A
319619000,2022-01-06T10:36:48,18.84663,-66.44764,11.9,290.0,286.0,TOP FIVE,IMO9334478,ZCOR3,37,5,47,9,2.3,37,A
319619000,2022-01-06T10:58:47,18.87812,-66.52230,12.5,298.0,295.0,TOP FIVE,IMO9334478,ZCOR3,37,5,47,9,2.3,37,A
319619000,2022-01-06T08:12:49,18.68386,-66.02695,9.8,292.9,288.0,TOP FIVE,IMO9334478,ZCOR3,37,5,47,9,2.3,37,A
319619000,2022-01-06T10:42:39,18.85382,-66.46810,12.4,291.6,289.0,TOP FIVE,IMO9334478,ZCOR3,37,5,47,9,2.3,37,A
319619000,2022-01-06T10:31:09,18.83947,-66.42786,12.7,291.1,289.0,TOP FIVE,IMO9334478,ZCOR3,37,5,47,9,2.3,37,A
319619000,2022-01-06T10:41:29,18.85237,-66.46402,12.6,293.0,287.0,TOP FIVE,IMO9334478,ZCOR3,37,5,47,9,2.3,37,A
319619000,2022-01-06T11:05:39,18.88850,-66.54533,12.6,295.0,293.0,TOP FIVE,IMO9334478,ZCOR3,37,5,47,9,2.3,37,A
319619000,2022-01-06T10:13:48,18.81750,-66.36700,12.6,292.0,289.0,TOP FIVE,IMO9334478,ZCOR3,37,5,47,9,2.3,37,A
319619000,2022-01-06T10:17:17,18.82217,-66.37933,13.7,289.0,287.0,TOP FIVE,IMO9334478,ZCOR3,37,5,47,9,2.3,37,A
319619000,2022-01-06T10:18:29,18.82365,-66.38356,13.1,287.0,287.0,TOP FIVE,IMO9334478,ZCOR3,37,5,47,9,2.3,37,A
319619000,2022-01-06T11:06:49,18.89041,-66.54937,11.8,294.0,296.0,TOP FIVE,IMO9334478,ZCOR3,37,5,47,9,2.3,37,A
319619000,2022-01-06T10:40:19,18.85087,-66.46000,13.1,290.0,286.0,TOP FIVE,IMO9334478,ZCOR3,37,5,47,9,2.3,37,A
319619000,2022-01-06T10:48:29,18.86247,-66.48779,13.0,297.0,294.0,TOP FIVE,IMO9334478,ZCOR3,37,5,47,9,2.3,37,A
319619000,2022-01-06T10:21:58,18.82804,-66.39577,12.8,292.0,287.0,TOP FIVE,IMO9334478,ZCOR3,37,5,47,9,2.3,37,A
319619000,2022-01-06T10:50:39,18.86578,-66.49503,12.7,292.0,291.0,TOP FIVE,IMO9334478,ZCOR3,37,5,47,9,2.3,37,A
319619000,2022-01-06T10:24:17,18.83094,-66.40386,13.2,294.0,289.0,TOP FIVE,IMO9334478,ZCOR3,37,5,47,9,2.3,37,A
319619000,2022-01-06T10:51:49,18.86756,-66.49890,13.3,296.0,292.0,TOP FIVE,IMO9334478,ZCOR3,37,5,47,9,2.3,37,A
319619000,2022-01-06T11:17:59,18.90619,-66.58792,12.7,288.0,291.0,TOP FIVE,IMO9334478,ZCOR3,37,5,47,9,2.3,37,A
319619000,2022-01-06T11:20:29,18.90950,-66.59633,13.8,292.0,289.0,TOP FIVE,IMO9334478,ZCOR3,37,5,47,9,2.3,37,A
319619000,2022-01-06T10:59:58,18.87989,-66.52625,12.6,295.0,292.0,TOP FIVE,IMO9334478,ZCOR3,37,5,47,9,2.3,37,A
319619000,2022-01-06T11:03:18,18.88500,-66.53742,13.3,297.0,294.0,TOP FIVE,IMO9334478,ZCOR3,37,5,47,9,2.3,37,A
319619000,2022-01-06T11:12:19,18.89847,-66.56814,13.6,294.0,289.0,TOP FIVE,IMO9334478,ZCOR3,37,5,47,9,2.3,37,A
319619000,2022-01-06T10:39:08,18.84940,-66.45585,12.7,288.6,285.0,TOP FIVE,IMO9334478,ZCOR3,37,5,47,9,2.3,37,A
319619000,2022-01-06T11:16:48,18.90450,-66.58350,13.3,292.0,290.0,TOP FIVE,IMO9334478,ZCOR3,37,5,47,9,2.3,37,A
319619000,2022-01-06T11:09:08,18.89387,-66.55731,12.9,293.2,293.0,TOP FIVE,IMO9334478,ZCOR3,37,5,47,9,2.3,37,A
319619000,2022-01-06T10:43:49,18.85543,-66.47210,13.0,293.4,293.0,TOP FIVE,IMO9334478,ZCOR3,37,5,47,9,2.3,37,A
319619000,2022-01-06T08:55:58,18.73119,-66.14527,10.2,292.3,290.0,TOP FIVE,IMO9334478,ZCOR3,37,5,47,9,2.3,37,A
319619000,2022-01-06T11:19:18,18.90811,-66.59244,12.6,293.0,288.0,TOP FIVE,IMO9334478,ZCOR3,37,5,47,9,2.3,37,A
319619000,2022-01-06T08:57:09,18.73254,-66.14851,10.3,292.8,289.0,TOP FIVE,IMO9334478,ZCOR3,37,5,47,9,2.3,37,A
319619000,2022-01-06T11:38:48,18.93400,-66.66016,12.7,290.8,291.0,TOP FIVE,IMO9334478,ZCOR3,37,5,47,9,2.3,37,A
319619000,2022-01-06T08:47:38,18.72178,-66.12239,10.3,293.0,289.0,TOP FIVE,IMO9334478,ZCOR3,37,5,47,9,2.3,37,A
319619000,2022-01-06T08:52:28,18.72716,-66.13550,10.5,294.0,291.0,TOP FIVE,IMO9334478,ZCOR3,37,5,47,9,2.3,37,A
319619000,2022-01-06T11:41:07,18.93723,-66.66860,13.3,294.0,290.0,TOP FIVE,IMO9334478,ZCOR3,37,5,47,9,2.3,37,A
319619000,2022-01-06T11:10:09,18.89540,-66.56072,12.5,292.0,295.0,TOP FIVE,IMO9334478,ZCOR3,37,5,47,9,2.3,37,A
319619000,2022-01-06T11:43:28,18.94016,-66.67666,12.6,291.0,289.0,TOP FIVE,IMO9334478,ZCOR3,37,5,47,9,2.3,37,A
319619000,2022-01-06T11:11:18,18.89707,-66.56465,12.6,295.0,289.0,TOP FIVE,IMO9334478,ZCOR3,37,5,47,9,2.3,37,A
319619000,2022-01-06T10:55:18,18.87286,-66.51052,12.6,294.3,292.0,TOP FIVE,IMO9334478,ZCOR3,37,5,47,9,2.3,37,A
319619000,2022-01-06T11:44:38,18.94175,-66.68102,13.2,289.0,291.0,TOP FIVE,IMO9334478,ZCOR3,37,5,47,9,2.3,37,A
319619000,2022-01-06T11:45:49,18.94323,-66.68506,13.1,291.0,288.0,TOP FIVE,IMO9334478,ZCOR3,37,5,47,9,2.3,37,A
319619000,2022-01-06T11:23:59,18.91439,-66.60875,13.1,294.0,292.0,TOP FIVE,IMO9334478,ZCOR3,37,5,47,9,2.3,37,A
319619000,2022-01-06T11:30:39,18.92339,-66.63201,11.6,293.0,289.0,TOP FIVE,IMO9334478,ZCOR3,37,5,47,9,2.3,37,A
319619000,2022-01-06T11:26:17,18.91749,-66.61679,12.7,290.0,289.0,TOP FIVE,IMO9334478,ZCOR3,37,5,47,9,2.3,37,A
319619000,2022-01-06T11:15:39,18.90301,-66.57980,13.6,291.0,291.0,TOP FIVE,IMO9334478,ZCOR3,37,5,47,9,2.3,37,A
319619000,2022-01-06T11:29:38,18.92204,-66.62847,13.2,292.0,288.0,TOP FIVE,IMO9334478,ZCOR3,37,5,47,9,2.3,37,A
319619000,2022-01-06T11:58:19,18.95615,-66.72994,12.6,286.4,280.0,TOP FIVE,IMO9334478,ZCOR3,37,5,47,9,2.3,37,A
319619000,2022-01-06T11:52:39,18.95057,-66.70952,12.5,287.3,287.0,TOP FIVE,IMO9334478,ZCOR3,37,5,47,9,2.3,37,A
319619000,2022-01-06T11:59:29,18.95700,-66.73400,13.3,285.0,281.0,TOP FIVE,IMO9334478,ZCOR3,37,5,47,9,2.3,37,A
319619000,2022-01-06T11:22:48,18.91278,-66.60465,12.9,293.0,293.0,TOP FIVE,IMO9334478,ZCOR3,37,5,47,9,2.3,37,A
319619000,2022-01-06T11:39:59,18.93567,-66.66471,13.1,295.0,293.0,TOP FIVE,IMO9334478,ZCOR3,37,5,47,9,2.3,37,A
319619000,2022-01-06T09:07:49,18.74433,-66.17733,10.2,291.0,288.0,TOP FIVE,IMO9334478,ZCOR3,37,5,47,9,2.3,37,A
319619000,2022-01-06T11:34:19,18.92832,-66.64484,13.2,295.0,289.0,TOP FIVE,IMO9334478,ZCOR3,37,5,47,9,2.3,37,A
319619000,2022-01-06T11:07:58,18.89216,-66.55325,13.1,295.4,292.0,TOP FIVE,IMO9334478,ZCOR3,37,5,47,9,2.3,37,A
319619000,2022-01-06T11:36:28,18.93100,-66.65216,14.3,293.0,288.0,TOP FIVE,IMO9334478,ZCOR3,37,5,47,9,2.3,37,A
319619000,2022-01-06T09:19:28,18.75756,-66.20902,10.2,292.0,287.0,TOP FIVE,IMO9334478,ZCOR3,37,5,47,9,2.3,37,A
319619000,2022-01-06T12:01:39,18.95913,-66.74207,12.9,283.8,282.0,TOP FIVE,IMO9334478,ZCOR3,37,5,47,9,2.3,37,A
319619000,2022-01-06T12:05:29,18.96249,-66.75596,12.9,284.2,282.0,TOP FIVE,IMO9334478,ZCOR3,37,5,47,9,2.3,37,A
319619000,2022-01-06T11:46:59,18.94480,-66.68924,12.7,291.0,286.0,TOP FIVE,IMO9334478,ZCOR3,37,5,47,9,2.3,37,A
319619000,2022-01-06T09:14:49,18.75238,-66.19639,10.2,293.2,288.0,TOP FIVE,IMO9334478,ZCOR3,37,5,47,9,2.3,37,A
319619000,2022-01-06T11:14:29,18.90142,-66.57572,12.7,287.0,286.0,TOP FIVE,IMO9334478,ZCOR3,37,5,47,9,2.3,37,A
319619000,2022-01-06T12:06:37,18.96356,-66.76008,12.7,286.6,283.0,TOP FIVE,IMO9334478,ZCOR3,37,5,47,9,2.3,37,A
319619000,2022-01-06T09:22:58,18.76146,-66.21866,10.5,296.0,290.0,TOP FIVE,IMO9334478,ZCOR3,37,5,47,9,2.3,37,A
319619000,2022-01-06T12:11:18,18.96787,-66.77662,12.2,284.8,282.0,TOP FIVE,IMO9334478,ZCOR3,37,5,47,9,2.3,37,A
319619000,2022-01-06T12:12:28,18.96866,-66.78050,12.5,283.0,281.0,TOP FIVE,IMO9334478,ZCOR3,37,5,47,9,2.3,37,A
319619000,2022-01-06T11:35:27,18.92966,-66.64866,13.3,289.0,288.0,TOP FIVE,IMO9334478,ZCOR3,37,5,47,9,2.3,37,A
319619000,2022-01-06T11:50:28,18.94838,-66.70171,12.4,284.8,286.0,TOP FIVE,IMO9334478,ZCOR3,37,5,47,9,2.3,37,A
319619000,2022-01-06T11:54:57,18.95287,-66.71781,11.8,285.0,286.0,TOP FIVE,IMO9334478,ZCOR3,37,5,47,9,2.3,37,A
319619000,2022-01-06T09:23:59,18.76259,-66.22148,10.1,292.0,285.0,TOP FIVE,IMO9334478,ZCOR3,37,5,47,9,2.3,37,A
319619000,2022-01-06T12:17:09,18.97303,-66.79718,13.0,280.0,283.0,TOP FIVE,IMO9334478,ZCOR3,37,5,47,9,2.3,37,A
319619000,2022-01-06T11:42:19,18.93872,-66.67283,12.5,293.0,290.0,TOP FIVE,IMO9334478,ZCOR3,37,5,47,9,2.3,37,A
319619000,2022-01-06T11:53:48,18.95171,-66.71367,13.5,285.0,283.0,TOP FIVE,IMO9334478,ZCOR3,37,5,47,9,2.3,37,A
319619000,2022-01-06T09:33:28,18.77254,-66.24785,9.9,289.0,287.0,TOP FIVE,IMO9334478,ZCOR3,37,5,47,9,2.3,37,A
319619000,2022-01-06T12:22:58,18.97867,-66.81747,12.3,286.0,286.0,TOP FIVE,IMO9334478,ZCOR3,37,5,47,9,2.3,37,A
319619000,2022-01-06T12:25:18,18.98102,-66.82560,12.2,287.0,283.0,TOP FIVE,IMO9334478,ZCOR3,37,5,47,9,2.3,37,A
319619000,2022-01-06T12:26:28,18.98221,-66.82960,12.5,288.9,285.0,TOP FIVE,IMO9334478,ZCOR3,37,5,47,9,2.3,37,A
319619000,2022-01-06T12:24:08,18.97966,-66.82116,12.8,284.0,282.0,TOP FIVE,IMO9334478,ZCOR3,37,5,47,9,2.3,37,A
319619000,2022-01-06T09:34:37,18.77379,-66.25107,10.2,291.6,287.0,TOP FIVE,IMO9334478,ZCOR3,37,5,47,9,2.3,37,A
319619000,2022-01-06T12:31:28,18.98715,-66.84700,12.7,288.5,284.0,TOP FIVE,IMO9334478,ZCOR3,37,5,47,9,2.3,37,A
319619000,2022-01-06T11:32:57,18.92647,-66.64006,13.1,288.0,289.0,TOP FIVE,IMO9334478,ZCOR3,37,5,47,9,2.3,37,A
319619000,2022-01-06T12:33:49,18.99022,-66.85491,12.6,292.0,291.0,TOP FIVE,IMO9334478,ZCOR3,37,5,47,9,2.3,37,A
319619000,2022-01-06T11:37:39,18.93267,-66.65650,12.9,290.7,289.0,TOP FIVE,IMO9334478,ZCOR3,37,5,47,9,2.3,37,A
319619000,2022-01-06T12:38:38,18.99714,-66.87096,12.3,298.0,293.0,TOP FIVE,IMO9334478,ZCOR3,37,5,47,9,2.3,37,A
319619000,2022-01-06T09:40:38,18.78028,-66.26780,10.6,291.0,287.0,TOP FIVE,IMO9334478,ZCOR3,37,5,47,9,2.3,37,A
319619000,2022-01-06T12:08:58,18.96581,-66.76833,13.2,282.0,283.0,TOP FIVE,IMO9334478,ZCOR3,37,5,47,9,2.3,37,A
319619000,2022-01-06T09:42:57,18.78281,-66.27425,10.2,292.7,287.0,TOP FIVE,IMO9334478,ZCOR3,37,5,47,9,2.3,37,A
319619000,2022-01-06T12:40:58,19.00016,-66.87850,12.3,295.0,290.0,TOP FIVE,IMO9334478,ZCOR3,37,5,47,9,2.3,37,A
319619000,2022-01-06T12:18:17,18.97404,-66.80113,11.9,286.3,286.0,TOP FIVE,IMO9334478,ZCOR3,37,5,47,9,2.3,37,A
319619000,2022-01-06T12:44:38,19.00546,-66.89111,12.6,294.0,291.0,TOP FIVE,IMO9334478,ZCOR3,37,5,47,9,2.3,37,A
319619000,2022-01-06T09:45:18,18.78522,-66.28082,10.2,292.0,288.0,TOP FIVE,IMO9334478,ZCOR3,37,5,47,9,2.3,37,A
319619000,2022-01-06T12:45:49,19.00683,-66.89466,12.6,291.0,286.0,TOP FIVE,IMO9334478,ZCOR3,37,5,47,9,2.3,37,A
319619000,2022-01-06T12:13:39,18.96992,-66.78490,12.0,285.4,284.0,TOP FIVE,IMO9334478,ZCOR3,37,5,47,9,2.3,37,A
319619000,2022-01-06T09:48:49,18.78892,-66.29061,10.1,288.0,286.0,TOP FIVE,IMO9334478,ZCOR3,37,5,47,9,2.3,37,A
319619000,2022-01-06T09:49:58,18.79011,-66.29386,10.3,289.0,288.0,TOP FIVE,IMO9334478,ZCOR3,37,5,47,9,2.3,37,A
319619000,2022-01-06T12:49:19,19.01205,-66.90701,12.3,298.0,293.0,TOP FIVE,IMO9334478,ZCOR3,37,5,47,9,2.3,37,A
319619000,2022-01-06T11:49:19,18.94722,-66.69760,13.6,289.0,283.0,TOP FIVE,IMO9334478,ZCOR3,37,5,47,9,2.3,37,A
319619000,2022-01-06T12:50:29,19.01361,-66.91108,12.6,295.0,290.0,TOP FIVE,IMO9334478,ZCOR3,37,5,47,9,2.3,37,A
319619000,2022-01-06T09:51:08,18.79139,-66.29711,10.3,293.3,288.0,TOP FIVE,IMO9334478,ZCOR3,37,5,47,9,2.3,37,A
319619000,2022-01-06T09:52:18,18.79250,-66.30016,9.9,286.0,288.0,TOP FIVE,IMO9334478,ZCOR3,37,5,47,9,2.3,37,A
319619000,2022-01-06T12:27:39,18.98349,-66.83369,12.0,290.3,285.0,TOP FIVE,IMO9334478,ZCOR3,37,5,47,9,2.3,37,A
319619000,2022-01-06T09:53:28,18.79391,-66.30364,9.9,294.0,290.0,TOP FIVE,IMO9334478,ZCOR3,37,5,47,9,2.3,37,A
319619000,2022-01-06T12:56:29,19.02206,-66.93152,12.6,295.5,292.0,TOP FIVE,IMO9334478,ZCOR3,37,5,47,9,2.3,37,A
319619000,2022-01-06T09:55:49,18.79648,-66.31024,10.3,289.0,287.0,TOP FIVE,IMO9334478,ZCOR3,37,5,47,9,2.3,37,A
319619000,2022-01-06T11:56:09,18.95407,-66.72210,13.0,284.0,282.0,TOP FIVE,IMO9334478,ZCOR3,37,5,47,9,2.3,37,A
319619000,2022-01-06T12:19:29,18.97524,-66.80532,11.9,286.4,284.0,TOP FIVE,IMO9334478,ZCOR3,37,5,47,9,2.3,37,A
319619000,2022-01-06T12:58:57,19.02562,-66.93995,13.6,293.0,291.0,TOP FIVE,IMO9334478,ZCOR3,37,5,47,9,2.3,37,A
319619000,2022-01-06T12:59:58,19.02707,-66.94331,12.6,293.8,291.0,TOP FIVE,IMO9334478,ZCOR3,37,5,47,9,2.3,37,A
319619000,2022-01-06T13:00:57,19.02854,-66.94669,12.7,294.7,291.0,TOP FIVE,IMO9334478,ZCOR3,37,5,47,9,2.3,37,A
319619000,2022-01-06T09:59:19,18.80030,-66.32004,10.4,291.0,287.0,TOP FIVE,IMO9334478,ZCOR3,37,5,47,9,2.3,37,A
319619000,2022-01-06T13:04:28,19.03363,-66.95844,12.9,294.9,291.0,TOP FIVE,IMO9334478,ZCOR3,37,5,47,9,2.3,37,A
319619000,2022-01-06T12:30:17,18.98592,-66.84286,12.7,285.8,283.0,TOP FIVE,IMO9334478,ZCOR3,37,5,47,9,2.3,37,A
319619000,2022-01-06T12:42:07,19.00193,-66.88258,12.9,291.0,293.0,TOP FIVE,IMO9334478,ZCOR3,37,5,47,9,2.3,37,A
319619000,2022-01-06T12:07:48,18.96470,-66.76422,12.1,285.4,282.0,TOP FIVE,IMO9334478,ZCOR3,37,5,47,9,2.3,37,A
319619000,2022-01-06T13:11:28,19.04394,-66.98185,11.6,291.0,290.0,TOP FIVE,IMO9334478,ZCOR3,37,5,47,9,2.3,37,A
319619000,2022-01-06T12:35:58,18.99333,-66.86202,12.4,296.0,291.0,TOP FIVE,IMO9334478,ZCOR3,37,5,47,9,2.3,37,A
319619000,2022-01-06T10:10:19,18.81327,-66.35496,12.7,291.4,288.0,TOP FIVE,IMO9334478,ZCOR3,37,5,47,9,2.3,37,A
319619000,2022-01-06T12:39:48,18.99876,-66.87481,12.9,291.0,289.0,TOP FIVE,IMO9334478,ZCOR3,37,5,47,9,2.3,37,A
319619000,2022-01-06T13:22:07,19.05622,-67.01879,12.5,283.0,284.0,TOP FIVE,IMO9334478,ZCOR3,37,5,47,9,2.3,37,A
319619000,2022-01-06T13:20:59,19.05517,-67.01475,12.5,284.9,285.0,TOP FIVE,IMO9334478,ZCOR3,37,5,47,9,2.3,37,A
319619000,2022-01-06T12:52:47,19.01690,-66.91888,12.6,292.0,291.0,TOP FIVE,IMO9334478,ZCOR3,37,5,47,9,2.3,37,A
319619000,2022-01-06T13:25:38,19.05943,-67.03149,13.3,289.0,284.0,TOP FIVE,IMO9334478,ZCOR3,37,5,47,9,2.3,37,A
319619000,2022-01-06T13:27:58,19.06123,-67.04007,12.9,282.6,281.0,TOP FIVE,IMO9334478,ZCOR3,37,5,47,9,2.3,37,A
319619000,2022-01-06T12:21:48,18.97752,-66.81344,12.6,287.0,281.0,TOP FIVE,IMO9334478,ZCOR3,37,5,47,9,2.3,37,A
319619000,2022-01-06T13:30:19,19.06310,-67.04856,11.7,280.0,281.0,TOP FIVE,IMO9334478,ZCOR3,37,5,47,9,2.3,37,A
319619000,2022-01-06T12:57:48,19.02396,-66.93605,12.3,295.0,290.0,TOP FIVE,IMO9334478,ZCOR3,37,5,47,9,2.3,37,A
319619000,2022-01-06T12:29:08,18.98480,-66.83881,12.5,290.0,285.0,TOP FIVE,IMO9334478,ZCOR3,37,5,47,9,2.3,37,A
319619000,2022-01-06T13:12:39,19.04550,-66.98566,11.9,294.0,291.0,TOP FIVE,IMO9334478,ZCOR3,37,5,47,9,2.3,37,A
319619000,2022-01-06T12:34:57,18.99184,-66.85872,12.6,293.0,291.0,TOP FIVE,IMO9334478,ZCOR3,37,5,47,9,2.3,37,A
319619000,2022-01-06T13:13:49,19.04726,-66.98977,13.1,292.0,288.0,TOP FIVE,IMO9334478,ZCOR3,37,5,47,9,2.3,37,A
319619000,2022-01-06T12:37:28,18.99544,-66.86701,12.9,291.0,289.0,TOP FIVE,IMO9334478,ZCOR3,37,5,47,9,2.3,37,A
319619000,2022-01-06T10:32:19,18.84093,-66.43193,12.6,288.0,287.0,TOP FIVE,IMO9334478,ZCOR3,37,5,47,9,2.3,37,A
319619000,2022-01-06T13:51:18,19.08053,-67.12381,12.2,286.0,283.0,TOP FIVE,IMO9334478,ZCOR3,37,5,47,9,2.3,37,A
319619000,2022-01-06T13:16:18,19.05032,-66.99829,12.2,288.0,283.0,TOP FIVE,IMO9334478,ZCOR3,37,5,47,9,2.3,37,A
319619000,2022-01-06T13:54:29,19.08332,-67.13529,12.7,285.1,279.0,TOP FIVE,IMO9334478,ZCOR3,37,5,47,9,2.3,37,A
319619000,2022-01-06T13:17:28,19.05166,-67.00237,12.5,287.5,283.0,TOP FIVE,IMO9334478,ZCOR3,37,5,47,9,2.3,37,A
319619000,2022-01-06T12:46:58,19.00865,-66.89917,12.4,292.0,292.0,TOP FIVE,IMO9334478,ZCOR3,37,5,47,9,2.3,37,A
319619000,2022-01-06T13:18:49,19.05323,-67.00704,12.4,288.0,283.0,TOP FIVE,IMO9334478,ZCOR3,37,5,47,9,2.3,37,A
319619000,2022-01-06T12:48:09,19.01030,-66.90311,12.9,293.0,292.0,TOP FIVE,IMO9334478,ZCOR3,37,5,47,9,2.3,37,A
319619000,2022-01-06T13:19:58,19.05431,-67.01110,12.5,283.7,280.0,TOP FIVE,IMO9334478,ZCOR3,37,5,47,9,2.3,37,A
319619000,2022-01-06T13:58:18,19.08650,-67.14883,13.0,283.0,280.0,TOP FIVE,IMO9334478,ZCOR3,37,5,47,9,2.3,37,A
319619000,2022-01-06T10:47:18,18.86070,-66.48380,13.0,295.0,290.0,TOP FIVE,IMO9334478,ZCOR3,37,5,47,9,2.3,37,A
319619000,2022-01-06T13:23:19,19.05731,-67.02314,12.5,284.0,281.0,TOP FIVE,IMO9334478,ZCOR3,37,5,47,9,2.3,37,A
319619000,2022-01-06T13:24:28,19.05834,-67.02733,12.6,286.0,281.0,TOP FIVE,IMO9334478,ZCOR3,37,5,47,9,2.3,37,A
319619000,2022-01-06T13:34:58,19.06685,-67.06542,12.3,288.0,282.0,TOP FIVE,IMO9334478,ZCOR3,37,5,47,9,2.3,37,A
319619000,2022-01-06T10:46:08,18.85896,-66.47984,12.8,296.1,293.0,TOP FIVE,IMO9334478,ZCOR3,37,5,47,9,2.3,37,A
319619000,2022-01-06T10:52:59,18.86929,-66.50280,12.3,296.3,294.0,TOP FIVE,IMO9334478,ZCOR3,37,5,47,9,2.3,37,A
319619000,2022-01-06T10:49:38,18.86423,-66.49164,13.6,290.0,290.0,TOP FIVE,IMO9334478,ZCOR3,37,5,47,9,2.3,37,A
319619000,2022-01-06T13:33:49,19.06583,-67.06100,12.6,281.0,277.0,TOP FIVE,IMO9334478,ZCOR3,37,5,47,9,2.3,37,A
319619000,2022-01-06T13:02:07,19.03021,-66.95055,12.5,292.5,293.0,TOP FIVE,IMO9334478,ZCOR3,37,5,47,9,2.3,37,A
319619000,2022-01-06T10:54:08,18.87113,-66.50665,12.6,297.7,295.0,TOP FIVE,IMO9334478,ZCOR3,37,5,47,9,2.3,37,A
319619000,2022-01-06T14:16:19,19.10216,-67.21433,12.5,282.0,278.0,TOP FIVE,IMO9334478,ZCOR3,37,5,47,9,2.3,37,A
319619000,2022-01-06T14:18:59,19.10455,-67.22440,12.3,281.0,278.0,TOP FIVE,IMO9334478,ZCOR3,37,5,47,9,2.3,37,A
319619000,2022-01-06T13:05:38,19.03535,-66.96231,12.4,296.0,290.0,TOP FIVE,IMO9334478,ZCOR3,37,5,47,9,2.3,37,A
319619000,2022-01-06T11:00:58,18.88139,-66.52960,11.8,301.0,293.0,TOP FIVE,IMO9334478,ZCOR3,37,5,47,9,2.3,37,A
319619000,2022-01-06T13:06:48,19.03703,-66.96619,12.0,292.0,294.0,TOP FIVE,IMO9334478,ZCOR3,37,5,47,9,2.3,37,A
319619000,2022-01-06T13:08:07,19.03894,-66.97061,11.9,291.0,288.0,TOP FIVE,IMO9334478,ZCOR3,37,5,47,9,2.3,37,A
319619000,2022-01-06T13:09:08,19.04053,-66.97406,12.7,295.0,292.0,TOP FIVE,IMO9334478,ZCOR3,37,5,47,9,2.3,37,A
319619000,2022-01-06T11:02:09,18.88323,-66.53358,14.0,297.0,293.0,TOP FIVE,IMO9334478,ZCOR3,37,5,47,9,2.3,37,A
319619000,2022-01-06T11:04:28,18.88681,-66.54137,12.9,296.8,293.0,TOP FIVE,IMO9334478,ZCOR3,37,5,47,9,2.3,37,A
319619000,2022-01-06T13:15:08,19.04901,-66.99427,12.6,289.0,285.0,TOP FIVE,IMO9334478,ZCOR3,37,5,47,9,2.3,37,A
319619000,2022-01-06T13:53:18,19.08224,-67.13103,13.8,287.0,284.0,TOP FIVE,IMO9334478,ZCOR3,37,5,47,9,2.3,37,A
319619000,2022-01-06T14:03:18,19.09099,-67.16711,12.6,288.0,281.0,TOP FIVE,IMO9334478,ZCOR3,37,5,47,9,2.3,37,A
319619000,2022-01-06T11:13:28,18.90002,-66.57219,12.3,293.0,291.0,TOP FIVE,IMO9334478,ZCOR3,37,5,47,9,2.3,37,A
319619000,2022-01-06T14:06:58,19.09416,-67.18000,13.0,283.0,278.0,TOP FIVE,IMO9334478,ZCOR3,37,5,47,9,2.3,37,A
319619000,2022-01-06T14:08:08,19.09522,-67.18475,12.6,284.3,280.0,TOP FIVE,IMO9334478,ZCOR3,37,5,47,9,2.3,37,A
319619000,2022-01-06T14:09:17,19.09624,-67.18885,12.9,283.2,277.0,TOP FIVE,IMO9334478,ZCOR3,37,5,47,9,2.3,37,A
319619000,2022-01-06T14:04:28,19.09206,-67.17130,12.4,285.8,282.0,TOP FIVE,IMO9334478,ZCOR3,37,5,47,9,2.3,37,A
319619000,2022-01-06T11:21:38,18.91118,-66.60058,13.0,291.0,286.0,TOP FIVE,IMO9334478,ZCOR3,37,5,47,9,2.3,37,A
319619000,2022-01-06T11:25:07,18.91598,-66.61268,12.9,291.0,286.0,TOP FIVE,IMO9334478,ZCOR3,37,5,47,9,2.3,37,A
319619000,2022-01-06T14:17:49,19.10364,-67.22007,12.9,288.0,281.0,TOP FIVE,IMO9334478,ZCOR3,37,5,47,9,2.3,37,A
319619000,2022-01-06T11:27:28,18.91910,-66.62098,12.0,292.0,290.0,TOP FIVE,IMO9334478,ZCOR3,37,5,47,9,2.3,37,A
319619000,2022-01-06T14:20:17,19.10569,-67.22928,13.3,288.0,281.0,TOP FIVE,IMO9334478,ZCOR3,37,5,47,9,2.3,37,A
319619000,2022-01-06T13:40:18,19.07127,-67.08443,13.0,283.2,277.0,TOP FIVE,IMO9334478,ZCOR3,37,5,47,9,2.3,37,A
319619000,2022-01-06T11:28:29,18.92046,-66.62445,12.0,286.0,287.0,TOP FIVE,IMO9334478,ZCOR3,37,5,47,9,2.3,37,A
319619000,2022-01-06T11:31:49,18.92495,-66.63609,13.0,291.3,289.0,TOP FIVE,IMO9334478,ZCOR3,37,5,47,9,2.3,37,A
319619000,2022-01-06T14:32:58,19.11654,-67.27621,13.0,284.0,280.0,TOP FIVE,IMO9334478,ZCOR3,37,5,47,9,2.3,37,A
319619000,2022-01-06T14:31:39,19.11541,-67.27135,13.5,281.0,282.0,TOP FIVE,IMO9334478,ZCOR3,37,5,47,9,2.3,37,A
319619000,2022-01-06T14:40:58,19.12372,-67.30572,13.3,282.3,279.0,TOP FIVE,IMO9334478,ZCOR3,37,5,47,9,2.3,37,A
319619000,2022-01-06T11:48:08,18.94601,-66.69338,12.7,288.3,289.0,TOP FIVE,IMO9334478,ZCOR3,37,5,47,9,2.3,37,A
319619000,2022-01-06T11:51:29,18.94944,-66.70531,12.5,285.2,281.0,TOP FIVE,IMO9334478,ZCOR3,37,5,47,9,2.3,37,A
319619000,2022-01-06T11:57:18,18.95525,-66.72632,13.1,285.9,282.0,TOP FIVE,IMO9334478,ZCOR3,37,5,47,9,2.3,37,A
319619000,2022-01-06T14:15:09,19.10134,-67.21025,13.3,283.0,281.0,TOP FIVE,IMO9334478,ZCOR3,37,5,47,9,2.3,37,A
319619000,2022-01-06T12:02:49,18.96013,-66.74627,12.4,284.2,285.0,TOP FIVE,IMO9334478,ZCOR3,37,5,47,9,2.3,37,A
319619000,2022-01-06T12:04:18,18.96142,-66.75164,12.2,288.0,284.0,TOP FIVE,IMO9334478,ZCOR3,37,5,47,9,2.3,37,A
319619000,2022-01-06T14:21:27,19.10665,-67.23353,13.3,283.0,281.0,TOP FIVE,IMO9334478,ZCOR3,37,5,47,9,2.3,37,A
319619000,2022-01-06T14:22:38,19.10770,-67.23794,12.5,282.0,280.0,TOP FIVE,IMO9334478,ZCOR3,37,5,47,9,2.3,37,A
319619000,2022-01-06T12:10:09,18.96685,-66.77255,12.4,281.0,282.0,TOP FIVE,IMO9334478,ZCOR3,37,5,47,9,2.3,37,A
319619000,2022-01-06T14:36:39,19.11982,-67.28981,12.7,288.0,281.0,TOP FIVE,IMO9334478,ZCOR3,37,5,47,9,2.3,37,A
319619000,2022-01-06T12:20:38,18.97638,-66.80933,12.3,281.0,282.0,TOP FIVE,IMO9334478,ZCOR3,37,5,47,9,2.3,37,A
319619000,2022-01-06T12:14:48,18.97094,-66.78893,12.3,283.7,280.0,TOP FIVE,IMO9334478,ZCOR3,37,5,47,9,2.3,37,A
319619000,2022-01-06T12:15:59,18.97206,-66.79302,12.5,284.2,278.0,TOP FIVE,IMO9334478,ZCOR3,37,5,47,9,2.3,37,A
319619000,2022-01-06T12:32:39,18.98862,-66.85104,12.4,294.5,287.0,TOP FIVE,IMO9334478,ZCOR3,37,5,47,9,2.3,37,A
319619000,2022-01-06T12:43:28,19.00385,-66.88710,12.0,293.0,290.0,TOP FIVE,IMO9334478,ZCOR3,37,5,47,9,2.3,37,A
319619000,2022-01-06T12:55:19,19.02037,-66.92756,12.5,291.2,291.0,TOP FIVE,IMO9334478,ZCOR3,37,5,47,9,2.3,37,A
319619000,2022-01-06T13:03:19,19.03188,-66.95461,13.3,297.0,292.0,TOP FIVE,IMO9334478,ZCOR3,37,5,47,9,2.3,37,A
319619000,2022-01-06T12:51:39,19.01528,-66.91506,12.5,294.1,292.0,TOP FIVE,IMO9334478,ZCOR3,37,5,47,9,2.3,37,A
319619000,2022-01-06T12:54:09,19.01874,-66.92358,12.7,292.0,291.0,TOP FIVE,IMO9334478,ZCOR3,37,5,47,9,2.3,37,A
319619000,2022-01-06T13:10:19,19.04228,-66.97800,13.2,296.0,292.0,TOP FIVE,IMO9334478,ZCOR3,37,5,47,9,2.3,37,A
319619000,2022-01-06T13:26:48,19.06036,-67.03577,13.0,281.0,279.0,TOP FIVE,IMO9334478,ZCOR3,37,5,47,9,2.3,37,A
319619000,2022-01-06T13:29:09,19.06218,-67.04437,13.2,280.6,278.0,TOP FIVE,IMO9334478,ZCOR3,37,5,47,9,2.3,37,A
319619000,2022-01-06T13:32:39,19.06501,-67.05701,12.8,284.6,282.0,TOP FIVE,IMO9334478,ZCOR3,37,5,47,9,2.3,37,A
319619000,2022-01-06T13:37:49,19.06918,-67.07556,13.7,281.0,281.0,TOP FIVE,IMO9334478,ZCOR3,37,5,47,9,2.3,37,A
319619000,2022-01-06T13:47:39,19.07729,-67.11074,11.8,283.0,280.0,TOP FIVE,IMO9334478,ZCOR3,37,5,47,9,2.3,37,A
319619000,2022-01-06T13:31:29,19.06404,-67.05282,12.6,283.1,280.0,TOP FIVE,IMO9334478,ZCOR3,37,5,47,9,2.3,37,A
319619000,2022-01-06T13:36:39,19.06825,-67.07136,12.5,283.4,283.0,TOP FIVE,IMO9334478,ZCOR3,37,5,47,9,2.3,37,A
319619000,2022-01-06T13:38:58,19.07015,-67.07969,12.4,283.9,280.0,TOP FIVE,IMO9334478,ZCOR3,37,5,47,9,2.3,37,A
319619000,2022-01-06T13:43:18,19.07367,-67.09514,12.6,283.7,279.0,TOP FIVE,IMO9334478,ZCOR3,37,5,47,9,2.3,37,A
319619000,2022-01-06T14:05:48,19.09323,-67.17612,12.9,282.0,279.0,TOP FIVE,IMO9334478,ZCOR3,37,5,47,9,2.3,37,A
319619000,2022-01-06T13:48:59,19.07845,-67.11555,12.4,285.7,282.0,TOP FIVE,IMO9334478,ZCOR3,37,5,47,9,2.3,37,A
319619000,2022-01-06T14:13:57,19.10027,-67.20587,13.0,282.0,280.0,TOP FIVE,IMO9334478,ZCOR3,37,5,47,9,2.3,37,A
319619000,2022-01-06T13:50:09,19.07933,-67.11933,12.7,289.0,281.0,TOP FIVE,IMO9334478,ZCOR3,37,5,47,9,2.3,37,A
319619000,2022-01-06T14:29:38,19.11361,-67.26386,12.9,282.5,280.0,TOP FIVE,IMO9334478,ZCOR3,37,5,47,9,2.3,37,A
319619000,2022-01-06T14:34:39,19.11801,-67.28248,13.7,281.0,280.0,TOP FIVE,IMO9334478,ZCOR3,37,5,47,9,2.3,37,A
319619000,2022-01-06T14:42:28,19.12505,-67.31122,13.6,283.0,280.0,TOP FIVE,IMO9334478,ZCOR3,37,5,47,9,2.3,37,A
