338388721,2022-01-01T00:02:15,47.65147,-122.32346,0.0,360.0,511.0,PURA VIDA,IMO0000000,,37,,11,3,,,B
338388721,2022-01-01T00:05:22,47.65145,-122.32352,0.0,360.0,511.0,PURA VIDA,IMO0000000,,37,,11,3,,,B
338388721,2022-01-01T00:08:12,47.65145,-122.32351,0.0,360.0,511.0,PURA VIDA,IMO0000000,,37,,11,3,,,B
338388721,2022-01-01T00:11:07,47.65148,-122.32349,0.0,360.0,511.0,PURA VIDA,IMO0000000,,37,,11,3,,,B
338388721,2022-01-01T00:17:23,47.65146,-122.32356,0.0,360.0,511.0,PURA VIDA,IMO0000000,,37,,11,3,,,B
338388721,2022-01-01T00:14:33,47.65147,-122.32351,0.0,360.0,511.0,PURA VIDA,IMO0000000,,37,,11,3,,,B
338388721,2022-01-01T00:20:31,47.65144,-122.32355,0.0,360.0,511.0,PURA VIDA,IMO0000000,,37,,11,3,,,B
338388721,2022-01-01T00:23:11,47.65143,-122.32354,0.0,360.0,511.0,PURA VIDA,IMO0000000,,37,,11,3,,,B
338388721,2022-01-01T00:29:39,47.65147,-122.32352,0.2,360.0,511.0,PURA VIDA,IMO0000000,,37,,11,3,,,B
338388721,2022-01-01T00:35:30,47.65144,-122.32354,0.0,360.0,511.0,PURA VIDA,IMO0000000,,37,,11,3,,,B
338388721,2022-01-01T00:26:34,47.65145,-122.32357,0.2,360.0,511.0,PURA VIDA,IMO0000000,,37,,11,3,,,B
338388721,2022-01-01T00:38:18,47.65145,-122.32351,0.0,360.0,511.0,PURA VIDA,IMO0000000,,37,,11,3,,,B
338388721,2022-01-01T00:44:16,47.65145,-122.32349,0.0,360.0,511.0,PURA VIDA,IMO0000000,,37,,11,3,,,B
338388721,2022-01-01T00:56:25,47.65145,-122.32349,0.0,360.0,511.0,PURA VIDA,IMO0000000,,37,,11,3,,,B
338388721,2022-01-01T01:02:19,47.65145,-122.32353,0.0,360.0,511.0,PURA VIDA,IMO0000000,,37,,11,3,,,B
338388721,2022-01-01T01:08:05,47.65145,-122.32353,0.0,360.0,511.0,PURA VIDA,IMO0000000,,37,,11,3,,,B
338388721,2022-01-01T01:11:05,47.65149,-122.32352,0.0,360.0,511.0,PURA VIDA,IMO0000000,,37,,11,3,,,B
338388721,2022-01-01T01:14:10,47.65146,-122.32348,0.0,360.0,511.0,PURA VIDA,IMO0000000,,37,,11,3,,,B
338388721,2022-01-01T01:17:37,47.65145,-122.32352,0.0,360.0,511.0,PURA VIDA,IMO0000000,,37,,11,3,,,B
338388721,2022-01-01T01:23:31,47.65147,-122.32352,0.0,360.0,511.0,PURA VIDA,IMO0000000,,37,,11,3,,,B
338388721,2022-01-01T01:26:26,47.65147,-122.32355,0.0,360.0,511.0,PURA VIDA,IMO0000000,,37,,11,3,,,B
338388721,2022-01-01T00:50:22,47.65147,-122.32347,0.0,360.0,511.0,PURA VIDA,IMO0000000,,37,,11,3,,,B
338388721,2022-01-01T01:32:36,47.65146,-122.32349,0.0,360.0,511.0,PURA VIDA,IMO0000000,,37,,11,3,,,B
338388721,2022-01-01T00:53:33,47.65146,-122.32348,0.0,360.0,511.0,PURA VIDA,IMO0000000,,37,,11,3,,,B
338388721,2022-01-01T01:29:07,47.65147,-122.32349,0.0,360.0,511.0,PURA VIDA,IMO0000000,,37,,11,3,,,B
338388721,2022-01-01T01:38:04,47.65145,-122.32344,0.1,360.0,511.0,PURA VIDA,IMO0000000,,37,,11,3,,,B
338388721,2022-01-01T01:35:06,47.65148,-122.32341,0.0,360.0,511.0,PURA VIDA,IMO0000000,,37,,11,3,,,B
338388721,2022-01-01T01:41:26,47.65145,-122.32341,0.1,360.0,511.0,PURA VIDA,IMO0000000,,37,,11,3,,,B
338388721,2022-01-01T01:50:18,47.65148,-122.32347,0.1,360.0,511.0,PURA VIDA,IMO0000000,,37,,11,3,,,B
338388721,2022-01-01T02:02:37,47.65142,-122.32349,0.0,360.0,511.0,PURA VIDA,IMO0000000,,37,,11,3,,,B
338388721,2022-01-01T01:47:30,47.65149,-122.32350,0.0,360.0,511.0,PURA VIDA,IMO0000000,,37,,11,3,,,B
338388721,2022-01-01T01:56:12,47.65144,-122.32348,0.0,360.0,511.0,PURA VIDA,IMO0000000,,37,,11,3,,,B
338388721,2022-01-01T02:05:38,47.65145,-122.32350,0.0,360.0,511.0,PURA VIDA,IMO0000000,,37,,11,3,,,B
338388721,2022-01-01T02:11:18,47.65147,-122.32349,0.0,360.0,511.0,PURA VIDA,IMO0000000,,37,,11,3,,,B
338388721,2022-01-01T01:59:22,47.65142,-122.32347,0.0,360.0,511.0,PURA VIDA,IMO0000000,,37,,11,3,,,B
338388721,2022-01-01T02:14:29,47.65146,-122.32350,0.0,360.0,511.0,PURA VIDA,IMO0000000,,37,,11,3,,,B
338388721,2022-01-01T02:08:22,47.65150,-122.32348,0.1,360.0,511.0,PURA VIDA,IMO0000000,,37,,11,3,,,B
338388721,2022-01-01T02:23:39,47.65148,-122.32347,0.0,360.0,511.0,PURA VIDA,IMO0000000,,37,,11,3,,,B
338388721,2022-01-01T02:26:18,47.65143,-122.32339,0.1,360.0,511.0,PURA VIDA,IMO0000000,,37,,11,3,,,B
338388721,2022-01-01T02:17:36,47.65145,-122.32350,0.0,360.0,511.0,PURA VIDA,IMO0000000,,37,,11,3,,,B
338388721,2022-01-01T02:20:09,47.65140,-122.32351,0.0,360.0,511.0,PURA VIDA,IMO0000000,,37,,11,3,,,B
338388721,2022-01-01T02:35:16,47.65151,-122.32341,0.0,360.0,511.0,PURA VIDA,IMO0000000,,37,,11,3,,,B
338388721,2022-01-01T02:29:17,47.65146,-122.32347,0.0,360.0,511.0,PURA VIDA,IMO0000000,,37,,11,3,,,B
338388721,2022-01-01T02:41:32,47.65150,-122.32344,0.1,360.0,511.0,PURA VIDA,IMO0000000,,37,,11,3,,,B
338388721,2022-01-01T02:44:05,47.65150,-122.32348,0.0,360.0,511.0,PURA VIDA,IMO0000000,,37,,11,3,,,B
338388721,2022-01-01T02:38:10,47.65150,-122.32341,0.0,360.0,511.0,PURA VIDA,IMO0000000,,37,,11,3,,,B
338388721,2022-01-01T03:08:33,47.65147,-122.32351,0.1,360.0,511.0,PURA VIDA,IMO0000000,,37,,11,3,,,B
338388721,2022-01-01T03:17:09,47.65148,-122.32351,0.0,360.0,511.0,PURA VIDA,IMO0000000,,37,,11,3,,,B
338388721,2022-01-01T02:59:28,47.65147,-122.32348,0.0,360.0,511.0,PURA VIDA,IMO0000000,,37,,11,3,,,B
338388721,2022-01-01T03:11:29,47.65143,-122.32348,0.0,360.0,511.0,PURA VIDA,IMO0000000,,37,,11,3,,,B
338388721,2022-01-01T03:26:37,47.65146,-122.32353,0.0,360.0,511.0,PURA VIDA,IMO0000000,,37,,11,3,,,B
338388721,2022-01-01T03:32:08,47.65148,-122.32359,0.0,360.0,511.0,PURA VIDA,IMO0000000,,37,,11,3,,,B
338388721,2022-01-01T03:29:16,47.65148,-122.32353,0.0,360.0,511.0,PURA VIDA,IMO0000000,,37,,11,3,,,B
338388721,2022-01-01T03:20:31,47.65147,-122.32351,0.0,360.0,511.0,PURA VIDA,IMO0000000,,37,,11,3,,,B
338388721,2022-01-01T03:47:35,47.65147,-122.32353,0.0,360.0,511.0,PURA VIDA,IMO0000000,,37,,11,3,,,B
338388721,2022-01-01T03:41:18,47.65145,-122.32355,0.0,360.0,511.0,PURA VIDA,IMO0000000,,37,,11,3,,,B
338388721,2022-01-01T03:35:23,47.65147,-122.32354,0.0,360.0,511.0,PURA VIDA,IMO0000000,,37,,11,3,,,B
338388721,2022-01-01T03:38:24,47.65150,-122.32357,0.0,360.0,511.0,PURA VIDA,IMO0000000,,37,,11,3,,,B
338388721,2022-01-01T04:02:18,47.65146,-122.32344,0.0,360.0,511.0,PURA VIDA,IMO0000000,,37,,11,3,,,B
338388721,2022-01-01T04:08:21,47.65149,-122.32346,0.0,360.0,511.0,PURA VIDA,IMO0000000,,37,,11,3,,,B
338388721,2022-01-01T04:05:27,47.65147,-122.32337,0.0,360.0,511.0,PURA VIDA,IMO0000000,,37,,11,3,,,B
338388721,2022-01-01T03:56:28,47.65147,-122.32343,0.0,360.0,511.0,PURA VIDA,IMO0000000,,37,,11,3,,,B
338388721,2022-01-01T04:11:37,47.65146,-122.32350,0.0,360.0,511.0,PURA VIDA,IMO0000000,,37,,11,3,,,B
338388721,2022-01-01T04:14:31,47.65146,-122.32345,0.1,360.0,511.0,PURA VIDA,IMO0000000,,37,,11,3,,,B
338388721,2022-01-01T04:20:34,47.65145,-122.32347,0.0,360.0,511.0,PURA VIDA,IMO0000000,,37,,11,3,,,B
338388721,2022-01-01T04:17:09,47.65146,-122.32348,0.1,360.0,511.0,PURA VIDA,IMO0000000,,37,,11,3,,,B
338388721,2022-01-01T04:29:17,47.65146,-122.32351,0.0,360.0,511.0,PURA VIDA,IMO0000000,,37,,11,3,,,B
338388721,2022-01-01T04:50:10,47.65152,-122.32345,0.0,360.0,511.0,PURA VIDA,IMO0000000,,37,,11,3,,,B
338388721,2022-01-01T04:53:15,47.65149,-122.32351,0.0,360.0,511.0,PURA VIDA,IMO0000000,,37,,11,3,,,B
338388721,2022-01-01T04:56:37,47.65151,-122.32349,0.0,360.0,511.0,PURA VIDA,IMO0000000,,37,,11,3,,,B
338388721,2022-01-01T04:38:09,47.65149,-122.32348,0.0,360.0,511.0,PURA VIDA,IMO0000000,,37,,11,3,,,B
338388721,2022-01-01T04:47:26,47.65145,-122.32353,0.2,360.0,511.0,PURA VIDA,IMO0000000,,37,,11,3,,,B
338388721,2022-01-01T05:02:34,47.65151,-122.32351,0.0,360.0,511.0,PURA VIDA,IMO0000000,,37,,11,3,,,B
338388721,2022-01-01T05:14:39,47.65149,-122.32346,0.0,360.0,511.0,PURA VIDA,IMO0000000,,37,,11,3,,,B
338388721,2022-01-01T05:26:29,47.65152,-122.32351,0.0,360.0,511.0,PURA VIDA,IMO0000000,,37,,11,3,,,B
338388721,2022-01-01T05:05:26,47.65151,-122.32349,0.0,360.0,511.0,PURA VIDA,IMO0000000,,37,,11,3,,,B
338388721,2022-01-01T05:17:18,47.65150,-122.32341,0.0,360.0,511.0,PURA VIDA,IMO0000000,,37,,11,3,,,B
338388721,2022-01-01T05:20:25,47.65145,-122.32345,0.1,360.0,511.0,PURA VIDA,IMO0000000,,37,,11,3,,,B
338388721,2022-01-01T05:29:38,47.65149,-122.32350,0.0,360.0,511.0,PURA VIDA,IMO0000000,,37,,11,3,,,B
338388721,2022-01-01T05:41:07,47.65143,-122.32357,0.0,360.0,511.0,PURA VIDA,IMO0000000,,37,,11,3,,,B
338388721,2022-01-01T02:50:05,47.65148,-122.32350,0.0,360.0,511.0,PURA VIDA,IMO0000000,,37,,11,3,,,B
338388721,2022-01-01T05:59:29,47.65151,-122.32350,0.0,360.0,511.0,PURA VIDA,IMO0000000,,37,,11,3,,,B
338388721,2022-01-01T02:56:35,47.65148,-122.32351,0.0,360.0,511.0,PURA VIDA,IMO0000000,,37,,11,3,,,B
338388721,2022-01-01T06:02:18,47.65148,-122.32355,0.0,360.0,511.0,PURA VIDA,IMO0000000,,37,,11,3,,,B
338388721,2022-01-01T05:47:27,47.65144,-122.32359,0.0,360.0,511.0,PURA VIDA,IMO0000000,,37,,11,3,,,B
338388721,2022-01-01T05:53:31,47.65147,-122.32348,0.0,360.0,511.0,PURA VIDA,IMO0000000,,37,,11,3,,,B
338388721,2022-01-01T06:32:24,47.65153,-122.32344,0.0,360.0,511.0,PURA VIDA,IMO0000000,,37,,11,3,,,B
338388721,2022-01-01T06:17:17,47.65148,-122.32347,0.0,360.0,511.0,PURA VIDA,IMO0000000,,37,,11,3,,,B
338388721,2022-01-01T06:20:28,47.65148,-122.32351,0.0,360.0,511.0,PURA VIDA,IMO0000000,,37,,11,3,,,B
338388721,2022-01-01T06:05:22,47.65155,-122.32342,0.0,360.0,511.0,PURA VIDA,IMO0000000,,37,,11,3,,,B
338388721,2022-01-01T06:08:28,47.65147,-122.32347,0.0,360.0,511.0,PURA VIDA,IMO0000000,,37,,11,3,,,B
338388721,2022-01-01T06:23:11,47.65150,-122.32345,0.0,360.0,511.0,PURA VIDA,IMO0000000,,37,,11,3,,,B
338388721,2022-01-01T06:26:31,47.65151,-122.32348,0.0,360.0,511.0,PURA VIDA,IMO0000000,,37,,11,3,,,B
338388721,2022-01-01T06:29:12,47.65155,-122.32344,0.0,360.0,511.0,PURA VIDA,IMO0000000,,37,,11,3,,,B
338388721,2022-01-01T06:14:28,47.65146,-122.32351,0.1,360.0,511.0,PURA VIDA,IMO0000000,,37,,11,3,,,B
338388721,2022-01-01T06:41:06,47.65146,-122.32349,0.0,360.0,511.0,PURA VIDA,IMO0000000,,37,,11,3,,,B
338388721,2022-01-01T06:38:28,47.65148,-122.32349,0.0,360.0,511.0,PURA VIDA,IMO0000000,,37,,11,3,,,B
338388721,2022-01-01T06:44:33,47.65143,-122.32349,0.0,360.0,511.0,PURA VIDA,IMO0000000,,37,,11,3,,,B
338388721,2022-01-01T07:17:23,47.65145,-122.32353,0.0,360.0,511.0,PURA VIDA,IMO0000000,,37,,11,3,,,B
338388721,2022-01-01T07:02:33,47.65147,-122.32347,0.0,360.0,511.0,PURA VIDA,IMO0000000,,37,,11,3,,,B
338388721,2022-01-01T06:59:13,47.65148,-122.32350,0.0,360.0,511.0,PURA VIDA,IMO0000000,,37,,11,3,,,B
338388721,2022-01-01T06:50:22,47.65149,-122.32352,0.0,360.0,511.0,PURA VIDA,IMO0000000,,37,,11,3,,,B
338388721,2022-01-01T07:05:27,47.65149,-122.32350,0.0,360.0,511.0,PURA VIDA,IMO0000000,,37,,11,3,,,B
338388721,2022-01-01T06:53:25,47.65148,-122.32349,0.0,360.0,511.0,PURA VIDA,IMO0000000,,37,,11,3,,,B
338388721,2022-01-01T06:56:30,47.65149,-122.32349,0.0,360.0,511.0,PURA VIDA,IMO0000000,,37,,11,3,,,B
338388721,2022-01-01T07:20:17,47.65147,-122.32352,0.0,360.0,511.0,PURA VIDA,IMO0000000,,37,,11,3,,,B
338388721,2022-01-01T07:08:03,47.65147,-122.32352,0.0,360.0,511.0,PURA VIDA,IMO0000000,,37,,11,3,,,B
338388721,2022-01-01T07:26:33,47.65147,-122.32348,0.0,360.0,511.0,PURA VIDA,IMO0000000,,37,,11,3,,,B
338388721,2022-01-01T07:53:10,47.65144,-122.32349,0.0,360.0,511.0,PURA VIDA,IMO0000000,,37,,11,3,,,B
338388721,2022-01-01T07:29:28,47.65144,-122.32349,0.0,360.0,511.0,PURA VIDA,IMO0000000,,37,,11,3,,,B
338388721,2022-01-01T07:35:17,47.65148,-122.32348,0.0,360.0,511.0,PURA VIDA,IMO0000000,,37,,11,3,,,B
338388721,2022-01-01T07:50:07,47.65144,-122.32347,0.0,360.0,511.0,PURA VIDA,IMO0000000,,37,,11,3,,,B
338388721,2022-01-01T07:47:29,47.65151,-122.32345,0.0,360.0,511.0,PURA VIDA,IMO0000000,,37,,11,3,,,B
338388721,2022-01-01T07:59:09,47.65149,-122.32351,0.0,360.0,511.0,PURA VIDA,IMO0000000,,37,,11,3,,,B
338388721,2022-01-01T07:56:25,47.65146,-122.32348,0.0,360.0,511.0,PURA VIDA,IMO0000000,,37,,11,3,,,B
338388721,2022-01-01T03:44:31,47.65144,-122.32354,0.1,360.0,511.0,PURA VIDA,IMO0000000,,37,,11,3,,,B
338388721,2022-01-01T07:41:30,47.65145,-122.32350,0.0,360.0,511.0,PURA VIDA,IMO0000000,,37,,11,3,,,B
338388721,2022-01-01T08:02:29,47.65148,-122.32344,0.0,360.0,511.0,PURA VIDA,IMO0000000,,37,,11,3,,,B
338388721,2022-01-01T07:44:33,47.65146,-122.32349,0.0,360.0,511.0,PURA VIDA,IMO0000000,,37,,11,3,,,B
338388721,2022-01-01T08:17:12,47.65150,-122.32343,0.0,360.0,511.0,PURA VIDA,IMO0000000,,37,,11,3,,,B
338388721,2022-01-01T08:47:06,47.65150,-122.32350,0.0,360.0,511.0,PURA VIDA,IMO0000000,,37,,11,3,,,B
338388721,2022-01-01T08:20:39,47.65154,-122.32349,0.0,360.0,511.0,PURA VIDA,IMO0000000,,37,,11,3,,,B
338388721,2022-01-01T08:14:05,47.65147,-122.32348,0.1,360.0,511.0,PURA VIDA,IMO0000000,,37,,11,3,,,B
338388721,2022-01-01T08:29:13,47.65146,-122.32355,0.0,360.0,511.0,PURA VIDA,IMO0000000,,37,,11,3,,,B
338388721,2022-01-01T08:32:19,47.65146,-122.32356,0.0,360.0,511.0,PURA VIDA,IMO0000000,,37,,11,3,,,B
338388721,2022-01-01T08:23:22,47.65149,-122.32351,0.1,360.0,511.0,PURA VIDA,IMO0000000,,37,,11,3,,,B
338388721,2022-01-01T09:02:19,47.65148,-122.32350,0.0,360.0,511.0,PURA VIDA,IMO0000000,,37,,11,3,,,B
338388721,2022-01-01T08:38:16,47.65150,-122.32348,0.1,360.0,511.0,PURA VIDA,IMO0000000,,37,,11,3,,,B
338388721,2022-01-01T08:41:11,47.65148,-122.32351,0.1,360.0,511.0,PURA VIDA,IMO0000000,,37,,11,3,,,B
338388721,2022-01-01T08:53:21,47.65151,-122.32349,0.0,360.0,511.0,PURA VIDA,IMO0000000,,37,,11,3,,,B
338388721,2022-01-01T08:56:14,47.65153,-122.32349,0.0,360.0,511.0,PURA VIDA,IMO0000000,,37,,11,3,,,B
338388721,2022-01-01T09:20:23,47.65148,-122.32353,0.0,360.0,511.0,PURA VIDA,IMO0000000,,37,,11,3,,,B
338388721,2022-01-01T09:23:16,47.65146,-122.32355,0.0,360.0,511.0,PURA VIDA,IMO0000000,,37,,11,3,,,B
338388721,2022-01-01T09:05:03,47.65149,-122.32355,0.0,360.0,511.0,PURA VIDA,IMO0000000,,37,,11,3,,,B
338388721,2022-01-01T08:44:09,47.65146,-122.32351,0.0,360.0,511.0,PURA VIDA,IMO0000000,,37,,11,3,,,B
338388721,2022-01-01T09:25:16,47.65149,-122.32351,0.0,360.0,511.0,PURA VIDA,IMO0000000,,37,,11,3,,,B
338388721,2022-01-01T09:37:13,47.65147,-122.32351,0.0,360.0,511.0,PURA VIDA,IMO0000000,,37,,11,3,,,B
338388721,2022-01-01T09:08:04,47.65147,-122.32355,0.0,360.0,511.0,PURA VIDA,IMO0000000,,37,,11,3,,,B
338388721,2022-01-01T09:14:34,47.65144,-122.32358,0.0,360.0,511.0,PURA VIDA,IMO0000000,,37,,11,3,,,B
338388721,2022-01-01T10:22:32,47.65148,-122.32358,0.1,360.0,511.0,PURA VIDA,IMO0000000,,37,,11,3,,,B
338388721,2022-01-01T09:48:59,47.65151,-122.32342,0.1,360.0,511.0,PURA VIDA,IMO0000000,,37,,11,3,,,B
338388721,2022-01-01T10:25:05,47.65149,-122.32358,0.0,360.0,511.0,PURA VIDA,IMO0000000,,37,,11,3,,,B
338388721,2022-01-01T09:43:04,47.65148,-122.32349,0.1,360.0,511.0,PURA VIDA,IMO0000000,,37,,11,3,,,B
338388721,2022-01-01T09:46:05,47.65150,-122.32345,0.0,360.0,511.0,PURA VIDA,IMO0000000,,37,,11,3,,,B
338388721,2022-01-01T10:34:05,47.65149,-122.32354,0.0,360.0,511.0,PURA VIDA,IMO0000000,,37,,11,3,,,B
338388721,2022-01-01T10:10:19,47.65147,-122.32356,0.0,360.0,511.0,PURA VIDA,IMO0000000,,37,,11,3,,,B
338388721,2022-01-01T10:01:25,47.65148,-122.32362,0.0,360.0,511.0,PURA VIDA,IMO0000000,,37,,11,3,,,B
338388721,2022-01-01T10:13:20,47.65149,-122.32354,0.0,360.0,511.0,PURA VIDA,IMO0000000,,37,,11,3,,,B
338388721,2022-01-01T10:46:25,47.65149,-122.32345,0.0,360.0,511.0,PURA VIDA,IMO0000000,,37,,11,3,,,B
338388721,2022-01-01T04:41:20,47.65151,-122.32348,0.0,360.0,511.0,PURA VIDA,IMO0000000,,37,,11,3,,,B
338388721,2022-01-01T11:10:17,47.65144,-122.32346,0.0,360.0,511.0,PURA VIDA,IMO0000000,,37,,11,3,,,B
338388721,2022-01-01T10:28:18,47.65148,-122.32353,0.0,360.0,511.0,PURA VIDA,IMO0000000,,37,,11,3,,,B
338388721,2022-01-01T10:49:06,47.65147,-122.32353,0.0,360.0,511.0,PURA VIDA,IMO0000000,,37,,11,3,,,B
338388721,2022-01-01T11:28:11,47.65148,-122.32347,0.0,360.0,511.0,PURA VIDA,IMO0000000,,37,,11,3,,,B
338388721,2022-01-01T10:58:17,47.65152,-122.32349,0.0,360.0,511.0,PURA VIDA,IMO0000000,,37,,11,3,,,B
338388721,2022-01-01T11:31:17,47.65142,-122.32354,0.0,360.0,511.0,PURA VIDA,IMO0000000,,37,,11,3,,,B
338388721,2022-01-01T10:55:28,47.65148,-122.32352,0.0,360.0,511.0,PURA VIDA,IMO0000000,,37,,11,3,,,B
338388721,2022-01-01T04:59:33,47.65151,-122.32348,0.0,360.0,511.0,PURA VIDA,IMO0000000,,37,,11,3,,,B
338388721,2022-01-01T11:04:22,47.65146,-122.32348,0.0,360.0,511.0,PURA VIDA,IMO0000000,,37,,11,3,,,B
338388721,2022-01-01T11:40:07,47.65142,-122.32357,0.0,360.0,511.0,PURA VIDA,IMO0000000,,37,,11,3,,,B
338388721,2022-01-01T11:07:25,47.65146,-122.32345,0.0,360.0,511.0,PURA VIDA,IMO0000000,,37,,11,3,,,B
338388721,2022-01-01T10:42:58,47.65150,-122.32351,0.0,360.0,511.0,PURA VIDA,IMO0000000,,37,,11,3,,,B
338388721,2022-01-01T11:01:14,47.65152,-122.32348,0.0,360.0,511.0,PURA VIDA,IMO0000000,,37,,11,3,,,B
338388721,2022-01-01T11:22:07,47.65144,-122.32354,0.0,360.0,511.0,PURA VIDA,IMO0000000,,37,,11,3,,,B
338388721,2022-01-01T11:58:27,47.65141,-122.32359,0.0,360.0,511.0,PURA VIDA,IMO0000000,,37,,11,3,,,B
338388721,2022-01-01T11:16:30,47.65145,-122.32355,0.0,360.0,511.0,PURA VIDA,IMO0000000,,37,,11,3,,,B
338388721,2022-01-01T11:34:27,47.65141,-122.32352,0.0,360.0,511.0,PURA VIDA,IMO0000000,,37,,11,3,,,B
338388721,2022-01-01T11:52:04,47.65147,-122.32357,0.1,360.0,511.0,PURA VIDA,IMO0000000,,37,,11,3,,,B
338388721,2022-01-01T12:04:13,47.65145,-122.32350,0.0,360.0,511.0,PURA VIDA,IMO0000000,,37,,11,3,,,B
338388721,2022-01-01T11:49:17,47.65145,-122.32358,0.0,360.0,511.0,PURA VIDA,IMO0000000,,37,,11,3,,,B
338388721,2022-01-01T12:34:22,47.65144,-122.32348,0.0,360.0,511.0,PURA VIDA,IMO0000000,,37,,11,3,,,B
338388721,2022-01-01T12:19:11,47.65141,-122.32363,0.0,360.0,511.0,PURA VIDA,IMO0000000,,37,,11,3,,,B
338388721,2022-01-01T12:22:28,47.65142,-122.32364,0.0,360.0,511.0,PURA VIDA,IMO0000000,,37,,11,3,,,B
338388721,2022-01-01T12:16:17,47.65143,-122.32362,0.0,360.0,511.0,PURA VIDA,IMO0000000,,37,,11,3,,,B
338388721,2022-01-01T12:42:59,47.65142,-122.32353,0.0,360.0,511.0,PURA VIDA,IMO0000000,,37,,11,3,,,B
338388721,2022-01-01T13:13:05,47.65145,-122.32346,0.0,360.0,511.0,PURA VIDA,IMO0000000,,37,,11,3,,,B
338388721,2022-01-01T12:28:33,47.65145,-122.32362,0.0,360.0,511.0,PURA VIDA,IMO0000000,,37,,11,3,,,B
338388721,2022-01-01T13:19:25,47.65148,-122.32348,0.0,360.0,511.0,PURA VIDA,IMO0000000,,37,,11,3,,,B
338388721,2022-01-01T12:31:28,47.65144,-122.32351,0.0,360.0,511.0,PURA VIDA,IMO0000000,,37,,11,3,,,B
338388721,2022-01-01T12:37:27,47.65144,-122.32348,0.0,360.0,511.0,PURA VIDA,IMO0000000,,37,,11,3,,,B
338388721,2022-01-01T05:44:30,47.65138,-122.32360,0.0,360.0,511.0,PURA VIDA,IMO0000000,,37,,11,3,,,B
338388721,2022-01-01T05:50:04,47.65143,-122.32358,0.0,360.0,511.0,PURA VIDA,IMO0000000,,37,,11,3,,,B
338388721,2022-01-01T12:46:22,47.65142,-122.32354,0.0,360.0,511.0,PURA VIDA,IMO0000000,,37,,11,3,,,B
338388721,2022-01-01T12:25:06,47.65144,-122.32366,0.0,360.0,511.0,PURA VIDA,IMO0000000,,37,,11,3,,,B
338388721,2022-01-01T13:01:15,47.65143,-122.32349,0.0,360.0,511.0,PURA VIDA,IMO0000000,,37,,11,3,,,B
338388721,2022-01-01T13:04:16,47.65144,-122.32347,0.1,360.0,511.0,PURA VIDA,IMO0000000,,37,,11,3,,,B
338388721,2022-01-01T13:10:33,47.65148,-122.32340,0.0,360.0,511.0,PURA VIDA,IMO0000000,,37,,11,3,,,B
338388721,2022-01-01T13:40:27,47.65152,-122.32346,0.0,360.0,511.0,PURA VIDA,IMO0000000,,37,,11,3,,,B
338388721,2022-01-01T13:37:22,47.65150,-122.32346,0.0,360.0,511.0,PURA VIDA,IMO0000000,,37,,11,3,,,B
338388721,2022-01-01T14:31:32,47.65153,-122.32339,0.0,360.0,511.0,PURA VIDA,IMO0000000,,37,,11,3,,,B
338388721,2022-01-01T13:43:22,47.65150,-122.32343,0.0,360.0,511.0,PURA VIDA,IMO0000000,,37,,11,3,,,B
338388721,2022-01-01T13:55:33,47.65147,-122.32355,0.1,360.0,511.0,PURA VIDA,IMO0000000,,37,,11,3,,,B
338388721,2022-01-01T14:01:00,47.65142,-122.32345,0.0,360.0,511.0,PURA VIDA,IMO0000000,,37,,11,3,,,B
338388721,2022-01-01T13:25:05,47.65147,-122.32352,0.0,360.0,511.0,PURA VIDA,IMO0000000,,37,,11,3,,,B
338388721,2022-01-01T14:07:30,47.65150,-122.32348,0.0,360.0,511.0,PURA VIDA,IMO0000000,,37,,11,3,,,B
338388721,2022-01-01T14:52:26,47.65153,-122.32341,0.0,360.0,511.0,PURA VIDA,IMO0000000,,37,,11,3,,,B
338388721,2022-01-01T14:58:30,47.65147,-122.32345,0.0,360.0,511.0,PURA VIDA,IMO0000000,,37,,11,3,,,B
338388721,2022-01-01T15:07:12,47.65150,-122.32345,0.0,360.0,511.0,PURA VIDA,IMO0000000,,37,,11,3,,,B
338388721,2022-01-01T13:49:10,47.65138,-122.32352,0.0,360.0,511.0,PURA VIDA,IMO0000000,,37,,11,3,,,B
338388721,2022-01-01T14:49:06,47.65151,-122.32345,0.0,360.0,511.0,PURA VIDA,IMO0000000,,37,,11,3,,,B
338388721,2022-01-01T14:40:31,47.65150,-122.32344,0.0,360.0,511.0,PURA VIDA,IMO0000000,,37,,11,3,,,B
338388721,2022-01-01T14:43:29,47.65154,-122.32340,0.0,360.0,511.0,PURA VIDA,IMO0000000,,37,,11,3,,,B
338388721,2022-01-01T14:25:00,47.65150,-122.32350,0.0,360.0,511.0,PURA VIDA,IMO0000000,,37,,11,3,,,B
338388721,2022-01-01T15:13:25,47.65151,-122.32349,0.0,360.0,511.0,PURA VIDA,IMO0000000,,37,,11,3,,,B
338388721,2022-01-01T15:01:10,47.65147,-122.32347,0.0,360.0,511.0,PURA VIDA,IMO0000000,,37,,11,3,,,B
338388721,2022-01-01T16:19:31,47.65147,-122.32346,0.0,360.0,511.0,PURA VIDA,IMO0000000,,37,,11,3,,,B
338388721,2022-01-01T15:28:25,47.65151,-122.32346,0.0,360.0,511.0,PURA VIDA,IMO0000000,,37,,11,3,,,B
338388721,2022-01-01T16:22:18,47.65145,-122.32344,0.0,360.0,511.0,PURA VIDA,IMO0000000,,37,,11,3,,,B
338388721,2022-01-01T15:52:12,47.65146,-122.32340,0.0,360.0,511.0,PURA VIDA,IMO0000000,,37,,11,3,,,B
338388721,2022-01-01T15:40:17,47.65150,-122.32348,0.0,360.0,511.0,PURA VIDA,IMO0000000,,37,,11,3,,,B
338388721,2022-01-01T15:19:11,47.65150,-122.32346,0.3,360.0,511.0,PURA VIDA,IMO0000000,,37,,11,3,,,B
338388721,2022-01-01T15:49:28,47.65147,-122.32343,0.0,360.0,511.0,PURA VIDA,IMO0000000,,37,,11,3,,,B
338388721,2022-01-01T16:06:59,47.65147,-122.32345,0.0,360.0,511.0,PURA VIDA,IMO0000000,,37,,11,3,,,B
338388721,2022-01-01T16:01:32,47.65145,-122.32348,0.0,360.0,511.0,PURA VIDA,IMO0000000,,37,,11,3,,,B
338388721,2022-01-01T16:58:13,47.65151,-122.32340,0.0,360.0,511.0,PURA VIDA,IMO0000000,,37,,11,3,,,B
338388721,2022-01-01T16:10:09,47.65149,-122.32340,0.1,360.0,511.0,PURA VIDA,IMO0000000,,37,,11,3,,,B
338388721,2022-01-01T15:46:10,47.65147,-122.32345,0.0,360.0,511.0,PURA VIDA,IMO0000000,,37,,11,3,,,B
338388721,2022-01-01T16:13:18,47.65147,-122.32348,0.0,360.0,511.0,PURA VIDA,IMO0000000,,37,,11,3,,,B
338388721,2022-01-01T16:16:33,47.65148,-122.32345,0.0,360.0,511.0,PURA VIDA,IMO0000000,,37,,11,3,,,B
338388721,2022-01-01T17:16:27,47.65149,-122.32343,0.0,360.0,511.0,PURA VIDA,IMO0000000,,37,,11,3,,,B
338388721,2022-01-01T16:28:16,47.65148,-122.32345,0.0,360.0,511.0,PURA VIDA,IMO0000000,,37,,11,3,,,B
338388721,2022-01-01T16:25:09,47.65148,-122.32345,0.0,360.0,511.0,PURA VIDA,IMO0000000,,37,,11,3,,,B
338388721,2022-01-01T16:46:09,47.65148,-122.32342,0.0,360.0,511.0,PURA VIDA,IMO0000000,,37,,11,3,,,B
338388721,2022-01-01T16:49:17,47.65147,-122.32347,0.0,360.0,511.0,PURA VIDA,IMO0000000,,37,,11,3,,,B
338388721,2022-01-01T16:40:32,47.65143,-122.32349,0.0,360.0,511.0,PURA VIDA,IMO0000000,,37,,11,3,,,B
338388721,2022-01-01T16:52:29,47.65147,-122.32341,0.0,360.0,511.0,PURA VIDA,IMO0000000,,37,,11,3,,,B
338388721,2022-01-01T16:55:17,47.65149,-122.32341,0.0,360.0,511.0,PURA VIDA,IMO0000000,,37,,11,3,,,B
338388721,2022-01-01T17:01:21,47.65151,-122.32340,0.0,360.0,511.0,PURA VIDA,IMO0000000,,37,,11,3,,,B
338388721,2022-01-01T16:37:12,47.65147,-122.32348,0.0,360.0,511.0,PURA VIDA,IMO0000000,,37,,11,3,,,B
338388721,2022-01-01T17:04:18,47.65149,-122.32340,0.0,360.0,511.0,PURA VIDA,IMO0000000,,37,,11,3,,,B
338388721,2022-01-01T17:10:08,47.65148,-122.32343,0.0,360.0,511.0,PURA VIDA,IMO0000000,,37,,11,3,,,B
338388721,2022-01-01T17:25:33,47.65147,-122.32348,0.0,360.0,511.0,PURA VIDA,IMO0000000,,37,,11,3,,,B
338388721,2022-01-01T17:43:05,47.65142,-122.32354,0.0,360.0,511.0,PURA VIDA,IMO0000000,,37,,11,3,,,B
338388721,2022-01-01T17:13:05,47.65152,-122.32345,0.0,360.0,511.0,PURA VIDA,IMO0000000,,37,,11,3,,,B
338388721,2022-01-01T17:19:14,47.65149,-122.32342,0.0,360.0,511.0,PURA VIDA,IMO0000000,,37,,11,3,,,B
338388721,2022-01-01T17:22:27,47.65148,-122.32346,0.0,360.0,511.0,PURA VIDA,IMO0000000,,37,,11,3,,,B
338388721,2022-01-01T18:04:33,47.65141,-122.32360,0.0,360.0,511.0,PURA VIDA,IMO0000000,,37,,11,3,,,B
338388721,2022-01-01T17:49:21,47.65137,-122.32364,0.0,360.0,511.0,PURA VIDA,IMO0000000,,37,,11,3,,,B
338388721,2022-01-01T17:52:18,47.65142,-122.32351,0.1,360.0,511.0,PURA VIDA,IMO0000000,,37,,11,3,,,B
338388721,2022-01-01T18:07:09,47.65143,-122.32362,0.0,360.0,511.0,PURA VIDA,IMO0000000,,37,,11,3,,,B
338388721,2022-01-01T18:16:13,47.65141,-122.32353,0.1,360.0,511.0,PURA VIDA,IMO0000000,,37,,11,3,,,B
338388721,2022-01-01T18:10:05,47.65138,-122.32370,0.6,360.0,511.0,PURA VIDA,IMO0000000,,37,,11,3,,,B
338388721,2022-01-01T18:31:13,47.65143,-122.32355,0.0,360.0,511.0,PURA VIDA,IMO0000000,,37,,11,3,,,B
338388721,2022-01-01T18:19:17,47.65144,-122.32351,0.0,360.0,511.0,PURA VIDA,IMO0000000,,37,,11,3,,,B
338388721,2022-01-01T19:10:26,47.65141,-122.32352,0.0,360.0,511.0,PURA VIDA,IMO0000000,,37,,11,3,,,B
338388721,2022-01-01T18:49:10,47.65144,-122.32346,0.0,360.0,511.0,PURA VIDA,IMO0000000,,37,,11,3,,,B
338388721,2022-01-01T18:58:24,47.65144,-122.32354,0.0,360.0,511.0,PURA VIDA,IMO0000000,,37,,11,3,,,B
338388721,2022-01-01T19:40:16,47.65144,-122.32349,0.0,360.0,511.0,PURA VIDA,IMO0000000,,37,,11,3,,,B
338388721,2022-01-01T19:04:04,47.65143,-122.32347,0.0,360.0,511.0,PURA VIDA,IMO0000000,,37,,11,3,,,B
338388721,2022-01-01T18:43:18,47.65145,-122.32347,0.0,360.0,511.0,PURA VIDA,IMO0000000,,37,,11,3,,,B
338388721,2022-01-01T19:31:30,47.65146,-122.32356,0.0,360.0,511.0,PURA VIDA,IMO0000000,,37,,11,3,,,B
338388721,2022-01-01T19:43:19,47.65147,-122.32350,0.0,360.0,511.0,PURA VIDA,IMO0000000,,37,,11,3,,,B
338388721,2022-01-01T20:28:18,47.65148,-122.32351,0.0,360.0,511.0,PURA VIDA,IMO0000000,,37,,11,3,,,B
338388721,2022-01-01T19:37:09,47.65146,-122.32351,0.0,360.0,511.0,PURA VIDA,IMO0000000,,37,,11,3,,,B
338388721,2022-01-01T20:40:14,47.65154,-122.32347,0.0,360.0,511.0,PURA VIDA,IMO0000000,,37,,11,3,,,B
338388721,2022-01-01T19:22:19,47.65150,-122.32350,0.1,360.0,511.0,PURA VIDA,IMO0000000,,37,,11,3,,,B
338388721,2022-01-01T20:07:11,47.65147,-122.32353,0.1,360.0,511.0,PURA VIDA,IMO0000000,,37,,11,3,,,B
338388721,2022-01-01T19:28:31,47.65144,-122.32353,0.0,360.0,511.0,PURA VIDA,IMO0000000,,37,,11,3,,,B
338388721,2022-01-01T19:34:06,47.65141,-122.32356,0.0,360.0,511.0,PURA VIDA,IMO0000000,,37,,11,3,,,B
338388721,2022-01-01T19:52:07,47.65143,-122.32348,0.0,360.0,511.0,PURA VIDA,IMO0000000,,37,,11,3,,,B
338388721,2022-01-01T19:58:29,47.65147,-122.32349,0.0,360.0,511.0,PURA VIDA,IMO0000000,,37,,11,3,,,B
338388721,2022-01-01T20:10:28,47.65148,-122.32348,0.1,360.0,511.0,PURA VIDA,IMO0000000,,37,,11,3,,,B
338388721,2022-01-01T21:01:16,47.65150,-122.32353,0.1,360.0,511.0,PURA VIDA,IMO0000000,,37,,11,3,,,B
338388721,2022-01-01T20:04:18,47.65149,-122.32348,0.1,360.0,511.0,PURA VIDA,IMO0000000,,37,,11,3,,,B
338388721,2022-01-01T21:06:59,47.65151,-122.32347,0.1,360.0,511.0,PURA VIDA,IMO0000000,,37,,11,3,,,B
338388721,2022-01-01T21:10:33,47.65159,-122.32345,0.3,360.0,511.0,PURA VIDA,IMO0000000,,37,,11,3,,,B
338388721,2022-01-01T20:25:12,47.65146,-122.32353,0.0,360.0,511.0,PURA VIDA,IMO0000000,,37,,11,3,,,B
338388721,2022-01-01T20:19:14,47.65148,-122.32353,0.0,360.0,511.0,PURA VIDA,IMO0000000,,37,,11,3,,,B
338388721,2022-01-01T20:34:20,47.65152,-122.32351,0.0,360.0,511.0,PURA VIDA,IMO0000000,,37,,11,3,,,B
338388721,2022-01-01T08:50:07,47.65150,-122.32348,0.0,360.0,511.0,PURA VIDA,IMO0000000,,37,,11,3,,,B
338388721,2022-01-01T20:22:29,47.65151,-122.32356,0.3,360.0,511.0,PURA VIDA,IMO0000000,,37,,11,3,,,B
338388721,2022-01-01T21:03:58,47.65154,-122.32351,0.0,360.0,511.0,PURA VIDA,IMO0000000,,37,,11,3,,,B
338388721,2022-01-01T20:55:10,47.65149,-122.32350,0.0,360.0,511.0,PURA VIDA,IMO0000000,,37,,11,3,,,B
338388721,2022-01-01T20:49:15,47.65147,-122.32349,0.0,360.0,511.0,PURA VIDA,IMO0000000,,37,,11,3,,,B
338388721,2022-01-01T21:16:13,47.65151,-122.32352,0.1,360.0,511.0,PURA VIDA,IMO0000000,,37,,11,3,,,B
338388721,2022-01-01T21:13:27,47.65152,-122.32353,0.2,360.0,511.0,PURA VIDA,IMO0000000,,37,,11,3,,,B
338388721,2022-01-01T20:52:08,47.65155,-122.32345,0.0,360.0,511.0,PURA VIDA,IMO0000000,,37,,11,3,,,B
338388721,2022-01-01T21:31:23,47.65145,-122.32361,0.0,360.0,511.0,PURA VIDA,IMO0000000,,37,,11,3,,,B
338388721,2022-01-01T22:34:13,47.65147,-122.32348,0.0,360.0,511.0,PURA VIDA,IMO0000000,,37,,11,3,,,B
338388721,2022-01-01T21:52:07,47.65145,-122.32359,0.0,360.0,511.0,PURA VIDA,IMO0000000,,37,,11,3,,,B
338388721,2022-01-01T21:22:09,47.65153,-122.32350,0.1,360.0,511.0,PURA VIDA,IMO0000000,,37,,11,3,,,B
338388721,2022-01-01T21:34:04,47.65148,-122.32352,0.2,360.0,511.0,PURA VIDA,IMO0000000,,37,,11,3,,,B
338388721,2022-01-01T21:28:28,47.65150,-122.32353,0.0,360.0,511.0,PURA VIDA,IMO0000000,,37,,11,3,,,B
338388721,2022-01-01T09:34:24,47.65149,-122.32350,0.0,360.0,511.0,PURA VIDA,IMO0000000,,37,,11,3,,,B
338388721,2022-01-01T22:10:17,47.65153,-122.32349,0.0,360.0,511.0,PURA VIDA,IMO0000000,,37,,11,3,,,B
338388721,2022-01-01T21:40:28,47.65148,-122.32352,0.0,360.0,511.0,PURA VIDA,IMO0000000,,37,,11,3,,,B
338388721,2022-01-01T21:55:12,47.65145,-122.32356,0.0,360.0,511.0,PURA VIDA,IMO0000000,,37,,11,3,,,B
338388721,2022-01-01T21:36:58,47.65151,-122.32350,0.0,360.0,511.0,PURA VIDA,IMO0000000,,37,,11,3,,,B
338388721,2022-01-01T21:46:27,47.65151,-122.32358,0.0,360.0,511.0,PURA VIDA,IMO0000000,,37,,11,3,,,B
338388721,2022-01-01T21:58:21,47.65150,-122.32346,0.0,360.0,511.0,PURA VIDA,IMO0000000,,37,,11,3,,,B
338388721,2022-01-01T22:22:13,47.65150,-122.32346,0.0,360.0,511.0,PURA VIDA,IMO0000000,,37,,11,3,,,B
338388721,2022-01-01T23:13:25,47.65150,-122.32356,0.0,360.0,511.0,PURA VIDA,IMO0000000,,37,,11,3,,,B
338388721,2022-01-01T23:16:24,47.65154,-122.32343,0.1,360.0,511.0,PURA VIDA,IMO0000000,,37,,11,3,,,B
338388721,2022-01-01T22:07:06,47.65153,-122.32345,0.0,360.0,511.0,PURA VIDA,IMO0000000,,37,,11,3,,,B
338388721,2022-01-01T22:15:59,47.65150,-122.32345,0.0,360.0,511.0,PURA VIDA,IMO0000000,,37,,11,3,,,B
338388721,2022-01-01T22:01:14,47.65148,-122.32362,0.0,360.0,511.0,PURA VIDA,IMO0000000,,37,,11,3,,,B
338388721,2022-01-01T21:49:21,47.65148,-122.32360,0.0,360.0,511.0,PURA VIDA,IMO0000000,,37,,11,3,,,B
338388721,2022-01-01T23:28:19,47.65149,-122.32345,0.0,360.0,511.0,PURA VIDA,IMO0000000,,37,,11,3,,,B
338388721,2022-01-01T22:04:16,47.65150,-122.32352,0.0,360.0,511.0,PURA VIDA,IMO0000000,,37,,11,3,,,B
338388721,2022-01-01T22:37:29,47.65147,-122.32353,0.0,360.0,511.0,PURA VIDA,IMO0000000,,37,,11,3,,,B
338388721,2022-01-01T23:01:24,47.65140,-122.32352,0.0,360.0,511.0,PURA VIDA,IMO0000000,,37,,11,3,,,B
338388721,2022-01-01T22:49:10,47.65143,-122.32352,0.1,360.0,511.0,PURA VIDA,IMO0000000,,37,,11,3,,,B
338388721,2022-01-01T22:43:12,47.65150,-122.32348,0.1,360.0,511.0,PURA VIDA,IMO0000000,,37,,11,3,,,B
338388721,2022-01-01T09:58:17,47.65150,-122.32346,0.0,360.0,511.0,PURA VIDA,IMO0000000,,37,,11,3,,,B
338388721,2022-01-01T22:46:04,47.65147,-122.32346,0.0,360.0,511.0,PURA VIDA,IMO0000000,,37,,11,3,,,B
338388721,2022-01-01T22:40:17,47.65147,-122.32345,0.0,360.0,511.0,PURA VIDA,IMO0000000,,37,,11,3,,,B
338388721,2022-01-01T23:10:23,47.65149,-122.32352,0.0,360.0,511.0,PURA VIDA,IMO0000000,,37,,11,3,,,B
338388721,2022-01-01T23:34:26,47.65145,-122.32347,0.0,360.0,511.0,PURA VIDA,IMO0000000,,37,,11,3,,,B
338388721,2022-01-01T23:19:27,47.65148,-122.32348,0.1,360.0,511.0,PURA VIDA,IMO0000000,,37,,11,3,,,B
338388721,2022-01-01T23:22:25,47.65149,-122.32346,0.0,360.0,511.0,PURA VIDA,IMO0000000,,37,,11,3,,,B
338388721,2022-01-01T23:44:24,47.65143,-122.32348,0.0,360.0,511.0,PURA VIDA,IMO0000000,,37,,11,3,,,B
338388721,2022-01-01T23:59:52,47.65144,-122.32354,0.0,360.0,511.0,PURA VIDA,IMO0000000,,37,,11,3,,,B
338388721,2022-01-01T23:53:45,47.65151,-122.32346,0.0,360.0,511.0,PURA VIDA,IMO0000000,,37,,11,3,,,B
338388721,2022-01-01T23:56:47,47.65143,-122.32362,0.1,360.0,511.0,PURA VIDA,IMO0000000,,37,,11,3,,,B
338388721,2022-01-01T23:47:22,47.65145,-122.32346,0.1,360.0,511.0,PURA VIDA,IMO0000000,,37,,11,3,,,B
338388721,2022-01-01T10:40:05,47.65146,-122.32356,0.0,360.0,511.0,PURA VIDA,IMO0000000,,37,,11,3,,,B
338388721,2022-01-01T11:37:09,47.65142,-122.32352,0.0,360.0,511.0,PURA VIDA,IMO0000000,,37,,11,3,,,B
338388721,2022-01-01T11:43:14,47.65143,-122.32354,0.0,360.0,511.0,PURA VIDA,IMO0000000,,37,,11,3,,,B
338388721,2022-01-01T11:46:05,47.65149,-122.32351,0.1,360.0,511.0,PURA VIDA,IMO0000000,,37,,11,3,,,B
338388721,2022-01-01T13:07:22,47.65147,-122.32343,0.0,360.0,511.0,PURA VIDA,IMO0000000,,37,,11,3,,,B
338388721,2022-01-01T13:28:17,47.65149,-122.32351,0.0,360.0,511.0,PURA VIDA,IMO0000000,,37,,11,3,,,B
338388721,2022-01-01T13:52:06,47.65141,-122.32356,0.0,360.0,511.0,PURA VIDA,IMO0000000,,37,,11,3,,,B
338388721,2022-01-01T14:22:05,47.65152,-122.32348,0.0,360.0,511.0,PURA VIDA,IMO0000000,,37,,11,3,,,B
338388721,2022-01-01T14:34:29,47.65152,-122.32343,0.0,360.0,511.0,PURA VIDA,IMO0000000,,37,,11,3,,,B
338388721,2022-01-01T14:46:11,47.65152,-122.32340,0.0,360.0,511.0,PURA VIDA,IMO0000000,,37,,11,3,,,B
338388721,2022-01-01T15:04:25,47.65148,-122.32347,0.0,360.0,511.0,PURA VIDA,IMO0000000,,37,,11,3,,,B
338388721,2022-01-01T16:43:15,47.65141,-122.32353,0.0,360.0,511.0,PURA VIDA,IMO0000000,,37,,11,3,,,B
338388721,2022-01-01T17:28:21,47.65145,-122.32350,0.0,360.0,511.0,PURA VIDA,IMO0000000,,37,,11,3,,,B
338388721,2022-01-01T17:46:33,47.65140,-122.32354,0.0,360.0,511.0,PURA VIDA,IMO0000000,,37,,11,3,,,B
338388721,2022-01-01T18:25:05,47.65141,-122.32350,0.0,360.0,511.0,PURA VIDA,IMO0000000,,37,,11,3,,,B
338388721,2022-01-01T18:40:33,47.65147,-122.32356,0.0,360.0,511.0,PURA VIDA,IMO0000000,,37,,11,3,,,B
338388721,2022-01-01T19:00:58,47.65145,-122.32351,0.0,360.0,511.0,PURA VIDA,IMO0000000,,37,,11,3,,,B
338388721,2022-01-01T21:19:27,47.65154,-122.32340,0.0,360.0,511.0,PURA VIDA,IMO0000000,,37,,11,3,,,B
338388721,2022-01-01T21:25:12,47.65152,-122.32350,0.1,360.0,511.0,PURA VIDA,IMO0000000,,37,,11,3,,,B
338388721,2022-01-01T22:31:05,47.65150,-122.32349,0.0,360.0,511.0,PURA VIDA,IMO0000000,,37,,11,3,,,B
338388721,2022-01-01T23:25:07,47.65153,-122.32338,0.1,360.0,511.0,PURA VIDA,IMO0000000,,37,,11,3,,,B
338388721,2022-01-01T23:31:22,47.65142,-122.32345,0.0,360.0,511.0,PURA VIDA,IMO0000000,,37,,11,3,,,B
338388721,2022-01-01T23:40:18,47.65143,-122.32345,0.0,360.0,511.0,PURA VIDA,IMO0000000,,37,,11,3,,,B
338388721,2022-01-02T00:02:57,47.65143,-122.32354,0.1,360.0,511.0,PURA VIDA,IMO0000000,,37,,11,3,,,B
338388721,2022-01-02T00:05:35,47.65142,-122.32358,0.1,360.0,511.0,PURA VIDA,IMO0000000,,37,,11,3,,,B
338388721,2022-01-02T00:08:53,47.65139,-122.32360,0.0,360.0,511.0,PURA VIDA,IMO0000000,,37,,11,3,,,B
338388721,2022-01-02T00:11:47,47.65145,-122.32352,0.0,360.0,511.0,PURA VIDA,IMO0000000,,37,,11,3,,,B
338388721,2022-01-02T00:17:55,47.65137,-122.32356,0.1,360.0,511.0,PURA VIDA,IMO0000000,,37,,11,3,,,B
338388721,2022-01-02T00:26:36,47.65150,-122.32345,0.1,360.0,511.0,PURA VIDA,IMO0000000,,37,,11,3,,,B
338388721,2022-01-02T00:32:59,47.65145,-122.32355,0.0,360.0,511.0,PURA VIDA,IMO0000000,,37,,11,3,,,B
338388721,2022-01-02T00:15:03,47.65144,-122.32354,0.0,360.0,511.0,PURA VIDA,IMO0000000,,37,,11,3,,,B
338388721,2022-01-02T00:41:36,47.65149,-122.32341,0.0,360.0,511.0,PURA VIDA,IMO0000000,,37,,11,3,,,B
338388721,2022-01-02T00:44:47,47.65147,-122.32344,0.0,360.0,511.0,PURA VIDA,IMO0000000,,37,,11,3,,,B
338388721,2022-01-02T00:50:35,47.65147,-122.32344,0.0,360.0,511.0,PURA VIDA,IMO0000000,,37,,11,3,,,B
338388721,2022-01-02T00:53:41,47.65148,-122.32347,0.1,360.0,511.0,PURA VIDA,IMO0000000,,37,,11,3,,,B
338388721,2022-01-02T00:56:46,47.65147,-122.32357,0.0,360.0,511.0,PURA VIDA,IMO0000000,,37,,11,3,,,B
338388721,2022-01-02T00:59:55,47.65147,-122.32349,0.0,360.0,511.0,PURA VIDA,IMO0000000,,37,,11,3,,,B
338388721,2022-01-02T01:02:57,47.65148,-122.32354,0.0,360.0,511.0,PURA VIDA,IMO0000000,,37,,11,3,,,B
338388721,2022-01-02T01:05:35,47.65148,-122.32355,0.0,360.0,511.0,PURA VIDA,IMO0000000,,37,,11,3,,,B
338388721,2022-01-02T01:11:55,47.65148,-122.32347,0.0,360.0,511.0,PURA VIDA,IMO0000000,,37,,11,3,,,B
338388721,2022-01-02T01:20:47,47.65147,-122.32348,0.0,360.0,511.0,PURA VIDA,IMO0000000,,37,,11,3,,,B
338388721,2022-01-02T01:17:51,47.65146,-122.32353,0.3,360.0,511.0,PURA VIDA,IMO0000000,,37,,11,3,,,B
338388721,2022-01-02T01:26:46,47.65143,-122.32345,0.0,360.0,511.0,PURA VIDA,IMO0000000,,37,,11,3,,,B
338388721,2022-01-02T01:23:36,47.65147,-122.32344,0.0,360.0,511.0,PURA VIDA,IMO0000000,,37,,11,3,,,B
338388721,2022-01-02T01:32:38,47.65147,-122.32346,0.0,360.0,511.0,PURA VIDA,IMO0000000,,37,,11,3,,,B
338388721,2022-01-02T01:38:54,47.65150,-122.32342,0.0,360.0,511.0,PURA VIDA,IMO0000000,,37,,11,3,,,B
338388721,2022-01-02T01:35:43,47.65146,-122.32348,0.2,360.0,511.0,PURA VIDA,IMO0000000,,37,,11,3,,,B
338388721,2022-01-02T01:29:34,47.65147,-122.32347,0.0,360.0,511.0,PURA VIDA,IMO0000000,,37,,11,3,,,B
338388721,2022-01-02T01:47:40,47.65149,-122.32347,0.0,360.0,511.0,PURA VIDA,IMO0000000,,37,,11,3,,,B
338388721,2022-01-02T01:57:02,47.65152,-122.32345,0.1,360.0,511.0,PURA VIDA,IMO0000000,,37,,11,3,,,B
338388721,2022-01-02T02:03:07,47.65151,-122.32352,0.0,360.0,511.0,PURA VIDA,IMO0000000,,37,,11,3,,,B
338388721,2022-01-02T02:11:36,47.65149,-122.32348,0.1,360.0,511.0,PURA VIDA,IMO0000000,,37,,11,3,,,B
338388721,2022-01-02T02:05:34,47.65147,-122.32352,0.1,360.0,511.0,PURA VIDA,IMO0000000,,37,,11,3,,,B
338388721,2022-01-02T02:23:46,47.65147,-122.32346,0.2,360.0,511.0,PURA VIDA,IMO0000000,,37,,11,3,,,B
338388721,2022-01-02T02:20:49,47.65150,-122.32343,0.1,360.0,511.0,PURA VIDA,IMO0000000,,37,,11,3,,,B
338388721,2022-01-02T02:17:46,47.65151,-122.32339,0.1,360.0,511.0,PURA VIDA,IMO0000000,,37,,11,3,,,B
338388721,2022-01-02T02:26:35,47.65149,-122.32348,0.0,360.0,511.0,PURA VIDA,IMO0000000,,37,,11,3,,,B
338388721,2022-01-02T02:42:12,47.65152,-122.32352,0.0,360.0,511.0,PURA VIDA,IMO0000000,,37,,11,3,,,B
338388721,2022-01-02T03:00:13,47.65147,-122.32349,0.0,360.0,511.0,PURA VIDA,IMO0000000,,37,,11,3,,,B
338388721,2022-01-02T02:54:23,47.65145,-122.32353,0.0,360.0,511.0,PURA VIDA,IMO0000000,,37,,11,3,,,B
338388721,2022-01-02T02:57:30,47.65147,-122.32351,0.1,360.0,511.0,PURA VIDA,IMO0000000,,37,,11,3,,,B
338388721,2022-01-02T03:06:17,47.65154,-122.32347,0.0,360.0,511.0,PURA VIDA,IMO0000000,,37,,11,3,,,B
338388721,2022-01-02T03:15:27,47.65150,-122.32353,0.0,360.0,511.0,PURA VIDA,IMO0000000,,37,,11,3,,,B
338388721,2022-01-02T03:09:13,47.65145,-122.32349,0.0,360.0,511.0,PURA VIDA,IMO0000000,,37,,11,3,,,B
338388721,2022-01-02T03:21:14,47.65147,-122.32353,0.0,360.0,511.0,PURA VIDA,IMO0000000,,37,,11,3,,,B
338388721,2022-01-02T03:24:11,47.65147,-122.32357,0.0,360.0,511.0,PURA VIDA,IMO0000000,,37,,11,3,,,B
338388721,2022-01-02T03:27:35,47.65151,-122.32358,0.0,360.0,511.0,PURA VIDA,IMO0000000,,37,,11,3,,,B
338388721,2022-01-02T03:33:00,47.65149,-122.32358,0.0,360.0,511.0,PURA VIDA,IMO0000000,,37,,11,3,,,B
338388721,2022-01-02T03:48:26,47.65150,-122.32357,0.0,360.0,511.0,PURA VIDA,IMO0000000,,37,,11,3,,,B
338388721,2022-01-02T03:54:08,47.65148,-122.32353,0.0,360.0,511.0,PURA VIDA,IMO0000000,,37,,11,3,,,B
338388721,2022-01-02T03:51:17,47.65151,-122.32355,0.1,360.0,511.0,PURA VIDA,IMO0000000,,37,,11,3,,,B
338388721,2022-01-02T04:00:29,47.65147,-122.32344,0.0,360.0,511.0,PURA VIDA,IMO0000000,,37,,11,3,,,B
338388721,2022-01-02T04:06:24,47.65148,-122.32351,0.0,360.0,511.0,PURA VIDA,IMO0000000,,37,,11,3,,,B
338388721,2022-01-02T04:12:05,47.65141,-122.32350,0.0,360.0,511.0,PURA VIDA,IMO0000000,,37,,11,3,,,B
338388721,2022-01-02T04:27:08,47.65149,-122.32347,0.1,360.0,511.0,PURA VIDA,IMO0000000,,37,,11,3,,,B
338388721,2022-01-02T04:18:18,47.65144,-122.32353,0.0,360.0,511.0,PURA VIDA,IMO0000000,,37,,11,3,,,B
338388721,2022-01-02T02:09:06,47.65151,-122.32352,0.0,360.0,511.0,PURA VIDA,IMO0000000,,37,,11,3,,,B
338388721,2022-01-02T04:42:18,47.65148,-122.32349,0.1,360.0,511.0,PURA VIDA,IMO0000000,,37,,11,3,,,B
338388721,2022-01-02T04:33:27,47.65150,-122.32347,0.0,360.0,511.0,PURA VIDA,IMO0000000,,37,,11,3,,,B
338388721,2022-01-02T04:48:12,47.65150,-122.32339,0.1,360.0,511.0,PURA VIDA,IMO0000000,,37,,11,3,,,B
338388721,2022-01-02T04:39:22,47.65157,-122.32346,0.0,360.0,511.0,PURA VIDA,IMO0000000,,37,,11,3,,,B
338388721,2022-01-02T04:51:17,47.65151,-122.32344,0.0,360.0,511.0,PURA VIDA,IMO0000000,,37,,11,3,,,B
338388721,2022-01-02T05:06:17,47.65148,-122.32340,0.2,360.0,511.0,PURA VIDA,IMO0000000,,37,,11,3,,,B
338388721,2022-01-02T04:57:06,47.65155,-122.32345,0.0,360.0,511.0,PURA VIDA,IMO0000000,,37,,11,3,,,B
338388721,2022-01-02T05:18:28,47.65147,-122.32352,0.0,360.0,511.0,PURA VIDA,IMO0000000,,37,,11,3,,,B
338388721,2022-01-02T05:21:11,47.65152,-122.32360,0.2,360.0,511.0,PURA VIDA,IMO0000000,,37,,11,3,,,B
338388721,2022-01-02T05:24:31,47.65147,-122.32367,0.2,360.0,511.0,PURA VIDA,IMO0000000,,37,,11,3,,,B
338388721,2022-01-02T05:09:27,47.65160,-122.32343,0.0,360.0,511.0,PURA VIDA,IMO0000000,,37,,11,3,,,B
338388721,2022-01-02T02:39:26,47.65150,-122.32351,0.1,360.0,511.0,PURA VIDA,IMO0000000,,37,,11,3,,,B
338388721,2022-01-02T05:12:12,47.65160,-122.32353,0.0,360.0,511.0,PURA VIDA,IMO0000000,,37,,11,3,,,B
338388721,2022-01-02T05:15:15,47.65153,-122.32346,0.0,360.0,511.0,PURA VIDA,IMO0000000,,37,,11,3,,,B
338388721,2022-01-02T05:33:24,47.65155,-122.32364,0.0,360.0,511.0,PURA VIDA,IMO0000000,,37,,11,3,,,B
338388721,2022-01-02T05:27:17,47.65147,-122.32355,0.0,360.0,511.0,PURA VIDA,IMO0000000,,37,,11,3,,,B
338388721,2022-01-02T05:45:11,47.65146,-122.32359,0.1,360.0,511.0,PURA VIDA,IMO0000000,,37,,11,3,,,B
338388721,2022-01-02T05:30:24,47.65149,-122.32356,0.0,360.0,511.0,PURA VIDA,IMO0000000,,37,,11,3,,,B
338388721,2022-01-02T05:48:25,47.65144,-122.32355,0.0,360.0,511.0,PURA VIDA,IMO0000000,,37,,11,3,,,B
338388721,2022-01-02T05:39:18,47.65148,-122.32350,0.2,360.0,511.0,PURA VIDA,IMO0000000,,37,,11,3,,,B
338388721,2022-01-02T05:42:24,47.65143,-122.32359,0.0,360.0,511.0,PURA VIDA,IMO0000000,,37,,11,3,,,B
338388721,2022-01-02T06:12:22,47.65145,-122.32354,0.0,360.0,511.0,PURA VIDA,IMO0000000,,37,,11,3,,,B
338388721,2022-01-02T06:03:28,47.65143,-122.32360,0.0,360.0,511.0,PURA VIDA,IMO0000000,,37,,11,3,,,B
338388721,2022-01-02T06:33:17,47.65145,-122.32350,0.0,360.0,511.0,PURA VIDA,IMO0000000,,37,,11,3,,,B
338388721,2022-01-02T06:36:29,47.65145,-122.32350,0.0,360.0,511.0,PURA VIDA,IMO0000000,,37,,11,3,,,B
338388721,2022-01-02T06:18:30,47.65144,-122.32354,0.0,360.0,511.0,PURA VIDA,IMO0000000,,37,,11,3,,,B
338388721,2022-01-02T06:21:11,47.65143,-122.32353,0.0,360.0,511.0,PURA VIDA,IMO0000000,,37,,11,3,,,B
338388721,2022-01-02T03:18:03,47.65149,-122.32351,0.0,360.0,511.0,PURA VIDA,IMO0000000,,37,,11,3,,,B
338388721,2022-01-02T06:51:27,47.65148,-122.32349,0.0,360.0,511.0,PURA VIDA,IMO0000000,,37,,11,3,,,B
338388721,2022-01-02T07:09:19,47.65148,-122.32351,0.0,360.0,511.0,PURA VIDA,IMO0000000,,37,,11,3,,,B
338388721,2022-01-02T06:57:28,47.65146,-122.32351,0.0,360.0,511.0,PURA VIDA,IMO0000000,,37,,11,3,,,B
338388721,2022-01-02T07:18:04,47.65150,-122.32353,0.0,360.0,511.0,PURA VIDA,IMO0000000,,37,,11,3,,,B
338388721,2022-01-02T07:03:22,47.65146,-122.32352,0.0,360.0,511.0,PURA VIDA,IMO0000000,,37,,11,3,,,B
338388721,2022-01-02T07:06:34,47.65145,-122.32354,0.0,360.0,511.0,PURA VIDA,IMO0000000,,37,,11,3,,,B
338388721,2022-01-02T07:15:06,47.65151,-122.32355,0.0,360.0,511.0,PURA VIDA,IMO0000000,,37,,11,3,,,B
338388721,2022-01-02T07:42:12,47.65147,-122.32347,0.0,360.0,511.0,PURA VIDA,IMO0000000,,37,,11,3,,,B
338388721,2022-01-02T07:27:34,47.65144,-122.32351,0.0,360.0,511.0,PURA VIDA,IMO0000000,,37,,11,3,,,B
338388721,2022-01-02T07:54:27,47.65147,-122.32349,0.0,360.0,511.0,PURA VIDA,IMO0000000,,37,,11,3,,,B
338388721,2022-01-02T07:48:12,47.65145,-122.32354,0.0,360.0,511.0,PURA VIDA,IMO0000000,,37,,11,3,,,B
338388721,2022-01-02T08:06:05,47.65145,-122.32351,0.1,360.0,511.0,PURA VIDA,IMO0000000,,37,,11,3,,,B
338388721,2022-01-02T07:45:15,47.65148,-122.32349,0.1,360.0,511.0,PURA VIDA,IMO0000000,,37,,11,3,,,B
338388721,2022-01-02T08:00:23,47.65151,-122.32354,0.1,360.0,511.0,PURA VIDA,IMO0000000,,37,,11,3,,,B
338388721,2022-01-02T08:09:06,47.65145,-122.32353,0.0,360.0,511.0,PURA VIDA,IMO0000000,,37,,11,3,,,B
338388721,2022-01-02T08:03:14,47.65148,-122.32352,0.1,360.0,511.0,PURA VIDA,IMO0000000,,37,,11,3,,,B
338388721,2022-01-02T07:51:09,47.65146,-122.32347,0.1,360.0,511.0,PURA VIDA,IMO0000000,,37,,11,3,,,B
338388721,2022-01-02T03:45:31,47.65147,-122.32352,0.0,360.0,511.0,PURA VIDA,IMO0000000,,37,,11,3,,,B
338388721,2022-01-02T08:24:15,47.65152,-122.32353,0.0,360.0,511.0,PURA VIDA,IMO0000000,,37,,11,3,,,B
338388721,2022-01-02T08:27:22,47.65148,-122.32355,0.0,360.0,511.0,PURA VIDA,IMO0000000,,37,,11,3,,,B
338388721,2022-01-02T08:42:27,47.65151,-122.32348,0.0,360.0,511.0,PURA VIDA,IMO0000000,,37,,11,3,,,B
338388721,2022-01-02T08:54:29,47.65155,-122.32346,0.0,360.0,511.0,PURA VIDA,IMO0000000,,37,,11,3,,,B
338388721,2022-01-02T09:00:16,47.65150,-122.32352,0.0,360.0,511.0,PURA VIDA,IMO0000000,,37,,11,3,,,B
338388721,2022-01-02T09:12:07,47.65147,-122.32358,0.0,360.0,511.0,PURA VIDA,IMO0000000,,37,,11,3,,,B
338388721,2022-01-02T09:15:10,47.65151,-122.32358,0.1,360.0,511.0,PURA VIDA,IMO0000000,,37,,11,3,,,B
338388721,2022-01-02T04:03:28,47.65149,-122.32353,0.0,360.0,511.0,PURA VIDA,IMO0000000,,37,,11,3,,,B
338388721,2022-01-02T08:51:19,47.65151,-122.32346,0.0,360.0,511.0,PURA VIDA,IMO0000000,,37,,11,3,,,B
338388721,2022-01-02T04:15:16,47.65143,-122.32354,0.0,360.0,511.0,PURA VIDA,IMO0000000,,37,,11,3,,,B
338388721,2022-01-02T09:21:24,47.65150,-122.32348,0.0,360.0,511.0,PURA VIDA,IMO0000000,,37,,11,3,,,B
338388721,2022-01-02T09:39:12,47.65148,-122.32349,0.0,360.0,511.0,PURA VIDA,IMO0000000,,37,,11,3,,,B
338388721,2022-01-02T09:27:19,47.65147,-122.32347,0.0,360.0,511.0,PURA VIDA,IMO0000000,,37,,11,3,,,B
338388721,2022-01-02T09:54:16,47.65148,-122.32348,0.0,360.0,511.0,PURA VIDA,IMO0000000,,37,,11,3,,,B
338388721,2022-01-02T10:09:22,47.65144,-122.32354,0.0,360.0,511.0,PURA VIDA,IMO0000000,,37,,11,3,,,B
338388721,2022-01-02T09:51:24,47.65148,-122.32351,0.0,360.0,511.0,PURA VIDA,IMO0000000,,37,,11,3,,,B
338388721,2022-01-02T09:42:13,47.65150,-122.32346,0.0,360.0,511.0,PURA VIDA,IMO0000000,,37,,11,3,,,B
338388721,2022-01-02T10:00:19,47.65144,-122.32358,0.2,360.0,511.0,PURA VIDA,IMO0000000,,37,,11,3,,,B
338388721,2022-01-02T10:27:28,47.65146,-122.32362,0.0,360.0,511.0,PURA VIDA,IMO0000000,,37,,11,3,,,B
338388721,2022-01-02T10:06:29,47.65145,-122.32357,0.0,360.0,511.0,PURA VIDA,IMO0000000,,37,,11,3,,,B
338388721,2022-01-02T10:36:14,47.65143,-122.32341,0.1,360.0,511.0,PURA VIDA,IMO0000000,,37,,11,3,,,B
338388721,2022-01-02T10:03:05,47.65143,-122.32355,0.4,360.0,511.0,PURA VIDA,IMO0000000,,37,,11,3,,,B
338388721,2022-01-02T10:42:14,47.65147,-122.32351,0.0,360.0,511.0,PURA VIDA,IMO0000000,,37,,11,3,,,B
338388721,2022-01-02T10:12:09,47.65142,-122.32358,0.1,360.0,511.0,PURA VIDA,IMO0000000,,37,,11,3,,,B
338388721,2022-01-02T10:15:33,47.65145,-122.32352,0.0,360.0,511.0,PURA VIDA,IMO0000000,,37,,11,3,,,B
338388721,2022-01-02T10:48:33,47.65141,-122.32350,0.0,360.0,511.0,PURA VIDA,IMO0000000,,37,,11,3,,,B
338388721,2022-01-02T10:24:03,47.65147,-122.32355,0.0,360.0,511.0,PURA VIDA,IMO0000000,,37,,11,3,,,B
338388721,2022-01-02T04:54:16,47.65152,-122.32343,0.0,360.0,511.0,PURA VIDA,IMO0000000,,37,,11,3,,,B
338388721,2022-01-02T11:00:05,47.65149,-122.32354,0.0,360.0,511.0,PURA VIDA,IMO0000000,,37,,11,3,,,B
338388721,2022-01-02T10:45:22,47.65142,-122.32350,0.0,360.0,511.0,PURA VIDA,IMO0000000,,37,,11,3,,,B
338388721,2022-01-02T05:00:21,47.65157,-122.32346,0.0,360.0,511.0,PURA VIDA,IMO0000000,,37,,11,3,,,B
338388721,2022-01-02T10:54:20,47.65150,-122.32349,0.0,360.0,511.0,PURA VIDA,IMO0000000,,37,,11,3,,,B
338388721,2022-01-02T11:42:27,47.65148,-122.32344,0.0,360.0,511.0,PURA VIDA,IMO0000000,,37,,11,3,,,B
338388721,2022-01-02T11:03:10,47.65140,-122.32347,0.1,360.0,511.0,PURA VIDA,IMO0000000,,37,,11,3,,,B
338388721,2022-01-02T11:18:19,47.65142,-122.32352,0.1,360.0,511.0,PURA VIDA,IMO0000000,,37,,11,3,,,B
338388721,2022-01-02T11:54:29,47.65150,-122.32357,0.0,360.0,511.0,PURA VIDA,IMO0000000,,37,,11,3,,,B
338388721,2022-01-02T11:36:22,47.65151,-122.32350,0.0,360.0,511.0,PURA VIDA,IMO0000000,,37,,11,3,,,B
338388721,2022-01-02T11:24:34,47.65143,-122.32348,0.0,360.0,511.0,PURA VIDA,IMO0000000,,37,,11,3,,,B
338388721,2022-01-02T11:21:30,47.65145,-122.32354,0.2,360.0,511.0,PURA VIDA,IMO0000000,,37,,11,3,,,B
338388721,2022-01-02T11:12:30,47.65150,-122.32345,0.1,360.0,511.0,PURA VIDA,IMO0000000,,37,,11,3,,,B
338388721,2022-01-02T11:15:06,47.65142,-122.32346,0.1,360.0,511.0,PURA VIDA,IMO0000000,,37,,11,3,,,B
338388721,2022-01-02T12:03:10,47.65146,-122.32347,0.0,360.0,511.0,PURA VIDA,IMO0000000,,37,,11,3,,,B
338388721,2022-01-02T11:30:00,47.65146,-122.32347,0.1,360.0,511.0,PURA VIDA,IMO0000000,,37,,11,3,,,B
338388721,2022-01-02T12:09:09,47.65147,-122.32352,0.0,360.0,511.0,PURA VIDA,IMO0000000,,37,,11,3,,,B
338388721,2022-01-02T11:48:29,47.65148,-122.32355,0.0,360.0,511.0,PURA VIDA,IMO0000000,,37,,11,3,,,B
338388721,2022-01-02T12:36:33,47.65148,-122.32346,0.1,360.0,511.0,PURA VIDA,IMO0000000,,37,,11,3,,,B
338388721,2022-01-02T12:27:17,47.65150,-122.32343,0.0,360.0,511.0,PURA VIDA,IMO0000000,,37,,11,3,,,B
338388721,2022-01-02T12:12:11,47.65148,-122.32359,0.0,360.0,511.0,PURA VIDA,IMO0000000,,37,,11,3,,,B
338388721,2022-01-02T12:39:02,47.65147,-122.32342,0.0,360.0,511.0,PURA VIDA,IMO0000000,,37,,11,3,,,B
338388721,2022-01-02T12:42:24,47.65149,-122.32338,0.0,360.0,511.0,PURA VIDA,IMO0000000,,37,,11,3,,,B
338388721,2022-01-02T12:24:07,47.65146,-122.32346,0.0,360.0,511.0,PURA VIDA,IMO0000000,,37,,11,3,,,B
338388721,2022-01-02T12:45:35,47.65146,-122.32342,0.0,360.0,511.0,PURA VIDA,IMO0000000,,37,,11,3,,,B
338388721,2022-01-02T12:30:13,47.65151,-122.32340,0.0,360.0,511.0,PURA VIDA,IMO0000000,,37,,11,3,,,B
338388721,2022-01-02T12:48:15,47.65147,-122.32346,0.0,360.0,511.0,PURA VIDA,IMO0000000,,37,,11,3,,,B
338388721,2022-01-02T13:06:21,47.65154,-122.32344,0.0,360.0,511.0,PURA VIDA,IMO0000000,,37,,11,3,,,B
338388721,2022-01-02T05:51:10,47.65143,-122.32355,0.0,360.0,511.0,PURA VIDA,IMO0000000,,37,,11,3,,,B
338388721,2022-01-02T05:54:19,47.65145,-122.32356,0.0,360.0,511.0,PURA VIDA,IMO0000000,,37,,11,3,,,B
338388721,2022-01-02T13:12:22,47.65152,-122.32345,0.1,360.0,511.0,PURA VIDA,IMO0000000,,37,,11,3,,,B
338388721,2022-01-02T05:57:24,47.65150,-122.32359,0.0,360.0,511.0,PURA VIDA,IMO0000000,,37,,11,3,,,B
338388721,2022-01-02T12:51:06,47.65150,-122.32340,0.1,360.0,511.0,PURA VIDA,IMO0000000,,37,,11,3,,,B
338388721,2022-01-02T13:00:24,47.65149,-122.32345,0.0,360.0,511.0,PURA VIDA,IMO0000000,,37,,11,3,,,B
338388721,2022-01-02T12:54:28,47.65148,-122.32345,0.1,360.0,511.0,PURA VIDA,IMO0000000,,37,,11,3,,,B
338388721,2022-01-02T13:39:14,47.65152,-122.32346,0.0,360.0,511.0,PURA VIDA,IMO0000000,,37,,11,3,,,B
338388721,2022-01-02T13:09:34,47.65152,-122.32348,0.0,360.0,511.0,PURA VIDA,IMO0000000,,37,,11,3,,,B
338388721,2022-01-02T13:45:16,47.65150,-122.32347,0.0,360.0,511.0,PURA VIDA,IMO0000000,,37,,11,3,,,B
338388721,2022-01-02T13:03:17,47.65152,-122.32346,0.1,360.0,511.0,PURA VIDA,IMO0000000,,37,,11,3,,,B
338388721,2022-01-02T13:18:06,47.65152,-122.32346,0.8,335.9,511.0,PURA VIDA,IMO0000000,,37,,11,3,,,B
338388721,2022-01-02T13:15:14,47.65150,-122.32351,0.2,360.0,511.0,PURA VIDA,IMO0000000,,37,,11,3,,,B
338388721,2022-01-02T13:21:08,47.65154,-122.32355,0.0,360.0,511.0,PURA VIDA,IMO0000000,,37,,11,3,,,B
338388721,2022-01-02T06:09:22,47.65146,-122.32356,0.0,360.0,511.0,PURA VIDA,IMO0000000,,37,,11,3,,,B
338388721,2022-01-02T13:24:27,47.65153,-122.32347,0.0,360.0,511.0,PURA VIDA,IMO0000000,,37,,11,3,,,B
338388721,2022-01-02T13:27:10,47.65152,-122.32349,0.1,360.0,511.0,PURA VIDA,IMO0000000,,37,,11,3,,,B
338388721,2022-01-02T14:18:02,47.65149,-122.32343,0.0,360.0,511.0,PURA VIDA,IMO0000000,,37,,11,3,,,B
338388721,2022-01-02T13:51:09,47.65147,-122.32359,0.0,360.0,511.0,PURA VIDA,IMO0000000,,37,,11,3,,,B
338388721,2022-01-02T13:54:10,47.65147,-122.32348,0.0,360.0,511.0,PURA VIDA,IMO0000000,,37,,11,3,,,B
338388721,2022-01-02T13:57:24,47.65144,-122.32348,0.0,360.0,511.0,PURA VIDA,IMO0000000,,37,,11,3,,,B
338388721,2022-01-02T14:03:25,47.65149,-122.32344,0.0,360.0,511.0,PURA VIDA,IMO0000000,,37,,11,3,,,B
338388721,2022-01-02T14:36:09,47.65147,-122.32350,0.1,360.0,511.0,PURA VIDA,IMO0000000,,37,,11,3,,,B
338388721,2022-01-02T14:39:15,47.65145,-122.32353,0.0,360.0,511.0,PURA VIDA,IMO0000000,,37,,11,3,,,B
338388721,2022-01-02T14:06:06,47.65147,-122.32350,0.0,360.0,511.0,PURA VIDA,IMO0000000,,37,,11,3,,,B
338388721,2022-01-02T14:27:14,47.65150,-122.32344,0.0,360.0,511.0,PURA VIDA,IMO0000000,,37,,11,3,,,B
338388721,2022-01-02T06:42:17,47.65147,-122.32349,0.0,360.0,511.0,PURA VIDA,IMO0000000,,37,,11,3,,,B
338388721,2022-01-02T15:09:17,47.65145,-122.32347,0.0,360.0,511.0,PURA VIDA,IMO0000000,,37,,11,3,,,B
338388721,2022-01-02T15:12:06,47.65144,-122.32353,0.1,360.0,511.0,PURA VIDA,IMO0000000,,37,,11,3,,,B
338388721,2022-01-02T14:48:09,47.65147,-122.32352,0.0,360.0,511.0,PURA VIDA,IMO0000000,,37,,11,3,,,B
338388721,2022-01-02T14:54:29,47.65146,-122.32344,0.0,360.0,511.0,PURA VIDA,IMO0000000,,37,,11,3,,,B
338388721,2022-01-02T15:27:04,47.65147,-122.32347,0.0,360.0,511.0,PURA VIDA,IMO0000000,,37,,11,3,,,B
338388721,2022-01-02T15:03:27,47.65148,-122.32344,0.0,360.0,511.0,PURA VIDA,IMO0000000,,37,,11,3,,,B
338388721,2022-01-02T06:45:20,47.65148,-122.32351,0.0,360.0,511.0,PURA VIDA,IMO0000000,,37,,11,3,,,B
338388721,2022-01-02T15:33:10,47.65147,-122.32347,0.0,360.0,511.0,PURA VIDA,IMO0000000,,37,,11,3,,,B
338388721,2022-01-02T14:57:05,47.65147,-122.32343,0.0,360.0,511.0,PURA VIDA,IMO0000000,,37,,11,3,,,B
338388721,2022-01-02T15:42:07,47.65146,-122.32350,0.0,360.0,511.0,PURA VIDA,IMO0000000,,37,,11,3,,,B
338388721,2022-01-02T15:15:23,47.65146,-122.32348,0.0,360.0,511.0,PURA VIDA,IMO0000000,,37,,11,3,,,B
338388721,2022-01-02T15:30:24,47.65149,-122.32346,0.0,360.0,511.0,PURA VIDA,IMO0000000,,37,,11,3,,,B
338388721,2022-01-02T15:21:21,47.65145,-122.32349,0.0,360.0,511.0,PURA VIDA,IMO0000000,,37,,11,3,,,B
338388721,2022-01-02T16:12:01,47.65142,-122.32358,0.1,360.0,511.0,PURA VIDA,IMO0000000,,37,,11,3,,,B
338388721,2022-01-02T15:54:25,47.65144,-122.32348,0.0,360.0,511.0,PURA VIDA,IMO0000000,,37,,11,3,,,B
338388721,2022-01-02T15:51:29,47.65143,-122.32350,0.0,360.0,511.0,PURA VIDA,IMO0000000,,37,,11,3,,,B
338388721,2022-01-02T16:33:27,47.65145,-122.32360,0.0,360.0,511.0,PURA VIDA,IMO0000000,,37,,11,3,,,B
338388721,2022-01-02T16:09:21,47.65144,-122.32350,0.1,360.0,511.0,PURA VIDA,IMO0000000,,37,,11,3,,,B
338388721,2022-01-02T07:12:17,47.65148,-122.32351,0.0,360.0,511.0,PURA VIDA,IMO0000000,,37,,11,3,,,B
338388721,2022-01-02T16:42:15,47.65145,-122.32350,0.0,360.0,511.0,PURA VIDA,IMO0000000,,37,,11,3,,,B
338388721,2022-01-02T16:21:17,47.65151,-122.32354,0.0,360.0,511.0,PURA VIDA,IMO0000000,,37,,11,3,,,B
338388721,2022-01-02T16:03:00,47.65146,-122.32344,0.0,360.0,511.0,PURA VIDA,IMO0000000,,37,,11,3,,,B
338388721,2022-01-02T16:57:16,47.65146,-122.32351,0.0,360.0,511.0,PURA VIDA,IMO0000000,,37,,11,3,,,B
338388721,2022-01-02T16:54:18,47.65146,-122.32350,0.0,360.0,511.0,PURA VIDA,IMO0000000,,37,,11,3,,,B
338388721,2022-01-02T16:51:05,47.65140,-122.32352,0.0,360.0,511.0,PURA VIDA,IMO0000000,,37,,11,3,,,B
338388721,2022-01-02T16:18:18,47.65147,-122.32351,0.0,360.0,511.0,PURA VIDA,IMO0000000,,37,,11,3,,,B
338388721,2022-01-02T16:24:33,47.65150,-122.32351,0.0,360.0,511.0,PURA VIDA,IMO0000000,,37,,11,3,,,B
338388721,2022-01-02T16:27:24,47.65148,-122.32358,0.0,360.0,511.0,PURA VIDA,IMO0000000,,37,,11,3,,,B
338388721,2022-01-02T16:45:11,47.65146,-122.32346,0.0,360.0,511.0,PURA VIDA,IMO0000000,,37,,11,3,,,B
338388721,2022-01-02T16:36:07,47.65146,-122.32355,0.0,360.0,511.0,PURA VIDA,IMO0000000,,37,,11,3,,,B
338388721,2022-01-02T16:39:01,47.65141,-122.32355,0.0,360.0,511.0,PURA VIDA,IMO0000000,,37,,11,3,,,B
338388721,2022-01-02T17:27:15,47.65150,-122.32348,0.0,360.0,511.0,PURA VIDA,IMO0000000,,37,,11,3,,,B
338388721,2022-01-02T17:12:30,47.65147,-122.32348,0.0,360.0,511.0,PURA VIDA,IMO0000000,,37,,11,3,,,B
338388721,2022-01-02T17:15:09,47.65146,-122.32344,0.0,360.0,511.0,PURA VIDA,IMO0000000,,37,,11,3,,,B
338388721,2022-01-02T17:48:02,47.65143,-122.32358,0.1,360.0,511.0,PURA VIDA,IMO0000000,,37,,11,3,,,B
338388721,2022-01-02T17:24:16,47.65147,-122.32347,0.1,360.0,511.0,PURA VIDA,IMO0000000,,37,,11,3,,,B
338388721,2022-01-02T17:06:18,47.65154,-122.32349,0.0,360.0,511.0,PURA VIDA,IMO0000000,,37,,11,3,,,B
338388721,2022-01-02T17:09:03,47.65148,-122.32348,0.0,360.0,511.0,PURA VIDA,IMO0000000,,37,,11,3,,,B
338388721,2022-01-02T18:11:07,47.65143,-122.32357,0.0,360.0,511.0,PURA VIDA,IMO0000000,,37,,11,3,,,B
338388721,2022-01-02T17:18:07,47.65149,-122.32345,0.0,360.0,511.0,PURA VIDA,IMO0000000,,37,,11,3,,,B
338388721,2022-01-02T17:57:18,47.65141,-122.32356,0.0,360.0,511.0,PURA VIDA,IMO0000000,,37,,11,3,,,B
338388721,2022-01-02T17:21:07,47.65147,-122.32351,0.0,360.0,511.0,PURA VIDA,IMO0000000,,37,,11,3,,,B
338388721,2022-01-02T17:39:05,47.65142,-122.32357,0.1,360.0,511.0,PURA VIDA,IMO0000000,,37,,11,3,,,B
338388721,2022-01-02T17:45:24,47.65140,-122.32360,0.1,360.0,511.0,PURA VIDA,IMO0000000,,37,,11,3,,,B
338388721,2022-01-02T18:08:23,47.65148,-122.32349,0.0,360.0,511.0,PURA VIDA,IMO0000000,,37,,11,3,,,B
338388721,2022-01-02T18:26:04,47.65146,-122.32350,0.0,360.0,511.0,PURA VIDA,IMO0000000,,37,,11,3,,,B
338388721,2022-01-02T17:51:08,47.65142,-122.32361,0.0,360.0,511.0,PURA VIDA,IMO0000000,,37,,11,3,,,B
338388721,2022-01-02T18:29:22,47.65146,-122.32352,0.2,360.0,511.0,PURA VIDA,IMO0000000,,37,,11,3,,,B
338388721,2022-01-02T17:42:31,47.65140,-122.32352,0.0,360.0,511.0,PURA VIDA,IMO0000000,,37,,11,3,,,B
338388721,2022-01-02T18:41:29,47.65149,-122.32347,0.0,360.0,511.0,PURA VIDA,IMO0000000,,37,,11,3,,,B
338388721,2022-01-02T18:38:17,47.65148,-122.32348,0.0,360.0,511.0,PURA VIDA,IMO0000000,,37,,11,3,,,B
338388721,2022-01-02T18:05:31,47.65145,-122.32351,0.1,360.0,511.0,PURA VIDA,IMO0000000,,37,,11,3,,,B
338388721,2022-01-02T18:47:25,47.65146,-122.32352,0.0,360.0,511.0,PURA VIDA,IMO0000000,,37,,11,3,,,B
338388721,2022-01-02T18:59:23,47.65144,-122.32350,0.0,360.0,511.0,PURA VIDA,IMO0000000,,37,,11,3,,,B
338388721,2022-01-02T19:05:04,47.65149,-122.32347,0.0,360.0,511.0,PURA VIDA,IMO0000000,,37,,11,3,,,B
338388721,2022-01-02T08:12:11,47.65152,-122.32345,0.1,360.0,511.0,PURA VIDA,IMO0000000,,37,,11,3,,,B
338388721,2022-01-02T18:50:12,47.65147,-122.32349,0.0,360.0,511.0,PURA VIDA,IMO0000000,,37,,11,3,,,B
338388721,2022-01-02T19:11:29,47.65148,-122.32353,0.0,360.0,511.0,PURA VIDA,IMO0000000,,37,,11,3,,,B
338388721,2022-01-02T18:53:18,47.65145,-122.32351,0.0,360.0,511.0,PURA VIDA,IMO0000000,,37,,11,3,,,B
338388721,2022-01-02T08:15:19,47.65159,-122.32350,0.0,360.0,511.0,PURA VIDA,IMO0000000,,37,,11,3,,,B
338388721,2022-01-02T08:18:06,47.65152,-122.32350,0.1,360.0,511.0,PURA VIDA,IMO0000000,,37,,11,3,,,B
338388721,2022-01-02T19:02:19,47.65144,-122.32349,0.0,360.0,511.0,PURA VIDA,IMO0000000,,37,,11,3,,,B
338388721,2022-01-02T20:02:12,47.65149,-122.32347,0.0,360.0,511.0,PURA VIDA,IMO0000000,,37,,11,3,,,B
338388721,2022-01-02T20:05:32,47.65147,-122.32343,0.0,360.0,511.0,PURA VIDA,IMO0000000,,37,,11,3,,,B
338388721,2022-01-02T19:32:31,47.65147,-122.32348,0.0,360.0,511.0,PURA VIDA,IMO0000000,,37,,11,3,,,B
338388721,2022-01-02T19:17:23,47.65146,-122.32347,0.0,360.0,511.0,PURA VIDA,IMO0000000,,37,,11,3,,,B
338388721,2022-01-02T08:36:06,47.65144,-122.32353,0.0,360.0,511.0,PURA VIDA,IMO0000000,,37,,11,3,,,B
338388721,2022-01-02T19:23:09,47.65141,-122.32355,0.0,360.0,511.0,PURA VIDA,IMO0000000,,37,,11,3,,,B
338388721,2022-01-02T19:41:24,47.65157,-122.32354,0.0,360.0,511.0,PURA VIDA,IMO0000000,,37,,11,3,,,B
338388721,2022-01-02T19:29:07,47.65143,-122.32356,0.0,360.0,511.0,PURA VIDA,IMO0000000,,37,,11,3,,,B
338388721,2022-01-02T19:44:09,47.65152,-122.32349,0.1,360.0,511.0,PURA VIDA,IMO0000000,,37,,11,3,,,B
338388721,2022-01-02T19:35:05,47.65147,-122.32348,0.1,360.0,511.0,PURA VIDA,IMO0000000,,37,,11,3,,,B
338388721,2022-01-02T20:08:02,47.65147,-122.32346,0.1,360.0,511.0,PURA VIDA,IMO0000000,,37,,11,3,,,B
338388721,2022-01-02T08:45:24,47.65149,-122.32350,0.0,360.0,511.0,PURA VIDA,IMO0000000,,37,,11,3,,,B
338388721,2022-01-02T19:47:31,47.65147,-122.32345,0.0,360.0,511.0,PURA VIDA,IMO0000000,,37,,11,3,,,B
338388721,2022-01-02T20:32:20,47.65143,-122.32340,0.0,360.0,511.0,PURA VIDA,IMO0000000,,37,,11,3,,,B
338388721,2022-01-02T19:53:18,47.65147,-122.32349,0.0,360.0,511.0,PURA VIDA,IMO0000000,,37,,11,3,,,B
338388721,2022-01-02T08:48:24,47.65152,-122.32352,0.0,360.0,511.0,PURA VIDA,IMO0000000,,37,,11,3,,,B
338388721,2022-01-02T20:20:34,47.65146,-122.32353,0.1,360.0,511.0,PURA VIDA,IMO0000000,,37,,11,3,,,B
338388721,2022-01-02T20:47:25,47.65143,-122.32350,0.1,360.0,511.0,PURA VIDA,IMO0000000,,37,,11,3,,,B
338388721,2022-01-02T20:29:22,47.65148,-122.32344,0.0,360.0,511.0,PURA VIDA,IMO0000000,,37,,11,3,,,B
338388721,2022-01-02T20:23:06,47.65144,-122.32354,0.2,360.0,511.0,PURA VIDA,IMO0000000,,37,,11,3,,,B
338388721,2022-01-02T20:26:04,47.65150,-122.32344,0.0,360.0,511.0,PURA VIDA,IMO0000000,,37,,11,3,,,B
338388721,2022-01-02T20:59:16,47.65145,-122.32362,0.0,360.0,511.0,PURA VIDA,IMO0000000,,37,,11,3,,,B
338388721,2022-01-02T21:02:15,47.65147,-122.32361,0.1,360.0,511.0,PURA VIDA,IMO0000000,,37,,11,3,,,B
338388721,2022-01-02T09:03:07,47.65148,-122.32351,0.0,360.0,511.0,PURA VIDA,IMO0000000,,37,,11,3,,,B
338388721,2022-01-02T21:11:22,47.65151,-122.32351,0.1,360.0,511.0,PURA VIDA,IMO0000000,,37,,11,3,,,B
338388721,2022-01-02T20:38:25,47.65148,-122.32346,0.0,360.0,511.0,PURA VIDA,IMO0000000,,37,,11,3,,,B
338388721,2022-01-02T21:38:31,47.65141,-122.32365,0.1,360.0,511.0,PURA VIDA,IMO0000000,,37,,11,3,,,B
338388721,2022-01-02T09:06:02,47.65149,-122.32354,0.0,360.0,511.0,PURA VIDA,IMO0000000,,37,,11,3,,,B
338388721,2022-01-02T21:05:18,47.65145,-122.32369,0.0,360.0,511.0,PURA VIDA,IMO0000000,,37,,11,3,,,B
338388721,2022-01-02T21:14:08,47.65151,-122.32352,0.0,360.0,511.0,PURA VIDA,IMO0000000,,37,,11,3,,,B
338388721,2022-01-02T21:53:17,47.65146,-122.32354,0.0,360.0,511.0,PURA VIDA,IMO0000000,,37,,11,3,,,B
338388721,2022-01-02T21:32:35,47.65143,-122.32359,0.0,360.0,511.0,PURA VIDA,IMO0000000,,37,,11,3,,,B
338388721,2022-01-02T21:17:04,47.65149,-122.32347,0.0,360.0,511.0,PURA VIDA,IMO0000000,,37,,11,3,,,B
338388721,2022-01-02T21:08:01,47.65152,-122.32347,0.1,360.0,511.0,PURA VIDA,IMO0000000,,37,,11,3,,,B
338388721,2022-01-02T20:56:24,47.65142,-122.32356,0.0,360.0,511.0,PURA VIDA,IMO0000000,,37,,11,3,,,B
338388721,2022-01-02T21:47:15,47.65147,-122.32358,0.0,360.0,511.0,PURA VIDA,IMO0000000,,37,,11,3,,,B
338388721,2022-01-02T21:23:28,47.65148,-122.32348,0.1,360.0,511.0,PURA VIDA,IMO0000000,,37,,11,3,,,B
338388721,2022-01-02T22:08:16,47.65152,-122.32351,0.0,360.0,511.0,PURA VIDA,IMO0000000,,37,,11,3,,,B
338388721,2022-01-02T21:26:05,47.65148,-122.32346,0.0,360.0,511.0,PURA VIDA,IMO0000000,,37,,11,3,,,B
338388721,2022-01-02T09:24:17,47.65145,-122.32349,0.1,360.0,511.0,PURA VIDA,IMO0000000,,37,,11,3,,,B
338388721,2022-01-02T21:20:27,47.65147,-122.32342,0.6,360.0,511.0,PURA VIDA,IMO0000000,,37,,11,3,,,B
338388721,2022-01-02T22:05:12,47.65156,-122.32348,0.2,360.0,511.0,PURA VIDA,IMO0000000,,37,,11,3,,,B
338388721,2022-01-02T21:56:26,47.65146,-122.32355,0.1,360.0,511.0,PURA VIDA,IMO0000000,,37,,11,3,,,B
338388721,2022-01-02T22:02:06,47.65150,-122.32346,0.0,360.0,511.0,PURA VIDA,IMO0000000,,37,,11,3,,,B
338388721,2022-01-02T22:32:20,47.65146,-122.32352,0.0,360.0,511.0,PURA VIDA,IMO0000000,,37,,11,3,,,B
338388721,2022-01-02T22:52:18,47.65143,-122.32352,0.0,360.0,511.0,PURA VIDA,IMO0000000,,37,,11,3,,,B
338388721,2022-01-02T22:43:18,47.65145,-122.32354,0.0,360.0,511.0,PURA VIDA,IMO0000000,,37,,11,3,,,B
338388721,2022-01-02T23:01:07,47.65148,-122.32341,0.0,360.0,511.0,PURA VIDA,IMO0000000,,37,,11,3,,,B
338388721,2022-01-02T22:46:17,47.65144,-122.32351,0.1,360.0,511.0,PURA VIDA,IMO0000000,,37,,11,3,,,B
338388721,2022-01-02T22:23:00,47.65150,-122.32347,0.0,360.0,511.0,PURA VIDA,IMO0000000,,37,,11,3,,,B
338388721,2022-01-02T22:29:30,47.65146,-122.32352,0.0,360.0,511.0,PURA VIDA,IMO0000000,,37,,11,3,,,B
338388721,2022-01-02T23:13:12,47.65151,-122.32347,0.0,360.0,511.0,PURA VIDA,IMO0000000,,37,,11,3,,,B
338388721,2022-01-02T22:35:09,47.65147,-122.32349,0.0,360.0,511.0,PURA VIDA,IMO0000000,,37,,11,3,,,B
338388721,2022-01-02T09:48:32,47.65155,-122.32338,0.2,360.0,511.0,PURA VIDA,IMO0000000,,37,,11,3,,,B
338388721,2022-01-02T22:38:46,47.65148,-122.32348,0.0,360.0,511.0,PURA VIDA,IMO0000000,,37,,11,3,,,B
338388721,2022-01-02T22:48:58,47.65144,-122.32359,0.0,360.0,511.0,PURA VIDA,IMO0000000,,37,,11,3,,,B
338388721,2022-01-02T23:10:13,47.65151,-122.32350,0.1,360.0,511.0,PURA VIDA,IMO0000000,,37,,11,3,,,B
338388721,2022-01-02T22:57:58,47.65148,-122.32345,0.0,360.0,511.0,PURA VIDA,IMO0000000,,37,,11,3,,,B
338388721,2022-01-02T23:25:07,47.65150,-122.32346,0.1,360.0,511.0,PURA VIDA,IMO0000000,,37,,11,3,,,B
338388721,2022-01-02T23:43:21,47.65154,-122.32334,0.0,360.0,511.0,PURA VIDA,IMO0000000,,37,,11,3,,,B
338388721,2022-01-02T23:34:08,47.65146,-122.32345,0.0,360.0,511.0,PURA VIDA,IMO0000000,,37,,11,3,,,B
338388721,2022-01-02T23:52:29,47.65152,-122.32340,0.0,360.0,511.0,PURA VIDA,IMO0000000,,37,,11,3,,,B
338388721,2022-01-02T23:15:58,47.65154,-122.32346,0.2,360.0,511.0,PURA VIDA,IMO0000000,,37,,11,3,,,B
338388721,2022-01-02T23:49:28,47.65149,-122.32348,0.0,360.0,511.0,PURA VIDA,IMO0000000,,37,,11,3,,,B
338388721,2022-01-02T23:28:17,47.65144,-122.32345,0.0,360.0,511.0,PURA VIDA,IMO0000000,,37,,11,3,,,B
338388721,2022-01-02T23:31:15,47.65149,-122.32343,0.0,360.0,511.0,PURA VIDA,IMO0000000,,37,,11,3,,,B
338388721,2022-01-02T23:37:18,47.65151,-122.32341,0.0,360.0,511.0,PURA VIDA,IMO0000000,,37,,11,3,,,B
338388721,2022-01-02T23:45:59,47.65151,-122.32346,0.0,360.0,511.0,PURA VIDA,IMO0000000,,37,,11,3,,,B
338388721,2022-01-02T10:33:00,47.65146,-122.32348,0.1,360.0,511.0,PURA VIDA,IMO0000000,,37,,11,3,,,B
338388721,2022-01-02T23:57:56,47.65145,-122.32348,0.0,360.0,511.0,PURA VIDA,IMO0000000,,37,,11,3,,,B
338388721,2022-01-02T10:57:30,47.65151,-122.32350,0.0,360.0,511.0,PURA VIDA,IMO0000000,,37,,11,3,,,B
338388721,2022-01-02T12:00:15,47.65147,-122.32346,0.1,360.0,511.0,PURA VIDA,IMO0000000,,37,,11,3,,,B
338388721,2022-01-02T12:06:25,47.65144,-122.32349,0.0,360.0,511.0,PURA VIDA,IMO0000000,,37,,11,3,,,B
338388721,2022-01-02T12:15:07,47.65144,-122.32360,0.0,360.0,511.0,PURA VIDA,IMO0000000,,37,,11,3,,,B
338388721,2022-01-02T12:33:22,47.65149,-122.32343,0.0,360.0,511.0,PURA VIDA,IMO0000000,,37,,11,3,,,B
338388721,2022-01-02T13:30:03,47.65152,-122.32351,0.0,360.0,511.0,PURA VIDA,IMO0000000,,37,,11,3,,,B
338388721,2022-01-02T13:33:19,47.65154,-122.32350,0.0,360.0,511.0,PURA VIDA,IMO0000000,,37,,11,3,,,B
338388721,2022-01-02T14:21:04,47.65148,-122.32343,0.0,360.0,511.0,PURA VIDA,IMO0000000,,37,,11,3,,,B
338388721,2022-01-02T14:30:24,47.65149,-122.32341,0.0,360.0,511.0,PURA VIDA,IMO0000000,,37,,11,3,,,B
338388721,2022-01-02T14:45:03,47.65146,-122.32351,0.0,360.0,511.0,PURA VIDA,IMO0000000,,37,,11,3,,,B
338388721,2022-01-02T15:00:18,47.65149,-122.32343,0.0,360.0,511.0,PURA VIDA,IMO0000000,,37,,11,3,,,B
338388721,2022-01-02T15:18:12,47.65147,-122.32346,0.0,360.0,511.0,PURA VIDA,IMO0000000,,37,,11,3,,,B
338388721,2022-01-02T15:24:02,47.65142,-122.32345,0.0,360.0,511.0,PURA VIDA,IMO0000000,,37,,11,3,,,B
338388721,2022-01-02T16:48:17,47.65144,-122.32351,0.0,360.0,511.0,PURA VIDA,IMO0000000,,37,,11,3,,,B
338388721,2022-01-02T17:00:35,47.65149,-122.32352,0.1,360.0,511.0,PURA VIDA,IMO0000000,,37,,11,3,,,B
338388721,2022-01-02T17:33:29,47.65144,-122.32354,0.0,360.0,511.0,PURA VIDA,IMO0000000,,37,,11,3,,,B
338388721,2022-01-02T17:54:07,47.65146,-122.32360,0.0,360.0,511.0,PURA VIDA,IMO0000000,,37,,11,3,,,B
338388721,2022-01-02T18:35:19,47.65147,-122.32352,0.0,360.0,511.0,PURA VIDA,IMO0000000,,37,,11,3,,,B
338388721,2022-01-02T18:56:18,47.65147,-122.32352,0.1,360.0,511.0,PURA VIDA,IMO0000000,,37,,11,3,,,B
338388721,2022-01-02T19:14:23,47.65148,-122.32350,0.0,360.0,511.0,PURA VIDA,IMO0000000,,37,,11,3,,,B
338388721,2022-01-02T19:26:06,47.65142,-122.32353,0.0,360.0,511.0,PURA VIDA,IMO0000000,,37,,11,3,,,B
338388721,2022-01-02T20:53:27,47.65152,-122.32340,0.1,360.0,511.0,PURA VIDA,IMO0000000,,37,,11,3,,,B
338388721,2022-01-02T21:29:17,47.65149,-122.32346,0.0,360.0,511.0,PURA VIDA,IMO0000000,,37,,11,3,,,B
338388721,2022-01-02T21:50:08,47.65144,-122.32357,0.0,360.0,511.0,PURA VIDA,IMO0000000,,37,,11,3,,,B
338388721,2022-01-02T23:22:28,47.65150,-122.32348,0.0,360.0,511.0,PURA VIDA,IMO0000000,,37,,11,3,,,B
338388721,2022-01-03T00:01:30,47.65148,-122.32348,0.0,360.0,511.0,PURA VIDA,IMO0000000,,37,,11,3,,,B
338388721,2022-01-03T00:04:19,47.65145,-122.32352,0.4,360.0,511.0,PURA VIDA,IMO0000000,,37,,11,3,,,B
338388721,2022-01-03T00:07:11,47.65143,-122.32353,0.0,360.0,511.0,PURA VIDA,IMO0000000,,37,,11,3,,,B
338388721,2022-01-03T00:10:10,47.65145,-122.32354,0.0,360.0,511.0,PURA VIDA,IMO0000000,,37,,11,3,,,B
338388721,2022-01-03T00:18:56,47.65148,-122.32353,0.0,360.0,511.0,PURA VIDA,IMO0000000,,37,,11,3,,,B
338388721,2022-01-03T00:25:17,47.65150,-122.32356,0.0,360.0,511.0,PURA VIDA,IMO0000000,,37,,11,3,,,B
338388721,2022-01-03T00:34:17,47.65146,-122.32343,0.0,360.0,511.0,PURA VIDA,IMO0000000,,37,,11,3,,,B
338388721,2022-01-03T00:40:05,47.65149,-122.32341,0.0,360.0,511.0,PURA VIDA,IMO0000000,,37,,11,3,,,B
338388721,2022-01-03T00:37:05,47.65148,-122.32346,0.0,360.0,511.0,PURA VIDA,IMO0000000,,37,,11,3,,,B
338388721,2022-01-03T00:46:17,47.65149,-122.32350,0.0,360.0,511.0,PURA VIDA,IMO0000000,,37,,11,3,,,B
338388721,2022-01-03T00:52:18,47.65151,-122.32348,0.0,360.0,511.0,PURA VIDA,IMO0000000,,37,,11,3,,,B
338388721,2022-01-03T01:07:06,47.65148,-122.32352,0.0,360.0,511.0,PURA VIDA,IMO0000000,,37,,11,3,,,B
338388721,2022-01-03T01:10:15,47.65149,-122.32353,0.0,360.0,511.0,PURA VIDA,IMO0000000,,37,,11,3,,,B
338388721,2022-01-03T01:16:24,47.65148,-122.32352,0.0,360.0,511.0,PURA VIDA,IMO0000000,,37,,11,3,,,B
338388721,2022-01-03T01:13:20,47.65148,-122.32357,0.0,360.0,511.0,PURA VIDA,IMO0000000,,37,,11,3,,,B
338388721,2022-01-03T01:25:07,47.65147,-122.32348,0.0,360.0,511.0,PURA VIDA,IMO0000000,,37,,11,3,,,B
338388721,2022-01-03T01:31:24,47.65149,-122.32351,0.0,360.0,511.0,PURA VIDA,IMO0000000,,37,,11,3,,,B
338388721,2022-01-03T01:19:30,47.65149,-122.32350,0.0,360.0,511.0,PURA VIDA,IMO0000000,,37,,11,3,,,B
338388721,2022-01-03T01:22:24,47.65148,-122.32345,0.1,360.0,511.0,PURA VIDA,IMO0000000,,37,,11,3,,,B
338388721,2022-01-03T01:27:59,47.65146,-122.32347,0.0,360.0,511.0,PURA VIDA,IMO0000000,,37,,11,3,,,B
338388721,2022-01-03T01:42:57,47.65145,-122.32353,0.0,360.0,511.0,PURA VIDA,IMO0000000,,37,,11,3,,,B
338388721,2022-01-03T01:40:14,47.65146,-122.32352,0.1,360.0,511.0,PURA VIDA,IMO0000000,,37,,11,3,,,B
338388721,2022-01-03T01:34:23,47.65148,-122.32347,0.0,360.0,511.0,PURA VIDA,IMO0000000,,37,,11,3,,,B
338388721,2022-01-03T01:46:16,47.65147,-122.32350,0.0,360.0,511.0,PURA VIDA,IMO0000000,,37,,11,3,,,B
338388721,2022-01-03T02:04:10,47.65152,-122.32343,0.0,360.0,511.0,PURA VIDA,IMO0000000,,37,,11,3,,,B
338388721,2022-01-03T01:52:27,47.65151,-122.32347,0.1,360.0,511.0,PURA VIDA,IMO0000000,,37,,11,3,,,B
338388721,2022-01-03T01:58:14,47.65154,-122.32351,0.1,360.0,511.0,PURA VIDA,IMO0000000,,37,,11,3,,,B
338388721,2022-01-03T02:07:00,47.65154,-122.32348,0.0,360.0,511.0,PURA VIDA,IMO0000000,,37,,11,3,,,B
338388721,2022-01-03T01:03:57,47.65149,-122.32354,0.0,360.0,511.0,PURA VIDA,IMO0000000,,37,,11,3,,,B
338388721,2022-01-03T02:13:12,47.65145,-122.32339,0.1,360.0,511.0,PURA VIDA,IMO0000000,,37,,11,3,,,B
338388721,2022-01-03T02:10:23,47.65151,-122.32348,0.0,360.0,511.0,PURA VIDA,IMO0000000,,37,,11,3,,,B
338388721,2022-01-03T02:22:21,47.65150,-122.32348,0.1,360.0,511.0,PURA VIDA,IMO0000000,,37,,11,3,,,B
338388721,2022-01-03T02:16:05,47.65146,-122.32343,0.1,360.0,511.0,PURA VIDA,IMO0000000,,37,,11,3,,,B
338388721,2022-01-03T02:19:30,47.65147,-122.32338,0.1,360.0,511.0,PURA VIDA,IMO0000000,,37,,11,3,,,B
338388721,2022-01-03T02:28:18,47.65146,-122.32346,0.0,360.0,511.0,PURA VIDA,IMO0000000,,37,,11,3,,,B
338388721,2022-01-03T02:34:24,47.65152,-122.32346,0.0,360.0,511.0,PURA VIDA,IMO0000000,,37,,11,3,,,B
338388721,2022-01-03T02:52:26,47.65149,-122.32348,0.0,360.0,511.0,PURA VIDA,IMO0000000,,37,,11,3,,,B
338388721,2022-01-03T02:46:18,47.65148,-122.32351,0.0,360.0,511.0,PURA VIDA,IMO0000000,,37,,11,3,,,B
338388721,2022-01-03T03:13:29,47.65144,-122.32356,0.0,360.0,511.0,PURA VIDA,IMO0000000,,37,,11,3,,,B
338388721,2022-01-03T03:04:23,47.65145,-122.32343,0.0,360.0,511.0,PURA VIDA,IMO0000000,,37,,11,3,,,B
338388721,2022-01-03T03:07:20,47.65149,-122.32350,0.0,360.0,511.0,PURA VIDA,IMO0000000,,37,,11,3,,,B
338388721,2022-01-03T03:21:28,47.65150,-122.32354,0.0,360.0,511.0,PURA VIDA,IMO0000000,,37,,11,3,,,B
338388721,2022-01-03T02:58:07,47.65146,-122.32352,0.0,360.0,511.0,PURA VIDA,IMO0000000,,37,,11,3,,,B
338388721,2022-01-03T01:48:58,47.65146,-122.32348,0.2,360.0,511.0,PURA VIDA,IMO0000000,,37,,11,3,,,B
338388721,2022-01-03T03:27:30,47.65146,-122.32359,0.0,360.0,511.0,PURA VIDA,IMO0000000,,37,,11,3,,,B
338388721,2022-01-03T03:14:59,47.65146,-122.32358,0.1,360.0,511.0,PURA VIDA,IMO0000000,,37,,11,3,,,B
338388721,2022-01-03T03:33:23,47.65147,-122.32352,0.0,360.0,511.0,PURA VIDA,IMO0000000,,37,,11,3,,,B
338388721,2022-01-03T03:30:28,47.65147,-122.32364,0.0,360.0,511.0,PURA VIDA,IMO0000000,,37,,11,3,,,B
338388721,2022-01-03T04:00:39,47.65149,-122.32356,0.0,360.0,511.0,PURA VIDA,IMO0000000,,37,,11,3,,,B
338388721,2022-01-03T03:24:15,47.65148,-122.32365,0.0,360.0,511.0,PURA VIDA,IMO0000000,,37,,11,3,,,B
338388721,2022-01-03T03:42:29,47.65148,-122.32356,0.0,360.0,511.0,PURA VIDA,IMO0000000,,37,,11,3,,,B
338388721,2022-01-03T03:45:23,47.65150,-122.32351,0.0,360.0,511.0,PURA VIDA,IMO0000000,,37,,11,3,,,B
338388721,2022-01-03T03:54:22,47.65147,-122.32348,0.0,360.0,511.0,PURA VIDA,IMO0000000,,37,,11,3,,,B
338388721,2022-01-03T03:51:15,47.65151,-122.32353,0.0,360.0,511.0,PURA VIDA,IMO0000000,,37,,11,3,,,B
338388721,2022-01-03T04:09:23,47.65145,-122.32364,0.0,360.0,511.0,PURA VIDA,IMO0000000,,37,,11,3,,,B
338388721,2022-01-03T04:24:31,47.65146,-122.32348,0.0,360.0,511.0,PURA VIDA,IMO0000000,,37,,11,3,,,B
338388721,2022-01-03T04:12:36,47.65145,-122.32358,0.0,360.0,511.0,PURA VIDA,IMO0000000,,37,,11,3,,,B
338388721,2022-01-03T04:30:35,47.65147,-122.32355,0.0,360.0,511.0,PURA VIDA,IMO0000000,,37,,11,3,,,B
338388721,2022-01-03T02:25:12,47.65149,-122.32343,0.0,360.0,511.0,PURA VIDA,IMO0000000,,37,,11,3,,,B
338388721,2022-01-03T04:45:28,47.65149,-122.32352,0.0,360.0,511.0,PURA VIDA,IMO0000000,,37,,11,3,,,B
338388721,2022-01-03T04:39:22,47.65146,-122.32359,0.0,360.0,511.0,PURA VIDA,IMO0000000,,37,,11,3,,,B
338388721,2022-01-03T04:27:27,47.65149,-122.32349,0.0,360.0,511.0,PURA VIDA,IMO0000000,,37,,11,3,,,B
338388721,2022-01-03T04:42:35,47.65145,-122.32354,0.0,360.0,511.0,PURA VIDA,IMO0000000,,37,,11,3,,,B
338388721,2022-01-03T02:31:17,47.65152,-122.32347,0.0,360.0,511.0,PURA VIDA,IMO0000000,,37,,11,3,,,B
338388721,2022-01-03T05:03:41,47.65144,-122.32353,0.0,360.0,511.0,PURA VIDA,IMO0000000,,37,,11,3,,,B
338388721,2022-01-03T05:30:39,47.65156,-122.32353,0.1,360.0,511.0,PURA VIDA,IMO0000000,,37,,11,3,,,B
338388721,2022-01-03T05:09:14,47.65146,-122.32349,0.0,360.0,511.0,PURA VIDA,IMO0000000,,37,,11,3,,,B
338388721,2022-01-03T02:37:18,47.65149,-122.32348,0.0,360.0,511.0,PURA VIDA,IMO0000000,,37,,11,3,,,B
338388721,2022-01-03T05:12:23,47.65146,-122.32346,0.0,360.0,511.0,PURA VIDA,IMO0000000,,37,,11,3,,,B
338388721,2022-01-03T04:57:35,47.65143,-122.32346,0.2,360.0,511.0,PURA VIDA,IMO0000000,,37,,11,3,,,B
338388721,2022-01-03T05:24:16,47.65150,-122.32351,0.0,360.0,511.0,PURA VIDA,IMO0000000,,37,,11,3,,,B
338388721,2022-01-03T05:18:36,47.65155,-122.32351,0.0,360.0,511.0,PURA VIDA,IMO0000000,,37,,11,3,,,B
338388721,2022-01-03T05:47:09,47.65148,-122.32349,0.1,360.0,511.0,PURA VIDA,IMO0000000,,37,,11,3,,,B
338388721,2022-01-03T05:21:19,47.65153,-122.32350,0.0,360.0,511.0,PURA VIDA,IMO0000000,,37,,11,3,,,B
338388721,2022-01-03T05:40:27,47.65142,-122.32350,0.0,360.0,511.0,PURA VIDA,IMO0000000,,37,,11,3,,,B
338388721,2022-01-03T05:15:18,47.65147,-122.32349,0.0,360.0,511.0,PURA VIDA,IMO0000000,,37,,11,3,,,B
338388721,2022-01-03T05:36:18,47.65140,-122.32354,0.0,360.0,511.0,PURA VIDA,IMO0000000,,37,,11,3,,,B
338388721,2022-01-03T05:55:38,47.65145,-122.32359,0.0,360.0,511.0,PURA VIDA,IMO0000000,,37,,11,3,,,B
338388721,2022-01-03T05:50:04,47.65148,-122.32352,0.0,360.0,511.0,PURA VIDA,IMO0000000,,37,,11,3,,,B
338388721,2022-01-03T02:55:16,47.65147,-122.32352,0.0,360.0,511.0,PURA VIDA,IMO0000000,,37,,11,3,,,B
338388721,2022-01-03T05:53:06,47.65143,-122.32361,0.0,360.0,511.0,PURA VIDA,IMO0000000,,37,,11,3,,,B
338388721,2022-01-03T06:01:47,47.65149,-122.32354,0.1,360.0,511.0,PURA VIDA,IMO0000000,,37,,11,3,,,B
338388721,2022-01-03T05:43:27,47.65140,-122.32358,0.0,360.0,511.0,PURA VIDA,IMO0000000,,37,,11,3,,,B
338388721,2022-01-03T06:16:37,47.65146,-122.32349,0.1,360.0,511.0,PURA VIDA,IMO0000000,,37,,11,3,,,B
338388721,2022-01-03T06:11:04,47.65143,-122.32355,0.0,360.0,511.0,PURA VIDA,IMO0000000,,37,,11,3,,,B
338388721,2022-01-03T06:13:54,47.65146,-122.32349,0.0,360.0,511.0,PURA VIDA,IMO0000000,,37,,11,3,,,B
338388721,2022-01-03T06:46:55,47.65151,-122.32347,0.0,360.0,511.0,PURA VIDA,IMO0000000,,37,,11,3,,,B
338388721,2022-01-03T06:31:53,47.65153,-122.32341,0.0,360.0,511.0,PURA VIDA,IMO0000000,,37,,11,3,,,B
338388721,2022-01-03T06:07:50,47.65145,-122.32354,0.0,360.0,511.0,PURA VIDA,IMO0000000,,37,,11,3,,,B
338388721,2022-01-03T06:40:45,47.65148,-122.32351,0.0,360.0,511.0,PURA VIDA,IMO0000000,,37,,11,3,,,B
338388721,2022-01-03T06:26:10,47.65151,-122.32352,0.2,360.0,511.0,PURA VIDA,IMO0000000,,37,,11,3,,,B
338388721,2022-01-03T06:52:41,47.65149,-122.32348,0.0,360.0,511.0,PURA VIDA,IMO0000000,,37,,11,3,,,B
338388721,2022-01-03T06:55:55,47.65148,-122.32348,0.0,360.0,511.0,PURA VIDA,IMO0000000,,37,,11,3,,,B
338388721,2022-01-03T06:59:39,47.65148,-122.32350,0.0,360.0,511.0,PURA VIDA,IMO0000000,,37,,11,3,,,B
338388721,2022-01-03T06:43:55,47.65150,-122.32348,0.1,360.0,511.0,PURA VIDA,IMO0000000,,37,,11,3,,,B
338388721,2022-01-03T07:08:58,47.65147,-122.32348,0.0,360.0,511.0,PURA VIDA,IMO0000000,,37,,11,3,,,B
338388721,2022-01-03T07:53:54,47.65149,-122.32342,0.0,360.0,511.0,PURA VIDA,IMO0000000,,37,,11,3,,,B
338388721,2022-01-03T08:03:12,47.65152,-122.32344,0.1,360.0,511.0,PURA VIDA,IMO0000000,,37,,11,3,,,B
338388721,2022-01-03T07:29:56,47.65149,-122.32349,0.0,360.0,511.0,PURA VIDA,IMO0000000,,37,,11,3,,,B
338388721,2022-01-03T07:12:17,47.65146,-122.32350,0.0,360.0,511.0,PURA VIDA,IMO0000000,,37,,11,3,,,B
338388721,2022-01-03T07:15:12,47.65146,-122.32348,0.0,360.0,511.0,PURA VIDA,IMO0000000,,37,,11,3,,,B
338388721,2022-01-03T03:48:29,47.65148,-122.32354,0.0,360.0,511.0,PURA VIDA,IMO0000000,,37,,11,3,,,B
338388721,2022-01-03T07:33:04,47.65147,-122.32347,0.0,360.0,511.0,PURA VIDA,IMO0000000,,37,,11,3,,,B
338388721,2022-01-03T07:39:15,47.65151,-122.32349,0.0,360.0,511.0,PURA VIDA,IMO0000000,,37,,11,3,,,B
338388721,2022-01-03T07:23:49,47.65146,-122.32350,0.0,360.0,511.0,PURA VIDA,IMO0000000,,37,,11,3,,,B
338388721,2022-01-03T08:39:20,47.65145,-122.32345,0.0,360.0,511.0,PURA VIDA,IMO0000000,,37,,11,3,,,B
338388721,2022-01-03T08:08:55,47.65146,-122.32343,0.1,360.0,511.0,PURA VIDA,IMO0000000,,37,,11,3,,,B
338388721,2022-01-03T08:48:11,47.65148,-122.32348,0.0,360.0,511.0,PURA VIDA,IMO0000000,,37,,11,3,,,B
338388721,2022-01-03T04:03:35,47.65148,-122.32353,0.0,360.0,511.0,PURA VIDA,IMO0000000,,37,,11,3,,,B
338388721,2022-01-03T08:29:52,47.65150,-122.32346,0.0,360.0,511.0,PURA VIDA,IMO0000000,,37,,11,3,,,B
338388721,2022-01-03T08:12:17,47.65139,-122.32344,0.0,360.0,511.0,PURA VIDA,IMO0000000,,37,,11,3,,,B
338388721,2022-01-03T08:33:20,47.65145,-122.32348,0.0,360.0,511.0,PURA VIDA,IMO0000000,,37,,11,3,,,B
338388721,2022-01-03T08:54:11,47.65149,-122.32349,0.0,360.0,511.0,PURA VIDA,IMO0000000,,37,,11,3,,,B
338388721,2022-01-03T08:51:17,47.65144,-122.32352,0.0,360.0,511.0,PURA VIDA,IMO0000000,,37,,11,3,,,B
338388721,2022-01-03T09:39:17,47.65146,-122.32347,0.0,360.0,511.0,PURA VIDA,IMO0000000,,37,,11,3,,,B
338388721,2022-01-03T09:09:23,47.65146,-122.32357,0.0,360.0,511.0,PURA VIDA,IMO0000000,,37,,11,3,,,B
338388721,2022-01-03T09:18:20,47.65149,-122.32344,0.0,360.0,511.0,PURA VIDA,IMO0000000,,37,,11,3,,,B
338388721,2022-01-03T08:57:05,47.65148,-122.32354,0.0,360.0,511.0,PURA VIDA,IMO0000000,,37,,11,3,,,B
338388721,2022-01-03T09:21:07,47.65147,-122.32349,0.0,360.0,511.0,PURA VIDA,IMO0000000,,37,,11,3,,,B
338388721,2022-01-03T09:26:53,47.65147,-122.32346,0.0,360.0,511.0,PURA VIDA,IMO0000000,,37,,11,3,,,B
338388721,2022-01-03T09:35:58,47.65148,-122.32346,0.0,360.0,511.0,PURA VIDA,IMO0000000,,37,,11,3,,,B
338388721,2022-01-03T09:29:50,47.65145,-122.32347,0.0,360.0,511.0,PURA VIDA,IMO0000000,,37,,11,3,,,B
338388721,2022-01-03T10:18:12,47.65149,-122.32347,0.0,360.0,511.0,PURA VIDA,IMO0000000,,37,,11,3,,,B
338388721,2022-01-03T09:32:58,47.65146,-122.32351,0.0,360.0,511.0,PURA VIDA,IMO0000000,,37,,11,3,,,B
338388721,2022-01-03T09:54:06,47.65150,-122.32340,0.0,360.0,511.0,PURA VIDA,IMO0000000,,37,,11,3,,,B
338388721,2022-01-03T10:03:22,47.65149,-122.32343,0.1,360.0,511.0,PURA VIDA,IMO0000000,,37,,11,3,,,B
338388721,2022-01-03T09:41:54,47.65150,-122.32337,0.0,360.0,511.0,PURA VIDA,IMO0000000,,37,,11,3,,,B
338388721,2022-01-03T10:00:18,47.65146,-122.32343,0.0,360.0,511.0,PURA VIDA,IMO0000000,,37,,11,3,,,B
338388721,2022-01-03T10:08:53,47.65143,-122.32346,0.0,360.0,511.0,PURA VIDA,IMO0000000,,37,,11,3,,,B
338388721,2022-01-03T09:51:10,47.65152,-122.32339,0.0,360.0,511.0,PURA VIDA,IMO0000000,,37,,11,3,,,B
338388721,2022-01-03T10:12:13,47.65145,-122.32343,0.1,360.0,511.0,PURA VIDA,IMO0000000,,37,,11,3,,,B
338388721,2022-01-03T10:24:06,47.65146,-122.32343,0.0,360.0,511.0,PURA VIDA,IMO0000000,,37,,11,3,,,B
338388721,2022-01-03T10:27:16,47.65146,-122.32344,0.0,360.0,511.0,PURA VIDA,IMO0000000,,37,,11,3,,,B
338388721,2022-01-03T10:30:13,47.65151,-122.32353,0.0,360.0,511.0,PURA VIDA,IMO0000000,,37,,11,3,,,B
338388721,2022-01-03T10:32:49,47.65149,-122.32349,0.0,360.0,511.0,PURA VIDA,IMO0000000,,37,,11,3,,,B
338388721,2022-01-03T10:51:17,47.65156,-122.32354,0.0,360.0,511.0,PURA VIDA,IMO0000000,,37,,11,3,,,B
338388721,2022-01-03T10:44:51,47.65147,-122.32348,0.0,360.0,511.0,PURA VIDA,IMO0000000,,37,,11,3,,,B
338388721,2022-01-03T10:47:55,47.65156,-122.32351,0.1,360.0,511.0,PURA VIDA,IMO0000000,,37,,11,3,,,B
338388721,2022-01-03T11:05:48,47.65151,-122.32353,0.0,360.0,511.0,PURA VIDA,IMO0000000,,37,,11,3,,,B
338388721,2022-01-03T11:09:00,47.65152,-122.32351,0.0,360.0,511.0,PURA VIDA,IMO0000000,,37,,11,3,,,B
338388721,2022-01-03T11:24:05,47.65146,-122.32346,0.0,360.0,511.0,PURA VIDA,IMO0000000,,37,,11,3,,,B
338388721,2022-01-03T11:11:49,47.65150,-122.32350,0.0,360.0,511.0,PURA VIDA,IMO0000000,,37,,11,3,,,B
338388721,2022-01-03T11:15:11,47.65154,-122.32349,0.0,360.0,511.0,PURA VIDA,IMO0000000,,37,,11,3,,,B
338388721,2022-01-03T12:09:04,47.65153,-122.32357,0.1,360.0,511.0,PURA VIDA,IMO0000000,,37,,11,3,,,B
338388721,2022-01-03T11:21:14,47.65146,-122.32344,0.0,360.0,511.0,PURA VIDA,IMO0000000,,37,,11,3,,,B
338388721,2022-01-03T12:24:23,47.65151,-122.32344,0.0,360.0,511.0,PURA VIDA,IMO0000000,,37,,11,3,,,B
338388721,2022-01-03T11:30:17,47.65152,-122.32347,0.0,360.0,511.0,PURA VIDA,IMO0000000,,37,,11,3,,,B
338388721,2022-01-03T12:00:03,47.65150,-122.32351,0.0,360.0,511.0,PURA VIDA,IMO0000000,,37,,11,3,,,B
338388721,2022-01-03T11:57:11,47.65151,-122.32353,0.0,360.0,511.0,PURA VIDA,IMO0000000,,37,,11,3,,,B
338388721,2022-01-03T12:48:13,47.65150,-122.32348,0.1,360.0,511.0,PURA VIDA,IMO0000000,,37,,11,3,,,B
338388721,2022-01-03T12:15:19,47.65149,-122.32358,0.0,360.0,511.0,PURA VIDA,IMO0000000,,37,,11,3,,,B
338388721,2022-01-03T12:20:58,47.65145,-122.32347,0.0,360.0,511.0,PURA VIDA,IMO0000000,,37,,11,3,,,B
338388721,2022-01-03T12:12:22,47.65148,-122.32357,0.0,360.0,511.0,PURA VIDA,IMO0000000,,37,,11,3,,,B
338388721,2022-01-03T13:12:10,47.65142,-122.32339,0.0,360.0,511.0,PURA VIDA,IMO0000000,,37,,11,3,,,B
338388721,2022-01-03T12:18:22,47.65148,-122.32355,0.0,360.0,511.0,PURA VIDA,IMO0000000,,37,,11,3,,,B
338388721,2022-01-03T12:44:57,47.65149,-122.32341,0.0,360.0,511.0,PURA VIDA,IMO0000000,,37,,11,3,,,B
338388721,2022-01-03T12:51:08,47.65148,-122.32345,0.0,360.0,511.0,PURA VIDA,IMO0000000,,37,,11,3,,,B
338388721,2022-01-03T13:34:42,47.65149,-122.32349,0.0,360.0,511.0,PURA VIDA,IMO0000000,,37,,11,3,,,B
338388721,2022-01-03T12:57:05,47.65150,-122.32337,0.1,360.0,511.0,PURA VIDA,IMO0000000,,37,,11,3,,,B
338388721,2022-01-03T14:05:08,47.65143,-122.32348,0.1,360.0,511.0,PURA VIDA,IMO0000000,,37,,11,3,,,B
338388721,2022-01-03T13:06:23,47.65146,-122.32342,0.1,360.0,511.0,PURA VIDA,IMO0000000,,37,,11,3,,,B
338388721,2022-01-03T13:16:23,47.65149,-122.32349,0.0,360.0,511.0,PURA VIDA,IMO0000000,,37,,11,3,,,B
338388721,2022-01-03T13:09:13,47.65148,-122.32339,0.0,360.0,511.0,PURA VIDA,IMO0000000,,37,,11,3,,,B
338388721,2022-01-03T13:14:52,47.65149,-122.32343,0.0,360.0,511.0,PURA VIDA,IMO0000000,,37,,11,3,,,B
338388721,2022-01-03T13:22:43,47.65146,-122.32347,0.0,360.0,511.0,PURA VIDA,IMO0000000,,37,,11,3,,,B
338388721,2022-01-03T06:49:40,47.65150,-122.32348,0.0,360.0,511.0,PURA VIDA,IMO0000000,,37,,11,3,,,B
338388721,2022-01-03T14:43:43,47.65143,-122.32357,0.0,360.0,511.0,PURA VIDA,IMO0000000,,37,,11,3,,,B
338388721,2022-01-03T13:56:07,47.65143,-122.32343,0.0,360.0,511.0,PURA VIDA,IMO0000000,,37,,11,3,,,B
338388721,2022-01-03T14:11:04,47.65147,-122.32349,0.1,360.0,511.0,PURA VIDA,IMO0000000,,37,,11,3,,,B
338388721,2022-01-03T14:29:09,47.65148,-122.32350,0.0,360.0,511.0,PURA VIDA,IMO0000000,,37,,11,3,,,B
338388721,2022-01-03T14:23:09,47.65148,-122.32342,0.0,360.0,511.0,PURA VIDA,IMO0000000,,37,,11,3,,,B
338388721,2022-01-03T14:25:45,47.65146,-122.32346,0.0,360.0,511.0,PURA VIDA,IMO0000000,,37,,11,3,,,B
338388721,2022-01-03T14:35:04,47.65146,-122.32357,0.0,360.0,511.0,PURA VIDA,IMO0000000,,37,,11,3,,,B
338388721,2022-01-03T14:40:55,47.65145,-122.32355,0.0,360.0,511.0,PURA VIDA,IMO0000000,,37,,11,3,,,B
338388721,2022-01-03T15:28:51,47.65148,-122.32348,0.0,360.0,511.0,PURA VIDA,IMO0000000,,37,,11,3,,,B
338388721,2022-01-03T14:46:35,47.65140,-122.32363,0.0,360.0,511.0,PURA VIDA,IMO0000000,,37,,11,3,,,B
338388721,2022-01-03T14:37:58,47.65145,-122.32360,0.1,360.0,511.0,PURA VIDA,IMO0000000,,37,,11,3,,,B
338388721,2022-01-03T15:43:36,47.65148,-122.32353,0.0,360.0,511.0,PURA VIDA,IMO0000000,,37,,11,3,,,B
338388721,2022-01-03T14:52:58,47.65145,-122.32350,0.3,360.0,511.0,PURA VIDA,IMO0000000,,37,,11,3,,,B
338388721,2022-01-03T15:07:59,47.65150,-122.32348,0.0,360.0,511.0,PURA VIDA,IMO0000000,,37,,11,3,,,B
338388721,2022-01-03T15:17:09,47.65147,-122.32350,0.1,360.0,511.0,PURA VIDA,IMO0000000,,37,,11,3,,,B
338388721,2022-01-03T15:01:34,47.65145,-122.32344,0.0,360.0,511.0,PURA VIDA,IMO0000000,,37,,11,3,,,B
338388721,2022-01-03T15:04:57,47.65147,-122.32351,0.1,360.0,511.0,PURA VIDA,IMO0000000,,37,,11,3,,,B
338388721,2022-01-03T15:14:00,47.65150,-122.32346,0.1,360.0,511.0,PURA VIDA,IMO0000000,,37,,11,3,,,B
338388721,2022-01-03T16:16:49,47.65149,-122.32351,0.0,360.0,511.0,PURA VIDA,IMO0000000,,37,,11,3,,,B
338388721,2022-01-03T07:21:00,47.65146,-122.32347,0.0,360.0,511.0,PURA VIDA,IMO0000000,,37,,11,3,,,B
338388721,2022-01-03T15:35:08,47.65149,-122.32350,0.0,360.0,511.0,PURA VIDA,IMO0000000,,37,,11,3,,,B
338388721,2022-01-03T15:46:55,47.65148,-122.32355,0.0,360.0,511.0,PURA VIDA,IMO0000000,,37,,11,3,,,B
338388721,2022-01-03T15:25:34,47.65152,-122.32351,0.0,360.0,511.0,PURA VIDA,IMO0000000,,37,,11,3,,,B
338388721,2022-01-03T15:37:47,47.65151,-122.32349,0.0,360.0,511.0,PURA VIDA,IMO0000000,,37,,11,3,,,B
338388721,2022-01-03T15:58:48,47.65149,-122.32355,0.0,360.0,511.0,PURA VIDA,IMO0000000,,37,,11,3,,,B
338388721,2022-01-03T15:50:07,47.65150,-122.32353,0.0,360.0,511.0,PURA VIDA,IMO0000000,,37,,11,3,,,B
338388721,2022-01-03T16:35:02,47.65148,-122.32344,0.0,360.0,511.0,PURA VIDA,IMO0000000,,37,,11,3,,,B
338388721,2022-01-03T16:11:05,47.65148,-122.32346,0.1,360.0,511.0,PURA VIDA,IMO0000000,,37,,11,3,,,B
338388721,2022-01-03T16:28:44,47.65147,-122.32345,0.0,360.0,511.0,PURA VIDA,IMO0000000,,37,,11,3,,,B
338388721,2022-01-03T16:55:59,47.65147,-122.32346,0.0,360.0,511.0,PURA VIDA,IMO0000000,,37,,11,3,,,B
338388721,2022-01-03T16:32:06,47.65148,-122.32348,0.0,360.0,511.0,PURA VIDA,IMO0000000,,37,,11,3,,,B
338388721,2022-01-03T17:25:49,47.65147,-122.32345,0.0,360.0,511.0,PURA VIDA,IMO0000000,,37,,11,3,,,B
338388721,2022-01-03T16:46:43,47.65150,-122.32343,0.0,360.0,511.0,PURA VIDA,IMO0000000,,37,,11,3,,,B
338388721,2022-01-03T16:52:37,47.65147,-122.32347,0.0,360.0,511.0,PURA VIDA,IMO0000000,,37,,11,3,,,B
338388721,2022-01-03T17:43:43,47.65148,-122.32351,0.0,360.0,511.0,PURA VIDA,IMO0000000,,37,,11,3,,,B
338388721,2022-01-03T16:58:47,47.65154,-122.32350,0.0,360.0,511.0,PURA VIDA,IMO0000000,,37,,11,3,,,B
338388721,2022-01-03T17:04:38,47.65155,-122.32347,0.0,360.0,511.0,PURA VIDA,IMO0000000,,37,,11,3,,,B
338388721,2022-01-03T17:07:59,47.65151,-122.32347,0.0,360.0,511.0,PURA VIDA,IMO0000000,,37,,11,3,,,B
338388721,2022-01-03T17:10:52,47.65154,-122.32347,0.0,360.0,511.0,PURA VIDA,IMO0000000,,37,,11,3,,,B
338388721,2022-01-03T17:22:47,47.65153,-122.32347,0.0,360.0,511.0,PURA VIDA,IMO0000000,,37,,11,3,,,B
338388721,2022-01-03T17:13:47,47.65151,-122.32348,0.0,360.0,511.0,PURA VIDA,IMO0000000,,37,,11,3,,,B
338388721,2022-01-03T17:29:06,47.65145,-122.32350,0.0,360.0,511.0,PURA VIDA,IMO0000000,,37,,11,3,,,B
338388721,2022-01-03T18:23:04,47.65145,-122.32344,0.0,360.0,511.0,PURA VIDA,IMO0000000,,37,,11,3,,,B
338388721,2022-01-03T18:25:44,47.65151,-122.32346,0.1,360.0,511.0,PURA VIDA,IMO0000000,,37,,11,3,,,B
338388721,2022-01-03T17:19:47,47.65152,-122.32352,0.0,360.0,511.0,PURA VIDA,IMO0000000,,37,,11,3,,,B
338388721,2022-01-03T18:05:05,47.65149,-122.32347,0.0,360.0,511.0,PURA VIDA,IMO0000000,,37,,11,3,,,B
338388721,2022-01-03T17:55:37,47.65157,-122.32348,0.2,360.0,511.0,PURA VIDA,IMO0000000,,37,,11,3,,,B
338388721,2022-01-03T17:58:47,47.65152,-122.32342,0.0,360.0,511.0,PURA VIDA,IMO0000000,,37,,11,3,,,B
338388721,2022-01-03T17:38:02,47.65158,-122.32348,0.2,360.0,511.0,PURA VIDA,IMO0000000,,37,,11,3,,,B
338388721,2022-01-03T17:46:38,47.65166,-122.32351,0.0,360.0,511.0,PURA VIDA,IMO0000000,,37,,11,3,,,B
338388721,2022-01-03T18:08:10,47.65147,-122.32348,0.1,360.0,511.0,PURA VIDA,IMO0000000,,37,,11,3,,,B
338388721,2022-01-03T18:19:43,47.65148,-122.32342,0.0,360.0,511.0,PURA VIDA,IMO0000000,,37,,11,3,,,B
338388721,2022-01-03T18:10:53,47.65144,-122.32348,0.0,360.0,511.0,PURA VIDA,IMO0000000,,37,,11,3,,,B
338388721,2022-01-03T08:27:06,47.65146,-122.32349,0.0,360.0,511.0,PURA VIDA,IMO0000000,,37,,11,3,,,B
338388721,2022-01-03T18:13:43,47.65144,-122.32348,0.2,360.0,511.0,PURA VIDA,IMO0000000,,37,,11,3,,,B
338388721,2022-01-03T18:01:46,47.65153,-122.32344,0.0,360.0,511.0,PURA VIDA,IMO0000000,,37,,11,3,,,B
338388721,2022-01-03T18:37:55,47.65148,-122.32345,0.0,360.0,511.0,PURA VIDA,IMO0000000,,37,,11,3,,,B
338388721,2022-01-03T08:36:15,47.65145,-122.32350,0.0,360.0,511.0,PURA VIDA,IMO0000000,,37,,11,3,,,B
338388721,2022-01-03T18:46:55,47.65148,-122.32349,0.0,360.0,511.0,PURA VIDA,IMO0000000,,37,,11,3,,,B
338388721,2022-01-03T18:50:00,47.65148,-122.32345,0.0,360.0,511.0,PURA VIDA,IMO0000000,,37,,11,3,,,B
338388721,2022-01-03T18:29:08,47.65149,-122.32345,0.1,360.0,511.0,PURA VIDA,IMO0000000,,37,,11,3,,,B
338388721,2022-01-03T18:55:53,47.65148,-122.32348,0.0,360.0,511.0,PURA VIDA,IMO0000000,,37,,11,3,,,B
338388721,2022-01-03T18:34:58,47.65149,-122.32347,0.0,360.0,511.0,PURA VIDA,IMO0000000,,37,,11,3,,,B
338388721,2022-01-03T18:43:47,47.65148,-122.32347,0.0,360.0,511.0,PURA VIDA,IMO0000000,,37,,11,3,,,B
338388721,2022-01-03T19:21:22,47.65145,-122.32347,0.0,360.0,511.0,PURA VIDA,IMO0000000,,37,,11,3,,,B
338388721,2022-01-03T19:16:52,47.65146,-122.32347,0.0,360.0,511.0,PURA VIDA,IMO0000000,,37,,11,3,,,B
338388721,2022-01-03T18:59:08,47.65148,-122.32348,0.0,360.0,511.0,PURA VIDA,IMO0000000,,37,,11,3,,,B
338388721,2022-01-03T19:24:50,47.65145,-122.32349,0.0,360.0,511.0,PURA VIDA,IMO0000000,,37,,11,3,,,B
338388721,2022-01-03T19:07:49,47.65149,-122.32345,0.0,360.0,511.0,PURA VIDA,IMO0000000,,37,,11,3,,,B
338388721,2022-01-03T19:19:49,47.65143,-122.32345,0.0,360.0,511.0,PURA VIDA,IMO0000000,,37,,11,3,,,B
338388721,2022-01-03T20:36:49,47.65142,-122.32352,0.0,360.0,511.0,PURA VIDA,IMO0000000,,37,,11,3,,,B
338388721,2022-01-03T08:59:55,47.65146,-122.32352,0.0,360.0,511.0,PURA VIDA,IMO0000000,,37,,11,3,,,B
338388721,2022-01-03T19:36:35,47.65153,-122.32351,0.0,360.0,511.0,PURA VIDA,IMO0000000,,37,,11,3,,,B
338388721,2022-01-03T19:52:04,47.65152,-122.32351,0.1,360.0,511.0,PURA VIDA,IMO0000000,,37,,11,3,,,B
338388721,2022-01-03T19:54:59,47.65148,-122.32347,0.1,360.0,511.0,PURA VIDA,IMO0000000,,37,,11,3,,,B
338388721,2022-01-03T20:03:35,47.65145,-122.32344,0.0,360.0,511.0,PURA VIDA,IMO0000000,,37,,11,3,,,B
338388721,2022-01-03T19:48:33,47.65149,-122.32348,0.0,360.0,511.0,PURA VIDA,IMO0000000,,37,,11,3,,,B
338388721,2022-01-03T21:08:51,47.65149,-122.32346,0.0,360.0,511.0,PURA VIDA,IMO0000000,,37,,11,3,,,B
338388721,2022-01-03T20:00:39,47.65145,-122.32343,0.1,360.0,511.0,PURA VIDA,IMO0000000,,37,,11,3,,,B
338388721,2022-01-03T20:27:52,47.65146,-122.32341,0.0,360.0,511.0,PURA VIDA,IMO0000000,,37,,11,3,,,B
338388721,2022-01-03T20:19:06,47.65144,-122.32352,0.0,360.0,511.0,PURA VIDA,IMO0000000,,37,,11,3,,,B
338388721,2022-01-03T20:12:59,47.65143,-122.32351,0.2,360.0,511.0,PURA VIDA,IMO0000000,,37,,11,3,,,B
338388721,2022-01-03T20:45:32,47.65148,-122.32346,0.0,360.0,511.0,PURA VIDA,IMO0000000,,37,,11,3,,,B
338388721,2022-01-03T20:34:00,47.65140,-122.32350,0.1,360.0,511.0,PURA VIDA,IMO0000000,,37,,11,3,,,B
338388721,2022-01-03T20:56:05,47.65151,-122.32349,0.1,360.0,511.0,PURA VIDA,IMO0000000,,37,,11,3,,,B
338388721,2022-01-03T21:02:26,47.65147,-122.32344,0.0,360.0,511.0,PURA VIDA,IMO0000000,,37,,11,3,,,B
338388721,2022-01-03T20:54:35,47.65149,-122.32353,0.0,360.0,511.0,PURA VIDA,IMO0000000,,37,,11,3,,,B
338388721,2022-01-03T21:11:40,47.65147,-122.32347,0.0,360.0,511.0,PURA VIDA,IMO0000000,,37,,11,3,,,B
338388721,2022-01-03T21:26:48,47.65145,-122.32351,0.2,360.0,511.0,PURA VIDA,IMO0000000,,37,,11,3,,,B
338388721,2022-01-03T21:44:43,47.65149,-122.32356,0.1,360.0,511.0,PURA VIDA,IMO0000000,,37,,11,3,,,B
338388721,2022-01-03T21:47:35,47.65154,-122.32350,0.1,360.0,511.0,PURA VIDA,IMO0000000,,37,,11,3,,,B
338388721,2022-01-03T21:29:18,47.65144,-122.32354,0.1,360.0,511.0,PURA VIDA,IMO0000000,,37,,11,3,,,B
338388721,2022-01-03T21:50:18,47.65158,-122.32348,0.0,360.0,511.0,PURA VIDA,IMO0000000,,37,,11,3,,,B
338388721,2022-01-03T21:32:37,47.65150,-122.32357,0.1,360.0,511.0,PURA VIDA,IMO0000000,,37,,11,3,,,B
338388721,2022-01-03T21:23:30,47.65146,-122.32348,0.0,360.0,511.0,PURA VIDA,IMO0000000,,37,,11,3,,,B
338388721,2022-01-03T22:47:21,47.65153,-122.32356,0.1,360.0,511.0,PURA VIDA,IMO0000000,,37,,11,3,,,B
338388721,2022-01-03T22:08:34,47.65154,-122.32348,0.0,360.0,511.0,PURA VIDA,IMO0000000,,37,,11,3,,,B
338388721,2022-01-03T22:50:51,47.65150,-122.32356,0.1,360.0,511.0,PURA VIDA,IMO0000000,,37,,11,3,,,B
338388721,2022-01-03T21:35:17,47.65149,-122.32356,0.0,360.0,511.0,PURA VIDA,IMO0000000,,37,,11,3,,,B
338388721,2022-01-03T22:17:28,47.65152,-122.32349,0.0,360.0,511.0,PURA VIDA,IMO0000000,,37,,11,3,,,B
338388721,2022-01-03T22:20:51,47.65151,-122.32351,0.1,360.0,511.0,PURA VIDA,IMO0000000,,37,,11,3,,,B
338388721,2022-01-03T21:56:45,47.65153,-122.32344,0.0,360.0,511.0,PURA VIDA,IMO0000000,,37,,11,3,,,B
338388721,2022-01-03T23:20:45,47.65157,-122.32350,0.0,360.0,511.0,PURA VIDA,IMO0000000,,37,,11,3,,,B
338388721,2022-01-03T22:02:32,47.65158,-122.32352,0.0,360.0,511.0,PURA VIDA,IMO0000000,,37,,11,3,,,B
338388721,2022-01-03T22:32:26,47.65148,-122.32349,0.0,360.0,511.0,PURA VIDA,IMO0000000,,37,,11,3,,,B
338388721,2022-01-03T22:11:21,47.65153,-122.32347,0.0,360.0,511.0,PURA VIDA,IMO0000000,,37,,11,3,,,B
338388721,2022-01-03T22:14:18,47.65154,-122.32346,0.0,360.0,511.0,PURA VIDA,IMO0000000,,37,,11,3,,,B
338388721,2022-01-03T22:26:29,47.65148,-122.32349,0.0,360.0,511.0,PURA VIDA,IMO0000000,,37,,11,3,,,B
338388721,2022-01-03T22:53:48,47.65150,-122.32349,0.1,360.0,511.0,PURA VIDA,IMO0000000,,37,,11,3,,,B
338388721,2022-01-03T22:56:49,47.65151,-122.32354,0.0,360.0,511.0,PURA VIDA,IMO0000000,,37,,11,3,,,B
338388721,2022-01-03T10:35:49,47.65147,-122.32348,0.0,360.0,511.0,PURA VIDA,IMO0000000,,37,,11,3,,,B
338388721,2022-01-03T22:38:50,47.65149,-122.32352,0.0,360.0,511.0,PURA VIDA,IMO0000000,,37,,11,3,,,B
338388721,2022-01-03T23:08:40,47.65156,-122.32347,0.1,360.0,511.0,PURA VIDA,IMO0000000,,37,,11,3,,,B
338388721,2022-01-03T23:11:43,47.65154,-122.32353,0.2,360.0,511.0,PURA VIDA,IMO0000000,,37,,11,3,,,B
338388721,2022-01-03T23:44:46,47.65148,-122.32347,0.1,360.0,511.0,PURA VIDA,IMO0000000,,37,,11,3,,,B
338388721,2022-01-03T23:02:22,47.65152,-122.32346,0.1,360.0,511.0,PURA VIDA,IMO0000000,,37,,11,3,,,B
338388721,2022-01-03T23:14:24,47.65155,-122.32351,0.0,360.0,511.0,PURA VIDA,IMO0000000,,37,,11,3,,,B
338388721,2022-01-03T23:23:36,47.65153,-122.32343,0.1,360.0,511.0,PURA VIDA,IMO0000000,,37,,11,3,,,B
338388721,2022-01-03T11:03:07,47.65149,-122.32354,0.0,360.0,511.0,PURA VIDA,IMO0000000,,37,,11,3,,,B
338388721,2022-01-03T23:41:48,47.65150,-122.32337,0.1,360.0,511.0,PURA VIDA,IMO0000000,,37,,11,3,,,B
338388721,2022-01-03T23:56:51,47.65146,-122.32353,0.0,360.0,511.0,PURA VIDA,IMO0000000,,37,,11,3,,,B
338388721,2022-01-03T12:06:12,47.65156,-122.32352,0.0,360.0,511.0,PURA VIDA,IMO0000000,,37,,11,3,,,B
338388721,2022-01-03T12:26:50,47.65151,-122.32342,0.0,360.0,511.0,PURA VIDA,IMO0000000,,37,,11,3,,,B
338388721,2022-01-03T12:54:16,47.65150,-122.32346,0.1,360.0,511.0,PURA VIDA,IMO0000000,,37,,11,3,,,B
338388721,2022-01-03T13:19:52,47.65149,-122.32349,0.0,360.0,511.0,PURA VIDA,IMO0000000,,37,,11,3,,,B
338388721,2022-01-03T13:28:34,47.65151,-122.32349,0.0,360.0,511.0,PURA VIDA,IMO0000000,,37,,11,3,,,B
338388721,2022-01-03T13:40:52,47.65141,-122.32353,0.0,360.0,511.0,PURA VIDA,IMO0000000,,37,,11,3,,,B
338388721,2022-01-03T17:16:59,47.65149,-122.32348,0.1,360.0,511.0,PURA VIDA,IMO0000000,,37,,11,3,,,B
338388721,2022-01-03T18:40:47,47.65148,-122.32349,0.0,360.0,511.0,PURA VIDA,IMO0000000,,37,,11,3,,,B
338388721,2022-01-03T19:10:44,47.65150,-122.32347,0.0,360.0,511.0,PURA VIDA,IMO0000000,,37,,11,3,,,B
338388721,2022-01-03T19:45:57,47.65147,-122.32345,0.1,360.0,511.0,PURA VIDA,IMO0000000,,37,,11,3,,,B
338388721,2022-01-03T21:05:49,47.65148,-122.32349,0.0,360.0,511.0,PURA VIDA,IMO0000000,,37,,11,3,,,B
338388721,2022-01-03T21:14:20,47.65151,-122.32346,0.2,360.0,511.0,PURA VIDA,IMO0000000,,37,,11,3,,,B
338388721,2022-01-03T21:20:35,47.65147,-122.32351,0.0,360.0,511.0,PURA VIDA,IMO0000000,,37,,11,3,,,B
338388721,2022-01-03T21:38:31,47.65151,-122.32360,0.0,360.0,511.0,PURA VIDA,IMO0000000,,37,,11,3,,,B
338388721,2022-01-03T21:59:41,47.65159,-122.32355,0.1,360.0,511.0,PURA VIDA,IMO0000000,,37,,11,3,,,B
338388721,2022-01-03T23:59:49,47.65150,-122.32349,0.0,360.0,511.0,PURA VIDA,IMO0000000,,37,,11,3,,,B
338388721,2022-01-04T00:02:49,47.65151,-122.32349,0.0,360.0,511.0,PURA VIDA,IMO0000000,,37,,11,3,,,B
338388721,2022-01-04T00:14:22,47.65144,-122.32356,0.1,360.0,511.0,PURA VIDA,IMO0000000,,37,,11,3,,,B
338388721,2022-01-04T00:20:49,47.65147,-122.32353,0.1,360.0,511.0,PURA VIDA,IMO0000000,,37,,11,3,,,B
338388721,2022-01-04T00:29:25,47.65150,-122.32350,0.0,360.0,511.0,PURA VIDA,IMO0000000,,37,,11,3,,,B
338388721,2022-01-04T00:23:42,47.65145,-122.32358,0.0,360.0,511.0,PURA VIDA,IMO0000000,,37,,11,3,,,B
338388721,2022-01-04T00:35:34,47.65148,-122.32348,0.0,360.0,511.0,PURA VIDA,IMO0000000,,37,,11,3,,,B
338388721,2022-01-04T00:26:17,47.65144,-122.32357,0.0,360.0,511.0,PURA VIDA,IMO0000000,,37,,11,3,,,B
338388721,2022-01-04T00:38:31,47.65150,-122.32353,0.0,360.0,511.0,PURA VIDA,IMO0000000,,37,,11,3,,,B
338388721,2022-01-04T00:47:35,47.65147,-122.32354,0.0,360.0,511.0,PURA VIDA,IMO0000000,,37,,11,3,,,B
338388721,2022-01-04T00:32:41,47.65150,-122.32343,0.0,360.0,511.0,PURA VIDA,IMO0000000,,37,,11,3,,,B
338388721,2022-01-04T00:41:42,47.65146,-122.32352,0.0,360.0,511.0,PURA VIDA,IMO0000000,,37,,11,3,,,B
338388721,2022-01-04T00:53:24,47.65148,-122.32353,0.0,360.0,511.0,PURA VIDA,IMO0000000,,37,,11,3,,,B
338388721,2022-01-04T01:08:35,47.65149,-122.32358,0.0,360.0,511.0,PURA VIDA,IMO0000000,,37,,11,3,,,B
338388721,2022-01-04T00:59:48,47.65144,-122.32360,0.0,360.0,511.0,PURA VIDA,IMO0000000,,37,,11,3,,,B
338388721,2022-01-04T00:44:52,47.65145,-122.32348,0.0,360.0,511.0,PURA VIDA,IMO0000000,,37,,11,3,,,B
338388721,2022-01-04T01:05:36,47.65151,-122.32357,0.0,360.0,511.0,PURA VIDA,IMO0000000,,37,,11,3,,,B
338388721,2022-01-04T01:14:45,47.65147,-122.32357,0.0,360.0,511.0,PURA VIDA,IMO0000000,,37,,11,3,,,B
338388721,2022-01-04T01:26:19,47.65145,-122.32347,0.0,360.0,511.0,PURA VIDA,IMO0000000,,37,,11,3,,,B
338388721,2022-01-04T01:20:19,47.65146,-122.32349,0.0,360.0,511.0,PURA VIDA,IMO0000000,,37,,11,3,,,B
338388721,2022-01-04T01:35:40,47.65155,-122.32353,0.0,360.0,511.0,PURA VIDA,IMO0000000,,37,,11,3,,,B
338388721,2022-01-04T01:32:39,47.65155,-122.32360,0.0,360.0,511.0,PURA VIDA,IMO0000000,,37,,11,3,,,B
338388721,2022-01-04T01:56:24,47.65145,-122.32362,0.0,360.0,511.0,PURA VIDA,IMO0000000,,37,,11,3,,,B
338388721,2022-01-04T01:38:36,47.65150,-122.32357,0.0,360.0,511.0,PURA VIDA,IMO0000000,,37,,11,3,,,B
338388721,2022-01-04T01:44:23,47.65150,-122.32348,0.0,360.0,511.0,PURA VIDA,IMO0000000,,37,,11,3,,,B
338388721,2022-01-04T01:47:42,47.65143,-122.32358,0.0,360.0,511.0,PURA VIDA,IMO0000000,,37,,11,3,,,B
338388721,2022-01-04T02:14:41,47.65144,-122.32346,0.0,360.0,511.0,PURA VIDA,IMO0000000,,37,,11,3,,,B
338388721,2022-01-04T01:53:24,47.65141,-122.32358,0.2,360.0,511.0,PURA VIDA,IMO0000000,,37,,11,3,,,B
338388721,2022-01-04T01:59:50,47.65140,-122.32361,0.1,360.0,511.0,PURA VIDA,IMO0000000,,37,,11,3,,,B
338388721,2022-01-04T02:25:33,47.65144,-122.32347,0.0,360.0,511.0,PURA VIDA,IMO0000000,,37,,11,3,,,B
338388721,2022-01-04T02:02:30,47.65141,-122.32360,0.0,360.0,511.0,PURA VIDA,IMO0000000,,37,,11,3,,,B
338388721,2022-01-04T02:11:45,47.65143,-122.32353,0.0,360.0,511.0,PURA VIDA,IMO0000000,,37,,11,3,,,B
338388721,2022-01-04T02:17:59,47.65142,-122.32355,0.0,360.0,511.0,PURA VIDA,IMO0000000,,37,,11,3,,,B
338388721,2022-01-04T02:22:31,47.65146,-122.32342,0.0,360.0,511.0,PURA VIDA,IMO0000000,,37,,11,3,,,B
338388721,2022-01-04T02:19:59,47.65143,-122.32346,0.0,360.0,511.0,PURA VIDA,IMO0000000,,37,,11,3,,,B
338388721,2022-01-04T02:40:34,47.65147,-122.32353,0.0,360.0,511.0,PURA VIDA,IMO0000000,,37,,11,3,,,B
338388721,2022-01-04T02:49:43,47.65146,-122.32351,0.0,360.0,511.0,PURA VIDA,IMO0000000,,37,,11,3,,,B
338388721,2022-01-04T02:46:41,47.65145,-122.32351,0.0,360.0,511.0,PURA VIDA,IMO0000000,,37,,11,3,,,B
338388721,2022-01-04T03:22:22,47.65147,-122.32356,0.0,360.0,511.0,PURA VIDA,IMO0000000,,37,,11,3,,,B
338388721,2022-01-04T03:10:39,47.65144,-122.32354,0.0,360.0,511.0,PURA VIDA,IMO0000000,,37,,11,3,,,B
338388721,2022-01-04T02:05:19,47.65140,-122.32356,0.1,360.0,511.0,PURA VIDA,IMO0000000,,37,,11,3,,,B
338388721,2022-01-04T02:58:37,47.65146,-122.32350,0.0,360.0,511.0,PURA VIDA,IMO0000000,,37,,11,3,,,B
338388721,2022-01-04T03:01:18,47.65148,-122.32347,0.0,360.0,511.0,PURA VIDA,IMO0000000,,37,,11,3,,,B
338388721,2022-01-04T03:34:30,47.65147,-122.32356,0.0,360.0,511.0,PURA VIDA,IMO0000000,,37,,11,3,,,B
338388721,2022-01-04T03:07:40,47.65148,-122.32351,0.0,360.0,511.0,PURA VIDA,IMO0000000,,37,,11,3,,,B
338388721,2022-01-04T03:43:23,47.65149,-122.32354,0.0,360.0,511.0,PURA VIDA,IMO0000000,,37,,11,3,,,B
338388721,2022-01-04T03:28:40,47.65144,-122.32352,0.0,360.0,511.0,PURA VIDA,IMO0000000,,37,,11,3,,,B
338388721,2022-01-04T03:49:38,47.65146,-122.32349,0.0,360.0,511.0,PURA VIDA,IMO0000000,,37,,11,3,,,B
338388721,2022-01-04T03:25:17,47.65147,-122.32357,0.0,360.0,511.0,PURA VIDA,IMO0000000,,37,,11,3,,,B
338388721,2022-01-04T03:13:17,47.65144,-122.32354,0.0,360.0,511.0,PURA VIDA,IMO0000000,,37,,11,3,,,B
338388721,2022-01-04T03:16:13,47.65148,-122.32357,0.0,360.0,511.0,PURA VIDA,IMO0000000,,37,,11,3,,,B
338388721,2022-01-04T03:19:14,47.65145,-122.32355,0.0,360.0,511.0,PURA VIDA,IMO0000000,,37,,11,3,,,B
338388721,2022-01-04T02:34:10,47.65146,-122.32355,0.0,360.0,511.0,PURA VIDA,IMO0000000,,37,,11,3,,,B
338388721,2022-01-04T02:37:18,47.65145,-122.32351,0.0,360.0,511.0,PURA VIDA,IMO0000000,,37,,11,3,,,B
338388721,2022-01-04T03:52:33,47.65146,-122.32349,0.0,360.0,511.0,PURA VIDA,IMO0000000,,37,,11,3,,,B
338388721,2022-01-04T04:07:18,47.65145,-122.32351,0.1,360.0,511.0,PURA VIDA,IMO0000000,,37,,11,3,,,B
338388721,2022-01-04T03:31:42,47.65146,-122.32355,0.0,360.0,511.0,PURA VIDA,IMO0000000,,37,,11,3,,,B
338388721,2022-01-04T03:55:36,47.65147,-122.32346,0.0,360.0,511.0,PURA VIDA,IMO0000000,,37,,11,3,,,B
338388721,2022-01-04T03:37:28,47.65146,-122.32351,0.1,360.0,511.0,PURA VIDA,IMO0000000,,37,,11,3,,,B
338388721,2022-01-04T04:16:31,47.65147,-122.32354,0.0,360.0,511.0,PURA VIDA,IMO0000000,,37,,11,3,,,B
338388721,2022-01-04T04:04:46,47.65145,-122.32355,0.0,360.0,511.0,PURA VIDA,IMO0000000,,37,,11,3,,,B
338388721,2022-01-04T04:01:19,47.65147,-122.32357,0.0,360.0,511.0,PURA VIDA,IMO0000000,,37,,11,3,,,B
338388721,2022-01-04T03:58:17,47.65143,-122.32347,0.0,360.0,511.0,PURA VIDA,IMO0000000,,37,,11,3,,,B
338388721,2022-01-04T04:22:28,47.65148,-122.32349,0.0,360.0,511.0,PURA VIDA,IMO0000000,,37,,11,3,,,B
338388721,2022-01-04T04:25:29,47.65150,-122.32345,0.2,360.0,511.0,PURA VIDA,IMO0000000,,37,,11,3,,,B
338388721,2022-01-04T04:55:35,47.65148,-122.32344,0.2,360.0,511.0,PURA VIDA,IMO0000000,,37,,11,3,,,B
338388721,2022-01-04T04:19:25,47.65147,-122.32349,0.1,360.0,511.0,PURA VIDA,IMO0000000,,37,,11,3,,,B
338388721,2022-01-04T05:16:14,47.65149,-122.32347,0.1,360.0,511.0,PURA VIDA,IMO0000000,,37,,11,3,,,B
338388721,2022-01-04T04:49:24,47.65150,-122.32348,0.0,360.0,511.0,PURA VIDA,IMO0000000,,37,,11,3,,,B
338388721,2022-01-04T05:07:12,47.65147,-122.32348,0.0,360.0,511.0,PURA VIDA,IMO0000000,,37,,11,3,,,B
338388721,2022-01-04T04:28:40,47.65155,-122.32346,0.0,360.0,511.0,PURA VIDA,IMO0000000,,37,,11,3,,,B
338388721,2022-01-04T04:58:29,47.65148,-122.32343,0.1,360.0,511.0,PURA VIDA,IMO0000000,,37,,11,3,,,B
338388721,2022-01-04T04:46:37,47.65151,-122.32348,0.0,360.0,511.0,PURA VIDA,IMO0000000,,37,,11,3,,,B
338388721,2022-01-04T04:34:38,47.65145,-122.32355,0.0,360.0,511.0,PURA VIDA,IMO0000000,,37,,11,3,,,B
338388721,2022-01-04T05:04:42,47.65150,-122.32341,0.0,360.0,511.0,PURA VIDA,IMO0000000,,37,,11,3,,,B
338388721,2022-01-04T05:13:35,47.65149,-122.32349,0.0,360.0,511.0,PURA VIDA,IMO0000000,,37,,11,3,,,B
338388721,2022-01-04T04:52:30,47.65149,-122.32347,0.0,360.0,511.0,PURA VIDA,IMO0000000,,37,,11,3,,,B
338388721,2022-01-04T05:19:12,47.65151,-122.32349,0.1,360.0,511.0,PURA VIDA,IMO0000000,,37,,11,3,,,B
338388721,2022-01-04T05:25:29,47.65148,-122.32357,0.2,360.0,511.0,PURA VIDA,IMO0000000,,37,,11,3,,,B
338388721,2022-01-04T05:28:27,47.65143,-122.32357,0.0,360.0,511.0,PURA VIDA,IMO0000000,,37,,11,3,,,B
338388721,2022-01-04T05:31:43,47.65142,-122.32352,0.0,360.0,511.0,PURA VIDA,IMO0000000,,37,,11,3,,,B
338388721,2022-01-04T05:58:18,47.65152,-122.32346,0.0,360.0,511.0,PURA VIDA,IMO0000000,,37,,11,3,,,B
338388721,2022-01-04T05:40:19,47.65146,-122.32350,0.0,360.0,511.0,PURA VIDA,IMO0000000,,37,,11,3,,,B
338388721,2022-01-04T04:13:12,47.65146,-122.32356,0.0,360.0,511.0,PURA VIDA,IMO0000000,,37,,11,3,,,B
338388721,2022-01-04T05:37:21,47.65141,-122.32354,0.1,360.0,511.0,PURA VIDA,IMO0000000,,37,,11,3,,,B
338388721,2022-01-04T06:22:28,47.65152,-122.32344,0.0,360.0,511.0,PURA VIDA,IMO0000000,,37,,11,3,,,B
338388721,2022-01-04T05:34:15,47.65144,-122.32354,0.1,360.0,511.0,PURA VIDA,IMO0000000,,37,,11,3,,,B
338388721,2022-01-04T06:01:29,47.65147,-122.32350,0.0,360.0,511.0,PURA VIDA,IMO0000000,,37,,11,3,,,B
338388721,2022-01-04T05:43:41,47.65151,-122.32346,0.0,360.0,511.0,PURA VIDA,IMO0000000,,37,,11,3,,,B
338388721,2022-01-04T05:55:15,47.65150,-122.32344,0.0,360.0,511.0,PURA VIDA,IMO0000000,,37,,11,3,,,B
338388721,2022-01-04T06:49:39,47.65148,-122.32344,0.0,360.0,511.0,PURA VIDA,IMO0000000,,37,,11,3,,,B
338388721,2022-01-04T06:19:36,47.65152,-122.32343,0.0,360.0,511.0,PURA VIDA,IMO0000000,,37,,11,3,,,B
338388721,2022-01-04T06:52:25,47.65148,-122.32347,0.0,360.0,511.0,PURA VIDA,IMO0000000,,37,,11,3,,,B
338388721,2022-01-04T06:34:33,47.65148,-122.32344,0.0,360.0,511.0,PURA VIDA,IMO0000000,,37,,11,3,,,B
338388721,2022-01-04T04:40:34,47.65145,-122.32352,0.0,360.0,511.0,PURA VIDA,IMO0000000,,37,,11,3,,,B
338388721,2022-01-04T06:25:19,47.65149,-122.32345,0.0,360.0,511.0,PURA VIDA,IMO0000000,,37,,11,3,,,B
338388721,2022-01-04T06:58:27,47.65148,-122.32345,0.0,360.0,511.0,PURA VIDA,IMO0000000,,37,,11,3,,,B
338388721,2022-01-04T06:40:22,47.65147,-122.32347,0.0,360.0,511.0,PURA VIDA,IMO0000000,,37,,11,3,,,B
338388721,2022-01-04T06:55:43,47.65148,-122.32350,0.0,360.0,511.0,PURA VIDA,IMO0000000,,37,,11,3,,,B
338388721,2022-01-04T06:46:31,47.65149,-122.32346,0.0,360.0,511.0,PURA VIDA,IMO0000000,,37,,11,3,,,B
338388721,2022-01-04T07:16:13,47.65149,-122.32345,0.0,360.0,511.0,PURA VIDA,IMO0000000,,37,,11,3,,,B
338388721,2022-01-04T06:31:45,47.65147,-122.32341,0.0,360.0,511.0,PURA VIDA,IMO0000000,,37,,11,3,,,B
338388721,2022-01-04T07:13:29,47.65148,-122.32347,0.0,360.0,511.0,PURA VIDA,IMO0000000,,37,,11,3,,,B
338388721,2022-01-04T06:37:17,47.65149,-122.32345,0.0,360.0,511.0,PURA VIDA,IMO0000000,,37,,11,3,,,B
338388721,2022-01-04T07:43:29,47.65145,-122.32338,0.0,360.0,511.0,PURA VIDA,IMO0000000,,37,,11,3,,,B
338388721,2022-01-04T07:46:34,47.65148,-122.32343,0.1,360.0,511.0,PURA VIDA,IMO0000000,,37,,11,3,,,B
338388721,2022-01-04T07:28:13,47.65147,-122.32343,0.1,360.0,511.0,PURA VIDA,IMO0000000,,37,,11,3,,,B
338388721,2022-01-04T05:22:43,47.65149,-122.32357,0.1,360.0,511.0,PURA VIDA,IMO0000000,,37,,11,3,,,B
338388721,2022-01-04T08:05:11,47.65150,-122.32343,0.0,360.0,511.0,PURA VIDA,IMO0000000,,37,,11,3,,,B
338388721,2022-01-04T08:09:11,47.65149,-122.32347,0.0,360.0,511.0,PURA VIDA,IMO0000000,,37,,11,3,,,B
338388721,2022-01-04T07:40:22,47.65145,-122.32344,0.0,360.0,511.0,PURA VIDA,IMO0000000,,37,,11,3,,,B
338388721,2022-01-04T08:24:28,47.65145,-122.32351,0.0,360.0,511.0,PURA VIDA,IMO0000000,,37,,11,3,,,B
338388721,2022-01-04T07:19:16,47.65148,-122.32345,0.0,360.0,511.0,PURA VIDA,IMO0000000,,37,,11,3,,,B
338388721,2022-01-04T07:04:10,47.65147,-122.32348,0.1,360.0,511.0,PURA VIDA,IMO0000000,,37,,11,3,,,B
338388721,2022-01-04T08:01:24,47.65150,-122.32346,0.0,360.0,511.0,PURA VIDA,IMO0000000,,37,,11,3,,,B
338388721,2022-01-04T08:06:42,47.65152,-122.32341,0.1,360.0,511.0,PURA VIDA,IMO0000000,,37,,11,3,,,B
338388721,2022-01-04T07:52:34,47.65151,-122.32342,0.0,360.0,511.0,PURA VIDA,IMO0000000,,37,,11,3,,,B
338388721,2022-01-04T09:50:55,47.65147,-122.32348,0.0,360.0,511.0,PURA VIDA,IMO0000000,,37,,11,3,,,B
338388721,2022-01-04T08:18:06,47.65146,-122.32355,0.0,360.0,511.0,PURA VIDA,IMO0000000,,37,,11,3,,,B
338388721,2022-01-04T07:55:37,47.65149,-122.32345,0.0,360.0,511.0,PURA VIDA,IMO0000000,,37,,11,3,,,B
338388721,2022-01-04T08:27:25,47.65144,-122.32350,0.0,360.0,511.0,PURA VIDA,IMO0000000,,37,,11,3,,,B
338388721,2022-01-04T07:58:33,47.65147,-122.32342,0.1,360.0,511.0,PURA VIDA,IMO0000000,,37,,11,3,,,B
338388721,2022-01-04T07:37:14,47.65150,-122.32344,0.0,360.0,511.0,PURA VIDA,IMO0000000,,37,,11,3,,,B
338388721,2022-01-04T10:00:00,47.65150,-122.32350,0.0,360.0,511.0,PURA VIDA,IMO0000000,,37,,11,3,,,B
338388721,2022-01-04T08:04:10,47.65148,-122.32346,0.0,360.0,511.0,PURA VIDA,IMO0000000,,37,,11,3,,,B
338388721,2022-01-04T09:42:08,47.65152,-122.32349,0.0,360.0,511.0,PURA VIDA,IMO0000000,,37,,11,3,,,B
338388721,2022-01-04T09:45:14,47.65149,-122.32349,0.0,360.0,511.0,PURA VIDA,IMO0000000,,37,,11,3,,,B
338388721,2022-01-04T09:47:54,47.65148,-122.32346,0.0,360.0,511.0,PURA VIDA,IMO0000000,,37,,11,3,,,B
338388721,2022-01-04T06:04:22,47.65147,-122.32347,0.2,360.0,511.0,PURA VIDA,IMO0000000,,37,,11,3,,,B
338388721,2022-01-04T09:36:02,47.65149,-122.32349,0.1,360.0,511.0,PURA VIDA,IMO0000000,,37,,11,3,,,B
338388721,2022-01-04T10:03:27,47.65150,-122.32341,0.0,360.0,511.0,PURA VIDA,IMO0000000,,37,,11,3,,,B
338388721,2022-01-04T09:57:21,47.65149,-122.32349,0.0,360.0,511.0,PURA VIDA,IMO0000000,,37,,11,3,,,B
338388721,2022-01-04T10:30:14,47.65151,-122.32351,0.0,360.0,511.0,PURA VIDA,IMO0000000,,37,,11,3,,,B
338388721,2022-01-04T10:06:17,47.65146,-122.32355,0.0,360.0,511.0,PURA VIDA,IMO0000000,,37,,11,3,,,B
338388721,2022-01-04T10:39:16,47.65151,-122.32344,0.0,360.0,511.0,PURA VIDA,IMO0000000,,37,,11,3,,,B
338388721,2022-01-04T06:16:33,47.65149,-122.32345,0.0,360.0,511.0,PURA VIDA,IMO0000000,,37,,11,3,,,B
338388721,2022-01-04T10:48:18,47.65159,-122.32346,0.0,360.0,511.0,PURA VIDA,IMO0000000,,37,,11,3,,,B
338388721,2022-01-04T10:59:59,47.65154,-122.32344,0.0,360.0,511.0,PURA VIDA,IMO0000000,,37,,11,3,,,B
338388721,2022-01-04T10:45:22,47.65156,-122.32348,0.0,360.0,511.0,PURA VIDA,IMO0000000,,37,,11,3,,,B
338388721,2022-01-04T11:09:17,47.65149,-122.32354,0.0,360.0,511.0,PURA VIDA,IMO0000000,,37,,11,3,,,B
338388721,2022-01-04T11:15:12,47.65145,-122.32355,0.0,360.0,511.0,PURA VIDA,IMO0000000,,37,,11,3,,,B
338388721,2022-01-04T10:57:16,47.65154,-122.32338,0.0,360.0,511.0,PURA VIDA,IMO0000000,,37,,11,3,,,B
338388721,2022-01-04T10:33:10,47.65154,-122.32348,0.1,360.0,511.0,PURA VIDA,IMO0000000,,37,,11,3,,,B
338388721,2022-01-04T10:36:05,47.65154,-122.32349,0.1,360.0,511.0,PURA VIDA,IMO0000000,,37,,11,3,,,B
338388721,2022-01-04T11:03:04,47.65153,-122.32348,0.0,360.0,511.0,PURA VIDA,IMO0000000,,37,,11,3,,,B
338388721,2022-01-04T11:36:26,47.65152,-122.32349,0.1,360.0,511.0,PURA VIDA,IMO0000000,,37,,11,3,,,B
338388721,2022-01-04T11:21:25,47.65146,-122.32350,0.0,360.0,511.0,PURA VIDA,IMO0000000,,37,,11,3,,,B
338388721,2022-01-04T11:30:16,47.65148,-122.32356,0.1,360.0,511.0,PURA VIDA,IMO0000000,,37,,11,3,,,B
338388721,2022-01-04T10:54:27,47.65157,-122.32341,0.0,360.0,511.0,PURA VIDA,IMO0000000,,37,,11,3,,,B
338388721,2022-01-04T11:59:41,47.65151,-122.32349,0.0,360.0,511.0,PURA VIDA,IMO0000000,,37,,11,3,,,B
338388721,2022-01-04T12:26:29,47.65150,-122.32348,0.0,360.0,511.0,PURA VIDA,IMO0000000,,37,,11,3,,,B
338388721,2022-01-04T11:53:40,47.65151,-122.32356,0.1,360.0,511.0,PURA VIDA,IMO0000000,,37,,11,3,,,B
338388721,2022-01-04T11:18:20,47.65143,-122.32348,0.4,360.0,511.0,PURA VIDA,IMO0000000,,37,,11,3,,,B
338388721,2022-01-04T11:47:09,47.65149,-122.32355,0.0,360.0,511.0,PURA VIDA,IMO0000000,,37,,11,3,,,B
338388721,2022-01-04T12:05:15,47.65147,-122.32356,0.2,360.0,511.0,PURA VIDA,IMO0000000,,37,,11,3,,,B
338388721,2022-01-04T12:47:42,47.65146,-122.32353,0.0,360.0,511.0,PURA VIDA,IMO0000000,,37,,11,3,,,B
338388721,2022-01-04T11:27:05,47.65149,-122.32350,0.0,360.0,511.0,PURA VIDA,IMO0000000,,37,,11,3,,,B
338388721,2022-01-04T12:23:26,47.65145,-122.32349,0.0,360.0,511.0,PURA VIDA,IMO0000000,,37,,11,3,,,B
338388721,2022-01-04T13:05:38,47.65143,-122.32346,0.1,360.0,511.0,PURA VIDA,IMO0000000,,37,,11,3,,,B
338388721,2022-01-04T12:35:28,47.65141,-122.32348,0.0,360.0,511.0,PURA VIDA,IMO0000000,,37,,11,3,,,B
338388721,2022-01-04T13:20:09,47.65150,-122.32347,0.0,360.0,511.0,PURA VIDA,IMO0000000,,37,,11,3,,,B
338388721,2022-01-04T13:02:37,47.65139,-122.32341,0.1,360.0,511.0,PURA VIDA,IMO0000000,,37,,11,3,,,B
338388721,2022-01-04T12:59:37,47.65147,-122.32349,0.1,360.0,511.0,PURA VIDA,IMO0000000,,37,,11,3,,,B
338388721,2022-01-04T13:29:36,47.65149,-122.32351,0.0,360.0,511.0,PURA VIDA,IMO0000000,,37,,11,3,,,B
338388721,2022-01-04T08:15:03,47.65147,-122.32353,0.0,360.0,511.0,PURA VIDA,IMO0000000,,37,,11,3,,,B
338388721,2022-01-04T08:20:59,47.65145,-122.32350,0.0,360.0,511.0,PURA VIDA,IMO0000000,,37,,11,3,,,B
338388721,2022-01-04T13:32:42,47.65153,-122.32354,0.1,360.0,511.0,PURA VIDA,IMO0000000,,37,,11,3,,,B
338388721,2022-01-04T12:08:40,47.65149,-122.32358,0.0,360.0,511.0,PURA VIDA,IMO0000000,,37,,11,3,,,B
338388721,2022-01-04T13:41:34,47.65149,-122.32358,0.0,360.0,511.0,PURA VIDA,IMO0000000,,37,,11,3,,,B
338388721,2022-01-04T12:14:24,47.65145,-122.32364,0.0,360.0,511.0,PURA VIDA,IMO0000000,,37,,11,3,,,B
338388721,2022-01-04T09:33:18,47.65148,-122.32351,0.0,360.0,511.0,PURA VIDA,IMO0000000,,37,,11,3,,,B
338388721,2022-01-04T13:56:32,47.65149,-122.32352,0.0,360.0,511.0,PURA VIDA,IMO0000000,,37,,11,3,,,B
338388721,2022-01-04T09:39:19,47.65153,-122.32342,0.0,360.0,511.0,PURA VIDA,IMO0000000,,37,,11,3,,,B
338388721,2022-01-04T13:08:26,47.65140,-122.32345,0.0,360.0,511.0,PURA VIDA,IMO0000000,,37,,11,3,,,B
338388721,2022-01-04T13:11:38,47.65143,-122.32348,0.0,360.0,511.0,PURA VIDA,IMO0000000,,37,,11,3,,,B
338388721,2022-01-04T13:38:27,47.65144,-122.32357,0.0,360.0,511.0,PURA VIDA,IMO0000000,,37,,11,3,,,B
338388721,2022-01-04T12:38:13,47.65147,-122.32350,0.0,360.0,511.0,PURA VIDA,IMO0000000,,37,,11,3,,,B
338388721,2022-01-04T12:44:39,47.65142,-122.32347,0.0,360.0,511.0,PURA VIDA,IMO0000000,,37,,11,3,,,B
338388721,2022-01-04T13:26:38,47.65149,-122.32347,0.1,360.0,511.0,PURA VIDA,IMO0000000,,37,,11,3,,,B
338388721,2022-01-04T14:20:11,47.65145,-122.32354,0.0,360.0,511.0,PURA VIDA,IMO0000000,,37,,11,3,,,B
338388721,2022-01-04T14:23:25,47.65146,-122.32354,0.0,360.0,511.0,PURA VIDA,IMO0000000,,37,,11,3,,,B
338388721,2022-01-04T12:56:26,47.65147,-122.32342,0.7,360.0,511.0,PURA VIDA,IMO0000000,,37,,11,3,,,B
338388721,2022-01-04T14:32:31,47.65149,-122.32351,0.0,360.0,511.0,PURA VIDA,IMO0000000,,37,,11,3,,,B
338388721,2022-01-04T14:35:41,47.65148,-122.32348,0.0,360.0,511.0,PURA VIDA,IMO0000000,,37,,11,3,,,B
338388721,2022-01-04T14:14:25,47.65146,-122.32356,0.0,360.0,511.0,PURA VIDA,IMO0000000,,37,,11,3,,,B
338388721,2022-01-04T14:08:31,47.65147,-122.32360,0.0,360.0,511.0,PURA VIDA,IMO0000000,,37,,11,3,,,B
338388721,2022-01-04T10:14:57,47.65153,-122.32349,0.0,360.0,511.0,PURA VIDA,IMO0000000,,37,,11,3,,,B
338388721,2022-01-04T13:53:16,47.65149,-122.32356,0.0,360.0,511.0,PURA VIDA,IMO0000000,,37,,11,3,,,B
338388721,2022-01-04T14:02:39,47.65147,-122.32356,0.0,360.0,511.0,PURA VIDA,IMO0000000,,37,,11,3,,,B
338388721,2022-01-04T14:41:10,47.65147,-122.32346,0.0,360.0,511.0,PURA VIDA,IMO0000000,,37,,11,3,,,B
338388721,2022-01-04T14:47:33,47.65147,-122.32349,0.1,360.0,511.0,PURA VIDA,IMO0000000,,37,,11,3,,,B
338388721,2022-01-04T15:20:24,47.65151,-122.32349,0.0,360.0,511.0,PURA VIDA,IMO0000000,,37,,11,3,,,B
338388721,2022-01-04T14:50:13,47.65149,-122.32351,0.1,360.0,511.0,PURA VIDA,IMO0000000,,37,,11,3,,,B
338388721,2022-01-04T14:53:35,47.65150,-122.32349,0.0,360.0,511.0,PURA VIDA,IMO0000000,,37,,11,3,,,B
338388721,2022-01-04T15:02:30,47.65147,-122.32346,0.0,360.0,511.0,PURA VIDA,IMO0000000,,37,,11,3,,,B
338388721,2022-01-04T15:05:22,47.65148,-122.32348,0.1,360.0,511.0,PURA VIDA,IMO0000000,,37,,11,3,,,B
338388721,2022-01-04T15:08:32,47.65149,-122.32347,0.0,360.0,511.0,PURA VIDA,IMO0000000,,37,,11,3,,,B
338388721,2022-01-04T13:59:23,47.65149,-122.32354,0.0,360.0,511.0,PURA VIDA,IMO0000000,,37,,11,3,,,B
338388721,2022-01-04T15:47:17,47.65144,-122.32342,0.0,360.0,511.0,PURA VIDA,IMO0000000,,37,,11,3,,,B
338388721,2022-01-04T14:11:35,47.65144,-122.32356,0.0,360.0,511.0,PURA VIDA,IMO0000000,,37,,11,3,,,B
338388721,2022-01-04T15:53:10,47.65149,-122.32346,0.1,360.0,511.0,PURA VIDA,IMO0000000,,37,,11,3,,,B
338388721,2022-01-04T15:32:29,47.65149,-122.32346,0.1,360.0,511.0,PURA VIDA,IMO0000000,,37,,11,3,,,B
338388721,2022-01-04T15:35:12,47.65149,-122.32345,0.0,360.0,511.0,PURA VIDA,IMO0000000,,37,,11,3,,,B
338388721,2022-01-04T15:17:34,47.65149,-122.32348,0.0,360.0,511.0,PURA VIDA,IMO0000000,,37,,11,3,,,B
338388721,2022-01-04T11:33:15,47.65147,-122.32351,0.0,360.0,511.0,PURA VIDA,IMO0000000,,37,,11,3,,,B
338388721,2022-01-04T16:02:20,47.65151,-122.32346,0.0,360.0,511.0,PURA VIDA,IMO0000000,,37,,11,3,,,B
338388721,2022-01-04T16:28:19,47.65149,-122.32348,0.1,360.0,511.0,PURA VIDA,IMO0000000,,37,,11,3,,,B
338388721,2022-01-04T11:37:58,47.65151,-122.32356,0.4,360.0,511.0,PURA VIDA,IMO0000000,,37,,11,3,,,B
338388721,2022-01-04T15:38:23,47.65150,-122.32349,0.1,360.0,511.0,PURA VIDA,IMO0000000,,37,,11,3,,,B
338388721,2022-01-04T16:10:35,47.65153,-122.32344,0.1,360.0,511.0,PURA VIDA,IMO0000000,,37,,11,3,,,B
338388721,2022-01-04T16:19:34,47.65149,-122.32345,0.0,360.0,511.0,PURA VIDA,IMO0000000,,37,,11,3,,,B
338388721,2022-01-04T16:25:24,47.65146,-122.32350,0.0,360.0,511.0,PURA VIDA,IMO0000000,,37,,11,3,,,B
338388721,2022-01-04T11:56:09,47.65147,-122.32352,0.0,360.0,511.0,PURA VIDA,IMO0000000,,37,,11,3,,,B
338388721,2022-01-04T16:34:46,47.65145,-122.32348,0.0,360.0,511.0,PURA VIDA,IMO0000000,,37,,11,3,,,B
338388721,2022-01-04T16:37:33,47.65148,-122.32345,0.0,360.0,511.0,PURA VIDA,IMO0000000,,37,,11,3,,,B
338388721,2022-01-04T12:02:37,47.65149,-122.32353,0.0,360.0,511.0,PURA VIDA,IMO0000000,,37,,11,3,,,B
338388721,2022-01-04T17:04:30,47.65155,-122.32348,0.0,360.0,511.0,PURA VIDA,IMO0000000,,37,,11,3,,,B
338388721,2022-01-04T16:46:16,47.65152,-122.32347,0.1,360.0,511.0,PURA VIDA,IMO0000000,,37,,11,3,,,B
338388721,2022-01-04T15:23:13,47.65147,-122.32346,0.1,360.0,511.0,PURA VIDA,IMO0000000,,37,,11,3,,,B
338388721,2022-01-04T16:52:36,47.65152,-122.32350,0.0,360.0,511.0,PURA VIDA,IMO0000000,,37,,11,3,,,B
338388721,2022-01-04T17:19:40,47.65149,-122.32346,0.1,360.0,511.0,PURA VIDA,IMO0000000,,37,,11,3,,,B
338388721,2022-01-04T17:22:24,47.65147,-122.32347,0.0,360.0,511.0,PURA VIDA,IMO0000000,,37,,11,3,,,B
338388721,2022-01-04T16:55:21,47.65151,-122.32346,0.3,360.0,511.0,PURA VIDA,IMO0000000,,37,,11,3,,,B
338388721,2022-01-04T17:47:45,47.65144,-122.32375,0.2,360.0,511.0,PURA VIDA,IMO0000000,,37,,11,3,,,B
338388721,2022-01-04T18:36:18,47.65138,-122.32355,0.1,360.0,511.0,PURA VIDA,IMO0000000,,37,,11,3,,,B
338388721,2022-01-04T17:54:32,47.65144,-122.32360,0.4,360.0,511.0,PURA VIDA,IMO0000000,,37,,11,3,,,B
338388721,2022-01-04T17:56:02,47.65148,-122.32355,0.5,360.0,511.0,PURA VIDA,IMO0000000,,37,,11,3,,,B
338388721,2022-01-04T18:02:18,47.65144,-122.32357,0.1,360.0,511.0,PURA VIDA,IMO0000000,,37,,11,3,,,B
338388721,2022-01-04T18:10:09,47.65148,-122.32347,0.2,360.0,511.0,PURA VIDA,IMO0000000,,37,,11,3,,,B
338388721,2022-01-04T18:13:10,47.65151,-122.32342,0.2,360.0,511.0,PURA VIDA,IMO0000000,,37,,11,3,,,B
338388721,2022-01-04T18:18:58,47.65146,-122.32352,0.1,360.0,511.0,PURA VIDA,IMO0000000,,37,,11,3,,,B
338388721,2022-01-04T18:16:29,47.65148,-122.32345,0.0,360.0,511.0,PURA VIDA,IMO0000000,,37,,11,3,,,B
338388721,2022-01-04T18:24:19,47.65146,-122.32343,0.1,360.0,511.0,PURA VIDA,IMO0000000,,37,,11,3,,,B
338388721,2022-01-04T17:46:14,47.65147,-122.32370,0.0,360.0,511.0,PURA VIDA,IMO0000000,,37,,11,3,,,B
338388721,2022-01-04T18:57:12,47.65145,-122.32350,0.0,360.0,511.0,PURA VIDA,IMO0000000,,37,,11,3,,,B
338388721,2022-01-04T18:33:24,47.65143,-122.32346,0.0,360.0,511.0,PURA VIDA,IMO0000000,,37,,11,3,,,B
338388721,2022-01-04T19:00:15,47.65142,-122.32355,0.0,360.0,511.0,PURA VIDA,IMO0000000,,37,,11,3,,,B
338388721,2022-01-04T13:50:37,47.65145,-122.32354,0.0,360.0,511.0,PURA VIDA,IMO0000000,,37,,11,3,,,B
338388721,2022-01-04T18:45:45,47.65145,-122.32349,0.0,360.0,511.0,PURA VIDA,IMO0000000,,37,,11,3,,,B
338388721,2022-01-04T18:54:12,47.65145,-122.32351,0.0,360.0,511.0,PURA VIDA,IMO0000000,,37,,11,3,,,B
338388721,2022-01-04T19:03:23,47.65143,-122.32355,0.0,360.0,511.0,PURA VIDA,IMO0000000,,37,,11,3,,,B
338388721,2022-01-04T19:33:46,47.65147,-122.32347,0.0,360.0,511.0,PURA VIDA,IMO0000000,,37,,11,3,,,B
338388721,2022-01-04T19:36:11,47.65148,-122.32347,0.0,360.0,511.0,PURA VIDA,IMO0000000,,37,,11,3,,,B
338388721,2022-01-04T19:12:32,47.65145,-122.32346,0.0,360.0,511.0,PURA VIDA,IMO0000000,,37,,11,3,,,B
338388721,2022-01-04T19:15:43,47.65141,-122.32352,0.1,360.0,511.0,PURA VIDA,IMO0000000,,37,,11,3,,,B
338388721,2022-01-04T19:18:43,47.65143,-122.32353,0.0,360.0,511.0,PURA VIDA,IMO0000000,,37,,11,3,,,B
338388721,2022-01-04T19:21:16,47.65148,-122.32346,0.1,360.0,511.0,PURA VIDA,IMO0000000,,37,,11,3,,,B
338388721,2022-01-04T19:27:24,47.65151,-122.32347,0.0,360.0,511.0,PURA VIDA,IMO0000000,,37,,11,3,,,B
338388721,2022-01-04T19:24:30,47.65148,-122.32346,0.1,360.0,511.0,PURA VIDA,IMO0000000,,37,,11,3,,,B
338388721,2022-01-04T19:30:27,47.65147,-122.32348,0.0,360.0,511.0,PURA VIDA,IMO0000000,,37,,11,3,,,B
338388721,2022-01-04T17:34:26,47.65143,-122.32353,0.1,360.0,511.0,PURA VIDA,IMO0000000,,37,,11,3,,,B
338388721,2022-01-04T20:09:37,47.65152,-122.32357,0.8,239.8,511.0,PURA VIDA,IMO0000000,,37,,11,3,,,B
338388721,2022-01-04T20:24:22,47.65149,-122.32342,0.1,360.0,511.0,PURA VIDA,IMO0000000,,37,,11,3,,,B
338388721,2022-01-04T19:48:28,47.65149,-122.32351,0.0,360.0,511.0,PURA VIDA,IMO0000000,,37,,11,3,,,B
338388721,2022-01-04T20:27:34,47.65149,-122.32345,0.0,360.0,511.0,PURA VIDA,IMO0000000,,37,,11,3,,,B
338388721,2022-01-04T19:57:40,47.65147,-122.32346,0.1,360.0,511.0,PURA VIDA,IMO0000000,,37,,11,3,,,B
338388721,2022-01-04T20:00:46,47.65150,-122.32347,0.0,360.0,511.0,PURA VIDA,IMO0000000,,37,,11,3,,,B
338388721,2022-01-04T18:03:50,47.65147,-122.32355,0.1,360.0,511.0,PURA VIDA,IMO0000000,,37,,11,3,,,B
338388721,2022-01-04T20:51:26,47.65163,-122.32354,0.0,360.0,511.0,PURA VIDA,IMO0000000,,37,,11,3,,,B
338388721,2022-01-04T20:12:44,47.65152,-122.32357,0.0,360.0,511.0,PURA VIDA,IMO0000000,,37,,11,3,,,B
338388721,2022-01-04T20:57:33,47.65157,-122.32344,0.0,360.0,511.0,PURA VIDA,IMO0000000,,37,,11,3,,,B
338388721,2022-01-04T21:09:19,47.65156,-122.32347,0.1,360.0,511.0,PURA VIDA,IMO0000000,,37,,11,3,,,B
338388721,2022-01-04T18:27:46,47.65148,-122.32347,0.0,360.0,511.0,PURA VIDA,IMO0000000,,37,,11,3,,,B
338388721,2022-01-04T19:42:24,47.65152,-122.32350,0.1,360.0,511.0,PURA VIDA,IMO0000000,,37,,11,3,,,B
338388721,2022-01-04T15:26:32,47.65148,-122.32345,0.0,360.0,511.0,PURA VIDA,IMO0000000,,37,,11,3,,,B
338388721,2022-01-04T20:42:21,47.65151,-122.32352,0.0,360.0,511.0,PURA VIDA,IMO0000000,,37,,11,3,,,B
338388721,2022-01-04T21:12:33,47.65150,-122.32348,0.0,360.0,511.0,PURA VIDA,IMO0000000,,37,,11,3,,,B
338388721,2022-01-04T20:45:21,47.65156,-122.32350,0.2,360.0,511.0,PURA VIDA,IMO0000000,,37,,11,3,,,B
338388721,2022-01-04T20:39:17,47.65151,-122.32346,0.1,360.0,511.0,PURA VIDA,IMO0000000,,37,,11,3,,,B
338388721,2022-01-04T19:51:28,47.65149,-122.32348,0.1,360.0,511.0,PURA VIDA,IMO0000000,,37,,11,3,,,B
338388721,2022-01-04T20:54:27,47.65154,-122.32342,0.0,360.0,511.0,PURA VIDA,IMO0000000,,37,,11,3,,,B
338388721,2022-01-04T21:48:17,47.65151,-122.32358,0.0,360.0,511.0,PURA VIDA,IMO0000000,,37,,11,3,,,B
338388721,2022-01-04T21:03:19,47.65159,-122.32349,0.3,360.0,511.0,PURA VIDA,IMO0000000,,37,,11,3,,,B
338388721,2022-01-04T21:06:22,47.65153,-122.32349,0.0,360.0,511.0,PURA VIDA,IMO0000000,,37,,11,3,,,B
338388721,2022-01-04T22:00:12,47.65151,-122.32350,0.5,360.0,511.0,PURA VIDA,IMO0000000,,37,,11,3,,,B
338388721,2022-01-04T20:30:18,47.65147,-122.32347,0.0,360.0,511.0,PURA VIDA,IMO0000000,,37,,11,3,,,B
338388721,2022-01-04T20:36:45,47.65149,-122.32347,0.0,360.0,511.0,PURA VIDA,IMO0000000,,37,,11,3,,,B
338388721,2022-01-04T21:24:34,47.65152,-122.32347,0.1,360.0,511.0,PURA VIDA,IMO0000000,,37,,11,3,,,B
338388721,2022-01-04T22:09:24,47.65151,-122.32350,0.0,360.0,511.0,PURA VIDA,IMO0000000,,37,,11,3,,,B
338388721,2022-01-04T21:57:28,47.65152,-122.32347,0.0,360.0,511.0,PURA VIDA,IMO0000000,,37,,11,3,,,B
338388721,2022-01-04T21:18:36,47.65148,-122.32352,0.2,360.0,511.0,PURA VIDA,IMO0000000,,37,,11,3,,,B
338388721,2022-01-04T19:45:22,47.65146,-122.32347,0.0,360.0,511.0,PURA VIDA,IMO0000000,,37,,11,3,,,B
338388721,2022-01-04T22:21:17,47.65152,-122.32346,0.0,360.0,511.0,PURA VIDA,IMO0000000,,37,,11,3,,,B
338388721,2022-01-04T22:49:22,47.65133,-122.32358,0.0,360.0,511.0,PURA VIDA,IMO0000000,,37,,11,3,,,B
338388721,2022-01-04T21:33:40,47.65148,-122.32368,0.0,360.0,511.0,PURA VIDA,IMO0000000,,37,,11,3,,,B
338388721,2022-01-04T22:33:24,47.65149,-122.32349,0.0,360.0,511.0,PURA VIDA,IMO0000000,,37,,11,3,,,B
338388721,2022-01-04T23:16:55,47.65143,-122.32349,0.1,360.0,511.0,PURA VIDA,IMO0000000,,37,,11,3,,,B
338388721,2022-01-04T20:03:17,47.65145,-122.32349,0.0,360.0,511.0,PURA VIDA,IMO0000000,,37,,11,3,,,B
338388721,2022-01-04T21:51:43,47.65154,-122.32349,0.0,360.0,511.0,PURA VIDA,IMO0000000,,37,,11,3,,,B
338388721,2022-01-04T22:30:20,47.65147,-122.32349,0.0,360.0,511.0,PURA VIDA,IMO0000000,,37,,11,3,,,B
338388721,2022-01-04T17:07:36,47.65152,-122.32347,0.0,360.0,511.0,PURA VIDA,IMO0000000,,37,,11,3,,,B
338388721,2022-01-04T20:18:12,47.65155,-122.32350,0.0,360.0,511.0,PURA VIDA,IMO0000000,,37,,11,3,,,B
338388721,2022-01-04T23:34:43,47.65144,-122.32351,0.0,360.0,511.0,PURA VIDA,IMO0000000,,37,,11,3,,,B
338388721,2022-01-04T17:16:24,47.65150,-122.32349,0.0,360.0,511.0,PURA VIDA,IMO0000000,,37,,11,3,,,B
338388721,2022-01-04T23:53:29,47.65145,-122.32351,0.1,360.0,511.0,PURA VIDA,IMO0000000,,37,,11,3,,,B
338388721,2022-01-04T23:59:18,47.65147,-122.32345,0.0,360.0,511.0,PURA VIDA,IMO0000000,,37,,11,3,,,B
338388721,2022-01-04T23:48:06,47.65145,-122.32346,0.1,360.0,511.0,PURA VIDA,IMO0000000,,37,,11,3,,,B
338388721,2022-01-04T22:52:25,47.65150,-122.32354,0.0,360.0,511.0,PURA VIDA,IMO0000000,,37,,11,3,,,B
338388721,2022-01-04T22:27:25,47.65150,-122.32343,0.0,360.0,511.0,PURA VIDA,IMO0000000,,37,,11,3,,,B
338388721,2022-01-04T23:26:05,47.65140,-122.32353,0.0,360.0,511.0,PURA VIDA,IMO0000000,,37,,11,3,,,B
338388721,2022-01-04T20:48:36,47.65153,-122.32362,0.0,360.0,511.0,PURA VIDA,IMO0000000,,37,,11,3,,,B
338388721,2022-01-04T17:43:26,47.65131,-122.32378,0.0,360.0,511.0,PURA VIDA,IMO0000000,,37,,11,3,,,B
338388721,2022-01-04T22:58:40,47.65151,-122.32363,0.0,360.0,511.0,PURA VIDA,IMO0000000,,37,,11,3,,,B
338388721,2022-01-04T23:01:49,47.65152,-122.32365,0.0,360.0,511.0,PURA VIDA,IMO0000000,,37,,11,3,,,B
338388721,2022-01-04T21:15:13,47.65147,-122.32354,0.4,360.0,511.0,PURA VIDA,IMO0000000,,37,,11,3,,,B
338388721,2022-01-04T23:13:33,47.65150,-122.32348,0.0,360.0,511.0,PURA VIDA,IMO0000000,,37,,11,3,,,B
338388721,2022-01-04T21:21:17,47.65146,-122.32356,0.0,360.0,511.0,PURA VIDA,IMO0000000,,37,,11,3,,,B
338388721,2022-01-04T21:27:22,47.65147,-122.32357,0.0,360.0,511.0,PURA VIDA,IMO0000000,,37,,11,3,,,B
338388721,2022-01-04T21:45:42,47.65151,-122.32353,0.1,360.0,511.0,PURA VIDA,IMO0000000,,37,,11,3,,,B
338388721,2022-01-04T19:09:33,47.65145,-122.32349,0.0,360.0,511.0,PURA VIDA,IMO0000000,,37,,11,3,,,B
338388721,2022-01-04T20:21:17,47.65150,-122.32350,0.5,360.0,511.0,PURA VIDA,IMO0000000,,37,,11,3,,,B
338388721,2022-01-04T21:30:15,47.65147,-122.32362,0.0,360.0,511.0,PURA VIDA,IMO0000000,,37,,11,3,,,B
338388721,2022-01-04T21:42:24,47.65151,-122.32351,0.0,360.0,511.0,PURA VIDA,IMO0000000,,37,,11,3,,,B
338388721,2022-01-04T22:24:23,47.65149,-122.32350,0.0,360.0,511.0,PURA VIDA,IMO0000000,,37,,11,3,,,B
338388721,2022-01-04T22:45:35,47.65142,-122.32359,0.0,360.0,511.0,PURA VIDA,IMO0000000,,37,,11,3,,,B
338388721,2022-01-04T23:19:47,47.65139,-122.32349,0.0,360.0,511.0,PURA VIDA,IMO0000000,,37,,11,3,,,B
338388721,2022-01-04T23:37:47,47.65143,-122.32354,0.0,360.0,511.0,PURA VIDA,IMO0000000,,37,,11,3,,,B
338388721,2022-01-05T00:02:14,47.65147,-122.32352,0.1,360.0,511.0,PURA VIDA,IMO0000000,,37,,11,3,,,B
338388721,2022-01-05T00:05:19,47.65138,-122.32357,0.1,360.0,511.0,PURA VIDA,IMO0000000,,37,,11,3,,,B
338388721,2022-01-05T00:08:30,47.65142,-122.32361,0.0,360.0,511.0,PURA VIDA,IMO0000000,,37,,11,3,,,B
338388721,2022-01-05T00:11:36,47.65144,-122.32361,0.0,360.0,511.0,PURA VIDA,IMO0000000,,37,,11,3,,,B
338388721,2022-01-05T00:17:15,47.65145,-122.32364,0.3,360.0,511.0,PURA VIDA,IMO0000000,,37,,11,3,,,B
338388721,2022-01-05T00:26:40,47.65134,-122.32351,0.0,360.0,511.0,PURA VIDA,IMO0000000,,37,,11,3,,,B
338388721,2022-01-05T00:38:21,47.65146,-122.32356,0.0,360.0,511.0,PURA VIDA,IMO0000000,,37,,11,3,,,B
338388721,2022-01-05T00:41:17,47.65148,-122.32349,0.0,360.0,511.0,PURA VIDA,IMO0000000,,37,,11,3,,,B
338388721,2022-01-05T00:50:37,47.65148,-122.32359,0.1,360.0,511.0,PURA VIDA,IMO0000000,,37,,11,3,,,B
338388721,2022-01-05T00:56:18,47.65145,-122.32352,0.7,355.0,511.0,PURA VIDA,IMO0000000,,37,,11,3,,,B
338388721,2022-01-05T01:05:37,47.65146,-122.32354,0.0,360.0,511.0,PURA VIDA,IMO0000000,,37,,11,3,,,B
338388721,2022-01-05T01:14:40,47.65142,-122.32344,0.3,360.0,511.0,PURA VIDA,IMO0000000,,37,,11,3,,,B
338388721,2022-01-05T01:20:43,47.65141,-122.32347,0.0,360.0,511.0,PURA VIDA,IMO0000000,,37,,11,3,,,B
338388721,2022-01-05T01:26:25,47.65144,-122.32345,0.0,360.0,511.0,PURA VIDA,IMO0000000,,37,,11,3,,,B
338388721,2022-01-05T01:47:23,47.65146,-122.32342,0.0,360.0,511.0,PURA VIDA,IMO0000000,,37,,11,3,,,B
338388721,2022-01-05T01:50:48,47.65144,-122.32349,0.1,360.0,511.0,PURA VIDA,IMO0000000,,37,,11,3,,,B
338388721,2022-01-05T01:53:45,47.65144,-122.32359,0.1,360.0,511.0,PURA VIDA,IMO0000000,,37,,11,3,,,B
338388721,2022-01-05T02:05:16,47.65142,-122.32345,0.1,360.0,511.0,PURA VIDA,IMO0000000,,37,,11,3,,,B
338388721,2022-01-05T02:02:35,47.65145,-122.32352,0.2,360.0,511.0,PURA VIDA,IMO0000000,,37,,11,3,,,B
338388721,2022-01-05T02:17:24,47.65144,-122.32342,0.0,360.0,511.0,PURA VIDA,IMO0000000,,37,,11,3,,,B
338388721,2022-01-05T02:38:28,47.65144,-122.32347,0.2,360.0,511.0,PURA VIDA,IMO0000000,,37,,11,3,,,B
338388721,2022-01-05T02:44:15,47.65146,-122.32349,0.0,360.0,511.0,PURA VIDA,IMO0000000,,37,,11,3,,,B
338388721,2022-01-05T02:50:47,47.65149,-122.32348,0.0,360.0,511.0,PURA VIDA,IMO0000000,,37,,11,3,,,B
338388721,2022-01-05T01:11:28,47.65145,-122.32344,0.1,360.0,511.0,PURA VIDA,IMO0000000,,37,,11,3,,,B
338388721,2022-01-05T03:14:33,47.65145,-122.32356,0.0,360.0,511.0,PURA VIDA,IMO0000000,,37,,11,3,,,B
338388721,2022-01-05T03:08:48,47.65146,-122.32356,0.0,360.0,511.0,PURA VIDA,IMO0000000,,37,,11,3,,,B
338388721,2022-01-05T03:11:26,47.65145,-122.32354,0.0,360.0,511.0,PURA VIDA,IMO0000000,,37,,11,3,,,B
338388721,2022-01-05T03:17:41,47.65147,-122.32356,0.0,360.0,511.0,PURA VIDA,IMO0000000,,37,,11,3,,,B
338388721,2022-01-05T03:26:45,47.65147,-122.32357,0.0,360.0,511.0,PURA VIDA,IMO0000000,,37,,11,3,,,B
338388721,2022-01-05T03:35:42,47.65149,-122.32353,0.0,360.0,511.0,PURA VIDA,IMO0000000,,37,,11,3,,,B
338388721,2022-01-05T03:50:15,47.65148,-122.32350,0.0,360.0,511.0,PURA VIDA,IMO0000000,,37,,11,3,,,B
338388721,2022-01-05T03:38:47,47.65149,-122.32351,0.0,360.0,511.0,PURA VIDA,IMO0000000,,37,,11,3,,,B
338388721,2022-01-05T03:41:14,47.65149,-122.32350,0.0,360.0,511.0,PURA VIDA,IMO0000000,,37,,11,3,,,B
338388721,2022-01-05T03:47:28,47.65149,-122.32348,0.0,360.0,511.0,PURA VIDA,IMO0000000,,37,,11,3,,,B
338388721,2022-01-05T04:02:20,47.65150,-122.32348,0.0,360.0,511.0,PURA VIDA,IMO0000000,,37,,11,3,,,B
338388721,2022-01-05T04:11:38,47.65153,-122.32347,0.0,360.0,511.0,PURA VIDA,IMO0000000,,37,,11,3,,,B
338388721,2022-01-05T04:14:42,47.65149,-122.32347,0.0,360.0,511.0,PURA VIDA,IMO0000000,,37,,11,3,,,B
338388721,2022-01-05T04:23:17,47.65152,-122.32345,0.0,360.0,511.0,PURA VIDA,IMO0000000,,37,,11,3,,,B
338388721,2022-01-05T04:35:40,47.65154,-122.32346,0.0,360.0,511.0,PURA VIDA,IMO0000000,,37,,11,3,,,B
338388721,2022-01-05T04:20:14,47.65149,-122.32348,0.0,360.0,511.0,PURA VIDA,IMO0000000,,37,,11,3,,,B
338388721,2022-01-05T04:29:16,47.65150,-122.32347,0.0,360.0,511.0,PURA VIDA,IMO0000000,,37,,11,3,,,B
338388721,2022-01-05T04:32:43,47.65154,-122.32345,0.0,360.0,511.0,PURA VIDA,IMO0000000,,37,,11,3,,,B
338388721,2022-01-05T04:41:16,47.65147,-122.32345,0.0,360.0,511.0,PURA VIDA,IMO0000000,,37,,11,3,,,B
338388721,2022-01-05T04:44:19,47.65150,-122.32344,0.0,360.0,511.0,PURA VIDA,IMO0000000,,37,,11,3,,,B
338388721,2022-01-05T04:50:19,47.65152,-122.32346,0.2,360.0,511.0,PURA VIDA,IMO0000000,,37,,11,3,,,B
338388721,2022-01-05T04:38:39,47.65154,-122.32347,0.2,360.0,511.0,PURA VIDA,IMO0000000,,37,,11,3,,,B
338388721,2022-01-05T04:56:28,47.65153,-122.32345,0.1,360.0,511.0,PURA VIDA,IMO0000000,,37,,11,3,,,B
338388721,2022-01-05T04:59:24,47.65148,-122.32344,0.2,360.0,511.0,PURA VIDA,IMO0000000,,37,,11,3,,,B
338388721,2022-01-05T05:02:25,47.65147,-122.32342,0.0,360.0,511.0,PURA VIDA,IMO0000000,,37,,11,3,,,B
338388721,2022-01-05T05:11:25,47.65153,-122.32341,0.2,360.0,511.0,PURA VIDA,IMO0000000,,37,,11,3,,,B
338388721,2022-01-05T05:08:26,47.65152,-122.32341,0.0,360.0,511.0,PURA VIDA,IMO0000000,,37,,11,3,,,B
338388721,2022-01-05T05:14:37,47.65151,-122.32345,0.1,360.0,511.0,PURA VIDA,IMO0000000,,37,,11,3,,,B
338388721,2022-01-05T05:20:40,47.65149,-122.32349,0.0,360.0,511.0,PURA VIDA,IMO0000000,,37,,11,3,,,B
338388721,2022-01-05T05:35:22,47.65145,-122.32353,0.1,360.0,511.0,PURA VIDA,IMO0000000,,37,,11,3,,,B
338388721,2022-01-05T05:41:41,47.65149,-122.32348,0.0,360.0,511.0,PURA VIDA,IMO0000000,,37,,11,3,,,B
338388721,2022-01-05T05:32:30,47.65145,-122.32355,0.0,360.0,511.0,PURA VIDA,IMO0000000,,37,,11,3,,,B
338388721,2022-01-05T05:47:23,47.65150,-122.32342,0.0,360.0,511.0,PURA VIDA,IMO0000000,,37,,11,3,,,B
338388721,2022-01-05T06:08:22,47.65146,-122.32345,0.0,360.0,511.0,PURA VIDA,IMO0000000,,37,,11,3,,,B
338388721,2022-01-05T05:53:34,47.65151,-122.32343,0.0,360.0,511.0,PURA VIDA,IMO0000000,,37,,11,3,,,B
338388721,2022-01-05T06:11:36,47.65144,-122.32347,0.1,360.0,511.0,PURA VIDA,IMO0000000,,37,,11,3,,,B
338388721,2022-01-05T05:59:47,47.65147,-122.32347,0.0,360.0,511.0,PURA VIDA,IMO0000000,,37,,11,3,,,B
338388721,2022-01-05T06:17:37,47.65147,-122.32349,0.1,360.0,511.0,PURA VIDA,IMO0000000,,37,,11,3,,,B
338388721,2022-01-05T06:02:29,47.65147,-122.32348,0.0,360.0,511.0,PURA VIDA,IMO0000000,,37,,11,3,,,B
338388721,2022-01-05T06:29:22,47.65142,-122.32349,0.0,360.0,511.0,PURA VIDA,IMO0000000,,37,,11,3,,,B
338388721,2022-01-05T06:26:36,47.65142,-122.32350,0.0,360.0,511.0,PURA VIDA,IMO0000000,,37,,11,3,,,B
338388721,2022-01-05T06:20:17,47.65145,-122.32349,0.0,360.0,511.0,PURA VIDA,IMO0000000,,37,,11,3,,,B
338388721,2022-01-05T06:44:27,47.65147,-122.32347,0.1,360.0,511.0,PURA VIDA,IMO0000000,,37,,11,3,,,B
338388721,2022-01-05T06:23:35,47.65146,-122.32350,0.1,360.0,511.0,PURA VIDA,IMO0000000,,37,,11,3,,,B
338388721,2022-01-05T06:32:17,47.65147,-122.32346,0.0,360.0,511.0,PURA VIDA,IMO0000000,,37,,11,3,,,B
338388721,2022-01-05T06:41:34,47.65146,-122.32346,0.0,360.0,511.0,PURA VIDA,IMO0000000,,37,,11,3,,,B
338388721,2022-01-05T06:38:49,47.65149,-122.32348,0.0,360.0,511.0,PURA VIDA,IMO0000000,,37,,11,3,,,B
338388721,2022-01-05T07:08:25,47.65147,-122.32350,0.0,360.0,511.0,PURA VIDA,IMO0000000,,37,,11,3,,,B
338388721,2022-01-05T06:53:22,47.65146,-122.32345,0.1,360.0,511.0,PURA VIDA,IMO0000000,,37,,11,3,,,B
338388721,2022-01-05T06:59:47,47.65145,-122.32349,0.0,360.0,511.0,PURA VIDA,IMO0000000,,37,,11,3,,,B
338388721,2022-01-05T07:11:15,47.65145,-122.32355,0.0,360.0,511.0,PURA VIDA,IMO0000000,,37,,11,3,,,B
338388721,2022-01-05T07:20:18,47.65147,-122.32346,0.0,360.0,511.0,PURA VIDA,IMO0000000,,37,,11,3,,,B
338388721,2022-01-05T07:14:28,47.65149,-122.32343,0.0,360.0,511.0,PURA VIDA,IMO0000000,,37,,11,3,,,B
338388721,2022-01-05T07:29:36,47.65144,-122.32349,0.0,360.0,511.0,PURA VIDA,IMO0000000,,37,,11,3,,,B
338388721,2022-01-05T03:02:27,47.65141,-122.32346,0.0,360.0,511.0,PURA VIDA,IMO0000000,,37,,11,3,,,B
338388721,2022-01-05T07:26:30,47.65150,-122.32350,0.0,360.0,511.0,PURA VIDA,IMO0000000,,37,,11,3,,,B
338388721,2022-01-05T07:23:29,47.65150,-122.32354,0.1,360.0,511.0,PURA VIDA,IMO0000000,,37,,11,3,,,B
338388721,2022-01-05T03:05:32,47.65145,-122.32352,0.0,360.0,511.0,PURA VIDA,IMO0000000,,37,,11,3,,,B
338388721,2022-01-05T07:35:28,47.65146,-122.32348,0.0,360.0,511.0,PURA VIDA,IMO0000000,,37,,11,3,,,B
338388721,2022-01-05T07:32:37,47.65142,-122.32348,0.0,360.0,511.0,PURA VIDA,IMO0000000,,37,,11,3,,,B
338388721,2022-01-05T07:50:45,47.65149,-122.32352,0.2,360.0,511.0,PURA VIDA,IMO0000000,,37,,11,3,,,B
338388721,2022-01-05T07:44:48,47.65151,-122.32349,0.1,360.0,511.0,PURA VIDA,IMO0000000,,37,,11,3,,,B
338388721,2022-01-05T07:53:42,47.65145,-122.32345,0.0,360.0,511.0,PURA VIDA,IMO0000000,,37,,11,3,,,B
338388721,2022-01-05T08:02:47,47.65147,-122.32352,0.2,360.0,511.0,PURA VIDA,IMO0000000,,37,,11,3,,,B
338388721,2022-01-05T07:47:39,47.65151,-122.32350,0.0,360.0,511.0,PURA VIDA,IMO0000000,,37,,11,3,,,B
338388721,2022-01-05T08:05:23,47.65151,-122.32352,0.0,360.0,511.0,PURA VIDA,IMO0000000,,37,,11,3,,,B
338388721,2022-01-05T08:08:23,47.65147,-122.32351,0.8,111.8,511.0,PURA VIDA,IMO0000000,,37,,11,3,,,B
338388721,2022-01-05T08:13:29,47.65150,-122.32350,0.0,360.0,511.0,PURA VIDA,IMO0000000,,37,,11,3,,,B
338388721,2022-01-05T08:11:29,47.65151,-122.32353,0.2,360.0,511.0,PURA VIDA,IMO0000000,,37,,11,3,,,B
338388721,2022-01-05T08:28:25,47.65149,-122.32338,0.1,360.0,511.0,PURA VIDA,IMO0000000,,37,,11,3,,,B
338388721,2022-01-05T08:19:43,47.65146,-122.32349,0.0,360.0,511.0,PURA VIDA,IMO0000000,,37,,11,3,,,B
338388721,2022-01-05T08:22:28,47.65149,-122.32346,0.0,360.0,511.0,PURA VIDA,IMO0000000,,37,,11,3,,,B
338388721,2022-01-05T08:43:16,47.65151,-122.32349,0.2,360.0,511.0,PURA VIDA,IMO0000000,,37,,11,3,,,B
338388721,2022-01-05T08:52:23,47.65154,-122.32349,0.0,360.0,511.0,PURA VIDA,IMO0000000,,37,,11,3,,,B
338388721,2022-01-05T08:40:12,47.65154,-122.32348,0.3,360.0,511.0,PURA VIDA,IMO0000000,,37,,11,3,,,B
338388721,2022-01-05T08:58:34,47.65151,-122.32351,0.0,360.0,511.0,PURA VIDA,IMO0000000,,37,,11,3,,,B
338388721,2022-01-05T08:46:35,47.65151,-122.32351,0.0,360.0,511.0,PURA VIDA,IMO0000000,,37,,11,3,,,B
338388721,2022-01-05T08:49:34,47.65152,-122.32353,0.0,360.0,511.0,PURA VIDA,IMO0000000,,37,,11,3,,,B
338388721,2022-01-05T09:13:22,47.65149,-122.32350,0.1,360.0,511.0,PURA VIDA,IMO0000000,,37,,11,3,,,B
338388721,2022-01-05T09:25:22,47.65150,-122.32356,0.1,360.0,511.0,PURA VIDA,IMO0000000,,37,,11,3,,,B
338388721,2022-01-05T09:07:32,47.65153,-122.32353,0.0,360.0,511.0,PURA VIDA,IMO0000000,,37,,11,3,,,B
338388721,2022-01-05T09:19:19,47.65145,-122.32356,0.0,360.0,511.0,PURA VIDA,IMO0000000,,37,,11,3,,,B
338388721,2022-01-05T09:37:47,47.65154,-122.32346,0.0,360.0,511.0,PURA VIDA,IMO0000000,,37,,11,3,,,B
338388721,2022-01-05T09:22:40,47.65145,-122.32360,0.0,360.0,511.0,PURA VIDA,IMO0000000,,37,,11,3,,,B
338388721,2022-01-05T09:46:39,47.65148,-122.32348,0.0,360.0,511.0,PURA VIDA,IMO0000000,,37,,11,3,,,B
338388721,2022-01-05T09:34:22,47.65153,-122.32350,0.0,360.0,511.0,PURA VIDA,IMO0000000,,37,,11,3,,,B
338388721,2022-01-05T09:40:46,47.65149,-122.32349,0.0,360.0,511.0,PURA VIDA,IMO0000000,,37,,11,3,,,B
338388721,2022-01-05T09:43:28,47.65152,-122.32347,0.0,360.0,511.0,PURA VIDA,IMO0000000,,37,,11,3,,,B
338388721,2022-01-05T10:01:34,47.65147,-122.32356,0.0,360.0,511.0,PURA VIDA,IMO0000000,,37,,11,3,,,B
338388721,2022-01-05T09:52:41,47.65150,-122.32355,0.1,360.0,511.0,PURA VIDA,IMO0000000,,37,,11,3,,,B
338388721,2022-01-05T10:10:11,47.65151,-122.32353,0.0,360.0,511.0,PURA VIDA,IMO0000000,,37,,11,3,,,B
338388721,2022-01-05T09:58:25,47.65147,-122.32352,0.0,360.0,511.0,PURA VIDA,IMO0000000,,37,,11,3,,,B
338388721,2022-01-05T09:55:24,47.65151,-122.32348,0.0,360.0,511.0,PURA VIDA,IMO0000000,,37,,11,3,,,B
338388721,2022-01-05T10:04:31,47.65150,-122.32353,0.0,360.0,511.0,PURA VIDA,IMO0000000,,37,,11,3,,,B
338388721,2022-01-05T10:07:33,47.65153,-122.32362,0.0,360.0,511.0,PURA VIDA,IMO0000000,,37,,11,3,,,B
338388721,2022-01-05T10:13:31,47.65146,-122.32355,0.5,360.0,511.0,PURA VIDA,IMO0000000,,37,,11,3,,,B
338388721,2022-01-05T04:05:34,47.65148,-122.32352,0.0,360.0,511.0,PURA VIDA,IMO0000000,,37,,11,3,,,B
338388721,2022-01-05T10:25:42,47.65145,-122.32346,0.0,360.0,511.0,PURA VIDA,IMO0000000,,37,,11,3,,,B
338388721,2022-01-05T10:40:40,47.65149,-122.32350,0.0,360.0,511.0,PURA VIDA,IMO0000000,,37,,11,3,,,B
338388721,2022-01-05T10:34:24,47.65146,-122.32351,0.0,360.0,511.0,PURA VIDA,IMO0000000,,37,,11,3,,,B
338388721,2022-01-05T10:31:18,47.65146,-122.32348,0.0,360.0,511.0,PURA VIDA,IMO0000000,,37,,11,3,,,B
338388721,2022-01-05T10:49:24,47.65151,-122.32349,0.2,360.0,511.0,PURA VIDA,IMO0000000,,37,,11,3,,,B
338388721,2022-01-05T10:52:46,47.65146,-122.32347,0.0,360.0,511.0,PURA VIDA,IMO0000000,,37,,11,3,,,B
338388721,2022-01-05T10:43:22,47.65151,-122.32351,0.0,360.0,511.0,PURA VIDA,IMO0000000,,37,,11,3,,,B
338388721,2022-01-05T11:01:16,47.65143,-122.32353,0.0,360.0,511.0,PURA VIDA,IMO0000000,,37,,11,3,,,B
338388721,2022-01-05T11:07:16,47.65138,-122.32354,0.2,360.0,511.0,PURA VIDA,IMO0000000,,37,,11,3,,,B
338388721,2022-01-05T11:04:19,47.65138,-122.32352,0.0,360.0,511.0,PURA VIDA,IMO0000000,,37,,11,3,,,B
338388721,2022-01-05T11:16:23,47.65136,-122.32352,0.1,360.0,511.0,PURA VIDA,IMO0000000,,37,,11,3,,,B
338388721,2022-01-05T11:13:39,47.65140,-122.32345,0.0,360.0,511.0,PURA VIDA,IMO0000000,,37,,11,3,,,B
338388721,2022-01-05T11:34:13,47.65145,-122.32344,0.0,360.0,511.0,PURA VIDA,IMO0000000,,37,,11,3,,,B
338388721,2022-01-05T11:28:27,47.65143,-122.32354,0.1,360.0,511.0,PURA VIDA,IMO0000000,,37,,11,3,,,B
338388721,2022-01-05T11:10:31,47.65142,-122.32350,0.2,360.0,511.0,PURA VIDA,IMO0000000,,37,,11,3,,,B
338388721,2022-01-05T11:43:19,47.65151,-122.32352,0.0,360.0,511.0,PURA VIDA,IMO0000000,,37,,11,3,,,B
338388721,2022-01-05T11:58:31,47.65145,-122.32356,0.0,360.0,511.0,PURA VIDA,IMO0000000,,37,,11,3,,,B
338388721,2022-01-05T11:40:21,47.65148,-122.32361,0.0,360.0,511.0,PURA VIDA,IMO0000000,,37,,11,3,,,B
338388721,2022-01-05T11:49:33,47.65145,-122.32353,0.1,360.0,511.0,PURA VIDA,IMO0000000,,37,,11,3,,,B
338388721,2022-01-05T11:52:46,47.65144,-122.32353,0.0,360.0,511.0,PURA VIDA,IMO0000000,,37,,11,3,,,B
338388721,2022-01-05T12:13:33,47.65144,-122.32360,0.0,360.0,511.0,PURA VIDA,IMO0000000,,37,,11,3,,,B
338388721,2022-01-05T11:55:36,47.65144,-122.32352,0.0,360.0,511.0,PURA VIDA,IMO0000000,,37,,11,3,,,B
338388721,2022-01-05T12:01:28,47.65145,-122.32361,0.0,360.0,511.0,PURA VIDA,IMO0000000,,37,,11,3,,,B
338388721,2022-01-05T12:07:12,47.65143,-122.32366,0.0,360.0,511.0,PURA VIDA,IMO0000000,,37,,11,3,,,B
338388721,2022-01-05T12:16:15,47.65145,-122.32349,0.0,360.0,511.0,PURA VIDA,IMO0000000,,37,,11,3,,,B
338388721,2022-01-05T12:34:30,47.65145,-122.32350,0.2,360.0,511.0,PURA VIDA,IMO0000000,,37,,11,3,,,B
338388721,2022-01-05T12:58:20,47.65148,-122.32352,0.0,360.0,511.0,PURA VIDA,IMO0000000,,37,,11,3,,,B
338388721,2022-01-05T12:49:30,47.65149,-122.32347,0.0,360.0,511.0,PURA VIDA,IMO0000000,,37,,11,3,,,B
338388721,2022-01-05T12:52:19,47.65151,-122.32348,0.0,360.0,511.0,PURA VIDA,IMO0000000,,37,,11,3,,,B
338388721,2022-01-05T13:01:31,47.65144,-122.32349,0.0,360.0,511.0,PURA VIDA,IMO0000000,,37,,11,3,,,B
338388721,2022-01-05T12:55:11,47.65149,-122.32347,0.0,360.0,511.0,PURA VIDA,IMO0000000,,37,,11,3,,,B
338388721,2022-01-05T13:13:39,47.65147,-122.32353,0.0,360.0,511.0,PURA VIDA,IMO0000000,,37,,11,3,,,B
338388721,2022-01-05T13:04:42,47.65152,-122.32348,0.0,360.0,511.0,PURA VIDA,IMO0000000,,37,,11,3,,,B
338388721,2022-01-05T13:10:25,47.65151,-122.32354,0.0,360.0,511.0,PURA VIDA,IMO0000000,,37,,11,3,,,B
338388721,2022-01-05T13:16:14,47.65152,-122.32351,0.0,360.0,511.0,PURA VIDA,IMO0000000,,37,,11,3,,,B
338388721,2022-01-05T13:22:33,47.65154,-122.32347,0.0,360.0,511.0,PURA VIDA,IMO0000000,,37,,11,3,,,B
338388721,2022-01-05T13:52:27,47.65148,-122.32348,0.0,360.0,511.0,PURA VIDA,IMO0000000,,37,,11,3,,,B
338388721,2022-01-05T13:55:34,47.65147,-122.32345,0.0,360.0,511.0,PURA VIDA,IMO0000000,,37,,11,3,,,B
338388721,2022-01-05T13:28:18,47.65152,-122.32346,0.1,360.0,511.0,PURA VIDA,IMO0000000,,37,,11,3,,,B
338388721,2022-01-05T13:58:31,47.65150,-122.32344,0.0,360.0,511.0,PURA VIDA,IMO0000000,,37,,11,3,,,B
338388721,2022-01-05T13:37:34,47.65149,-122.32352,0.0,360.0,511.0,PURA VIDA,IMO0000000,,37,,11,3,,,B
338388721,2022-01-05T13:46:30,47.65147,-122.32350,0.0,360.0,511.0,PURA VIDA,IMO0000000,,37,,11,3,,,B
338388721,2022-01-05T13:49:26,47.65148,-122.32346,0.0,360.0,511.0,PURA VIDA,IMO0000000,,37,,11,3,,,B
338388721,2022-01-05T14:13:40,47.65152,-122.32349,0.0,360.0,511.0,PURA VIDA,IMO0000000,,37,,11,3,,,B
338388721,2022-01-05T05:23:25,47.65148,-122.32351,0.0,360.0,511.0,PURA VIDA,IMO0000000,,37,,11,3,,,B
338388721,2022-01-05T14:16:39,47.65150,-122.32350,0.0,360.0,511.0,PURA VIDA,IMO0000000,,37,,11,3,,,B
338388721,2022-01-05T14:10:21,47.65147,-122.32345,0.0,360.0,511.0,PURA VIDA,IMO0000000,,37,,11,3,,,B
338388721,2022-01-05T14:04:31,47.65152,-122.32346,0.0,360.0,511.0,PURA VIDA,IMO0000000,,37,,11,3,,,B
338388721,2022-01-05T14:28:19,47.65149,-122.32351,0.0,360.0,511.0,PURA VIDA,IMO0000000,,37,,11,3,,,B
338388721,2022-01-05T14:40:35,47.65146,-122.32343,0.0,360.0,511.0,PURA VIDA,IMO0000000,,37,,11,3,,,B
338388721,2022-01-05T14:43:35,47.65147,-122.32349,0.0,360.0,511.0,PURA VIDA,IMO0000000,,37,,11,3,,,B
338388721,2022-01-05T14:58:25,47.65148,-122.32349,0.1,360.0,511.0,PURA VIDA,IMO0000000,,37,,11,3,,,B
338388721,2022-01-05T14:46:18,47.65149,-122.32347,0.0,360.0,511.0,PURA VIDA,IMO0000000,,37,,11,3,,,B
338388721,2022-01-05T15:07:35,47.65152,-122.32349,0.0,360.0,511.0,PURA VIDA,IMO0000000,,37,,11,3,,,B
338388721,2022-01-05T15:10:28,47.65149,-122.32349,0.0,360.0,511.0,PURA VIDA,IMO0000000,,37,,11,3,,,B
338388721,2022-01-05T15:28:30,47.65149,-122.32346,0.0,360.0,511.0,PURA VIDA,IMO0000000,,37,,11,3,,,B
338388721,2022-01-05T15:31:34,47.65151,-122.32349,0.1,360.0,511.0,PURA VIDA,IMO0000000,,37,,11,3,,,B
338388721,2022-01-05T15:16:35,47.65150,-122.32348,0.0,360.0,511.0,PURA VIDA,IMO0000000,,37,,11,3,,,B
338388721,2022-01-05T15:25:19,47.65152,-122.32349,0.0,360.0,511.0,PURA VIDA,IMO0000000,,37,,11,3,,,B
338388721,2022-01-05T15:19:13,47.65150,-122.32346,0.0,360.0,511.0,PURA VIDA,IMO0000000,,37,,11,3,,,B
338388721,2022-01-05T15:34:40,47.65148,-122.32350,0.0,360.0,511.0,PURA VIDA,IMO0000000,,37,,11,3,,,B
338388721,2022-01-05T15:40:41,47.65147,-122.32348,0.0,360.0,511.0,PURA VIDA,IMO0000000,,37,,11,3,,,B
338388721,2022-01-05T15:58:24,47.65153,-122.32346,0.0,360.0,511.0,PURA VIDA,IMO0000000,,37,,11,3,,,B
338388721,2022-01-05T16:13:28,47.65150,-122.32346,0.0,360.0,511.0,PURA VIDA,IMO0000000,,37,,11,3,,,B
338388721,2022-01-05T16:04:39,47.65151,-122.32341,0.1,360.0,511.0,PURA VIDA,IMO0000000,,37,,11,3,,,B
338388721,2022-01-05T16:16:36,47.65152,-122.32348,0.0,360.0,511.0,PURA VIDA,IMO0000000,,37,,11,3,,,B
338388721,2022-01-05T16:01:40,47.65155,-122.32339,0.0,360.0,511.0,PURA VIDA,IMO0000000,,37,,11,3,,,B
338388721,2022-01-05T16:28:17,47.65148,-122.32345,0.0,360.0,511.0,PURA VIDA,IMO0000000,,37,,11,3,,,B
338388721,2022-01-05T16:22:19,47.65139,-122.32351,0.3,360.0,511.0,PURA VIDA,IMO0000000,,37,,11,3,,,B
338388721,2022-01-05T16:19:45,47.65143,-122.32348,0.1,360.0,511.0,PURA VIDA,IMO0000000,,37,,11,3,,,B
338388721,2022-01-05T16:34:38,47.65150,-122.32346,0.0,360.0,511.0,PURA VIDA,IMO0000000,,37,,11,3,,,B
338388721,2022-01-05T16:37:36,47.65153,-122.32344,0.0,360.0,511.0,PURA VIDA,IMO0000000,,37,,11,3,,,B
338388721,2022-01-05T16:43:23,47.65151,-122.32348,0.0,360.0,511.0,PURA VIDA,IMO0000000,,37,,11,3,,,B
338388721,2022-01-05T16:49:37,47.65148,-122.32343,0.0,360.0,511.0,PURA VIDA,IMO0000000,,37,,11,3,,,B
338388721,2022-01-05T16:40:14,47.65149,-122.32347,0.0,360.0,511.0,PURA VIDA,IMO0000000,,37,,11,3,,,B
338388721,2022-01-05T16:52:19,47.65150,-122.32345,0.0,360.0,511.0,PURA VIDA,IMO0000000,,37,,11,3,,,B
338388721,2022-01-05T16:46:37,47.65148,-122.32351,0.1,360.0,511.0,PURA VIDA,IMO0000000,,37,,11,3,,,B
338388721,2022-01-05T17:01:24,47.65150,-122.32347,0.0,360.0,511.0,PURA VIDA,IMO0000000,,37,,11,3,,,B
338388721,2022-01-05T17:13:30,47.65148,-122.32348,0.0,360.0,511.0,PURA VIDA,IMO0000000,,37,,11,3,,,B
338388721,2022-01-05T17:14:59,47.65149,-122.32347,0.0,360.0,511.0,PURA VIDA,IMO0000000,,37,,11,3,,,B
338388721,2022-01-05T17:16:30,47.65149,-122.32347,0.0,360.0,511.0,PURA VIDA,IMO0000000,,37,,11,3,,,B
338388721,2022-01-05T17:25:16,47.65144,-122.32349,0.0,360.0,511.0,PURA VIDA,IMO0000000,,37,,11,3,,,B
338388721,2022-01-05T17:10:33,47.65146,-122.32351,0.2,360.0,511.0,PURA VIDA,IMO0000000,,37,,11,3,,,B
338388721,2022-01-05T17:22:13,47.65138,-122.32363,0.0,360.0,511.0,PURA VIDA,IMO0000000,,37,,11,3,,,B
338388721,2022-01-05T17:36:48,47.65131,-122.32371,0.1,360.0,511.0,PURA VIDA,IMO0000000,,37,,11,3,,,B
338388721,2022-01-05T17:27:49,47.65139,-122.32364,0.0,360.0,511.0,PURA VIDA,IMO0000000,,37,,11,3,,,B
338388721,2022-01-05T17:45:47,47.65145,-122.32356,0.0,360.0,511.0,PURA VIDA,IMO0000000,,37,,11,3,,,B
338388721,2022-01-05T17:40:00,47.65138,-122.32365,0.0,360.0,511.0,PURA VIDA,IMO0000000,,37,,11,3,,,B
338388721,2022-01-05T06:47:30,47.65147,-122.32346,0.0,360.0,511.0,PURA VIDA,IMO0000000,,37,,11,3,,,B
338388721,2022-01-05T17:33:48,47.65133,-122.32371,0.3,360.0,511.0,PURA VIDA,IMO0000000,,37,,11,3,,,B
338388721,2022-01-05T17:58:08,47.65140,-122.32352,0.1,360.0,511.0,PURA VIDA,IMO0000000,,37,,11,3,,,B
338388721,2022-01-05T17:55:06,47.65153,-122.32351,0.2,360.0,511.0,PURA VIDA,IMO0000000,,37,,11,3,,,B
338388721,2022-01-05T06:50:33,47.65145,-122.32348,0.1,360.0,511.0,PURA VIDA,IMO0000000,,37,,11,3,,,B
338388721,2022-01-05T06:56:35,47.65147,-122.32347,0.0,360.0,511.0,PURA VIDA,IMO0000000,,37,,11,3,,,B
338388721,2022-01-05T18:15:59,47.65143,-122.32349,0.0,360.0,511.0,PURA VIDA,IMO0000000,,37,,11,3,,,B
338388721,2022-01-05T18:31:07,47.65141,-122.32351,0.0,360.0,511.0,PURA VIDA,IMO0000000,,37,,11,3,,,B
338388721,2022-01-05T18:28:15,47.65144,-122.32352,0.0,360.0,511.0,PURA VIDA,IMO0000000,,37,,11,3,,,B
338388721,2022-01-05T18:33:57,47.65143,-122.32351,0.0,360.0,511.0,PURA VIDA,IMO0000000,,37,,11,3,,,B
338388721,2022-01-05T19:09:51,47.65143,-122.32353,0.0,360.0,511.0,PURA VIDA,IMO0000000,,37,,11,3,,,B
338388721,2022-01-05T18:37:14,47.65143,-122.32352,0.0,360.0,511.0,PURA VIDA,IMO0000000,,37,,11,3,,,B
338388721,2022-01-05T18:45:52,47.65145,-122.32349,0.0,360.0,511.0,PURA VIDA,IMO0000000,,37,,11,3,,,B
338388721,2022-01-05T18:48:58,47.65146,-122.32348,0.0,360.0,511.0,PURA VIDA,IMO0000000,,37,,11,3,,,B
338388721,2022-01-05T19:15:59,47.65148,-122.32350,0.1,360.0,511.0,PURA VIDA,IMO0000000,,37,,11,3,,,B
338388721,2022-01-05T19:19:00,47.65149,-122.32352,0.0,360.0,511.0,PURA VIDA,IMO0000000,,37,,11,3,,,B
338388721,2022-01-05T18:51:50,47.65145,-122.32352,0.0,360.0,511.0,PURA VIDA,IMO0000000,,37,,11,3,,,B
338388721,2022-01-05T19:25:05,47.65156,-122.32357,0.0,360.0,511.0,PURA VIDA,IMO0000000,,37,,11,3,,,B
338388721,2022-01-05T18:57:51,47.65144,-122.32361,0.1,360.0,511.0,PURA VIDA,IMO0000000,,37,,11,3,,,B
338388721,2022-01-05T19:12:55,47.65141,-122.32357,0.0,360.0,511.0,PURA VIDA,IMO0000000,,37,,11,3,,,B
338388721,2022-01-05T19:45:55,47.65154,-122.32352,0.0,360.0,511.0,PURA VIDA,IMO0000000,,37,,11,3,,,B
338388721,2022-01-05T19:43:15,47.65155,-122.32353,0.0,360.0,511.0,PURA VIDA,IMO0000000,,37,,11,3,,,B
338388721,2022-01-05T19:22:15,47.65154,-122.32351,0.0,360.0,511.0,PURA VIDA,IMO0000000,,37,,11,3,,,B
338388721,2022-01-05T19:37:17,47.65149,-122.32353,0.0,360.0,511.0,PURA VIDA,IMO0000000,,37,,11,3,,,B
338388721,2022-01-05T20:06:55,47.65142,-122.32356,0.0,360.0,511.0,PURA VIDA,IMO0000000,,37,,11,3,,,B
338388721,2022-01-05T20:04:11,47.65151,-122.32351,0.0,360.0,511.0,PURA VIDA,IMO0000000,,37,,11,3,,,B
338388721,2022-01-05T20:00:52,47.65150,-122.32352,0.0,360.0,511.0,PURA VIDA,IMO0000000,,37,,11,3,,,B
338388721,2022-01-05T19:48:42,47.65150,-122.32355,0.0,360.0,511.0,PURA VIDA,IMO0000000,,37,,11,3,,,B
338388721,2022-01-05T20:18:47,47.65146,-122.32352,0.0,360.0,511.0,PURA VIDA,IMO0000000,,37,,11,3,,,B
338388721,2022-01-05T19:54:46,47.65148,-122.32346,0.0,360.0,511.0,PURA VIDA,IMO0000000,,37,,11,3,,,B
338388721,2022-01-05T20:28:11,47.65147,-122.32349,0.0,360.0,511.0,PURA VIDA,IMO0000000,,37,,11,3,,,B
338388721,2022-01-05T20:15:55,47.65144,-122.32350,0.0,360.0,511.0,PURA VIDA,IMO0000000,,37,,11,3,,,B
338388721,2022-01-05T20:12:51,47.65146,-122.32350,0.0,360.0,511.0,PURA VIDA,IMO0000000,,37,,11,3,,,B
338388721,2022-01-05T07:41:14,47.65150,-122.32348,0.0,360.0,511.0,PURA VIDA,IMO0000000,,37,,11,3,,,B
338388721,2022-01-05T20:49:17,47.65148,-122.32352,0.0,360.0,511.0,PURA VIDA,IMO0000000,,37,,11,3,,,B
338388721,2022-01-05T20:33:53,47.65140,-122.32356,0.1,360.0,511.0,PURA VIDA,IMO0000000,,37,,11,3,,,B
338388721,2022-01-05T07:56:16,47.65149,-122.32348,0.1,360.0,511.0,PURA VIDA,IMO0000000,,37,,11,3,,,B
338388721,2022-01-05T21:22:08,47.65145,-122.32358,0.0,360.0,511.0,PURA VIDA,IMO0000000,,37,,11,3,,,B
338388721,2022-01-05T20:51:47,47.65150,-122.32342,0.1,360.0,511.0,PURA VIDA,IMO0000000,,37,,11,3,,,B
338388721,2022-01-05T20:57:46,47.65144,-122.32357,0.0,360.0,511.0,PURA VIDA,IMO0000000,,37,,11,3,,,B
338388721,2022-01-05T21:33:58,47.65140,-122.32366,0.0,360.0,511.0,PURA VIDA,IMO0000000,,37,,11,3,,,B
338388721,2022-01-05T21:28:13,47.65138,-122.32367,0.2,360.0,511.0,PURA VIDA,IMO0000000,,37,,11,3,,,B
338388721,2022-01-05T21:46:07,47.65148,-122.32355,0.0,360.0,511.0,PURA VIDA,IMO0000000,,37,,11,3,,,B
338388721,2022-01-05T21:16:11,47.65139,-122.32359,0.3,360.0,511.0,PURA VIDA,IMO0000000,,37,,11,3,,,B
338388721,2022-01-05T21:37:13,47.65140,-122.32365,0.0,360.0,511.0,PURA VIDA,IMO0000000,,37,,11,3,,,B
338388721,2022-01-05T21:40:04,47.65142,-122.32361,0.2,360.0,511.0,PURA VIDA,IMO0000000,,37,,11,3,,,B
338388721,2022-01-05T21:25:05,47.65145,-122.32362,0.1,360.0,511.0,PURA VIDA,IMO0000000,,37,,11,3,,,B
338388721,2022-01-05T22:03:51,47.65153,-122.32348,0.0,360.0,511.0,PURA VIDA,IMO0000000,,37,,11,3,,,B
338388721,2022-01-05T22:12:58,47.65151,-122.32350,0.0,360.0,511.0,PURA VIDA,IMO0000000,,37,,11,3,,,B
338388721,2022-01-05T22:21:43,47.65149,-122.32352,0.0,360.0,511.0,PURA VIDA,IMO0000000,,37,,11,3,,,B
338388721,2022-01-05T22:16:09,47.65149,-122.32351,0.0,360.0,511.0,PURA VIDA,IMO0000000,,37,,11,3,,,B
338388721,2022-01-05T22:09:45,47.65151,-122.32351,0.1,360.0,511.0,PURA VIDA,IMO0000000,,37,,11,3,,,B
338388721,2022-01-05T22:25:13,47.65148,-122.32348,0.0,360.0,511.0,PURA VIDA,IMO0000000,,37,,11,3,,,B
338388721,2022-01-05T23:03:42,47.65154,-122.32353,0.1,360.0,511.0,PURA VIDA,IMO0000000,,37,,11,3,,,B
338388721,2022-01-05T22:58:09,47.65151,-122.32365,0.1,360.0,511.0,PURA VIDA,IMO0000000,,37,,11,3,,,B
338388721,2022-01-05T22:45:58,47.65148,-122.32349,0.0,360.0,511.0,PURA VIDA,IMO0000000,,37,,11,3,,,B
338388721,2022-01-05T22:43:10,47.65146,-122.32353,0.0,360.0,511.0,PURA VIDA,IMO0000000,,37,,11,3,,,B
338388721,2022-01-05T23:00:57,47.65145,-122.32361,0.0,360.0,511.0,PURA VIDA,IMO0000000,,37,,11,3,,,B
338388721,2022-01-05T23:25:17,47.65146,-122.32343,0.0,360.0,511.0,PURA VIDA,IMO0000000,,37,,11,3,,,B
338388721,2022-01-05T22:51:42,47.65154,-122.32342,0.1,360.0,511.0,PURA VIDA,IMO0000000,,37,,11,3,,,B
338388721,2022-01-05T23:06:53,47.65145,-122.32341,0.0,360.0,511.0,PURA VIDA,IMO0000000,,37,,11,3,,,B
338388721,2022-01-05T23:09:43,47.65152,-122.32346,0.2,360.0,511.0,PURA VIDA,IMO0000000,,37,,11,3,,,B
338388721,2022-01-05T23:12:51,47.65145,-122.32349,0.0,360.0,511.0,PURA VIDA,IMO0000000,,37,,11,3,,,B
338388721,2022-01-05T23:39:43,47.65149,-122.32342,0.0,360.0,511.0,PURA VIDA,IMO0000000,,37,,11,3,,,B
338388721,2022-01-05T23:18:49,47.65146,-122.32344,0.0,360.0,511.0,PURA VIDA,IMO0000000,,37,,11,3,,,B
338388721,2022-01-05T23:21:44,47.65150,-122.32340,0.0,360.0,511.0,PURA VIDA,IMO0000000,,37,,11,3,,,B
338388721,2022-01-05T23:43:09,47.65143,-122.32349,0.0,360.0,511.0,PURA VIDA,IMO0000000,,37,,11,3,,,B
338388721,2022-01-05T23:46:13,47.65143,-122.32349,0.0,360.0,511.0,PURA VIDA,IMO0000000,,37,,11,3,,,B
338388721,2022-01-05T23:52:12,47.65140,-122.32357,0.0,360.0,511.0,PURA VIDA,IMO0000000,,37,,11,3,,,B
338388721,2022-01-05T09:28:22,47.65151,-122.32354,0.0,360.0,511.0,PURA VIDA,IMO0000000,,37,,11,3,,,B
338388721,2022-01-05T10:55:15,47.65143,-122.32350,0.1,360.0,511.0,PURA VIDA,IMO0000000,,37,,11,3,,,B
338388721,2022-01-05T11:37:34,47.65147,-122.32353,0.0,360.0,511.0,PURA VIDA,IMO0000000,,37,,11,3,,,B
338388721,2022-01-05T11:46:13,47.65149,-122.32346,0.0,360.0,511.0,PURA VIDA,IMO0000000,,37,,11,3,,,B
338388721,2022-01-05T12:10:23,47.65142,-122.32360,0.0,360.0,511.0,PURA VIDA,IMO0000000,,37,,11,3,,,B
338388721,2022-01-05T12:22:16,47.65148,-122.32350,0.0,360.0,511.0,PURA VIDA,IMO0000000,,37,,11,3,,,B
338388721,2022-01-05T12:28:13,47.65143,-122.32352,0.0,360.0,511.0,PURA VIDA,IMO0000000,,37,,11,3,,,B
338388721,2022-01-05T12:43:37,47.65137,-122.32349,0.2,360.0,511.0,PURA VIDA,IMO0000000,,37,,11,3,,,B
338388721,2022-01-05T15:04:42,47.65151,-122.32346,0.0,360.0,511.0,PURA VIDA,IMO0000000,,37,,11,3,,,B
338388721,2022-01-05T15:52:17,47.65154,-122.32354,0.1,360.0,511.0,PURA VIDA,IMO0000000,,37,,11,3,,,B
338388721,2022-01-05T16:10:36,47.65150,-122.32342,0.0,360.0,511.0,PURA VIDA,IMO0000000,,37,,11,3,,,B
338388721,2022-01-05T18:09:48,47.65143,-122.32344,0.0,360.0,511.0,PURA VIDA,IMO0000000,,37,,11,3,,,B
338388721,2022-01-05T18:21:49,47.65145,-122.32351,0.0,360.0,511.0,PURA VIDA,IMO0000000,,37,,11,3,,,B
338388721,2022-01-05T18:55:12,47.65144,-122.32353,0.0,360.0,511.0,PURA VIDA,IMO0000000,,37,,11,3,,,B
338388721,2022-01-05T19:00:42,47.65148,-122.32357,0.0,360.0,511.0,PURA VIDA,IMO0000000,,37,,11,3,,,B
338388721,2022-01-05T19:28:09,47.65155,-122.32356,0.1,360.0,511.0,PURA VIDA,IMO0000000,,37,,11,3,,,B
338388721,2022-01-05T19:58:07,47.65148,-122.32346,0.0,360.0,511.0,PURA VIDA,IMO0000000,,37,,11,3,,,B
338388721,2022-01-05T20:09:45,47.65140,-122.32356,0.0,360.0,511.0,PURA VIDA,IMO0000000,,37,,11,3,,,B
338388721,2022-01-05T21:03:55,47.65140,-122.32360,0.0,360.0,511.0,PURA VIDA,IMO0000000,,37,,11,3,,,B
338388721,2022-01-05T21:48:53,47.65147,-122.32349,0.2,360.0,511.0,PURA VIDA,IMO0000000,,37,,11,3,,,B
338388721,2022-01-05T22:36:47,47.65150,-122.32369,0.0,360.0,511.0,PURA VIDA,IMO0000000,,37,,11,3,,,B
338388721,2022-01-05T23:37:13,47.65148,-122.32343,0.0,360.0,511.0,PURA VIDA,IMO0000000,,37,,11,3,,,B
338388721,2022-01-06T00:00:55,47.65143,-122.32350,0.0,360.0,511.0,PURA VIDA,IMO0000000,,37,,11,3,,,B
338388721,2022-01-06T00:03:49,47.65146,-122.32349,0.0,360.0,511.0,PURA VIDA,IMO0000000,,37,,11,3,,,B
338388721,2022-01-06T00:09:57,47.65143,-122.32358,0.1,360.0,511.0,PURA VIDA,IMO0000000,,37,,11,3,,,B
338388721,2022-01-06T00:16:00,47.65138,-122.32354,0.2,360.0,511.0,PURA VIDA,IMO0000000,,37,,11,3,,,B
338388721,2022-01-06T00:24:55,47.65143,-122.32348,0.0,360.0,511.0,PURA VIDA,IMO0000000,,37,,11,3,,,B
338388721,2022-01-06T00:28:13,47.65143,-122.32349,0.0,360.0,511.0,PURA VIDA,IMO0000000,,37,,11,3,,,B
338388721,2022-01-06T00:40:17,47.65146,-122.32349,0.0,360.0,511.0,PURA VIDA,IMO0000000,,37,,11,3,,,B
338388721,2022-01-06T00:45:50,47.65151,-122.32359,0.0,360.0,511.0,PURA VIDA,IMO0000000,,37,,11,3,,,B
338388721,2022-01-06T00:52:04,47.65151,-122.32348,0.0,360.0,511.0,PURA VIDA,IMO0000000,,37,,11,3,,,B
338388721,2022-01-06T00:54:43,47.65147,-122.32348,0.0,360.0,511.0,PURA VIDA,IMO0000000,,37,,11,3,,,B
338388721,2022-01-06T01:01:05,47.65145,-122.32346,0.0,360.0,511.0,PURA VIDA,IMO0000000,,37,,11,3,,,B
338388721,2022-01-06T00:57:51,47.65144,-122.32346,0.0,360.0,511.0,PURA VIDA,IMO0000000,,37,,11,3,,,B
338388721,2022-01-06T01:04:14,47.65142,-122.32347,0.0,360.0,511.0,PURA VIDA,IMO0000000,,37,,11,3,,,B
338388721,2022-01-06T01:06:44,47.65143,-122.32343,0.1,360.0,511.0,PURA VIDA,IMO0000000,,37,,11,3,,,B
338388721,2022-01-06T01:14:11,47.65145,-122.32338,0.0,360.0,511.0,PURA VIDA,IMO0000000,,37,,11,3,,,B
338388721,2022-01-06T01:20:22,47.65145,-122.32330,0.0,360.0,511.0,PURA VIDA,IMO0000000,,37,,11,3,,,B
338388721,2022-01-06T01:26:43,47.65145,-122.32343,0.0,360.0,511.0,PURA VIDA,IMO0000000,,37,,11,3,,,B
338388721,2022-01-06T01:23:23,47.65148,-122.32332,0.0,360.0,511.0,PURA VIDA,IMO0000000,,37,,11,3,,,B
338388721,2022-01-06T01:09:45,47.65144,-122.32349,0.0,360.0,511.0,PURA VIDA,IMO0000000,,37,,11,3,,,B
338388721,2022-01-06T01:41:31,47.65153,-122.32338,0.0,360.0,511.0,PURA VIDA,IMO0000000,,37,,11,3,,,B
338388721,2022-01-06T01:44:46,47.65152,-122.32348,0.1,360.0,511.0,PURA VIDA,IMO0000000,,37,,11,3,,,B
338388721,2022-01-06T01:50:44,47.65148,-122.32344,0.1,360.0,511.0,PURA VIDA,IMO0000000,,37,,11,3,,,B
338388721,2022-01-06T01:47:26,47.65150,-122.32349,0.2,360.0,511.0,PURA VIDA,IMO0000000,,37,,11,3,,,B
338388721,2022-01-06T01:35:37,47.65145,-122.32339,0.0,360.0,511.0,PURA VIDA,IMO0000000,,37,,11,3,,,B
338388721,2022-01-06T01:29:53,47.65148,-122.32336,0.0,360.0,511.0,PURA VIDA,IMO0000000,,37,,11,3,,,B
338388721,2022-01-06T01:38:19,47.65149,-122.32338,0.1,360.0,511.0,PURA VIDA,IMO0000000,,37,,11,3,,,B
338388721,2022-01-06T01:59:25,47.65149,-122.32339,0.0,360.0,511.0,PURA VIDA,IMO0000000,,37,,11,3,,,B
338388721,2022-01-06T02:11:19,47.65146,-122.32337,0.1,360.0,511.0,PURA VIDA,IMO0000000,,37,,11,3,,,B
338388721,2022-01-06T02:05:47,47.65145,-122.32337,0.1,360.0,511.0,PURA VIDA,IMO0000000,,37,,11,3,,,B
338388721,2022-01-06T01:53:41,47.65152,-122.32341,0.0,360.0,511.0,PURA VIDA,IMO0000000,,37,,11,3,,,B
338388721,2022-01-06T02:17:39,47.65153,-122.32338,0.0,360.0,511.0,PURA VIDA,IMO0000000,,37,,11,3,,,B
338388721,2022-01-06T02:29:48,47.65149,-122.32345,0.0,360.0,511.0,PURA VIDA,IMO0000000,,37,,11,3,,,B
338388721,2022-01-06T02:35:39,47.65150,-122.32345,0.1,360.0,511.0,PURA VIDA,IMO0000000,,37,,11,3,,,B
338388721,2022-01-06T02:20:30,47.65156,-122.32337,0.1,360.0,511.0,PURA VIDA,IMO0000000,,37,,11,3,,,B
338388721,2022-01-06T01:56:37,47.65151,-122.32340,0.0,360.0,511.0,PURA VIDA,IMO0000000,,37,,11,3,,,B
338388721,2022-01-06T02:08:49,47.65149,-122.32345,0.0,360.0,511.0,PURA VIDA,IMO0000000,,37,,11,3,,,B
338388721,2022-01-06T02:47:39,47.65154,-122.32347,0.0,360.0,511.0,PURA VIDA,IMO0000000,,37,,11,3,,,B
338388721,2022-01-06T02:50:20,47.65152,-122.32344,0.0,360.0,511.0,PURA VIDA,IMO0000000,,37,,11,3,,,B
338388721,2022-01-06T02:44:23,47.65152,-122.32345,0.0,360.0,511.0,PURA VIDA,IMO0000000,,37,,11,3,,,B
338388721,2022-01-06T02:38:26,47.65150,-122.32346,0.0,360.0,511.0,PURA VIDA,IMO0000000,,37,,11,3,,,B
338388721,2022-01-06T02:23:22,47.65154,-122.32339,0.0,360.0,511.0,PURA VIDA,IMO0000000,,37,,11,3,,,B
338388721,2022-01-06T02:41:43,47.65152,-122.32347,0.0,360.0,511.0,PURA VIDA,IMO0000000,,37,,11,3,,,B
338388721,2022-01-06T02:56:43,47.65149,-122.32346,0.0,360.0,511.0,PURA VIDA,IMO0000000,,37,,11,3,,,B
338388721,2022-01-06T03:11:42,47.65149,-122.32357,0.0,360.0,511.0,PURA VIDA,IMO0000000,,37,,11,3,,,B
338388721,2022-01-06T03:14:34,47.65149,-122.32354,0.0,360.0,511.0,PURA VIDA,IMO0000000,,37,,11,3,,,B
338388721,2022-01-06T03:20:30,47.65151,-122.32351,0.0,360.0,511.0,PURA VIDA,IMO0000000,,37,,11,3,,,B
338388721,2022-01-06T03:08:35,47.65149,-122.32353,0.0,360.0,511.0,PURA VIDA,IMO0000000,,37,,11,3,,,B
338388721,2022-01-06T03:02:30,47.65150,-122.32349,0.0,360.0,511.0,PURA VIDA,IMO0000000,,37,,11,3,,,B
338388721,2022-01-06T02:26:54,47.65151,-122.32345,0.0,360.0,511.0,PURA VIDA,IMO0000000,,37,,11,3,,,B
338388721,2022-01-06T03:05:37,47.65149,-122.32347,0.0,360.0,511.0,PURA VIDA,IMO0000000,,37,,11,3,,,B
338388721,2022-01-06T03:29:33,47.65148,-122.32351,0.0,360.0,511.0,PURA VIDA,IMO0000000,,37,,11,3,,,B
338388721,2022-01-06T02:53:54,47.65149,-122.32344,0.0,360.0,511.0,PURA VIDA,IMO0000000,,37,,11,3,,,B
338388721,2022-01-06T03:23:31,47.65148,-122.32352,0.0,360.0,511.0,PURA VIDA,IMO0000000,,37,,11,3,,,B
338388721,2022-01-06T03:44:43,47.65148,-122.32347,0.0,360.0,511.0,PURA VIDA,IMO0000000,,37,,11,3,,,B
338388721,2022-01-06T03:38:27,47.65149,-122.32352,0.0,360.0,511.0,PURA VIDA,IMO0000000,,37,,11,3,,,B
338388721,2022-01-06T03:17:39,47.65151,-122.32356,0.0,360.0,511.0,PURA VIDA,IMO0000000,,37,,11,3,,,B
338388721,2022-01-06T04:05:47,47.65147,-122.32354,0.0,360.0,511.0,PURA VIDA,IMO0000000,,37,,11,3,,,B
338388721,2022-01-06T03:47:25,47.65148,-122.32352,0.0,360.0,511.0,PURA VIDA,IMO0000000,,37,,11,3,,,B
338388721,2022-01-06T04:11:30,47.65147,-122.32344,0.0,360.0,511.0,PURA VIDA,IMO0000000,,37,,11,3,,,B
338388721,2022-01-06T03:50:54,47.65150,-122.32346,0.0,360.0,511.0,PURA VIDA,IMO0000000,,37,,11,3,,,B
338388721,2022-01-06T03:53:21,47.65147,-122.32346,0.0,360.0,511.0,PURA VIDA,IMO0000000,,37,,11,3,,,B
338388721,2022-01-06T03:26:24,47.65151,-122.32358,0.0,360.0,511.0,PURA VIDA,IMO0000000,,37,,11,3,,,B
338388721,2022-01-06T04:28:12,47.65149,-122.32346,0.1,360.0,511.0,PURA VIDA,IMO0000000,,37,,11,3,,,B
338388721,2022-01-06T04:21:33,47.65147,-122.32343,0.0,360.0,511.0,PURA VIDA,IMO0000000,,37,,11,3,,,B
338388721,2022-01-06T04:17:50,47.65151,-122.32349,0.0,360.0,511.0,PURA VIDA,IMO0000000,,37,,11,3,,,B
338388721,2022-01-06T04:43:16,47.65150,-122.32351,0.0,360.0,511.0,PURA VIDA,IMO0000000,,37,,11,3,,,B
338388721,2022-01-06T04:24:33,47.65149,-122.32345,0.0,360.0,511.0,PURA VIDA,IMO0000000,,37,,11,3,,,B
338388721,2022-01-06T04:52:14,47.65154,-122.32341,0.0,360.0,511.0,PURA VIDA,IMO0000000,,37,,11,3,,,B
338388721,2022-01-06T04:02:22,47.65148,-122.32347,0.0,360.0,511.0,PURA VIDA,IMO0000000,,37,,11,3,,,B
338388721,2022-01-06T03:35:23,47.65147,-122.32350,0.0,360.0,511.0,PURA VIDA,IMO0000000,,37,,11,3,,,B
338388721,2022-01-06T05:12:49,47.65150,-122.32349,0.1,360.0,511.0,PURA VIDA,IMO0000000,,37,,11,3,,,B
338388721,2022-01-06T05:00:46,47.65145,-122.32341,0.0,360.0,511.0,PURA VIDA,IMO0000000,,37,,11,3,,,B
338388721,2022-01-06T05:16:00,47.65147,-122.32360,0.1,360.0,511.0,PURA VIDA,IMO0000000,,37,,11,3,,,B
338388721,2022-01-06T05:27:54,47.65143,-122.32358,0.0,360.0,511.0,PURA VIDA,IMO0000000,,37,,11,3,,,B
338388721,2022-01-06T03:56:21,47.65149,-122.32350,0.0,360.0,511.0,PURA VIDA,IMO0000000,,37,,11,3,,,B
338388721,2022-01-06T05:21:48,47.65141,-122.32354,0.1,360.0,511.0,PURA VIDA,IMO0000000,,37,,11,3,,,B
338388721,2022-01-06T04:37:09,47.65147,-122.32347,0.1,360.0,511.0,PURA VIDA,IMO0000000,,37,,11,3,,,B
338388721,2022-01-06T05:25:08,47.65141,-122.32355,0.0,360.0,511.0,PURA VIDA,IMO0000000,,37,,11,3,,,B
338388721,2022-01-06T05:40:09,47.65144,-122.32358,0.0,360.0,511.0,PURA VIDA,IMO0000000,,37,,11,3,,,B
338388721,2022-01-06T04:14:21,47.65149,-122.32346,0.0,360.0,511.0,PURA VIDA,IMO0000000,,37,,11,3,,,B
338388721,2022-01-06T05:57:48,47.65145,-122.32355,0.0,360.0,511.0,PURA VIDA,IMO0000000,,37,,11,3,,,B
338388721,2022-01-06T05:49:12,47.65148,-122.32356,0.0,360.0,511.0,PURA VIDA,IMO0000000,,37,,11,3,,,B
338388721,2022-01-06T06:03:44,47.65145,-122.32346,0.0,360.0,511.0,PURA VIDA,IMO0000000,,37,,11,3,,,B
338388721,2022-01-06T04:57:50,47.65145,-122.32343,0.0,360.0,511.0,PURA VIDA,IMO0000000,,37,,11,3,,,B
338388721,2022-01-06T05:45:52,47.65144,-122.32358,0.0,360.0,511.0,PURA VIDA,IMO0000000,,37,,11,3,,,B
338388721,2022-01-06T06:12:55,47.65148,-122.32354,0.1,360.0,511.0,PURA VIDA,IMO0000000,,37,,11,3,,,B
338388721,2022-01-06T06:21:59,47.65146,-122.32351,0.0,360.0,511.0,PURA VIDA,IMO0000000,,37,,11,3,,,B
338388721,2022-01-06T06:28:15,47.65147,-122.32352,0.0,360.0,511.0,PURA VIDA,IMO0000000,,37,,11,3,,,B
338388721,2022-01-06T04:39:43,47.65151,-122.32346,0.0,360.0,511.0,PURA VIDA,IMO0000000,,37,,11,3,,,B
338388721,2022-01-06T06:16:15,47.65147,-122.32349,0.0,360.0,511.0,PURA VIDA,IMO0000000,,37,,11,3,,,B
338388721,2022-01-06T06:46:02,47.65147,-122.32348,0.0,360.0,511.0,PURA VIDA,IMO0000000,,37,,11,3,,,B
338388721,2022-01-06T04:49:06,47.65150,-122.32341,0.0,360.0,511.0,PURA VIDA,IMO0000000,,37,,11,3,,,B
338388721,2022-01-06T06:54:59,47.65149,-122.32349,0.0,360.0,511.0,PURA VIDA,IMO0000000,,37,,11,3,,,B
338388721,2022-01-06T07:01:03,47.65147,-122.32349,0.0,360.0,511.0,PURA VIDA,IMO0000000,,37,,11,3,,,B
338388721,2022-01-06T07:07:09,47.65145,-122.32349,0.0,360.0,511.0,PURA VIDA,IMO0000000,,37,,11,3,,,B
338388721,2022-01-06T06:52:07,47.65146,-122.32348,0.0,360.0,511.0,PURA VIDA,IMO0000000,,37,,11,3,,,B
338388721,2022-01-06T07:13:15,47.65145,-122.32346,0.0,360.0,511.0,PURA VIDA,IMO0000000,,37,,11,3,,,B
338388721,2022-01-06T06:58:03,47.65146,-122.32349,0.0,360.0,511.0,PURA VIDA,IMO0000000,,37,,11,3,,,B
338388721,2022-01-06T07:03:52,47.65146,-122.32345,0.0,360.0,511.0,PURA VIDA,IMO0000000,,37,,11,3,,,B
338388721,2022-01-06T07:28:11,47.65146,-122.32346,0.1,360.0,511.0,PURA VIDA,IMO0000000,,37,,11,3,,,B
338388721,2022-01-06T05:18:59,47.65146,-122.32358,0.0,360.0,511.0,PURA VIDA,IMO0000000,,37,,11,3,,,B
338388721,2022-01-06T07:40:07,47.65149,-122.32345,0.1,360.0,511.0,PURA VIDA,IMO0000000,,37,,11,3,,,B
338388721,2022-01-06T07:16:11,47.65147,-122.32349,0.0,360.0,511.0,PURA VIDA,IMO0000000,,37,,11,3,,,B
338388721,2022-01-06T07:48:42,47.65146,-122.32343,0.3,360.0,511.0,PURA VIDA,IMO0000000,,37,,11,3,,,B
338388721,2022-01-06T06:10:05,47.65147,-122.32350,0.0,360.0,511.0,PURA VIDA,IMO0000000,,37,,11,3,,,B
338388721,2022-01-06T07:33:56,47.65146,-122.32348,0.0,360.0,511.0,PURA VIDA,IMO0000000,,37,,11,3,,,B
338388721,2022-01-06T06:19:13,47.65145,-122.32354,0.1,360.0,511.0,PURA VIDA,IMO0000000,,37,,11,3,,,B
338388721,2022-01-06T08:08:44,47.65149,-122.32349,0.0,360.0,511.0,PURA VIDA,IMO0000000,,37,,11,3,,,B
338388721,2022-01-06T07:55:03,47.65157,-122.32348,0.0,360.0,511.0,PURA VIDA,IMO0000000,,37,,11,3,,,B
338388721,2022-01-06T08:15:23,47.65147,-122.32352,0.0,360.0,511.0,PURA VIDA,IMO0000000,,37,,11,3,,,B
338388721,2022-01-06T07:57:53,47.65151,-122.32347,0.0,360.0,511.0,PURA VIDA,IMO0000000,,37,,11,3,,,B
338388721,2022-01-06T06:33:45,47.65147,-122.32349,0.0,360.0,511.0,PURA VIDA,IMO0000000,,37,,11,3,,,B
338388721,2022-01-06T08:04:12,47.65147,-122.32350,0.0,360.0,511.0,PURA VIDA,IMO0000000,,37,,11,3,,,B
338388721,2022-01-06T08:42:17,47.65151,-122.32349,0.0,360.0,511.0,PURA VIDA,IMO0000000,,37,,11,3,,,B
338388721,2022-01-06T08:39:13,47.65149,-122.32350,0.0,360.0,511.0,PURA VIDA,IMO0000000,,37,,11,3,,,B
338388721,2022-01-06T08:45:29,47.65148,-122.32353,0.0,360.0,511.0,PURA VIDA,IMO0000000,,37,,11,3,,,B
338388721,2022-01-06T06:24:46,47.65147,-122.32348,0.0,360.0,511.0,PURA VIDA,IMO0000000,,37,,11,3,,,B
338388721,2022-01-06T07:10:06,47.65145,-122.32348,0.0,360.0,511.0,PURA VIDA,IMO0000000,,37,,11,3,,,B
338388721,2022-01-06T08:53:58,47.65149,-122.32349,0.1,360.0,511.0,PURA VIDA,IMO0000000,,37,,11,3,,,B
338388721,2022-01-06T09:15:10,47.65142,-122.32353,0.0,360.0,511.0,PURA VIDA,IMO0000000,,37,,11,3,,,B
338388721,2022-01-06T09:00:01,47.65146,-122.32350,0.0,360.0,511.0,PURA VIDA,IMO0000000,,37,,11,3,,,B
338388721,2022-01-06T09:18:22,47.65142,-122.32347,0.0,360.0,511.0,PURA VIDA,IMO0000000,,37,,11,3,,,B
338388721,2022-01-06T09:48:05,47.65146,-122.32351,0.0,360.0,511.0,PURA VIDA,IMO0000000,,37,,11,3,,,B
338388721,2022-01-06T09:05:55,47.65149,-122.32360,0.1,360.0,511.0,PURA VIDA,IMO0000000,,37,,11,3,,,B
338388721,2022-01-06T09:45:14,47.65144,-122.32354,0.0,360.0,511.0,PURA VIDA,IMO0000000,,37,,11,3,,,B
338388721,2022-01-06T09:51:00,47.65144,-122.32354,0.0,360.0,511.0,PURA VIDA,IMO0000000,,37,,11,3,,,B
338388721,2022-01-06T09:42:10,47.65145,-122.32352,0.0,360.0,511.0,PURA VIDA,IMO0000000,,37,,11,3,,,B
338388721,2022-01-06T10:15:17,47.65145,-122.32360,0.0,360.0,511.0,PURA VIDA,IMO0000000,,37,,11,3,,,B
338388721,2022-01-06T10:21:06,47.65145,-122.32351,0.0,360.0,511.0,PURA VIDA,IMO0000000,,37,,11,3,,,B
338388721,2022-01-06T10:06:12,47.65141,-122.32347,0.0,360.0,511.0,PURA VIDA,IMO0000000,,37,,11,3,,,B
338388721,2022-01-06T10:08:58,47.65143,-122.32353,0.0,360.0,511.0,PURA VIDA,IMO0000000,,37,,11,3,,,B
338388721,2022-01-06T10:18:10,47.65144,-122.32355,0.0,360.0,511.0,PURA VIDA,IMO0000000,,37,,11,3,,,B
338388721,2022-01-06T07:51:56,47.65152,-122.32349,0.2,360.0,511.0,PURA VIDA,IMO0000000,,37,,11,3,,,B
338388721,2022-01-06T09:57:07,47.65140,-122.32356,0.0,360.0,511.0,PURA VIDA,IMO0000000,,37,,11,3,,,B
338388721,2022-01-06T10:27:18,47.65142,-122.32343,0.0,360.0,511.0,PURA VIDA,IMO0000000,,37,,11,3,,,B
338388721,2022-01-06T08:24:24,47.65149,-122.32351,0.0,360.0,511.0,PURA VIDA,IMO0000000,,37,,11,3,,,B
338388721,2022-01-06T08:07:12,47.65152,-122.32352,0.0,360.0,511.0,PURA VIDA,IMO0000000,,37,,11,3,,,B
338388721,2022-01-06T10:42:27,47.65153,-122.32353,0.0,360.0,511.0,PURA VIDA,IMO0000000,,37,,11,3,,,B
338388721,2022-01-06T10:12:11,47.65147,-122.32353,0.0,360.0,511.0,PURA VIDA,IMO0000000,,37,,11,3,,,B
338388721,2022-01-06T10:45:11,47.65153,-122.32349,0.0,360.0,511.0,PURA VIDA,IMO0000000,,37,,11,3,,,B
338388721,2022-01-06T10:47:58,47.65140,-122.32347,0.1,360.0,511.0,PURA VIDA,IMO0000000,,37,,11,3,,,B
338388721,2022-01-06T11:15:07,47.65140,-122.32351,0.0,360.0,511.0,PURA VIDA,IMO0000000,,37,,11,3,,,B
338388721,2022-01-06T11:21:09,47.65147,-122.32349,0.5,360.0,511.0,PURA VIDA,IMO0000000,,37,,11,3,,,B
338388721,2022-01-06T10:54:23,47.65141,-122.32338,0.1,360.0,511.0,PURA VIDA,IMO0000000,,37,,11,3,,,B
338388721,2022-01-06T11:48:30,47.65151,-122.32350,0.0,360.0,511.0,PURA VIDA,IMO0000000,,37,,11,3,,,B
338388721,2022-01-06T09:08:59,47.65145,-122.32349,0.0,360.0,511.0,PURA VIDA,IMO0000000,,37,,11,3,,,B
338388721,2022-01-06T11:51:27,47.65147,-122.32345,0.1,360.0,511.0,PURA VIDA,IMO0000000,,37,,11,3,,,B
338388721,2022-01-06T11:41:55,47.65148,-122.32349,0.0,360.0,511.0,PURA VIDA,IMO0000000,,37,,11,3,,,B
338388721,2022-01-06T09:23:58,47.65150,-122.32338,0.1,360.0,511.0,PURA VIDA,IMO0000000,,37,,11,3,,,B
338388721,2022-01-06T09:27:00,47.65145,-122.32344,0.0,360.0,511.0,PURA VIDA,IMO0000000,,37,,11,3,,,B
338388721,2022-01-06T09:36:23,47.65150,-122.32345,0.0,360.0,511.0,PURA VIDA,IMO0000000,,37,,11,3,,,B
338388721,2022-01-06T11:57:04,47.65150,-122.32356,0.0,360.0,511.0,PURA VIDA,IMO0000000,,37,,11,3,,,B
338388721,2022-01-06T12:36:00,47.65147,-122.32342,0.1,360.0,511.0,PURA VIDA,IMO0000000,,37,,11,3,,,B
338388721,2022-01-06T11:59:55,47.65147,-122.32359,0.0,360.0,511.0,PURA VIDA,IMO0000000,,37,,11,3,,,B
338388721,2022-01-06T12:12:10,47.65148,-122.32344,0.0,360.0,511.0,PURA VIDA,IMO0000000,,37,,11,3,,,B
338388721,2022-01-06T12:06:18,47.65149,-122.32351,0.0,360.0,511.0,PURA VIDA,IMO0000000,,37,,11,3,,,B
338388721,2022-01-06T12:21:18,47.65149,-122.32341,0.1,360.0,511.0,PURA VIDA,IMO0000000,,37,,11,3,,,B
338388721,2022-01-06T12:54:22,47.65152,-122.32349,0.1,360.0,511.0,PURA VIDA,IMO0000000,,37,,11,3,,,B
338388721,2022-01-06T10:03:16,47.65145,-122.32358,0.0,360.0,511.0,PURA VIDA,IMO0000000,,37,,11,3,,,B
338388721,2022-01-06T12:39:04,47.65147,-122.32335,0.4,360.0,511.0,PURA VIDA,IMO0000000,,37,,11,3,,,B
338388721,2022-01-06T12:42:09,47.65144,-122.32341,0.0,360.0,511.0,PURA VIDA,IMO0000000,,37,,11,3,,,B
338388721,2022-01-06T12:18:03,47.65150,-122.32343,0.0,360.0,511.0,PURA VIDA,IMO0000000,,37,,11,3,,,B
338388721,2022-01-06T12:24:15,47.65152,-122.32340,0.0,360.0,511.0,PURA VIDA,IMO0000000,,37,,11,3,,,B
338388721,2022-01-06T13:30:20,47.65151,-122.32353,0.0,360.0,511.0,PURA VIDA,IMO0000000,,37,,11,3,,,B
338388721,2022-01-06T13:00:13,47.65148,-122.32343,0.0,360.0,511.0,PURA VIDA,IMO0000000,,37,,11,3,,,B
338388721,2022-01-06T13:08:59,47.65152,-122.32349,0.0,360.0,511.0,PURA VIDA,IMO0000000,,37,,11,3,,,B
338388721,2022-01-06T12:33:19,47.65151,-122.32340,0.0,360.0,511.0,PURA VIDA,IMO0000000,,37,,11,3,,,B
338388721,2022-01-06T13:03:06,47.65148,-122.32350,0.0,360.0,511.0,PURA VIDA,IMO0000000,,37,,11,3,,,B
338388721,2022-01-06T13:18:26,47.65161,-122.32348,0.0,360.0,511.0,PURA VIDA,IMO0000000,,37,,11,3,,,B
338388721,2022-01-06T13:42:16,47.65149,-122.32343,0.1,360.0,511.0,PURA VIDA,IMO0000000,,37,,11,3,,,B
338388721,2022-01-06T10:57:02,47.65150,-122.32343,0.0,360.0,511.0,PURA VIDA,IMO0000000,,37,,11,3,,,B
338388721,2022-01-06T13:36:03,47.65147,-122.32358,0.1,360.0,511.0,PURA VIDA,IMO0000000,,37,,11,3,,,B
338388721,2022-01-06T13:06:15,47.65151,-122.32350,0.0,360.0,511.0,PURA VIDA,IMO0000000,,37,,11,3,,,B
338388721,2022-01-06T14:24:04,47.65150,-122.32346,0.0,360.0,511.0,PURA VIDA,IMO0000000,,37,,11,3,,,B
338388721,2022-01-06T11:02:58,47.65148,-122.32348,0.0,360.0,511.0,PURA VIDA,IMO0000000,,37,,11,3,,,B
338388721,2022-01-06T11:06:29,47.65140,-122.32344,0.0,360.0,511.0,PURA VIDA,IMO0000000,,37,,11,3,,,B
338388721,2022-01-06T14:03:09,47.65149,-122.32346,0.1,360.0,511.0,PURA VIDA,IMO0000000,,37,,11,3,,,B
338388721,2022-01-06T13:57:23,47.65149,-122.32354,0.0,360.0,511.0,PURA VIDA,IMO0000000,,37,,11,3,,,B
338388721,2022-01-06T11:12:25,47.65136,-122.32348,0.0,360.0,511.0,PURA VIDA,IMO0000000,,37,,11,3,,,B
338388721,2022-01-06T11:18:13,47.65142,-122.32349,0.0,360.0,511.0,PURA VIDA,IMO0000000,,37,,11,3,,,B
338388721,2022-01-06T14:09:02,47.65148,-122.32350,0.0,360.0,511.0,PURA VIDA,IMO0000000,,37,,11,3,,,B
338388721,2022-01-06T14:44:58,47.65149,-122.32348,0.0,360.0,511.0,PURA VIDA,IMO0000000,,37,,11,3,,,B
338388721,2022-01-06T14:48:22,47.65150,-122.32346,0.0,360.0,511.0,PURA VIDA,IMO0000000,,37,,11,3,,,B
338388721,2022-01-06T13:33:12,47.65149,-122.32353,0.0,360.0,511.0,PURA VIDA,IMO0000000,,37,,11,3,,,B
338388721,2022-01-06T15:00:10,47.65148,-122.32350,0.0,360.0,511.0,PURA VIDA,IMO0000000,,37,,11,3,,,B
338388721,2022-01-06T14:27:05,47.65151,-122.32347,0.1,360.0,511.0,PURA VIDA,IMO0000000,,37,,11,3,,,B
338388721,2022-01-06T11:36:11,47.65145,-122.32353,0.1,360.0,511.0,PURA VIDA,IMO0000000,,37,,11,3,,,B
338388721,2022-01-06T11:44:58,47.65146,-122.32354,0.0,360.0,511.0,PURA VIDA,IMO0000000,,37,,11,3,,,B
338388721,2022-01-06T15:12:21,47.65151,-122.32349,0.0,360.0,511.0,PURA VIDA,IMO0000000,,37,,11,3,,,B
338388721,2022-01-06T15:21:27,47.65146,-122.32350,0.0,360.0,511.0,PURA VIDA,IMO0000000,,37,,11,3,,,B
338388721,2022-01-06T14:18:02,47.65147,-122.32350,0.0,360.0,511.0,PURA VIDA,IMO0000000,,37,,11,3,,,B
338388721,2022-01-06T15:06:04,47.65154,-122.32349,0.7,360.0,511.0,PURA VIDA,IMO0000000,,37,,11,3,,,B
338388721,2022-01-06T15:18:00,47.65147,-122.32349,0.0,360.0,511.0,PURA VIDA,IMO0000000,,37,,11,3,,,B
338388721,2022-01-06T15:24:27,47.65149,-122.32347,0.1,360.0,511.0,PURA VIDA,IMO0000000,,37,,11,3,,,B
338388721,2022-01-06T12:27:10,47.65148,-122.32341,0.0,360.0,511.0,PURA VIDA,IMO0000000,,37,,11,3,,,B
338388721,2022-01-06T15:54:13,47.65150,-122.32353,0.0,360.0,511.0,PURA VIDA,IMO0000000,,37,,11,3,,,B
338388721,2022-01-06T16:00:00,47.65145,-122.32344,0.0,360.0,511.0,PURA VIDA,IMO0000000,,37,,11,3,,,B
338388721,2022-01-06T15:39:04,47.65146,-122.32350,0.0,360.0,511.0,PURA VIDA,IMO0000000,,37,,11,3,,,B
338388721,2022-01-06T16:09:24,47.65148,-122.32351,0.0,360.0,511.0,PURA VIDA,IMO0000000,,37,,11,3,,,B
338388721,2022-01-06T15:03:17,47.65155,-122.32350,0.0,360.0,511.0,PURA VIDA,IMO0000000,,37,,11,3,,,B
338388721,2022-01-06T15:44:55,47.65148,-122.32349,0.0,360.0,511.0,PURA VIDA,IMO0000000,,37,,11,3,,,B
338388721,2022-01-06T12:50:55,47.65151,-122.32347,0.0,360.0,511.0,PURA VIDA,IMO0000000,,37,,11,3,,,B
338388721,2022-01-06T15:57:25,47.65147,-122.32349,0.1,360.0,511.0,PURA VIDA,IMO0000000,,37,,11,3,,,B
338388721,2022-01-06T16:06:16,47.65149,-122.32351,0.0,360.0,511.0,PURA VIDA,IMO0000000,,37,,11,3,,,B
338388721,2022-01-06T16:12:29,47.65149,-122.32354,0.0,360.0,511.0,PURA VIDA,IMO0000000,,37,,11,3,,,B
338388721,2022-01-06T16:39:01,47.65149,-122.32354,0.3,360.0,511.0,PURA VIDA,IMO0000000,,37,,11,3,,,B
338388721,2022-01-06T16:35:59,47.65146,-122.32352,0.0,360.0,511.0,PURA VIDA,IMO0000000,,37,,11,3,,,B
338388721,2022-01-06T16:17:58,47.65142,-122.32352,0.1,360.0,511.0,PURA VIDA,IMO0000000,,37,,11,3,,,B
338388721,2022-01-06T15:36:10,47.65146,-122.32348,0.0,360.0,511.0,PURA VIDA,IMO0000000,,37,,11,3,,,B
338388721,2022-01-06T12:57:29,47.65154,-122.32350,0.1,360.0,511.0,PURA VIDA,IMO0000000,,37,,11,3,,,B
338388721,2022-01-06T16:57:29,47.65148,-122.32351,0.0,360.0,511.0,PURA VIDA,IMO0000000,,37,,11,3,,,B
338388721,2022-01-06T17:03:08,47.65152,-122.32357,0.1,360.0,511.0,PURA VIDA,IMO0000000,,37,,11,3,,,B
338388721,2022-01-06T13:27:14,47.65150,-122.32348,0.0,360.0,511.0,PURA VIDA,IMO0000000,,37,,11,3,,,B
338388721,2022-01-06T16:44:55,47.65151,-122.32352,0.2,360.0,511.0,PURA VIDA,IMO0000000,,37,,11,3,,,B
338388721,2022-01-06T13:39:25,47.65152,-122.32351,0.0,360.0,511.0,PURA VIDA,IMO0000000,,37,,11,3,,,B
338388721,2022-01-06T16:47:59,47.65152,-122.32352,0.0,360.0,511.0,PURA VIDA,IMO0000000,,37,,11,3,,,B
338388721,2022-01-06T13:21:09,47.65155,-122.32350,0.0,360.0,511.0,PURA VIDA,IMO0000000,,37,,11,3,,,B
338388721,2022-01-06T17:09:25,47.65148,-122.32352,0.0,360.0,511.0,PURA VIDA,IMO0000000,,37,,11,3,,,B
338388721,2022-01-06T17:27:03,47.65149,-122.32361,0.4,360.0,511.0,PURA VIDA,IMO0000000,,37,,11,3,,,B
338388721,2022-01-06T17:30:00,47.65157,-122.32362,0.3,360.0,511.0,PURA VIDA,IMO0000000,,37,,11,3,,,B
338388721,2022-01-06T17:32:58,47.65147,-122.32359,0.1,360.0,511.0,PURA VIDA,IMO0000000,,37,,11,3,,,B
338388721,2022-01-06T17:36:22,47.65146,-122.32360,0.1,360.0,511.0,PURA VIDA,IMO0000000,,37,,11,3,,,B
338388721,2022-01-06T17:39:17,47.65152,-122.32357,0.0,360.0,511.0,PURA VIDA,IMO0000000,,37,,11,3,,,B
338388721,2022-01-06T14:06:29,47.65147,-122.32348,0.1,360.0,511.0,PURA VIDA,IMO0000000,,37,,11,3,,,B
338388721,2022-01-06T17:51:06,47.65149,-122.32355,0.0,360.0,511.0,PURA VIDA,IMO0000000,,37,,11,3,,,B
338388721,2022-01-06T17:18:25,47.65146,-122.32353,0.1,360.0,511.0,PURA VIDA,IMO0000000,,37,,11,3,,,B
338388721,2022-01-06T14:54:15,47.65151,-122.32345,0.1,360.0,511.0,PURA VIDA,IMO0000000,,37,,11,3,,,B
338388721,2022-01-06T18:39:07,47.65146,-122.32353,0.0,360.0,511.0,PURA VIDA,IMO0000000,,37,,11,3,,,B
338388721,2022-01-06T19:12:29,47.65146,-122.32358,0.0,360.0,511.0,PURA VIDA,IMO0000000,,37,,11,3,,,B
338388721,2022-01-06T18:42:05,47.65145,-122.32352,0.1,360.0,511.0,PURA VIDA,IMO0000000,,37,,11,3,,,B
338388721,2022-01-06T14:57:27,47.65151,-122.32346,0.1,360.0,511.0,PURA VIDA,IMO0000000,,37,,11,3,,,B
338388721,2022-01-06T19:24:29,47.65149,-122.32354,0.0,360.0,511.0,PURA VIDA,IMO0000000,,37,,11,3,,,B
338388721,2022-01-06T19:37:24,47.65146,-122.32352,0.1,360.0,511.0,PURA VIDA,IMO0000000,,37,,11,3,,,B
338388721,2022-01-06T19:39:20,47.65149,-122.32352,0.0,360.0,511.0,PURA VIDA,IMO0000000,,37,,11,3,,,B
338388721,2022-01-06T19:06:06,47.65142,-122.32352,0.0,360.0,511.0,PURA VIDA,IMO0000000,,37,,11,3,,,B
338388721,2022-01-06T19:09:29,47.65147,-122.32353,0.0,360.0,511.0,PURA VIDA,IMO0000000,,37,,11,3,,,B
338388721,2022-01-06T18:59:58,47.65143,-122.32351,0.1,360.0,511.0,PURA VIDA,IMO0000000,,37,,11,3,,,B
338388721,2022-01-06T15:09:13,47.65152,-122.32349,0.0,360.0,511.0,PURA VIDA,IMO0000000,,37,,11,3,,,B
338388721,2022-01-06T18:24:05,47.65145,-122.32350,0.0,360.0,511.0,PURA VIDA,IMO0000000,,37,,11,3,,,B
338388721,2022-01-06T15:41:59,47.65144,-122.32346,0.0,360.0,511.0,PURA VIDA,IMO0000000,,37,,11,3,,,B
338388721,2022-01-06T19:43:49,47.65149,-122.32347,0.0,360.0,511.0,PURA VIDA,IMO0000000,,37,,11,3,,,B
338388721,2022-01-06T19:21:25,47.65145,-122.32350,0.0,360.0,511.0,PURA VIDA,IMO0000000,,37,,11,3,,,B
338388721,2022-01-06T18:36:27,47.65146,-122.32352,0.0,360.0,511.0,PURA VIDA,IMO0000000,,37,,11,3,,,B
338388721,2022-01-06T20:03:40,47.65144,-122.32351,0.0,360.0,511.0,PURA VIDA,IMO0000000,,37,,11,3,,,B
338388721,2022-01-06T15:26:58,47.65148,-122.32348,0.1,360.0,511.0,PURA VIDA,IMO0000000,,37,,11,3,,,B
338388721,2022-01-06T18:45:04,47.65144,-122.32350,0.0,360.0,511.0,PURA VIDA,IMO0000000,,37,,11,3,,,B
338388721,2022-01-06T19:03:16,47.65145,-122.32353,0.0,360.0,511.0,PURA VIDA,IMO0000000,,37,,11,3,,,B
338388721,2022-01-06T19:49:36,47.65146,-122.32344,0.0,360.0,511.0,PURA VIDA,IMO0000000,,37,,11,3,,,B
338388721,2022-01-06T20:01:36,47.65146,-122.32353,0.1,360.0,511.0,PURA VIDA,IMO0000000,,37,,11,3,,,B
338388721,2022-01-06T20:07:46,47.65146,-122.32350,0.1,360.0,511.0,PURA VIDA,IMO0000000,,37,,11,3,,,B
338388721,2022-01-06T20:49:35,47.65148,-122.32344,0.0,360.0,511.0,PURA VIDA,IMO0000000,,37,,11,3,,,B
338388721,2022-01-06T20:45:52,47.65147,-122.32346,0.0,360.0,511.0,PURA VIDA,IMO0000000,,37,,11,3,,,B
338388721,2022-01-06T19:28:07,47.65148,-122.32353,0.0,360.0,511.0,PURA VIDA,IMO0000000,,37,,11,3,,,B
338388721,2022-01-06T20:27:24,47.65141,-122.32355,0.0,360.0,511.0,PURA VIDA,IMO0000000,,37,,11,3,,,B
338388721,2022-01-06T20:25:48,47.65139,-122.32354,0.2,360.0,511.0,PURA VIDA,IMO0000000,,37,,11,3,,,B
338388721,2022-01-06T21:09:27,47.65144,-122.32354,0.3,360.0,511.0,PURA VIDA,IMO0000000,,37,,11,3,,,B
338388721,2022-01-06T16:21:12,47.65141,-122.32352,0.0,360.0,511.0,PURA VIDA,IMO0000000,,37,,11,3,,,B
338388721,2022-01-06T20:43:28,47.65142,-122.32349,0.0,360.0,511.0,PURA VIDA,IMO0000000,,37,,11,3,,,B
338388721,2022-01-06T21:01:17,47.65149,-122.32345,0.1,360.0,511.0,PURA VIDA,IMO0000000,,37,,11,3,,,B
338388721,2022-01-06T20:51:20,47.65147,-122.32345,0.0,360.0,511.0,PURA VIDA,IMO0000000,,37,,11,3,,,B
338388721,2022-01-06T20:55:25,47.65151,-122.32346,0.0,360.0,511.0,PURA VIDA,IMO0000000,,37,,11,3,,,B
338388721,2022-01-06T16:32:54,47.65145,-122.32353,0.1,360.0,511.0,PURA VIDA,IMO0000000,,37,,11,3,,,B
338388721,2022-01-06T20:15:24,47.65143,-122.32349,0.1,360.0,511.0,PURA VIDA,IMO0000000,,37,,11,3,,,B
338388721,2022-01-06T21:39:30,47.65144,-122.32346,0.0,360.0,511.0,PURA VIDA,IMO0000000,,37,,11,3,,,B
338388721,2022-01-06T21:21:46,47.65149,-122.32351,0.1,360.0,511.0,PURA VIDA,IMO0000000,,37,,11,3,,,B
338388721,2022-01-06T17:20:55,47.65149,-122.32357,0.0,360.0,511.0,PURA VIDA,IMO0000000,,37,,11,3,,,B
338388721,2022-01-06T21:15:47,47.65147,-122.32348,0.0,360.0,511.0,PURA VIDA,IMO0000000,,37,,11,3,,,B
338388721,2022-01-06T21:19:51,47.65149,-122.32351,0.0,360.0,511.0,PURA VIDA,IMO0000000,,37,,11,3,,,B
338388721,2022-01-06T22:07:34,47.65151,-122.32341,0.0,360.0,511.0,PURA VIDA,IMO0000000,,37,,11,3,,,B
338388721,2022-01-06T21:57:48,47.65150,-122.32339,0.0,360.0,511.0,PURA VIDA,IMO0000000,,37,,11,3,,,B
338388721,2022-01-06T21:33:34,47.65144,-122.32349,0.0,360.0,511.0,PURA VIDA,IMO0000000,,37,,11,3,,,B
338388721,2022-01-06T21:37:38,47.65143,-122.32338,0.1,360.0,511.0,PURA VIDA,IMO0000000,,37,,11,3,,,B
338388721,2022-01-06T17:05:55,47.65150,-122.32352,0.0,360.0,511.0,PURA VIDA,IMO0000000,,37,,11,3,,,B
338388721,2022-01-06T22:19:17,47.65144,-122.32350,0.1,360.0,511.0,PURA VIDA,IMO0000000,,37,,11,3,,,B
338388721,2022-01-06T21:45:47,47.65147,-122.32339,0.0,360.0,511.0,PURA VIDA,IMO0000000,,37,,11,3,,,B
338388721,2022-01-06T22:21:18,47.65147,-122.32343,0.0,360.0,511.0,PURA VIDA,IMO0000000,,37,,11,3,,,B
338388721,2022-01-06T22:01:39,47.65151,-122.32336,0.0,360.0,511.0,PURA VIDA,IMO0000000,,37,,11,3,,,B
338388721,2022-01-06T18:12:15,47.65149,-122.32350,0.0,360.0,511.0,PURA VIDA,IMO0000000,,37,,11,3,,,B
338388721,2022-01-06T18:18:06,47.65147,-122.32352,0.0,360.0,511.0,PURA VIDA,IMO0000000,,37,,11,3,,,B
338388721,2022-01-06T17:24:30,47.65149,-122.32364,0.1,360.0,511.0,PURA VIDA,IMO0000000,,37,,11,3,,,B
338388721,2022-01-06T21:25:45,47.65146,-122.32354,0.0,360.0,511.0,PURA VIDA,IMO0000000,,37,,11,3,,,B
338388721,2022-01-06T22:51:33,47.65149,-122.32350,0.1,360.0,511.0,PURA VIDA,IMO0000000,,37,,11,3,,,B
338388721,2022-01-06T23:03:30,47.65155,-122.32355,0.0,360.0,511.0,PURA VIDA,IMO0000000,,37,,11,3,,,B
338388721,2022-01-06T23:01:47,47.65152,-122.32351,0.1,360.0,511.0,PURA VIDA,IMO0000000,,37,,11,3,,,B
338388721,2022-01-06T22:43:48,47.65146,-122.32347,0.0,360.0,511.0,PURA VIDA,IMO0000000,,37,,11,3,,,B
338388721,2022-01-06T23:21:43,47.65151,-122.32339,0.1,360.0,511.0,PURA VIDA,IMO0000000,,37,,11,3,,,B
338388721,2022-01-06T22:55:49,47.65151,-122.32350,0.0,360.0,511.0,PURA VIDA,IMO0000000,,37,,11,3,,,B
338388721,2022-01-06T23:25:42,47.65149,-122.32342,0.0,360.0,511.0,PURA VIDA,IMO0000000,,37,,11,3,,,B
338388721,2022-01-06T17:54:19,47.65150,-122.32354,0.2,360.0,511.0,PURA VIDA,IMO0000000,,37,,11,3,,,B
338388721,2022-01-06T23:49:26,47.65151,-122.32348,0.0,360.0,511.0,PURA VIDA,IMO0000000,,37,,11,3,,,B
338388721,2022-01-06T23:51:27,47.65151,-122.32346,0.0,360.0,511.0,PURA VIDA,IMO0000000,,37,,11,3,,,B
338388721,2022-01-06T23:09:23,47.65154,-122.32344,0.2,360.0,511.0,PURA VIDA,IMO0000000,,37,,11,3,,,B
338388721,2022-01-06T18:21:01,47.65149,-122.32351,0.0,360.0,511.0,PURA VIDA,IMO0000000,,37,,11,3,,,B
338388721,2022-01-06T22:37:27,47.65146,-122.32353,0.0,360.0,511.0,PURA VIDA,IMO0000000,,37,,11,3,,,B
338388721,2022-01-06T23:37:49,47.65149,-122.32346,0.1,360.0,511.0,PURA VIDA,IMO0000000,,37,,11,3,,,B
338388721,2022-01-06T22:39:22,47.65145,-122.32351,0.1,360.0,511.0,PURA VIDA,IMO0000000,,37,,11,3,,,B
338388721,2022-01-06T22:49:30,47.65143,-122.32344,0.0,360.0,511.0,PURA VIDA,IMO0000000,,37,,11,3,,,B
338388721,2022-01-06T18:57:04,47.65143,-122.32350,0.1,360.0,511.0,PURA VIDA,IMO0000000,,37,,11,3,,,B
338388721,2022-01-06T19:18:26,47.65148,-122.32346,0.0,360.0,511.0,PURA VIDA,IMO0000000,,37,,11,3,,,B
338388721,2022-01-06T23:43:25,47.65147,-122.32349,0.0,360.0,511.0,PURA VIDA,IMO0000000,,37,,11,3,,,B
338388721,2022-01-06T19:51:34,47.65147,-122.32347,0.0,360.0,511.0,PURA VIDA,IMO0000000,,37,,11,3,,,B
338388721,2022-01-06T20:19:31,47.65143,-122.32348,0.1,360.0,511.0,PURA VIDA,IMO0000000,,37,,11,3,,,B
338388721,2022-01-06T21:31:29,47.65143,-122.32346,0.0,360.0,511.0,PURA VIDA,IMO0000000,,37,,11,3,,,B
338388721,2022-01-06T21:03:22,47.65149,-122.32349,0.1,360.0,511.0,PURA VIDA,IMO0000000,,37,,11,3,,,B
338388721,2022-01-06T21:13:25,47.65138,-122.32355,0.0,360.0,511.0,PURA VIDA,IMO0000000,,37,,11,3,,,B
338388721,2022-01-06T21:49:48,47.65152,-122.32346,0.1,360.0,511.0,PURA VIDA,IMO0000000,,37,,11,3,,,B
338388721,2022-01-06T22:09:43,47.65151,-122.32342,0.1,360.0,511.0,PURA VIDA,IMO0000000,,37,,11,3,,,B
338388721,2022-01-06T22:13:47,47.65149,-122.32346,0.1,360.0,511.0,PURA VIDA,IMO0000000,,37,,11,3,,,B
338388721,2022-01-06T23:15:46,47.65152,-122.32344,0.3,360.0,511.0,PURA VIDA,IMO0000000,,37,,11,3,,,B
338388721,2022-01-06T23:19:26,47.65152,-122.32343,0.0,360.0,511.0,PURA VIDA,IMO0000000,,37,,11,3,,,B
338388721,2022-01-06T23:39:49,47.65147,-122.32347,0.0,360.0,511.0,PURA VIDA,IMO0000000,,37,,11,3,,,B
