367168000,2022-01-03T16:13:49,48.75650,-122.49808,0.0,185.1,294.0,BLUE MANTA,,WDM7277,60,15,22,8,0.0,0,A
367168000,2022-01-03T16:14:50,48.75649,-122.49808,0.0,190.6,294.0,BLUE MANTA,,WDM7277,60,15,22,8,0.0,0,A
367168000,2022-01-03T15:56:28,48.75649,-122.49808,0.0,343.4,294.0,BLUE MANTA,,WDM7277,60,15,22,8,1.9,60,A
367168000,2022-01-03T16:21:49,48.75649,-122.49808,0.0,180.4,294.0,BLUE MANTA,,WDM7277,60,15,22,8,0.0,0,A
367168000,2022-01-03T16:01:19,48.75650,-122.49809,0.0,301.0,294.0,BLUE MANTA,,WDM7277,60,15,22,8,0.0,0,A
367168000,2022-01-03T16:02:30,48.75651,-122.49810,0.0,148.4,294.0,BLUE MANTA,,WDM7277,60,15,22,8,0.0,0,A
367168000,2022-01-03T16:27:49,48.75648,-122.49807,0.0,151.6,295.0,BLUE MANTA,,WDM7277,60,15,22,8,0.0,0,A
367168000,2022-01-03T16:30:20,48.75649,-122.49808,0.0,104.3,295.0,BLUE MANTA,,WDM7277,60,15,22,8,0.0,0,A
367168000,2022-01-03T16:32:39,48.75648,-122.49808,0.0,47.1,295.0,BLUE MANTA,,WDM7277,60,15,22,8,0.0,0,A
367168000,2022-01-03T16:08:08,48.75649,-122.49807,0.0,152.7,294.0,BLUE MANTA,,WDM7277,60,15,22,8,0.0,0,A
367168000,2022-01-03T16:09:19,48.75650,-122.49809,0.0,11.4,294.0,BLUE MANTA,,WDM7277,60,15,22,8,0.0,0,A
367168000,2022-01-03T15:57:29,48.75650,-122.49808,0.0,184.6,293.0,BLUE MANTA,,WDM7277,60,15,22,8,0.0,0,A
367168000,2022-01-03T15:58:38,48.75649,-122.49809,0.0,358.5,294.0,BLUE MANTA,,WDM7277,60,15,22,8,0.0,0,A
367168000,2022-01-03T16:12:39,48.75650,-122.49808,0.0,233.3,294.0,BLUE MANTA,,WDM7277,60,15,22,8,0.0,0,A
367168000,2022-01-03T16:17:09,48.75650,-122.49808,0.0,85.7,294.0,BLUE MANTA,,WDM7277,60,15,22,8,0.0,0,A
367168000,2022-01-03T16:18:19,48.75649,-122.49808,0.0,193.9,294.0,BLUE MANTA,,WDM7277,60,15,22,8,0.0,0,A
367168000,2022-01-03T16:06:59,48.75648,-122.49807,0.0,136.5,294.0,BLUE MANTA,,WDM7277,60,15,22,8,0.0,0,A
367168000,2022-01-03T16:20:39,48.75649,-122.49807,0.0,179.4,294.0,BLUE MANTA,,WDM7277,60,15,22,8,0.0,0,A
367168000,2022-01-03T16:03:38,48.75649,-122.49807,0.0,197.8,294.0,BLUE MANTA,,WDM7277,60,15,22,8,0.0,0,A
367168000,2022-01-03T17:03:40,48.75648,-122.49807,0.0,308.3,295.0,BLUE MANTA,,WDM7277,60,15,22,8,0.0,0,A
367168000,2022-01-03T16:19:30,48.75648,-122.49807,0.0,147.2,293.0,BLUE MANTA,,WDM7277,60,15,22,8,0.0,0,A
367168000,2022-01-03T16:11:29,48.75650,-122.49807,0.0,328.5,295.0,BLUE MANTA,,WDM7277,60,15,22,8,0.0,0,A
367168000,2022-01-03T16:04:39,48.75648,-122.49808,0.0,175.6,295.0,BLUE MANTA,,WDM7277,60,15,22,8,0.0,0,A
367168000,2022-01-03T16:05:49,48.75650,-122.49808,0.0,159.0,294.0,BLUE MANTA,,WDM7277,60,15,22,8,0.0,0,A
367168000,2022-01-03T17:07:10,48.75648,-122.49807,0.0,252.1,295.0,BLUE MANTA,,WDM7277,60,15,22,8,0.0,0,A
367168000,2022-01-03T16:15:59,48.75648,-122.49808,0.0,246.6,294.0,BLUE MANTA,,WDM7277,60,15,22,8,0.0,0,A
367168000,2022-01-03T16:42:09,48.75649,-122.49808,0.0,63.0,295.0,BLUE MANTA,,WDM7277,60,15,22,8,0.0,0,A
367168000,2022-01-03T16:10:20,48.75650,-122.49808,0.0,193.0,294.0,BLUE MANTA,,WDM7277,60,15,22,8,0.0,0,A
367168000,2022-01-03T16:47:50,48.75649,-122.49808,0.0,24.7,296.0,BLUE MANTA,,WDM7277,60,15,22,8,0.0,0,A
367168000,2022-01-03T16:29:08,48.75649,-122.49808,0.0,163.6,295.0,BLUE MANTA,,WDM7277,60,15,22,8,0.0,0,A
367168000,2022-01-03T16:25:20,48.75650,-122.49807,0.0,179.3,294.0,BLUE MANTA,,WDM7277,60,15,22,8,0.0,0,A
367168000,2022-01-03T16:31:29,48.75649,-122.49807,0.0,167.5,295.0,BLUE MANTA,,WDM7277,60,15,22,8,0.0,0,A
367168000,2022-01-03T16:36:09,48.75649,-122.49808,0.0,158.9,295.0,BLUE MANTA,,WDM7277,60,15,22,8,0.0,0,A
367168000,2022-01-03T16:38:29,48.75649,-122.49807,0.0,40.8,295.0,BLUE MANTA,,WDM7277,60,15,22,8,0.0,0,A
367168000,2022-01-03T16:40:49,48.75649,-122.49808,0.0,201.6,295.0,BLUE MANTA,,WDM7277,60,15,22,8,0.0,0,A
367168000,2022-01-03T17:27:29,48.75650,-122.49807,0.0,77.7,295.0,BLUE MANTA,,WDM7277,60,15,22,8,0.0,0,A
367168000,2022-01-03T17:29:31,48.75649,-122.49807,0.0,179.2,295.0,BLUE MANTA,,WDM7277,60,15,22,8,0.0,0,A
367168000,2022-01-03T17:05:59,48.75649,-122.49807,0.0,199.1,295.0,BLUE MANTA,,WDM7277,60,15,22,8,0.0,0,A
367168000,2022-01-03T17:08:19,48.75649,-122.49807,0.0,276.1,294.0,BLUE MANTA,,WDM7277,60,15,22,8,0.0,0,A
367168000,2022-01-03T16:50:00,48.75649,-122.49807,0.0,150.2,295.0,BLUE MANTA,,WDM7277,60,15,22,8,0.0,0,A
367168000,2022-01-03T16:26:30,48.75648,-122.49807,0.0,30.3,295.0,BLUE MANTA,,WDM7277,60,15,22,8,0.0,0,A
367168000,2022-01-03T16:46:49,48.75649,-122.49808,0.0,5.0,295.0,BLUE MANTA,,WDM7277,60,15,22,8,0.0,0,A
367168000,2022-01-03T16:52:19,48.75648,-122.49807,0.0,251.9,295.0,BLUE MANTA,,WDM7277,60,15,22,8,0.0,0,A
367168000,2022-01-03T16:39:39,48.75648,-122.49807,0.0,2.7,296.0,BLUE MANTA,,WDM7277,60,15,22,8,0.0,0,A
367168000,2022-01-03T17:43:19,48.75650,-122.49807,0.0,6.4,294.0,BLUE MANTA,,WDM7277,60,15,22,8,0.0,0,A
367168000,2022-01-03T16:48:59,48.75649,-122.49808,0.0,14.5,295.0,BLUE MANTA,,WDM7277,60,15,22,8,0.0,0,A
367168000,2022-01-03T16:33:40,48.75648,-122.49807,0.0,133.2,295.0,BLUE MANTA,,WDM7277,60,15,22,8,0.0,0,A
367168000,2022-01-03T16:55:49,48.75648,-122.49808,0.0,354.8,295.0,BLUE MANTA,,WDM7277,60,15,22,8,0.0,0,A
367168000,2022-01-03T17:12:49,48.75649,-122.49807,0.0,209.8,295.0,BLUE MANTA,,WDM7277,60,15,22,8,0.0,0,A
367168000,2022-01-03T17:14:00,48.75649,-122.49807,0.0,194.2,295.0,BLUE MANTA,,WDM7277,60,15,22,8,0.0,0,A
367168000,2022-01-03T16:56:59,48.75648,-122.49807,0.0,215.0,295.0,BLUE MANTA,,WDM7277,60,15,22,8,0.0,0,A
367168000,2022-01-03T16:37:19,48.75648,-122.49808,0.0,87.9,295.0,BLUE MANTA,,WDM7277,60,15,22,8,0.0,0,A
367168000,2022-01-03T16:45:39,48.75648,-122.49808,0.0,195.6,295.0,BLUE MANTA,,WDM7277,60,15,22,8,0.0,0,A
367168000,2022-01-03T17:52:30,48.75650,-122.49807,0.0,148.3,295.0,BLUE MANTA,,WDM7277,60,15,22,8,0.0,0,A
367168000,2022-01-03T16:43:20,48.75649,-122.49808,0.0,351.1,295.0,BLUE MANTA,,WDM7277,60,15,22,8,0.0,0,A
367168000,2022-01-03T17:04:49,48.75649,-122.49807,0.0,254.0,294.0,BLUE MANTA,,WDM7277,60,15,22,8,0.0,0,A
367168000,2022-01-03T16:44:27,48.75648,-122.49808,0.1,10.7,296.0,BLUE MANTA,,WDM7277,60,15,22,8,0.0,0,A
367168000,2022-01-03T17:01:29,48.75649,-122.49807,0.0,282.4,295.0,BLUE MANTA,,WDM7277,60,15,22,8,0.0,0,A
367168000,2022-01-03T16:51:09,48.75649,-122.49808,0.0,56.2,295.0,BLUE MANTA,,WDM7277,60,15,22,8,0.0,0,A
367168000,2022-01-03T17:09:30,48.75649,-122.49807,0.0,183.7,294.0,BLUE MANTA,,WDM7277,60,15,22,8,0.0,0,A
367168000,2022-01-03T17:15:09,48.75649,-122.49807,0.0,206.7,294.0,BLUE MANTA,,WDM7277,60,15,22,8,0.0,0,A
367168000,2022-01-03T16:53:30,48.75649,-122.49808,0.0,323.8,295.0,BLUE MANTA,,WDM7277,60,15,22,8,0.0,0,A
367168000,2022-01-03T17:10:39,48.75649,-122.49807,0.0,186.5,294.0,BLUE MANTA,,WDM7277,60,15,22,8,0.0,0,A
367168000,2022-01-03T17:20:39,48.75650,-122.49808,0.0,193.7,294.0,BLUE MANTA,,WDM7277,60,15,22,8,0.0,0,A
367168000,2022-01-03T16:59:19,48.75648,-122.49808,0.0,298.8,294.0,BLUE MANTA,,WDM7277,60,15,22,8,0.0,0,A
367168000,2022-01-03T17:00:08,48.75648,-122.49808,0.0,241.4,294.0,BLUE MANTA,,WDM7277,60,15,22,8,0.0,0,A
367168000,2022-01-03T17:25:09,48.75650,-122.49807,0.0,146.8,294.0,BLUE MANTA,,WDM7277,60,15,22,8,0.0,0,A
367168000,2022-01-03T17:22:49,48.75650,-122.49807,0.0,18.4,294.0,BLUE MANTA,,WDM7277,60,15,22,8,0.0,0,A
367168000,2022-01-03T17:11:40,48.75649,-122.49807,0.0,186.0,295.0,BLUE MANTA,,WDM7277,60,15,22,8,0.0,0,A
367168000,2022-01-03T17:34:09,48.75650,-122.49807,0.0,347.1,294.0,BLUE MANTA,,WDM7277,60,15,22,8,0.0,0,A
367168000,2022-01-03T17:31:50,48.75651,-122.49807,0.0,206.7,293.0,BLUE MANTA,,WDM7277,60,15,22,8,0.0,0,A
367168000,2022-01-03T18:22:29,48.75651,-122.49808,0.0,352.3,296.0,BLUE MANTA,,WDM7277,60,15,22,8,0.0,0,A
367168000,2022-01-03T17:19:38,48.75649,-122.49808,0.0,201.2,294.0,BLUE MANTA,,WDM7277,60,15,22,8,0.0,0,A
367168000,2022-01-03T18:28:00,48.75650,-122.49806,0.0,207.2,296.0,BLUE MANTA,,WDM7277,60,15,22,8,0.0,0,A
367168000,2022-01-03T17:42:09,48.75651,-122.49807,0.0,23.6,294.0,BLUE MANTA,,WDM7277,60,15,22,8,0.0,0,A
367168000,2022-01-03T17:17:20,48.75649,-122.49807,0.0,10.5,295.0,BLUE MANTA,,WDM7277,60,15,22,8,0.0,0,A
367168000,2022-01-03T17:56:00,48.75651,-122.49807,0.0,50.1,295.0,BLUE MANTA,,WDM7277,60,15,22,8,0.0,0,A
367168000,2022-01-03T17:26:20,48.75649,-122.49807,0.0,167.9,294.0,BLUE MANTA,,WDM7277,60,15,22,8,0.0,0,A
367168000,2022-01-03T18:34:08,48.75650,-122.49808,0.0,340.8,296.0,BLUE MANTA,,WDM7277,60,15,22,8,0.0,0,A
367168000,2022-01-03T17:28:30,48.75651,-122.49807,0.0,254.3,294.0,BLUE MANTA,,WDM7277,60,15,22,8,0.0,0,A
367168000,2022-01-03T17:58:19,48.75651,-122.49806,0.0,169.8,295.0,BLUE MANTA,,WDM7277,60,15,22,8,0.0,0,A
367168000,2022-01-03T18:38:39,48.75650,-122.49807,0.0,188.8,295.0,BLUE MANTA,,WDM7277,60,15,22,8,0.0,0,A
367168000,2022-01-03T17:44:30,48.75650,-122.49807,0.0,346.7,294.0,BLUE MANTA,,WDM7277,60,15,22,8,0.0,0,A
367168000,2022-01-03T17:54:48,48.75650,-122.49808,0.0,359.1,295.0,BLUE MANTA,,WDM7277,60,15,22,8,0.0,0,A
367168000,2022-01-03T18:46:49,48.75650,-122.49807,0.0,268.6,296.0,BLUE MANTA,,WDM7277,60,15,22,8,0.0,0,A
367168000,2022-01-03T17:49:00,48.75650,-122.49807,0.0,4.4,295.0,BLUE MANTA,,WDM7277,60,15,22,8,0.0,0,A
367168000,2022-01-03T17:32:59,48.75650,-122.49807,0.0,229.8,293.0,BLUE MANTA,,WDM7277,60,15,22,8,0.0,0,A
367168000,2022-01-03T17:35:20,48.75650,-122.49807,0.0,14.3,294.0,BLUE MANTA,,WDM7277,60,15,22,8,0.0,0,A
367168000,2022-01-03T18:01:08,48.75650,-122.49807,0.0,4.6,296.0,BLUE MANTA,,WDM7277,60,15,22,8,0.0,0,A
367168000,2022-01-03T18:03:19,48.75651,-122.49808,0.0,251.8,295.0,BLUE MANTA,,WDM7277,60,15,22,8,0.0,0,A
367168000,2022-01-03T17:38:39,48.75651,-122.49807,0.0,183.6,294.0,BLUE MANTA,,WDM7277,60,15,22,8,0.0,0,A
367168000,2022-01-03T17:45:39,48.75650,-122.49808,0.0,43.4,295.0,BLUE MANTA,,WDM7277,60,15,22,8,0.0,0,A
367168000,2022-01-03T17:46:48,48.75650,-122.49808,0.0,221.2,295.0,BLUE MANTA,,WDM7277,60,15,22,8,0.0,0,A
367168000,2022-01-03T18:05:39,48.75651,-122.49807,0.0,207.1,296.0,BLUE MANTA,,WDM7277,60,15,22,8,0.0,0,A
367168000,2022-01-03T17:47:49,48.75650,-122.49808,0.0,26.2,296.0,BLUE MANTA,,WDM7277,60,15,22,8,0.0,0,A
367168000,2022-01-03T17:57:09,48.75650,-122.49808,0.0,170.9,295.0,BLUE MANTA,,WDM7277,60,15,22,8,0.0,0,A
367168000,2022-01-03T17:40:59,48.75651,-122.49807,0.0,351.3,294.0,BLUE MANTA,,WDM7277,60,15,22,8,0.0,0,A
367168000,2022-01-03T18:07:59,48.75650,-122.49807,0.0,163.8,296.0,BLUE MANTA,,WDM7277,60,15,22,8,0.0,0,A
367168000,2022-01-03T18:59:30,48.75649,-122.49807,0.0,331.7,295.0,BLUE MANTA,,WDM7277,60,15,22,8,0.0,0,A
367168000,2022-01-03T17:50:09,48.75650,-122.49807,0.0,189.1,295.0,BLUE MANTA,,WDM7277,60,15,22,8,0.0,0,A
367168000,2022-01-03T19:02:30,48.75650,-122.49808,0.0,278.4,295.0,BLUE MANTA,,WDM7277,60,15,22,8,0.0,0,A
367168000,2022-01-03T18:02:09,48.75650,-122.49806,0.0,157.5,295.0,BLUE MANTA,,WDM7277,60,15,22,8,0.0,0,A
367168000,2022-01-03T17:53:40,48.75649,-122.49808,0.0,191.2,295.0,BLUE MANTA,,WDM7277,60,15,22,8,0.0,0,A
367168000,2022-01-03T18:15:58,48.75650,-122.49807,0.0,194.1,295.0,BLUE MANTA,,WDM7277,60,15,22,8,0.0,0,A
367168000,2022-01-03T18:00:04,48.75650,-122.49807,0.0,358.2,296.0,BLUE MANTA,,WDM7277,60,15,22,8,0.0,0,A
367168000,2022-01-03T19:12:39,48.75649,-122.49808,0.0,196.6,295.0,BLUE MANTA,,WDM7277,60,15,22,8,0.0,0,A
367168000,2022-01-03T18:26:49,48.75649,-122.49808,0.0,17.5,296.0,BLUE MANTA,,WDM7277,60,15,22,8,0.0,0,A
367168000,2022-01-03T18:04:29,48.75650,-122.49807,0.0,176.3,296.0,BLUE MANTA,,WDM7277,60,15,22,8,0.0,0,A
367168000,2022-01-03T18:31:49,48.75651,-122.49806,0.0,359.8,296.0,BLUE MANTA,,WDM7277,60,15,22,8,0.0,0,A
367168000,2022-01-03T18:09:00,48.75650,-122.49808,0.0,201.7,295.0,BLUE MANTA,,WDM7277,60,15,22,8,0.0,0,A
367168000,2022-01-03T18:11:20,48.75651,-122.49806,0.0,295.3,295.0,BLUE MANTA,,WDM7277,60,15,22,8,0.0,0,A
367168000,2022-01-03T18:06:49,48.75651,-122.49807,0.0,187.2,295.0,BLUE MANTA,,WDM7277,60,15,22,8,0.0,0,A
367168000,2022-01-03T18:43:20,48.75650,-122.49808,0.0,225.2,296.0,BLUE MANTA,,WDM7277,60,15,22,8,0.0,0,A
367168000,2022-01-03T18:44:29,48.75650,-122.49807,0.0,223.9,295.0,BLUE MANTA,,WDM7277,60,15,22,8,0.0,0,A
367168000,2022-01-03T18:45:39,48.75651,-122.49808,0.0,159.9,296.0,BLUE MANTA,,WDM7277,60,15,22,8,0.0,0,A
367168000,2022-01-03T18:16:59,48.75650,-122.49807,0.0,296.8,295.0,BLUE MANTA,,WDM7277,60,15,22,8,0.0,0,A
367168000,2022-01-03T18:10:09,48.75651,-122.49806,0.0,1.5,296.0,BLUE MANTA,,WDM7277,60,15,22,8,0.0,0,A
367168000,2022-01-03T18:21:20,48.75650,-122.49807,0.0,181.2,295.0,BLUE MANTA,,WDM7277,60,15,22,8,0.0,0,A
367168000,2022-01-03T18:19:02,48.75650,-122.49807,0.0,352.4,296.0,BLUE MANTA,,WDM7277,60,15,22,8,0.0,0,A
367168000,2022-01-03T18:14:49,48.75650,-122.49808,0.0,109.5,295.0,BLUE MANTA,,WDM7277,60,15,22,8,0.0,0,A
367168000,2022-01-03T18:40:49,48.75650,-122.49807,0.0,235.0,296.0,BLUE MANTA,,WDM7277,60,15,22,8,0.0,0,A
367168000,2022-01-03T18:18:00,48.75651,-122.49807,0.0,180.0,296.0,BLUE MANTA,,WDM7277,60,15,22,8,0.0,0,A
367168000,2022-01-03T18:25:41,48.75650,-122.49807,0.0,187.4,296.0,BLUE MANTA,,WDM7277,60,15,22,8,0.0,0,A
367168000,2022-01-03T19:42:49,48.75650,-122.49808,0.0,284.9,293.0,BLUE MANTA,,WDM7277,60,15,22,8,0.0,0,A
367168000,2022-01-03T18:23:39,48.75651,-122.49808,0.0,189.2,296.0,BLUE MANTA,,WDM7277,60,15,22,8,0.0,0,A
367168000,2022-01-03T18:24:40,48.75651,-122.49807,0.0,193.7,296.0,BLUE MANTA,,WDM7277,60,15,22,8,0.0,0,A
367168000,2022-01-03T18:52:30,48.75651,-122.49807,0.0,280.7,295.0,BLUE MANTA,,WDM7277,60,15,22,8,0.0,0,A
367168000,2022-01-03T18:49:09,48.75650,-122.49808,0.0,237.6,295.0,BLUE MANTA,,WDM7277,60,15,22,8,0.0,0,A
367168000,2022-01-03T18:36:22,48.75650,-122.49808,0.0,226.1,296.0,BLUE MANTA,,WDM7277,60,15,22,8,0.0,0,A
367168000,2022-01-03T18:37:30,48.75650,-122.49806,0.0,202.1,296.0,BLUE MANTA,,WDM7277,60,15,22,8,0.0,0,A
367168000,2022-01-03T19:49:29,48.75650,-122.49809,0.0,43.9,293.0,BLUE MANTA,,WDM7277,60,15,22,8,0.0,0,A
367168000,2022-01-03T18:29:08,48.75650,-122.49808,0.0,192.0,296.0,BLUE MANTA,,WDM7277,60,15,22,8,0.0,0,A
367168000,2022-01-03T19:06:58,48.75649,-122.49807,0.0,5.0,295.0,BLUE MANTA,,WDM7277,60,15,22,8,0.0,0,A
367168000,2022-01-03T18:42:09,48.75650,-122.49807,0.0,304.0,296.0,BLUE MANTA,,WDM7277,60,15,22,8,0.0,0,A
367168000,2022-01-03T19:10:28,48.75649,-122.49807,0.0,183.0,294.0,BLUE MANTA,,WDM7277,60,15,22,8,0.0,0,A
367168000,2022-01-03T19:57:30,48.75649,-122.49808,0.0,158.3,292.0,BLUE MANTA,,WDM7277,60,15,22,8,0.0,0,A
367168000,2022-01-03T19:01:20,48.75649,-122.49807,0.0,323.0,295.0,BLUE MANTA,,WDM7277,60,15,22,8,0.0,0,A
367168000,2022-01-03T19:04:39,48.75650,-122.49806,0.0,346.5,295.0,BLUE MANTA,,WDM7277,60,15,22,8,0.0,0,A
367168000,2022-01-03T19:13:49,48.75649,-122.49808,0.0,253.4,295.0,BLUE MANTA,,WDM7277,60,15,22,8,0.0,0,A
367168000,2022-01-03T18:48:00,48.75650,-122.49806,0.0,237.2,296.0,BLUE MANTA,,WDM7277,60,15,22,8,0.0,0,A
367168000,2022-01-03T19:08:09,48.75649,-122.49807,0.0,184.5,294.0,BLUE MANTA,,WDM7277,60,15,22,8,0.0,0,A
367168000,2022-01-03T19:03:38,48.75649,-122.49807,0.0,223.2,295.0,BLUE MANTA,,WDM7277,60,15,22,8,0.0,0,A
367168000,2022-01-03T18:53:39,48.75650,-122.49808,0.0,328.3,295.0,BLUE MANTA,,WDM7277,60,15,22,8,0.0,0,A
367168000,2022-01-03T19:21:49,48.75650,-122.49808,0.0,119.1,295.0,BLUE MANTA,,WDM7277,60,15,22,8,0.0,0,A
367168000,2022-01-03T18:55:58,48.75649,-122.49808,0.0,279.0,295.0,BLUE MANTA,,WDM7277,60,15,22,8,0.0,0,A
367168000,2022-01-03T18:50:18,48.75651,-122.49807,0.0,328.4,295.0,BLUE MANTA,,WDM7277,60,15,22,8,0.0,0,A
367168000,2022-01-03T18:58:20,48.75649,-122.49807,0.0,168.6,295.0,BLUE MANTA,,WDM7277,60,15,22,8,0.0,0,A
367168000,2022-01-03T18:57:09,48.75649,-122.49807,0.0,143.9,295.0,BLUE MANTA,,WDM7277,60,15,22,8,0.0,0,A
367168000,2022-01-03T20:11:28,48.75649,-122.49807,0.0,183.2,294.0,BLUE MANTA,,WDM7277,60,15,22,8,0.0,0,A
367168000,2022-01-03T19:25:19,48.75650,-122.49808,0.0,213.9,295.0,BLUE MANTA,,WDM7277,60,15,22,8,0.0,0,A
367168000,2022-01-03T18:54:50,48.75650,-122.49807,0.0,223.2,295.0,BLUE MANTA,,WDM7277,60,15,22,8,0.0,0,A
367168000,2022-01-03T19:17:10,48.75650,-122.49808,0.0,175.6,294.0,BLUE MANTA,,WDM7277,60,15,22,8,0.0,0,A
367168000,2022-01-03T19:29:59,48.75649,-122.49808,0.0,195.0,294.0,BLUE MANTA,,WDM7277,60,15,22,8,0.0,0,A
367168000,2022-01-03T19:20:39,48.75650,-122.49806,0.0,190.1,294.0,BLUE MANTA,,WDM7277,60,15,22,8,0.0,0,A
367168000,2022-01-03T20:16:09,48.75650,-122.49808,0.0,48.7,294.0,BLUE MANTA,,WDM7277,60,15,22,8,0.0,0,A
367168000,2022-01-03T19:05:49,48.75649,-122.49806,0.0,337.1,294.0,BLUE MANTA,,WDM7277,60,15,22,8,0.0,0,A
367168000,2022-01-03T19:09:19,48.75649,-122.49806,0.0,329.1,294.0,BLUE MANTA,,WDM7277,60,15,22,8,0.0,0,A
367168000,2022-01-03T19:27:38,48.75650,-122.49808,0.0,301.6,295.0,BLUE MANTA,,WDM7277,60,15,22,8,0.0,0,A
367168000,2022-01-03T19:11:29,48.75650,-122.49807,0.0,191.0,295.0,BLUE MANTA,,WDM7277,60,15,22,8,0.0,0,A
367168000,2022-01-03T20:25:18,48.75648,-122.49807,0.0,190.4,295.0,BLUE MANTA,,WDM7277,60,15,22,8,0.0,0,A
367168000,2022-01-03T19:38:09,48.75650,-122.49807,0.0,155.9,293.0,BLUE MANTA,,WDM7277,60,15,22,8,0.0,0,A
367168000,2022-01-03T19:46:10,48.75650,-122.49807,0.0,313.0,293.0,BLUE MANTA,,WDM7277,60,15,22,8,0.0,0,A
367168000,2022-01-03T19:16:09,48.75649,-122.49809,0.0,342.2,294.0,BLUE MANTA,,WDM7277,60,15,22,8,0.0,0,A
367168000,2022-01-03T19:19:38,48.75649,-122.49808,0.0,213.8,294.0,BLUE MANTA,,WDM7277,60,15,22,8,0.0,0,A
367168000,2022-01-03T19:18:29,48.75650,-122.49808,0.0,193.8,294.0,BLUE MANTA,,WDM7277,60,15,22,8,0.0,0,A
367168000,2022-01-03T20:31:09,48.75649,-122.49807,0.0,346.7,295.0,BLUE MANTA,,WDM7277,60,15,22,8,0.0,0,A
367168000,2022-01-03T19:41:39,48.75650,-122.49809,0.0,354.6,294.0,BLUE MANTA,,WDM7277,60,15,22,8,0.0,0,A
367168000,2022-01-03T19:51:48,48.75649,-122.49807,0.0,87.2,292.0,BLUE MANTA,,WDM7277,60,15,22,8,0.0,0,A
367168000,2022-01-03T19:24:09,48.75650,-122.49807,0.0,195.3,294.0,BLUE MANTA,,WDM7277,60,15,22,8,0.0,0,A
367168000,2022-01-03T19:23:00,48.75650,-122.49808,0.0,188.7,295.0,BLUE MANTA,,WDM7277,60,15,22,8,0.0,0,A
367168000,2022-01-03T19:26:29,48.75650,-122.49808,0.0,211.2,294.0,BLUE MANTA,,WDM7277,60,15,22,8,0.0,0,A
367168000,2022-01-03T19:50:39,48.75649,-122.49808,0.0,160.5,293.0,BLUE MANTA,,WDM7277,60,15,22,8,0.0,0,A
367168000,2022-01-03T20:44:39,48.75649,-122.49807,0.0,281.7,296.0,BLUE MANTA,,WDM7277,60,15,22,8,0.0,0,A
367168000,2022-01-03T19:34:20,48.75650,-122.49807,0.0,129.2,294.0,BLUE MANTA,,WDM7277,60,15,22,8,0.0,0,A
367168000,2022-01-03T19:54:09,48.75649,-122.49809,0.0,15.1,292.0,BLUE MANTA,,WDM7277,60,15,22,8,0.0,0,A
367168000,2022-01-03T19:56:29,48.75649,-122.49808,0.0,68.8,292.0,BLUE MANTA,,WDM7277,60,15,22,8,0.0,0,A
367168000,2022-01-03T19:35:49,48.75649,-122.49808,0.0,110.7,294.0,BLUE MANTA,,WDM7277,60,15,22,8,0.0,0,A
367168000,2022-01-03T20:50:20,48.75649,-122.49807,0.0,295.6,294.0,BLUE MANTA,,WDM7277,60,15,22,8,0.0,0,A
367168000,2022-01-03T19:55:19,48.75649,-122.49809,0.0,221.5,293.0,BLUE MANTA,,WDM7277,60,15,22,8,0.0,0,A
367168000,2022-01-03T19:37:00,48.75650,-122.49808,0.0,337.6,294.0,BLUE MANTA,,WDM7277,60,15,22,8,0.0,0,A
367168000,2022-01-03T20:10:20,48.75649,-122.49807,0.0,40.5,294.0,BLUE MANTA,,WDM7277,60,15,22,8,0.0,0,A
367168000,2022-01-03T20:01:09,48.75649,-122.49808,0.0,7.3,293.0,BLUE MANTA,,WDM7277,60,15,22,8,0.0,0,A
367168000,2022-01-03T19:39:19,48.75650,-122.49807,0.0,148.5,293.0,BLUE MANTA,,WDM7277,60,15,22,8,0.0,0,A
367168000,2022-01-03T19:59:50,48.75649,-122.49807,0.0,358.2,293.0,BLUE MANTA,,WDM7277,60,15,22,8,0.0,0,A
367168000,2022-01-03T19:59:59,48.75650,-122.49808,0.0,303.5,293.0,BLUE MANTA,,WDM7277,60,15,22,8,0.0,0,A
367168000,2022-01-03T20:03:30,48.75649,-122.49807,0.0,336.4,294.0,BLUE MANTA,,WDM7277,60,15,22,8,0.0,0,A
367168000,2022-01-03T19:45:09,48.75650,-122.49806,0.0,298.5,293.0,BLUE MANTA,,WDM7277,60,15,22,8,0.0,0,A
367168000,2022-01-03T20:07:58,48.75649,-122.49809,0.0,3.1,294.0,BLUE MANTA,,WDM7277,60,15,22,8,0.0,0,A
367168000,2022-01-03T20:20:39,48.75649,-122.49807,0.0,236.8,295.0,BLUE MANTA,,WDM7277,60,15,22,8,0.0,0,A
367168000,2022-01-03T20:04:39,48.75650,-122.49807,0.0,282.1,293.0,BLUE MANTA,,WDM7277,60,15,22,8,0.0,0,A
367168000,2022-01-03T20:12:40,48.75650,-122.49808,0.0,161.9,294.0,BLUE MANTA,,WDM7277,60,15,22,8,0.0,0,A
367168000,2022-01-03T19:48:23,48.75650,-122.49808,0.0,180.2,293.0,BLUE MANTA,,WDM7277,60,15,22,8,0.0,0,A
367168000,2022-01-03T20:30:00,48.75649,-122.49808,0.0,356.8,296.0,BLUE MANTA,,WDM7277,60,15,22,8,0.0,0,A
367168000,2022-01-03T19:52:59,48.75649,-122.49808,0.0,84.5,293.0,BLUE MANTA,,WDM7277,60,15,22,8,0.0,0,A
367168000,2022-01-03T21:12:49,48.75648,-122.49807,0.0,212.9,294.0,BLUE MANTA,,WDM7277,60,15,22,8,0.0,0,A
367168000,2022-01-03T19:58:39,48.75650,-122.49808,0.0,0.8,292.0,BLUE MANTA,,WDM7277,60,15,22,8,0.0,0,A
367168000,2022-01-03T20:05:40,48.75649,-122.49808,0.0,174.2,293.0,BLUE MANTA,,WDM7277,60,15,22,8,0.0,0,A
367168000,2022-01-03T20:21:50,48.75649,-122.49808,0.0,2.3,294.0,BLUE MANTA,,WDM7277,60,15,22,8,0.0,0,A
367168000,2022-01-03T20:09:10,48.75649,-122.49808,0.0,187.0,294.0,BLUE MANTA,,WDM7277,60,15,22,8,0.0,0,A
367168000,2022-01-03T20:14:59,48.75649,-122.49807,0.0,247.9,294.0,BLUE MANTA,,WDM7277,60,15,22,8,0.0,0,A
367168000,2022-01-03T20:28:49,48.75649,-122.49808,0.0,161.3,296.0,BLUE MANTA,,WDM7277,60,15,22,8,0.0,0,A
367168000,2022-01-03T20:46:50,48.75649,-122.49807,0.0,7.2,296.0,BLUE MANTA,,WDM7277,60,15,22,8,0.0,0,A
367168000,2022-01-03T20:17:20,48.75648,-122.49807,0.0,177.5,295.0,BLUE MANTA,,WDM7277,60,15,22,8,0.0,0,A
367168000,2022-01-03T21:29:29,48.75649,-122.49806,0.0,161.5,293.0,BLUE MANTA,,WDM7277,60,15,22,8,0.0,0,A
367168000,2022-01-03T20:33:28,48.75649,-122.49808,0.0,267.0,296.0,BLUE MANTA,,WDM7277,60,15,22,8,0.0,0,A
367168000,2022-01-03T21:31:49,48.75650,-122.49807,0.0,176.3,293.0,BLUE MANTA,,WDM7277,60,15,22,8,0.0,0,A
367168000,2022-01-03T20:51:29,48.75649,-122.49807,0.0,242.6,294.0,BLUE MANTA,,WDM7277,60,15,22,8,0.0,0,A
367168000,2022-01-03T20:38:59,48.75649,-122.49808,0.0,48.0,295.0,BLUE MANTA,,WDM7277,60,15,22,8,0.0,0,A
367168000,2022-01-03T20:27:40,48.75649,-122.49809,0.0,191.6,295.0,BLUE MANTA,,WDM7277,60,15,22,8,0.0,0,A
367168000,2022-01-03T20:18:29,48.75648,-122.49808,0.0,276.2,294.0,BLUE MANTA,,WDM7277,60,15,22,8,0.0,0,A
367168000,2022-01-03T21:39:19,48.75650,-122.49808,0.0,180.0,294.0,BLUE MANTA,,WDM7277,60,15,22,8,0.0,0,A
367168000,2022-01-03T20:24:10,48.75649,-122.49807,0.0,229.9,295.0,BLUE MANTA,,WDM7277,60,15,22,8,0.0,0,A
367168000,2022-01-03T21:45:09,48.75648,-122.49807,0.0,303.4,293.0,BLUE MANTA,,WDM7277,60,15,22,8,0.0,0,A
367168000,2022-01-03T20:34:29,48.75649,-122.49809,0.0,2.8,296.0,BLUE MANTA,,WDM7277,60,15,22,8,0.0,0,A
367168000,2022-01-03T20:36:40,48.75650,-122.49807,0.0,304.0,295.0,BLUE MANTA,,WDM7277,60,15,22,8,0.0,0,A
367168000,2022-01-03T20:26:29,48.75649,-122.49808,0.0,235.7,295.0,BLUE MANTA,,WDM7277,60,15,22,8,0.0,0,A
367168000,2022-01-03T21:46:19,48.75650,-122.49806,0.0,271.4,292.0,BLUE MANTA,,WDM7277,60,15,22,8,0.0,0,A
367168000,2022-01-03T20:35:39,48.75649,-122.49809,0.0,341.3,295.0,BLUE MANTA,,WDM7277,60,15,22,8,0.0,0,A
367168000,2022-01-03T20:53:48,48.75649,-122.49807,0.0,270.9,295.0,BLUE MANTA,,WDM7277,60,15,22,8,0.0,0,A
367168000,2022-01-03T20:54:49,48.75650,-122.49808,0.0,295.7,295.0,BLUE MANTA,,WDM7277,60,15,22,8,0.0,0,A
367168000,2022-01-03T20:41:19,48.75649,-122.49808,0.0,209.4,295.0,BLUE MANTA,,WDM7277,60,15,22,8,0.0,0,A
367168000,2022-01-03T21:49:49,48.75650,-122.49808,0.0,345.4,293.0,BLUE MANTA,,WDM7277,60,15,22,8,0.0,0,A
367168000,2022-01-03T21:10:30,48.75648,-122.49807,0.0,268.0,294.0,BLUE MANTA,,WDM7277,60,15,22,8,0.0,0,A
367168000,2022-01-03T20:42:30,48.75649,-122.49808,0.0,217.3,295.0,BLUE MANTA,,WDM7277,60,15,22,8,0.0,0,A
367168000,2022-01-03T20:56:00,48.75649,-122.49807,0.0,224.5,296.0,BLUE MANTA,,WDM7277,60,15,22,8,0.0,0,A
367168000,2022-01-03T20:57:09,48.75648,-122.49807,0.0,207.6,295.0,BLUE MANTA,,WDM7277,60,15,22,8,0.0,0,A
367168000,2022-01-03T20:43:38,48.75649,-122.49808,0.0,304.8,295.0,BLUE MANTA,,WDM7277,60,15,22,8,0.0,0,A
367168000,2022-01-03T20:58:20,48.75648,-122.49806,0.0,230.1,295.0,BLUE MANTA,,WDM7277,60,15,22,8,0.0,0,A
367168000,2022-01-03T21:54:30,48.75648,-122.49808,0.0,330.3,294.0,BLUE MANTA,,WDM7277,60,15,22,8,0.0,0,A
367168000,2022-01-03T21:00:08,48.75649,-122.49807,0.0,214.6,295.0,BLUE MANTA,,WDM7277,60,15,22,8,0.0,0,A
367168000,2022-01-03T21:02:20,48.75649,-122.49807,0.0,188.8,295.0,BLUE MANTA,,WDM7277,60,15,22,8,0.0,0,A
367168000,2022-01-03T20:48:00,48.75650,-122.49807,0.0,209.5,296.0,BLUE MANTA,,WDM7277,60,15,22,8,0.0,0,A
367168000,2022-01-03T20:37:50,48.75648,-122.49807,0.0,319.9,295.0,BLUE MANTA,,WDM7277,60,15,22,8,0.0,0,A
367168000,2022-01-03T21:22:19,48.75650,-122.49807,0.0,249.1,294.0,BLUE MANTA,,WDM7277,60,15,22,8,0.0,0,A
367168000,2022-01-03T21:08:10,48.75649,-122.49807,0.0,270.6,294.0,BLUE MANTA,,WDM7277,60,15,22,8,0.0,0,A
367168000,2022-01-03T21:13:58,48.75649,-122.49807,0.0,268.1,295.0,BLUE MANTA,,WDM7277,60,15,22,8,0.0,0,A
367168000,2022-01-03T21:28:20,48.75648,-122.49807,0.0,207.7,294.0,BLUE MANTA,,WDM7277,60,15,22,8,0.0,0,A
367168000,2022-01-03T21:32:58,48.75649,-122.49808,0.0,271.6,294.0,BLUE MANTA,,WDM7277,60,15,22,8,0.0,0,A
367168000,2022-01-03T21:07:09,48.75649,-122.49808,0.0,197.2,294.0,BLUE MANTA,,WDM7277,60,15,22,8,0.0,0,A
367168000,2022-01-03T21:19:58,48.75649,-122.49807,0.0,222.5,294.0,BLUE MANTA,,WDM7277,60,15,22,8,0.0,0,A
367168000,2022-01-03T21:21:00,48.75649,-122.49808,0.0,310.1,294.0,BLUE MANTA,,WDM7277,60,15,22,8,0.0,0,A
367168000,2022-01-03T21:09:19,48.75649,-122.49808,0.0,54.3,294.0,BLUE MANTA,,WDM7277,60,15,22,8,0.0,0,A
367168000,2022-01-03T22:20:20,48.75648,-122.49808,0.0,335.6,296.0,BLUE MANTA,,WDM7277,60,15,22,8,0.0,0,A
367168000,2022-01-03T21:11:38,48.75649,-122.49807,0.0,3.5,294.0,BLUE MANTA,,WDM7277,60,15,22,8,0.0,0,A
367168000,2022-01-03T21:06:00,48.75649,-122.49807,0.0,12.8,294.0,BLUE MANTA,,WDM7277,60,15,22,8,0.0,0,A
367168000,2022-01-03T21:17:40,48.75648,-122.49808,0.0,194.6,294.0,BLUE MANTA,,WDM7277,60,15,22,8,0.0,0,A
367168000,2022-01-03T21:18:49,48.75649,-122.49808,0.0,261.1,294.0,BLUE MANTA,,WDM7277,60,15,22,8,0.0,0,A
367168000,2022-01-03T21:16:19,48.75650,-122.49807,0.0,299.8,295.0,BLUE MANTA,,WDM7277,60,15,22,8,0.0,0,A
367168000,2022-01-03T21:50:59,48.75650,-122.49809,0.0,310.4,293.0,BLUE MANTA,,WDM7277,60,15,22,8,0.0,0,A
367168000,2022-01-03T21:23:30,48.75649,-122.49807,0.0,341.8,295.0,BLUE MANTA,,WDM7277,60,15,22,8,0.0,0,A
367168000,2022-01-03T21:24:39,48.75649,-122.49807,0.0,157.3,294.0,BLUE MANTA,,WDM7277,60,15,22,8,0.0,0,A
367168000,2022-01-03T22:32:59,48.75648,-122.49807,0.0,21.1,293.0,BLUE MANTA,,WDM7277,60,15,22,8,0.0,0,A
367168000,2022-01-03T21:27:00,48.75649,-122.49806,0.0,228.3,294.0,BLUE MANTA,,WDM7277,60,15,22,8,0.0,0,A
367168000,2022-01-03T21:38:09,48.75650,-122.49807,0.0,270.4,293.0,BLUE MANTA,,WDM7277,60,15,22,8,0.0,0,A
367168000,2022-01-03T21:15:09,48.75649,-122.49807,0.0,264.0,295.0,BLUE MANTA,,WDM7277,60,15,22,8,0.0,0,A
367168000,2022-01-03T21:30:39,48.75648,-122.49808,0.0,65.9,294.0,BLUE MANTA,,WDM7277,60,15,22,8,0.0,0,A
367168000,2022-01-03T22:03:20,48.75649,-122.49806,0.0,306.0,294.0,BLUE MANTA,,WDM7277,60,15,22,8,0.0,0,A
367168000,2022-01-03T21:47:29,48.75649,-122.49806,0.0,305.4,293.0,BLUE MANTA,,WDM7277,60,15,22,8,0.0,0,A
367168000,2022-01-03T21:41:39,48.75649,-122.49807,0.0,290.3,294.0,BLUE MANTA,,WDM7277,60,15,22,8,0.0,0,A
367168000,2022-01-03T21:43:59,48.75649,-122.49807,0.0,9.9,294.0,BLUE MANTA,,WDM7277,60,15,22,8,0.0,0,A
367168000,2022-01-03T21:57:59,48.75648,-122.49805,0.0,299.4,294.0,BLUE MANTA,,WDM7277,60,15,22,8,0.0,0,A
367168000,2022-01-03T22:10:59,48.75649,-122.49807,0.0,352.1,295.0,BLUE MANTA,,WDM7277,60,15,22,8,0.0,0,A
367168000,2022-01-03T21:34:09,48.75649,-122.49806,0.0,237.4,294.0,BLUE MANTA,,WDM7277,60,15,22,8,0.0,0,A
367168000,2022-01-03T21:35:19,48.75649,-122.49808,0.0,271.0,293.0,BLUE MANTA,,WDM7277,60,15,22,8,0.0,0,A
367168000,2022-01-03T21:59:59,48.75649,-122.49807,0.0,344.1,294.0,BLUE MANTA,,WDM7277,60,15,22,8,0.0,0,A
367168000,2022-01-03T21:42:49,48.75650,-122.49808,0.0,276.9,294.0,BLUE MANTA,,WDM7277,60,15,22,8,0.0,0,A
367168000,2022-01-03T21:52:09,48.75649,-122.49807,0.0,316.5,293.0,BLUE MANTA,,WDM7277,60,15,22,8,0.0,0,A
367168000,2022-01-03T23:03:30,48.75650,-122.49807,0.0,207.7,293.0,BLUE MANTA,,WDM7277,60,15,22,8,0.0,0,A
367168000,2022-01-03T22:07:40,48.75650,-122.49808,0.0,329.4,295.0,BLUE MANTA,,WDM7277,60,15,22,8,0.0,0,A
367168000,2022-01-03T22:13:20,48.75649,-122.49807,0.0,239.5,294.0,BLUE MANTA,,WDM7277,60,15,22,8,0.0,0,A
367168000,2022-01-03T22:22:39,48.75650,-122.49807,0.0,102.7,294.0,BLUE MANTA,,WDM7277,60,15,22,8,0.0,0,A
367168000,2022-01-03T23:07:00,48.75651,-122.49807,0.0,281.2,293.0,BLUE MANTA,,WDM7277,60,15,22,8,0.0,0,A
367168000,2022-01-03T22:16:59,48.75650,-122.49808,0.0,129.3,295.0,BLUE MANTA,,WDM7277,60,15,22,8,0.0,0,A
367168000,2022-01-03T22:24:49,48.75649,-122.49807,0.0,303.4,294.0,BLUE MANTA,,WDM7277,60,15,22,8,0.0,0,A
367168000,2022-01-03T22:02:19,48.75649,-122.49808,0.0,331.5,294.0,BLUE MANTA,,WDM7277,60,15,22,8,0.0,0,A
367168000,2022-01-03T21:53:19,48.75649,-122.49807,0.0,339.4,293.0,BLUE MANTA,,WDM7277,60,15,22,8,0.0,0,A
367168000,2022-01-03T22:15:49,48.75650,-122.49807,0.0,293.2,295.0,BLUE MANTA,,WDM7277,60,15,22,8,0.0,0,A
367168000,2022-01-03T22:04:28,48.75649,-122.49807,0.0,221.9,294.0,BLUE MANTA,,WDM7277,60,15,22,8,0.0,0,A
367168000,2022-01-03T23:15:19,48.75649,-122.49807,0.0,317.3,294.0,BLUE MANTA,,WDM7277,60,15,22,8,0.0,0,A
367168000,2022-01-03T22:08:49,48.75649,-122.49808,0.0,234.6,295.0,BLUE MANTA,,WDM7277,60,15,22,8,0.0,0,A
367168000,2022-01-03T21:56:50,48.75648,-122.49807,0.0,350.6,294.0,BLUE MANTA,,WDM7277,60,15,22,8,0.0,0,A
367168000,2022-01-03T22:25:59,48.75649,-122.49806,0.0,146.6,293.0,BLUE MANTA,,WDM7277,60,15,22,8,0.0,0,A
367168000,2022-01-03T22:23:40,48.75650,-122.49806,0.0,133.6,294.0,BLUE MANTA,,WDM7277,60,15,22,8,0.0,0,A
367168000,2022-01-03T22:27:10,48.75650,-122.49807,0.0,313.1,294.0,BLUE MANTA,,WDM7277,60,15,22,8,0.0,0,A
367168000,2022-01-03T22:29:20,48.75649,-122.49807,0.0,67.7,294.0,BLUE MANTA,,WDM7277,60,15,22,8,0.0,0,A
367168000,2022-01-03T22:28:19,48.75649,-122.49807,0.0,53.6,294.0,BLUE MANTA,,WDM7277,60,15,22,8,0.0,0,A
367168000,2022-01-03T22:06:39,48.75648,-122.49807,0.0,118.1,295.0,BLUE MANTA,,WDM7277,60,15,22,8,0.0,0,A
367168000,2022-01-03T23:31:30,48.75650,-122.49806,0.0,199.9,294.0,BLUE MANTA,,WDM7277,60,15,22,8,0.0,0,A
367168000,2022-01-03T23:32:38,48.75650,-122.49807,0.0,151.9,293.0,BLUE MANTA,,WDM7277,60,15,22,8,0.0,0,A
367168000,2022-01-03T23:37:29,48.75651,-122.49807,0.0,286.1,294.0,BLUE MANTA,,WDM7277,60,15,22,8,0.0,0,A
367168000,2022-01-03T22:38:39,48.75650,-122.49807,0.0,230.6,293.0,BLUE MANTA,,WDM7277,60,15,22,8,0.0,0,A
367168000,2022-01-03T22:42:08,48.75649,-122.49805,0.0,13.2,293.0,BLUE MANTA,,WDM7277,60,15,22,8,0.0,0,A
367168000,2022-01-03T22:14:29,48.75649,-122.49807,0.0,220.9,295.0,BLUE MANTA,,WDM7277,60,15,22,8,0.0,0,A
367168000,2022-01-03T22:40:59,48.75650,-122.49806,0.0,343.7,293.0,BLUE MANTA,,WDM7277,60,15,22,8,0.0,0,A
367168000,2022-01-03T22:18:08,48.75649,-122.49807,0.0,211.3,295.0,BLUE MANTA,,WDM7277,60,15,22,8,0.0,0,A
367168000,2022-01-03T23:00:00,48.75650,-122.49807,0.0,8.8,293.0,BLUE MANTA,,WDM7277,60,15,22,8,0.0,0,A
367168000,2022-01-03T22:47:59,48.75650,-122.49809,0.0,269.9,292.0,BLUE MANTA,,WDM7277,60,15,22,8,0.0,0,A
367168000,2022-01-03T23:02:19,48.75651,-122.49808,0.0,17.2,293.0,BLUE MANTA,,WDM7277,60,15,22,8,0.0,0,A
367168000,2022-01-03T23:49:49,48.75650,-122.49805,0.0,102.0,294.0,BLUE MANTA,,WDM7277,60,15,22,8,0.0,0,A
367168000,2022-01-03T23:08:09,48.75650,-122.49807,0.0,106.0,294.0,BLUE MANTA,,WDM7277,60,15,22,8,0.0,0,A
367168000,2022-01-03T22:56:09,48.75650,-122.49807,0.0,34.8,293.0,BLUE MANTA,,WDM7277,60,15,22,8,0.0,0,A
367168000,2022-01-03T22:53:49,48.75650,-122.49807,0.0,142.7,293.0,BLUE MANTA,,WDM7277,60,15,22,8,0.0,0,A
367168000,2022-01-03T22:57:19,48.75650,-122.49807,0.0,134.2,292.0,BLUE MANTA,,WDM7277,60,15,22,8,0.0,0,A
367168000,2022-01-03T22:55:00,48.75650,-122.49806,0.0,129.6,293.0,BLUE MANTA,,WDM7277,60,15,22,8,0.0,0,A
367168000,2022-01-03T22:58:28,48.75650,-122.49807,0.0,61.3,292.0,BLUE MANTA,,WDM7277,60,15,22,8,0.0,0,A
367168000,2022-01-03T23:01:09,48.75649,-122.49806,0.0,285.1,293.0,BLUE MANTA,,WDM7277,60,15,22,8,0.0,0,A
367168000,2022-01-03T23:12:59,48.75650,-122.49806,0.0,6.1,294.0,BLUE MANTA,,WDM7277,60,15,22,8,0.0,0,A
367168000,2022-01-03T22:31:49,48.75650,-122.49808,0.0,88.5,294.0,BLUE MANTA,,WDM7277,60,15,22,8,0.0,0,A
367168000,2022-01-03T22:44:30,48.75650,-122.49807,0.0,152.6,292.0,BLUE MANTA,,WDM7277,60,15,22,8,0.0,0,A
367168000,2022-01-03T23:59:09,48.75650,-122.49807,0.0,209.3,294.0,BLUE MANTA,,WDM7277,60,15,22,8,0.0,0,A
367168000,2022-01-03T22:35:20,48.75649,-122.49807,0.0,125.3,293.0,BLUE MANTA,,WDM7277,60,15,22,8,0.0,0,A
367168000,2022-01-03T22:36:28,48.75649,-122.49807,0.0,160.5,293.0,BLUE MANTA,,WDM7277,60,15,22,8,0.0,0,A
367168000,2022-01-03T22:37:29,48.75650,-122.49807,0.0,282.8,293.0,BLUE MANTA,,WDM7277,60,15,22,8,0.0,0,A
367168000,2022-01-03T22:39:50,48.75650,-122.49807,0.0,165.5,293.0,BLUE MANTA,,WDM7277,60,15,22,8,0.0,0,A
367168000,2022-01-03T22:50:19,48.75649,-122.49806,0.0,224.2,293.0,BLUE MANTA,,WDM7277,60,15,22,8,0.0,0,A
367168000,2022-01-03T23:09:20,48.75650,-122.49806,0.0,22.4,294.0,BLUE MANTA,,WDM7277,60,15,22,8,0.0,0,A
367168000,2022-01-03T23:11:39,48.75649,-122.49806,0.0,22.0,294.0,BLUE MANTA,,WDM7277,60,15,22,8,0.0,0,A
367168000,2022-01-03T22:43:20,48.75650,-122.49807,0.0,202.3,293.0,BLUE MANTA,,WDM7277,60,15,22,8,0.0,0,A
367168000,2022-01-03T23:26:49,48.75650,-122.49806,0.0,318.0,293.0,BLUE MANTA,,WDM7277,60,15,22,8,0.0,0,A
367168000,2022-01-03T23:28:18,48.75650,-122.49807,0.0,12.2,294.0,BLUE MANTA,,WDM7277,60,15,22,8,0.0,0,A
367168000,2022-01-03T22:46:50,48.75650,-122.49807,0.0,194.0,292.0,BLUE MANTA,,WDM7277,60,15,22,8,0.0,0,A
367168000,2022-01-03T23:17:39,48.75650,-122.49806,0.0,147.4,293.0,BLUE MANTA,,WDM7277,60,15,22,8,0.0,0,A
367168000,2022-01-03T23:18:50,48.75650,-122.49807,0.0,179.0,294.0,BLUE MANTA,,WDM7277,60,15,22,8,0.0,0,A
367168000,2022-01-03T23:19:59,48.75650,-122.49807,0.0,98.8,294.0,BLUE MANTA,,WDM7277,60,15,22,8,0.0,0,A
367168000,2022-01-03T22:49:09,48.75650,-122.49808,0.0,176.9,293.0,BLUE MANTA,,WDM7277,60,15,22,8,0.0,0,A
367168000,2022-01-03T23:33:39,48.75651,-122.49807,0.0,150.3,293.0,BLUE MANTA,,WDM7277,60,15,22,8,0.0,0,A
367168000,2022-01-03T23:29:19,48.75650,-122.49806,0.0,109.0,293.0,BLUE MANTA,,WDM7277,60,15,22,8,0.0,0,A
367168000,2022-01-03T22:59:39,48.75650,-122.49806,0.0,96.7,293.0,BLUE MANTA,,WDM7277,60,15,22,8,0.0,0,A
367168000,2022-01-03T23:42:10,48.75649,-122.49806,0.0,200.1,293.0,BLUE MANTA,,WDM7277,60,15,22,8,0.0,0,A
367168000,2022-01-03T23:30:20,48.75649,-122.49808,0.0,146.4,294.0,BLUE MANTA,,WDM7277,60,15,22,8,0.0,0,A
367168000,2022-01-03T23:16:30,48.75650,-122.49808,0.0,328.4,294.0,BLUE MANTA,,WDM7277,60,15,22,8,0.0,0,A
367168000,2022-01-03T23:05:50,48.75650,-122.49808,0.0,310.7,293.0,BLUE MANTA,,WDM7277,60,15,22,8,0.0,0,A
367168000,2022-01-03T23:36:19,48.75649,-122.49807,0.0,105.3,294.0,BLUE MANTA,,WDM7277,60,15,22,8,0.0,0,A
367168000,2022-01-03T23:21:10,48.75650,-122.49807,0.0,59.7,293.0,BLUE MANTA,,WDM7277,60,15,22,8,0.0,0,A
367168000,2022-01-03T23:54:29,48.75651,-122.49807,0.0,219.4,294.0,BLUE MANTA,,WDM7277,60,15,22,8,0.0,0,A
367168000,2022-01-03T23:14:10,48.75649,-122.49807,0.0,351.5,294.0,BLUE MANTA,,WDM7277,60,15,22,8,0.0,0,A
367168000,2022-01-03T23:45:10,48.75650,-122.49806,0.0,274.3,294.0,BLUE MANTA,,WDM7277,60,15,22,8,0.0,0,A
367168000,2022-01-03T23:48:40,48.75649,-122.49805,0.0,127.9,294.0,BLUE MANTA,,WDM7277,60,15,22,8,0.0,0,A
367168000,2022-01-03T23:52:09,48.75650,-122.49805,0.0,232.8,294.0,BLUE MANTA,,WDM7277,60,15,22,8,0.0,0,A
367168000,2022-01-03T23:57:50,48.75650,-122.49806,0.0,182.2,294.0,BLUE MANTA,,WDM7277,60,15,22,8,0.0,0,A
367168000,2022-01-03T23:24:39,48.75651,-122.49807,0.0,150.7,293.0,BLUE MANTA,,WDM7277,60,15,22,8,0.0,0,A
367168000,2022-01-03T23:39:49,48.75650,-122.49806,0.0,138.1,294.0,BLUE MANTA,,WDM7277,60,15,22,8,0.0,0,A
367168000,2022-01-03T23:38:39,48.75649,-122.49807,0.0,137.9,294.0,BLUE MANTA,,WDM7277,60,15,22,8,0.0,0,A
367168000,2022-01-03T23:44:00,48.75650,-122.49807,0.0,206.2,294.0,BLUE MANTA,,WDM7277,60,15,22,8,0.0,0,A
367168000,2022-01-03T23:46:20,48.75651,-122.49808,0.0,210.1,293.0,BLUE MANTA,,WDM7277,60,15,22,8,0.0,0,A
367168000,2022-01-03T23:47:29,48.75650,-122.49807,0.0,214.2,294.0,BLUE MANTA,,WDM7277,60,15,22,8,0.0,0,A
367168000,2022-01-03T23:55:40,48.75651,-122.49807,0.0,277.5,294.0,BLUE MANTA,,WDM7277,60,15,22,8,0.0,0,A
367168000,2022-01-03T23:56:49,48.75650,-122.49807,0.0,140.8,294.0,BLUE MANTA,,WDM7277,60,15,22,8,0.0,0,A
367168000,2022-01-03T15:59:50,48.75650,-122.49808,0.0,30.5,294.0,BLUE MANTA,,WDM7277,60,15,22,8,0.0,0,A
367168000,2022-01-03T16:00:09,48.75650,-122.49809,0.0,161.3,293.0,BLUE MANTA,,WDM7277,60,15,22,8,0.0,0,A
367168000,2022-01-03T16:22:59,48.75649,-122.49807,0.0,175.9,294.0,BLUE MANTA,,WDM7277,60,15,22,8,0.0,0,A
367168000,2022-01-03T16:24:09,48.75648,-122.49808,0.0,119.3,294.0,BLUE MANTA,,WDM7277,60,15,22,8,0.0,0,A
367168000,2022-01-03T16:34:50,48.75648,-122.49807,0.0,72.7,295.0,BLUE MANTA,,WDM7277,60,15,22,8,0.0,0,A
367168000,2022-01-03T16:54:39,48.75649,-122.49807,0.0,267.9,295.0,BLUE MANTA,,WDM7277,60,15,22,8,0.0,0,A
367168000,2022-01-03T16:58:09,48.75649,-122.49808,0.0,301.8,294.0,BLUE MANTA,,WDM7277,60,15,22,8,0.0,0,A
367168000,2022-01-03T17:02:39,48.75649,-122.49807,0.0,189.0,294.0,BLUE MANTA,,WDM7277,60,15,22,8,0.0,0,A
367168000,2022-01-03T17:16:19,48.75649,-122.49806,0.0,176.2,294.0,BLUE MANTA,,WDM7277,60,15,22,8,0.0,0,A
367168000,2022-01-03T17:18:30,48.75650,-122.49807,0.0,168.0,295.0,BLUE MANTA,,WDM7277,60,15,22,8,0.0,0,A
367168000,2022-01-03T17:21:40,48.75650,-122.49807,0.0,351.6,294.0,BLUE MANTA,,WDM7277,60,15,22,8,0.0,0,A
367168000,2022-01-03T17:24:00,48.75650,-122.49806,0.0,216.9,294.0,BLUE MANTA,,WDM7277,60,15,22,8,0.0,0,A
367168000,2022-01-03T17:36:29,48.75651,-122.49806,0.0,334.3,294.0,BLUE MANTA,,WDM7277,60,15,22,8,0.0,0,A
367168000,2022-01-03T17:37:30,48.75650,-122.49808,0.0,184.1,295.0,BLUE MANTA,,WDM7277,60,15,22,8,0.0,0,A
367168000,2022-01-03T17:39:48,48.75650,-122.49807,0.0,190.4,295.0,BLUE MANTA,,WDM7277,60,15,22,8,0.0,0,A
367168000,2022-01-03T17:51:20,48.75649,-122.49807,0.0,156.9,295.0,BLUE MANTA,,WDM7277,60,15,22,8,0.0,0,A
367168000,2022-01-03T17:59:30,48.75651,-122.49807,0.0,64.3,295.0,BLUE MANTA,,WDM7277,60,15,22,8,0.0,0,A
367168000,2022-01-03T18:12:28,48.75650,-122.49807,0.0,200.6,295.0,BLUE MANTA,,WDM7277,60,15,22,8,0.0,0,A
367168000,2022-01-03T18:13:30,48.75651,-122.49807,0.0,190.5,296.0,BLUE MANTA,,WDM7277,60,15,22,8,0.0,0,A
367168000,2022-01-03T18:20:09,48.75650,-122.49807,0.0,312.7,296.0,BLUE MANTA,,WDM7277,60,15,22,8,0.0,0,A
367168000,2022-01-03T18:32:59,48.75650,-122.49808,0.0,349.8,295.0,BLUE MANTA,,WDM7277,60,15,22,8,0.0,0,A
367168000,2022-01-03T18:35:19,48.75649,-122.49808,0.0,138.5,296.0,BLUE MANTA,,WDM7277,60,15,22,8,0.0,0,A
367168000,2022-01-03T18:39:48,48.75650,-122.49808,0.0,201.2,296.0,BLUE MANTA,,WDM7277,60,15,22,8,0.0,0,A
367168000,2022-01-03T18:51:19,48.75650,-122.49807,0.0,248.2,295.0,BLUE MANTA,,WDM7277,60,15,22,8,0.0,0,A
367168000,2022-01-03T19:00:09,48.75650,-122.49808,0.0,157.3,295.0,BLUE MANTA,,WDM7277,60,15,22,8,0.0,0,A
367168000,2022-01-03T19:15:00,48.75650,-122.49807,0.0,27.1,295.0,BLUE MANTA,,WDM7277,60,15,22,8,0.0,0,A
367168000,2022-01-03T19:28:49,48.75650,-122.49807,0.0,282.3,294.0,BLUE MANTA,,WDM7277,60,15,22,8,0.0,0,A
367168000,2022-01-03T19:40:30,48.75650,-122.49808,0.0,131.7,294.0,BLUE MANTA,,WDM7277,60,15,22,8,0.0,0,A
367168000,2022-01-03T19:44:00,48.75650,-122.49807,0.0,351.8,293.0,BLUE MANTA,,WDM7277,60,15,22,8,0.0,0,A
367168000,2022-01-03T19:47:20,48.75650,-122.49808,0.0,180.7,293.0,BLUE MANTA,,WDM7277,60,15,22,8,0.0,0,A
367168000,2022-01-03T20:02:19,48.75650,-122.49809,0.0,94.0,293.0,BLUE MANTA,,WDM7277,60,15,22,8,0.0,0,A
367168000,2022-01-03T20:06:48,48.75650,-122.49808,0.0,93.4,294.0,BLUE MANTA,,WDM7277,60,15,22,8,0.0,0,A
367168000,2022-01-03T20:13:49,48.75650,-122.49808,0.0,104.7,294.0,BLUE MANTA,,WDM7277,60,15,22,8,0.0,0,A
367168000,2022-01-03T20:19:30,48.75649,-122.49809,0.0,177.5,294.0,BLUE MANTA,,WDM7277,60,15,22,8,0.0,0,A
367168000,2022-01-03T20:23:00,48.75649,-122.49808,0.0,215.7,294.0,BLUE MANTA,,WDM7277,60,15,22,8,0.0,0,A
367168000,2022-01-03T20:32:19,48.75648,-122.49808,0.0,216.8,296.0,BLUE MANTA,,WDM7277,60,15,22,8,0.0,0,A
367168000,2022-01-03T20:40:10,48.75649,-122.49807,0.0,353.7,295.0,BLUE MANTA,,WDM7277,60,15,22,8,0.0,0,A
367168000,2022-01-03T20:45:49,48.75650,-122.49808,0.0,285.2,296.0,BLUE MANTA,,WDM7277,60,15,22,8,0.0,0,A
367168000,2022-01-03T20:49:10,48.75649,-122.49809,0.0,288.5,295.0,BLUE MANTA,,WDM7277,60,15,22,8,0.0,0,A
367168000,2022-01-03T20:52:39,48.75649,-122.49808,0.0,295.8,295.0,BLUE MANTA,,WDM7277,60,15,22,8,0.0,0,A
367168000,2022-01-03T20:59:29,48.75649,-122.49807,0.0,253.0,295.0,BLUE MANTA,,WDM7277,60,15,22,8,0.0,0,A
367168000,2022-01-03T21:01:09,48.75649,-122.49808,0.0,357.8,295.0,BLUE MANTA,,WDM7277,60,15,22,8,0.0,0,A
367168000,2022-01-03T21:03:29,48.75649,-122.49807,0.0,247.7,294.0,BLUE MANTA,,WDM7277,60,15,22,8,0.0,0,A
367168000,2022-01-03T21:04:48,48.75649,-122.49808,0.0,355.2,294.0,BLUE MANTA,,WDM7277,60,15,22,8,0.0,0,A
367168000,2022-01-03T21:25:49,48.75650,-122.49807,0.0,193.8,295.0,BLUE MANTA,,WDM7277,60,15,22,8,0.0,0,A
367168000,2022-01-03T21:36:49,48.75649,-122.49807,0.0,270.0,293.0,BLUE MANTA,,WDM7277,60,15,22,8,0.0,0,A
367168000,2022-01-03T21:40:29,48.75650,-122.49808,0.0,258.8,294.0,BLUE MANTA,,WDM7277,60,15,22,8,0.0,0,A
367168000,2022-01-03T21:48:39,48.75649,-122.49809,0.0,331.4,293.0,BLUE MANTA,,WDM7277,60,15,22,8,0.0,0,A
367168000,2022-01-03T21:55:39,48.75649,-122.49807,0.0,304.8,294.0,BLUE MANTA,,WDM7277,60,15,22,8,0.0,0,A
367168000,2022-01-03T21:59:09,48.75650,-122.49807,0.0,319.0,294.0,BLUE MANTA,,WDM7277,60,15,22,8,0.0,0,A
367168000,2022-01-03T22:01:09,48.75649,-122.49807,0.0,265.9,294.0,BLUE MANTA,,WDM7277,60,15,22,8,0.0,0,A
367168000,2022-01-03T22:05:29,48.75649,-122.49809,0.0,93.0,295.0,BLUE MANTA,,WDM7277,60,15,22,8,0.0,0,A
367168000,2022-01-03T22:09:50,48.75649,-122.49807,0.0,309.0,295.0,BLUE MANTA,,WDM7277,60,15,22,8,0.0,0,A
367168000,2022-01-03T22:12:10,48.75649,-122.49806,0.0,266.9,295.0,BLUE MANTA,,WDM7277,60,15,22,8,0.0,0,A
367168000,2022-01-03T22:19:09,48.75650,-122.49807,0.0,258.3,296.0,BLUE MANTA,,WDM7277,60,15,22,8,0.0,0,A
367168000,2022-01-03T22:21:29,48.75649,-122.49807,0.0,144.2,295.0,BLUE MANTA,,WDM7277,60,15,22,8,0.0,0,A
367168000,2022-01-03T22:34:09,48.75650,-122.49808,0.0,52.2,294.0,BLUE MANTA,,WDM7277,60,15,22,8,0.0,0,A
367168000,2022-01-03T22:45:40,48.75650,-122.49809,0.0,147.4,292.0,BLUE MANTA,,WDM7277,60,15,22,8,0.0,0,A
367168000,2022-01-03T23:04:39,48.75650,-122.49808,0.0,312.9,293.0,BLUE MANTA,,WDM7277,60,15,22,8,0.0,0,A
367168000,2022-01-03T23:22:20,48.75649,-122.49806,0.0,6.1,293.0,BLUE MANTA,,WDM7277,60,15,22,8,0.0,0,A
367168000,2022-01-03T23:23:29,48.75649,-122.49807,0.0,11.1,294.0,BLUE MANTA,,WDM7277,60,15,22,8,0.0,0,A
367168000,2022-01-03T23:25:40,48.75649,-122.49807,0.0,93.1,293.0,BLUE MANTA,,WDM7277,60,15,22,8,0.0,0,A
367168000,2022-01-03T23:41:00,48.75650,-122.49807,0.0,135.4,294.0,BLUE MANTA,,WDM7277,60,15,22,8,0.0,0,A
367168000,2022-01-03T23:51:00,48.75650,-122.49807,0.0,245.4,294.0,BLUE MANTA,,WDM7277,60,15,22,8,0.0,0,A
367168000,2022-01-03T23:53:19,48.75650,-122.49807,0.0,164.6,294.0,BLUE MANTA,,WDM7277,60,15,22,8,0.0,0,A
367168000,2022-01-04T00:00:09,48.75650,-122.49807,0.0,298.7,294.0,BLUE MANTA,,WDM7277,60,15,22,8,0.0,0,A
367168000,2022-01-04T00:01:19,48.75651,-122.49807,0.0,249.3,294.0,BLUE MANTA,,WDM7277,60,15,22,8,0.0,0,A
367168000,2022-01-04T00:02:30,48.75650,-122.49808,0.0,356.9,295.0,BLUE MANTA,,WDM7277,60,15,22,8,0.0,0,A
367168000,2022-01-04T00:03:38,48.75650,-122.49807,0.0,196.4,295.0,BLUE MANTA,,WDM7277,60,15,22,8,0.0,0,A
367168000,2022-01-04T00:05:49,48.75650,-122.49807,0.0,188.3,294.0,BLUE MANTA,,WDM7277,60,15,22,8,0.0,0,A
367168000,2022-01-04T00:04:40,48.75650,-122.49806,0.0,303.6,295.0,BLUE MANTA,,WDM7277,60,15,22,8,0.0,0,A
367168000,2022-01-04T00:06:59,48.75650,-122.49807,0.0,168.0,295.0,BLUE MANTA,,WDM7277,60,15,22,8,0.0,0,A
367168000,2022-01-04T00:08:09,48.75651,-122.49808,0.0,180.5,295.0,BLUE MANTA,,WDM7277,60,15,22,8,0.0,0,A
367168000,2022-01-04T00:09:19,48.75651,-122.49807,0.0,156.7,295.0,BLUE MANTA,,WDM7277,60,15,22,8,0.0,0,A
367168000,2022-01-04T00:11:29,48.75652,-122.49808,0.0,224.5,295.0,BLUE MANTA,,WDM7277,60,15,22,8,0.0,0,A
367168000,2022-01-04T00:12:38,48.75652,-122.49809,0.0,202.7,296.0,BLUE MANTA,,WDM7277,60,15,22,8,0.0,0,A
367168000,2022-01-04T00:10:20,48.75650,-122.49807,0.0,221.9,294.0,BLUE MANTA,,WDM7277,60,15,22,8,0.0,0,A
367168000,2022-01-04T00:13:39,48.75651,-122.49808,0.0,199.0,295.0,BLUE MANTA,,WDM7277,60,15,22,8,0.0,0,A
367168000,2022-01-04T00:18:10,48.75651,-122.49808,0.0,209.5,295.0,BLUE MANTA,,WDM7277,60,15,22,8,0.0,0,A
367168000,2022-01-04T00:20:29,48.75650,-122.49807,0.0,250.7,296.0,BLUE MANTA,,WDM7277,60,15,22,8,0.0,0,A
367168000,2022-01-04T00:15:49,48.75650,-122.49807,0.0,168.2,295.0,BLUE MANTA,,WDM7277,60,15,22,8,0.0,0,A
367168000,2022-01-04T00:24:00,48.75650,-122.49807,0.0,355.2,296.0,BLUE MANTA,,WDM7277,60,15,22,8,0.0,0,A
367168000,2022-01-04T00:14:40,48.75651,-122.49807,0.0,210.2,295.0,BLUE MANTA,,WDM7277,60,15,22,8,0.0,0,A
367168000,2022-01-04T00:19:18,48.75650,-122.49808,0.0,270.1,295.0,BLUE MANTA,,WDM7277,60,15,22,8,0.0,0,A
367168000,2022-01-04T00:22:50,48.75650,-122.49807,0.0,241.4,295.0,BLUE MANTA,,WDM7277,60,15,22,8,0.0,0,A
367168000,2022-01-04T00:17:00,48.75651,-122.49806,0.0,192.6,295.0,BLUE MANTA,,WDM7277,60,15,22,8,0.0,0,A
367168000,2022-01-04T00:21:40,48.75652,-122.49808,0.0,349.7,295.0,BLUE MANTA,,WDM7277,60,15,22,8,0.0,0,A
367168000,2022-01-04T00:25:09,48.75649,-122.49808,0.0,69.1,296.0,BLUE MANTA,,WDM7277,60,15,22,8,0.0,0,A
367168000,2022-01-04T00:28:40,48.75651,-122.49807,0.0,346.0,295.0,BLUE MANTA,,WDM7277,60,15,22,8,0.0,0,A
367168000,2022-01-04T00:29:49,48.75650,-122.49808,0.0,31.3,295.0,BLUE MANTA,,WDM7277,60,15,22,8,0.0,0,A
367168000,2022-01-04T00:26:19,48.75650,-122.49807,0.0,219.1,295.0,BLUE MANTA,,WDM7277,60,15,22,8,0.0,0,A
367168000,2022-01-04T00:27:28,48.75650,-122.49807,0.0,28.4,295.0,BLUE MANTA,,WDM7277,60,15,22,8,0.0,0,A
367168000,2022-01-04T00:34:20,48.75651,-122.49808,0.0,357.1,295.0,BLUE MANTA,,WDM7277,60,15,22,8,0.0,0,A
367168000,2022-01-04T00:33:09,48.75650,-122.49807,0.0,29.2,295.0,BLUE MANTA,,WDM7277,60,15,22,8,0.0,0,A
367168000,2022-01-04T00:39:29,48.75651,-122.49808,0.0,328.5,295.0,BLUE MANTA,,WDM7277,60,15,22,8,0.0,0,A
367168000,2022-01-04T00:35:29,48.75650,-122.49806,0.0,207.4,295.0,BLUE MANTA,,WDM7277,60,15,22,8,0.0,0,A
367168000,2022-01-04T00:48:39,48.75650,-122.49807,0.0,312.7,295.0,BLUE MANTA,,WDM7277,60,15,22,8,0.0,0,A
367168000,2022-01-04T00:31:00,48.75650,-122.49807,0.0,328.4,295.0,BLUE MANTA,,WDM7277,60,15,22,8,0.0,0,A
367168000,2022-01-04T00:32:01,48.75651,-122.49807,0.0,81.4,295.0,BLUE MANTA,,WDM7277,60,15,22,8,0.0,0,A
367168000,2022-01-04T00:42:49,48.75650,-122.49807,0.0,333.0,295.0,BLUE MANTA,,WDM7277,60,15,22,8,0.0,0,A
367168000,2022-01-04T00:41:40,48.75650,-122.49807,0.0,335.6,295.0,BLUE MANTA,,WDM7277,60,15,22,8,0.0,0,A
367168000,2022-01-04T00:44:00,48.75650,-122.49808,0.0,323.7,295.0,BLUE MANTA,,WDM7277,60,15,22,8,0.0,0,A
367168000,2022-01-04T00:40:39,48.75649,-122.49809,0.0,321.0,295.0,BLUE MANTA,,WDM7277,60,15,22,8,0.0,0,A
367168000,2022-01-04T00:37:10,48.75650,-122.49808,0.0,329.0,295.0,BLUE MANTA,,WDM7277,60,15,22,8,0.0,0,A
367168000,2022-01-04T00:45:09,48.75651,-122.49808,0.0,310.9,295.0,BLUE MANTA,,WDM7277,60,15,22,8,0.0,0,A
367168000,2022-01-04T00:38:19,48.75650,-122.49807,0.0,187.4,295.0,BLUE MANTA,,WDM7277,60,15,22,8,0.0,0,A
367168000,2022-01-04T00:46:18,48.75650,-122.49807,0.0,323.2,295.0,BLUE MANTA,,WDM7277,60,15,22,8,0.0,0,A
367168000,2022-01-04T00:49:49,48.75650,-122.49807,0.0,323.7,295.0,BLUE MANTA,,WDM7277,60,15,22,8,0.0,0,A
367168000,2022-01-04T00:47:30,48.75650,-122.49807,0.0,4.2,295.0,BLUE MANTA,,WDM7277,60,15,22,8,0.0,0,A
367168000,2022-01-04T00:58:00,48.75650,-122.49807,0.0,326.0,295.0,BLUE MANTA,,WDM7277,60,15,22,8,0.0,0,A
367168000,2022-01-04T00:52:00,48.75650,-122.49808,0.0,297.1,295.0,BLUE MANTA,,WDM7277,60,15,22,8,0.0,0,A
367168000,2022-01-04T00:50:59,48.75650,-122.49808,0.0,350.5,295.0,BLUE MANTA,,WDM7277,60,15,22,8,0.0,0,A
367168000,2022-01-04T00:53:09,48.75650,-122.49808,0.0,319.0,295.0,BLUE MANTA,,WDM7277,60,15,22,8,0.0,0,A
367168000,2022-01-04T00:56:48,48.75650,-122.49807,0.0,313.7,295.0,BLUE MANTA,,WDM7277,60,15,22,8,0.0,0,A
367168000,2022-01-04T01:01:19,48.75650,-122.49807,0.0,12.7,294.0,BLUE MANTA,,WDM7277,60,15,22,8,0.0,0,A
367168000,2022-01-04T01:03:39,48.75650,-122.49806,0.0,341.3,295.0,BLUE MANTA,,WDM7277,60,15,22,8,0.0,0,A
367168000,2022-01-04T00:59:09,48.75651,-122.49806,0.0,354.9,295.0,BLUE MANTA,,WDM7277,60,15,22,8,0.0,0,A
367168000,2022-01-04T01:18:29,48.75650,-122.49807,0.0,199.5,295.0,BLUE MANTA,,WDM7277,60,15,22,8,0.0,0,A
367168000,2022-01-04T01:10:19,48.75650,-122.49808,0.0,186.5,295.0,BLUE MANTA,,WDM7277,60,15,22,8,0.0,0,A
367168000,2022-01-04T00:54:30,48.75650,-122.49807,0.0,341.0,295.0,BLUE MANTA,,WDM7277,60,15,22,8,0.0,0,A
367168000,2022-01-04T01:12:39,48.75648,-122.49809,0.0,88.5,295.0,BLUE MANTA,,WDM7277,60,15,22,8,0.0,0,A
367168000,2022-01-04T01:04:48,48.75650,-122.49809,0.0,2.2,295.0,BLUE MANTA,,WDM7277,60,15,22,8,0.0,0,A
367168000,2022-01-04T01:13:49,48.75650,-122.49807,0.0,86.6,295.0,BLUE MANTA,,WDM7277,60,15,22,8,0.0,0,A
367168000,2022-01-04T00:55:39,48.75651,-122.49807,0.0,19.3,295.0,BLUE MANTA,,WDM7277,60,15,22,8,0.0,0,A
367168000,2022-01-04T01:06:59,48.75649,-122.49807,0.0,241.2,295.0,BLUE MANTA,,WDM7277,60,15,22,8,0.0,0,A
367168000,2022-01-04T01:00:08,48.75650,-122.49806,0.0,260.9,294.0,BLUE MANTA,,WDM7277,60,15,22,8,0.0,0,A
367168000,2022-01-04T01:34:49,48.75650,-122.49807,0.0,216.3,295.0,BLUE MANTA,,WDM7277,60,15,22,8,0.0,0,A
367168000,2022-01-04T01:22:09,48.75649,-122.49808,0.0,182.5,295.0,BLUE MANTA,,WDM7277,60,15,22,8,0.0,0,A
367168000,2022-01-04T01:02:30,48.75650,-122.49807,0.0,339.5,295.0,BLUE MANTA,,WDM7277,60,15,22,8,0.0,0,A
367168000,2022-01-04T01:15:00,48.75650,-122.49807,0.0,322.8,295.0,BLUE MANTA,,WDM7277,60,15,22,8,0.0,0,A
367168000,2022-01-04T01:24:29,48.75650,-122.49807,0.0,190.2,296.0,BLUE MANTA,,WDM7277,60,15,22,8,0.0,0,A
367168000,2022-01-04T01:05:58,48.75650,-122.49807,0.0,348.4,295.0,BLUE MANTA,,WDM7277,60,15,22,8,0.0,0,A
367168000,2022-01-04T01:39:29,48.75650,-122.49807,0.0,185.4,294.0,BLUE MANTA,,WDM7277,60,15,22,8,0.0,0,A
367168000,2022-01-04T01:08:09,48.75650,-122.49808,0.0,316.7,295.0,BLUE MANTA,,WDM7277,60,15,22,8,0.0,0,A
367168000,2022-01-04T01:29:00,48.75649,-122.49807,0.0,198.1,296.0,BLUE MANTA,,WDM7277,60,15,22,8,0.0,0,A
367168000,2022-01-04T01:23:19,48.75648,-122.49808,0.0,186.5,296.0,BLUE MANTA,,WDM7277,60,15,22,8,0.0,0,A
367168000,2022-01-04T01:09:10,48.75648,-122.49808,0.0,61.8,295.0,BLUE MANTA,,WDM7277,60,15,22,8,0.0,0,A
367168000,2022-01-04T01:19:39,48.75650,-122.49807,0.0,11.7,295.0,BLUE MANTA,,WDM7277,60,15,22,8,0.0,0,A
367168000,2022-01-04T01:21:00,48.75650,-122.49808,0.0,201.9,295.0,BLUE MANTA,,WDM7277,60,15,22,8,0.0,0,A
367168000,2022-01-04T01:43:00,48.75650,-122.49808,0.0,207.2,294.0,BLUE MANTA,,WDM7277,60,15,22,8,0.0,0,A
367168000,2022-01-04T01:27:50,48.75650,-122.49807,0.0,190.1,295.0,BLUE MANTA,,WDM7277,60,15,22,8,0.0,0,A
367168000,2022-01-04T01:30:09,48.75650,-122.49807,0.0,183.0,295.0,BLUE MANTA,,WDM7277,60,15,22,8,0.0,0,A
367168000,2022-01-04T01:11:29,48.75648,-122.49809,0.0,212.3,295.0,BLUE MANTA,,WDM7277,60,15,22,8,0.0,0,A
367168000,2022-01-04T01:26:49,48.75649,-122.49807,0.0,185.1,295.0,BLUE MANTA,,WDM7277,60,15,22,8,0.0,0,A
367168000,2022-01-04T01:40:38,48.75650,-122.49807,0.0,197.9,294.0,BLUE MANTA,,WDM7277,60,15,22,8,0.0,0,A
367168000,2022-01-04T01:32:30,48.75650,-122.49807,0.0,192.7,294.0,BLUE MANTA,,WDM7277,60,15,22,8,0.0,0,A
367168000,2022-01-04T01:33:39,48.75650,-122.49808,0.0,220.0,295.0,BLUE MANTA,,WDM7277,60,15,22,8,0.0,0,A
367168000,2022-01-04T01:31:20,48.75650,-122.49808,0.0,194.0,295.0,BLUE MANTA,,WDM7277,60,15,22,8,0.0,0,A
367168000,2022-01-04T01:44:08,48.75650,-122.49809,0.0,192.2,294.0,BLUE MANTA,,WDM7277,60,15,22,8,0.0,0,A
367168000,2022-01-04T01:38:19,48.75650,-122.49808,0.0,174.3,295.0,BLUE MANTA,,WDM7277,60,15,22,8,0.0,0,A
367168000,2022-01-04T01:45:09,48.75651,-122.49808,0.0,184.6,294.0,BLUE MANTA,,WDM7277,60,15,22,8,0.0,0,A
367168000,2022-01-04T01:16:09,48.75649,-122.49807,0.0,300.0,295.0,BLUE MANTA,,WDM7277,60,15,22,8,0.0,0,A
367168000,2022-01-04T01:17:19,48.75650,-122.49807,0.0,83.4,295.0,BLUE MANTA,,WDM7277,60,15,22,8,0.0,0,A
367168000,2022-01-04T01:48:39,48.75649,-122.49807,0.0,224.4,294.0,BLUE MANTA,,WDM7277,60,15,22,8,0.0,0,A
367168000,2022-01-04T01:41:49,48.75650,-122.49808,0.0,234.3,295.0,BLUE MANTA,,WDM7277,60,15,22,8,0.0,0,A
367168000,2022-01-04T01:47:29,48.75650,-122.49808,0.0,173.7,294.0,BLUE MANTA,,WDM7277,60,15,22,8,0.0,0,A
367168000,2022-01-04T01:52:09,48.75650,-122.49809,0.0,264.5,293.0,BLUE MANTA,,WDM7277,60,15,22,8,0.0,0,A
367168000,2022-01-04T02:07:18,48.75650,-122.49809,0.0,333.6,293.0,BLUE MANTA,,WDM7277,60,15,22,8,0.0,0,A
367168000,2022-01-04T01:53:19,48.75649,-122.49808,0.0,271.3,293.0,BLUE MANTA,,WDM7277,60,15,22,8,0.0,0,A
367168000,2022-01-04T01:50:59,48.75650,-122.49807,0.0,228.4,294.0,BLUE MANTA,,WDM7277,60,15,22,8,0.0,0,A
367168000,2022-01-04T01:25:30,48.75650,-122.49807,0.0,184.2,295.0,BLUE MANTA,,WDM7277,60,15,22,8,0.0,0,A
367168000,2022-01-04T02:11:59,48.75650,-122.49808,0.0,354.1,294.0,BLUE MANTA,,WDM7277,60,15,22,8,0.0,0,A
367168000,2022-01-04T02:00:09,48.75649,-122.49807,0.0,278.7,293.0,BLUE MANTA,,WDM7277,60,15,22,8,0.0,0,A
367168000,2022-01-04T02:16:29,48.75650,-122.49807,0.0,120.2,294.0,BLUE MANTA,,WDM7277,60,15,22,8,0.0,0,A
367168000,2022-01-04T01:55:40,48.75650,-122.49808,0.0,212.8,294.0,BLUE MANTA,,WDM7277,60,15,22,8,0.0,0,A
367168000,2022-01-04T02:18:39,48.75651,-122.49808,0.0,321.1,295.0,BLUE MANTA,,WDM7277,60,15,22,8,0.0,0,A
367168000,2022-01-04T02:08:29,48.75650,-122.49808,0.0,80.5,293.0,BLUE MANTA,,WDM7277,60,15,22,8,0.0,0,A
367168000,2022-01-04T02:09:38,48.75650,-122.49806,0.0,8.5,293.0,BLUE MANTA,,WDM7277,60,15,22,8,0.0,0,A
367168000,2022-01-04T02:06:09,48.75650,-122.49807,0.0,211.4,293.0,BLUE MANTA,,WDM7277,60,15,22,8,0.0,0,A
367168000,2022-01-04T01:56:49,48.75650,-122.49807,0.0,195.4,294.0,BLUE MANTA,,WDM7277,60,15,22,8,0.0,0,A
367168000,2022-01-04T01:58:59,48.75649,-122.49807,0.0,203.8,294.0,BLUE MANTA,,WDM7277,60,15,22,8,0.0,0,A
367168000,2022-01-04T02:24:29,48.75650,-122.49808,0.0,357.2,295.0,BLUE MANTA,,WDM7277,60,15,22,8,0.0,0,A
367168000,2022-01-04T02:13:00,48.75651,-122.49808,0.0,356.5,294.0,BLUE MANTA,,WDM7277,60,15,22,8,0.0,0,A
367168000,2022-01-04T02:01:20,48.75651,-122.49806,0.0,345.2,293.0,BLUE MANTA,,WDM7277,60,15,22,8,0.0,0,A
367168000,2022-01-04T02:10:49,48.75649,-122.49808,0.0,45.7,294.0,BLUE MANTA,,WDM7277,60,15,22,8,0.0,0,A
367168000,2022-01-04T02:04:59,48.75650,-122.49809,0.0,314.0,293.0,BLUE MANTA,,WDM7277,60,15,22,8,0.0,0,A
367168000,2022-01-04T02:02:30,48.75651,-122.49807,0.0,86.1,293.0,BLUE MANTA,,WDM7277,60,15,22,8,0.0,0,A
367168000,2022-01-04T01:36:00,48.75650,-122.49808,0.0,204.0,295.0,BLUE MANTA,,WDM7277,60,15,22,8,0.0,0,A
367168000,2022-01-04T02:29:00,48.75650,-122.49808,0.0,160.1,294.0,BLUE MANTA,,WDM7277,60,15,22,8,0.0,0,A
367168000,2022-01-04T02:17:30,48.75650,-122.49806,0.0,266.7,295.0,BLUE MANTA,,WDM7277,60,15,22,8,0.0,0,A
367168000,2022-01-04T02:03:50,48.75650,-122.49809,0.0,353.2,293.0,BLUE MANTA,,WDM7277,60,15,22,8,0.0,0,A
367168000,2022-01-04T02:30:10,48.75650,-122.49808,0.0,127.7,294.0,BLUE MANTA,,WDM7277,60,15,22,8,0.0,0,A
367168000,2022-01-04T01:37:09,48.75650,-122.49808,0.0,200.2,295.0,BLUE MANTA,,WDM7277,60,15,22,8,0.0,0,A
367168000,2022-01-04T02:19:49,48.75650,-122.49808,0.0,316.2,295.0,BLUE MANTA,,WDM7277,60,15,22,8,0.0,0,A
367168000,2022-01-04T02:26:40,48.75650,-122.49808,0.0,163.2,295.0,BLUE MANTA,,WDM7277,60,15,22,8,0.0,0,A
367168000,2022-01-04T02:22:00,48.75650,-122.49807,0.0,325.7,294.0,BLUE MANTA,,WDM7277,60,15,22,8,0.0,0,A
367168000,2022-01-04T02:34:48,48.75650,-122.49808,0.0,146.4,294.0,BLUE MANTA,,WDM7277,60,15,22,8,0.0,0,A
367168000,2022-01-04T02:36:59,48.75650,-122.49808,0.0,298.0,295.0,BLUE MANTA,,WDM7277,60,15,22,8,0.0,0,A
367168000,2022-01-04T02:25:30,48.75650,-122.49807,0.0,53.5,295.0,BLUE MANTA,,WDM7277,60,15,22,8,0.0,0,A
367168000,2022-01-04T02:14:10,48.75651,-122.49808,0.0,171.4,293.0,BLUE MANTA,,WDM7277,60,15,22,8,0.0,0,A
367168000,2022-01-04T02:33:38,48.75650,-122.49807,0.0,35.6,295.0,BLUE MANTA,,WDM7277,60,15,22,8,0.0,0,A
367168000,2022-01-04T02:38:10,48.75651,-122.49807,0.0,108.0,295.0,BLUE MANTA,,WDM7277,60,15,22,8,0.0,0,A
367168000,2022-01-04T02:31:20,48.75650,-122.49808,0.0,215.2,295.0,BLUE MANTA,,WDM7277,60,15,22,8,0.0,0,A
367168000,2022-01-04T02:27:49,48.75649,-122.49808,0.0,163.4,295.0,BLUE MANTA,,WDM7277,60,15,22,8,0.0,0,A
367168000,2022-01-04T02:35:49,48.75651,-122.49809,0.0,166.9,294.0,BLUE MANTA,,WDM7277,60,15,22,8,0.0,0,A
367168000,2022-01-04T02:49:50,48.75651,-122.49808,0.0,178.1,297.0,BLUE MANTA,,WDM7277,60,15,22,8,0.0,0,A
367168000,2022-01-04T02:23:19,48.75650,-122.49807,0.0,16.4,294.0,BLUE MANTA,,WDM7277,60,15,22,8,0.0,0,A
367168000,2022-01-04T02:40:30,48.75649,-122.49807,0.0,170.9,294.0,BLUE MANTA,,WDM7277,60,15,22,8,0.0,0,A
367168000,2022-01-04T02:55:40,48.75652,-122.49809,0.0,310.3,296.0,BLUE MANTA,,WDM7277,60,15,22,8,0.0,0,A
367168000,2022-01-04T01:46:19,48.75650,-122.49809,0.0,158.5,294.0,BLUE MANTA,,WDM7277,60,15,22,8,0.0,0,A
367168000,2022-01-04T02:46:19,48.75652,-122.49808,0.0,136.1,295.0,BLUE MANTA,,WDM7277,60,15,22,8,0.0,0,A
367168000,2022-01-04T02:53:19,48.75651,-122.49807,0.0,130.0,296.0,BLUE MANTA,,WDM7277,60,15,22,8,0.0,0,A
367168000,2022-01-04T02:48:39,48.75651,-122.49806,0.0,166.6,297.0,BLUE MANTA,,WDM7277,60,15,22,8,0.0,0,A
367168000,2022-01-04T01:49:49,48.75650,-122.49808,0.0,250.8,294.0,BLUE MANTA,,WDM7277,60,15,22,8,0.0,0,A
367168000,2022-01-04T02:44:00,48.75650,-122.49807,0.0,39.9,296.0,BLUE MANTA,,WDM7277,60,15,22,8,0.0,0,A
367168000,2022-01-04T02:52:10,48.75651,-122.49808,0.0,202.2,296.0,BLUE MANTA,,WDM7277,60,15,22,8,0.0,0,A
367168000,2022-01-04T02:56:59,48.75651,-122.49808,0.0,1.6,295.0,BLUE MANTA,,WDM7277,60,15,22,8,0.0,0,A
367168000,2022-01-04T02:59:19,48.75650,-122.49807,0.0,226.8,296.0,BLUE MANTA,,WDM7277,60,15,22,8,0.0,0,A
367168000,2022-01-04T02:47:30,48.75650,-122.49807,0.0,280.1,296.0,BLUE MANTA,,WDM7277,60,15,22,8,0.0,0,A
367168000,2022-01-04T03:01:09,48.75651,-122.49807,0.0,324.7,296.0,BLUE MANTA,,WDM7277,60,15,22,8,0.0,0,A
367168000,2022-01-04T03:12:49,48.75650,-122.49807,0.0,309.9,296.0,BLUE MANTA,,WDM7277,60,15,22,8,0.0,0,A
367168000,2022-01-04T01:54:30,48.75650,-122.49808,0.0,292.3,294.0,BLUE MANTA,,WDM7277,60,15,22,8,0.0,0,A
367168000,2022-01-04T03:00:00,48.75651,-122.49808,0.0,349.9,297.0,BLUE MANTA,,WDM7277,60,15,22,8,0.0,0,A
367168000,2022-01-04T02:39:19,48.75650,-122.49807,0.0,235.1,295.0,BLUE MANTA,,WDM7277,60,15,22,8,0.0,0,A
367168000,2022-01-04T03:03:39,48.75650,-122.49807,0.0,149.7,296.0,BLUE MANTA,,WDM7277,60,15,22,8,0.0,0,A
367168000,2022-01-04T03:15:09,48.75650,-122.49809,0.0,328.6,295.0,BLUE MANTA,,WDM7277,60,15,22,8,0.0,0,A
367168000,2022-01-04T03:16:19,48.75650,-122.49808,0.0,337.6,296.0,BLUE MANTA,,WDM7277,60,15,22,8,0.0,0,A
367168000,2022-01-04T03:04:49,48.75651,-122.49809,0.0,262.9,296.0,BLUE MANTA,,WDM7277,60,15,22,8,0.0,0,A
367168000,2022-01-04T01:57:50,48.75651,-122.49807,0.0,203.9,293.0,BLUE MANTA,,WDM7277,60,15,22,8,0.0,0,A
367168000,2022-01-04T02:51:00,48.75652,-122.49808,0.0,197.6,296.0,BLUE MANTA,,WDM7277,60,15,22,8,0.0,0,A
367168000,2022-01-04T03:09:20,48.75651,-122.49809,0.0,318.8,295.0,BLUE MANTA,,WDM7277,60,15,22,8,0.0,0,A
367168000,2022-01-04T02:45:10,48.75650,-122.49807,0.0,179.1,295.0,BLUE MANTA,,WDM7277,60,15,22,8,0.0,0,A
367168000,2022-01-04T03:10:30,48.75650,-122.49808,0.0,322.4,296.0,BLUE MANTA,,WDM7277,60,15,22,8,0.0,0,A
367168000,2022-01-04T03:08:19,48.75651,-122.49807,0.0,107.2,295.0,BLUE MANTA,,WDM7277,60,15,22,8,0.0,0,A
367168000,2022-01-04T03:02:19,48.75652,-122.49807,0.0,310.1,296.0,BLUE MANTA,,WDM7277,60,15,22,8,0.0,0,A
367168000,2022-01-04T03:25:49,48.75650,-122.49807,0.0,229.7,295.0,BLUE MANTA,,WDM7277,60,15,22,8,0.0,0,A
367168000,2022-01-04T03:07:09,48.75651,-122.49809,0.0,310.3,296.0,BLUE MANTA,,WDM7277,60,15,22,8,0.0,0,A
367168000,2022-01-04T02:54:29,48.75651,-122.49808,0.0,187.7,296.0,BLUE MANTA,,WDM7277,60,15,22,8,0.0,0,A
367168000,2022-01-04T02:58:09,48.75650,-122.49809,0.0,71.1,296.0,BLUE MANTA,,WDM7277,60,15,22,8,0.0,0,A
367168000,2022-01-04T03:37:20,48.75651,-122.49808,0.0,197.5,294.0,BLUE MANTA,,WDM7277,60,15,22,8,0.0,0,A
367168000,2022-01-04T02:15:20,48.75651,-122.49808,0.0,165.5,294.0,BLUE MANTA,,WDM7277,60,15,22,8,0.0,0,A
367168000,2022-01-04T03:20:59,48.75650,-122.49806,0.0,287.8,295.0,BLUE MANTA,,WDM7277,60,15,22,8,0.0,0,A
367168000,2022-01-04T03:17:29,48.75651,-122.49808,0.0,311.7,296.0,BLUE MANTA,,WDM7277,60,15,22,8,0.0,0,A
367168000,2022-01-04T03:26:58,48.75650,-122.49808,0.0,278.5,295.0,BLUE MANTA,,WDM7277,60,15,22,8,0.0,0,A
367168000,2022-01-04T03:42:09,48.75650,-122.49807,0.0,206.2,294.0,BLUE MANTA,,WDM7277,60,15,22,8,0.0,0,A
367168000,2022-01-04T02:20:50,48.75650,-122.49808,0.0,352.6,295.0,BLUE MANTA,,WDM7277,60,15,22,8,0.0,0,A
367168000,2022-01-04T03:06:00,48.75650,-122.49809,0.0,338.6,296.0,BLUE MANTA,,WDM7277,60,15,22,8,0.0,0,A
367168000,2022-01-04T03:45:29,48.75652,-122.49808,0.0,195.5,294.0,BLUE MANTA,,WDM7277,60,15,22,8,0.0,0,A
367168000,2022-01-04T03:31:10,48.75650,-122.49808,0.0,286.0,295.0,BLUE MANTA,,WDM7277,60,15,22,8,0.0,0,A
367168000,2022-01-04T03:35:50,48.75650,-122.49806,0.0,302.5,294.0,BLUE MANTA,,WDM7277,60,15,22,8,0.0,0,A
367168000,2022-01-04T03:34:39,48.75650,-122.49807,0.0,289.1,295.0,BLUE MANTA,,WDM7277,60,15,22,8,0.0,0,A
367168000,2022-01-04T03:28:09,48.75650,-122.49808,0.0,293.0,295.0,BLUE MANTA,,WDM7277,60,15,22,8,0.0,0,A
367168000,2022-01-04T03:22:18,48.75650,-122.49807,0.0,305.9,295.0,BLUE MANTA,,WDM7277,60,15,22,8,0.0,0,A
367168000,2022-01-04T03:32:19,48.75651,-122.49807,0.0,351.7,294.0,BLUE MANTA,,WDM7277,60,15,22,8,0.0,0,A
367168000,2022-01-04T03:18:39,48.75650,-122.49808,0.0,300.1,295.0,BLUE MANTA,,WDM7277,60,15,22,8,0.0,0,A
367168000,2022-01-04T03:38:30,48.75650,-122.49807,0.0,218.6,294.0,BLUE MANTA,,WDM7277,60,15,22,8,0.0,0,A
367168000,2022-01-04T03:57:00,48.75649,-122.49808,0.0,262.5,294.0,BLUE MANTA,,WDM7277,60,15,22,8,0.0,0,A
367168000,2022-01-04T03:40:49,48.75652,-122.49807,0.0,216.7,294.0,BLUE MANTA,,WDM7277,60,15,22,8,0.0,0,A
367168000,2022-01-04T03:59:18,48.75651,-122.49808,0.0,356.4,295.0,BLUE MANTA,,WDM7277,60,15,22,8,0.0,0,A
367168000,2022-01-04T04:00:09,48.75652,-122.49808,0.0,330.5,295.0,BLUE MANTA,,WDM7277,60,15,22,8,0.0,0,A
367168000,2022-01-04T02:32:29,48.75651,-122.49807,0.0,178.9,294.0,BLUE MANTA,,WDM7277,60,15,22,8,0.0,0,A
367168000,2022-01-04T03:43:18,48.75650,-122.49809,0.0,232.6,294.0,BLUE MANTA,,WDM7277,60,15,22,8,0.0,0,A
367168000,2022-01-04T03:29:10,48.75651,-122.49806,0.0,251.2,294.0,BLUE MANTA,,WDM7277,60,15,22,8,0.0,0,A
367168000,2022-01-04T03:52:19,48.75651,-122.49807,0.0,227.9,295.0,BLUE MANTA,,WDM7277,60,15,22,8,0.0,0,A
367168000,2022-01-04T04:14:39,48.75650,-122.49807,0.0,219.1,294.0,BLUE MANTA,,WDM7277,60,15,22,8,0.0,0,A
367168000,2022-01-04T03:39:39,48.75650,-122.49808,0.0,217.0,294.0,BLUE MANTA,,WDM7277,60,15,22,8,0.0,0,A
367168000,2022-01-04T02:41:49,48.75650,-122.49807,0.0,97.6,295.0,BLUE MANTA,,WDM7277,60,15,22,8,0.0,0,A
367168000,2022-01-04T02:42:59,48.75650,-122.49807,0.0,134.9,296.0,BLUE MANTA,,WDM7277,60,15,22,8,0.0,0,A
367168000,2022-01-04T03:51:10,48.75652,-122.49807,0.0,192.5,295.0,BLUE MANTA,,WDM7277,60,15,22,8,0.0,0,A
367168000,2022-01-04T03:47:50,48.75650,-122.49806,0.0,247.5,294.0,BLUE MANTA,,WDM7277,60,15,22,8,0.0,0,A
367168000,2022-01-04T04:19:20,48.75650,-122.49807,0.0,188.6,293.0,BLUE MANTA,,WDM7277,60,15,22,8,0.0,0,A
367168000,2022-01-04T03:50:00,48.75651,-122.49807,0.0,272.4,294.0,BLUE MANTA,,WDM7277,60,15,22,8,0.0,0,A
367168000,2022-01-04T04:01:18,48.75651,-122.49808,0.0,208.2,295.0,BLUE MANTA,,WDM7277,60,15,22,8,0.0,0,A
367168000,2022-01-04T03:53:30,48.75650,-122.49807,0.0,279.6,295.0,BLUE MANTA,,WDM7277,60,15,22,8,0.0,0,A
367168000,2022-01-04T04:22:59,48.75650,-122.49807,0.0,202.0,294.0,BLUE MANTA,,WDM7277,60,15,22,8,0.0,0,A
367168000,2022-01-04T04:09:29,48.75650,-122.49805,0.0,30.5,294.0,BLUE MANTA,,WDM7277,60,15,22,8,0.0,0,A
367168000,2022-01-04T04:07:09,48.75650,-122.49806,0.0,299.5,294.0,BLUE MANTA,,WDM7277,60,15,22,8,0.0,0,A
367168000,2022-01-04T03:46:39,48.75650,-122.49808,0.0,229.0,294.0,BLUE MANTA,,WDM7277,60,15,22,8,0.0,0,A
367168000,2022-01-04T04:04:50,48.75650,-122.49809,0.0,162.0,294.0,BLUE MANTA,,WDM7277,60,15,22,8,0.0,0,A
367168000,2022-01-04T04:20:29,48.75650,-122.49807,0.0,200.5,294.0,BLUE MANTA,,WDM7277,60,15,22,8,0.0,0,A
367168000,2022-01-04T03:48:59,48.75649,-122.49808,0.0,230.9,294.0,BLUE MANTA,,WDM7277,60,15,22,8,0.0,0,A
367168000,2022-01-04T04:36:59,48.75651,-122.49807,0.0,230.0,292.0,BLUE MANTA,,WDM7277,60,15,22,8,0.0,0,A
367168000,2022-01-04T04:18:08,48.75651,-122.49809,0.0,197.9,294.0,BLUE MANTA,,WDM7277,60,15,22,8,0.0,0,A
367168000,2022-01-04T04:40:19,48.75651,-122.49807,0.0,244.4,293.0,BLUE MANTA,,WDM7277,60,15,22,8,0.0,0,A
367168000,2022-01-04T04:13:00,48.75650,-122.49806,0.0,278.1,294.0,BLUE MANTA,,WDM7277,60,15,22,8,0.0,0,A
367168000,2022-01-04T03:55:49,48.75651,-122.49807,0.0,196.5,294.0,BLUE MANTA,,WDM7277,60,15,22,8,0.0,0,A
367168000,2022-01-04T03:54:38,48.75650,-122.49807,0.0,243.0,294.0,BLUE MANTA,,WDM7277,60,15,22,8,0.0,0,A
367168000,2022-01-04T03:58:09,48.75650,-122.49807,0.0,230.6,295.0,BLUE MANTA,,WDM7277,60,15,22,8,0.0,0,A
367168000,2022-01-04T04:08:19,48.75650,-122.49807,0.0,184.7,293.0,BLUE MANTA,,WDM7277,60,15,22,8,0.0,0,A
367168000,2022-01-04T04:17:00,48.75650,-122.49807,0.0,192.8,294.0,BLUE MANTA,,WDM7277,60,15,22,8,0.0,0,A
367168000,2022-01-04T04:31:09,48.75650,-122.49808,0.0,199.2,293.0,BLUE MANTA,,WDM7277,60,15,22,8,0.0,0,A
367168000,2022-01-04T04:51:00,48.75650,-122.49807,0.0,309.7,294.0,BLUE MANTA,,WDM7277,60,15,22,8,0.0,0,A
367168000,2022-01-04T04:15:49,48.75650,-122.49807,0.0,207.1,294.0,BLUE MANTA,,WDM7277,60,15,22,8,0.0,0,A
367168000,2022-01-04T03:11:39,48.75649,-122.49809,0.0,180.0,296.0,BLUE MANTA,,WDM7277,60,15,22,8,0.0,0,A
367168000,2022-01-04T03:13:59,48.75650,-122.49808,0.0,319.4,296.0,BLUE MANTA,,WDM7277,60,15,22,8,0.0,0,A
367168000,2022-01-04T04:38:09,48.75650,-122.49807,0.0,239.1,292.0,BLUE MANTA,,WDM7277,60,15,22,8,0.0,0,A
367168000,2022-01-04T04:10:39,48.75651,-122.49807,0.0,345.9,294.0,BLUE MANTA,,WDM7277,60,15,22,8,0.0,0,A
367168000,2022-01-04T04:24:09,48.75650,-122.49809,0.0,210.4,294.0,BLUE MANTA,,WDM7277,60,15,22,8,0.0,0,A
367168000,2022-01-04T04:32:20,48.75650,-122.49807,0.0,235.5,293.0,BLUE MANTA,,WDM7277,60,15,22,8,0.0,0,A
367168000,2022-01-04T04:27:40,48.75649,-122.49807,0.0,222.3,294.0,BLUE MANTA,,WDM7277,60,15,22,8,0.0,0,A
367168000,2022-01-04T04:34:39,48.75650,-122.49807,0.0,210.9,293.0,BLUE MANTA,,WDM7277,60,15,22,8,0.0,0,A
367168000,2022-01-04T03:19:49,48.75652,-122.49806,0.0,350.0,295.0,BLUE MANTA,,WDM7277,60,15,22,8,0.0,0,A
367168000,2022-01-04T03:23:29,48.75650,-122.49807,0.0,303.1,296.0,BLUE MANTA,,WDM7277,60,15,22,8,0.0,0,A
367168000,2022-01-04T03:24:39,48.75651,-122.49808,0.0,256.9,296.0,BLUE MANTA,,WDM7277,60,15,22,8,0.0,0,A
367168000,2022-01-04T04:21:49,48.75652,-122.49805,0.0,201.1,294.0,BLUE MANTA,,WDM7277,60,15,22,8,0.0,0,A
367168000,2022-01-04T04:52:09,48.75650,-122.49806,0.0,330.4,294.0,BLUE MANTA,,WDM7277,60,15,22,8,0.0,0,A
367168000,2022-01-04T05:02:29,48.75649,-122.49807,0.0,315.0,294.0,BLUE MANTA,,WDM7277,60,15,22,8,0.0,0,A
367168000,2022-01-04T04:25:20,48.75650,-122.49807,0.0,209.9,294.0,BLUE MANTA,,WDM7277,60,15,22,8,0.0,0,A
367168000,2022-01-04T04:43:59,48.75650,-122.49805,0.0,193.7,292.0,BLUE MANTA,,WDM7277,60,15,22,8,0.0,0,A
367168000,2022-01-04T05:18:38,48.75649,-122.49808,0.0,284.8,293.0,BLUE MANTA,,WDM7277,60,15,22,8,0.0,0,A
367168000,2022-01-04T05:19:49,48.75649,-122.49808,0.0,236.7,293.0,BLUE MANTA,,WDM7277,60,15,22,8,0.0,0,A
367168000,2022-01-04T04:29:59,48.75651,-122.49805,0.0,234.3,294.0,BLUE MANTA,,WDM7277,60,15,22,8,0.0,0,A
367168000,2022-01-04T05:20:59,48.75650,-122.49807,0.0,319.0,294.0,BLUE MANTA,,WDM7277,60,15,22,8,0.0,0,A
367168000,2022-01-04T05:12:50,48.75650,-122.49807,0.0,343.5,293.0,BLUE MANTA,,WDM7277,60,15,22,8,0.0,0,A
367168000,2022-01-04T05:01:19,48.75649,-122.49807,0.0,318.7,294.0,BLUE MANTA,,WDM7277,60,15,22,8,0.0,0,A
367168000,2022-01-04T03:33:30,48.75652,-122.49807,0.0,335.5,295.0,BLUE MANTA,,WDM7277,60,15,22,8,0.0,0,A
367168000,2022-01-04T04:33:30,48.75651,-122.49805,0.0,228.4,293.0,BLUE MANTA,,WDM7277,60,15,22,8,0.0,0,A
367168000,2022-01-04T05:23:19,48.75649,-122.49807,0.0,256.3,293.0,BLUE MANTA,,WDM7277,60,15,22,8,0.0,0,A
367168000,2022-01-04T04:56:49,48.75650,-122.49809,0.0,342.0,293.0,BLUE MANTA,,WDM7277,60,15,22,8,0.0,0,A
367168000,2022-01-04T04:39:10,48.75651,-122.49808,0.0,236.5,293.0,BLUE MANTA,,WDM7277,60,15,22,8,0.0,0,A
367168000,2022-01-04T04:41:30,48.75650,-122.49805,0.0,245.4,292.0,BLUE MANTA,,WDM7277,60,15,22,8,0.0,0,A
367168000,2022-01-04T05:04:48,48.75649,-122.49806,0.0,212.4,293.0,BLUE MANTA,,WDM7277,60,15,22,8,0.0,0,A
367168000,2022-01-04T04:58:09,48.75650,-122.49806,0.0,218.4,294.0,BLUE MANTA,,WDM7277,60,15,22,8,0.0,0,A
367168000,2022-01-04T05:05:59,48.75650,-122.49807,0.0,111.7,293.0,BLUE MANTA,,WDM7277,60,15,22,8,0.0,0,A
367168000,2022-01-04T04:45:10,48.75650,-122.49805,0.0,232.7,293.0,BLUE MANTA,,WDM7277,60,15,22,8,0.0,0,A
367168000,2022-01-04T05:07:00,48.75650,-122.49807,0.0,340.1,293.0,BLUE MANTA,,WDM7277,60,15,22,8,0.0,0,A
367168000,2022-01-04T03:44:19,48.75651,-122.49807,0.0,317.4,294.0,BLUE MANTA,,WDM7277,60,15,22,8,0.0,0,A
367168000,2022-01-04T04:42:49,48.75649,-122.49807,0.0,235.6,292.0,BLUE MANTA,,WDM7277,60,15,22,8,0.0,0,A
367168000,2022-01-04T05:00:09,48.75650,-122.49808,0.0,307.8,294.0,BLUE MANTA,,WDM7277,60,15,22,8,0.0,0,A
367168000,2022-01-04T05:16:19,48.75649,-122.49807,0.0,317.6,293.0,BLUE MANTA,,WDM7277,60,15,22,8,0.0,0,A
367168000,2022-01-04T04:46:19,48.75650,-122.49806,0.0,136.6,292.0,BLUE MANTA,,WDM7277,60,15,22,8,0.0,0,A
367168000,2022-01-04T04:47:29,48.75649,-122.49807,0.0,322.3,292.0,BLUE MANTA,,WDM7277,60,15,22,8,0.0,0,A
367168000,2022-01-04T05:10:30,48.75650,-122.49807,0.0,14.7,292.0,BLUE MANTA,,WDM7277,60,15,22,8,0.0,0,A
367168000,2022-01-04T04:49:49,48.75650,-122.49805,0.0,164.1,293.0,BLUE MANTA,,WDM7277,60,15,22,8,0.0,0,A
367168000,2022-01-04T05:40:10,48.75650,-122.49807,0.0,1.4,294.0,BLUE MANTA,,WDM7277,60,15,22,8,0.0,0,A
367168000,2022-01-04T04:48:38,48.75650,-122.49807,0.0,251.3,293.0,BLUE MANTA,,WDM7277,60,15,22,8,0.0,0,A
367168000,2022-01-04T05:08:08,48.75650,-122.49807,0.0,313.3,292.0,BLUE MANTA,,WDM7277,60,15,22,8,0.0,0,A
367168000,2022-01-04T05:15:09,48.75650,-122.49808,0.0,171.3,293.0,BLUE MANTA,,WDM7277,60,15,22,8,0.0,0,A
367168000,2022-01-04T05:43:29,48.75649,-122.49808,0.0,155.9,294.0,BLUE MANTA,,WDM7277,60,15,22,8,0.0,0,A
367168000,2022-01-04T05:17:29,48.75649,-122.49807,0.0,335.3,293.0,BLUE MANTA,,WDM7277,60,15,22,8,0.0,0,A
367168000,2022-01-04T04:54:30,48.75650,-122.49807,0.0,351.6,293.0,BLUE MANTA,,WDM7277,60,15,22,8,0.0,0,A
367168000,2022-01-04T05:22:09,48.75649,-122.49809,0.0,324.5,293.0,BLUE MANTA,,WDM7277,60,15,22,8,0.0,0,A
367168000,2022-01-04T05:24:30,48.75649,-122.49809,0.0,320.4,293.0,BLUE MANTA,,WDM7277,60,15,22,8,0.0,0,A
367168000,2022-01-04T05:44:39,48.75650,-122.49807,0.0,181.2,294.0,BLUE MANTA,,WDM7277,60,15,22,8,0.0,0,A
367168000,2022-01-04T05:50:29,48.75650,-122.49807,0.0,303.8,294.0,BLUE MANTA,,WDM7277,60,15,22,8,0.0,0,A
367168000,2022-01-04T05:51:39,48.75650,-122.49808,0.0,323.9,293.0,BLUE MANTA,,WDM7277,60,15,22,8,0.0,0,A
367168000,2022-01-04T05:03:39,48.75649,-122.49807,0.0,310.6,294.0,BLUE MANTA,,WDM7277,60,15,22,8,0.0,0,A
367168000,2022-01-04T05:48:08,48.75649,-122.49809,0.0,96.3,294.0,BLUE MANTA,,WDM7277,60,15,22,8,0.0,0,A
367168000,2022-01-04T05:29:09,48.75650,-122.49807,0.0,215.0,294.0,BLUE MANTA,,WDM7277,60,15,22,8,0.0,0,A
367168000,2022-01-04T05:35:38,48.75650,-122.49807,0.0,295.4,294.0,BLUE MANTA,,WDM7277,60,15,22,8,0.0,0,A
367168000,2022-01-04T05:53:59,48.75650,-122.49808,0.0,165.3,294.0,BLUE MANTA,,WDM7277,60,15,22,8,0.0,0,A
367168000,2022-01-04T05:34:30,48.75650,-122.49807,0.0,212.0,293.0,BLUE MANTA,,WDM7277,60,15,22,8,0.0,0,A
367168000,2022-01-04T05:36:39,48.75649,-122.49807,0.0,349.0,294.0,BLUE MANTA,,WDM7277,60,15,22,8,0.0,0,A
367168000,2022-01-04T04:02:28,48.75650,-122.49808,0.0,220.1,295.0,BLUE MANTA,,WDM7277,60,15,22,8,0.0,0,A
367168000,2022-01-04T04:03:39,48.75650,-122.49807,0.0,274.9,294.0,BLUE MANTA,,WDM7277,60,15,22,8,0.0,0,A
367168000,2022-01-04T05:38:59,48.75649,-122.49807,0.0,39.4,294.0,BLUE MANTA,,WDM7277,60,15,22,8,0.0,0,A
367168000,2022-01-04T05:59:50,48.75648,-122.49809,0.0,126.2,294.0,BLUE MANTA,,WDM7277,60,15,22,8,0.0,0,A
367168000,2022-01-04T05:45:49,48.75649,-122.49807,0.0,348.1,294.0,BLUE MANTA,,WDM7277,60,15,22,8,0.0,0,A
367168000,2022-01-04T05:41:19,48.75650,-122.49807,0.0,178.9,294.0,BLUE MANTA,,WDM7277,60,15,22,8,0.0,0,A
367168000,2022-01-04T05:33:29,48.75649,-122.49807,0.0,269.1,294.0,BLUE MANTA,,WDM7277,60,15,22,8,0.0,0,A
367168000,2022-01-04T04:06:00,48.75650,-122.49807,0.0,222.0,294.0,BLUE MANTA,,WDM7277,60,15,22,8,0.0,0,A
367168000,2022-01-04T06:04:50,48.75649,-122.49808,0.0,312.8,295.0,BLUE MANTA,,WDM7277,60,15,22,8,0.0,0,A
367168000,2022-01-04T06:07:09,48.75649,-122.49807,0.0,279.4,294.0,BLUE MANTA,,WDM7277,60,15,22,8,0.0,0,A
367168000,2022-01-04T04:11:49,48.75650,-122.49806,0.0,304.8,294.0,BLUE MANTA,,WDM7277,60,15,22,8,0.0,0,A
367168000,2022-01-04T05:26:49,48.75650,-122.49806,0.0,267.2,294.0,BLUE MANTA,,WDM7277,60,15,22,8,0.0,0,A
367168000,2022-01-04T05:27:59,48.75650,-122.49807,0.0,234.2,294.0,BLUE MANTA,,WDM7277,60,15,22,8,0.0,0,A
367168000,2022-01-04T06:09:29,48.75650,-122.49808,0.0,212.4,294.0,BLUE MANTA,,WDM7277,60,15,22,8,0.0,0,A
367168000,2022-01-04T05:46:59,48.75649,-122.49807,0.0,154.3,294.0,BLUE MANTA,,WDM7277,60,15,22,8,0.0,0,A
367168000,2022-01-04T06:10:38,48.75649,-122.49808,0.0,339.5,294.0,BLUE MANTA,,WDM7277,60,15,22,8,0.0,0,A
367168000,2022-01-04T05:31:09,48.75649,-122.49806,0.0,167.4,293.0,BLUE MANTA,,WDM7277,60,15,22,8,0.0,0,A
367168000,2022-01-04T05:25:40,48.75649,-122.49808,0.0,184.0,293.0,BLUE MANTA,,WDM7277,60,15,22,8,0.0,0,A
367168000,2022-01-04T06:20:39,48.75648,-122.49808,0.0,281.4,294.0,BLUE MANTA,,WDM7277,60,15,22,8,0.0,0,A
367168000,2022-01-04T06:18:29,48.75649,-122.49808,0.0,234.0,295.0,BLUE MANTA,,WDM7277,60,15,22,8,0.0,0,A
367168000,2022-01-04T05:56:18,48.75649,-122.49808,0.0,309.7,294.0,BLUE MANTA,,WDM7277,60,15,22,8,0.0,0,A
367168000,2022-01-04T06:06:00,48.75649,-122.49809,0.0,320.9,295.0,BLUE MANTA,,WDM7277,60,15,22,8,0.0,0,A
367168000,2022-01-04T06:25:09,48.75650,-122.49808,0.0,293.9,295.0,BLUE MANTA,,WDM7277,60,15,22,8,0.0,0,A
367168000,2022-01-04T06:00:09,48.75649,-122.49807,0.0,196.5,294.0,BLUE MANTA,,WDM7277,60,15,22,8,0.0,0,A
367168000,2022-01-04T05:42:20,48.75649,-122.49809,0.0,350.6,294.0,BLUE MANTA,,WDM7277,60,15,22,8,0.0,0,A
367168000,2022-01-04T06:01:19,48.75648,-122.49808,0.0,327.3,294.0,BLUE MANTA,,WDM7277,60,15,22,8,0.0,0,A
367168000,2022-01-04T06:29:49,48.75649,-122.49809,0.0,292.6,294.0,BLUE MANTA,,WDM7277,60,15,22,8,0.0,0,A
367168000,2022-01-04T06:28:39,48.75648,-122.49808,0.0,295.4,294.0,BLUE MANTA,,WDM7277,60,15,22,8,0.0,0,A
367168000,2022-01-04T06:34:19,48.75649,-122.49807,0.0,220.2,293.0,BLUE MANTA,,WDM7277,60,15,22,8,0.0,0,A
367168000,2022-01-04T06:08:19,48.75648,-122.49807,0.0,304.7,294.0,BLUE MANTA,,WDM7277,60,15,22,8,0.0,0,A
367168000,2022-01-04T06:36:38,48.75648,-122.49807,0.0,225.0,294.0,BLUE MANTA,,WDM7277,60,15,22,8,0.0,0,A
367168000,2022-01-04T06:37:49,48.75649,-122.49807,0.0,229.1,294.0,BLUE MANTA,,WDM7277,60,15,22,8,0.0,0,A
367168000,2022-01-04T04:26:29,48.75650,-122.49807,0.0,213.8,294.0,BLUE MANTA,,WDM7277,60,15,22,8,0.0,0,A
367168000,2022-01-04T06:11:39,48.75649,-122.49807,0.0,141.4,294.0,BLUE MANTA,,WDM7277,60,15,22,8,0.0,0,A
367168000,2022-01-04T05:52:48,48.75649,-122.49808,0.0,347.3,294.0,BLUE MANTA,,WDM7277,60,15,22,8,0.0,0,A
367168000,2022-01-04T06:23:00,48.75649,-122.49807,0.0,182.4,294.0,BLUE MANTA,,WDM7277,60,15,22,8,0.0,0,A
367168000,2022-01-04T04:28:50,48.75650,-122.49807,0.0,236.5,294.0,BLUE MANTA,,WDM7277,60,15,22,8,0.0,0,A
367168000,2022-01-04T06:17:19,48.75649,-122.49808,0.0,300.2,294.0,BLUE MANTA,,WDM7277,60,15,22,8,0.0,0,A
367168000,2022-01-04T06:19:30,48.75649,-122.49806,0.0,226.8,294.0,BLUE MANTA,,WDM7277,60,15,22,8,0.0,0,A
367168000,2022-01-04T05:55:10,48.75648,-122.49808,0.0,297.0,294.0,BLUE MANTA,,WDM7277,60,15,22,8,0.0,0,A
367168000,2022-01-04T05:58:39,48.75649,-122.49808,0.0,236.8,294.0,BLUE MANTA,,WDM7277,60,15,22,8,0.0,0,A
367168000,2022-01-04T06:44:49,48.75650,-122.49808,0.0,343.3,293.0,BLUE MANTA,,WDM7277,60,15,22,8,0.0,0,A
367168000,2022-01-04T06:32:09,48.75649,-122.49808,0.0,214.4,294.0,BLUE MANTA,,WDM7277,60,15,22,8,0.0,0,A
367168000,2022-01-04T04:35:50,48.75650,-122.49807,0.0,210.9,292.0,BLUE MANTA,,WDM7277,60,15,22,8,0.0,0,A
367168000,2022-01-04T06:51:00,48.75649,-122.49808,0.0,10.8,294.0,BLUE MANTA,,WDM7277,60,15,22,8,0.0,0,A
367168000,2022-01-04T06:38:59,48.75650,-122.49808,0.0,210.7,294.0,BLUE MANTA,,WDM7277,60,15,22,8,0.0,0,A
367168000,2022-01-04T06:56:49,48.75649,-122.49808,0.0,340.6,294.0,BLUE MANTA,,WDM7277,60,15,22,8,0.0,0,A
367168000,2022-01-04T06:30:59,48.75648,-122.49808,0.0,256.8,293.0,BLUE MANTA,,WDM7277,60,15,22,8,0.0,0,A
367168000,2022-01-04T06:46:00,48.75650,-122.49806,0.0,181.4,294.0,BLUE MANTA,,WDM7277,60,15,22,8,0.0,0,A
367168000,2022-01-04T06:33:10,48.75649,-122.49807,0.0,203.1,293.0,BLUE MANTA,,WDM7277,60,15,22,8,0.0,0,A
367168000,2022-01-04T06:48:39,48.75650,-122.49808,0.0,154.6,294.0,BLUE MANTA,,WDM7277,60,15,22,8,0.0,0,A
367168000,2022-01-04T06:14:59,48.75650,-122.49808,0.0,285.9,294.0,BLUE MANTA,,WDM7277,60,15,22,8,0.0,0,A
367168000,2022-01-04T06:43:39,48.75649,-122.49808,0.0,27.4,293.0,BLUE MANTA,,WDM7277,60,15,22,8,0.0,0,A
367168000,2022-01-04T06:13:49,48.75649,-122.49808,0.0,282.0,294.0,BLUE MANTA,,WDM7277,60,15,22,8,0.0,0,A
367168000,2022-01-04T06:41:20,48.75649,-122.49807,0.0,192.9,293.0,BLUE MANTA,,WDM7277,60,15,22,8,0.0,0,A
367168000,2022-01-04T07:08:38,48.75649,-122.49807,0.0,3.4,294.0,BLUE MANTA,,WDM7277,60,15,22,8,0.0,0,A
367168000,2022-01-04T07:09:50,48.75650,-122.49809,0.0,125.1,295.0,BLUE MANTA,,WDM7277,60,15,22,8,0.0,0,A
367168000,2022-01-04T07:17:48,48.75649,-122.49808,0.0,61.7,294.0,BLUE MANTA,,WDM7277,60,15,22,8,0.0,0,A
367168000,2022-01-04T06:21:50,48.75649,-122.49807,0.0,198.9,294.0,BLUE MANTA,,WDM7277,60,15,22,8,0.0,0,A
367168000,2022-01-04T04:53:18,48.75649,-122.49807,0.0,202.9,293.0,BLUE MANTA,,WDM7277,60,15,22,8,0.0,0,A
367168000,2022-01-04T06:53:19,48.75650,-122.49808,0.0,4.3,294.0,BLUE MANTA,,WDM7277,60,15,22,8,0.0,0,A
367168000,2022-01-04T07:21:18,48.75649,-122.49807,0.0,216.6,294.0,BLUE MANTA,,WDM7277,60,15,22,8,0.0,0,A
367168000,2022-01-04T06:52:09,48.75650,-122.49806,0.0,353.9,294.0,BLUE MANTA,,WDM7277,60,15,22,8,0.0,0,A
367168000,2022-01-04T04:55:39,48.75651,-122.49806,0.0,318.4,293.0,BLUE MANTA,,WDM7277,60,15,22,8,0.0,0,A
367168000,2022-01-04T07:14:28,48.75650,-122.49807,0.0,9.4,294.0,BLUE MANTA,,WDM7277,60,15,22,8,0.0,0,A
367168000,2022-01-04T06:54:29,48.75649,-122.49806,0.0,345.5,294.0,BLUE MANTA,,WDM7277,60,15,22,8,0.0,0,A
367168000,2022-01-04T07:18:49,48.75650,-122.49808,0.0,177.7,294.0,BLUE MANTA,,WDM7277,60,15,22,8,0.0,0,A
367168000,2022-01-04T04:59:19,48.75650,-122.49806,0.0,340.1,294.0,BLUE MANTA,,WDM7277,60,15,22,8,0.0,0,A
367168000,2022-01-04T07:20:08,48.75648,-122.49807,0.0,32.2,294.0,BLUE MANTA,,WDM7277,60,15,22,8,0.0,0,A
367168000,2022-01-04T06:35:30,48.75649,-122.49806,0.0,31.3,294.0,BLUE MANTA,,WDM7277,60,15,22,8,0.0,0,A
367168000,2022-01-04T07:15:38,48.75650,-122.49808,0.0,228.8,294.0,BLUE MANTA,,WDM7277,60,15,22,8,0.0,0,A
367168000,2022-01-04T07:07:29,48.75650,-122.49808,0.0,321.2,294.0,BLUE MANTA,,WDM7277,60,15,22,8,0.0,0,A
367168000,2022-01-04T07:25:40,48.75650,-122.49807,0.0,293.0,295.0,BLUE MANTA,,WDM7277,60,15,22,8,0.0,0,A
367168000,2022-01-04T06:40:09,48.75648,-122.49806,0.0,60.9,294.0,BLUE MANTA,,WDM7277,60,15,22,8,0.0,0,A
367168000,2022-01-04T05:09:19,48.75650,-122.49807,0.0,306.3,292.0,BLUE MANTA,,WDM7277,60,15,22,8,0.0,0,A
367168000,2022-01-04T06:42:30,48.75649,-122.49807,0.0,152.7,293.0,BLUE MANTA,,WDM7277,60,15,22,8,0.0,0,A
367168000,2022-01-04T05:11:39,48.75648,-122.49807,0.0,185.9,292.0,BLUE MANTA,,WDM7277,60,15,22,8,0.0,0,A
367168000,2022-01-04T07:11:00,48.75650,-122.49808,0.0,18.7,295.0,BLUE MANTA,,WDM7277,60,15,22,8,0.0,0,A
367168000,2022-01-04T05:13:59,48.75650,-122.49806,0.0,320.0,293.0,BLUE MANTA,,WDM7277,60,15,22,8,0.0,0,A
367168000,2022-01-04T07:35:59,48.75649,-122.49806,0.0,113.0,295.0,BLUE MANTA,,WDM7277,60,15,22,8,0.0,0,A
367168000,2022-01-04T06:57:59,48.75649,-122.49808,0.0,343.1,295.0,BLUE MANTA,,WDM7277,60,15,22,8,0.0,0,A
367168000,2022-01-04T06:47:09,48.75649,-122.49806,0.0,215.6,294.0,BLUE MANTA,,WDM7277,60,15,22,8,0.0,0,A
367168000,2022-01-04T07:50:00,48.75649,-122.49808,0.0,350.2,294.0,BLUE MANTA,,WDM7277,60,15,22,8,0.0,0,A
367168000,2022-01-04T07:39:29,48.75649,-122.49807,0.0,343.1,295.0,BLUE MANTA,,WDM7277,60,15,22,8,0.0,0,A
367168000,2022-01-04T07:42:58,48.75649,-122.49807,0.0,269.5,294.0,BLUE MANTA,,WDM7277,60,15,22,8,0.0,0,A
367168000,2022-01-04T07:02:30,48.75650,-122.49808,0.0,218.7,294.0,BLUE MANTA,,WDM7277,60,15,22,8,0.0,0,A
367168000,2022-01-04T07:23:29,48.75650,-122.49808,0.0,23.1,294.0,BLUE MANTA,,WDM7277,60,15,22,8,0.0,0,A
367168000,2022-01-04T07:03:39,48.75650,-122.49808,0.0,207.2,294.0,BLUE MANTA,,WDM7277,60,15,22,8,0.0,0,A
367168000,2022-01-04T08:01:18,48.75650,-122.49808,0.0,242.3,293.0,BLUE MANTA,,WDM7277,60,15,22,8,0.0,0,A
367168000,2022-01-04T08:07:09,48.75650,-122.49809,0.0,28.5,294.0,BLUE MANTA,,WDM7277,60,15,22,8,0.0,0,A
367168000,2022-01-04T07:29:09,48.75649,-122.49809,0.0,132.4,294.0,BLUE MANTA,,WDM7277,60,15,22,8,0.0,0,A
367168000,2022-01-04T08:09:29,48.75650,-122.49808,0.0,5.0,294.0,BLUE MANTA,,WDM7277,60,15,22,8,0.0,0,A
367168000,2022-01-04T07:52:29,48.75649,-122.49808,0.0,353.6,294.0,BLUE MANTA,,WDM7277,60,15,22,8,0.0,0,A
367168000,2022-01-04T08:02:30,48.75649,-122.49808,0.0,344.0,294.0,BLUE MANTA,,WDM7277,60,15,22,8,0.0,0,A
367168000,2022-01-04T08:17:29,48.75650,-122.49808,0.0,196.9,294.0,BLUE MANTA,,WDM7277,60,15,22,8,0.0,0,A
367168000,2022-01-04T08:05:59,48.75651,-122.49809,0.0,201.3,294.0,BLUE MANTA,,WDM7277,60,15,22,8,0.0,0,A
367168000,2022-01-04T08:15:09,48.75651,-122.49809,0.0,272.6,295.0,BLUE MANTA,,WDM7277,60,15,22,8,0.0,0,A
367168000,2022-01-04T07:34:48,48.75650,-122.49808,0.0,314.8,295.0,BLUE MANTA,,WDM7277,60,15,22,8,0.0,0,A
367168000,2022-01-04T07:01:18,48.75649,-122.49807,0.0,195.2,294.0,BLUE MANTA,,WDM7277,60,15,22,8,0.0,0,A
367168000,2022-01-04T08:16:19,48.75649,-122.49809,0.0,194.6,295.0,BLUE MANTA,,WDM7277,60,15,22,8,0.0,0,A
367168000,2022-01-04T08:23:19,48.75650,-122.49807,0.0,205.6,293.0,BLUE MANTA,,WDM7277,60,15,22,8,0.0,0,A
367168000,2022-01-04T08:25:39,48.75650,-122.49808,0.0,211.8,293.0,BLUE MANTA,,WDM7277,60,15,22,8,0.0,0,A
367168000,2022-01-04T07:22:19,48.75648,-122.49807,0.0,26.7,294.0,BLUE MANTA,,WDM7277,60,15,22,8,0.0,0,A
367168000,2022-01-04T07:05:10,48.75649,-122.49806,0.0,14.3,295.0,BLUE MANTA,,WDM7277,60,15,22,8,0.0,0,A
367168000,2022-01-04T08:00:08,48.75648,-122.49808,0.0,148.5,293.0,BLUE MANTA,,WDM7277,60,15,22,8,0.0,0,A
367168000,2022-01-04T07:06:18,48.75650,-122.49807,0.0,154.9,294.0,BLUE MANTA,,WDM7277,60,15,22,8,0.0,0,A
367168000,2022-01-04T08:08:18,48.75649,-122.49807,0.0,197.4,294.0,BLUE MANTA,,WDM7277,60,15,22,8,0.0,0,A
367168000,2022-01-04T07:46:30,48.75649,-122.49807,0.0,280.9,294.0,BLUE MANTA,,WDM7277,60,15,22,8,0.0,0,A
367168000,2022-01-04T08:26:49,48.75650,-122.49809,0.0,182.3,292.0,BLUE MANTA,,WDM7277,60,15,22,8,0.0,0,A
367168000,2022-01-04T05:32:19,48.75649,-122.49807,0.0,331.3,294.0,BLUE MANTA,,WDM7277,60,15,22,8,0.0,0,A
367168000,2022-01-04T07:53:39,48.75649,-122.49808,0.0,172.3,294.0,BLUE MANTA,,WDM7277,60,15,22,8,0.0,0,A
367168000,2022-01-04T09:34:30,48.75650,-122.49809,0.0,208.2,295.0,BLUE MANTA,,WDM7277,60,15,22,8,0.0,0,A
367168000,2022-01-04T05:37:50,48.75649,-122.49807,0.0,23.3,294.0,BLUE MANTA,,WDM7277,60,15,22,8,0.0,0,A
367168000,2022-01-04T07:41:48,48.75649,-122.49807,0.0,340.7,295.0,BLUE MANTA,,WDM7277,60,15,22,8,0.0,0,A
367168000,2022-01-04T09:41:30,48.75650,-122.49808,0.0,147.2,294.0,BLUE MANTA,,WDM7277,60,15,22,8,0.0,0,A
367168000,2022-01-04T07:24:39,48.75650,-122.49807,0.0,213.6,294.0,BLUE MANTA,,WDM7277,60,15,22,8,0.0,0,A
367168000,2022-01-04T09:33:29,48.75649,-122.49808,0.0,161.8,295.0,BLUE MANTA,,WDM7277,60,15,22,8,0.0,0,A
367168000,2022-01-04T08:03:39,48.75650,-122.49808,0.0,293.1,294.0,BLUE MANTA,,WDM7277,60,15,22,8,0.0,0,A
367168000,2022-01-04T09:48:20,48.75650,-122.49810,0.0,240.9,294.0,BLUE MANTA,,WDM7277,60,15,22,8,0.0,0,A
367168000,2022-01-04T08:28:00,48.75651,-122.49807,0.0,200.1,293.0,BLUE MANTA,,WDM7277,60,15,22,8,0.0,0,A
367168000,2022-01-04T08:11:40,48.75650,-122.49808,0.0,127.9,294.0,BLUE MANTA,,WDM7277,60,15,22,8,0.0,0,A
367168000,2022-01-04T07:27:59,48.75650,-122.49809,0.0,46.1,294.0,BLUE MANTA,,WDM7277,60,15,22,8,0.0,0,A
367168000,2022-01-04T08:24:29,48.75650,-122.49807,0.0,128.7,293.0,BLUE MANTA,,WDM7277,60,15,22,8,0.0,0,A
367168000,2022-01-04T07:55:59,48.75649,-122.49809,0.0,164.4,294.0,BLUE MANTA,,WDM7277,60,15,22,8,0.0,0,A
367168000,2022-01-04T08:29:10,48.75650,-122.49808,0.0,299.1,293.0,BLUE MANTA,,WDM7277,60,15,22,8,0.0,0,A
367168000,2022-01-04T05:49:18,48.75650,-122.49809,0.0,343.1,294.0,BLUE MANTA,,WDM7277,60,15,22,8,0.0,0,A
367168000,2022-01-04T09:42:39,48.75650,-122.49808,0.0,286.4,294.0,BLUE MANTA,,WDM7277,60,15,22,8,0.0,0,A
367168000,2022-01-04T09:32:20,48.75650,-122.49808,0.0,116.7,296.0,BLUE MANTA,,WDM7277,60,15,22,8,0.0,0,A
367168000,2022-01-04T09:57:30,48.75650,-122.49808,0.0,259.4,294.0,BLUE MANTA,,WDM7277,60,15,22,8,0.0,0,A
367168000,2022-01-04T07:58:19,48.75649,-122.49808,0.0,41.3,294.0,BLUE MANTA,,WDM7277,60,15,22,8,0.0,0,A
367168000,2022-01-04T09:56:19,48.75649,-122.49807,0.0,294.7,295.0,BLUE MANTA,,WDM7277,60,15,22,8,0.0,0,A
367168000,2022-01-04T07:38:20,48.75649,-122.49809,0.0,32.7,295.0,BLUE MANTA,,WDM7277,60,15,22,8,0.0,0,A
367168000,2022-01-04T10:01:09,48.75650,-122.49808,0.0,102.2,294.0,BLUE MANTA,,WDM7277,60,15,22,8,0.0,0,A
367168000,2022-01-04T08:04:49,48.75649,-122.49808,0.0,14.5,294.0,BLUE MANTA,,WDM7277,60,15,22,8,0.0,0,A
367168000,2022-01-04T05:57:29,48.75649,-122.49807,0.0,232.4,294.0,BLUE MANTA,,WDM7277,60,15,22,8,0.0,0,A
367168000,2022-01-04T07:40:39,48.75648,-122.49809,0.0,245.9,295.0,BLUE MANTA,,WDM7277,60,15,22,8,0.0,0,A
367168000,2022-01-04T08:10:39,48.75650,-122.49808,0.0,1.7,294.0,BLUE MANTA,,WDM7277,60,15,22,8,0.0,0,A
367168000,2022-01-04T08:12:49,48.75650,-122.49808,0.0,123.6,294.0,BLUE MANTA,,WDM7277,60,15,22,8,0.0,0,A
367168000,2022-01-04T08:19:50,48.75650,-122.49808,0.0,184.6,293.0,BLUE MANTA,,WDM7277,60,15,22,8,0.0,0,A
367168000,2022-01-04T10:04:30,48.75649,-122.49809,0.0,186.2,295.0,BLUE MANTA,,WDM7277,60,15,22,8,0.0,0,A
367168000,2022-01-04T09:51:39,48.75650,-122.49808,0.0,221.3,294.0,BLUE MANTA,,WDM7277,60,15,22,8,0.0,0,A
367168000,2022-01-04T08:21:00,48.75650,-122.49808,0.0,320.2,293.0,BLUE MANTA,,WDM7277,60,15,22,8,0.0,0,A
367168000,2022-01-04T08:22:09,48.75650,-122.49807,0.0,223.5,293.0,BLUE MANTA,,WDM7277,60,15,22,8,0.0,0,A
367168000,2022-01-04T07:45:20,48.75649,-122.49807,0.0,24.8,294.0,BLUE MANTA,,WDM7277,60,15,22,8,0.0,0,A
367168000,2022-01-04T10:06:49,48.75650,-122.49809,0.0,237.1,294.0,BLUE MANTA,,WDM7277,60,15,22,8,0.0,0,A
367168000,2022-01-04T09:45:00,48.75649,-122.49808,0.0,313.0,295.0,BLUE MANTA,,WDM7277,60,15,22,8,0.0,0,A
367168000,2022-01-04T07:47:39,48.75649,-122.49807,0.0,310.3,294.0,BLUE MANTA,,WDM7277,60,15,22,8,0.0,0,A
367168000,2022-01-04T06:02:30,48.75649,-122.49807,0.0,143.7,294.0,BLUE MANTA,,WDM7277,60,15,22,8,0.0,0,A
367168000,2022-01-04T09:47:19,48.75650,-122.49809,0.0,352.0,294.0,BLUE MANTA,,WDM7277,60,15,22,8,0.0,0,A
367168000,2022-01-04T06:03:39,48.75649,-122.49809,0.0,175.5,294.0,BLUE MANTA,,WDM7277,60,15,22,8,0.0,0,A
367168000,2022-01-04T10:11:39,48.75650,-122.49809,0.0,345.5,294.0,BLUE MANTA,,WDM7277,60,15,22,8,0.0,0,A
367168000,2022-01-04T09:49:29,48.75650,-122.49810,0.0,206.0,293.0,BLUE MANTA,,WDM7277,60,15,22,8,0.0,0,A
367168000,2022-01-04T09:43:50,48.75649,-122.49807,0.0,285.2,295.0,BLUE MANTA,,WDM7277,60,15,22,8,0.0,0,A
367168000,2022-01-04T10:17:30,48.75650,-122.49808,0.0,216.2,295.0,BLUE MANTA,,WDM7277,60,15,22,8,0.0,0,A
367168000,2022-01-04T07:57:09,48.75649,-122.49808,0.0,118.4,294.0,BLUE MANTA,,WDM7277,60,15,22,8,0.0,0,A
367168000,2022-01-04T10:16:19,48.75651,-122.49808,0.0,220.7,295.0,BLUE MANTA,,WDM7277,60,15,22,8,0.0,0,A
367168000,2022-01-04T07:59:30,48.75650,-122.49808,0.0,180.2,293.0,BLUE MANTA,,WDM7277,60,15,22,8,0.0,0,A
367168000,2022-01-04T09:55:09,48.75651,-122.49809,0.0,222.0,295.0,BLUE MANTA,,WDM7277,60,15,22,8,0.0,0,A
367168000,2022-01-04T10:19:49,48.75651,-122.49808,0.0,187.0,295.0,BLUE MANTA,,WDM7277,60,15,22,8,0.0,0,A
367168000,2022-01-04T09:53:59,48.75650,-122.49808,0.0,191.5,295.0,BLUE MANTA,,WDM7277,60,15,22,8,0.0,0,A
367168000,2022-01-04T10:24:19,48.75650,-122.49808,0.0,271.4,294.0,BLUE MANTA,,WDM7277,60,15,22,8,0.0,0,A
367168000,2022-01-04T08:18:39,48.75650,-122.49808,0.0,202.9,294.0,BLUE MANTA,,WDM7277,60,15,22,8,0.0,0,A
367168000,2022-01-04T09:46:08,48.75650,-122.49808,0.0,232.3,295.0,BLUE MANTA,,WDM7277,60,15,22,8,0.0,0,A
367168000,2022-01-04T10:29:39,48.75650,-122.49808,0.0,14.5,294.0,BLUE MANTA,,WDM7277,60,15,22,8,0.0,0,A
367168000,2022-01-04T10:22:08,48.75650,-122.49808,0.0,301.3,294.0,BLUE MANTA,,WDM7277,60,15,22,8,0.0,0,A
367168000,2022-01-04T06:12:48,48.75650,-122.49808,0.0,11.3,294.0,BLUE MANTA,,WDM7277,60,15,22,8,0.0,0,A
367168000,2022-01-04T10:37:28,48.75650,-122.49808,0.0,23.8,294.0,BLUE MANTA,,WDM7277,60,15,22,8,0.0,0,A
367168000,2022-01-04T10:03:19,48.75650,-122.49807,0.0,126.5,295.0,BLUE MANTA,,WDM7277,60,15,22,8,0.0,0,A
367168000,2022-01-04T06:16:09,48.75649,-122.49807,0.0,7.1,294.0,BLUE MANTA,,WDM7277,60,15,22,8,0.0,0,A
367168000,2022-01-04T10:39:39,48.75650,-122.49809,0.0,246.5,294.0,BLUE MANTA,,WDM7277,60,15,22,8,0.0,0,A
367168000,2022-01-04T10:09:08,48.75651,-122.49808,0.0,224.9,294.0,BLUE MANTA,,WDM7277,60,15,22,8,0.0,0,A
367168000,2022-01-04T10:43:09,48.75651,-122.49809,0.0,337.9,293.0,BLUE MANTA,,WDM7277,60,15,22,8,0.0,0,A
367168000,2022-01-04T10:28:38,48.75650,-122.49808,0.0,152.5,294.0,BLUE MANTA,,WDM7277,60,15,22,8,0.0,0,A
367168000,2022-01-04T10:00:00,48.75650,-122.49808,0.0,295.4,294.0,BLUE MANTA,,WDM7277,60,15,22,8,0.0,0,A
367168000,2022-01-04T10:18:39,48.75650,-122.49808,0.0,195.3,295.0,BLUE MANTA,,WDM7277,60,15,22,8,0.0,0,A
367168000,2022-01-04T10:46:38,48.75651,-122.49809,0.0,349.6,294.0,BLUE MANTA,,WDM7277,60,15,22,8,0.0,0,A
367168000,2022-01-04T10:20:59,48.75650,-122.49807,0.0,266.9,295.0,BLUE MANTA,,WDM7277,60,15,22,8,0.0,0,A
367168000,2022-01-04T10:52:19,48.75650,-122.49809,0.0,350.7,294.0,BLUE MANTA,,WDM7277,60,15,22,8,0.0,0,A
367168000,2022-01-04T09:36:49,48.75650,-122.49809,0.0,209.8,295.0,BLUE MANTA,,WDM7277,60,15,22,8,0.0,0,A
367168000,2022-01-04T10:26:29,48.75650,-122.49808,0.0,355.4,295.0,BLUE MANTA,,WDM7277,60,15,22,8,0.0,0,A
367168000,2022-01-04T09:38:00,48.75650,-122.49808,0.0,122.7,295.0,BLUE MANTA,,WDM7277,60,15,22,8,0.0,0,A
367168000,2022-01-04T09:39:09,48.75650,-122.49808,0.0,354.1,295.0,BLUE MANTA,,WDM7277,60,15,22,8,0.0,0,A
367168000,2022-01-04T10:51:10,48.75649,-122.49808,0.0,0.7,293.0,BLUE MANTA,,WDM7277,60,15,22,8,0.0,0,A
367168000,2022-01-04T06:24:08,48.75649,-122.49807,0.0,237.9,294.0,BLUE MANTA,,WDM7277,60,15,22,8,0.0,0,A
367168000,2022-01-04T10:30:40,48.75650,-122.49807,0.0,347.3,295.0,BLUE MANTA,,WDM7277,60,15,22,8,0.0,0,A
367168000,2022-01-04T10:40:50,48.75650,-122.49809,0.0,336.5,294.0,BLUE MANTA,,WDM7277,60,15,22,8,0.0,0,A
367168000,2022-01-04T10:55:49,48.75649,-122.49809,0.0,203.1,293.0,BLUE MANTA,,WDM7277,60,15,22,8,0.0,0,A
367168000,2022-01-04T10:13:59,48.75649,-122.49808,0.0,170.3,294.0,BLUE MANTA,,WDM7277,60,15,22,8,0.0,0,A
367168000,2022-01-04T10:34:00,48.75650,-122.49809,0.0,226.5,294.0,BLUE MANTA,,WDM7277,60,15,22,8,0.0,0,A
367168000,2022-01-04T10:25:28,48.75650,-122.49809,0.0,28.1,295.0,BLUE MANTA,,WDM7277,60,15,22,8,0.0,0,A
367168000,2022-01-04T06:26:19,48.75650,-122.49807,0.0,278.2,294.0,BLUE MANTA,,WDM7277,60,15,22,8,0.0,0,A
367168000,2022-01-04T11:00:00,48.75650,-122.49809,0.0,174.0,293.0,BLUE MANTA,,WDM7277,60,15,22,8,0.0,0,A
367168000,2022-01-04T06:27:29,48.75650,-122.49808,0.0,235.3,294.0,BLUE MANTA,,WDM7277,60,15,22,8,0.0,0,A
367168000,2022-01-04T11:01:09,48.75650,-122.49808,0.0,350.4,293.0,BLUE MANTA,,WDM7277,60,15,22,8,0.0,0,A
367168000,2022-01-04T11:04:39,48.75650,-122.49808,0.0,172.4,294.0,BLUE MANTA,,WDM7277,60,15,22,8,0.0,0,A
367168000,2022-01-04T10:38:29,48.75650,-122.49810,0.0,175.3,294.0,BLUE MANTA,,WDM7277,60,15,22,8,0.0,0,A
367168000,2022-01-04T11:07:00,48.75650,-122.49808,0.0,177.9,295.0,BLUE MANTA,,WDM7277,60,15,22,8,0.0,0,A
367168000,2022-01-04T10:31:49,48.75651,-122.49808,0.0,342.6,295.0,BLUE MANTA,,WDM7277,60,15,22,8,0.0,0,A
367168000,2022-01-04T10:41:59,48.75650,-122.49809,0.0,353.0,294.0,BLUE MANTA,,WDM7277,60,15,22,8,0.0,0,A
367168000,2022-01-04T09:52:48,48.75649,-122.49808,0.0,271.6,294.0,BLUE MANTA,,WDM7277,60,15,22,8,0.0,0,A
367168000,2022-01-04T10:35:09,48.75650,-122.49809,0.0,325.5,294.0,BLUE MANTA,,WDM7277,60,15,22,8,0.0,0,A
367168000,2022-01-04T11:08:09,48.75651,-122.49807,0.0,158.2,295.0,BLUE MANTA,,WDM7277,60,15,22,8,0.0,0,A
367168000,2022-01-04T11:12:39,48.75650,-122.49808,0.0,170.2,294.0,BLUE MANTA,,WDM7277,60,15,22,8,0.0,0,A
367168000,2022-01-04T11:09:20,48.75650,-122.49808,0.0,151.9,294.0,BLUE MANTA,,WDM7277,60,15,22,8,0.0,0,A
367168000,2022-01-04T11:11:38,48.75650,-122.49807,0.0,354.9,294.0,BLUE MANTA,,WDM7277,60,15,22,8,0.0,0,A
367168000,2022-01-04T11:15:00,48.75650,-122.49808,0.0,173.2,294.0,BLUE MANTA,,WDM7277,60,15,22,8,0.0,0,A
367168000,2022-01-04T09:58:39,48.75650,-122.49808,0.0,251.6,294.0,BLUE MANTA,,WDM7277,60,15,22,8,0.0,0,A
367168000,2022-01-04T09:59:50,48.75650,-122.49808,0.0,217.7,294.0,BLUE MANTA,,WDM7277,60,15,22,8,0.0,0,A
367168000,2022-01-04T11:16:09,48.75650,-122.49809,0.0,171.5,294.0,BLUE MANTA,,WDM7277,60,15,22,8,0.0,0,A
367168000,2022-01-04T11:20:49,48.75650,-122.49807,0.0,200.1,294.0,BLUE MANTA,,WDM7277,60,15,22,8,0.0,0,A
367168000,2022-01-04T10:02:18,48.75650,-122.49807,0.0,338.4,295.0,BLUE MANTA,,WDM7277,60,15,22,8,0.0,0,A
367168000,2022-01-04T10:49:59,48.75649,-122.49808,0.0,344.6,293.0,BLUE MANTA,,WDM7277,60,15,22,8,0.0,0,A
367168000,2022-01-04T10:05:39,48.75650,-122.49808,0.0,203.7,294.0,BLUE MANTA,,WDM7277,60,15,22,8,0.0,0,A
367168000,2022-01-04T10:32:50,48.75651,-122.49810,0.0,334.6,294.0,BLUE MANTA,,WDM7277,60,15,22,8,0.0,0,A
367168000,2022-01-04T10:53:30,48.75650,-122.49808,0.0,331.4,294.0,BLUE MANTA,,WDM7277,60,15,22,8,0.0,0,A
367168000,2022-01-04T10:57:00,48.75650,-122.49808,0.0,7.5,293.0,BLUE MANTA,,WDM7277,60,15,22,8,0.0,0,A
367168000,2022-01-04T06:49:49,48.75650,-122.49807,0.0,178.4,294.0,BLUE MANTA,,WDM7277,60,15,22,8,0.0,0,A
367168000,2022-01-04T11:30:00,48.75651,-122.49808,0.0,349.5,293.0,BLUE MANTA,,WDM7277,60,15,22,8,0.0,0,A
367168000,2022-01-04T10:12:49,48.75650,-122.49806,0.0,276.6,295.0,BLUE MANTA,,WDM7277,60,15,22,8,0.0,0,A
367168000,2022-01-04T11:32:19,48.75650,-122.49808,0.0,66.2,294.0,BLUE MANTA,,WDM7277,60,15,22,8,0.0,0,A
367168000,2022-01-04T11:10:30,48.75651,-122.49807,0.0,175.4,294.0,BLUE MANTA,,WDM7277,60,15,22,8,0.0,0,A
367168000,2022-01-04T10:47:39,48.75650,-122.49809,0.0,335.9,293.0,BLUE MANTA,,WDM7277,60,15,22,8,0.0,0,A
367168000,2022-01-04T06:55:39,48.75649,-122.49809,0.0,11.4,294.0,BLUE MANTA,,WDM7277,60,15,22,8,0.0,0,A
367168000,2022-01-04T11:39:20,48.75651,-122.49808,0.0,50.7,294.0,BLUE MANTA,,WDM7277,60,15,22,8,0.0,0,A
367168000,2022-01-04T11:40:30,48.75650,-122.49809,0.0,5.9,294.0,BLUE MANTA,,WDM7277,60,15,22,8,0.0,0,A
367168000,2022-01-04T11:41:40,48.75652,-122.49807,0.0,14.6,294.0,BLUE MANTA,,WDM7277,60,15,22,8,0.0,0,A
367168000,2022-01-04T06:59:09,48.75650,-122.49808,0.0,313.9,294.0,BLUE MANTA,,WDM7277,60,15,22,8,0.0,0,A
367168000,2022-01-04T07:00:09,48.75649,-122.49806,0.0,192.2,294.0,BLUE MANTA,,WDM7277,60,15,22,8,0.0,0,A
367168000,2022-01-04T11:47:29,48.75651,-122.49808,0.0,336.3,294.0,BLUE MANTA,,WDM7277,60,15,22,8,0.0,0,A
367168000,2022-01-04T11:26:39,48.75651,-122.49808,0.0,357.4,294.0,BLUE MANTA,,WDM7277,60,15,22,8,0.0,0,A
367168000,2022-01-04T11:51:59,48.75651,-122.49809,0.0,259.2,295.0,BLUE MANTA,,WDM7277,60,15,22,8,0.0,0,A
367168000,2022-01-04T11:17:19,48.75650,-122.49809,0.0,194.5,293.0,BLUE MANTA,,WDM7277,60,15,22,8,0.0,0,A
367168000,2022-01-04T11:56:30,48.75651,-122.49808,0.0,318.6,295.0,BLUE MANTA,,WDM7277,60,15,22,8,0.0,0,A
367168000,2022-01-04T11:54:19,48.75650,-122.49808,0.0,208.3,294.0,BLUE MANTA,,WDM7277,60,15,22,8,0.0,0,A
367168000,2022-01-04T11:19:40,48.75651,-122.49809,0.0,184.2,294.0,BLUE MANTA,,WDM7277,60,15,22,8,0.0,0,A
367168000,2022-01-04T11:21:50,48.75650,-122.49808,0.0,189.6,293.0,BLUE MANTA,,WDM7277,60,15,22,8,0.0,0,A
367168000,2022-01-04T11:35:48,48.75650,-122.49807,0.0,46.3,293.0,BLUE MANTA,,WDM7277,60,15,22,8,0.0,0,A
367168000,2022-01-04T10:36:19,48.75650,-122.49808,0.0,99.3,294.0,BLUE MANTA,,WDM7277,60,15,22,8,0.0,0,A
367168000,2022-01-04T11:37:00,48.75650,-122.49808,0.0,318.9,293.0,BLUE MANTA,,WDM7277,60,15,22,8,0.0,0,A
367168000,2022-01-04T11:59:59,48.75651,-122.49807,0.0,204.0,295.0,BLUE MANTA,,WDM7277,60,15,22,8,0.0,0,A
367168000,2022-01-04T11:38:10,48.75650,-122.49808,0.0,13.8,293.0,BLUE MANTA,,WDM7277,60,15,22,8,0.0,0,A
367168000,2022-01-04T11:13:49,48.75650,-122.49808,0.0,161.2,294.0,BLUE MANTA,,WDM7277,60,15,22,8,0.0,0,A
367168000,2022-01-04T12:01:20,48.75651,-122.49808,0.0,300.0,294.0,BLUE MANTA,,WDM7277,60,15,22,8,0.0,0,A
367168000,2022-01-04T10:44:20,48.75650,-122.49810,0.0,349.3,294.0,BLUE MANTA,,WDM7277,60,15,22,8,0.0,0,A
367168000,2022-01-04T10:45:30,48.75651,-122.49809,0.0,284.8,294.0,BLUE MANTA,,WDM7277,60,15,22,8,0.0,0,A
367168000,2022-01-04T12:10:29,48.75650,-122.49808,0.0,10.5,295.0,BLUE MANTA,,WDM7277,60,15,22,8,0.0,0,A
367168000,2022-01-04T12:05:58,48.75650,-122.49807,0.0,3.6,294.0,BLUE MANTA,,WDM7277,60,15,22,8,0.0,0,A
367168000,2022-01-04T07:12:09,48.75650,-122.49807,0.0,118.4,294.0,BLUE MANTA,,WDM7277,60,15,22,8,0.0,0,A
367168000,2022-01-04T11:42:49,48.75650,-122.49808,0.0,21.3,294.0,BLUE MANTA,,WDM7277,60,15,22,8,0.0,0,A
367168000,2022-01-04T10:48:49,48.75651,-122.49808,0.0,284.4,293.0,BLUE MANTA,,WDM7277,60,15,22,8,0.0,0,A
367168000,2022-01-04T12:15:00,48.75651,-122.49807,0.0,324.3,294.0,BLUE MANTA,,WDM7277,60,15,22,8,0.0,0,A
367168000,2022-01-04T07:13:19,48.75649,-122.49808,0.0,354.7,293.0,BLUE MANTA,,WDM7277,60,15,22,8,0.0,0,A
367168000,2022-01-04T11:34:39,48.75650,-122.49807,0.0,310.6,293.0,BLUE MANTA,,WDM7277,60,15,22,8,0.0,0,A
367168000,2022-01-04T11:24:09,48.75650,-122.49808,0.0,188.7,294.0,BLUE MANTA,,WDM7277,60,15,22,8,0.0,0,A
367168000,2022-01-04T10:54:38,48.75651,-122.49809,0.0,214.5,293.0,BLUE MANTA,,WDM7277,60,15,22,8,0.0,0,A
367168000,2022-01-04T07:16:39,48.75650,-122.49806,0.0,108.7,294.0,BLUE MANTA,,WDM7277,60,15,22,8,0.0,0,A
367168000,2022-01-04T12:13:49,48.75651,-122.49809,0.0,205.5,295.0,BLUE MANTA,,WDM7277,60,15,22,8,0.0,0,A
367168000,2022-01-04T11:49:49,48.75651,-122.49808,0.0,289.8,295.0,BLUE MANTA,,WDM7277,60,15,22,8,0.0,0,A
367168000,2022-01-04T12:22:59,48.75651,-122.49807,0.0,240.7,293.0,BLUE MANTA,,WDM7277,60,15,22,8,0.0,0,A
367168000,2022-01-04T12:16:09,48.75651,-122.49809,0.0,344.1,294.0,BLUE MANTA,,WDM7277,60,15,22,8,0.0,0,A
367168000,2022-01-04T10:58:09,48.75650,-122.49810,0.0,164.9,294.0,BLUE MANTA,,WDM7277,60,15,22,8,0.0,0,A
367168000,2022-01-04T11:53:09,48.75650,-122.49809,0.0,204.6,294.0,BLUE MANTA,,WDM7277,60,15,22,8,0.0,0,A
367168000,2022-01-04T11:55:20,48.75650,-122.49807,0.0,283.2,295.0,BLUE MANTA,,WDM7277,60,15,22,8,0.0,0,A
367168000,2022-01-04T11:03:29,48.75651,-122.49809,0.0,177.5,294.0,BLUE MANTA,,WDM7277,60,15,22,8,0.0,0,A
367168000,2022-01-04T11:33:30,48.75651,-122.49808,0.0,332.0,294.0,BLUE MANTA,,WDM7277,60,15,22,8,0.0,0,A
367168000,2022-01-04T12:28:49,48.75651,-122.49809,0.0,245.7,295.0,BLUE MANTA,,WDM7277,60,15,22,8,0.0,0,A
367168000,2022-01-04T11:05:49,48.75649,-122.49807,0.0,165.5,294.0,BLUE MANTA,,WDM7277,60,15,22,8,0.0,0,A
367168000,2022-01-04T07:26:49,48.75649,-122.49808,0.0,141.8,294.0,BLUE MANTA,,WDM7277,60,15,22,8,0.0,0,A
367168000,2022-01-04T12:03:38,48.75651,-122.49807,0.0,201.6,294.0,BLUE MANTA,,WDM7277,60,15,22,8,0.0,0,A
367168000,2022-01-04T12:33:39,48.75651,-122.49809,0.0,352.1,294.0,BLUE MANTA,,WDM7277,60,15,22,8,0.0,0,A
367168000,2022-01-04T12:00:08,48.75650,-122.49808,0.0,224.0,295.0,BLUE MANTA,,WDM7277,60,15,22,8,0.0,0,A
367168000,2022-01-04T12:08:09,48.75650,-122.49806,0.0,289.6,295.0,BLUE MANTA,,WDM7277,60,15,22,8,0.0,0,A
367168000,2022-01-04T11:57:39,48.75651,-122.49808,0.0,172.8,295.0,BLUE MANTA,,WDM7277,60,15,22,8,0.0,0,A
367168000,2022-01-04T12:39:18,48.75650,-122.49808,0.0,303.7,294.0,BLUE MANTA,,WDM7277,60,15,22,8,0.0,0,A
367168000,2022-01-04T12:06:59,48.75649,-122.49807,0.0,196.7,295.0,BLUE MANTA,,WDM7277,60,15,22,8,0.0,0,A
367168000,2022-01-04T11:18:30,48.75650,-122.49808,0.0,187.8,293.0,BLUE MANTA,,WDM7277,60,15,22,8,0.0,0,A
367168000,2022-01-04T12:09:19,48.75650,-122.49808,0.0,300.0,295.0,BLUE MANTA,,WDM7277,60,15,22,8,0.0,0,A
367168000,2022-01-04T07:33:39,48.75649,-122.49806,0.0,265.6,295.0,BLUE MANTA,,WDM7277,60,15,22,8,0.0,0,A
367168000,2022-01-04T11:50:50,48.75651,-122.49808,0.0,163.6,295.0,BLUE MANTA,,WDM7277,60,15,22,8,0.0,0,A
367168000,2022-01-04T12:02:30,48.75650,-122.49807,0.0,223.3,294.0,BLUE MANTA,,WDM7277,60,15,22,8,0.0,0,A
367168000,2022-01-04T07:37:09,48.75649,-122.49809,0.0,355.5,295.0,BLUE MANTA,,WDM7277,60,15,22,8,0.0,0,A
367168000,2022-01-04T11:25:30,48.75650,-122.49808,0.0,255.3,294.0,BLUE MANTA,,WDM7277,60,15,22,8,0.0,0,A
367168000,2022-01-04T12:20:50,48.75651,-122.49808,0.0,327.4,294.0,BLUE MANTA,,WDM7277,60,15,22,8,0.0,0,A
367168000,2022-01-04T12:47:30,48.75652,-122.49808,0.0,203.7,295.0,BLUE MANTA,,WDM7277,60,15,22,8,0.0,0,A
367168000,2022-01-04T12:49:39,48.75651,-122.49808,0.0,327.6,295.0,BLUE MANTA,,WDM7277,60,15,22,8,0.0,0,A
367168000,2022-01-04T12:24:09,48.75651,-122.49809,0.0,168.0,293.0,BLUE MANTA,,WDM7277,60,15,22,8,0.0,0,A
367168000,2022-01-04T12:25:19,48.75652,-122.49808,0.0,335.3,293.0,BLUE MANTA,,WDM7277,60,15,22,8,0.0,0,A
367168000,2022-01-04T12:26:29,48.75651,-122.49810,0.0,359.8,294.0,BLUE MANTA,,WDM7277,60,15,22,8,0.0,0,A
367168000,2022-01-04T12:53:09,48.75650,-122.49808,0.0,2.0,295.0,BLUE MANTA,,WDM7277,60,15,22,8,0.0,0,A
367168000,2022-01-04T07:44:09,48.75649,-122.49809,0.0,307.7,294.0,BLUE MANTA,,WDM7277,60,15,22,8,0.0,0,A
367168000,2022-01-04T12:04:39,48.75650,-122.49808,0.0,194.0,294.0,BLUE MANTA,,WDM7277,60,15,22,8,0.0,0,A
367168000,2022-01-04T12:30:00,48.75651,-122.49808,0.0,212.8,294.0,BLUE MANTA,,WDM7277,60,15,22,8,0.0,0,A
367168000,2022-01-04T12:31:19,48.75651,-122.49808,0.0,214.9,295.0,BLUE MANTA,,WDM7277,60,15,22,8,0.0,0,A
367168000,2022-01-04T13:01:19,48.75651,-122.49808,0.0,351.0,295.0,BLUE MANTA,,WDM7277,60,15,22,8,0.0,0,A
367168000,2022-01-04T13:02:29,48.75652,-122.49808,0.0,327.1,295.0,BLUE MANTA,,WDM7277,60,15,22,8,0.0,0,A
367168000,2022-01-04T12:32:29,48.75651,-122.49808,0.0,349.2,295.0,BLUE MANTA,,WDM7277,60,15,22,8,0.0,0,A
367168000,2022-01-04T07:48:50,48.75649,-122.49808,0.0,351.8,294.0,BLUE MANTA,,WDM7277,60,15,22,8,0.0,0,A
367168000,2022-01-04T13:06:09,48.75651,-122.49808,0.0,355.8,295.0,BLUE MANTA,,WDM7277,60,15,22,8,0.0,0,A
367168000,2022-01-04T12:12:48,48.75650,-122.49808,0.0,244.3,295.0,BLUE MANTA,,WDM7277,60,15,22,8,0.0,0,A
367168000,2022-01-04T12:34:48,48.75651,-122.49809,0.0,314.8,294.0,BLUE MANTA,,WDM7277,60,15,22,8,0.0,0,A
367168000,2022-01-04T12:27:40,48.75652,-122.49808,0.0,231.7,294.0,BLUE MANTA,,WDM7277,60,15,22,8,0.0,0,A
367168000,2022-01-04T12:36:59,48.75650,-122.49808,0.0,352.0,294.0,BLUE MANTA,,WDM7277,60,15,22,8,0.0,0,A
367168000,2022-01-04T11:48:38,48.75651,-122.49809,0.0,240.0,294.0,BLUE MANTA,,WDM7277,60,15,22,8,0.0,0,A
367168000,2022-01-04T13:09:30,48.75651,-122.49808,0.0,330.0,295.0,BLUE MANTA,,WDM7277,60,15,22,8,0.0,0,A
367168000,2022-01-04T12:38:09,48.75651,-122.49809,0.0,36.7,294.0,BLUE MANTA,,WDM7277,60,15,22,8,0.0,0,A
367168000,2022-01-04T12:17:20,48.75650,-122.49807,0.0,171.6,293.0,BLUE MANTA,,WDM7277,60,15,22,8,0.0,0,A
367168000,2022-01-04T07:51:19,48.75649,-122.49807,0.0,1.9,294.0,BLUE MANTA,,WDM7277,60,15,22,8,0.0,0,A
367168000,2022-01-04T12:35:49,48.75651,-122.49808,0.0,339.7,294.0,BLUE MANTA,,WDM7277,60,15,22,8,0.0,0,A
367168000,2022-01-04T13:12:59,48.75650,-122.49808,0.0,343.8,295.0,BLUE MANTA,,WDM7277,60,15,22,8,0.0,0,A
367168000,2022-01-04T12:19:39,48.75651,-122.49807,0.0,187.1,293.0,BLUE MANTA,,WDM7277,60,15,22,8,0.0,0,A
367168000,2022-01-04T12:41:40,48.75652,-122.49809,0.0,180.5,295.0,BLUE MANTA,,WDM7277,60,15,22,8,0.0,0,A
367168000,2022-01-04T12:46:19,48.75651,-122.49807,0.0,21.3,295.0,BLUE MANTA,,WDM7277,60,15,22,8,0.0,0,A
367168000,2022-01-04T12:43:59,48.75650,-122.49809,0.0,348.4,295.0,BLUE MANTA,,WDM7277,60,15,22,8,0.0,0,A
367168000,2022-01-04T13:15:10,48.75651,-122.49808,0.0,331.7,295.0,BLUE MANTA,,WDM7277,60,15,22,8,0.0,0,A
367168000,2022-01-04T12:40:29,48.75651,-122.49809,0.0,349.1,295.0,BLUE MANTA,,WDM7277,60,15,22,8,0.0,0,A
367168000,2022-01-04T13:17:28,48.75651,-122.49807,0.0,310.9,295.0,BLUE MANTA,,WDM7277,60,15,22,8,0.0,0,A
367168000,2022-01-04T11:58:50,48.75650,-122.49808,0.0,70.4,295.0,BLUE MANTA,,WDM7277,60,15,22,8,0.0,0,A
367168000,2022-01-04T12:50:49,48.75651,-122.49808,0.0,15.3,295.0,BLUE MANTA,,WDM7277,60,15,22,8,0.0,0,A
367168000,2022-01-04T07:54:50,48.75650,-122.49808,0.0,331.1,294.0,BLUE MANTA,,WDM7277,60,15,22,8,0.0,0,A
367168000,2022-01-04T12:54:19,48.75651,-122.49808,0.0,352.3,295.0,BLUE MANTA,,WDM7277,60,15,22,8,0.0,0,A
367168000,2022-01-04T13:24:28,48.75650,-122.49808,0.0,261.0,294.0,BLUE MANTA,,WDM7277,60,15,22,8,0.0,0,A
367168000,2022-01-04T12:55:20,48.75652,-122.49809,0.0,317.3,295.0,BLUE MANTA,,WDM7277,60,15,22,8,0.0,0,A
367168000,2022-01-04T12:48:38,48.75651,-122.49810,0.0,337.9,295.0,BLUE MANTA,,WDM7277,60,15,22,8,0.0,0,A
367168000,2022-01-04T08:14:00,48.75650,-122.49808,0.0,190.0,295.0,BLUE MANTA,,WDM7277,60,15,22,8,0.0,0,A
367168000,2022-01-04T13:10:40,48.75651,-122.49808,0.0,290.9,295.0,BLUE MANTA,,WDM7277,60,15,22,8,0.0,0,A
367168000,2022-01-04T12:59:59,48.75651,-122.49807,0.0,272.0,295.0,BLUE MANTA,,WDM7277,60,15,22,8,0.0,0,A
367168000,2022-01-04T12:11:39,48.75650,-122.49808,0.0,209.8,295.0,BLUE MANTA,,WDM7277,60,15,22,8,0.0,0,A
367168000,2022-01-04T13:38:29,48.75650,-122.49807,0.0,63.2,294.0,BLUE MANTA,,WDM7277,60,15,22,8,0.0,0,A
367168000,2022-01-04T13:40:39,48.75649,-122.49807,0.0,189.8,294.0,BLUE MANTA,,WDM7277,60,15,22,8,0.0,0,A
367168000,2022-01-04T13:18:39,48.75650,-122.49807,0.0,220.2,295.0,BLUE MANTA,,WDM7277,60,15,22,8,0.0,0,A
367168000,2022-01-04T13:41:49,48.75650,-122.49808,0.0,164.8,294.0,BLUE MANTA,,WDM7277,60,15,22,8,0.0,0,A
367168000,2022-01-04T13:08:20,48.75651,-122.49807,0.0,344.4,295.0,BLUE MANTA,,WDM7277,60,15,22,8,0.0,0,A
367168000,2022-01-04T13:16:20,48.75651,-122.49807,0.0,322.6,295.0,BLUE MANTA,,WDM7277,60,15,22,8,0.0,0,A
367168000,2022-01-04T12:57:39,48.75651,-122.49808,0.0,340.9,295.0,BLUE MANTA,,WDM7277,60,15,22,8,0.0,0,A
367168000,2022-01-04T12:18:29,48.75650,-122.49808,0.0,203.2,293.0,BLUE MANTA,,WDM7277,60,15,22,8,0.0,0,A
367168000,2022-01-04T13:19:49,48.75651,-122.49807,0.0,298.5,295.0,BLUE MANTA,,WDM7277,60,15,22,8,0.0,0,A
367168000,2022-01-04T13:47:19,48.75651,-122.49807,0.0,175.8,294.0,BLUE MANTA,,WDM7277,60,15,22,8,0.0,0,A
367168000,2022-01-04T13:00:09,48.75651,-122.49808,0.0,257.6,294.0,BLUE MANTA,,WDM7277,60,15,22,8,0.0,0,A
367168000,2022-01-04T12:21:58,48.75650,-122.49808,0.0,311.8,294.0,BLUE MANTA,,WDM7277,60,15,22,8,0.0,0,A
367168000,2022-01-04T13:49:38,48.75651,-122.49809,0.0,6.7,294.0,BLUE MANTA,,WDM7277,60,15,22,8,0.0,0,A
367168000,2022-01-04T13:53:09,48.75650,-122.49807,0.0,200.3,294.0,BLUE MANTA,,WDM7277,60,15,22,8,0.0,0,A
367168000,2022-01-04T13:03:49,48.75651,-122.49808,0.0,302.5,294.0,BLUE MANTA,,WDM7277,60,15,22,8,0.0,0,A
367168000,2022-01-04T13:05:00,48.75651,-122.49807,0.0,325.5,294.0,BLUE MANTA,,WDM7277,60,15,22,8,0.0,0,A
367168000,2022-01-04T09:35:39,48.75650,-122.49807,0.0,191.4,295.0,BLUE MANTA,,WDM7277,60,15,22,8,0.0,0,A
367168000,2022-01-04T13:27:49,48.75650,-122.49808,0.0,125.5,295.0,BLUE MANTA,,WDM7277,60,15,22,8,0.0,0,A
367168000,2022-01-04T13:28:59,48.75651,-122.49807,0.0,89.0,295.0,BLUE MANTA,,WDM7277,60,15,22,8,0.0,0,A
367168000,2022-01-04T13:31:19,48.75652,-122.49806,0.0,181.3,294.0,BLUE MANTA,,WDM7277,60,15,22,8,0.0,0,A
367168000,2022-01-04T09:40:19,48.75650,-122.49809,0.0,158.3,295.0,BLUE MANTA,,WDM7277,60,15,22,8,0.0,0,A
367168000,2022-01-04T14:02:18,48.75650,-122.49805,0.0,351.4,294.0,BLUE MANTA,,WDM7277,60,15,22,8,0.0,0,A
367168000,2022-01-04T14:00:00,48.75650,-122.49808,0.0,15.3,294.0,BLUE MANTA,,WDM7277,60,15,22,8,0.0,0,A
367168000,2022-01-04T14:05:40,48.75650,-122.49807,0.0,295.5,295.0,BLUE MANTA,,WDM7277,60,15,22,8,0.0,0,A
367168000,2022-01-04T13:39:30,48.75650,-122.49808,0.0,325.5,294.0,BLUE MANTA,,WDM7277,60,15,22,8,0.0,0,A
367168000,2022-01-04T14:04:29,48.75651,-122.49807,0.0,224.5,294.0,BLUE MANTA,,WDM7277,60,15,22,8,0.0,0,A
367168000,2022-01-04T13:44:00,48.75650,-122.49809,0.0,159.5,294.0,BLUE MANTA,,WDM7277,60,15,22,8,0.0,0,A
367168000,2022-01-04T13:46:18,48.75651,-122.49808,0.0,358.1,294.0,BLUE MANTA,,WDM7277,60,15,22,8,0.0,0,A
367168000,2022-01-04T14:11:29,48.75650,-122.49807,0.0,281.7,294.0,BLUE MANTA,,WDM7277,60,15,22,8,0.0,0,A
367168000,2022-01-04T12:45:09,48.75650,-122.49807,0.0,2.6,295.0,BLUE MANTA,,WDM7277,60,15,22,8,0.0,0,A
367168000,2022-01-04T13:20:59,48.75650,-122.49807,0.0,337.5,296.0,BLUE MANTA,,WDM7277,60,15,22,8,0.0,0,A
367168000,2022-01-04T13:22:09,48.75652,-122.49809,0.0,255.0,296.0,BLUE MANTA,,WDM7277,60,15,22,8,0.0,0,A
367168000,2022-01-04T09:50:30,48.75650,-122.49808,0.0,33.6,294.0,BLUE MANTA,,WDM7277,60,15,22,8,0.0,0,A
367168000,2022-01-04T13:23:19,48.75650,-122.49808,0.0,193.4,295.0,BLUE MANTA,,WDM7277,60,15,22,8,0.0,0,A
367168000,2022-01-04T13:37:20,48.75651,-122.49807,0.0,0.0,294.0,BLUE MANTA,,WDM7277,60,15,22,8,0.0,0,A
367168000,2022-01-04T13:25:29,48.75650,-122.49806,0.0,174.4,295.0,BLUE MANTA,,WDM7277,60,15,22,8,0.0,0,A
367168000,2022-01-04T14:19:29,48.75650,-122.49809,0.0,359.1,294.0,BLUE MANTA,,WDM7277,60,15,22,8,0.0,0,A
367168000,2022-01-04T13:54:18,48.75650,-122.49806,0.0,285.5,294.0,BLUE MANTA,,WDM7277,60,15,22,8,0.0,0,A
367168000,2022-01-04T14:22:50,48.75650,-122.49809,0.0,351.7,294.0,BLUE MANTA,,WDM7277,60,15,22,8,0.0,0,A
367168000,2022-01-04T12:51:59,48.75650,-122.49807,0.0,278.8,294.0,BLUE MANTA,,WDM7277,60,15,22,8,0.0,0,A
367168000,2022-01-04T12:56:30,48.75652,-122.49808,0.0,313.4,295.0,BLUE MANTA,,WDM7277,60,15,22,8,0.0,0,A
367168000,2022-01-04T12:58:49,48.75651,-122.49808,0.0,347.1,295.0,BLUE MANTA,,WDM7277,60,15,22,8,0.0,0,A
367168000,2022-01-04T13:50:49,48.75651,-122.49807,0.0,354.1,294.0,BLUE MANTA,,WDM7277,60,15,22,8,0.0,0,A
367168000,2022-01-04T14:30:19,48.75650,-122.49809,0.0,330.1,294.0,BLUE MANTA,,WDM7277,60,15,22,8,0.0,0,A
367168000,2022-01-04T13:59:00,48.75650,-122.49808,0.0,339.5,294.0,BLUE MANTA,,WDM7277,60,15,22,8,0.0,0,A
367168000,2022-01-04T14:32:40,48.75649,-122.49807,0.0,325.3,294.0,BLUE MANTA,,WDM7277,60,15,22,8,0.0,0,A
367168000,2022-01-04T14:31:29,48.75649,-122.49809,0.0,13.5,294.0,BLUE MANTA,,WDM7277,60,15,22,8,0.0,0,A
367168000,2022-01-04T14:01:09,48.75650,-122.49808,0.0,247.9,294.0,BLUE MANTA,,WDM7277,60,15,22,8,0.0,0,A
367168000,2022-01-04T13:34:59,48.75651,-122.49808,0.0,164.4,295.0,BLUE MANTA,,WDM7277,60,15,22,8,0.0,0,A
367168000,2022-01-04T13:36:09,48.75651,-122.49808,0.0,182.1,294.0,BLUE MANTA,,WDM7277,60,15,22,8,0.0,0,A
367168000,2022-01-04T13:56:40,48.75650,-122.49807,0.0,182.5,294.0,BLUE MANTA,,WDM7277,60,15,22,8,0.0,0,A
367168000,2022-01-04T14:09:09,48.75650,-122.49808,0.0,359.3,295.0,BLUE MANTA,,WDM7277,60,15,22,8,0.0,0,A
367168000,2022-01-04T10:07:59,48.75650,-122.49808,0.0,200.2,294.0,BLUE MANTA,,WDM7277,60,15,22,8,0.0,0,A
367168000,2022-01-04T14:07:59,48.75650,-122.49808,0.0,194.5,294.0,BLUE MANTA,,WDM7277,60,15,22,8,0.0,0,A
367168000,2022-01-04T10:10:30,48.75651,-122.49808,0.0,311.7,294.0,BLUE MANTA,,WDM7277,60,15,22,8,0.0,0,A
367168000,2022-01-04T14:47:30,48.75649,-122.49809,0.0,27.9,294.0,BLUE MANTA,,WDM7277,60,15,22,8,0.0,0,A
367168000,2022-01-04T13:11:49,48.75650,-122.49807,0.0,228.2,295.0,BLUE MANTA,,WDM7277,60,15,22,8,0.0,0,A
367168000,2022-01-04T14:15:00,48.75650,-122.49807,0.0,20.4,294.0,BLUE MANTA,,WDM7277,60,15,22,8,0.0,0,A
367168000,2022-01-04T14:21:40,48.75650,-122.49808,0.0,352.5,294.0,BLUE MANTA,,WDM7277,60,15,22,8,0.0,0,A
367168000,2022-01-04T14:49:49,48.75648,-122.49808,0.0,26.0,295.0,BLUE MANTA,,WDM7277,60,15,22,8,0.0,0,A
367168000,2022-01-04T10:15:10,48.75650,-122.49808,0.0,0.3,295.0,BLUE MANTA,,WDM7277,60,15,22,8,0.0,0,A
367168000,2022-01-04T13:52:00,48.75650,-122.49809,0.0,227.9,294.0,BLUE MANTA,,WDM7277,60,15,22,8,0.0,0,A
367168000,2022-01-04T13:55:29,48.75650,-122.49807,0.0,188.0,294.0,BLUE MANTA,,WDM7277,60,15,22,8,0.0,0,A
367168000,2022-01-04T14:16:08,48.75650,-122.49807,0.0,290.9,294.0,BLUE MANTA,,WDM7277,60,15,22,8,0.0,0,A
367168000,2022-01-04T10:23:09,48.75652,-122.49809,0.0,278.8,295.0,BLUE MANTA,,WDM7277,60,15,22,8,0.0,0,A
367168000,2022-01-04T14:58:30,48.75648,-122.49809,0.0,10.3,294.0,BLUE MANTA,,WDM7277,60,15,22,8,0.0,0,A
367168000,2022-01-04T14:34:59,48.75649,-122.49807,0.0,327.8,294.0,BLUE MANTA,,WDM7277,60,15,22,8,0.0,0,A
367168000,2022-01-04T14:25:19,48.75650,-122.49808,0.0,335.4,294.0,BLUE MANTA,,WDM7277,60,15,22,8,0.0,0,A
367168000,2022-01-04T10:27:30,48.75650,-122.49809,0.0,309.3,294.0,BLUE MANTA,,WDM7277,60,15,22,8,0.0,0,A
367168000,2022-01-04T14:26:30,48.75650,-122.49808,0.0,260.4,294.0,BLUE MANTA,,WDM7277,60,15,22,8,0.0,0,A
367168000,2022-01-04T13:26:40,48.75652,-122.49807,0.0,141.0,295.0,BLUE MANTA,,WDM7277,60,15,22,8,0.0,0,A
367168000,2022-01-04T14:40:39,48.75650,-122.49810,0.0,20.8,294.0,BLUE MANTA,,WDM7277,60,15,22,8,0.0,0,A
367168000,2022-01-04T15:06:59,48.75648,-122.49808,0.0,15.0,294.0,BLUE MANTA,,WDM7277,60,15,22,8,0.0,0,A
367168000,2022-01-04T15:08:09,48.75648,-122.49808,0.0,13.7,294.0,BLUE MANTA,,WDM7277,60,15,22,8,0.0,0,A
367168000,2022-01-04T14:42:59,48.75650,-122.49809,0.0,46.5,294.0,BLUE MANTA,,WDM7277,60,15,22,8,0.0,0,A
367168000,2022-01-04T14:13:49,48.75651,-122.49808,0.0,232.3,294.0,BLUE MANTA,,WDM7277,60,15,22,8,0.0,0,A
367168000,2022-01-04T14:33:50,48.75649,-122.49808,0.0,18.4,294.0,BLUE MANTA,,WDM7277,60,15,22,8,0.0,0,A
367168000,2022-01-04T14:45:18,48.75649,-122.49807,0.0,14.6,293.0,BLUE MANTA,,WDM7277,60,15,22,8,0.0,0,A
367168000,2022-01-04T15:12:09,48.75649,-122.49809,0.0,63.0,294.0,BLUE MANTA,,WDM7277,60,15,22,8,0.0,0,A
367168000,2022-01-04T13:33:39,48.75651,-122.49808,0.0,171.8,294.0,BLUE MANTA,,WDM7277,60,15,22,8,0.0,0,A
367168000,2022-01-04T14:17:19,48.75650,-122.49809,0.0,337.4,294.0,BLUE MANTA,,WDM7277,60,15,22,8,0.0,0,A
367168000,2022-01-04T15:15:39,48.75649,-122.49809,0.0,17.5,294.0,BLUE MANTA,,WDM7277,60,15,22,8,0.0,0,A
367168000,2022-01-04T14:39:38,48.75650,-122.49808,0.0,26.8,294.0,BLUE MANTA,,WDM7277,60,15,22,8,0.0,0,A
367168000,2022-01-04T15:16:50,48.75648,-122.49809,0.0,215.5,294.0,BLUE MANTA,,WDM7277,60,15,22,8,0.0,0,A
367168000,2022-01-04T15:17:59,48.75650,-122.49808,0.0,238.8,294.0,BLUE MANTA,,WDM7277,60,15,22,8,0.0,0,A
367168000,2022-01-04T15:20:19,48.75649,-122.49809,0.0,218.5,294.0,BLUE MANTA,,WDM7277,60,15,22,8,0.0,0,A
367168000,2022-01-04T14:54:39,48.75650,-122.49808,0.0,140.4,294.0,BLUE MANTA,,WDM7277,60,15,22,8,0.0,0,A
367168000,2022-01-04T14:46:29,48.75649,-122.49808,0.0,41.9,294.0,BLUE MANTA,,WDM7277,60,15,22,8,0.0,0,A
367168000,2022-01-04T15:22:39,48.75649,-122.49808,0.0,256.6,294.0,BLUE MANTA,,WDM7277,60,15,22,8,0.0,0,A
367168000,2022-01-04T14:55:49,48.75649,-122.49809,0.0,43.4,294.0,BLUE MANTA,,WDM7277,60,15,22,8,0.0,0,A
367168000,2022-01-04T14:48:39,48.75649,-122.49808,0.0,26.4,294.0,BLUE MANTA,,WDM7277,60,15,22,8,0.0,0,A
367168000,2022-01-04T14:57:19,48.75649,-122.49808,0.0,33.8,294.0,BLUE MANTA,,WDM7277,60,15,22,8,0.0,0,A
367168000,2022-01-04T14:27:50,48.75650,-122.49808,0.0,343.1,295.0,BLUE MANTA,,WDM7277,60,15,22,8,0.0,0,A
367168000,2022-01-04T15:24:59,48.75649,-122.49807,0.0,267.4,294.0,BLUE MANTA,,WDM7277,60,15,22,8,0.0,0,A
367168000,2022-01-04T14:59:39,48.75650,-122.49810,0.0,353.1,294.0,BLUE MANTA,,WDM7277,60,15,22,8,0.0,0,A
367168000,2022-01-04T15:29:29,48.75648,-122.49808,0.0,268.3,295.0,BLUE MANTA,,WDM7277,60,15,22,8,0.0,0,A
367168000,2022-01-04T15:32:09,48.75649,-122.49809,0.0,242.3,294.0,BLUE MANTA,,WDM7277,60,15,22,8,0.0,0,A
367168000,2022-01-04T14:36:08,48.75649,-122.49807,0.0,24.7,294.0,BLUE MANTA,,WDM7277,60,15,22,8,0.0,0,A
367168000,2022-01-04T15:02:19,48.75649,-122.49808,0.0,158.2,295.0,BLUE MANTA,,WDM7277,60,15,22,8,0.0,0,A
367168000,2022-01-04T15:36:59,48.75650,-122.49808,0.0,326.3,294.0,BLUE MANTA,,WDM7277,60,15,22,8,0.0,0,A
367168000,2022-01-04T14:41:49,48.75650,-122.49809,0.0,13.4,294.0,BLUE MANTA,,WDM7277,60,15,22,8,0.0,0,A
367168000,2022-01-04T15:41:30,48.75649,-122.49808,0.0,338.1,294.0,BLUE MANTA,,WDM7277,60,15,22,8,0.0,0,A
367168000,2022-01-04T15:42:39,48.75650,-122.49809,0.0,255.2,294.0,BLUE MANTA,,WDM7277,60,15,22,8,0.0,0,A
367168000,2022-01-04T10:59:20,48.75649,-122.49808,0.0,139.5,293.0,BLUE MANTA,,WDM7277,60,15,22,8,0.0,0,A
367168000,2022-01-04T11:02:18,48.75650,-122.49809,0.0,168.9,293.0,BLUE MANTA,,WDM7277,60,15,22,8,0.0,0,A
367168000,2022-01-04T15:09:19,48.75649,-122.49809,0.0,177.2,294.0,BLUE MANTA,,WDM7277,60,15,22,8,0.0,0,A
367168000,2022-01-04T15:46:09,48.75649,-122.49809,0.0,114.8,294.0,BLUE MANTA,,WDM7277,60,15,22,8,0.0,0,A
367168000,2022-01-04T15:10:30,48.75649,-122.49810,0.0,312.9,294.0,BLUE MANTA,,WDM7277,60,15,22,8,0.0,0,A
367168000,2022-01-04T15:48:30,48.75649,-122.49809,0.0,165.1,294.0,BLUE MANTA,,WDM7277,60,15,22,8,0.0,0,A
367168000,2022-01-04T14:51:00,48.75648,-122.49808,0.0,10.5,295.0,BLUE MANTA,,WDM7277,60,15,22,8,0.0,0,A
367168000,2022-01-04T14:53:30,48.75649,-122.49809,0.0,129.8,294.0,BLUE MANTA,,WDM7277,60,15,22,8,0.0,0,A
367168000,2022-01-04T15:26:00,48.75650,-122.49809,0.0,330.1,294.0,BLUE MANTA,,WDM7277,60,15,22,8,0.0,0,A
367168000,2022-01-04T15:21:29,48.75649,-122.49808,0.0,266.7,294.0,BLUE MANTA,,WDM7277,60,15,22,8,0.0,0,A
367168000,2022-01-04T14:12:39,48.75650,-122.49808,0.0,320.3,294.0,BLUE MANTA,,WDM7277,60,15,22,8,0.0,0,A
367168000,2022-01-04T15:28:19,48.75648,-122.49808,0.0,189.6,295.0,BLUE MANTA,,WDM7277,60,15,22,8,0.0,0,A
367168000,2022-01-04T15:53:10,48.75649,-122.49808,0.0,279.5,294.0,BLUE MANTA,,WDM7277,60,15,22,8,0.0,0,A
367168000,2022-01-04T16:01:00,48.75649,-122.49810,0.0,154.8,294.0,BLUE MANTA,,WDM7277,60,15,22,8,0.0,0,A
367168000,2022-01-04T16:06:40,48.75649,-122.49808,0.0,84.6,294.0,BLUE MANTA,,WDM7277,60,15,22,8,0.0,0,A
367168000,2022-01-04T14:20:30,48.75650,-122.49808,0.0,356.8,294.0,BLUE MANTA,,WDM7277,60,15,22,8,0.0,0,A
367168000,2022-01-04T15:30:59,48.75649,-122.49808,0.0,221.7,294.0,BLUE MANTA,,WDM7277,60,15,22,8,0.0,0,A
367168000,2022-01-04T16:05:30,48.75649,-122.49811,0.0,40.2,294.0,BLUE MANTA,,WDM7277,60,15,22,8,0.0,0,A
367168000,2022-01-04T15:05:49,48.75649,-122.49809,0.0,17.3,294.0,BLUE MANTA,,WDM7277,60,15,22,8,0.0,0,A
367168000,2022-01-04T15:39:09,48.75649,-122.49808,0.0,274.1,294.0,BLUE MANTA,,WDM7277,60,15,22,8,0.0,0,A
367168000,2022-01-04T15:34:29,48.75649,-122.49807,0.0,333.2,295.0,BLUE MANTA,,WDM7277,60,15,22,8,0.0,0,A
367168000,2022-01-04T16:16:59,48.75650,-122.49809,0.0,143.9,293.0,BLUE MANTA,,WDM7277,60,15,22,8,0.0,0,A
367168000,2022-01-04T15:35:39,48.75650,-122.49808,0.0,327.3,295.0,BLUE MANTA,,WDM7277,60,15,22,8,0.0,0,A
367168000,2022-01-04T14:29:00,48.75650,-122.49808,0.0,325.8,294.0,BLUE MANTA,,WDM7277,60,15,22,8,0.0,0,A
367168000,2022-01-04T15:45:00,48.75648,-122.49808,0.0,306.6,294.0,BLUE MANTA,,WDM7277,60,15,22,8,0.0,0,A
367168000,2022-01-04T15:43:49,48.75649,-122.49809,0.0,181.8,294.0,BLUE MANTA,,WDM7277,60,15,22,8,0.0,0,A
367168000,2022-01-04T11:23:00,48.75650,-122.49808,0.0,149.6,293.0,BLUE MANTA,,WDM7277,60,15,22,8,0.0,0,A
367168000,2022-01-04T16:15:49,48.75649,-122.49809,0.0,166.0,293.0,BLUE MANTA,,WDM7277,60,15,22,8,0.0,0,A
367168000,2022-01-04T15:47:18,48.75649,-122.49809,0.0,167.6,294.0,BLUE MANTA,,WDM7277,60,15,22,8,0.0,0,A
367168000,2022-01-04T15:19:09,48.75649,-122.49809,0.0,287.1,294.0,BLUE MANTA,,WDM7277,60,15,22,8,0.0,0,A
367168000,2022-01-04T16:25:08,48.75649,-122.49808,0.0,156.8,294.0,BLUE MANTA,,WDM7277,60,15,22,8,0.0,0,A
367168000,2022-01-04T14:37:20,48.75650,-122.49808,0.0,11.4,293.0,BLUE MANTA,,WDM7277,60,15,22,8,0.0,0,A
367168000,2022-01-04T15:49:38,48.75649,-122.49808,0.0,349.3,294.0,BLUE MANTA,,WDM7277,60,15,22,8,0.0,0,A
367168000,2022-01-04T15:50:50,48.75649,-122.49808,0.0,188.9,294.0,BLUE MANTA,,WDM7277,60,15,22,8,0.0,0,A
367168000,2022-01-04T14:38:29,48.75649,-122.49808,0.0,347.2,294.0,BLUE MANTA,,WDM7277,60,15,22,8,0.0,0,A
367168000,2022-01-04T15:54:19,48.75650,-122.49809,0.0,358.8,294.0,BLUE MANTA,,WDM7277,60,15,22,8,0.0,0,A
367168000,2022-01-04T11:27:40,48.75650,-122.49808,0.0,113.8,294.0,BLUE MANTA,,WDM7277,60,15,22,8,0.0,0,A
367168000,2022-01-04T11:28:50,48.75650,-122.49807,0.0,170.1,293.0,BLUE MANTA,,WDM7277,60,15,22,8,0.0,0,A
367168000,2022-01-04T15:58:40,48.75649,-122.49808,0.0,192.0,294.0,BLUE MANTA,,WDM7277,60,15,22,8,0.0,0,A
367168000,2022-01-04T15:57:39,48.75649,-122.49809,0.0,329.5,294.0,BLUE MANTA,,WDM7277,60,15,22,8,0.0,0,A
367168000,2022-01-04T16:02:10,48.75650,-122.49811,0.0,138.8,294.0,BLUE MANTA,,WDM7277,60,15,22,8,0.0,0,A
367168000,2022-01-04T15:56:38,48.75649,-122.49809,0.0,10.2,293.0,BLUE MANTA,,WDM7277,60,15,22,8,0.0,0,A
367168000,2022-01-04T11:31:08,48.75650,-122.49808,0.0,213.1,293.0,BLUE MANTA,,WDM7277,60,15,22,8,0.0,0,A
367168000,2022-01-04T16:04:29,48.75650,-122.49809,0.0,146.3,294.0,BLUE MANTA,,WDM7277,60,15,22,8,0.0,0,A
367168000,2022-01-04T16:03:18,48.75650,-122.49810,0.0,132.5,294.0,BLUE MANTA,,WDM7277,60,15,22,8,0.0,0,A
367168000,2022-01-04T16:10:00,48.75650,-122.49808,0.0,178.5,294.0,BLUE MANTA,,WDM7277,60,15,22,8,0.0,0,A
367168000,2022-01-04T16:13:28,48.75650,-122.49809,0.0,137.9,293.0,BLUE MANTA,,WDM7277,60,15,22,8,0.0,0,A
367168000,2022-01-04T16:33:19,48.75649,-122.49809,0.0,158.2,294.0,BLUE MANTA,,WDM7277,60,15,22,8,0.0,0,A
367168000,2022-01-04T16:14:39,48.75650,-122.49809,0.0,173.3,293.0,BLUE MANTA,,WDM7277,60,15,22,8,0.0,0,A
367168000,2022-01-04T11:43:59,48.75650,-122.49807,0.0,317.7,294.0,BLUE MANTA,,WDM7277,60,15,22,8,0.0,0,A
367168000,2022-01-04T11:45:09,48.75650,-122.49808,0.0,345.1,294.0,BLUE MANTA,,WDM7277,60,15,22,8,0.0,0,A
367168000,2022-01-04T11:46:18,48.75650,-122.49807,0.0,29.7,294.0,BLUE MANTA,,WDM7277,60,15,22,8,0.0,0,A
367168000,2022-01-04T16:18:08,48.75650,-122.49811,0.0,158.3,293.0,BLUE MANTA,,WDM7277,60,15,22,8,0.0,0,A
367168000,2022-01-04T16:52:40,48.75650,-122.49809,0.0,343.6,293.0,BLUE MANTA,,WDM7277,60,15,22,8,0.0,0,A
367168000,2022-01-04T14:59:59,48.75649,-122.49809,0.0,89.1,294.0,BLUE MANTA,,WDM7277,60,15,22,8,0.0,0,A
367168000,2022-01-04T16:22:50,48.75650,-122.49809,0.0,165.1,294.0,BLUE MANTA,,WDM7277,60,15,22,8,0.0,0,A
367168000,2022-01-04T16:54:59,48.75649,-122.49810,0.0,311.6,293.0,BLUE MANTA,,WDM7277,60,15,22,8,0.0,0,A
367168000,2022-01-04T15:01:08,48.75649,-122.49808,0.0,140.4,294.0,BLUE MANTA,,WDM7277,60,15,22,8,0.0,0,A
367168000,2022-01-04T16:56:09,48.75650,-122.49809,0.0,301.1,293.0,BLUE MANTA,,WDM7277,60,15,22,8,0.0,0,A
367168000,2022-01-04T16:46:49,48.75650,-122.49809,0.0,32.2,294.0,BLUE MANTA,,WDM7277,60,15,22,8,0.0,0,A
367168000,2022-01-04T16:47:59,48.75650,-122.49809,0.0,347.2,294.0,BLUE MANTA,,WDM7277,60,15,22,8,0.0,0,A
367168000,2022-01-04T15:04:39,48.75649,-122.49808,0.0,45.7,294.0,BLUE MANTA,,WDM7277,60,15,22,8,0.0,0,A
367168000,2022-01-04T16:27:30,48.75649,-122.49808,0.0,155.4,293.0,BLUE MANTA,,WDM7277,60,15,22,8,0.0,0,A
367168000,2022-01-04T16:28:40,48.75650,-122.49809,0.0,114.1,293.0,BLUE MANTA,,WDM7277,60,15,22,8,0.0,0,A
367168000,2022-01-04T16:29:49,48.75650,-122.49809,0.0,155.7,294.0,BLUE MANTA,,WDM7277,60,15,22,8,0.0,0,A
367168000,2022-01-04T16:30:59,48.75648,-122.49809,0.0,118.5,294.0,BLUE MANTA,,WDM7277,60,15,22,8,0.0,0,A
367168000,2022-01-04T16:32:09,48.75650,-122.49809,0.0,135.3,294.0,BLUE MANTA,,WDM7277,60,15,22,8,0.0,0,A
367168000,2022-01-04T17:08:19,48.75650,-122.49809,0.0,218.5,293.0,BLUE MANTA,,WDM7277,60,15,22,8,0.0,0,A
367168000,2022-01-04T16:58:20,48.75649,-122.49810,0.0,301.0,293.0,BLUE MANTA,,WDM7277,60,15,22,8,0.0,0,A
367168000,2022-01-04T16:39:08,48.75650,-122.49809,0.0,1.6,294.0,BLUE MANTA,,WDM7277,60,15,22,8,0.0,0,A
367168000,2022-01-04T16:36:49,48.75650,-122.49811,0.0,270.6,294.0,BLUE MANTA,,WDM7277,60,15,22,8,0.0,0,A
367168000,2022-01-04T16:59:30,48.75649,-122.49809,0.0,309.0,293.0,BLUE MANTA,,WDM7277,60,15,22,8,0.0,0,A
367168000,2022-01-04T16:08:50,48.75649,-122.49809,0.0,163.4,294.0,BLUE MANTA,,WDM7277,60,15,22,8,0.0,0,A
367168000,2022-01-04T16:40:09,48.75650,-122.49809,0.0,296.9,293.0,BLUE MANTA,,WDM7277,60,15,22,8,0.0,0,A
367168000,2022-01-04T17:03:39,48.75650,-122.49809,0.0,142.3,294.0,BLUE MANTA,,WDM7277,60,15,22,8,0.0,0,A
367168000,2022-01-04T16:41:10,48.75649,-122.49810,0.0,306.7,293.0,BLUE MANTA,,WDM7277,60,15,22,8,0.0,0,A
367168000,2022-01-04T17:15:19,48.75650,-122.49809,0.0,334.4,293.0,BLUE MANTA,,WDM7277,60,15,22,8,0.0,0,A
367168000,2022-01-04T16:11:09,48.75650,-122.49808,0.0,125.1,294.0,BLUE MANTA,,WDM7277,60,15,22,8,0.0,0,A
367168000,2022-01-04T16:12:20,48.75650,-122.49809,0.0,206.1,294.0,BLUE MANTA,,WDM7277,60,15,22,8,0.0,0,A
367168000,2022-01-04T17:22:30,48.75650,-122.49809,0.0,270.7,293.0,BLUE MANTA,,WDM7277,60,15,22,8,0.0,0,A
367168000,2022-01-04T17:11:49,48.75650,-122.49809,0.0,272.3,293.0,BLUE MANTA,,WDM7277,60,15,22,8,0.0,0,A
367168000,2022-01-04T16:53:49,48.75650,-122.49810,0.0,318.8,293.0,BLUE MANTA,,WDM7277,60,15,22,8,0.0,0,A
367168000,2022-01-04T17:27:18,48.75649,-122.49809,0.0,210.8,292.0,BLUE MANTA,,WDM7277,60,15,22,8,0.0,0,A
367168000,2022-01-04T17:16:29,48.75650,-122.49809,0.0,346.0,293.0,BLUE MANTA,,WDM7277,60,15,22,8,0.0,0,A
367168000,2022-01-04T16:50:20,48.75649,-122.49809,0.0,318.1,293.0,BLUE MANTA,,WDM7277,60,15,22,8,0.0,0,A
367168000,2022-01-04T16:19:19,48.75651,-122.49809,0.0,137.3,292.0,BLUE MANTA,,WDM7277,60,15,22,8,0.0,0,A
367168000,2022-01-04T17:18:59,48.75651,-122.49807,0.0,11.6,293.0,BLUE MANTA,,WDM7277,60,15,22,8,0.0,0,A
367168000,2022-01-04T17:00:09,48.75650,-122.49809,0.0,345.3,293.0,BLUE MANTA,,WDM7277,60,15,22,8,0.0,0,A
367168000,2022-01-04T16:23:59,48.75650,-122.49809,0.0,145.5,294.0,BLUE MANTA,,WDM7277,60,15,22,8,0.0,0,A
367168000,2022-01-04T16:57:19,48.75650,-122.49809,0.0,336.4,293.0,BLUE MANTA,,WDM7277,60,15,22,8,0.0,0,A
367168000,2022-01-04T17:01:20,48.75649,-122.49810,0.0,301.7,293.0,BLUE MANTA,,WDM7277,60,15,22,8,0.0,0,A
367168000,2022-01-04T17:35:20,48.75651,-122.49809,0.0,172.1,294.0,BLUE MANTA,,WDM7277,60,15,22,8,0.0,0,A
367168000,2022-01-04T17:04:49,48.75649,-122.49810,0.0,251.0,293.0,BLUE MANTA,,WDM7277,60,15,22,8,0.0,0,A
367168000,2022-01-04T15:33:19,48.75649,-122.49809,0.0,261.5,294.0,BLUE MANTA,,WDM7277,60,15,22,8,0.0,0,A
367168000,2022-01-04T17:05:59,48.75649,-122.49809,0.0,180.1,293.0,BLUE MANTA,,WDM7277,60,15,22,8,0.0,0,A
367168000,2022-01-04T17:02:30,48.75649,-122.49809,0.0,178.4,294.0,BLUE MANTA,,WDM7277,60,15,22,8,0.0,0,A
367168000,2022-01-04T17:41:09,48.75650,-122.49809,0.0,12.4,294.0,BLUE MANTA,,WDM7277,60,15,22,8,0.0,0,A
367168000,2022-01-04T17:44:49,48.75651,-122.49810,0.0,229.5,295.0,BLUE MANTA,,WDM7277,60,15,22,8,0.0,0,A
367168000,2022-01-04T17:07:09,48.75649,-122.49809,0.0,222.1,293.0,BLUE MANTA,,WDM7277,60,15,22,8,0.0,0,A
367168000,2022-01-04T16:35:39,48.75650,-122.49808,0.0,281.6,294.0,BLUE MANTA,,WDM7277,60,15,22,8,0.0,0,A
367168000,2022-01-04T17:14:09,48.75650,-122.49808,0.0,309.9,293.0,BLUE MANTA,,WDM7277,60,15,22,8,0.0,0,A
367168000,2022-01-04T15:38:00,48.75649,-122.49810,0.0,321.3,294.0,BLUE MANTA,,WDM7277,60,15,22,8,0.0,0,A
367168000,2022-01-04T17:34:09,48.75650,-122.49809,0.0,163.9,293.0,BLUE MANTA,,WDM7277,60,15,22,8,0.0,0,A
367168000,2022-01-04T17:52:39,48.75651,-122.49808,0.0,146.5,294.0,BLUE MANTA,,WDM7277,60,15,22,8,0.0,0,A
367168000,2022-01-04T17:53:48,48.75650,-122.49809,0.0,276.6,294.0,BLUE MANTA,,WDM7277,60,15,22,8,0.0,0,A
367168000,2022-01-04T17:37:40,48.75650,-122.49809,0.0,193.8,294.0,BLUE MANTA,,WDM7277,60,15,22,8,0.0,0,A
367168000,2022-01-04T17:17:40,48.75649,-122.49809,0.0,200.9,293.0,BLUE MANTA,,WDM7277,60,15,22,8,0.0,0,A
367168000,2022-01-04T12:42:49,48.75651,-122.49808,0.0,350.4,295.0,BLUE MANTA,,WDM7277,60,15,22,8,0.0,0,A
367168000,2022-01-04T17:57:19,48.75651,-122.49807,0.0,179.6,294.0,BLUE MANTA,,WDM7277,60,15,22,8,0.0,0,A
367168000,2022-01-04T16:42:18,48.75650,-122.49810,0.0,354.7,294.0,BLUE MANTA,,WDM7277,60,15,22,8,0.0,0,A
367168000,2022-01-04T16:43:29,48.75650,-122.49809,0.0,346.9,294.0,BLUE MANTA,,WDM7277,60,15,22,8,0.0,0,A
367168000,2022-01-04T18:02:20,48.75651,-122.49809,0.0,189.6,295.0,BLUE MANTA,,WDM7277,60,15,22,8,0.0,0,A
367168000,2022-01-04T16:45:48,48.75649,-122.49810,0.0,346.6,293.0,BLUE MANTA,,WDM7277,60,15,22,8,0.0,0,A
367168000,2022-01-04T17:25:00,48.75651,-122.49809,0.0,185.8,292.0,BLUE MANTA,,WDM7277,60,15,22,8,0.0,0,A
367168000,2022-01-04T18:07:20,48.75651,-122.49808,0.0,223.0,295.0,BLUE MANTA,,WDM7277,60,15,22,8,0.0,0,A
367168000,2022-01-04T17:29:29,48.75650,-122.49810,0.0,179.3,293.0,BLUE MANTA,,WDM7277,60,15,22,8,0.0,0,A
367168000,2022-01-04T16:51:29,48.75650,-122.49809,0.0,278.8,293.0,BLUE MANTA,,WDM7277,60,15,22,8,0.0,0,A
367168000,2022-01-04T17:26:08,48.75650,-122.49808,0.0,238.0,292.0,BLUE MANTA,,WDM7277,60,15,22,8,0.0,0,A
367168000,2022-01-04T18:08:29,48.75651,-122.49807,0.0,244.9,295.0,BLUE MANTA,,WDM7277,60,15,22,8,0.0,0,A
367168000,2022-01-04T17:58:30,48.75650,-122.49809,0.0,94.7,294.0,BLUE MANTA,,WDM7277,60,15,22,8,0.0,0,A
367168000,2022-01-04T18:00:00,48.75651,-122.49808,0.0,123.4,294.0,BLUE MANTA,,WDM7277,60,15,22,8,0.0,0,A
367168000,2022-01-04T17:38:49,48.75650,-122.49809,0.0,326.6,294.0,BLUE MANTA,,WDM7277,60,15,22,8,0.0,0,A
367168000,2022-01-04T17:43:39,48.75650,-122.49810,0.0,216.6,295.0,BLUE MANTA,,WDM7277,60,15,22,8,0.0,0,A
367168000,2022-01-04T18:21:09,48.75650,-122.49808,0.0,324.6,295.0,BLUE MANTA,,WDM7277,60,15,22,8,0.0,0,A
367168000,2022-01-04T13:07:10,48.75651,-122.49808,0.0,252.9,295.0,BLUE MANTA,,WDM7277,60,15,22,8,0.0,0,A
367168000,2022-01-04T16:07:49,48.75650,-122.49808,0.0,181.4,294.0,BLUE MANTA,,WDM7277,60,15,22,8,0.0,0,A
367168000,2022-01-04T17:09:29,48.75648,-122.49809,0.0,90.2,293.0,BLUE MANTA,,WDM7277,60,15,22,8,0.0,0,A
367168000,2022-01-04T17:49:10,48.75651,-122.49809,0.0,81.2,294.0,BLUE MANTA,,WDM7277,60,15,22,8,0.0,0,A
367168000,2022-01-04T17:50:19,48.75651,-122.49809,0.0,5.6,295.0,BLUE MANTA,,WDM7277,60,15,22,8,0.0,0,A
367168000,2022-01-04T18:33:59,48.75651,-122.49810,0.0,222.6,295.0,BLUE MANTA,,WDM7277,60,15,22,8,0.0,0,A
367168000,2022-01-04T13:14:09,48.75650,-122.49807,0.0,333.6,296.0,BLUE MANTA,,WDM7277,60,15,22,8,0.0,0,A
367168000,2022-01-04T16:20:29,48.75650,-122.49809,0.0,157.0,293.0,BLUE MANTA,,WDM7277,60,15,22,8,0.0,0,A
367168000,2022-01-04T18:24:39,48.75650,-122.49809,0.0,301.2,296.0,BLUE MANTA,,WDM7277,60,15,22,8,0.0,0,A
367168000,2022-01-04T18:30:20,48.75650,-122.49808,0.0,115.5,296.0,BLUE MANTA,,WDM7277,60,15,22,8,0.0,0,A
367168000,2022-01-04T18:04:39,48.75650,-122.49809,0.0,258.7,294.0,BLUE MANTA,,WDM7277,60,15,22,8,0.0,0,A
367168000,2022-01-04T18:06:00,48.75650,-122.49809,0.0,355.0,295.0,BLUE MANTA,,WDM7277,60,15,22,8,0.0,0,A
367168000,2022-01-04T18:09:30,48.75651,-122.49807,0.0,202.1,295.0,BLUE MANTA,,WDM7277,60,15,22,8,0.0,0,A
367168000,2022-01-04T17:31:50,48.75648,-122.49809,0.0,314.8,293.0,BLUE MANTA,,WDM7277,60,15,22,8,0.0,0,A
367168000,2022-01-04T13:30:09,48.75651,-122.49808,0.0,130.9,294.0,BLUE MANTA,,WDM7277,60,15,22,8,0.0,0,A
367168000,2022-01-04T18:18:50,48.75650,-122.49809,0.0,252.5,295.0,BLUE MANTA,,WDM7277,60,15,22,8,0.0,0,A
367168000,2022-01-04T13:32:29,48.75651,-122.49808,0.0,172.2,294.0,BLUE MANTA,,WDM7277,60,15,22,8,0.0,0,A
367168000,2022-01-04T18:22:19,48.75650,-122.49808,0.0,280.5,295.0,BLUE MANTA,,WDM7277,60,15,22,8,0.0,0,A
367168000,2022-01-04T18:23:29,48.75650,-122.49806,0.0,316.4,295.0,BLUE MANTA,,WDM7277,60,15,22,8,0.0,0,A
367168000,2022-01-04T16:44:39,48.75650,-122.49808,0.0,13.2,294.0,BLUE MANTA,,WDM7277,60,15,22,8,0.0,0,A
367168000,2022-01-04T17:45:50,48.75649,-122.49809,0.0,297.4,294.0,BLUE MANTA,,WDM7277,60,15,22,8,0.0,0,A
367168000,2022-01-04T17:46:59,48.75651,-122.49807,0.0,345.3,294.0,BLUE MANTA,,WDM7277,60,15,22,8,0.0,0,A
367168000,2022-01-04T18:29:19,48.75649,-122.49809,0.0,271.6,296.0,BLUE MANTA,,WDM7277,60,15,22,8,0.0,0,A
367168000,2022-01-04T13:42:59,48.75650,-122.49808,0.0,184.2,293.0,BLUE MANTA,,WDM7277,60,15,22,8,0.0,0,A
367168000,2022-01-04T18:25:50,48.75650,-122.49807,0.0,241.8,295.0,BLUE MANTA,,WDM7277,60,15,22,8,0.0,0,A
367168000,2022-01-04T13:45:09,48.75650,-122.49806,0.0,194.5,294.0,BLUE MANTA,,WDM7277,60,15,22,8,0.0,0,A
367168000,2022-01-04T18:32:39,48.75649,-122.49810,0.0,321.1,296.0,BLUE MANTA,,WDM7277,60,15,22,8,0.0,0,A
367168000,2022-01-04T16:49:10,48.75650,-122.49810,0.0,316.6,293.0,BLUE MANTA,,WDM7277,60,15,22,8,0.0,0,A
367168000,2022-01-04T18:28:09,48.75650,-122.49808,0.0,261.9,295.0,BLUE MANTA,,WDM7277,60,15,22,8,0.0,0,A
367168000,2022-01-04T18:37:30,48.75650,-122.49811,0.0,206.5,295.0,BLUE MANTA,,WDM7277,60,15,22,8,0.0,0,A
367168000,2022-01-04T13:48:30,48.75650,-122.49808,0.0,266.0,294.0,BLUE MANTA,,WDM7277,60,15,22,8,0.0,0,A
367168000,2022-01-04T18:39:58,48.75650,-122.49808,0.0,260.7,295.0,BLUE MANTA,,WDM7277,60,15,22,8,0.0,0,A
367168000,2022-01-04T19:19:00,48.75650,-122.49808,0.0,310.2,293.0,BLUE MANTA,,WDM7277,60,15,22,8,0.0,0,A
367168000,2022-01-04T19:20:10,48.75650,-122.49810,0.0,190.2,293.0,BLUE MANTA,,WDM7277,60,15,22,8,0.0,0,A
367168000,2022-01-04T18:38:39,48.75651,-122.49807,0.0,215.6,295.0,BLUE MANTA,,WDM7277,60,15,22,8,0.0,0,A
367168000,2022-01-04T17:59:39,48.75650,-122.49809,0.0,218.7,294.0,BLUE MANTA,,WDM7277,60,15,22,8,0.0,0,A
367168000,2022-01-04T19:24:38,48.75649,-122.49807,0.0,195.5,293.0,BLUE MANTA,,WDM7277,60,15,22,8,0.0,0,A
367168000,2022-01-04T18:01:09,48.75651,-122.49808,0.0,167.1,295.0,BLUE MANTA,,WDM7277,60,15,22,8,0.0,0,A
367168000,2022-01-04T18:44:28,48.75649,-122.49807,0.0,261.1,295.0,BLUE MANTA,,WDM7277,60,15,22,8,0.0,0,A
367168000,2022-01-04T13:57:50,48.75650,-122.49807,0.0,204.3,294.0,BLUE MANTA,,WDM7277,60,15,22,8,0.0,0,A
367168000,2022-01-04T18:51:19,48.75650,-122.49808,0.0,93.0,295.0,BLUE MANTA,,WDM7277,60,15,22,8,0.0,0,A
367168000,2022-01-04T19:17:50,48.75650,-122.49808,0.0,19.1,293.0,BLUE MANTA,,WDM7277,60,15,22,8,0.0,0,A
367168000,2022-01-04T18:54:59,48.75650,-122.49807,0.0,326.1,294.0,BLUE MANTA,,WDM7277,60,15,22,8,0.0,0,A
367168000,2022-01-04T18:52:29,48.75650,-122.49808,0.0,259.3,294.0,BLUE MANTA,,WDM7277,60,15,22,8,0.0,0,A
367168000,2022-01-04T14:03:19,48.75651,-122.49807,0.0,33.5,294.0,BLUE MANTA,,WDM7277,60,15,22,8,0.0,0,A
367168000,2022-01-04T18:57:19,48.75649,-122.49809,0.0,183.6,295.0,BLUE MANTA,,WDM7277,60,15,22,8,0.0,0,A
367168000,2022-01-04T18:58:30,48.75650,-122.49808,0.0,330.9,295.0,BLUE MANTA,,WDM7277,60,15,22,8,0.0,0,A
367168000,2022-01-04T18:56:09,48.75650,-122.49808,0.0,147.2,295.0,BLUE MANTA,,WDM7277,60,15,22,8,0.0,0,A
367168000,2022-01-04T14:06:49,48.75650,-122.49807,0.0,8.3,295.0,BLUE MANTA,,WDM7277,60,15,22,8,0.0,0,A
367168000,2022-01-04T18:59:40,48.75649,-122.49809,0.0,306.9,295.0,BLUE MANTA,,WDM7277,60,15,22,8,0.0,0,A
367168000,2022-01-04T19:25:40,48.75650,-122.49809,0.0,191.6,293.0,BLUE MANTA,,WDM7277,60,15,22,8,0.0,0,A
367168000,2022-01-04T19:00:09,48.75650,-122.49808,0.0,57.5,294.0,BLUE MANTA,,WDM7277,60,15,22,8,0.0,0,A
367168000,2022-01-04T14:10:20,48.75650,-122.49808,0.0,302.2,295.0,BLUE MANTA,,WDM7277,60,15,22,8,0.0,0,A
367168000,2022-01-04T19:01:19,48.75650,-122.49807,0.0,307.0,294.0,BLUE MANTA,,WDM7277,60,15,22,8,0.0,0,A
367168000,2022-01-04T19:03:40,48.75650,-122.49806,0.0,11.3,293.0,BLUE MANTA,,WDM7277,60,15,22,8,0.0,0,A
367168000,2022-01-04T19:30:19,48.75650,-122.49808,0.0,186.3,293.0,BLUE MANTA,,WDM7277,60,15,22,8,0.0,0,A
367168000,2022-01-04T17:12:59,48.75650,-122.49808,0.0,213.5,294.0,BLUE MANTA,,WDM7277,60,15,22,8,0.0,0,A
367168000,2022-01-04T19:48:29,48.75650,-122.49809,0.0,77.6,292.0,BLUE MANTA,,WDM7277,60,15,22,8,0.0,0,A
367168000,2022-01-04T19:34:49,48.75649,-122.49808,0.0,159.6,293.0,BLUE MANTA,,WDM7277,60,15,22,8,0.0,0,A
367168000,2022-01-04T19:07:18,48.75649,-122.49809,0.0,188.1,294.0,BLUE MANTA,,WDM7277,60,15,22,8,0.0,0,A
367168000,2022-01-04T19:06:00,48.75650,-122.49807,0.0,313.0,294.0,BLUE MANTA,,WDM7277,60,15,22,8,0.0,0,A
367168000,2022-01-04T14:18:20,48.75650,-122.49808,0.0,329.1,294.0,BLUE MANTA,,WDM7277,60,15,22,8,0.0,0,A
367168000,2022-01-04T19:12:00,48.75650,-122.49808,0.0,116.3,293.0,BLUE MANTA,,WDM7277,60,15,22,8,0.0,0,A
367168000,2022-01-04T19:10:39,48.75649,-122.49810,0.0,282.9,294.0,BLUE MANTA,,WDM7277,60,15,22,8,0.0,0,A
367168000,2022-01-04T17:20:09,48.75650,-122.49810,0.0,81.3,292.0,BLUE MANTA,,WDM7277,60,15,22,8,0.0,0,A
367168000,2022-01-04T19:13:09,48.75650,-122.49808,0.0,203.3,293.0,BLUE MANTA,,WDM7277,60,15,22,8,0.0,0,A
367168000,2022-01-04T19:55:19,48.75649,-122.49809,0.0,9.3,292.0,BLUE MANTA,,WDM7277,60,15,22,8,0.0,0,A
367168000,2022-01-04T19:14:20,48.75651,-122.49808,0.0,171.2,293.0,BLUE MANTA,,WDM7277,60,15,22,8,0.0,0,A
367168000,2022-01-04T17:21:29,48.75650,-122.49808,0.0,41.3,292.0,BLUE MANTA,,WDM7277,60,15,22,8,0.0,0,A
367168000,2022-01-04T19:42:39,48.75650,-122.49808,0.0,185.4,292.0,BLUE MANTA,,WDM7277,60,15,22,8,0.0,0,A
367168000,2022-01-04T14:24:09,48.75650,-122.49808,0.0,333.9,295.0,BLUE MANTA,,WDM7277,60,15,22,8,0.0,0,A
367168000,2022-01-04T19:16:39,48.75650,-122.49808,0.0,144.8,293.0,BLUE MANTA,,WDM7277,60,15,22,8,0.0,0,A
367168000,2022-01-04T19:45:00,48.75650,-122.49809,0.0,139.0,292.0,BLUE MANTA,,WDM7277,60,15,22,8,0.0,0,A
367168000,2022-01-04T18:36:18,48.75650,-122.49810,0.0,310.2,295.0,BLUE MANTA,,WDM7277,60,15,22,8,0.0,0,A
367168000,2022-01-04T19:49:38,48.75650,-122.49809,0.0,160.5,292.0,BLUE MANTA,,WDM7277,60,15,22,8,0.0,0,A
367168000,2022-01-04T18:41:08,48.75649,-122.49809,0.0,204.2,295.0,BLUE MANTA,,WDM7277,60,15,22,8,0.0,0,A
367168000,2022-01-04T17:28:19,48.75650,-122.49809,0.0,344.5,292.0,BLUE MANTA,,WDM7277,60,15,22,8,0.0,0,A
367168000,2022-01-04T19:27:59,48.75651,-122.49808,0.0,170.3,293.0,BLUE MANTA,,WDM7277,60,15,22,8,0.0,0,A
367168000,2022-01-04T19:59:49,48.75650,-122.49807,0.0,187.5,293.0,BLUE MANTA,,WDM7277,60,15,22,8,0.0,0,A
367168000,2022-01-04T19:31:30,48.75650,-122.49807,0.0,175.1,293.0,BLUE MANTA,,WDM7277,60,15,22,8,0.0,0,A
367168000,2022-01-04T18:46:38,48.75651,-122.49809,0.0,219.0,295.0,BLUE MANTA,,WDM7277,60,15,22,8,0.0,0,A
367168000,2022-01-04T18:47:50,48.75650,-122.49808,0.0,247.1,295.0,BLUE MANTA,,WDM7277,60,15,22,8,0.0,0,A
367168000,2022-01-04T18:49:00,48.75650,-122.49809,0.0,285.0,295.0,BLUE MANTA,,WDM7277,60,15,22,8,0.0,0,A
367168000,2022-01-04T17:36:29,48.75651,-122.49809,0.0,233.5,294.0,BLUE MANTA,,WDM7277,60,15,22,8,0.0,0,A
367168000,2022-01-04T19:29:10,48.75650,-122.49807,0.0,158.0,293.0,BLUE MANTA,,WDM7277,60,15,22,8,0.0,0,A
367168000,2022-01-04T19:33:48,48.75650,-122.49808,0.0,26.6,293.0,BLUE MANTA,,WDM7277,60,15,22,8,0.0,0,A
367168000,2022-01-04T14:44:08,48.75650,-122.49808,0.0,28.7,293.0,BLUE MANTA,,WDM7277,60,15,22,8,0.0,0,A
367168000,2022-01-04T19:37:09,48.75649,-122.49809,0.0,14.5,294.0,BLUE MANTA,,WDM7277,60,15,22,8,0.0,0,A
367168000,2022-01-04T17:39:59,48.75650,-122.49808,0.0,202.3,293.0,BLUE MANTA,,WDM7277,60,15,22,8,0.0,0,A
367168000,2022-01-04T17:42:29,48.75651,-122.49809,0.0,292.8,294.0,BLUE MANTA,,WDM7277,60,15,22,8,0.0,0,A
367168000,2022-01-04T19:46:08,48.75650,-122.49809,0.0,10.2,292.0,BLUE MANTA,,WDM7277,60,15,22,8,0.0,0,A
367168000,2022-01-04T19:40:29,48.75650,-122.49809,0.0,157.8,292.0,BLUE MANTA,,WDM7277,60,15,22,8,0.0,0,A
367168000,2022-01-04T14:52:19,48.75650,-122.49809,0.0,172.8,294.0,BLUE MANTA,,WDM7277,60,15,22,8,0.0,0,A
367168000,2022-01-04T20:32:00,48.75649,-122.49807,0.0,324.4,294.0,BLUE MANTA,,WDM7277,60,15,22,8,0.0,0,A
367168000,2022-01-04T19:02:30,48.75651,-122.49807,0.0,148.6,293.0,BLUE MANTA,,WDM7277,60,15,22,8,0.0,0,A
367168000,2022-01-04T19:04:48,48.75650,-122.49807,0.0,0.7,294.0,BLUE MANTA,,WDM7277,60,15,22,8,0.0,0,A
367168000,2022-01-04T20:34:19,48.75648,-122.49808,0.0,345.5,294.0,BLUE MANTA,,WDM7277,60,15,22,8,0.0,0,A
367168000,2022-01-04T19:47:19,48.75650,-122.49809,0.0,6.5,291.0,BLUE MANTA,,WDM7277,60,15,22,8,0.0,0,A
367168000,2022-01-04T19:54:09,48.75650,-122.49809,0.0,212.8,292.0,BLUE MANTA,,WDM7277,60,15,22,8,0.0,0,A
367168000,2022-01-04T17:54:59,48.75651,-122.49807,0.0,72.1,294.0,BLUE MANTA,,WDM7277,60,15,22,8,0.0,0,A
367168000,2022-01-04T19:50:39,48.75650,-122.49809,0.0,22.4,292.0,BLUE MANTA,,WDM7277,60,15,22,8,0.0,0,A
367168000,2022-01-04T20:38:50,48.75649,-122.49808,0.0,3.1,295.0,BLUE MANTA,,WDM7277,60,15,22,8,0.0,0,A
367168000,2022-01-04T19:53:00,48.75650,-122.49808,0.0,28.6,291.0,BLUE MANTA,,WDM7277,60,15,22,8,0.0,0,A
367168000,2022-01-04T17:56:09,48.75650,-122.49807,0.0,12.6,294.0,BLUE MANTA,,WDM7277,60,15,22,8,0.0,0,A
367168000,2022-01-04T20:28:40,48.75648,-122.49809,0.0,327.9,296.0,BLUE MANTA,,WDM7277,60,15,22,8,0.0,0,A
367168000,2022-01-04T19:56:29,48.75650,-122.49809,0.0,1.6,293.0,BLUE MANTA,,WDM7277,60,15,22,8,0.0,0,A
367168000,2022-01-04T15:03:28,48.75649,-122.49808,0.0,15.0,295.0,BLUE MANTA,,WDM7277,60,15,22,8,0.0,0,A
367168000,2022-01-04T18:03:30,48.75651,-122.49807,0.0,286.0,294.0,BLUE MANTA,,WDM7277,60,15,22,8,0.0,0,A
367168000,2022-01-04T19:58:39,48.75651,-122.49808,0.0,44.1,292.0,BLUE MANTA,,WDM7277,60,15,22,8,0.0,0,A
367168000,2022-01-04T20:03:38,48.75650,-122.49809,0.0,302.6,293.0,BLUE MANTA,,WDM7277,60,15,22,8,0.0,0,A
367168000,2022-01-04T20:55:09,48.75648,-122.49808,0.0,319.2,295.0,BLUE MANTA,,WDM7277,60,15,22,8,0.0,0,A
367168000,2022-01-04T18:10:39,48.75651,-122.49808,0.0,208.5,294.0,BLUE MANTA,,WDM7277,60,15,22,8,0.0,0,A
367168000,2022-01-04T20:10:29,48.75649,-122.49807,0.0,174.0,294.0,BLUE MANTA,,WDM7277,60,15,22,8,0.0,0,A
367168000,2022-01-04T19:22:19,48.75649,-122.49809,0.0,181.4,293.0,BLUE MANTA,,WDM7277,60,15,22,8,0.0,0,A
367168000,2022-01-04T20:12:38,48.75649,-122.49809,0.0,202.4,294.0,BLUE MANTA,,WDM7277,60,15,22,8,0.0,0,A
367168000,2022-01-04T18:14:08,48.75650,-122.49809,0.0,262.5,295.0,BLUE MANTA,,WDM7277,60,15,22,8,0.0,0,A
367168000,2022-01-04T20:08:20,48.75650,-122.49807,0.0,182.1,294.0,BLUE MANTA,,WDM7277,60,15,22,8,0.0,0,A
367168000,2022-01-04T15:13:19,48.75649,-122.49808,0.0,352.4,295.0,BLUE MANTA,,WDM7277,60,15,22,8,0.0,0,A
367168000,2022-01-04T20:09:28,48.75650,-122.49808,0.0,245.1,294.0,BLUE MANTA,,WDM7277,60,15,22,8,0.0,0,A
367168000,2022-01-04T20:15:49,48.75650,-122.49807,0.0,210.1,294.0,BLUE MANTA,,WDM7277,60,15,22,8,0.0,0,A
367168000,2022-01-04T15:14:30,48.75649,-122.49808,0.0,78.7,295.0,BLUE MANTA,,WDM7277,60,15,22,8,0.0,0,A
367168000,2022-01-04T21:02:29,48.75649,-122.49807,0.0,272.1,294.0,BLUE MANTA,,WDM7277,60,15,22,8,0.0,0,A
367168000,2022-01-04T18:16:30,48.75650,-122.49809,0.0,214.7,296.0,BLUE MANTA,,WDM7277,60,15,22,8,0.0,0,A
367168000,2022-01-04T20:17:00,48.75648,-122.49809,0.0,203.4,294.0,BLUE MANTA,,WDM7277,60,15,22,8,0.0,0,A
367168000,2022-01-04T20:11:30,48.75649,-122.49809,0.0,288.5,294.0,BLUE MANTA,,WDM7277,60,15,22,8,0.0,0,A
367168000,2022-01-04T20:52:49,48.75650,-122.49809,0.0,205.5,295.0,BLUE MANTA,,WDM7277,60,15,22,8,0.0,0,A
367168000,2022-01-04T20:20:29,48.75648,-122.49808,0.0,187.1,294.0,BLUE MANTA,,WDM7277,60,15,22,8,0.0,0,A
367168000,2022-01-04T20:25:09,48.75648,-122.49810,0.0,185.5,295.0,BLUE MANTA,,WDM7277,60,15,22,8,0.0,0,A
367168000,2022-01-04T20:18:09,48.75649,-122.49807,0.0,198.5,294.0,BLUE MANTA,,WDM7277,60,15,22,8,0.0,0,A
367168000,2022-01-04T20:21:40,48.75650,-122.49808,0.0,186.8,295.0,BLUE MANTA,,WDM7277,60,15,22,8,0.0,0,A
367168000,2022-01-04T20:19:19,48.75649,-122.49808,0.0,346.6,294.0,BLUE MANTA,,WDM7277,60,15,22,8,0.0,0,A
367168000,2022-01-04T19:39:21,48.75650,-122.49808,0.0,38.7,293.0,BLUE MANTA,,WDM7277,60,15,22,8,0.0,0,A
367168000,2022-01-04T20:27:30,48.75649,-122.49807,0.0,245.9,295.0,BLUE MANTA,,WDM7277,60,15,22,8,0.0,0,A
367168000,2022-01-04T20:29:49,48.75648,-122.49808,0.0,202.8,295.0,BLUE MANTA,,WDM7277,60,15,22,8,0.0,0,A
367168000,2022-01-04T15:23:50,48.75648,-122.49808,0.0,355.8,294.0,BLUE MANTA,,WDM7277,60,15,22,8,0.0,0,A
367168000,2022-01-04T20:30:59,48.75648,-122.49809,0.0,272.6,295.0,BLUE MANTA,,WDM7277,60,15,22,8,0.0,0,A
367168000,2022-01-04T21:07:09,48.75648,-122.49808,0.0,347.0,294.0,BLUE MANTA,,WDM7277,60,15,22,8,0.0,0,A
367168000,2022-01-04T15:27:08,48.75648,-122.49809,0.0,253.9,294.0,BLUE MANTA,,WDM7277,60,15,22,8,0.0,0,A
367168000,2022-01-04T18:31:30,48.75650,-122.49809,0.0,250.4,296.0,BLUE MANTA,,WDM7277,60,15,22,8,0.0,0,A
367168000,2022-01-04T18:35:10,48.75651,-122.49808,0.0,226.0,295.0,BLUE MANTA,,WDM7277,60,15,22,8,0.0,0,A
367168000,2022-01-04T21:24:30,48.75649,-122.49808,0.0,237.3,294.0,BLUE MANTA,,WDM7277,60,15,22,8,0.0,0,A
367168000,2022-01-04T21:15:19,48.75649,-122.49807,0.0,243.0,294.0,BLUE MANTA,,WDM7277,60,15,22,8,0.0,0,A
367168000,2022-01-04T20:48:08,48.75649,-122.49809,0.0,24.9,295.0,BLUE MANTA,,WDM7277,60,15,22,8,0.0,0,A
367168000,2022-01-04T21:17:29,48.75649,-122.49807,0.0,283.6,294.0,BLUE MANTA,,WDM7277,60,15,22,8,0.0,0,A
367168000,2022-01-04T15:40:20,48.75650,-122.49807,0.0,327.5,294.0,BLUE MANTA,,WDM7277,60,15,22,8,0.0,0,A
367168000,2022-01-04T21:19:50,48.75648,-122.49809,0.0,4.7,294.0,BLUE MANTA,,WDM7277,60,15,22,8,0.0,0,A
367168000,2022-01-04T20:51:40,48.75649,-122.49808,0.0,162.4,295.0,BLUE MANTA,,WDM7277,60,15,22,8,0.0,0,A
367168000,2022-01-04T20:46:59,48.75649,-122.49809,0.0,197.0,294.0,BLUE MANTA,,WDM7277,60,15,22,8,0.0,0,A
367168000,2022-01-04T21:31:39,48.75649,-122.49808,0.0,162.7,294.0,BLUE MANTA,,WDM7277,60,15,22,8,0.0,0,A
367168000,2022-01-04T20:53:59,48.75650,-122.49809,0.0,200.8,295.0,BLUE MANTA,,WDM7277,60,15,22,8,0.0,0,A
367168000,2022-01-04T18:43:20,48.75649,-122.49809,0.0,296.3,296.0,BLUE MANTA,,WDM7277,60,15,22,8,0.0,0,A
367168000,2022-01-04T18:45:29,48.75649,-122.49809,0.0,256.6,295.0,BLUE MANTA,,WDM7277,60,15,22,8,0.0,0,A
367168000,2022-01-04T20:57:20,48.75648,-122.49809,0.0,20.1,295.0,BLUE MANTA,,WDM7277,60,15,22,8,0.0,0,A
367168000,2022-01-04T21:36:18,48.75648,-122.49808,0.0,255.1,295.0,BLUE MANTA,,WDM7277,60,15,22,8,0.0,0,A
367168000,2022-01-04T20:04:49,48.75650,-122.49809,0.0,326.0,294.0,BLUE MANTA,,WDM7277,60,15,22,8,0.0,0,A
367168000,2022-01-04T20:05:59,48.75650,-122.49808,0.0,170.3,293.0,BLUE MANTA,,WDM7277,60,15,22,8,0.0,0,A
367168000,2022-01-04T18:50:09,48.75650,-122.49808,0.0,206.6,295.0,BLUE MANTA,,WDM7277,60,15,22,8,0.0,0,A
367168000,2022-01-04T21:30:30,48.75649,-122.49808,0.0,228.5,295.0,BLUE MANTA,,WDM7277,60,15,22,8,0.0,0,A
367168000,2022-01-04T18:53:49,48.75649,-122.49808,0.0,306.3,294.0,BLUE MANTA,,WDM7277,60,15,22,8,0.0,0,A
367168000,2022-01-04T21:44:29,48.75649,-122.49809,0.0,297.3,294.0,BLUE MANTA,,WDM7277,60,15,22,8,0.0,0,A
367168000,2022-01-04T21:06:00,48.75649,-122.49808,0.0,172.6,294.0,BLUE MANTA,,WDM7277,60,15,22,8,0.0,0,A
367168000,2022-01-04T21:00:09,48.75649,-122.49810,0.0,211.3,295.0,BLUE MANTA,,WDM7277,60,15,22,8,0.0,0,A
367168000,2022-01-04T20:13:39,48.75650,-122.49807,0.0,210.0,294.0,BLUE MANTA,,WDM7277,60,15,22,8,0.0,0,A
367168000,2022-01-04T15:52:00,48.75649,-122.49809,0.0,204.7,294.0,BLUE MANTA,,WDM7277,60,15,22,8,0.0,0,A
367168000,2022-01-04T15:55:30,48.75650,-122.49808,0.0,177.2,293.0,BLUE MANTA,,WDM7277,60,15,22,8,0.0,0,A
367168000,2022-01-04T21:39:39,48.75648,-122.49807,0.0,290.9,294.0,BLUE MANTA,,WDM7277,60,15,22,8,0.0,0,A
367168000,2022-01-04T21:16:20,48.75649,-122.49808,0.0,276.7,294.0,BLUE MANTA,,WDM7277,60,15,22,8,0.0,0,A
367168000,2022-01-04T21:09:29,48.75650,-122.49809,0.0,174.8,295.0,BLUE MANTA,,WDM7277,60,15,22,8,0.0,0,A
367168000,2022-01-04T20:26:20,48.75648,-122.49809,0.0,220.2,295.0,BLUE MANTA,,WDM7277,60,15,22,8,0.0,0,A
367168000,2022-01-04T21:22:08,48.75650,-122.49808,0.0,308.4,294.0,BLUE MANTA,,WDM7277,60,15,22,8,0.0,0,A
367168000,2022-01-04T21:13:00,48.75650,-122.49810,0.0,166.9,294.0,BLUE MANTA,,WDM7277,60,15,22,8,0.0,0,A
367168000,2022-01-04T21:26:59,48.75649,-122.49808,0.0,316.4,294.0,BLUE MANTA,,WDM7277,60,15,22,8,0.0,0,A
367168000,2022-01-04T19:09:29,48.75650,-122.49808,0.0,173.2,294.0,BLUE MANTA,,WDM7277,60,15,22,8,0.0,0,A
367168000,2022-01-04T20:33:10,48.75649,-122.49810,0.0,333.0,294.0,BLUE MANTA,,WDM7277,60,15,22,8,0.0,0,A
367168000,2022-01-04T21:18:39,48.75648,-122.49808,0.0,298.9,294.0,BLUE MANTA,,WDM7277,60,15,22,8,0.0,0,A
367168000,2022-01-04T21:57:19,48.75649,-122.49808,0.0,2.3,293.0,BLUE MANTA,,WDM7277,60,15,22,8,0.0,0,A
367168000,2022-01-04T21:21:00,48.75649,-122.49809,0.0,238.7,294.0,BLUE MANTA,,WDM7277,60,15,22,8,0.0,0,A
367168000,2022-01-04T19:15:29,48.75651,-122.49807,0.0,144.4,293.0,BLUE MANTA,,WDM7277,60,15,22,8,0.0,0,A
367168000,2022-01-04T21:32:50,48.75649,-122.49809,0.0,238.6,294.0,BLUE MANTA,,WDM7277,60,15,22,8,0.0,0,A
367168000,2022-01-04T22:02:30,48.75648,-122.49808,0.0,305.1,294.0,BLUE MANTA,,WDM7277,60,15,22,8,0.0,0,A
367168000,2022-01-04T22:03:39,48.75649,-122.49807,0.0,98.3,294.0,BLUE MANTA,,WDM7277,60,15,22,8,0.0,0,A
367168000,2022-01-04T21:37:19,48.75649,-122.49809,0.0,208.0,294.0,BLUE MANTA,,WDM7277,60,15,22,8,0.0,0,A
367168000,2022-01-04T20:44:39,48.75648,-122.49809,0.0,8.9,294.0,BLUE MANTA,,WDM7277,60,15,22,8,0.0,0,A
367168000,2022-01-04T16:21:40,48.75649,-122.49808,0.0,104.9,293.0,BLUE MANTA,,WDM7277,60,15,22,8,0.0,0,A
367168000,2022-01-04T19:23:30,48.75650,-122.49807,0.0,9.5,293.0,BLUE MANTA,,WDM7277,60,15,22,8,0.0,0,A
367168000,2022-01-04T20:50:30,48.75649,-122.49809,0.0,340.8,295.0,BLUE MANTA,,WDM7277,60,15,22,8,0.0,0,A
367168000,2022-01-04T16:26:19,48.75650,-122.49808,0.0,146.3,294.0,BLUE MANTA,,WDM7277,60,15,22,8,0.0,0,A
367168000,2022-01-04T21:47:59,48.75648,-122.49808,0.0,243.0,293.0,BLUE MANTA,,WDM7277,60,15,22,8,0.0,0,A
367168000,2022-01-04T22:26:30,48.75649,-122.49807,0.0,183.8,293.0,BLUE MANTA,,WDM7277,60,15,22,8,0.0,0,A
367168000,2022-01-04T19:26:50,48.75650,-122.49808,0.0,297.2,293.0,BLUE MANTA,,WDM7277,60,15,22,8,0.0,0,A
367168000,2022-01-04T22:20:39,48.75650,-122.49807,0.0,256.8,294.0,BLUE MANTA,,WDM7277,60,15,22,8,0.0,0,A
367168000,2022-01-04T21:53:49,48.75649,-122.49807,0.0,0.5,294.0,BLUE MANTA,,WDM7277,60,15,22,8,0.0,0,A
367168000,2022-01-04T20:58:30,48.75649,-122.49809,0.0,237.3,295.0,BLUE MANTA,,WDM7277,60,15,22,8,0.0,0,A
367168000,2022-01-04T22:33:18,48.75649,-122.49807,0.0,124.4,294.0,BLUE MANTA,,WDM7277,60,15,22,8,0.0,0,A
367168000,2022-01-04T21:58:30,48.75649,-122.49807,0.0,305.4,294.0,BLUE MANTA,,WDM7277,60,15,22,8,0.0,0,A
367168000,2022-01-04T21:43:19,48.75649,-122.49808,0.0,327.7,294.0,BLUE MANTA,,WDM7277,60,15,22,8,0.0,0,A
367168000,2022-01-04T21:41:00,48.75649,-122.49808,0.0,262.4,294.0,BLUE MANTA,,WDM7277,60,15,22,8,0.0,0,A
367168000,2022-01-04T22:00:10,48.75648,-122.49807,0.0,88.4,293.0,BLUE MANTA,,WDM7277,60,15,22,8,0.0,0,A
367168000,2022-01-04T16:34:29,48.75650,-122.49809,0.0,160.2,294.0,BLUE MANTA,,WDM7277,60,15,22,8,0.0,0,A
367168000,2022-01-04T22:29:50,48.75650,-122.49806,0.0,59.4,293.0,BLUE MANTA,,WDM7277,60,15,22,8,0.0,0,A
367168000,2022-01-04T19:32:39,48.75650,-122.49809,0.0,61.6,293.0,BLUE MANTA,,WDM7277,60,15,22,8,0.0,0,A
367168000,2022-01-04T22:42:39,48.75650,-122.49808,0.0,291.5,293.0,BLUE MANTA,,WDM7277,60,15,22,8,0.0,0,A
367168000,2022-01-04T16:38:00,48.75649,-122.49810,0.0,337.3,294.0,BLUE MANTA,,WDM7277,60,15,22,8,0.0,0,A
367168000,2022-01-04T21:46:48,48.75649,-122.49809,0.0,11.6,293.0,BLUE MANTA,,WDM7277,60,15,22,8,0.0,0,A
367168000,2022-01-04T22:46:08,48.75649,-122.49808,0.0,29.2,293.0,BLUE MANTA,,WDM7277,60,15,22,8,0.0,0,A
367168000,2022-01-04T21:51:40,48.75649,-122.49808,0.0,296.4,294.0,BLUE MANTA,,WDM7277,60,15,22,8,0.0,0,A
367168000,2022-01-04T22:47:20,48.75651,-122.49808,0.0,99.5,293.0,BLUE MANTA,,WDM7277,60,15,22,8,0.0,0,A
367168000,2022-01-04T22:09:20,48.75649,-122.49807,0.0,248.9,293.0,BLUE MANTA,,WDM7277,60,15,22,8,0.0,0,A
367168000,2022-01-04T21:52:48,48.75648,-122.49808,0.0,344.8,294.0,BLUE MANTA,,WDM7277,60,15,22,8,0.0,0,A
367168000,2022-01-04T21:49:19,48.75648,-122.49808,0.0,183.2,293.0,BLUE MANTA,,WDM7277,60,15,22,8,0.0,0,A
367168000,2022-01-04T21:14:09,48.75649,-122.49808,0.0,288.4,294.0,BLUE MANTA,,WDM7277,60,15,22,8,0.0,0,A
367168000,2022-01-04T19:43:49,48.75650,-122.49809,0.0,15.7,292.0,BLUE MANTA,,WDM7277,60,15,22,8,0.0,0,A
367168000,2022-01-04T22:16:09,48.75648,-122.49807,0.0,21.1,295.0,BLUE MANTA,,WDM7277,60,15,22,8,0.0,0,A
367168000,2022-01-04T21:56:10,48.75649,-122.49807,0.0,320.2,293.0,BLUE MANTA,,WDM7277,60,15,22,8,0.0,0,A
367168000,2022-01-04T22:01:19,48.75648,-122.49808,0.0,297.0,293.0,BLUE MANTA,,WDM7277,60,15,22,8,0.0,0,A
367168000,2022-01-04T21:59:39,48.75648,-122.49806,0.0,107.1,293.0,BLUE MANTA,,WDM7277,60,15,22,8,0.0,0,A
367168000,2022-01-04T22:07:09,48.75648,-122.49807,0.0,343.0,294.0,BLUE MANTA,,WDM7277,60,15,22,8,0.0,0,A
367168000,2022-01-04T23:02:39,48.75650,-122.49807,0.0,261.6,293.0,BLUE MANTA,,WDM7277,60,15,22,8,0.0,0,A
367168000,2022-01-04T22:51:59,48.75648,-122.49809,0.0,60.1,293.0,BLUE MANTA,,WDM7277,60,15,22,8,0.0,0,A
367168000,2022-01-04T22:10:29,48.75647,-122.49805,0.0,125.5,293.0,BLUE MANTA,,WDM7277,60,15,22,8,0.0,0,A
367168000,2022-01-04T19:51:49,48.75650,-122.49808,0.0,42.8,292.0,BLUE MANTA,,WDM7277,60,15,22,8,0.0,0,A
367168000,2022-01-04T22:14:59,48.75648,-122.49807,0.0,286.5,294.0,BLUE MANTA,,WDM7277,60,15,22,8,0.0,0,A
367168000,2022-01-04T21:29:19,48.75649,-122.49809,0.0,206.9,294.0,BLUE MANTA,,WDM7277,60,15,22,8,0.0,0,A
367168000,2022-01-04T23:01:29,48.75649,-122.49807,0.0,278.8,294.0,BLUE MANTA,,WDM7277,60,15,22,8,0.0,0,A
367168000,2022-01-04T22:17:19,48.75648,-122.49808,0.0,314.3,294.0,BLUE MANTA,,WDM7277,60,15,22,8,0.0,0,A
367168000,2022-01-04T21:33:59,48.75648,-122.49808,0.0,292.2,294.0,BLUE MANTA,,WDM7277,60,15,22,8,0.0,0,A
367168000,2022-01-04T22:13:50,48.75649,-122.49809,0.0,208.4,294.0,BLUE MANTA,,WDM7277,60,15,22,8,0.0,0,A
367168000,2022-01-04T22:18:20,48.75649,-122.49807,0.0,10.9,295.0,BLUE MANTA,,WDM7277,60,15,22,8,0.0,0,A
367168000,2022-01-04T22:32:09,48.75649,-122.49806,0.0,191.9,293.0,BLUE MANTA,,WDM7277,60,15,22,8,0.0,0,A
367168000,2022-01-04T21:38:30,48.75649,-122.49808,0.0,333.4,294.0,BLUE MANTA,,WDM7277,60,15,22,8,0.0,0,A
367168000,2022-01-04T23:16:30,48.75649,-122.49805,0.0,156.9,294.0,BLUE MANTA,,WDM7277,60,15,22,8,0.0,0,A
367168000,2022-01-04T23:07:09,48.75650,-122.49806,0.0,349.0,294.0,BLUE MANTA,,WDM7277,60,15,22,8,0.0,0,A
367168000,2022-01-04T20:00:09,48.75650,-122.49807,0.0,183.0,292.0,BLUE MANTA,,WDM7277,60,15,22,8,0.0,0,A
367168000,2022-01-04T23:08:19,48.75648,-122.49806,0.0,354.4,294.0,BLUE MANTA,,WDM7277,60,15,22,8,0.0,0,A
367168000,2022-01-04T22:24:09,48.75649,-122.49808,0.0,110.7,294.0,BLUE MANTA,,WDM7277,60,15,22,8,0.0,0,A
367168000,2022-01-04T21:42:09,48.75649,-122.49807,0.0,312.5,294.0,BLUE MANTA,,WDM7277,60,15,22,8,0.0,0,A
367168000,2022-01-04T23:11:49,48.75650,-122.49808,0.0,17.9,294.0,BLUE MANTA,,WDM7277,60,15,22,8,0.0,0,A
367168000,2022-01-04T20:02:29,48.75650,-122.49808,0.0,77.2,293.0,BLUE MANTA,,WDM7277,60,15,22,8,0.0,0,A
367168000,2022-01-04T21:45:40,48.75649,-122.49808,0.0,297.6,294.0,BLUE MANTA,,WDM7277,60,15,22,8,0.0,0,A
367168000,2022-01-04T20:07:09,48.75650,-122.49809,0.0,201.4,293.0,BLUE MANTA,,WDM7277,60,15,22,8,0.0,0,A
367168000,2022-01-04T23:19:48,48.75650,-122.49807,0.0,154.8,294.0,BLUE MANTA,,WDM7277,60,15,22,8,0.0,0,A
367168000,2022-01-04T22:27:39,48.75648,-122.49808,0.0,101.0,293.0,BLUE MANTA,,WDM7277,60,15,22,8,0.0,0,A
367168000,2022-01-04T21:54:59,48.75649,-122.49807,0.0,338.7,294.0,BLUE MANTA,,WDM7277,60,15,22,8,0.0,0,A
367168000,2022-01-04T20:14:48,48.75650,-122.49808,0.0,194.7,294.0,BLUE MANTA,,WDM7277,60,15,22,8,0.0,0,A
367168000,2022-01-04T22:58:59,48.75649,-122.49806,0.0,292.1,293.0,BLUE MANTA,,WDM7277,60,15,22,8,0.0,0,A
367168000,2022-01-04T17:10:40,48.75650,-122.49808,0.0,190.3,293.0,BLUE MANTA,,WDM7277,60,15,22,8,0.0,0,A
367168000,2022-01-04T22:39:09,48.75649,-122.49808,0.0,193.4,293.0,BLUE MANTA,,WDM7277,60,15,22,8,0.0,0,A
367168000,2022-01-04T23:35:20,48.75649,-122.49807,0.0,9.3,294.0,BLUE MANTA,,WDM7277,60,15,22,8,0.0,0,A
367168000,2022-01-04T20:22:49,48.75649,-122.49810,0.0,197.8,295.0,BLUE MANTA,,WDM7277,60,15,22,8,0.0,0,A
367168000,2022-01-04T23:47:59,48.75648,-122.49806,0.0,22.7,295.0,BLUE MANTA,,WDM7277,60,15,22,8,0.0,0,A
367168000,2022-01-04T23:04:59,48.75649,-122.49807,0.0,320.1,293.0,BLUE MANTA,,WDM7277,60,15,22,8,0.0,0,A
367168000,2022-01-04T22:53:00,48.75649,-122.49808,0.0,65.3,293.0,BLUE MANTA,,WDM7277,60,15,22,8,0.0,0,A
367168000,2022-01-04T22:11:30,48.75650,-122.49809,0.0,302.5,293.0,BLUE MANTA,,WDM7277,60,15,22,8,0.0,0,A
367168000,2022-01-04T23:53:50,48.75648,-122.49807,0.0,146.1,295.0,BLUE MANTA,,WDM7277,60,15,22,8,0.0,0,A
367168000,2022-01-04T23:42:00,48.75648,-122.49806,0.0,193.2,294.0,BLUE MANTA,,WDM7277,60,15,22,8,0.0,0,A
367168000,2022-01-04T23:03:49,48.75650,-122.49807,0.0,334.7,293.0,BLUE MANTA,,WDM7277,60,15,22,8,0.0,0,A
367168000,2022-01-04T20:36:39,48.75648,-122.49808,0.0,166.9,295.0,BLUE MANTA,,WDM7277,60,15,22,8,0.0,0,A
367168000,2022-01-04T22:23:00,48.75648,-122.49806,0.0,130.3,294.0,BLUE MANTA,,WDM7277,60,15,22,8,0.0,0,A
367168000,2022-01-04T17:23:39,48.75651,-122.49808,0.0,112.0,293.0,BLUE MANTA,,WDM7277,60,15,22,8,0.0,0,A
367168000,2022-01-04T23:23:09,48.75649,-122.49807,0.0,343.2,294.0,BLUE MANTA,,WDM7277,60,15,22,8,0.0,0,A
367168000,2022-01-04T20:37:40,48.75649,-122.49808,0.0,353.2,295.0,BLUE MANTA,,WDM7277,60,15,22,8,0.0,0,A
367168000,2022-01-04T23:00:09,48.75649,-122.49806,0.0,122.8,294.0,BLUE MANTA,,WDM7277,60,15,22,8,0.0,0,A
367168000,2022-01-04T20:39:58,48.75648,-122.49809,0.0,186.4,295.0,BLUE MANTA,,WDM7277,60,15,22,8,0.0,0,A
367168000,2022-01-04T23:10:39,48.75649,-122.49807,0.0,4.1,294.0,BLUE MANTA,,WDM7277,60,15,22,8,0.0,0,A
367168000,2022-01-04T23:25:29,48.75648,-122.49807,0.0,92.7,293.0,BLUE MANTA,,WDM7277,60,15,22,8,0.0,0,A
367168000,2022-01-04T20:43:29,48.75649,-122.49808,0.0,166.9,295.0,BLUE MANTA,,WDM7277,60,15,22,8,0.0,0,A
367168000,2022-01-04T23:13:00,48.75650,-122.49808,0.0,117.8,294.0,BLUE MANTA,,WDM7277,60,15,22,8,0.0,0,A
367168000,2022-01-04T17:30:38,48.75650,-122.49809,0.0,29.6,293.0,BLUE MANTA,,WDM7277,60,15,22,8,0.0,0,A
367168000,2022-01-04T20:45:50,48.75649,-122.49809,0.0,183.0,294.0,BLUE MANTA,,WDM7277,60,15,22,8,0.0,0,A
367168000,2022-01-04T22:34:29,48.75650,-122.49808,0.0,32.3,294.0,BLUE MANTA,,WDM7277,60,15,22,8,0.0,0,A
367168000,2022-01-04T17:33:00,48.75650,-122.49809,0.0,121.6,293.0,BLUE MANTA,,WDM7277,60,15,22,8,0.0,0,A
367168000,2022-01-04T20:49:18,48.75648,-122.49809,0.0,269.4,295.0,BLUE MANTA,,WDM7277,60,15,22,8,0.0,0,A
367168000,2022-01-04T23:46:49,48.75648,-122.49806,0.0,260.5,294.0,BLUE MANTA,,WDM7277,60,15,22,8,0.0,0,A
367168000,2022-01-04T22:48:30,48.75650,-122.49806,0.0,150.3,293.0,BLUE MANTA,,WDM7277,60,15,22,8,0.0,0,A
367168000,2022-01-04T23:24:19,48.75648,-122.49808,0.0,168.1,294.0,BLUE MANTA,,WDM7277,60,15,22,8,0.0,0,A
367168000,2022-01-04T17:48:09,48.75651,-122.49809,0.0,91.1,294.0,BLUE MANTA,,WDM7277,60,15,22,8,0.0,0,A
367168000,2022-01-04T22:50:49,48.75649,-122.49807,0.0,92.2,292.0,BLUE MANTA,,WDM7277,60,15,22,8,0.0,0,A
367168000,2022-01-04T23:52:39,48.75649,-122.49808,0.0,56.9,294.0,BLUE MANTA,,WDM7277,60,15,22,8,0.0,0,A
367168000,2022-01-04T21:01:20,48.75649,-122.49809,0.0,220.6,294.0,BLUE MANTA,,WDM7277,60,15,22,8,0.0,0,A
367168000,2022-01-04T22:54:09,48.75649,-122.49807,0.0,55.4,293.0,BLUE MANTA,,WDM7277,60,15,22,8,0.0,0,A
367168000,2022-01-04T17:51:30,48.75651,-122.49808,0.0,65.7,294.0,BLUE MANTA,,WDM7277,60,15,22,8,0.0,0,A
367168000,2022-01-04T23:29:00,48.75648,-122.49808,0.0,169.5,293.0,BLUE MANTA,,WDM7277,60,15,22,8,0.0,0,A
367168000,2022-01-04T23:40:49,48.75649,-122.49808,0.0,333.6,294.0,BLUE MANTA,,WDM7277,60,15,22,8,0.0,0,A
367168000,2022-01-04T23:44:30,48.75647,-122.49806,0.0,184.7,294.0,BLUE MANTA,,WDM7277,60,15,22,8,0.0,0,A
367168000,2022-01-04T23:34:19,48.75649,-122.49806,0.0,101.9,293.0,BLUE MANTA,,WDM7277,60,15,22,8,0.0,0,A
367168000,2022-01-04T23:45:39,48.75649,-122.49807,0.0,115.0,295.0,BLUE MANTA,,WDM7277,60,15,22,8,0.0,0,A
367168000,2022-01-04T23:36:30,48.75650,-122.49808,0.0,46.3,294.0,BLUE MANTA,,WDM7277,60,15,22,8,0.0,0,A
367168000,2022-01-04T23:38:39,48.75648,-122.49806,0.0,193.9,294.0,BLUE MANTA,,WDM7277,60,15,22,8,0.0,0,A
367168000,2022-01-04T21:08:20,48.75649,-122.49809,0.0,194.8,294.0,BLUE MANTA,,WDM7277,60,15,22,8,0.0,0,A
367168000,2022-01-04T21:10:38,48.75649,-122.49809,0.0,231.6,295.0,BLUE MANTA,,WDM7277,60,15,22,8,0.0,0,A
367168000,2022-01-04T21:11:50,48.75649,-122.49809,0.0,254.0,295.0,BLUE MANTA,,WDM7277,60,15,22,8,0.0,0,A
367168000,2022-01-04T23:59:29,48.75648,-122.49806,0.0,155.0,296.0,BLUE MANTA,,WDM7277,60,15,22,8,0.0,0,A
367168000,2022-01-04T18:11:48,48.75651,-122.49809,0.0,242.7,294.0,BLUE MANTA,,WDM7277,60,15,22,8,0.0,0,A
367168000,2022-01-04T23:20:49,48.75650,-122.49806,0.0,314.9,294.0,BLUE MANTA,,WDM7277,60,15,22,8,0.0,0,A
367168000,2022-01-04T23:55:00,48.75649,-122.49806,0.0,185.5,295.0,BLUE MANTA,,WDM7277,60,15,22,8,0.0,0,A
367168000,2022-01-04T18:12:59,48.75651,-122.49810,0.0,212.8,294.0,BLUE MANTA,,WDM7277,60,15,22,8,0.0,0,A
367168000,2022-01-04T18:15:19,48.75651,-122.49808,0.0,242.3,295.0,BLUE MANTA,,WDM7277,60,15,22,8,0.0,0,A
367168000,2022-01-04T21:28:09,48.75649,-122.49809,0.0,267.1,294.0,BLUE MANTA,,WDM7277,60,15,22,8,0.0,0,A
367168000,2022-01-04T18:17:39,48.75650,-122.49809,0.0,219.8,295.0,BLUE MANTA,,WDM7277,60,15,22,8,0.0,0,A
367168000,2022-01-04T18:19:59,48.75650,-122.49808,0.0,277.5,295.0,BLUE MANTA,,WDM7277,60,15,22,8,0.0,0,A
367168000,2022-01-04T18:27:08,48.75650,-122.49806,0.0,314.8,295.0,BLUE MANTA,,WDM7277,60,15,22,8,0.0,0,A
367168000,2022-01-04T18:42:09,48.75650,-122.49807,0.0,216.8,296.0,BLUE MANTA,,WDM7277,60,15,22,8,0.0,0,A
367168000,2022-01-04T22:04:48,48.75649,-122.49806,0.0,254.4,294.0,BLUE MANTA,,WDM7277,60,15,22,8,0.0,0,A
367168000,2022-01-04T22:05:59,48.75648,-122.49808,0.0,291.4,294.0,BLUE MANTA,,WDM7277,60,15,22,8,0.0,0,A
367168000,2022-01-04T22:12:39,48.75648,-122.49806,0.0,279.7,293.0,BLUE MANTA,,WDM7277,60,15,22,8,0.0,0,A
367168000,2022-01-04T19:08:19,48.75650,-122.49811,0.0,170.8,294.0,BLUE MANTA,,WDM7277,60,15,22,8,0.0,0,A
367168000,2022-01-04T22:19:29,48.75649,-122.49807,0.0,339.5,294.0,BLUE MANTA,,WDM7277,60,15,22,8,0.0,0,A
367168000,2022-01-04T19:21:18,48.75650,-122.49807,0.0,272.2,293.0,BLUE MANTA,,WDM7277,60,15,22,8,0.0,0,A
367168000,2022-01-04T22:28:49,48.75649,-122.49807,0.0,57.8,293.0,BLUE MANTA,,WDM7277,60,15,22,8,0.0,0,A
367168000,2022-01-04T22:30:59,48.75649,-122.49807,0.0,0.8,294.0,BLUE MANTA,,WDM7277,60,15,22,8,0.0,0,A
367168000,2022-01-04T22:36:49,48.75650,-122.49806,0.0,10.8,293.0,BLUE MANTA,,WDM7277,60,15,22,8,0.0,0,A
367168000,2022-01-04T22:37:59,48.75649,-122.49806,0.0,262.4,293.0,BLUE MANTA,,WDM7277,60,15,22,8,0.0,0,A
367168000,2022-01-04T19:35:59,48.75649,-122.49808,0.0,161.7,293.0,BLUE MANTA,,WDM7277,60,15,22,8,0.0,0,A
367168000,2022-01-04T22:40:20,48.75650,-122.49807,0.0,187.6,293.0,BLUE MANTA,,WDM7277,60,15,22,8,0.0,0,A
367168000,2022-01-04T22:41:29,48.75649,-122.49807,0.0,332.1,293.0,BLUE MANTA,,WDM7277,60,15,22,8,0.0,0,A
367168000,2022-01-04T19:38:19,48.75650,-122.49808,0.0,104.7,293.0,BLUE MANTA,,WDM7277,60,15,22,8,0.0,0,A
367168000,2022-01-04T22:43:49,48.75650,-122.49808,0.0,167.1,293.0,BLUE MANTA,,WDM7277,60,15,22,8,0.0,0,A
367168000,2022-01-04T22:44:59,48.75649,-122.49807,0.0,171.8,293.0,BLUE MANTA,,WDM7277,60,15,22,8,0.0,0,A
367168000,2022-01-04T19:41:38,48.75650,-122.49809,0.0,67.3,292.0,BLUE MANTA,,WDM7277,60,15,22,8,0.0,0,A
367168000,2022-01-04T22:49:39,48.75650,-122.49807,0.0,306.9,293.0,BLUE MANTA,,WDM7277,60,15,22,8,0.0,0,A
367168000,2022-01-04T22:57:49,48.75649,-122.49807,0.0,12.2,293.0,BLUE MANTA,,WDM7277,60,15,22,8,0.0,0,A
367168000,2022-01-04T19:57:30,48.75650,-122.49809,0.0,167.0,293.0,BLUE MANTA,,WDM7277,60,15,22,8,0.0,0,A
367168000,2022-01-04T20:01:20,48.75650,-122.49809,0.0,169.5,292.0,BLUE MANTA,,WDM7277,60,15,22,8,0.0,0,A
367168000,2022-01-04T23:06:08,48.75649,-122.49808,0.0,16.3,294.0,BLUE MANTA,,WDM7277,60,15,22,8,0.0,0,A
367168000,2022-01-04T23:09:30,48.75649,-122.49807,0.0,2.7,294.0,BLUE MANTA,,WDM7277,60,15,22,8,0.0,0,A
367168000,2022-01-04T23:14:09,48.75649,-122.49807,0.0,146.9,294.0,BLUE MANTA,,WDM7277,60,15,22,8,0.0,0,A
367168000,2022-01-04T23:15:19,48.75648,-122.49807,0.0,103.1,294.0,BLUE MANTA,,WDM7277,60,15,22,8,0.0,0,A
367168000,2022-01-04T23:21:59,48.75650,-122.49807,0.0,36.4,294.0,BLUE MANTA,,WDM7277,60,15,22,8,0.0,0,A
367168000,2022-01-04T20:24:00,48.75648,-122.49809,0.0,260.1,295.0,BLUE MANTA,,WDM7277,60,15,22,8,0.0,0,A
367168000,2022-01-04T20:35:29,48.75648,-122.49809,0.0,197.5,294.0,BLUE MANTA,,WDM7277,60,15,22,8,0.0,0,A
367168000,2022-01-04T23:39:48,48.75649,-122.49808,0.0,280.1,295.0,BLUE MANTA,,WDM7277,60,15,22,8,0.0,0,A
367168000,2022-01-04T20:41:09,48.75649,-122.49809,0.0,170.8,295.0,BLUE MANTA,,WDM7277,60,15,22,8,0.0,0,A
367168000,2022-01-04T20:42:19,48.75649,-122.49808,0.0,301.7,295.0,BLUE MANTA,,WDM7277,60,15,22,8,0.0,0,A
367168000,2022-01-04T23:43:09,48.75648,-122.49807,0.0,189.5,294.0,BLUE MANTA,,WDM7277,60,15,22,8,0.0,0,A
367168000,2022-01-04T23:51:30,48.75648,-122.49808,0.0,245.3,294.0,BLUE MANTA,,WDM7277,60,15,22,8,0.0,0,A
367168000,2022-01-04T23:56:08,48.75648,-122.49807,0.0,184.0,295.0,BLUE MANTA,,WDM7277,60,15,22,8,0.0,0,A
367168000,2022-01-04T23:57:09,48.75649,-122.49808,0.0,6.8,295.0,BLUE MANTA,,WDM7277,60,15,22,8,0.0,0,A
367168000,2022-01-04T23:58:20,48.75648,-122.49805,0.0,356.6,295.0,BLUE MANTA,,WDM7277,60,15,22,8,0.0,0,A
367168000,2022-01-04T20:56:19,48.75649,-122.49808,0.0,173.8,295.0,BLUE MANTA,,WDM7277,60,15,22,8,0.0,0,A
367168000,2022-01-04T20:59:38,48.75649,-122.49808,0.0,241.5,294.0,BLUE MANTA,,WDM7277,60,15,22,8,0.0,0,A
367168000,2022-01-04T21:03:39,48.75648,-122.49810,0.0,223.2,294.0,BLUE MANTA,,WDM7277,60,15,22,8,0.0,0,A
367168000,2022-01-04T21:04:49,48.75649,-122.49808,0.0,314.6,294.0,BLUE MANTA,,WDM7277,60,15,22,8,0.0,0,A
367168000,2022-01-04T21:23:09,48.75648,-122.49809,0.0,285.2,294.0,BLUE MANTA,,WDM7277,60,15,22,8,0.0,0,A
367168000,2022-01-04T21:25:39,48.75648,-122.49808,0.0,237.7,293.0,BLUE MANTA,,WDM7277,60,15,22,8,0.0,0,A
367168000,2022-01-04T21:35:09,48.75649,-122.49808,0.0,40.6,294.0,BLUE MANTA,,WDM7277,60,15,22,8,0.0,0,A
367168000,2022-01-04T21:50:29,48.75649,-122.49808,0.0,261.6,294.0,BLUE MANTA,,WDM7277,60,15,22,8,0.0,0,A
367168000,2022-01-04T22:08:19,48.75648,-122.49806,0.0,308.7,294.0,BLUE MANTA,,WDM7277,60,15,22,8,0.0,0,A
367168000,2022-01-04T22:21:49,48.75649,-122.49807,0.0,59.9,294.0,BLUE MANTA,,WDM7277,60,15,22,8,0.0,0,A
367168000,2022-01-04T22:25:20,48.75648,-122.49808,0.0,112.8,294.0,BLUE MANTA,,WDM7277,60,15,22,8,0.0,0,A
367168000,2022-01-04T22:35:39,48.75649,-122.49807,0.0,76.0,293.0,BLUE MANTA,,WDM7277,60,15,22,8,0.0,0,A
367168000,2022-01-04T22:55:29,48.75648,-122.49807,0.0,44.6,292.0,BLUE MANTA,,WDM7277,60,15,22,8,0.0,0,A
367168000,2022-01-04T22:56:39,48.75648,-122.49807,0.0,56.6,293.0,BLUE MANTA,,WDM7277,60,15,22,8,0.0,0,A
367168000,2022-01-04T23:17:38,48.75648,-122.49806,0.0,129.3,294.0,BLUE MANTA,,WDM7277,60,15,22,8,0.0,0,A
367168000,2022-01-04T23:18:39,48.75648,-122.49807,0.0,149.4,294.0,BLUE MANTA,,WDM7277,60,15,22,8,0.0,0,A
367168000,2022-01-04T23:26:39,48.75648,-122.49807,0.0,104.5,294.0,BLUE MANTA,,WDM7277,60,15,22,8,0.0,0,A
367168000,2022-01-04T23:27:50,48.75649,-122.49807,0.0,154.8,294.0,BLUE MANTA,,WDM7277,60,15,22,8,0.0,0,A
367168000,2022-01-04T23:37:38,48.75648,-122.49806,0.0,32.8,293.0,BLUE MANTA,,WDM7277,60,15,22,8,0.0,0,A
367168000,2022-01-04T23:49:08,48.75647,-122.49806,0.0,178.4,295.0,BLUE MANTA,,WDM7277,60,15,22,8,0.0,0,A
367168000,2022-01-04T23:50:20,48.75649,-122.49807,0.0,194.9,295.0,BLUE MANTA,,WDM7277,60,15,22,8,0.0,0,A
367168000,2022-01-05T00:00:00,48.75648,-122.49806,0.0,175.1,295.0,BLUE MANTA,,WDM7277,60,15,22,8,0.0,0,A
367168000,2022-01-05T00:01:08,48.75648,-122.49805,0.0,193.7,295.0,BLUE MANTA,,WDM7277,60,15,22,8,0.0,0,A
367168000,2022-01-05T00:04:39,48.75649,-122.49807,0.0,167.8,295.0,BLUE MANTA,,WDM7277,60,15,22,8,0.0,0,A
367168000,2022-01-05T00:03:30,48.75649,-122.49807,0.0,183.5,295.0,BLUE MANTA,,WDM7277,60,15,22,8,0.0,0,A
367168000,2022-01-05T00:02:09,48.75648,-122.49807,0.0,174.9,295.0,BLUE MANTA,,WDM7277,60,15,22,8,0.0,0,A
367168000,2022-01-05T00:06:59,48.75650,-122.49807,0.0,177.1,295.0,BLUE MANTA,,WDM7277,60,15,22,8,0.0,0,A
367168000,2022-01-05T00:05:50,48.75649,-122.49807,0.0,163.4,295.0,BLUE MANTA,,WDM7277,60,15,22,8,0.0,0,A
367168000,2022-01-05T00:08:00,48.75649,-122.49808,0.0,173.8,296.0,BLUE MANTA,,WDM7277,60,15,22,8,0.0,0,A
367168000,2022-01-05T00:09:19,48.75649,-122.49807,0.0,160.1,295.0,BLUE MANTA,,WDM7277,60,15,22,8,0.0,0,A
367168000,2022-01-05T00:12:49,48.75649,-122.49807,0.0,169.9,295.0,BLUE MANTA,,WDM7277,60,15,22,8,0.0,0,A
367168000,2022-01-05T00:10:29,48.75649,-122.49807,0.0,167.6,295.0,BLUE MANTA,,WDM7277,60,15,22,8,0.0,0,A
367168000,2022-01-05T00:14:00,48.75649,-122.49807,0.0,180.0,295.0,BLUE MANTA,,WDM7277,60,15,22,8,0.0,0,A
367168000,2022-01-05T00:11:39,48.75648,-122.49807,0.0,257.4,295.0,BLUE MANTA,,WDM7277,60,15,22,8,0.0,0,A
367168000,2022-01-05T00:15:09,48.75649,-122.49805,0.0,168.6,295.0,BLUE MANTA,,WDM7277,60,15,22,8,0.0,0,A
367168000,2022-01-05T00:18:19,48.75649,-122.49807,0.0,168.1,295.0,BLUE MANTA,,WDM7277,60,15,22,8,0.0,0,A
367168000,2022-01-05T00:16:10,48.75648,-122.49807,0.0,23.4,295.0,BLUE MANTA,,WDM7277,60,15,22,8,0.0,0,A
367168000,2022-01-05T00:19:29,48.75649,-122.49806,0.0,41.0,295.0,BLUE MANTA,,WDM7277,60,15,22,8,0.0,0,A
367168000,2022-01-05T00:20:30,48.75649,-122.49806,0.0,85.6,295.0,BLUE MANTA,,WDM7277,60,15,22,8,0.0,0,A
367168000,2022-01-05T00:17:18,48.75650,-122.49807,0.0,326.6,295.0,BLUE MANTA,,WDM7277,60,15,22,8,0.0,0,A
367168000,2022-01-05T00:22:50,48.75648,-122.49805,0.0,40.0,294.0,BLUE MANTA,,WDM7277,60,15,22,8,0.0,0,A
367168000,2022-01-05T00:25:09,48.75648,-122.49807,0.0,75.0,295.0,BLUE MANTA,,WDM7277,60,15,22,8,0.0,0,A
367168000,2022-01-05T00:26:19,48.75649,-122.49807,0.0,112.4,295.0,BLUE MANTA,,WDM7277,60,15,22,8,0.0,0,A
367168000,2022-01-05T00:24:00,48.75648,-122.49806,0.0,74.8,295.0,BLUE MANTA,,WDM7277,60,15,22,8,0.0,0,A
367168000,2022-01-05T00:21:39,48.75648,-122.49805,0.0,23.3,295.0,BLUE MANTA,,WDM7277,60,15,22,8,0.0,0,A
367168000,2022-01-05T00:27:20,48.75649,-122.49806,0.0,343.3,295.0,BLUE MANTA,,WDM7277,60,15,22,8,0.0,0,A
367168000,2022-01-05T00:29:29,48.75648,-122.49807,0.0,87.4,295.0,BLUE MANTA,,WDM7277,60,15,22,8,0.0,0,A
367168000,2022-01-05T00:39:20,48.75648,-122.49807,0.0,265.2,295.0,BLUE MANTA,,WDM7277,60,15,22,8,0.0,0,A
367168000,2022-01-05T00:41:38,48.75647,-122.49807,0.0,337.0,294.0,BLUE MANTA,,WDM7277,60,15,22,8,0.0,0,A
367168000,2022-01-05T00:37:10,48.75648,-122.49807,0.0,342.1,295.0,BLUE MANTA,,WDM7277,60,15,22,8,0.0,0,A
367168000,2022-01-05T00:42:39,48.75649,-122.49806,0.0,326.2,295.0,BLUE MANTA,,WDM7277,60,15,22,8,0.0,0,A
367168000,2022-01-05T00:43:49,48.75648,-122.49807,0.0,335.9,295.0,BLUE MANTA,,WDM7277,60,15,22,8,0.0,0,A
367168000,2022-01-05T00:47:30,48.75648,-122.49807,0.0,110.0,295.0,BLUE MANTA,,WDM7277,60,15,22,8,0.0,0,A
367168000,2022-01-05T00:45:09,48.75648,-122.49807,0.0,22.7,295.0,BLUE MANTA,,WDM7277,60,15,22,8,0.0,0,A
367168000,2022-01-05T00:50:59,48.75648,-122.49806,0.0,322.8,295.0,BLUE MANTA,,WDM7277,60,15,22,8,0.0,0,A
367168000,2022-01-05T00:46:20,48.75648,-122.49807,0.0,86.0,294.0,BLUE MANTA,,WDM7277,60,15,22,8,0.0,0,A
367168000,2022-01-05T00:48:39,48.75648,-122.49807,0.0,350.4,294.0,BLUE MANTA,,WDM7277,60,15,22,8,0.0,0,A
367168000,2022-01-05T00:52:09,48.75648,-122.49807,0.0,218.6,294.0,BLUE MANTA,,WDM7277,60,15,22,8,0.0,0,A
367168000,2022-01-05T00:55:38,48.75648,-122.49807,0.0,337.5,295.0,BLUE MANTA,,WDM7277,60,15,22,8,0.0,0,A
367168000,2022-01-05T00:49:50,48.75649,-122.49806,0.0,338.4,294.0,BLUE MANTA,,WDM7277,60,15,22,8,0.0,0,A
367168000,2022-01-05T00:56:39,48.75648,-122.49806,0.0,189.3,295.0,BLUE MANTA,,WDM7277,60,15,22,8,0.0,0,A
367168000,2022-01-05T00:54:29,48.75647,-122.49806,0.0,87.1,295.0,BLUE MANTA,,WDM7277,60,15,22,8,0.0,0,A
367168000,2022-01-05T01:00:09,48.75648,-122.49807,0.0,341.4,295.0,BLUE MANTA,,WDM7277,60,15,22,8,0.0,0,A
367168000,2022-01-05T00:53:19,48.75648,-122.49806,0.0,267.7,295.0,BLUE MANTA,,WDM7277,60,15,22,8,0.0,0,A
367168000,2022-01-05T00:58:50,48.75648,-122.49807,0.0,333.8,295.0,BLUE MANTA,,WDM7277,60,15,22,8,0.0,0,A
367168000,2022-01-05T01:07:09,48.75648,-122.49807,0.0,45.4,295.0,BLUE MANTA,,WDM7277,60,15,22,8,0.0,0,A
367168000,2022-01-05T00:59:59,48.75648,-122.49807,0.0,346.7,295.0,BLUE MANTA,,WDM7277,60,15,22,8,0.0,0,A
367168000,2022-01-05T01:03:29,48.75648,-122.49807,0.0,329.6,295.0,BLUE MANTA,,WDM7277,60,15,22,8,0.0,0,A
367168000,2022-01-05T01:01:19,48.75648,-122.49808,0.0,222.9,295.0,BLUE MANTA,,WDM7277,60,15,22,8,0.0,0,A
367168000,2022-01-05T01:04:50,48.75649,-122.49807,0.0,101.2,295.0,BLUE MANTA,,WDM7277,60,15,22,8,0.0,0,A
367168000,2022-01-05T01:02:20,48.75648,-122.49806,0.0,23.2,295.0,BLUE MANTA,,WDM7277,60,15,22,8,0.0,0,A
367168000,2022-01-05T00:28:28,48.75648,-122.49807,0.0,354.6,295.0,BLUE MANTA,,WDM7277,60,15,22,8,0.0,0,A
367168000,2022-01-05T01:09:30,48.75648,-122.49807,0.0,2.1,295.0,BLUE MANTA,,WDM7277,60,15,22,8,0.0,0,A
367168000,2022-01-05T01:14:30,48.75647,-122.49807,0.0,15.9,294.0,BLUE MANTA,,WDM7277,60,15,22,8,0.0,0,A
367168000,2022-01-05T01:11:59,48.75648,-122.49808,0.0,0.8,294.0,BLUE MANTA,,WDM7277,60,15,22,8,0.0,0,A
367168000,2022-01-05T01:15:38,48.75648,-122.49806,0.0,252.3,295.0,BLUE MANTA,,WDM7277,60,15,22,8,0.0,0,A
367168000,2022-01-05T01:20:20,48.75649,-122.49807,0.0,166.6,294.0,BLUE MANTA,,WDM7277,60,15,22,8,0.0,0,A
367168000,2022-01-05T01:18:00,48.75648,-122.49806,0.0,168.9,294.0,BLUE MANTA,,WDM7277,60,15,22,8,0.0,0,A
367168000,2022-01-05T01:19:09,48.75648,-122.49807,0.0,166.5,295.0,BLUE MANTA,,WDM7277,60,15,22,8,0.0,0,A
367168000,2022-01-05T01:22:48,48.75648,-122.49808,0.0,164.2,295.0,BLUE MANTA,,WDM7277,60,15,22,8,0.0,0,A
367168000,2022-01-05T01:13:19,48.75647,-122.49807,0.0,250.6,294.0,BLUE MANTA,,WDM7277,60,15,22,8,0.0,0,A
367168000,2022-01-05T01:21:29,48.75648,-122.49807,0.0,171.4,295.0,BLUE MANTA,,WDM7277,60,15,22,8,0.0,0,A
367168000,2022-01-05T01:23:49,48.75648,-122.49805,0.0,163.8,294.0,BLUE MANTA,,WDM7277,60,15,22,8,0.0,0,A
367168000,2022-01-05T01:16:50,48.75647,-122.49807,0.0,243.4,295.0,BLUE MANTA,,WDM7277,60,15,22,8,0.0,0,A
367168000,2022-01-05T01:28:30,48.75649,-122.49806,0.0,177.9,295.0,BLUE MANTA,,WDM7277,60,15,22,8,0.0,0,A
367168000,2022-01-05T01:27:20,48.75648,-122.49807,0.0,183.4,295.0,BLUE MANTA,,WDM7277,60,15,22,8,0.0,0,A
367168000,2022-01-05T00:35:59,48.75648,-122.49808,0.0,49.9,295.0,BLUE MANTA,,WDM7277,60,15,22,8,0.0,0,A
367168000,2022-01-05T01:25:59,48.75649,-122.49807,0.0,161.0,294.0,BLUE MANTA,,WDM7277,60,15,22,8,0.0,0,A
367168000,2022-01-05T01:35:10,48.75649,-122.49807,0.0,207.5,294.0,BLUE MANTA,,WDM7277,60,15,22,8,0.0,0,A
367168000,2022-01-05T00:38:19,48.75647,-122.49807,0.0,347.5,295.0,BLUE MANTA,,WDM7277,60,15,22,8,0.0,0,A
367168000,2022-01-05T01:38:39,48.75648,-122.49808,0.0,189.6,294.0,BLUE MANTA,,WDM7277,60,15,22,8,0.0,0,A
367168000,2022-01-05T01:39:49,48.75649,-122.49807,0.0,249.7,293.0,BLUE MANTA,,WDM7277,60,15,22,8,0.0,0,A
367168000,2022-01-05T01:29:39,48.75649,-122.49808,0.0,175.3,294.0,BLUE MANTA,,WDM7277,60,15,22,8,0.0,0,A
367168000,2022-01-05T01:40:59,48.75648,-122.49808,0.0,175.5,293.0,BLUE MANTA,,WDM7277,60,15,22,8,0.0,0,A
367168000,2022-01-05T00:40:30,48.75648,-122.49807,0.0,345.2,294.0,BLUE MANTA,,WDM7277,60,15,22,8,0.0,0,A
367168000,2022-01-05T01:36:19,48.75648,-122.49806,0.0,159.2,294.0,BLUE MANTA,,WDM7277,60,15,22,8,0.0,0,A
367168000,2022-01-05T01:46:38,48.75649,-122.49806,0.0,242.3,293.0,BLUE MANTA,,WDM7277,60,15,22,8,0.0,0,A
367168000,2022-01-05T01:49:00,48.75649,-122.49807,0.0,269.1,293.0,BLUE MANTA,,WDM7277,60,15,22,8,0.0,0,A
367168000,2022-01-05T01:37:29,48.75649,-122.49808,0.0,179.9,294.0,BLUE MANTA,,WDM7277,60,15,22,8,0.0,0,A
367168000,2022-01-05T01:50:10,48.75650,-122.49807,0.0,201.7,293.0,BLUE MANTA,,WDM7277,60,15,22,8,0.0,0,A
367168000,2022-01-05T01:43:19,48.75649,-122.49806,0.0,221.6,294.0,BLUE MANTA,,WDM7277,60,15,22,8,0.0,0,A
367168000,2022-01-05T01:51:19,48.75649,-122.49807,0.0,265.7,293.0,BLUE MANTA,,WDM7277,60,15,22,8,0.0,0,A
367168000,2022-01-05T01:52:20,48.75650,-122.49806,0.0,270.5,293.0,BLUE MANTA,,WDM7277,60,15,22,8,0.0,0,A
367168000,2022-01-05T01:42:08,48.75649,-122.49808,0.0,207.9,293.0,BLUE MANTA,,WDM7277,60,15,22,8,0.0,0,A
367168000,2022-01-05T01:55:49,48.75649,-122.49807,0.0,277.0,293.0,BLUE MANTA,,WDM7277,60,15,22,8,0.0,0,A
367168000,2022-01-05T01:47:50,48.75650,-122.49806,0.0,281.4,293.0,BLUE MANTA,,WDM7277,60,15,22,8,0.0,0,A
367168000,2022-01-05T01:58:10,48.75650,-122.49806,0.0,282.8,293.0,BLUE MANTA,,WDM7277,60,15,22,8,0.0,0,A
367168000,2022-01-05T01:53:29,48.75650,-122.49806,0.0,249.5,294.0,BLUE MANTA,,WDM7277,60,15,22,8,0.0,0,A
367168000,2022-01-05T02:03:49,48.75652,-122.49807,0.0,330.0,293.0,BLUE MANTA,,WDM7277,60,15,22,8,0.0,0,A
367168000,2022-01-05T01:59:20,48.75650,-122.49807,0.0,272.7,293.0,BLUE MANTA,,WDM7277,60,15,22,8,0.0,0,A
367168000,2022-01-05T02:05:00,48.75650,-122.49807,0.0,264.7,293.0,BLUE MANTA,,WDM7277,60,15,22,8,0.0,0,A
367168000,2022-01-05T01:54:40,48.75650,-122.49807,0.0,246.4,293.0,BLUE MANTA,,WDM7277,60,15,22,8,0.0,0,A
367168000,2022-01-05T02:00:20,48.75649,-122.49806,0.0,279.8,293.0,BLUE MANTA,,WDM7277,60,15,22,8,0.0,0,A
367168000,2022-01-05T01:56:59,48.75649,-122.49808,0.0,271.0,293.0,BLUE MANTA,,WDM7277,60,15,22,8,0.0,0,A
367168000,2022-01-05T02:14:09,48.75649,-122.49808,0.0,252.1,294.0,BLUE MANTA,,WDM7277,60,15,22,8,0.0,0,A
367168000,2022-01-05T02:07:19,48.75650,-122.49808,0.0,210.5,293.0,BLUE MANTA,,WDM7277,60,15,22,8,0.0,0,A
367168000,2022-01-05T02:11:49,48.75650,-122.49807,0.0,268.9,293.0,BLUE MANTA,,WDM7277,60,15,22,8,0.0,0,A
367168000,2022-01-05T02:09:40,48.75651,-122.49807,0.0,196.3,293.0,BLUE MANTA,,WDM7277,60,15,22,8,0.0,0,A
367168000,2022-01-05T02:10:48,48.75650,-122.49807,0.0,287.8,293.0,BLUE MANTA,,WDM7277,60,15,22,8,0.0,0,A
367168000,2022-01-05T02:08:30,48.75649,-122.49807,0.0,247.4,293.0,BLUE MANTA,,WDM7277,60,15,22,8,0.0,0,A
367168000,2022-01-05T02:17:49,48.75650,-122.49805,0.0,230.6,294.0,BLUE MANTA,,WDM7277,60,15,22,8,0.0,0,A
367168000,2022-01-05T02:23:30,48.75650,-122.49807,0.0,14.3,294.0,BLUE MANTA,,WDM7277,60,15,22,8,0.0,0,A
367168000,2022-01-05T02:20:00,48.75652,-122.49808,0.0,281.5,295.0,BLUE MANTA,,WDM7277,60,15,22,8,0.0,0,A
367168000,2022-01-05T02:12:59,48.75650,-122.49808,0.0,219.6,294.0,BLUE MANTA,,WDM7277,60,15,22,8,0.0,0,A
367168000,2022-01-05T02:18:59,48.75650,-122.49808,0.0,70.4,294.0,BLUE MANTA,,WDM7277,60,15,22,8,0.0,0,A
367168000,2022-01-05T02:15:20,48.75650,-122.49807,0.0,215.4,294.0,BLUE MANTA,,WDM7277,60,15,22,8,0.0,0,A
367168000,2022-01-05T02:29:20,48.75650,-122.49807,0.0,208.1,295.0,BLUE MANTA,,WDM7277,60,15,22,8,0.0,0,A
367168000,2022-01-05T02:16:30,48.75650,-122.49808,0.0,253.9,294.0,BLUE MANTA,,WDM7277,60,15,22,8,0.0,0,A
367168000,2022-01-05T00:57:49,48.75648,-122.49807,0.0,330.0,295.0,BLUE MANTA,,WDM7277,60,15,22,8,0.0,0,A
367168000,2022-01-05T02:25:59,48.75650,-122.49807,0.0,164.0,294.0,BLUE MANTA,,WDM7277,60,15,22,8,0.0,0,A
367168000,2022-01-05T02:22:19,48.75650,-122.49807,0.0,352.5,295.0,BLUE MANTA,,WDM7277,60,15,22,8,0.0,0,A
367168000,2022-01-05T02:33:18,48.75651,-122.49807,0.0,168.9,294.0,BLUE MANTA,,WDM7277,60,15,22,8,0.0,0,A
367168000,2022-01-05T02:24:49,48.75650,-122.49806,0.0,190.9,294.0,BLUE MANTA,,WDM7277,60,15,22,8,0.0,0,A
367168000,2022-01-05T02:31:50,48.75649,-122.49808,0.0,194.7,295.0,BLUE MANTA,,WDM7277,60,15,22,8,0.0,0,A
367168000,2022-01-05T02:27:00,48.75650,-122.49807,0.0,179.3,294.0,BLUE MANTA,,WDM7277,60,15,22,8,0.0,0,A
367168000,2022-01-05T02:36:00,48.75649,-122.49809,0.0,165.9,294.0,BLUE MANTA,,WDM7277,60,15,22,8,0.0,0,A
367168000,2022-01-05T02:28:08,48.75651,-122.49806,0.0,166.5,294.0,BLUE MANTA,,WDM7277,60,15,22,8,0.0,0,A
367168000,2022-01-05T02:38:19,48.75649,-122.49808,0.0,163.4,294.0,BLUE MANTA,,WDM7277,60,15,22,8,0.0,0,A
367168000,2022-01-05T02:39:30,48.75650,-122.49809,0.0,113.9,294.0,BLUE MANTA,,WDM7277,60,15,22,8,0.0,0,A
367168000,2022-01-05T02:42:59,48.75650,-122.49807,0.0,182.3,294.0,BLUE MANTA,,WDM7277,60,15,22,8,0.0,0,A
367168000,2022-01-05T02:34:19,48.75650,-122.49807,0.0,97.4,294.0,BLUE MANTA,,WDM7277,60,15,22,8,0.0,0,A
367168000,2022-01-05T02:41:49,48.75651,-122.49808,0.0,131.9,295.0,BLUE MANTA,,WDM7277,60,15,22,8,0.0,0,A
367168000,2022-01-05T01:05:59,48.75648,-122.49808,0.0,189.0,295.0,BLUE MANTA,,WDM7277,60,15,22,8,0.0,0,A
367168000,2022-01-05T02:45:09,48.75650,-122.49809,0.0,224.1,295.0,BLUE MANTA,,WDM7277,60,15,22,8,0.0,0,A
367168000,2022-01-05T02:37:08,48.75651,-122.49807,0.0,172.0,294.0,BLUE MANTA,,WDM7277,60,15,22,8,0.0,0,A
367168000,2022-01-05T01:08:19,48.75648,-122.49807,0.0,93.0,295.0,BLUE MANTA,,WDM7277,60,15,22,8,0.0,0,A
367168000,2022-01-05T02:40:39,48.75650,-122.49808,0.0,123.8,295.0,BLUE MANTA,,WDM7277,60,15,22,8,0.0,0,A
367168000,2022-01-05T02:50:49,48.75652,-122.49808,0.0,312.4,295.0,BLUE MANTA,,WDM7277,60,15,22,8,0.0,0,A
367168000,2022-01-05T02:49:39,48.75652,-122.49809,0.0,198.8,295.0,BLUE MANTA,,WDM7277,60,15,22,8,0.0,0,A
367168000,2022-01-05T02:44:00,48.75651,-122.49807,0.0,161.5,295.0,BLUE MANTA,,WDM7277,60,15,22,8,0.0,0,A
367168000,2022-01-05T01:10:39,48.75648,-122.49806,0.0,24.6,294.0,BLUE MANTA,,WDM7277,60,15,22,8,0.0,0,A
367168000,2022-01-05T02:48:30,48.75651,-122.49807,0.0,124.8,295.0,BLUE MANTA,,WDM7277,60,15,22,8,0.0,0,A
367168000,2022-01-05T02:58:39,48.75650,-122.49808,0.0,255.1,295.0,BLUE MANTA,,WDM7277,60,15,22,8,0.0,0,A
367168000,2022-01-05T03:00:00,48.75650,-122.49809,0.0,298.2,295.0,BLUE MANTA,,WDM7277,60,15,22,8,0.0,0,A
367168000,2022-01-05T02:52:59,48.75651,-122.49808,0.0,278.4,295.0,BLUE MANTA,,WDM7277,60,15,22,8,0.0,0,A
367168000,2022-01-05T02:56:20,48.75650,-122.49807,0.0,266.1,295.0,BLUE MANTA,,WDM7277,60,15,22,8,0.0,0,A
367168000,2022-01-05T03:03:29,48.75650,-122.49807,0.0,309.2,295.0,BLUE MANTA,,WDM7277,60,15,22,8,0.0,0,A
367168000,2022-01-05T02:57:28,48.75650,-122.49808,0.0,347.8,295.0,BLUE MANTA,,WDM7277,60,15,22,8,0.0,0,A
367168000,2022-01-05T02:54:00,48.75650,-122.49807,0.0,244.6,295.0,BLUE MANTA,,WDM7277,60,15,22,8,0.0,0,A
367168000,2022-01-05T02:59:40,48.75650,-122.49807,0.0,346.0,295.0,BLUE MANTA,,WDM7277,60,15,22,8,0.0,0,A
367168000,2022-01-05T03:08:10,48.75650,-122.49807,0.0,315.8,295.0,BLUE MANTA,,WDM7277,60,15,22,8,0.0,0,A
367168000,2022-01-05T03:01:09,48.75650,-122.49808,0.0,318.2,295.0,BLUE MANTA,,WDM7277,60,15,22,8,0.0,0,A
367168000,2022-01-05T03:04:39,48.75650,-122.49809,0.0,305.5,294.0,BLUE MANTA,,WDM7277,60,15,22,8,0.0,0,A
367168000,2022-01-05T03:02:10,48.75649,-122.49807,0.0,324.2,295.0,BLUE MANTA,,WDM7277,60,15,22,8,0.0,0,A
367168000,2022-01-05T03:10:30,48.75650,-122.49808,0.0,279.5,295.0,BLUE MANTA,,WDM7277,60,15,22,8,0.0,0,A
367168000,2022-01-05T03:07:00,48.75650,-122.49807,0.0,286.6,296.0,BLUE MANTA,,WDM7277,60,15,22,8,0.0,0,A
367168000,2022-01-05T03:09:20,48.75650,-122.49807,0.0,260.2,295.0,BLUE MANTA,,WDM7277,60,15,22,8,0.0,0,A
367168000,2022-01-05T03:19:19,48.75648,-122.49808,0.0,288.5,295.0,BLUE MANTA,,WDM7277,60,15,22,8,0.0,0,A
367168000,2022-01-05T03:20:28,48.75649,-122.49809,0.0,264.0,296.0,BLUE MANTA,,WDM7277,60,15,22,8,0.0,0,A
367168000,2022-01-05T03:14:50,48.75650,-122.49807,0.0,288.1,294.0,BLUE MANTA,,WDM7277,60,15,22,8,0.0,0,A
367168000,2022-01-05T03:12:40,48.75649,-122.49808,0.0,279.2,294.0,BLUE MANTA,,WDM7277,60,15,22,8,0.0,0,A
367168000,2022-01-05T03:15:58,48.75650,-122.49807,0.0,304.6,294.0,BLUE MANTA,,WDM7277,60,15,22,8,0.0,0,A
367168000,2022-01-05T03:22:40,48.75650,-122.49809,0.0,287.7,294.0,BLUE MANTA,,WDM7277,60,15,22,8,0.0,0,A
367168000,2022-01-05T03:11:38,48.75650,-122.49808,0.0,248.2,295.0,BLUE MANTA,,WDM7277,60,15,22,8,0.0,0,A
367168000,2022-01-05T03:24:49,48.75650,-122.49808,0.0,327.0,294.0,BLUE MANTA,,WDM7277,60,15,22,8,0.0,0,A
367168000,2022-01-05T03:13:49,48.75650,-122.49808,0.0,306.7,294.0,BLUE MANTA,,WDM7277,60,15,22,8,0.0,0,A
367168000,2022-01-05T03:29:29,48.75650,-122.49807,0.0,308.9,294.0,BLUE MANTA,,WDM7277,60,15,22,8,0.0,0,A
367168000,2022-01-05T01:24:58,48.75648,-122.49806,0.0,157.3,294.0,BLUE MANTA,,WDM7277,60,15,22,8,0.0,0,A
367168000,2022-01-05T03:18:18,48.75650,-122.49807,0.0,277.6,295.0,BLUE MANTA,,WDM7277,60,15,22,8,0.0,0,A
367168000,2022-01-05T03:21:29,48.75651,-122.49808,0.0,296.1,295.0,BLUE MANTA,,WDM7277,60,15,22,8,0.0,0,A
367168000,2022-01-05T03:38:08,48.75650,-122.49809,0.0,315.5,294.0,BLUE MANTA,,WDM7277,60,15,22,8,0.0,0,A
367168000,2022-01-05T03:36:59,48.75651,-122.49808,0.0,313.9,294.0,BLUE MANTA,,WDM7277,60,15,22,8,0.0,0,A
367168000,2022-01-05T03:46:09,48.75650,-122.49808,0.0,349.7,295.0,BLUE MANTA,,WDM7277,60,15,22,8,0.0,0,A
367168000,2022-01-05T03:42:39,48.75649,-122.49808,0.0,317.6,294.0,BLUE MANTA,,WDM7277,60,15,22,8,0.0,0,A
367168000,2022-01-05T03:33:29,48.75650,-122.49808,0.0,334.2,293.0,BLUE MANTA,,WDM7277,60,15,22,8,0.0,0,A
367168000,2022-01-05T03:28:19,48.75650,-122.49808,0.0,10.4,294.0,BLUE MANTA,,WDM7277,60,15,22,8,0.0,0,A
367168000,2022-01-05T03:34:40,48.75650,-122.49808,0.0,280.5,294.0,BLUE MANTA,,WDM7277,60,15,22,8,0.0,0,A
367168000,2022-01-05T03:35:49,48.75650,-122.49808,0.0,290.7,294.0,BLUE MANTA,,WDM7277,60,15,22,8,0.0,0,A
367168000,2022-01-05T03:40:19,48.75650,-122.49806,0.0,294.3,294.0,BLUE MANTA,,WDM7277,60,15,22,8,0.0,0,A
367168000,2022-01-05T03:47:19,48.75650,-122.49808,0.0,298.3,295.0,BLUE MANTA,,WDM7277,60,15,22,8,0.0,0,A
367168000,2022-01-05T03:39:09,48.75651,-122.49807,0.0,1.0,294.0,BLUE MANTA,,WDM7277,60,15,22,8,0.0,0,A
367168000,2022-01-05T03:43:50,48.75649,-122.49808,0.0,308.4,294.0,BLUE MANTA,,WDM7277,60,15,22,8,0.0,0,A
367168000,2022-01-05T03:41:30,48.75650,-122.49808,0.0,303.6,294.0,BLUE MANTA,,WDM7277,60,15,22,8,0.0,0,A
367168000,2022-01-05T03:56:29,48.75649,-122.49808,0.0,313.4,295.0,BLUE MANTA,,WDM7277,60,15,22,8,0.0,0,A
367168000,2022-01-05T03:48:29,48.75649,-122.49809,0.0,307.9,295.0,BLUE MANTA,,WDM7277,60,15,22,8,0.0,0,A
367168000,2022-01-05T03:49:38,48.75650,-122.49808,0.0,292.5,295.0,BLUE MANTA,,WDM7277,60,15,22,8,0.0,0,A
367168000,2022-01-05T03:50:39,48.75649,-122.49807,0.0,336.1,295.0,BLUE MANTA,,WDM7277,60,15,22,8,0.0,0,A
367168000,2022-01-05T04:03:30,48.75649,-122.49807,0.0,260.2,294.0,BLUE MANTA,,WDM7277,60,15,22,8,0.0,0,A
367168000,2022-01-05T03:54:10,48.75650,-122.49809,0.0,276.0,295.0,BLUE MANTA,,WDM7277,60,15,22,8,0.0,0,A
367168000,2022-01-05T03:55:19,48.75650,-122.49808,0.0,325.3,295.0,BLUE MANTA,,WDM7277,60,15,22,8,0.0,0,A
367168000,2022-01-05T04:00:00,48.75651,-122.49808,0.0,309.3,295.0,BLUE MANTA,,WDM7277,60,15,22,8,0.0,0,A
367168000,2022-01-05T04:05:40,48.75649,-122.49806,0.0,182.4,294.0,BLUE MANTA,,WDM7277,60,15,22,8,0.0,0,A
367168000,2022-01-05T03:57:30,48.75650,-122.49808,0.0,331.4,295.0,BLUE MANTA,,WDM7277,60,15,22,8,0.0,0,A
367168000,2022-01-05T03:58:39,48.75650,-122.49808,0.0,331.7,295.0,BLUE MANTA,,WDM7277,60,15,22,8,0.0,0,A
367168000,2022-01-05T03:51:50,48.75650,-122.49809,0.0,291.3,295.0,BLUE MANTA,,WDM7277,60,15,22,8,0.0,0,A
367168000,2022-01-05T03:52:59,48.75650,-122.49810,0.0,313.4,295.0,BLUE MANTA,,WDM7277,60,15,22,8,0.0,0,A
367168000,2022-01-05T04:07:59,48.75650,-122.49808,0.0,283.6,294.0,BLUE MANTA,,WDM7277,60,15,22,8,0.0,0,A
367168000,2022-01-05T03:59:49,48.75651,-122.49807,0.0,326.6,295.0,BLUE MANTA,,WDM7277,60,15,22,8,0.0,0,A
367168000,2022-01-05T04:01:08,48.75650,-122.49808,0.0,279.2,294.0,BLUE MANTA,,WDM7277,60,15,22,8,0.0,0,A
367168000,2022-01-05T04:02:20,48.75650,-122.49807,0.0,269.6,294.0,BLUE MANTA,,WDM7277,60,15,22,8,0.0,0,A
367168000,2022-01-05T04:06:50,48.75650,-122.49808,0.0,186.2,294.0,BLUE MANTA,,WDM7277,60,15,22,8,0.0,0,A
367168000,2022-01-05T04:09:09,48.75650,-122.49807,0.0,267.9,294.0,BLUE MANTA,,WDM7277,60,15,22,8,0.0,0,A
367168000,2022-01-05T04:10:19,48.75650,-122.49807,0.0,261.3,294.0,BLUE MANTA,,WDM7277,60,15,22,8,0.0,0,A
367168000,2022-01-05T04:04:39,48.75649,-122.49807,0.0,276.6,294.0,BLUE MANTA,,WDM7277,60,15,22,8,0.0,0,A
367168000,2022-01-05T04:22:09,48.75650,-122.49806,0.0,251.1,293.0,BLUE MANTA,,WDM7277,60,15,22,8,0.0,0,A
367168000,2022-01-05T04:23:10,48.75650,-122.49806,0.0,214.3,294.0,BLUE MANTA,,WDM7277,60,15,22,8,0.0,0,A
367168000,2022-01-05T04:24:20,48.75650,-122.49807,0.0,227.7,293.0,BLUE MANTA,,WDM7277,60,15,22,8,0.0,0,A
367168000,2022-01-05T04:14:59,48.75649,-122.49806,0.0,189.3,294.0,BLUE MANTA,,WDM7277,60,15,22,8,0.0,0,A
367168000,2022-01-05T04:11:30,48.75649,-122.49808,0.0,189.0,294.0,BLUE MANTA,,WDM7277,60,15,22,8,0.0,0,A
367168000,2022-01-05T04:25:29,48.75648,-122.49806,0.0,221.0,293.0,BLUE MANTA,,WDM7277,60,15,22,8,0.0,0,A
367168000,2022-01-05T04:26:39,48.75650,-122.49805,0.0,233.9,294.0,BLUE MANTA,,WDM7277,60,15,22,8,0.0,0,A
367168000,2022-01-05T04:18:40,48.75648,-122.49806,0.0,197.6,294.0,BLUE MANTA,,WDM7277,60,15,22,8,0.0,0,A
367168000,2022-01-05T04:28:50,48.75650,-122.49808,0.0,229.9,293.0,BLUE MANTA,,WDM7277,60,15,22,8,0.0,0,A
367168000,2022-01-05T01:44:20,48.75648,-122.49807,0.0,251.3,293.0,BLUE MANTA,,WDM7277,60,15,22,8,0.0,0,A
367168000,2022-01-05T04:12:40,48.75648,-122.49807,0.0,182.0,294.0,BLUE MANTA,,WDM7277,60,15,22,8,0.0,0,A
367168000,2022-01-05T04:31:50,48.75649,-122.49807,0.0,220.7,292.0,BLUE MANTA,,WDM7277,60,15,22,8,0.0,0,A
367168000,2022-01-05T01:45:29,48.75648,-122.49809,0.0,280.7,294.0,BLUE MANTA,,WDM7277,60,15,22,8,0.0,0,A
367168000,2022-01-05T04:17:30,48.75650,-122.49807,0.0,202.6,294.0,BLUE MANTA,,WDM7277,60,15,22,8,0.0,0,A
367168000,2022-01-05T04:16:19,48.75649,-122.49808,0.0,214.8,294.0,BLUE MANTA,,WDM7277,60,15,22,8,0.0,0,A
367168000,2022-01-05T04:19:49,48.75649,-122.49806,0.0,205.5,294.0,BLUE MANTA,,WDM7277,60,15,22,8,0.0,0,A
367168000,2022-01-05T04:29:59,48.75650,-122.49807,0.0,238.1,293.0,BLUE MANTA,,WDM7277,60,15,22,8,0.0,0,A
367168000,2022-01-05T04:42:00,48.75650,-122.49807,0.0,257.2,291.0,BLUE MANTA,,WDM7277,60,15,22,8,0.0,0,A
367168000,2022-01-05T04:35:20,48.75651,-122.49806,0.0,228.2,292.0,BLUE MANTA,,WDM7277,60,15,22,8,0.0,0,A
367168000,2022-01-05T04:36:28,48.75650,-122.49807,0.0,235.4,292.0,BLUE MANTA,,WDM7277,60,15,22,8,0.0,0,A
367168000,2022-01-05T04:34:09,48.75649,-122.49807,0.0,222.9,292.0,BLUE MANTA,,WDM7277,60,15,22,8,0.0,0,A
367168000,2022-01-05T04:37:29,48.75650,-122.49807,0.0,254.4,292.0,BLUE MANTA,,WDM7277,60,15,22,8,0.0,0,A
367168000,2022-01-05T04:39:49,48.75649,-122.49805,0.0,279.4,292.0,BLUE MANTA,,WDM7277,60,15,22,8,0.0,0,A
367168000,2022-01-05T04:40:59,48.75650,-122.49807,0.0,262.2,292.0,BLUE MANTA,,WDM7277,60,15,22,8,0.0,0,A
367168000,2022-01-05T04:47:59,48.75649,-122.49808,0.0,7.5,292.0,BLUE MANTA,,WDM7277,60,15,22,8,0.0,0,A
367168000,2022-01-05T04:32:59,48.75650,-122.49805,0.0,236.0,292.0,BLUE MANTA,,WDM7277,60,15,22,8,0.0,0,A
367168000,2022-01-05T04:45:40,48.75649,-122.49805,0.0,216.6,292.0,BLUE MANTA,,WDM7277,60,15,22,8,0.0,0,A
367168000,2022-01-05T04:46:49,48.75649,-122.49806,0.0,174.6,292.0,BLUE MANTA,,WDM7277,60,15,22,8,0.0,0,A
367168000,2022-01-05T04:54:49,48.75650,-122.49807,0.0,317.3,293.0,BLUE MANTA,,WDM7277,60,15,22,8,0.0,0,A
367168000,2022-01-05T04:50:19,48.75650,-122.49807,0.0,349.3,292.0,BLUE MANTA,,WDM7277,60,15,22,8,0.0,0,A
367168000,2022-01-05T04:43:10,48.75650,-122.49807,0.0,243.8,292.0,BLUE MANTA,,WDM7277,60,15,22,8,0.0,0,A
367168000,2022-01-05T05:02:29,48.75649,-122.49806,0.0,266.3,292.0,BLUE MANTA,,WDM7277,60,15,22,8,0.0,0,A
367168000,2022-01-05T04:44:19,48.75650,-122.49805,0.0,132.2,292.0,BLUE MANTA,,WDM7277,60,15,22,8,0.0,0,A
367168000,2022-01-05T04:49:09,48.75650,-122.49805,0.0,313.2,293.0,BLUE MANTA,,WDM7277,60,15,22,8,0.0,0,A
367168000,2022-01-05T05:06:00,48.75650,-122.49805,0.0,176.8,292.0,BLUE MANTA,,WDM7277,60,15,22,8,0.0,0,A
367168000,2022-01-05T04:57:19,48.75650,-122.49808,0.0,313.4,293.0,BLUE MANTA,,WDM7277,60,15,22,8,0.0,0,A
367168000,2022-01-05T04:58:30,48.75650,-122.49807,0.0,291.7,293.0,BLUE MANTA,,WDM7277,60,15,22,8,0.0,0,A
367168000,2022-01-05T04:59:39,48.75650,-122.49808,0.0,275.5,293.0,BLUE MANTA,,WDM7277,60,15,22,8,0.0,0,A
367168000,2022-01-05T05:00:00,48.75650,-122.49807,0.0,271.9,293.0,BLUE MANTA,,WDM7277,60,15,22,8,0.0,0,A
367168000,2022-01-05T04:51:29,48.75649,-122.49805,0.0,322.6,292.0,BLUE MANTA,,WDM7277,60,15,22,8,0.0,0,A
367168000,2022-01-05T05:10:39,48.75650,-122.49805,0.0,194.1,293.0,BLUE MANTA,,WDM7277,60,15,22,8,0.0,0,A
367168000,2022-01-05T05:11:48,48.75650,-122.49805,0.0,207.2,293.0,BLUE MANTA,,WDM7277,60,15,22,8,0.0,0,A
367168000,2022-01-05T05:07:10,48.75649,-122.49807,0.0,188.4,293.0,BLUE MANTA,,WDM7277,60,15,22,8,0.0,0,A
367168000,2022-01-05T05:01:19,48.75650,-122.49806,0.0,308.7,293.0,BLUE MANTA,,WDM7277,60,15,22,8,0.0,0,A
367168000,2022-01-05T05:16:30,48.75650,-122.49808,0.0,253.8,293.0,BLUE MANTA,,WDM7277,60,15,22,8,0.0,0,A
367168000,2022-01-05T05:18:49,48.75649,-122.49807,0.0,241.0,292.0,BLUE MANTA,,WDM7277,60,15,22,8,0.0,0,A
367168000,2022-01-05T05:04:50,48.75650,-122.49807,0.0,308.1,292.0,BLUE MANTA,,WDM7277,60,15,22,8,0.0,0,A
367168000,2022-01-05T05:09:29,48.75650,-122.49806,0.0,199.0,293.0,BLUE MANTA,,WDM7277,60,15,22,8,0.0,0,A
367168000,2022-01-05T02:01:29,48.75651,-122.49807,0.0,319.6,293.0,BLUE MANTA,,WDM7277,60,15,22,8,0.0,0,A
367168000,2022-01-05T05:12:59,48.75650,-122.49808,0.0,210.4,293.0,BLUE MANTA,,WDM7277,60,15,22,8,0.0,0,A
367168000,2022-01-05T02:02:39,48.75651,-122.49808,0.0,311.2,293.0,BLUE MANTA,,WDM7277,60,15,22,8,0.0,0,A
367168000,2022-01-05T05:15:19,48.75649,-122.49806,0.0,257.8,293.0,BLUE MANTA,,WDM7277,60,15,22,8,0.0,0,A
367168000,2022-01-05T05:23:40,48.75649,-122.49808,0.0,242.1,293.0,BLUE MANTA,,WDM7277,60,15,22,8,0.0,0,A
367168000,2022-01-05T02:06:09,48.75650,-122.49809,0.0,209.4,293.0,BLUE MANTA,,WDM7277,60,15,22,8,0.0,0,A
367168000,2022-01-05T05:22:29,48.75650,-122.49805,0.0,205.7,293.0,BLUE MANTA,,WDM7277,60,15,22,8,0.0,0,A
367168000,2022-01-05T05:14:09,48.75649,-122.49807,0.0,235.3,293.0,BLUE MANTA,,WDM7277,60,15,22,8,0.0,0,A
367168000,2022-01-05T05:27:09,48.75649,-122.49805,0.0,254.3,294.0,BLUE MANTA,,WDM7277,60,15,22,8,0.0,0,A
367168000,2022-01-05T05:29:29,48.75649,-122.49807,0.0,248.1,294.0,BLUE MANTA,,WDM7277,60,15,22,8,0.0,0,A
367168000,2022-01-05T05:19:59,48.75649,-122.49809,0.0,243.4,293.0,BLUE MANTA,,WDM7277,60,15,22,8,0.0,0,A
367168000,2022-01-05T05:36:30,48.75650,-122.49807,0.0,211.2,294.0,BLUE MANTA,,WDM7277,60,15,22,8,0.0,0,A
367168000,2022-01-05T05:38:49,48.75649,-122.49809,0.0,224.6,294.0,BLUE MANTA,,WDM7277,60,15,22,8,0.0,0,A
367168000,2022-01-05T05:30:39,48.75650,-122.49807,0.0,302.8,293.0,BLUE MANTA,,WDM7277,60,15,22,8,0.0,0,A
367168000,2022-01-05T05:24:49,48.75650,-122.49806,0.0,257.9,294.0,BLUE MANTA,,WDM7277,60,15,22,8,0.0,0,A
367168000,2022-01-05T05:40:59,48.75649,-122.49807,0.0,275.4,294.0,BLUE MANTA,,WDM7277,60,15,22,8,0.0,0,A
367168000,2022-01-05T05:32:59,48.75650,-122.49807,0.0,211.8,294.0,BLUE MANTA,,WDM7277,60,15,22,8,0.0,0,A
367168000,2022-01-05T05:28:19,48.75649,-122.49807,0.0,242.1,294.0,BLUE MANTA,,WDM7277,60,15,22,8,0.0,0,A
367168000,2022-01-05T05:34:08,48.75649,-122.49806,0.0,305.2,295.0,BLUE MANTA,,WDM7277,60,15,22,8,0.0,0,A
367168000,2022-01-05T05:43:19,48.75649,-122.49808,0.0,221.1,295.0,BLUE MANTA,,WDM7277,60,15,22,8,0.0,0,A
367168000,2022-01-05T05:26:00,48.75650,-122.49807,0.0,240.6,294.0,BLUE MANTA,,WDM7277,60,15,22,8,0.0,0,A
367168000,2022-01-05T05:31:48,48.75649,-122.49807,0.0,22.0,294.0,BLUE MANTA,,WDM7277,60,15,22,8,0.0,0,A
367168000,2022-01-05T05:45:39,48.75649,-122.49807,0.0,278.2,294.0,BLUE MANTA,,WDM7277,60,15,22,8,0.0,0,A
367168000,2022-01-05T05:35:19,48.75650,-122.49807,0.0,352.8,294.0,BLUE MANTA,,WDM7277,60,15,22,8,0.0,0,A
367168000,2022-01-05T05:37:39,48.75650,-122.49806,0.0,222.8,294.0,BLUE MANTA,,WDM7277,60,15,22,8,0.0,0,A
367168000,2022-01-05T05:54:50,48.75649,-122.49806,0.0,256.8,294.0,BLUE MANTA,,WDM7277,60,15,22,8,0.0,0,A
367168000,2022-01-05T05:52:39,48.75650,-122.49806,0.0,255.4,295.0,BLUE MANTA,,WDM7277,60,15,22,8,0.0,0,A
367168000,2022-01-05T05:42:09,48.75650,-122.49806,0.0,312.2,295.0,BLUE MANTA,,WDM7277,60,15,22,8,0.0,0,A
367168000,2022-01-05T05:57:00,48.75649,-122.49808,0.0,244.9,295.0,BLUE MANTA,,WDM7277,60,15,22,8,0.0,0,A
367168000,2022-01-05T05:46:50,48.75649,-122.49807,0.0,189.2,294.0,BLUE MANTA,,WDM7277,60,15,22,8,0.0,0,A
367168000,2022-01-05T05:44:30,48.75650,-122.49807,0.0,183.2,294.0,BLUE MANTA,,WDM7277,60,15,22,8,0.0,0,A
367168000,2022-01-05T05:39:58,48.75650,-122.49806,0.0,334.9,294.0,BLUE MANTA,,WDM7277,60,15,22,8,0.0,0,A
367168000,2022-01-05T02:21:09,48.75651,-122.49807,0.0,351.4,295.0,BLUE MANTA,,WDM7277,60,15,22,8,0.0,0,A
367168000,2022-01-05T06:00:09,48.75649,-122.49806,0.0,233.3,294.0,BLUE MANTA,,WDM7277,60,15,22,8,0.0,0,A
367168000,2022-01-05T06:02:29,48.75649,-122.49808,0.0,226.3,295.0,BLUE MANTA,,WDM7277,60,15,22,8,0.0,0,A
367168000,2022-01-05T05:49:10,48.75649,-122.49807,0.0,307.0,294.0,BLUE MANTA,,WDM7277,60,15,22,8,0.0,0,A
367168000,2022-01-05T06:04:49,48.75649,-122.49805,0.0,245.1,294.0,BLUE MANTA,,WDM7277,60,15,22,8,0.0,0,A
367168000,2022-01-05T06:07:00,48.75651,-122.49807,0.0,232.3,294.0,BLUE MANTA,,WDM7277,60,15,22,8,0.0,0,A
367168000,2022-01-05T05:51:30,48.75650,-122.49807,0.0,242.3,295.0,BLUE MANTA,,WDM7277,60,15,22,8,0.0,0,A
367168000,2022-01-05T05:53:49,48.75649,-122.49807,0.0,151.2,295.0,BLUE MANTA,,WDM7277,60,15,22,8,0.0,0,A
367168000,2022-01-05T06:03:38,48.75649,-122.49807,0.0,236.0,294.0,BLUE MANTA,,WDM7277,60,15,22,8,0.0,0,A
367168000,2022-01-05T05:58:08,48.75650,-122.49807,0.0,276.8,295.0,BLUE MANTA,,WDM7277,60,15,22,8,0.0,0,A
367168000,2022-01-05T05:55:59,48.75649,-122.49807,0.0,211.3,294.0,BLUE MANTA,,WDM7277,60,15,22,8,0.0,0,A
367168000,2022-01-05T06:21:59,48.75650,-122.49806,0.0,269.9,294.0,BLUE MANTA,,WDM7277,60,15,22,8,0.0,0,A
367168000,2022-01-05T06:25:30,48.75650,-122.49805,0.0,269.2,294.0,BLUE MANTA,,WDM7277,60,15,22,8,0.0,0,A
367168000,2022-01-05T06:15:00,48.75650,-122.49805,0.0,214.7,294.0,BLUE MANTA,,WDM7277,60,15,22,8,0.0,0,A
367168000,2022-01-05T06:26:39,48.75650,-122.49807,0.0,273.3,294.0,BLUE MANTA,,WDM7277,60,15,22,8,0.0,0,A
367168000,2022-01-05T06:05:59,48.75650,-122.49806,0.0,280.1,294.0,BLUE MANTA,,WDM7277,60,15,22,8,0.0,0,A
367168000,2022-01-05T06:11:39,48.75649,-122.49807,0.0,180.6,294.0,BLUE MANTA,,WDM7277,60,15,22,8,0.0,0,A
367168000,2022-01-05T06:29:09,48.75649,-122.49806,0.0,268.0,294.0,BLUE MANTA,,WDM7277,60,15,22,8,0.0,0,A
367168000,2022-01-05T06:08:10,48.75649,-122.49805,0.0,162.7,294.0,BLUE MANTA,,WDM7277,60,15,22,8,0.0,0,A
367168000,2022-01-05T06:09:20,48.75648,-122.49807,0.0,321.5,294.0,BLUE MANTA,,WDM7277,60,15,22,8,0.0,0,A
367168000,2022-01-05T06:31:59,48.75650,-122.49806,0.0,294.6,293.0,BLUE MANTA,,WDM7277,60,15,22,8,0.0,0,A
367168000,2022-01-05T06:19:39,48.75649,-122.49806,0.0,276.3,294.0,BLUE MANTA,,WDM7277,60,15,22,8,0.0,0,A
367168000,2022-01-05T06:13:49,48.75650,-122.49806,0.0,267.5,295.0,BLUE MANTA,,WDM7277,60,15,22,8,0.0,0,A
367168000,2022-01-05T06:20:50,48.75649,-122.49806,0.0,240.6,294.0,BLUE MANTA,,WDM7277,60,15,22,8,0.0,0,A
367168000,2022-01-05T06:35:29,48.75649,-122.49806,0.0,339.0,293.0,BLUE MANTA,,WDM7277,60,15,22,8,0.0,0,A
367168000,2022-01-05T06:12:40,48.75649,-122.49806,0.0,227.1,294.0,BLUE MANTA,,WDM7277,60,15,22,8,0.0,0,A
367168000,2022-01-05T06:23:09,48.75649,-122.49807,0.0,266.0,294.0,BLUE MANTA,,WDM7277,60,15,22,8,0.0,0,A
367168000,2022-01-05T06:17:20,48.75650,-122.49806,0.0,225.0,294.0,BLUE MANTA,,WDM7277,60,15,22,8,0.0,0,A
367168000,2022-01-05T06:18:29,48.75650,-122.49806,0.0,248.9,294.0,BLUE MANTA,,WDM7277,60,15,22,8,0.0,0,A
367168000,2022-01-05T06:40:10,48.75650,-122.49807,0.0,358.5,293.0,BLUE MANTA,,WDM7277,60,15,22,8,0.0,0,A
367168000,2022-01-05T06:43:39,48.75650,-122.49807,0.0,335.5,294.0,BLUE MANTA,,WDM7277,60,15,22,8,0.0,0,A
367168000,2022-01-05T06:44:40,48.75649,-122.49808,0.0,341.8,294.0,BLUE MANTA,,WDM7277,60,15,22,8,0.0,0,A
367168000,2022-01-05T06:36:39,48.75649,-122.49806,0.0,346.1,293.0,BLUE MANTA,,WDM7277,60,15,22,8,0.0,0,A
367168000,2022-01-05T06:33:09,48.75650,-122.49805,0.0,228.5,294.0,BLUE MANTA,,WDM7277,60,15,22,8,0.0,0,A
367168000,2022-01-05T06:37:49,48.75649,-122.49805,0.0,83.9,293.0,BLUE MANTA,,WDM7277,60,15,22,8,0.0,0,A
367168000,2022-01-05T06:34:19,48.75649,-122.49806,0.0,227.9,294.0,BLUE MANTA,,WDM7277,60,15,22,8,0.0,0,A
367168000,2022-01-05T06:45:48,48.75649,-122.49806,0.0,333.7,294.0,BLUE MANTA,,WDM7277,60,15,22,8,0.0,0,A
367168000,2022-01-05T06:59:39,48.75650,-122.49807,0.0,79.0,294.0,BLUE MANTA,,WDM7277,60,15,22,8,0.0,0,A
367168000,2022-01-05T06:51:39,48.75649,-122.49807,0.0,258.9,294.0,BLUE MANTA,,WDM7277,60,15,22,8,0.0,0,A
367168000,2022-01-05T07:00:08,48.75649,-122.49807,0.0,331.0,294.0,BLUE MANTA,,WDM7277,60,15,22,8,0.0,0,A
367168000,2022-01-05T06:47:00,48.75649,-122.49806,0.0,331.4,294.0,BLUE MANTA,,WDM7277,60,15,22,8,0.0,0,A
367168000,2022-01-05T07:02:29,48.75649,-122.49807,0.0,156.3,294.0,BLUE MANTA,,WDM7277,60,15,22,8,0.0,0,A
367168000,2022-01-05T06:50:30,48.75650,-122.49807,0.0,302.7,294.0,BLUE MANTA,,WDM7277,60,15,22,8,0.0,0,A
367168000,2022-01-05T06:53:58,48.75649,-122.49806,0.0,316.8,294.0,BLUE MANTA,,WDM7277,60,15,22,8,0.0,0,A
367168000,2022-01-05T07:04:40,48.75651,-122.49807,0.0,293.3,293.0,BLUE MANTA,,WDM7277,60,15,22,8,0.0,0,A
367168000,2022-01-05T06:57:20,48.75649,-122.49806,0.0,302.4,293.0,BLUE MANTA,,WDM7277,60,15,22,8,0.0,0,A
367168000,2022-01-05T02:46:20,48.75652,-122.49808,0.0,207.2,296.0,BLUE MANTA,,WDM7277,60,15,22,8,0.0,0,A
367168000,2022-01-05T02:47:29,48.75651,-122.49809,0.0,215.8,295.0,BLUE MANTA,,WDM7277,60,15,22,8,0.0,0,A
367168000,2022-01-05T06:48:09,48.75649,-122.49807,0.0,323.6,294.0,BLUE MANTA,,WDM7277,60,15,22,8,0.0,0,A
367168000,2022-01-05T06:58:29,48.75649,-122.49807,0.0,4.2,293.0,BLUE MANTA,,WDM7277,60,15,22,8,0.0,0,A
367168000,2022-01-05T06:49:29,48.75650,-122.49806,0.0,332.3,295.0,BLUE MANTA,,WDM7277,60,15,22,8,0.0,0,A
367168000,2022-01-05T07:10:30,48.75649,-122.49807,0.0,21.8,293.0,BLUE MANTA,,WDM7277,60,15,22,8,0.0,0,A
367168000,2022-01-05T06:52:49,48.75649,-122.49806,0.0,317.8,293.0,BLUE MANTA,,WDM7277,60,15,22,8,0.0,0,A
367168000,2022-01-05T02:51:50,48.75650,-122.49807,0.0,206.8,295.0,BLUE MANTA,,WDM7277,60,15,22,8,0.0,0,A
367168000,2022-01-05T07:03:39,48.75650,-122.49807,0.0,299.6,293.0,BLUE MANTA,,WDM7277,60,15,22,8,0.0,0,A
367168000,2022-01-05T07:11:39,48.75650,-122.49806,0.0,42.3,293.0,BLUE MANTA,,WDM7277,60,15,22,8,0.0,0,A
367168000,2022-01-05T06:54:59,48.75649,-122.49807,0.0,326.0,294.0,BLUE MANTA,,WDM7277,60,15,22,8,0.0,0,A
367168000,2022-01-05T06:56:08,48.75649,-122.49806,0.0,317.5,294.0,BLUE MANTA,,WDM7277,60,15,22,8,0.0,0,A
367168000,2022-01-05T07:09:18,48.75649,-122.49806,0.0,330.7,293.0,BLUE MANTA,,WDM7277,60,15,22,8,0.0,0,A
367168000,2022-01-05T07:17:19,48.75649,-122.49807,0.0,119.8,293.0,BLUE MANTA,,WDM7277,60,15,22,8,0.0,0,A
367168000,2022-01-05T02:55:09,48.75650,-122.49809,0.0,248.1,295.0,BLUE MANTA,,WDM7277,60,15,22,8,0.0,0,A
367168000,2022-01-05T07:20:49,48.75649,-122.49807,0.0,177.7,294.0,BLUE MANTA,,WDM7277,60,15,22,8,0.0,0,A
367168000,2022-01-05T07:05:48,48.75650,-122.49806,0.0,307.0,293.0,BLUE MANTA,,WDM7277,60,15,22,8,0.0,0,A
367168000,2022-01-05T07:06:50,48.75650,-122.49806,0.0,194.2,293.0,BLUE MANTA,,WDM7277,60,15,22,8,0.0,0,A
367168000,2022-01-05T07:13:59,48.75650,-122.49806,0.0,228.6,294.0,BLUE MANTA,,WDM7277,60,15,22,8,0.0,0,A
367168000,2022-01-05T07:25:19,48.75649,-122.49807,0.0,162.6,294.0,BLUE MANTA,,WDM7277,60,15,22,8,0.0,0,A
367168000,2022-01-05T07:26:20,48.75650,-122.49806,0.0,83.7,294.0,BLUE MANTA,,WDM7277,60,15,22,8,0.0,0,A
367168000,2022-01-05T07:28:38,48.75649,-122.49806,0.0,143.9,294.0,BLUE MANTA,,WDM7277,60,15,22,8,0.0,0,A
367168000,2022-01-05T07:18:30,48.75650,-122.49807,0.0,331.1,294.0,BLUE MANTA,,WDM7277,60,15,22,8,0.0,0,A
367168000,2022-01-05T07:08:10,48.75650,-122.49806,0.0,351.6,293.0,BLUE MANTA,,WDM7277,60,15,22,8,0.0,0,A
367168000,2022-01-05T07:12:50,48.75650,-122.49806,0.0,358.1,294.0,BLUE MANTA,,WDM7277,60,15,22,8,0.0,0,A
367168000,2022-01-05T07:24:09,48.75650,-122.49807,0.0,187.7,293.0,BLUE MANTA,,WDM7277,60,15,22,8,0.0,0,A
367168000,2022-01-05T07:15:08,48.75650,-122.49807,0.0,312.3,293.0,BLUE MANTA,,WDM7277,60,15,22,8,0.0,0,A
367168000,2022-01-05T07:16:09,48.75650,-122.49807,0.0,21.4,293.0,BLUE MANTA,,WDM7277,60,15,22,8,0.0,0,A
367168000,2022-01-05T07:27:30,48.75649,-122.49806,0.0,164.4,294.0,BLUE MANTA,,WDM7277,60,15,22,8,0.0,0,A
367168000,2022-01-05T07:19:40,48.75650,-122.49806,0.0,318.9,293.0,BLUE MANTA,,WDM7277,60,15,22,8,0.0,0,A
367168000,2022-01-05T07:21:59,48.75649,-122.49807,0.0,165.8,293.0,BLUE MANTA,,WDM7277,60,15,22,8,0.0,0,A
367168000,2022-01-05T07:31:10,48.75649,-122.49806,0.0,8.1,294.0,BLUE MANTA,,WDM7277,60,15,22,8,0.0,0,A
367168000,2022-01-05T07:39:20,48.75649,-122.49807,0.0,359.9,294.0,BLUE MANTA,,WDM7277,60,15,22,8,0.0,0,A
367168000,2022-01-05T07:34:40,48.75649,-122.49805,0.0,31.7,294.0,BLUE MANTA,,WDM7277,60,15,22,8,0.0,0,A
367168000,2022-01-05T07:23:00,48.75649,-122.49807,0.0,127.8,293.0,BLUE MANTA,,WDM7277,60,15,22,8,0.0,0,A
367168000,2022-01-05T03:05:50,48.75650,-122.49808,0.0,297.5,295.0,BLUE MANTA,,WDM7277,60,15,22,8,0.0,0,A
367168000,2022-01-05T07:46:10,48.75648,-122.49807,0.0,188.7,293.0,BLUE MANTA,,WDM7277,60,15,22,8,0.0,0,A
367168000,2022-01-05T07:29:39,48.75649,-122.49805,0.0,175.2,294.0,BLUE MANTA,,WDM7277,60,15,22,8,0.0,0,A
367168000,2022-01-05T07:35:49,48.75649,-122.49807,0.0,308.7,294.0,BLUE MANTA,,WDM7277,60,15,22,8,0.0,0,A
367168000,2022-01-05T07:33:30,48.75650,-122.49805,0.0,313.2,294.0,BLUE MANTA,,WDM7277,60,15,22,8,0.0,0,A
367168000,2022-01-05T07:49:38,48.75650,-122.49807,0.0,190.9,294.0,BLUE MANTA,,WDM7277,60,15,22,8,0.0,0,A
367168000,2022-01-05T07:51:50,48.75650,-122.49806,0.0,115.5,294.0,BLUE MANTA,,WDM7277,60,15,22,8,0.0,0,A
367168000,2022-01-05T07:43:49,48.75650,-122.49806,0.0,339.9,293.0,BLUE MANTA,,WDM7277,60,15,22,8,0.0,0,A
367168000,2022-01-05T07:45:00,48.75650,-122.49808,0.0,324.7,293.0,BLUE MANTA,,WDM7277,60,15,22,8,0.0,0,A
367168000,2022-01-05T07:56:30,48.75650,-122.49807,0.0,181.2,293.0,BLUE MANTA,,WDM7277,60,15,22,8,0.0,0,A
367168000,2022-01-05T07:40:30,48.75649,-122.49806,0.0,55.7,294.0,BLUE MANTA,,WDM7277,60,15,22,8,0.0,0,A
367168000,2022-01-05T07:47:19,48.75648,-122.49806,0.0,52.6,293.0,BLUE MANTA,,WDM7277,60,15,22,8,0.0,0,A
367168000,2022-01-05T07:59:59,48.75650,-122.49807,0.0,272.0,294.0,BLUE MANTA,,WDM7277,60,15,22,8,0.0,0,A
367168000,2022-01-05T08:01:20,48.75649,-122.49808,0.0,190.7,294.0,BLUE MANTA,,WDM7277,60,15,22,8,0.0,0,A
367168000,2022-01-05T07:52:58,48.75650,-122.49807,0.0,133.8,294.0,BLUE MANTA,,WDM7277,60,15,22,8,0.0,0,A
367168000,2022-01-05T07:57:39,48.75649,-122.49807,0.0,231.6,294.0,BLUE MANTA,,WDM7277,60,15,22,8,0.0,0,A
367168000,2022-01-05T08:07:10,48.75649,-122.49807,0.0,210.5,295.0,BLUE MANTA,,WDM7277,60,15,22,8,0.0,0,A
367168000,2022-01-05T07:50:39,48.75650,-122.49807,0.0,220.8,294.0,BLUE MANTA,,WDM7277,60,15,22,8,0.0,0,A
367168000,2022-01-05T08:08:18,48.75650,-122.49806,0.0,279.2,294.0,BLUE MANTA,,WDM7277,60,15,22,8,0.0,0,A
367168000,2022-01-05T07:48:29,48.75650,-122.49806,0.0,200.5,293.0,BLUE MANTA,,WDM7277,60,15,22,8,0.0,0,A
367168000,2022-01-05T08:11:40,48.75651,-122.49809,0.0,196.2,295.0,BLUE MANTA,,WDM7277,60,15,22,8,0.0,0,A
367168000,2022-01-05T08:00:09,48.75649,-122.49807,0.0,299.0,294.0,BLUE MANTA,,WDM7277,60,15,22,8,0.0,0,A
367168000,2022-01-05T08:04:49,48.75649,-122.49809,0.0,172.7,294.0,BLUE MANTA,,WDM7277,60,15,22,8,0.0,0,A
367168000,2022-01-05T08:02:29,48.75649,-122.49808,0.0,147.6,294.0,BLUE MANTA,,WDM7277,60,15,22,8,0.0,0,A
367168000,2022-01-05T08:03:30,48.75651,-122.49808,0.0,177.9,294.0,BLUE MANTA,,WDM7277,60,15,22,8,0.0,0,A
367168000,2022-01-05T08:05:59,48.75650,-122.49808,0.0,322.2,294.0,BLUE MANTA,,WDM7277,60,15,22,8,0.0,0,A
367168000,2022-01-05T03:17:10,48.75650,-122.49809,0.0,285.4,294.0,BLUE MANTA,,WDM7277,60,15,22,8,0.0,0,A
367168000,2022-01-05T08:16:09,48.75650,-122.49807,0.0,236.5,293.0,BLUE MANTA,,WDM7277,60,15,22,8,0.0,0,A
367168000,2022-01-05T08:09:29,48.75650,-122.49807,0.0,174.5,294.0,BLUE MANTA,,WDM7277,60,15,22,8,0.0,0,A
367168000,2022-01-05T07:58:50,48.75648,-122.49806,0.0,249.6,294.0,BLUE MANTA,,WDM7277,60,15,22,8,0.0,0,A
367168000,2022-01-05T08:19:39,48.75650,-122.49808,0.0,225.2,294.0,BLUE MANTA,,WDM7277,60,15,22,8,0.0,0,A
367168000,2022-01-05T08:12:50,48.75650,-122.49807,0.0,243.7,295.0,BLUE MANTA,,WDM7277,60,15,22,8,0.0,0,A
367168000,2022-01-05T08:15:00,48.75650,-122.49807,0.0,267.9,294.0,BLUE MANTA,,WDM7277,60,15,22,8,0.0,0,A
367168000,2022-01-05T08:21:59,48.75650,-122.49805,0.0,213.0,294.0,BLUE MANTA,,WDM7277,60,15,22,8,0.0,0,A
367168000,2022-01-05T08:17:19,48.75650,-122.49806,0.0,92.5,294.0,BLUE MANTA,,WDM7277,60,15,22,8,0.0,0,A
367168000,2022-01-05T08:27:20,48.75649,-122.49807,0.0,246.3,293.0,BLUE MANTA,,WDM7277,60,15,22,8,0.0,0,A
367168000,2022-01-05T08:10:30,48.75649,-122.49806,0.0,149.5,295.0,BLUE MANTA,,WDM7277,60,15,22,8,0.0,0,A
367168000,2022-01-05T03:23:48,48.75650,-122.49807,0.0,312.6,294.0,BLUE MANTA,,WDM7277,60,15,22,8,0.0,0,A
367168000,2022-01-05T08:24:09,48.75649,-122.49807,0.0,215.3,293.0,BLUE MANTA,,WDM7277,60,15,22,8,0.0,0,A
367168000,2022-01-05T08:13:59,48.75648,-122.49807,0.0,187.8,295.0,BLUE MANTA,,WDM7277,60,15,22,8,0.0,0,A
367168000,2022-01-05T08:18:29,48.75650,-122.49806,0.0,191.7,293.0,BLUE MANTA,,WDM7277,60,15,22,8,0.0,0,A
367168000,2022-01-05T08:34:09,48.75649,-122.49808,0.0,295.3,293.0,BLUE MANTA,,WDM7277,60,15,22,8,0.0,0,A
367168000,2022-01-05T03:25:59,48.75650,-122.49809,0.0,311.0,294.0,BLUE MANTA,,WDM7277,60,15,22,8,0.0,0,A
367168000,2022-01-05T08:25:18,48.75650,-122.49808,0.0,257.7,293.0,BLUE MANTA,,WDM7277,60,15,22,8,0.0,0,A
367168000,2022-01-05T08:29:39,48.75649,-122.49806,0.0,220.5,293.0,BLUE MANTA,,WDM7277,60,15,22,8,0.0,0,A
367168000,2022-01-05T08:20:50,48.75650,-122.49806,0.0,198.4,294.0,BLUE MANTA,,WDM7277,60,15,22,8,0.0,0,A
367168000,2022-01-05T03:27:09,48.75650,-122.49809,0.0,323.1,295.0,BLUE MANTA,,WDM7277,60,15,22,8,0.0,0,A
367168000,2022-01-05T08:28:29,48.75649,-122.49806,0.0,232.9,294.0,BLUE MANTA,,WDM7277,60,15,22,8,0.0,0,A
367168000,2022-01-05T08:43:09,48.75650,-122.49807,0.0,3.0,293.0,BLUE MANTA,,WDM7277,60,15,22,8,0.0,0,A
367168000,2022-01-05T08:26:19,48.75651,-122.49808,0.0,208.4,293.0,BLUE MANTA,,WDM7277,60,15,22,8,0.0,0,A
367168000,2022-01-05T08:32:59,48.75651,-122.49807,0.0,241.1,294.0,BLUE MANTA,,WDM7277,60,15,22,8,0.0,0,A
367168000,2022-01-05T08:44:18,48.75650,-122.49807,0.0,281.8,294.0,BLUE MANTA,,WDM7277,60,15,22,8,0.0,0,A
367168000,2022-01-05T08:31:50,48.75650,-122.49807,0.0,275.3,293.0,BLUE MANTA,,WDM7277,60,15,22,8,0.0,0,A
367168000,2022-01-05T08:48:10,48.75649,-122.49807,0.0,355.0,294.0,BLUE MANTA,,WDM7277,60,15,22,8,0.0,0,A
367168000,2022-01-05T08:35:18,48.75649,-122.49806,0.0,261.5,294.0,BLUE MANTA,,WDM7277,60,15,22,8,0.0,0,A
367168000,2022-01-05T08:50:20,48.75650,-122.49807,0.0,298.2,295.0,BLUE MANTA,,WDM7277,60,15,22,8,0.0,0,A
367168000,2022-01-05T08:36:19,48.75650,-122.49807,0.0,289.0,293.0,BLUE MANTA,,WDM7277,60,15,22,8,0.0,0,A
367168000,2022-01-05T08:38:30,48.75650,-122.49807,0.0,224.9,294.0,BLUE MANTA,,WDM7277,60,15,22,8,0.0,0,A
367168000,2022-01-05T08:40:49,48.75649,-122.49807,0.0,12.6,295.0,BLUE MANTA,,WDM7277,60,15,22,8,0.0,0,A
367168000,2022-01-05T08:41:59,48.75650,-122.49806,0.0,343.3,294.0,BLUE MANTA,,WDM7277,60,15,22,8,0.0,0,A
367168000,2022-01-05T08:54:48,48.75650,-122.49808,0.0,210.4,294.0,BLUE MANTA,,WDM7277,60,15,22,8,0.0,0,A
367168000,2022-01-05T08:46:48,48.75650,-122.49808,0.0,4.3,294.0,BLUE MANTA,,WDM7277,60,15,22,8,0.0,0,A
367168000,2022-01-05T08:45:30,48.75650,-122.49807,0.0,24.9,294.0,BLUE MANTA,,WDM7277,60,15,22,8,0.0,0,A
367168000,2022-01-05T08:39:39,48.75649,-122.49808,0.0,138.2,295.0,BLUE MANTA,,WDM7277,60,15,22,8,0.0,0,A
367168000,2022-01-05T08:49:18,48.75649,-122.49806,0.0,355.2,294.0,BLUE MANTA,,WDM7277,60,15,22,8,0.0,0,A
367168000,2022-01-05T09:04:29,48.75648,-122.49807,0.0,186.3,294.0,BLUE MANTA,,WDM7277,60,15,22,8,0.0,0,A
367168000,2022-01-05T08:51:28,48.75648,-122.49807,0.0,30.2,294.0,BLUE MANTA,,WDM7277,60,15,22,8,0.0,0,A
367168000,2022-01-05T09:02:18,48.75649,-122.49807,0.0,179.4,294.0,BLUE MANTA,,WDM7277,60,15,22,8,0.0,0,A
367168000,2022-01-05T08:53:40,48.75650,-122.49807,0.0,339.5,294.0,BLUE MANTA,,WDM7277,60,15,22,8,0.0,0,A
367168000,2022-01-05T08:52:29,48.75649,-122.49808,0.0,6.7,294.0,BLUE MANTA,,WDM7277,60,15,22,8,0.0,0,A
367168000,2022-01-05T09:05:39,48.75649,-122.49808,0.0,199.4,294.0,BLUE MANTA,,WDM7277,60,15,22,8,0.0,0,A
367168000,2022-01-05T08:57:09,48.75649,-122.49806,0.0,316.0,294.0,BLUE MANTA,,WDM7277,60,15,22,8,0.0,0,A
367168000,2022-01-05T08:58:18,48.75650,-122.49808,0.0,341.1,294.0,BLUE MANTA,,WDM7277,60,15,22,8,0.0,0,A
367168000,2022-01-05T09:12:29,48.75650,-122.49807,0.0,20.1,295.0,BLUE MANTA,,WDM7277,60,15,22,8,0.0,0,A
367168000,2022-01-05T09:13:50,48.75649,-122.49807,0.0,163.2,295.0,BLUE MANTA,,WDM7277,60,15,22,8,0.0,0,A
367168000,2022-01-05T09:17:20,48.75649,-122.49807,0.0,171.8,295.0,BLUE MANTA,,WDM7277,60,15,22,8,0.0,0,A
367168000,2022-01-05T09:20:48,48.75650,-122.49807,0.0,188.0,295.0,BLUE MANTA,,WDM7277,60,15,22,8,0.0,0,A
367168000,2022-01-05T09:06:49,48.75650,-122.49807,0.0,182.9,295.0,BLUE MANTA,,WDM7277,60,15,22,8,0.0,0,A
367168000,2022-01-05T09:07:50,48.75649,-122.49807,0.0,178.9,295.0,BLUE MANTA,,WDM7277,60,15,22,8,0.0,0,A
367168000,2022-01-05T09:10:09,48.75649,-122.49807,0.0,186.3,295.0,BLUE MANTA,,WDM7277,60,15,22,8,0.0,0,A
367168000,2022-01-05T03:45:00,48.75649,-122.49806,0.0,292.2,295.0,BLUE MANTA,,WDM7277,60,15,22,8,0.0,0,A
367168000,2022-01-05T09:19:39,48.75650,-122.49808,0.0,208.9,295.0,BLUE MANTA,,WDM7277,60,15,22,8,0.0,0,A
367168000,2022-01-05T08:59:19,48.75649,-122.49808,0.0,248.8,295.0,BLUE MANTA,,WDM7277,60,15,22,8,0.0,0,A
367168000,2022-01-05T09:11:19,48.75650,-122.49807,0.0,287.0,295.0,BLUE MANTA,,WDM7277,60,15,22,8,0.0,0,A
367168000,2022-01-05T09:00:00,48.75649,-122.49807,0.0,253.7,294.0,BLUE MANTA,,WDM7277,60,15,22,8,0.0,0,A
367168000,2022-01-05T09:09:00,48.75650,-122.49806,0.0,198.6,295.0,BLUE MANTA,,WDM7277,60,15,22,8,0.0,0,A
367168000,2022-01-05T09:22:00,48.75650,-122.49808,0.0,328.5,295.0,BLUE MANTA,,WDM7277,60,15,22,8,0.0,0,A
367168000,2022-01-05T09:16:10,48.75649,-122.49807,0.0,169.8,295.0,BLUE MANTA,,WDM7277,60,15,22,8,0.0,0,A
367168000,2022-01-05T09:03:19,48.75649,-122.49807,0.0,195.1,294.0,BLUE MANTA,,WDM7277,60,15,22,8,0.0,0,A
367168000,2022-01-05T09:37:39,48.75650,-122.49809,0.0,217.3,294.0,BLUE MANTA,,WDM7277,60,15,22,8,0.0,0,A
367168000,2022-01-05T09:40:59,48.75650,-122.49807,0.0,82.0,294.0,BLUE MANTA,,WDM7277,60,15,22,8,0.0,0,A
367168000,2022-01-05T09:25:19,48.75650,-122.49807,0.0,237.2,295.0,BLUE MANTA,,WDM7277,60,15,22,8,0.0,0,A
367168000,2022-01-05T09:24:18,48.75650,-122.49808,0.0,9.8,295.0,BLUE MANTA,,WDM7277,60,15,22,8,0.0,0,A
367168000,2022-01-05T09:15:00,48.75650,-122.49806,0.0,181.3,295.0,BLUE MANTA,,WDM7277,60,15,22,8,0.0,0,A
367168000,2022-01-05T09:23:08,48.75650,-122.49806,0.0,259.3,295.0,BLUE MANTA,,WDM7277,60,15,22,8,0.0,0,A
367168000,2022-01-05T09:27:39,48.75649,-122.49807,0.0,262.1,295.0,BLUE MANTA,,WDM7277,60,15,22,8,0.0,0,A
367168000,2022-01-05T09:28:49,48.75648,-122.49807,0.0,61.9,295.0,BLUE MANTA,,WDM7277,60,15,22,8,0.0,0,A
367168000,2022-01-05T09:36:30,48.75650,-122.49806,0.0,228.3,294.0,BLUE MANTA,,WDM7277,60,15,22,8,0.0,0,A
367168000,2022-01-05T09:51:30,48.75649,-122.49808,0.0,213.6,293.0,BLUE MANTA,,WDM7277,60,15,22,8,0.0,0,A
367168000,2022-01-05T09:31:50,48.75650,-122.49807,0.0,72.9,294.0,BLUE MANTA,,WDM7277,60,15,22,8,0.0,0,A
367168000,2022-01-05T09:33:00,48.75650,-122.49807,0.0,209.7,294.0,BLUE MANTA,,WDM7277,60,15,22,8,0.0,0,A
367168000,2022-01-05T09:42:08,48.75649,-122.49808,0.0,313.2,294.0,BLUE MANTA,,WDM7277,60,15,22,8,0.0,0,A
367168000,2022-01-05T09:46:49,48.75650,-122.49810,0.0,58.5,293.0,BLUE MANTA,,WDM7277,60,15,22,8,0.0,0,A
367168000,2022-01-05T09:35:20,48.75649,-122.49806,0.0,175.0,294.0,BLUE MANTA,,WDM7277,60,15,22,8,0.0,0,A
367168000,2022-01-05T09:26:29,48.75650,-122.49807,0.0,323.3,295.0,BLUE MANTA,,WDM7277,60,15,22,8,0.0,0,A
367168000,2022-01-05T09:43:19,48.75651,-122.49808,0.0,236.4,293.0,BLUE MANTA,,WDM7277,60,15,22,8,0.0,0,A
367168000,2022-01-05T09:49:09,48.75649,-122.49807,0.0,194.5,293.0,BLUE MANTA,,WDM7277,60,15,22,8,0.0,0,A
367168000,2022-01-05T09:45:39,48.75650,-122.49808,0.0,254.9,292.0,BLUE MANTA,,WDM7277,60,15,22,8,0.0,0,A
367168000,2022-01-05T09:29:59,48.75650,-122.49807,0.0,20.9,294.0,BLUE MANTA,,WDM7277,60,15,22,8,0.0,0,A
367168000,2022-01-05T09:57:09,48.75648,-122.49807,0.0,116.8,293.0,BLUE MANTA,,WDM7277,60,15,22,8,0.0,0,A
367168000,2022-01-05T09:39:49,48.75649,-122.49808,0.0,301.1,294.0,BLUE MANTA,,WDM7277,60,15,22,8,0.0,0,A
367168000,2022-01-05T09:44:29,48.75650,-122.49807,0.0,293.6,293.0,BLUE MANTA,,WDM7277,60,15,22,8,0.0,0,A
367168000,2022-01-05T09:52:40,48.75649,-122.49809,0.0,144.1,293.0,BLUE MANTA,,WDM7277,60,15,22,8,0.0,0,A
367168000,2022-01-05T09:47:59,48.75650,-122.49809,0.0,279.8,293.0,BLUE MANTA,,WDM7277,60,15,22,8,0.0,0,A
367168000,2022-01-05T09:54:49,48.75648,-122.49806,0.0,291.8,294.0,BLUE MANTA,,WDM7277,60,15,22,8,0.0,0,A
367168000,2022-01-05T09:38:40,48.75650,-122.49806,0.0,187.6,293.0,BLUE MANTA,,WDM7277,60,15,22,8,0.0,0,A
367168000,2022-01-05T09:55:59,48.75650,-122.49806,0.0,342.0,294.0,BLUE MANTA,,WDM7277,60,15,22,8,0.0,0,A
367168000,2022-01-05T10:02:19,48.75650,-122.49809,0.0,200.7,293.0,BLUE MANTA,,WDM7277,60,15,22,8,0.0,0,A
367168000,2022-01-05T09:50:20,48.75649,-122.49808,0.0,309.1,293.0,BLUE MANTA,,WDM7277,60,15,22,8,0.0,0,A
367168000,2022-01-05T09:59:29,48.75650,-122.49807,0.0,103.7,293.0,BLUE MANTA,,WDM7277,60,15,22,8,0.0,0,A
367168000,2022-01-05T09:59:59,48.75650,-122.49807,0.0,169.2,293.0,BLUE MANTA,,WDM7277,60,15,22,8,0.0,0,A
367168000,2022-01-05T10:19:29,48.75651,-122.49808,0.0,191.0,294.0,BLUE MANTA,,WDM7277,60,15,22,8,0.0,0,A
367168000,2022-01-05T10:01:09,48.75650,-122.49808,0.0,157.9,293.0,BLUE MANTA,,WDM7277,60,15,22,8,0.0,0,A
367168000,2022-01-05T10:26:09,48.75650,-122.49808,0.0,293.1,294.0,BLUE MANTA,,WDM7277,60,15,22,8,0.0,0,A
367168000,2022-01-05T10:07:59,48.75650,-122.49808,0.0,235.6,294.0,BLUE MANTA,,WDM7277,60,15,22,8,0.0,0,A
367168000,2022-01-05T10:09:09,48.75650,-122.49808,0.0,329.7,293.0,BLUE MANTA,,WDM7277,60,15,22,8,0.0,0,A
367168000,2022-01-05T10:10:20,48.75650,-122.49808,0.0,253.0,293.0,BLUE MANTA,,WDM7277,60,15,22,8,0.0,0,A
367168000,2022-01-05T10:14:49,48.75649,-122.49809,0.0,211.2,294.0,BLUE MANTA,,WDM7277,60,15,22,8,0.0,0,A
367168000,2022-01-05T10:15:59,48.75650,-122.49809,0.0,226.9,294.0,BLUE MANTA,,WDM7277,60,15,22,8,0.0,0,A
367168000,2022-01-05T10:11:30,48.75651,-122.49808,0.0,239.2,293.0,BLUE MANTA,,WDM7277,60,15,22,8,0.0,0,A
367168000,2022-01-05T10:32:08,48.75651,-122.49808,0.0,5.5,294.0,BLUE MANTA,,WDM7277,60,15,22,8,0.0,0,A
367168000,2022-01-05T10:17:09,48.75651,-122.49809,0.0,268.4,294.0,BLUE MANTA,,WDM7277,60,15,22,8,0.0,0,A
367168000,2022-01-05T10:18:20,48.75650,-122.49808,0.0,257.2,294.0,BLUE MANTA,,WDM7277,60,15,22,8,0.0,0,A
367168000,2022-01-05T10:37:39,48.75651,-122.49809,0.0,289.5,293.0,BLUE MANTA,,WDM7277,60,15,22,8,0.0,0,A
367168000,2022-01-05T10:23:50,48.75651,-122.49809,0.0,269.7,294.0,BLUE MANTA,,WDM7277,60,15,22,8,0.0,0,A
367168000,2022-01-05T10:25:00,48.75652,-122.49809,0.0,332.6,294.0,BLUE MANTA,,WDM7277,60,15,22,8,0.0,0,A
367168000,2022-01-05T10:20:39,48.75650,-122.49807,0.0,356.6,294.0,BLUE MANTA,,WDM7277,60,15,22,8,0.0,0,A
367168000,2022-01-05T10:35:20,48.75650,-122.49808,0.0,286.8,294.0,BLUE MANTA,,WDM7277,60,15,22,8,0.0,0,A
367168000,2022-01-05T10:12:38,48.75650,-122.49808,0.0,253.3,294.0,BLUE MANTA,,WDM7277,60,15,22,8,0.0,0,A
367168000,2022-01-05T10:13:39,48.75650,-122.49808,0.0,242.6,293.0,BLUE MANTA,,WDM7277,60,15,22,8,0.0,0,A
367168000,2022-01-05T10:30:59,48.75651,-122.49808,0.0,338.3,294.0,BLUE MANTA,,WDM7277,60,15,22,8,0.0,0,A
367168000,2022-01-05T10:28:29,48.75651,-122.49808,0.0,353.6,293.0,BLUE MANTA,,WDM7277,60,15,22,8,0.0,0,A
367168000,2022-01-05T10:47:00,48.75650,-122.49808,0.0,342.8,294.0,BLUE MANTA,,WDM7277,60,15,22,8,0.0,0,A
367168000,2022-01-05T10:22:49,48.75650,-122.49809,0.0,315.9,294.0,BLUE MANTA,,WDM7277,60,15,22,8,0.0,0,A
367168000,2022-01-05T10:29:40,48.75650,-122.49809,0.0,319.2,294.0,BLUE MANTA,,WDM7277,60,15,22,8,0.0,0,A
367168000,2022-01-05T10:40:00,48.75651,-122.49809,0.0,355.0,293.0,BLUE MANTA,,WDM7277,60,15,22,8,0.0,0,A
367168000,2022-01-05T10:48:09,48.75650,-122.49810,0.0,338.1,294.0,BLUE MANTA,,WDM7277,60,15,22,8,0.0,0,A
367168000,2022-01-05T10:41:10,48.75652,-122.49809,0.0,318.2,293.0,BLUE MANTA,,WDM7277,60,15,22,8,0.0,0,A
367168000,2022-01-05T10:42:18,48.75651,-122.49810,0.0,330.4,293.0,BLUE MANTA,,WDM7277,60,15,22,8,0.0,0,A
367168000,2022-01-05T04:13:49,48.75649,-122.49807,0.0,186.8,294.0,BLUE MANTA,,WDM7277,60,15,22,8,0.0,0,A
367168000,2022-01-05T10:33:18,48.75650,-122.49808,0.0,297.3,294.0,BLUE MANTA,,WDM7277,60,15,22,8,0.0,0,A
367168000,2022-01-05T10:58:30,48.75651,-122.49809,0.0,283.3,293.0,BLUE MANTA,,WDM7277,60,15,22,8,0.0,0,A
367168000,2022-01-05T10:34:19,48.75651,-122.49810,0.0,334.5,294.0,BLUE MANTA,,WDM7277,60,15,22,8,0.0,0,A
367168000,2022-01-05T10:44:39,48.75651,-122.49809,0.0,326.4,293.0,BLUE MANTA,,WDM7277,60,15,22,8,0.0,0,A
367168000,2022-01-05T10:36:30,48.75650,-122.49808,0.0,353.0,293.0,BLUE MANTA,,WDM7277,60,15,22,8,0.0,0,A
367168000,2022-01-05T10:57:20,48.75650,-122.49809,0.0,233.4,292.0,BLUE MANTA,,WDM7277,60,15,22,8,0.0,0,A
367168000,2022-01-05T10:49:19,48.75651,-122.49810,0.0,340.2,294.0,BLUE MANTA,,WDM7277,60,15,22,8,0.0,0,A
367168000,2022-01-05T11:03:29,48.75651,-122.49808,0.0,151.1,293.0,BLUE MANTA,,WDM7277,60,15,22,8,0.0,0,A
367168000,2022-01-05T10:45:49,48.75651,-122.49808,0.0,325.6,293.0,BLUE MANTA,,WDM7277,60,15,22,8,0.0,0,A
367168000,2022-01-05T10:51:39,48.75651,-122.49810,0.0,43.4,293.0,BLUE MANTA,,WDM7277,60,15,22,8,0.0,0,A
367168000,2022-01-05T11:05:50,48.75650,-122.49808,0.0,179.5,294.0,BLUE MANTA,,WDM7277,60,15,22,8,0.0,0,A
367168000,2022-01-05T10:50:29,48.75650,-122.49808,0.0,353.9,293.0,BLUE MANTA,,WDM7277,60,15,22,8,0.0,0,A
367168000,2022-01-05T11:10:19,48.75651,-122.49808,0.0,200.5,293.0,BLUE MANTA,,WDM7277,60,15,22,8,0.0,0,A
367168000,2022-01-05T10:52:48,48.75651,-122.49810,0.0,347.9,292.0,BLUE MANTA,,WDM7277,60,15,22,8,0.0,0,A
367168000,2022-01-05T10:59:59,48.75650,-122.49809,0.0,180.1,293.0,BLUE MANTA,,WDM7277,60,15,22,8,0.0,0,A
367168000,2022-01-05T10:56:09,48.75652,-122.49809,0.0,174.9,292.0,BLUE MANTA,,WDM7277,60,15,22,8,0.0,0,A
367168000,2022-01-05T10:55:00,48.75652,-122.49810,0.0,134.1,292.0,BLUE MANTA,,WDM7277,60,15,22,8,0.0,0,A
367168000,2022-01-05T11:02:20,48.75650,-122.49809,0.0,152.9,293.0,BLUE MANTA,,WDM7277,60,15,22,8,0.0,0,A
367168000,2022-01-05T11:13:49,48.75651,-122.49808,0.0,178.3,292.0,BLUE MANTA,,WDM7277,60,15,22,8,0.0,0,A
367168000,2022-01-05T04:21:00,48.75649,-122.49807,0.0,218.5,294.0,BLUE MANTA,,WDM7277,60,15,22,8,0.0,0,A
367168000,2022-01-05T11:15:00,48.75650,-122.49809,0.0,164.6,293.0,BLUE MANTA,,WDM7277,60,15,22,8,0.0,0,A
367168000,2022-01-05T11:04:39,48.75650,-122.49810,0.0,205.0,293.0,BLUE MANTA,,WDM7277,60,15,22,8,0.0,0,A
367168000,2022-01-05T10:59:39,48.75650,-122.49809,0.0,187.0,293.0,BLUE MANTA,,WDM7277,60,15,22,8,0.0,0,A
367168000,2022-01-05T11:01:09,48.75650,-122.49809,0.0,175.5,293.0,BLUE MANTA,,WDM7277,60,15,22,8,0.0,0,A
367168000,2022-01-05T11:16:09,48.75652,-122.49808,0.0,180.9,293.0,BLUE MANTA,,WDM7277,60,15,22,8,0.0,0,A
367168000,2022-01-05T11:07:59,48.75652,-122.49810,0.0,161.9,293.0,BLUE MANTA,,WDM7277,60,15,22,8,0.0,0,A
367168000,2022-01-05T11:06:58,48.75652,-122.49810,0.0,152.1,294.0,BLUE MANTA,,WDM7277,60,15,22,8,0.0,0,A
367168000,2022-01-05T11:11:30,48.75651,-122.49808,0.0,173.6,293.0,BLUE MANTA,,WDM7277,60,15,22,8,0.0,0,A
367168000,2022-01-05T11:23:09,48.75651,-122.49808,0.0,212.4,293.0,BLUE MANTA,,WDM7277,60,15,22,8,0.0,0,A
367168000,2022-01-05T04:27:48,48.75650,-122.49806,0.0,234.5,293.0,BLUE MANTA,,WDM7277,60,15,22,8,0.0,0,A
367168000,2022-01-05T11:18:30,48.75651,-122.49808,0.0,165.7,293.0,BLUE MANTA,,WDM7277,60,15,22,8,0.0,0,A
367168000,2022-01-05T11:17:19,48.75652,-122.49810,0.0,173.1,293.0,BLUE MANTA,,WDM7277,60,15,22,8,0.0,0,A
367168000,2022-01-05T11:19:39,48.75652,-122.49808,0.0,210.4,293.0,BLUE MANTA,,WDM7277,60,15,22,8,0.0,0,A
367168000,2022-01-05T11:20:49,48.75651,-122.49807,0.0,206.3,294.0,BLUE MANTA,,WDM7277,60,15,22,8,0.0,0,A
367168000,2022-01-05T11:32:20,48.75650,-122.49808,0.0,45.8,294.0,BLUE MANTA,,WDM7277,60,15,22,8,0.0,0,A
367168000,2022-01-05T11:34:38,48.75650,-122.49808,0.0,28.1,294.0,BLUE MANTA,,WDM7277,60,15,22,8,0.0,0,A
367168000,2022-01-05T11:21:59,48.75651,-122.49809,0.0,208.8,293.0,BLUE MANTA,,WDM7277,60,15,22,8,0.0,0,A
367168000,2022-01-05T11:45:59,48.75650,-122.49808,0.0,230.7,296.0,BLUE MANTA,,WDM7277,60,15,22,8,0.0,0,A
367168000,2022-01-05T11:27:49,48.75652,-122.49809,0.0,103.6,293.0,BLUE MANTA,,WDM7277,60,15,22,8,0.0,0,A
367168000,2022-01-05T11:29:00,48.75651,-122.49809,0.0,18.0,294.0,BLUE MANTA,,WDM7277,60,15,22,8,0.0,0,A
367168000,2022-01-05T11:24:18,48.75652,-122.49808,0.0,190.2,293.0,BLUE MANTA,,WDM7277,60,15,22,8,0.0,0,A
367168000,2022-01-05T11:26:39,48.75651,-122.49808,0.0,116.4,293.0,BLUE MANTA,,WDM7277,60,15,22,8,0.0,0,A
367168000,2022-01-05T11:33:29,48.75652,-122.49808,0.0,55.1,294.0,BLUE MANTA,,WDM7277,60,15,22,8,0.0,0,A
367168000,2022-01-05T11:31:19,48.75650,-122.49808,0.0,193.1,294.0,BLUE MANTA,,WDM7277,60,15,22,8,0.0,0,A
367168000,2022-01-05T11:36:50,48.75651,-122.49808,0.0,78.5,294.0,BLUE MANTA,,WDM7277,60,15,22,8,0.0,0,A
367168000,2022-01-05T11:35:49,48.75651,-122.49810,0.0,110.7,294.0,BLUE MANTA,,WDM7277,60,15,22,8,0.0,0,A
367168000,2022-01-05T04:38:40,48.75650,-122.49805,0.0,252.3,292.0,BLUE MANTA,,WDM7277,60,15,22,8,0.0,0,A
367168000,2022-01-05T11:51:00,48.75650,-122.49808,0.0,243.4,295.0,BLUE MANTA,,WDM7277,60,15,22,8,0.0,0,A
367168000,2022-01-05T11:39:10,48.75650,-122.49809,0.0,96.9,295.0,BLUE MANTA,,WDM7277,60,15,22,8,0.0,0,A
367168000,2022-01-05T11:38:00,48.75652,-122.49808,0.0,90.1,295.0,BLUE MANTA,,WDM7277,60,15,22,8,0.0,0,A
367168000,2022-01-05T11:47:09,48.75650,-122.49808,0.0,241.8,295.0,BLUE MANTA,,WDM7277,60,15,22,8,0.0,0,A
367168000,2022-01-05T12:04:38,48.75648,-122.49808,0.0,243.4,295.0,BLUE MANTA,,WDM7277,60,15,22,8,0.0,0,A
367168000,2022-01-05T11:40:19,48.75649,-122.49808,0.0,73.0,295.0,BLUE MANTA,,WDM7277,60,15,22,8,0.0,0,A
367168000,2022-01-05T11:41:30,48.75650,-122.49808,0.0,29.0,295.0,BLUE MANTA,,WDM7277,60,15,22,8,0.0,0,A
367168000,2022-01-05T12:00:09,48.75650,-122.49809,0.0,252.6,295.0,BLUE MANTA,,WDM7277,60,15,22,8,0.0,0,A
367168000,2022-01-05T11:42:38,48.75651,-122.49808,0.0,3.1,295.0,BLUE MANTA,,WDM7277,60,15,22,8,0.0,0,A
367168000,2022-01-05T11:53:19,48.75651,-122.49808,0.0,223.3,295.0,BLUE MANTA,,WDM7277,60,15,22,8,0.0,0,A
367168000,2022-01-05T11:49:29,48.75652,-122.49808,0.0,237.3,295.0,BLUE MANTA,,WDM7277,60,15,22,8,0.0,0,A
367168000,2022-01-05T12:03:29,48.75649,-122.49806,0.0,251.9,295.0,BLUE MANTA,,WDM7277,60,15,22,8,0.0,0,A
367168000,2022-01-05T11:54:30,48.75650,-122.49809,0.0,246.0,295.0,BLUE MANTA,,WDM7277,60,15,22,8,0.0,0,A
367168000,2022-01-05T11:55:39,48.75651,-122.49809,0.0,270.4,295.0,BLUE MANTA,,WDM7277,60,15,22,8,0.0,0,A
367168000,2022-01-05T11:52:09,48.75650,-122.49808,0.0,261.3,295.0,BLUE MANTA,,WDM7277,60,15,22,8,0.0,0,A
367168000,2022-01-05T12:07:59,48.75649,-122.49808,0.0,199.4,294.0,BLUE MANTA,,WDM7277,60,15,22,8,0.0,0,A
367168000,2022-01-05T11:59:09,48.75650,-122.49810,0.0,257.6,295.0,BLUE MANTA,,WDM7277,60,15,22,8,0.0,0,A
367168000,2022-01-05T12:02:20,48.75648,-122.49807,0.0,268.1,294.0,BLUE MANTA,,WDM7277,60,15,22,8,0.0,0,A
367168000,2022-01-05T12:06:49,48.75650,-122.49807,0.0,227.0,294.0,BLUE MANTA,,WDM7277,60,15,22,8,0.0,0,A
367168000,2022-01-05T12:05:39,48.75650,-122.49807,0.0,239.6,294.0,BLUE MANTA,,WDM7277,60,15,22,8,0.0,0,A
367168000,2022-01-05T12:17:00,48.75650,-122.49808,0.0,209.4,293.0,BLUE MANTA,,WDM7277,60,15,22,8,0.0,0,A
367168000,2022-01-05T12:09:09,48.75648,-122.49807,0.0,245.5,294.0,BLUE MANTA,,WDM7277,60,15,22,8,0.0,0,A
367168000,2022-01-05T12:10:19,48.75649,-122.49806,0.0,226.3,294.0,BLUE MANTA,,WDM7277,60,15,22,8,0.0,0,A
367168000,2022-01-05T12:27:29,48.75650,-122.49809,0.0,317.7,294.0,BLUE MANTA,,WDM7277,60,15,22,8,0.0,0,A
367168000,2022-01-05T12:28:39,48.75650,-122.49809,0.0,326.7,294.0,BLUE MANTA,,WDM7277,60,15,22,8,0.0,0,A
367168000,2022-01-05T12:21:39,48.75650,-122.49810,0.0,307.4,294.0,BLUE MANTA,,WDM7277,60,15,22,8,0.0,0,A
367168000,2022-01-05T12:22:49,48.75650,-122.49808,0.0,342.6,293.0,BLUE MANTA,,WDM7277,60,15,22,8,0.0,0,A
367168000,2022-01-05T12:15:50,48.75650,-122.49808,0.0,222.0,293.0,BLUE MANTA,,WDM7277,60,15,22,8,0.0,0,A
367168000,2022-01-05T12:33:00,48.75650,-122.49809,0.0,320.7,294.0,BLUE MANTA,,WDM7277,60,15,22,8,0.0,0,A
367168000,2022-01-05T12:18:09,48.75650,-122.49808,0.0,235.9,293.0,BLUE MANTA,,WDM7277,60,15,22,8,0.0,0,A
367168000,2022-01-05T12:26:19,48.75650,-122.49809,0.0,326.1,293.0,BLUE MANTA,,WDM7277,60,15,22,8,0.0,0,A
367168000,2022-01-05T12:12:30,48.75649,-122.49808,0.0,243.4,293.0,BLUE MANTA,,WDM7277,60,15,22,8,0.0,0,A
367168000,2022-01-05T12:14:49,48.75650,-122.49809,0.0,248.3,293.0,BLUE MANTA,,WDM7277,60,15,22,8,0.0,0,A
367168000,2022-01-05T12:11:29,48.75650,-122.49808,0.0,242.4,294.0,BLUE MANTA,,WDM7277,60,15,22,8,0.0,0,A
367168000,2022-01-05T12:13:39,48.75650,-122.49810,0.0,244.2,293.0,BLUE MANTA,,WDM7277,60,15,22,8,0.0,0,A
367168000,2022-01-05T12:25:09,48.75650,-122.49808,0.0,326.8,293.0,BLUE MANTA,,WDM7277,60,15,22,8,0.0,0,A
367168000,2022-01-05T12:20:29,48.75649,-122.49809,0.0,333.9,293.0,BLUE MANTA,,WDM7277,60,15,22,8,0.0,0,A
367168000,2022-01-05T12:37:39,48.75649,-122.49809,0.0,353.9,294.0,BLUE MANTA,,WDM7277,60,15,22,8,0.0,0,A
367168000,2022-01-05T12:19:20,48.75649,-122.49809,0.0,229.7,293.0,BLUE MANTA,,WDM7277,60,15,22,8,0.0,0,A
367168000,2022-01-05T12:31:49,48.75649,-122.49808,0.0,310.5,294.0,BLUE MANTA,,WDM7277,60,15,22,8,0.0,0,A
367168000,2022-01-05T12:24:00,48.75650,-122.49810,0.0,337.8,293.0,BLUE MANTA,,WDM7277,60,15,22,8,0.0,0,A
367168000,2022-01-05T12:38:49,48.75650,-122.49808,0.0,348.8,294.0,BLUE MANTA,,WDM7277,60,15,22,8,0.0,0,A
367168000,2022-01-05T04:52:30,48.75650,-122.49809,0.0,315.0,292.0,BLUE MANTA,,WDM7277,60,15,22,8,0.0,0,A
367168000,2022-01-05T12:35:19,48.75649,-122.49808,0.0,323.9,294.0,BLUE MANTA,,WDM7277,60,15,22,8,0.0,0,A
367168000,2022-01-05T12:41:09,48.75650,-122.49807,0.0,10.3,295.0,BLUE MANTA,,WDM7277,60,15,22,8,0.0,0,A
367168000,2022-01-05T04:53:39,48.75650,-122.49807,0.0,330.7,292.0,BLUE MANTA,,WDM7277,60,15,22,8,0.0,0,A
367168000,2022-01-05T12:42:19,48.75648,-122.49807,0.0,359.2,295.0,BLUE MANTA,,WDM7277,60,15,22,8,0.0,0,A
367168000,2022-01-05T12:56:08,48.75650,-122.49805,0.0,325.2,294.0,BLUE MANTA,,WDM7277,60,15,22,8,0.0,0,A
367168000,2022-01-05T12:43:30,48.75648,-122.49807,0.0,334.9,294.0,BLUE MANTA,,WDM7277,60,15,22,8,0.0,0,A
367168000,2022-01-05T12:40:00,48.75648,-122.49807,0.0,351.1,294.0,BLUE MANTA,,WDM7277,60,15,22,8,0.0,0,A
367168000,2022-01-05T12:51:30,48.75650,-122.49807,0.0,324.0,294.0,BLUE MANTA,,WDM7277,60,15,22,8,0.0,0,A
367168000,2022-01-05T12:49:20,48.75649,-122.49807,0.0,347.3,294.0,BLUE MANTA,,WDM7277,60,15,22,8,0.0,0,A
367168000,2022-01-05T04:56:00,48.75650,-122.49806,0.0,318.9,293.0,BLUE MANTA,,WDM7277,60,15,22,8,0.0,0,A
367168000,2022-01-05T12:53:50,48.75650,-122.49810,0.0,315.4,294.0,BLUE MANTA,,WDM7277,60,15,22,8,0.0,0,A
367168000,2022-01-05T12:44:39,48.75649,-122.49807,0.0,349.6,295.0,BLUE MANTA,,WDM7277,60,15,22,8,0.0,0,A
367168000,2022-01-05T13:04:39,48.75648,-122.49807,0.0,346.1,295.0,BLUE MANTA,,WDM7277,60,15,22,8,0.0,0,A
367168000,2022-01-05T12:52:39,48.75650,-122.49808,0.0,322.5,294.0,BLUE MANTA,,WDM7277,60,15,22,8,0.0,0,A
367168000,2022-01-05T12:45:49,48.75650,-122.49809,0.0,324.0,294.0,BLUE MANTA,,WDM7277,60,15,22,8,0.0,0,A
367168000,2022-01-05T12:46:59,48.75650,-122.49808,0.0,4.3,294.0,BLUE MANTA,,WDM7277,60,15,22,8,0.0,0,A
367168000,2022-01-05T12:58:19,48.75649,-122.49807,0.0,327.3,294.0,BLUE MANTA,,WDM7277,60,15,22,8,0.0,0,A
367168000,2022-01-05T12:57:09,48.75649,-122.49808,0.0,328.2,294.0,BLUE MANTA,,WDM7277,60,15,22,8,0.0,0,A
367168000,2022-01-05T12:59:29,48.75648,-122.49805,0.0,338.2,294.0,BLUE MANTA,,WDM7277,60,15,22,8,0.0,0,A
367168000,2022-01-05T13:00:00,48.75648,-122.49806,0.0,329.7,294.0,BLUE MANTA,,WDM7277,60,15,22,8,0.0,0,A
367168000,2022-01-05T13:18:19,48.75649,-122.49807,0.0,323.0,295.0,BLUE MANTA,,WDM7277,60,15,22,8,0.0,0,A
367168000,2022-01-05T13:01:09,48.75648,-122.49807,0.0,8.5,294.0,BLUE MANTA,,WDM7277,60,15,22,8,0.0,0,A
367168000,2022-01-05T12:55:00,48.75649,-122.49807,0.0,324.1,294.0,BLUE MANTA,,WDM7277,60,15,22,8,0.0,0,A
367168000,2022-01-05T13:03:29,48.75648,-122.49807,0.0,308.1,295.0,BLUE MANTA,,WDM7277,60,15,22,8,0.0,0,A
367168000,2022-01-05T13:27:39,48.75649,-122.49806,0.0,311.8,294.0,BLUE MANTA,,WDM7277,60,15,22,8,0.0,0,A
367168000,2022-01-05T13:08:00,48.75648,-122.49806,0.0,308.5,295.0,BLUE MANTA,,WDM7277,60,15,22,8,0.0,0,A
367168000,2022-01-05T05:03:39,48.75649,-122.49807,0.0,357.2,292.0,BLUE MANTA,,WDM7277,60,15,22,8,0.0,0,A
367168000,2022-01-05T13:11:30,48.75648,-122.49807,0.0,247.4,295.0,BLUE MANTA,,WDM7277,60,15,22,8,0.0,0,A
367168000,2022-01-05T13:13:50,48.75649,-122.49807,0.0,345.8,294.0,BLUE MANTA,,WDM7277,60,15,22,8,0.0,0,A
367168000,2022-01-05T13:14:59,48.75650,-122.49807,0.0,336.1,294.0,BLUE MANTA,,WDM7277,60,15,22,8,0.0,0,A
367168000,2022-01-05T13:25:19,48.75647,-122.49807,0.0,314.9,295.0,BLUE MANTA,,WDM7277,60,15,22,8,0.0,0,A
367168000,2022-01-05T13:12:40,48.75648,-122.49807,0.0,208.4,295.0,BLUE MANTA,,WDM7277,60,15,22,8,0.0,0,A
367168000,2022-01-05T13:16:08,48.75650,-122.49807,0.0,348.6,294.0,BLUE MANTA,,WDM7277,60,15,22,8,0.0,0,A
367168000,2022-01-05T13:05:50,48.75648,-122.49806,0.0,298.8,294.0,BLUE MANTA,,WDM7277,60,15,22,8,0.0,0,A
367168000,2022-01-05T13:17:18,48.75648,-122.49807,0.0,342.7,295.0,BLUE MANTA,,WDM7277,60,15,22,8,0.0,0,A
367168000,2022-01-05T13:06:59,48.75649,-122.49807,0.0,325.5,294.0,BLUE MANTA,,WDM7277,60,15,22,8,0.0,0,A
367168000,2022-01-05T13:09:09,48.75648,-122.49807,0.0,242.5,295.0,BLUE MANTA,,WDM7277,60,15,22,8,0.0,0,A
367168000,2022-01-05T13:10:19,48.75648,-122.49806,0.0,310.2,295.0,BLUE MANTA,,WDM7277,60,15,22,8,0.0,0,A
367168000,2022-01-05T05:08:20,48.75650,-122.49807,0.0,203.1,293.0,BLUE MANTA,,WDM7277,60,15,22,8,0.0,0,A
367168000,2022-01-05T13:21:49,48.75649,-122.49807,0.0,320.9,295.0,BLUE MANTA,,WDM7277,60,15,22,8,0.0,0,A
367168000,2022-01-05T13:22:59,48.75649,-122.49807,0.0,316.3,295.0,BLUE MANTA,,WDM7277,60,15,22,8,0.0,0,A
367168000,2022-01-05T13:26:29,48.75648,-122.49806,0.0,310.9,294.0,BLUE MANTA,,WDM7277,60,15,22,8,0.0,0,A
367168000,2022-01-05T13:20:39,48.75648,-122.49806,0.0,325.6,294.0,BLUE MANTA,,WDM7277,60,15,22,8,0.0,0,A
367168000,2022-01-05T13:46:08,48.75650,-122.49806,0.0,189.9,294.0,BLUE MANTA,,WDM7277,60,15,22,8,0.0,0,A
367168000,2022-01-05T13:39:00,48.75648,-122.49808,0.0,185.7,294.0,BLUE MANTA,,WDM7277,60,15,22,8,0.0,0,A
367168000,2022-01-05T13:19:30,48.75649,-122.49807,0.0,302.3,294.0,BLUE MANTA,,WDM7277,60,15,22,8,0.0,0,A
367168000,2022-01-05T13:28:49,48.75649,-122.49808,0.0,202.8,295.0,BLUE MANTA,,WDM7277,60,15,22,8,0.0,0,A
367168000,2022-01-05T13:35:19,48.75648,-122.49805,0.0,198.5,295.0,BLUE MANTA,,WDM7277,60,15,22,8,0.0,0,A
367168000,2022-01-05T13:29:58,48.75648,-122.49808,0.0,198.0,295.0,BLUE MANTA,,WDM7277,60,15,22,8,0.0,0,A
367168000,2022-01-05T13:36:30,48.75649,-122.49807,0.0,220.3,294.0,BLUE MANTA,,WDM7277,60,15,22,8,0.0,0,A
367168000,2022-01-05T13:40:10,48.75648,-122.49805,0.0,189.1,294.0,BLUE MANTA,,WDM7277,60,15,22,8,0.0,0,A
367168000,2022-01-05T13:41:19,48.75648,-122.49807,0.0,179.1,294.0,BLUE MANTA,,WDM7277,60,15,22,8,0.0,0,A
367168000,2022-01-05T14:00:09,48.75648,-122.49807,0.0,216.9,293.0,BLUE MANTA,,WDM7277,60,15,22,8,0.0,0,A
367168000,2022-01-05T13:44:50,48.75648,-122.49807,0.0,179.4,295.0,BLUE MANTA,,WDM7277,60,15,22,8,0.0,0,A
367168000,2022-01-05T05:17:39,48.75648,-122.49806,0.0,210.1,292.0,BLUE MANTA,,WDM7277,60,15,22,8,0.0,0,A
367168000,2022-01-05T13:47:09,48.75650,-122.49808,0.0,145.2,294.0,BLUE MANTA,,WDM7277,60,15,22,8,0.0,0,A
367168000,2022-01-05T13:37:50,48.75648,-122.49805,0.0,182.2,294.0,BLUE MANTA,,WDM7277,60,15,22,8,0.0,0,A
367168000,2022-01-05T13:43:39,48.75648,-122.49809,0.0,168.6,295.0,BLUE MANTA,,WDM7277,60,15,22,8,0.0,0,A
367168000,2022-01-05T13:42:29,48.75650,-122.49806,0.0,182.8,294.0,BLUE MANTA,,WDM7277,60,15,22,8,0.0,0,A
367168000,2022-01-05T14:03:50,48.75648,-122.49807,0.0,119.5,294.0,BLUE MANTA,,WDM7277,60,15,22,8,0.0,0,A
367168000,2022-01-05T13:50:30,48.75649,-122.49806,0.0,166.1,294.0,BLUE MANTA,,WDM7277,60,15,22,8,0.0,0,A
367168000,2022-01-05T14:06:09,48.75648,-122.49807,0.0,283.1,294.0,BLUE MANTA,,WDM7277,60,15,22,8,0.0,0,A
367168000,2022-01-05T13:49:20,48.75649,-122.49806,0.0,173.4,294.0,BLUE MANTA,,WDM7277,60,15,22,8,0.0,0,A
367168000,2022-01-05T14:07:19,48.75648,-122.49807,0.0,322.8,293.0,BLUE MANTA,,WDM7277,60,15,22,8,0.0,0,A
367168000,2022-01-05T13:53:59,48.75650,-122.49806,0.0,222.1,294.0,BLUE MANTA,,WDM7277,60,15,22,8,0.0,0,A
367168000,2022-01-05T13:52:48,48.75648,-122.49806,0.0,173.4,294.0,BLUE MANTA,,WDM7277,60,15,22,8,0.0,0,A
367168000,2022-01-05T13:51:39,48.75648,-122.49807,0.0,176.2,295.0,BLUE MANTA,,WDM7277,60,15,22,8,0.0,0,A
367168000,2022-01-05T05:21:20,48.75649,-122.49807,0.0,268.3,293.0,BLUE MANTA,,WDM7277,60,15,22,8,0.0,0,A
367168000,2022-01-05T13:48:19,48.75648,-122.49807,0.0,170.9,294.0,BLUE MANTA,,WDM7277,60,15,22,8,0.0,0,A
367168000,2022-01-05T14:01:19,48.75649,-122.49805,0.0,303.7,294.0,BLUE MANTA,,WDM7277,60,15,22,8,0.0,0,A
367168000,2022-01-05T14:09:39,48.75649,-122.49808,0.0,250.0,294.0,BLUE MANTA,,WDM7277,60,15,22,8,0.0,0,A
367168000,2022-01-05T13:56:20,48.75650,-122.49808,0.0,190.2,294.0,BLUE MANTA,,WDM7277,60,15,22,8,0.0,0,A
367168000,2022-01-05T14:13:09,48.75650,-122.49808,0.0,291.3,294.0,BLUE MANTA,,WDM7277,60,15,22,8,0.0,0,A
367168000,2022-01-05T14:04:59,48.75650,-122.49808,0.0,23.0,294.0,BLUE MANTA,,WDM7277,60,15,22,8,0.0,0,A
367168000,2022-01-05T13:58:40,48.75648,-122.49806,0.0,229.7,293.0,BLUE MANTA,,WDM7277,60,15,22,8,0.0,0,A
367168000,2022-01-05T13:59:50,48.75649,-122.49807,0.0,342.9,293.0,BLUE MANTA,,WDM7277,60,15,22,8,0.0,0,A
367168000,2022-01-05T13:57:29,48.75649,-122.49805,0.0,229.0,294.0,BLUE MANTA,,WDM7277,60,15,22,8,0.0,0,A
367168000,2022-01-05T14:26:09,48.75649,-122.49808,0.0,346.5,293.0,BLUE MANTA,,WDM7277,60,15,22,8,0.0,0,A
367168000,2022-01-05T14:02:40,48.75650,-122.49807,0.0,243.0,294.0,BLUE MANTA,,WDM7277,60,15,22,8,0.0,0,A
367168000,2022-01-05T14:08:30,48.75649,-122.49809,0.0,285.9,294.0,BLUE MANTA,,WDM7277,60,15,22,8,0.0,0,A
367168000,2022-01-05T14:27:18,48.75648,-122.49808,0.0,225.0,293.0,BLUE MANTA,,WDM7277,60,15,22,8,0.0,0,A
367168000,2022-01-05T14:11:59,48.75650,-122.49806,0.0,278.5,294.0,BLUE MANTA,,WDM7277,60,15,22,8,0.0,0,A
367168000,2022-01-05T14:15:29,48.75649,-122.49807,0.0,338.8,293.0,BLUE MANTA,,WDM7277,60,15,22,8,0.0,0,A
367168000,2022-01-05T14:10:50,48.75649,-122.49807,0.0,187.7,294.0,BLUE MANTA,,WDM7277,60,15,22,8,0.0,0,A
367168000,2022-01-05T14:16:39,48.75649,-122.49807,0.0,328.7,293.0,BLUE MANTA,,WDM7277,60,15,22,8,0.0,0,A
367168000,2022-01-05T14:17:49,48.75649,-122.49807,0.0,294.5,293.0,BLUE MANTA,,WDM7277,60,15,22,8,0.0,0,A
367168000,2022-01-05T14:19:00,48.75650,-122.49809,0.0,350.8,294.0,BLUE MANTA,,WDM7277,60,15,22,8,0.0,0,A
367168000,2022-01-05T14:22:29,48.75649,-122.49807,0.0,255.3,293.0,BLUE MANTA,,WDM7277,60,15,22,8,0.0,0,A
367168000,2022-01-05T14:38:30,48.75650,-122.49809,0.0,350.7,293.0,BLUE MANTA,,WDM7277,60,15,22,8,0.0,0,A
367168000,2022-01-05T14:20:09,48.75649,-122.49808,0.0,328.8,294.0,BLUE MANTA,,WDM7277,60,15,22,8,0.0,0,A
367168000,2022-01-05T14:29:39,48.75650,-122.49807,0.0,292.5,293.0,BLUE MANTA,,WDM7277,60,15,22,8,0.0,0,A
367168000,2022-01-05T14:28:29,48.75648,-122.49805,0.0,12.7,293.0,BLUE MANTA,,WDM7277,60,15,22,8,0.0,0,A
367168000,2022-01-05T14:53:00,48.75650,-122.49808,0.0,147.7,294.0,BLUE MANTA,,WDM7277,60,15,22,8,0.0,0,A
367168000,2022-01-05T14:39:39,48.75649,-122.49807,0.0,358.0,293.0,BLUE MANTA,,WDM7277,60,15,22,8,0.0,0,A
367168000,2022-01-05T14:46:19,48.75649,-122.49809,0.0,353.8,293.0,BLUE MANTA,,WDM7277,60,15,22,8,0.0,0,A
367168000,2022-01-05T14:47:30,48.75649,-122.49807,0.0,17.2,294.0,BLUE MANTA,,WDM7277,60,15,22,8,0.0,0,A
367168000,2022-01-05T14:41:50,48.75649,-122.49806,0.0,11.3,292.0,BLUE MANTA,,WDM7277,60,15,22,8,0.0,0,A
367168000,2022-01-05T14:48:39,48.75648,-122.49807,0.0,287.5,294.0,BLUE MANTA,,WDM7277,60,15,22,8,0.0,0,A
367168000,2022-01-05T14:49:40,48.75649,-122.49807,0.0,270.6,294.0,BLUE MANTA,,WDM7277,60,15,22,8,0.0,0,A
367168000,2022-01-05T14:40:49,48.75649,-122.49807,0.0,341.3,292.0,BLUE MANTA,,WDM7277,60,15,22,8,0.0,0,A
367168000,2022-01-05T15:01:09,48.75650,-122.49808,0.0,2.1,295.0,BLUE MANTA,,WDM7277,60,15,22,8,0.0,0,A
367168000,2022-01-05T14:51:50,48.75649,-122.49808,0.0,247.7,294.0,BLUE MANTA,,WDM7277,60,15,22,8,0.0,0,A
367168000,2022-01-05T15:05:40,48.75649,-122.49808,0.0,339.0,294.0,BLUE MANTA,,WDM7277,60,15,22,8,0.0,0,A
367168000,2022-01-05T14:54:09,48.75650,-122.49808,0.0,169.1,295.0,BLUE MANTA,,WDM7277,60,15,22,8,0.0,0,A
367168000,2022-01-05T05:48:00,48.75649,-122.49806,0.0,222.6,294.0,BLUE MANTA,,WDM7277,60,15,22,8,0.0,0,A
367168000,2022-01-05T14:56:30,48.75649,-122.49806,0.0,148.1,295.0,BLUE MANTA,,WDM7277,60,15,22,8,0.0,0,A
367168000,2022-01-05T14:50:49,48.75650,-122.49807,0.0,116.1,294.0,BLUE MANTA,,WDM7277,60,15,22,8,0.0,0,A
367168000,2022-01-05T15:00:00,48.75649,-122.49806,0.0,165.8,294.0,BLUE MANTA,,WDM7277,60,15,22,8,0.0,0,A
367168000,2022-01-05T14:59:00,48.75649,-122.49807,0.0,102.2,294.0,BLUE MANTA,,WDM7277,60,15,22,8,0.0,0,A
367168000,2022-01-05T05:50:18,48.75649,-122.49806,0.0,258.3,295.0,BLUE MANTA,,WDM7277,60,15,22,8,0.0,0,A
367168000,2022-01-05T15:15:10,48.75650,-122.49808,0.0,277.7,294.0,BLUE MANTA,,WDM7277,60,15,22,8,0.0,0,A
367168000,2022-01-05T15:04:29,48.75648,-122.49807,0.0,357.2,294.0,BLUE MANTA,,WDM7277,60,15,22,8,0.0,0,A
367168000,2022-01-05T15:16:19,48.75648,-122.49808,0.0,218.5,294.0,BLUE MANTA,,WDM7277,60,15,22,8,0.0,0,A
367168000,2022-01-05T15:02:19,48.75649,-122.49808,0.0,349.0,294.0,BLUE MANTA,,WDM7277,60,15,22,8,0.0,0,A
367168000,2022-01-05T15:08:09,48.75650,-122.49807,0.0,355.9,294.0,BLUE MANTA,,WDM7277,60,15,22,8,0.0,0,A
367168000,2022-01-05T15:09:19,48.75648,-122.49807,0.0,346.8,294.0,BLUE MANTA,,WDM7277,60,15,22,8,0.0,0,A
367168000,2022-01-05T15:10:30,48.75650,-122.49809,0.0,352.1,294.0,BLUE MANTA,,WDM7277,60,15,22,8,0.0,0,A
367168000,2022-01-05T15:23:20,48.75648,-122.49807,0.0,209.0,295.0,BLUE MANTA,,WDM7277,60,15,22,8,0.0,0,A
367168000,2022-01-05T15:03:28,48.75649,-122.49807,0.0,355.5,294.0,BLUE MANTA,,WDM7277,60,15,22,8,0.0,0,A
367168000,2022-01-05T15:06:49,48.75648,-122.49807,0.0,109.7,294.0,BLUE MANTA,,WDM7277,60,15,22,8,0.0,0,A
367168000,2022-01-05T15:11:50,48.75650,-122.49808,0.0,258.5,293.0,BLUE MANTA,,WDM7277,60,15,22,8,0.0,0,A
367168000,2022-01-05T15:12:59,48.75648,-122.49808,0.0,227.2,294.0,BLUE MANTA,,WDM7277,60,15,22,8,0.0,0,A
367168000,2022-01-05T15:17:30,48.75650,-122.49808,0.0,198.1,295.0,BLUE MANTA,,WDM7277,60,15,22,8,0.0,0,A
367168000,2022-01-05T15:31:19,48.75650,-122.49807,0.0,349.8,294.0,BLUE MANTA,,WDM7277,60,15,22,8,0.0,0,A
367168000,2022-01-05T15:14:09,48.75649,-122.49806,0.0,260.9,294.0,BLUE MANTA,,WDM7277,60,15,22,8,0.0,0,A
367168000,2022-01-05T15:34:49,48.75648,-122.49807,0.0,315.1,294.0,BLUE MANTA,,WDM7277,60,15,22,8,0.0,0,A
367168000,2022-01-05T15:21:00,48.75650,-122.49808,0.0,163.6,294.0,BLUE MANTA,,WDM7277,60,15,22,8,0.0,0,A
367168000,2022-01-05T15:36:00,48.75649,-122.49807,0.0,299.9,294.0,BLUE MANTA,,WDM7277,60,15,22,8,0.0,0,A
367168000,2022-01-05T15:25:39,48.75650,-122.49809,0.0,209.3,295.0,BLUE MANTA,,WDM7277,60,15,22,8,0.0,0,A
367168000,2022-01-05T15:18:39,48.75651,-122.49808,0.0,193.4,294.0,BLUE MANTA,,WDM7277,60,15,22,8,0.0,0,A
367168000,2022-01-05T15:28:59,48.75648,-122.49809,0.0,156.1,294.0,BLUE MANTA,,WDM7277,60,15,22,8,0.0,0,A
367168000,2022-01-05T15:30:09,48.75650,-122.49807,0.0,143.0,294.0,BLUE MANTA,,WDM7277,60,15,22,8,0.0,0,A
367168000,2022-01-05T15:22:09,48.75648,-122.49808,0.0,194.2,294.0,BLUE MANTA,,WDM7277,60,15,22,8,0.0,0,A
367168000,2022-01-05T05:59:09,48.75650,-122.49806,0.0,251.6,294.0,BLUE MANTA,,WDM7277,60,15,22,8,0.0,0,A
367168000,2022-01-05T15:24:29,48.75649,-122.49808,0.0,182.5,295.0,BLUE MANTA,,WDM7277,60,15,22,8,0.0,0,A
367168000,2022-01-05T06:01:19,48.75649,-122.49807,0.0,181.8,295.0,BLUE MANTA,,WDM7277,60,15,22,8,0.0,0,A
367168000,2022-01-05T15:26:49,48.75649,-122.49807,0.0,185.7,295.0,BLUE MANTA,,WDM7277,60,15,22,8,0.0,0,A
367168000,2022-01-05T15:33:39,48.75648,-122.49807,0.0,41.2,295.0,BLUE MANTA,,WDM7277,60,15,22,8,0.0,0,A
367168000,2022-01-05T15:38:29,48.75650,-122.49808,0.0,306.7,295.0,BLUE MANTA,,WDM7277,60,15,22,8,0.0,0,A
367168000,2022-01-05T15:39:38,48.75648,-122.49808,0.0,209.9,295.0,BLUE MANTA,,WDM7277,60,15,22,8,0.0,0,A
367168000,2022-01-05T15:32:30,48.75650,-122.49805,0.0,335.4,295.0,BLUE MANTA,,WDM7277,60,15,22,8,0.0,0,A
367168000,2022-01-05T15:56:49,48.75649,-122.49807,0.0,162.6,294.0,BLUE MANTA,,WDM7277,60,15,22,8,0.0,0,A
367168000,2022-01-05T15:55:39,48.75649,-122.49807,0.0,170.1,294.0,BLUE MANTA,,WDM7277,60,15,22,8,0.0,0,A
367168000,2022-01-05T15:46:30,48.75649,-122.49808,0.0,243.2,295.0,BLUE MANTA,,WDM7277,60,15,22,8,0.0,0,A
367168000,2022-01-05T15:37:19,48.75648,-122.49808,0.0,16.3,295.0,BLUE MANTA,,WDM7277,60,15,22,8,0.0,0,A
367168000,2022-01-05T15:58:00,48.75651,-122.49806,0.0,55.4,294.0,BLUE MANTA,,WDM7277,60,15,22,8,0.0,0,A
367168000,2022-01-05T15:44:09,48.75650,-122.49808,0.0,262.7,295.0,BLUE MANTA,,WDM7277,60,15,22,8,0.0,0,A
367168000,2022-01-05T15:47:39,48.75649,-122.49807,0.0,170.9,294.0,BLUE MANTA,,WDM7277,60,15,22,8,0.0,0,A
367168000,2022-01-05T15:40:39,48.75648,-122.49807,0.0,275.2,294.0,BLUE MANTA,,WDM7277,60,15,22,8,0.0,0,A
367168000,2022-01-05T15:41:49,48.75650,-122.49808,0.0,189.3,294.0,BLUE MANTA,,WDM7277,60,15,22,8,0.0,0,A
367168000,2022-01-05T15:51:10,48.75650,-122.49809,0.0,223.8,295.0,BLUE MANTA,,WDM7277,60,15,22,8,0.0,0,A
367168000,2022-01-05T06:10:30,48.75650,-122.49808,0.0,269.3,294.0,BLUE MANTA,,WDM7277,60,15,22,8,0.0,0,A
367168000,2022-01-05T15:50:09,48.75650,-122.49808,0.0,167.8,294.0,BLUE MANTA,,WDM7277,60,15,22,8,0.0,0,A
367168000,2022-01-05T15:54:30,48.75650,-122.49807,0.0,163.4,294.0,BLUE MANTA,,WDM7277,60,15,22,8,0.0,0,A
367168000,2022-01-05T16:06:49,48.75650,-122.49808,0.0,191.2,294.0,BLUE MANTA,,WDM7277,60,15,22,8,0.0,0,A
367168000,2022-01-05T16:07:50,48.75651,-122.49809,0.0,226.8,294.0,BLUE MANTA,,WDM7277,60,15,22,8,0.0,0,A
367168000,2022-01-05T15:48:59,48.75650,-122.49807,0.0,182.0,295.0,BLUE MANTA,,WDM7277,60,15,22,8,0.0,0,A
367168000,2022-01-05T16:08:59,48.75650,-122.49809,0.0,180.6,293.0,BLUE MANTA,,WDM7277,60,15,22,8,0.0,0,A
367168000,2022-01-05T15:52:20,48.75649,-122.49808,0.0,199.7,294.0,BLUE MANTA,,WDM7277,60,15,22,8,0.0,0,A
367168000,2022-01-05T16:13:40,48.75652,-122.49809,0.0,131.0,293.0,BLUE MANTA,,WDM7277,60,15,22,8,0.0,0,A
367168000,2022-01-05T16:00:00,48.75650,-122.49808,0.0,177.3,294.0,BLUE MANTA,,WDM7277,60,15,22,8,0.0,0,A
367168000,2022-01-05T16:14:50,48.75651,-122.49808,0.0,33.7,294.0,BLUE MANTA,,WDM7277,60,15,22,8,0.0,0,A
367168000,2022-01-05T06:16:09,48.75650,-122.49808,0.0,212.3,294.0,BLUE MANTA,,WDM7277,60,15,22,8,0.0,0,A
367168000,2022-01-05T16:02:20,48.75650,-122.49809,0.0,188.5,294.0,BLUE MANTA,,WDM7277,60,15,22,8,0.0,0,A
367168000,2022-01-05T16:05:40,48.75651,-122.49809,0.0,33.6,294.0,BLUE MANTA,,WDM7277,60,15,22,8,0.0,0,A
367168000,2022-01-05T15:59:09,48.75650,-122.49808,0.0,31.7,295.0,BLUE MANTA,,WDM7277,60,15,22,8,0.0,0,A
367168000,2022-01-05T16:18:19,48.75651,-122.49808,0.0,130.9,295.0,BLUE MANTA,,WDM7277,60,15,22,8,0.0,0,A
367168000,2022-01-05T16:01:09,48.75650,-122.49807,0.0,288.1,294.0,BLUE MANTA,,WDM7277,60,15,22,8,0.0,0,A
367168000,2022-01-05T16:21:49,48.75650,-122.49809,0.0,145.4,294.0,BLUE MANTA,,WDM7277,60,15,22,8,0.0,0,A
367168000,2022-01-05T16:04:39,48.75652,-122.49809,0.0,36.5,294.0,BLUE MANTA,,WDM7277,60,15,22,8,0.0,0,A
367168000,2022-01-05T16:10:08,48.75650,-122.49808,0.0,153.2,293.0,BLUE MANTA,,WDM7277,60,15,22,8,0.0,0,A
367168000,2022-01-05T16:29:00,48.75650,-122.49808,0.0,167.1,294.0,BLUE MANTA,,WDM7277,60,15,22,8,0.0,0,A
367168000,2022-01-05T16:16:00,48.75650,-122.49808,0.0,162.3,294.0,BLUE MANTA,,WDM7277,60,15,22,8,0.0,0,A
367168000,2022-01-05T16:12:29,48.75650,-122.49808,0.0,157.7,293.0,BLUE MANTA,,WDM7277,60,15,22,8,0.0,0,A
367168000,2022-01-05T16:35:30,48.75650,-122.49808,0.0,316.1,295.0,BLUE MANTA,,WDM7277,60,15,22,8,0.0,0,A
367168000,2022-01-05T16:36:39,48.75650,-122.49808,0.0,69.4,295.0,BLUE MANTA,,WDM7277,60,15,22,8,0.0,0,A
367168000,2022-01-05T16:23:09,48.75651,-122.49810,0.0,153.9,294.0,BLUE MANTA,,WDM7277,60,15,22,8,0.0,0,A
367168000,2022-01-05T16:19:29,48.75651,-122.49810,0.0,117.1,295.0,BLUE MANTA,,WDM7277,60,15,22,8,0.0,0,A
367168000,2022-01-05T16:24:19,48.75650,-122.49809,0.0,157.5,294.0,BLUE MANTA,,WDM7277,60,15,22,8,0.0,0,A
367168000,2022-01-05T16:25:28,48.75650,-122.49808,0.0,158.1,294.0,BLUE MANTA,,WDM7277,60,15,22,8,0.0,0,A
367168000,2022-01-05T16:39:00,48.75650,-122.49808,0.0,331.3,295.0,BLUE MANTA,,WDM7277,60,15,22,8,0.0,0,A
367168000,2022-01-05T16:26:39,48.75650,-122.49808,0.0,156.4,294.0,BLUE MANTA,,WDM7277,60,15,22,8,0.0,0,A
367168000,2022-01-05T16:42:29,48.75650,-122.49807,0.0,227.0,295.0,BLUE MANTA,,WDM7277,60,15,22,8,0.0,0,A
367168000,2022-01-05T16:43:39,48.75650,-122.49809,0.0,158.7,294.0,BLUE MANTA,,WDM7277,60,15,22,8,0.0,0,A
367168000,2022-01-05T16:34:19,48.75650,-122.49808,0.0,287.1,295.0,BLUE MANTA,,WDM7277,60,15,22,8,0.0,0,A
367168000,2022-01-05T16:27:49,48.75650,-122.49808,0.0,171.1,294.0,BLUE MANTA,,WDM7277,60,15,22,8,0.0,0,A
367168000,2022-01-05T16:37:49,48.75650,-122.49808,0.0,7.3,295.0,BLUE MANTA,,WDM7277,60,15,22,8,0.0,0,A
367168000,2022-01-05T16:51:49,48.75650,-122.49809,0.0,270.7,292.0,BLUE MANTA,,WDM7277,60,15,22,8,0.0,0,A
367168000,2022-01-05T16:50:39,48.75650,-122.49810,0.0,242.7,292.0,BLUE MANTA,,WDM7277,60,15,22,8,0.0,0,A
367168000,2022-01-05T16:44:50,48.75650,-122.49809,0.0,268.1,294.0,BLUE MANTA,,WDM7277,60,15,22,8,0.0,0,A
367168000,2022-01-05T16:55:29,48.75650,-122.49808,0.0,230.2,293.0,BLUE MANTA,,WDM7277,60,15,22,8,0.0,0,A
367168000,2022-01-05T16:40:10,48.75650,-122.49808,0.0,313.6,295.0,BLUE MANTA,,WDM7277,60,15,22,8,0.0,0,A
367168000,2022-01-05T16:57:40,48.75650,-122.49808,0.0,243.3,294.0,BLUE MANTA,,WDM7277,60,15,22,8,0.0,0,A
367168000,2022-01-05T16:41:18,48.75651,-122.49808,0.0,205.3,295.0,BLUE MANTA,,WDM7277,60,15,22,8,0.0,0,A
367168000,2022-01-05T06:24:19,48.75650,-122.49806,0.0,230.3,294.0,BLUE MANTA,,WDM7277,60,15,22,8,0.0,0,A
367168000,2022-01-05T16:47:10,48.75650,-122.49809,0.0,313.9,293.0,BLUE MANTA,,WDM7277,60,15,22,8,0.0,0,A
367168000,2022-01-05T16:48:20,48.75650,-122.49807,0.0,296.4,293.0,BLUE MANTA,,WDM7277,60,15,22,8,0.0,0,A
367168000,2022-01-05T16:49:30,48.75650,-122.49809,0.0,293.7,293.0,BLUE MANTA,,WDM7277,60,15,22,8,0.0,0,A
367168000,2022-01-05T16:58:50,48.75649,-122.49809,0.0,203.7,294.0,BLUE MANTA,,WDM7277,60,15,22,8,0.0,0,A
367168000,2022-01-05T16:53:09,48.75649,-122.49809,0.0,284.5,293.0,BLUE MANTA,,WDM7277,60,15,22,8,0.0,0,A
367168000,2022-01-05T06:27:59,48.75650,-122.49807,0.0,260.5,294.0,BLUE MANTA,,WDM7277,60,15,22,8,0.0,0,A
367168000,2022-01-05T16:54:20,48.75651,-122.49808,0.0,237.2,293.0,BLUE MANTA,,WDM7277,60,15,22,8,0.0,0,A
367168000,2022-01-05T16:59:59,48.75649,-122.49808,0.0,211.6,294.0,BLUE MANTA,,WDM7277,60,15,22,8,0.0,0,A
367168000,2022-01-05T17:02:29,48.75650,-122.49809,0.0,232.6,294.0,BLUE MANTA,,WDM7277,60,15,22,8,0.0,0,A
367168000,2022-01-05T17:03:39,48.75650,-122.49808,0.0,208.3,294.0,BLUE MANTA,,WDM7277,60,15,22,8,0.0,0,A
367168000,2022-01-05T17:12:49,48.75650,-122.49809,0.0,32.7,294.0,BLUE MANTA,,WDM7277,60,15,22,8,0.0,0,A
367168000,2022-01-05T17:07:00,48.75650,-122.49809,0.0,304.2,294.0,BLUE MANTA,,WDM7277,60,15,22,8,0.0,0,A
367168000,2022-01-05T17:09:19,48.75651,-122.49808,0.0,19.5,294.0,BLUE MANTA,,WDM7277,60,15,22,8,0.0,0,A
367168000,2022-01-05T16:56:39,48.75651,-122.49808,0.0,218.5,294.0,BLUE MANTA,,WDM7277,60,15,22,8,0.0,0,A
367168000,2022-01-05T17:00:09,48.75650,-122.49808,0.0,337.1,294.0,BLUE MANTA,,WDM7277,60,15,22,8,0.0,0,A
367168000,2022-01-05T17:01:19,48.75650,-122.49809,0.0,17.0,294.0,BLUE MANTA,,WDM7277,60,15,22,8,0.0,0,A
367168000,2022-01-05T17:10:29,48.75650,-122.49808,0.0,253.0,294.0,BLUE MANTA,,WDM7277,60,15,22,8,0.0,0,A
367168000,2022-01-05T17:05:49,48.75650,-122.49808,0.0,246.4,294.0,BLUE MANTA,,WDM7277,60,15,22,8,0.0,0,A
367168000,2022-01-05T17:16:29,48.75650,-122.49809,0.0,12.5,294.0,BLUE MANTA,,WDM7277,60,15,22,8,0.0,0,A
367168000,2022-01-05T17:18:38,48.75651,-122.49807,0.0,77.9,294.0,BLUE MANTA,,WDM7277,60,15,22,8,0.0,0,A
367168000,2022-01-05T17:19:49,48.75650,-122.49808,0.0,195.6,294.0,BLUE MANTA,,WDM7277,60,15,22,8,0.0,0,A
367168000,2022-01-05T06:38:59,48.75650,-122.49807,0.0,339.4,293.0,BLUE MANTA,,WDM7277,60,15,22,8,0.0,0,A
367168000,2022-01-05T17:14:08,48.75650,-122.49809,0.0,205.9,294.0,BLUE MANTA,,WDM7277,60,15,22,8,0.0,0,A
367168000,2022-01-05T17:33:00,48.75650,-122.49808,0.0,49.6,294.0,BLUE MANTA,,WDM7277,60,15,22,8,0.0,0,A
367168000,2022-01-05T17:15:19,48.75650,-122.49809,0.0,349.5,294.0,BLUE MANTA,,WDM7277,60,15,22,8,0.0,0,A
367168000,2022-01-05T17:34:09,48.75651,-122.49808,0.0,41.4,295.0,BLUE MANTA,,WDM7277,60,15,22,8,0.0,0,A
367168000,2022-01-05T06:41:20,48.75650,-122.49808,0.0,314.0,293.0,BLUE MANTA,,WDM7277,60,15,22,8,0.0,0,A
367168000,2022-01-05T17:35:19,48.75650,-122.49807,0.0,245.7,294.0,BLUE MANTA,,WDM7277,60,15,22,8,0.0,0,A
367168000,2022-01-05T17:28:50,48.75650,-122.49807,0.0,200.2,295.0,BLUE MANTA,,WDM7277,60,15,22,8,0.0,0,A
367168000,2022-01-05T17:37:39,48.75649,-122.49809,0.0,107.2,295.0,BLUE MANTA,,WDM7277,60,15,22,8,0.0,0,A
367168000,2022-01-05T06:42:30,48.75650,-122.49806,0.0,342.6,294.0,BLUE MANTA,,WDM7277,60,15,22,8,0.0,0,A
367168000,2022-01-05T17:25:30,48.75650,-122.49810,0.0,228.2,294.0,BLUE MANTA,,WDM7277,60,15,22,8,0.0,0,A
367168000,2022-01-05T17:40:00,48.75650,-122.49808,0.0,88.1,296.0,BLUE MANTA,,WDM7277,60,15,22,8,0.0,0,A
367168000,2022-01-05T17:17:30,48.75649,-122.49809,0.0,209.9,294.0,BLUE MANTA,,WDM7277,60,15,22,8,0.0,0,A
367168000,2022-01-05T17:26:38,48.75650,-122.49809,0.0,175.7,294.0,BLUE MANTA,,WDM7277,60,15,22,8,0.0,0,A
367168000,2022-01-05T17:31:50,48.75650,-122.49808,0.0,193.3,294.0,BLUE MANTA,,WDM7277,60,15,22,8,0.0,0,A
367168000,2022-01-05T17:27:49,48.75650,-122.49809,0.0,13.0,295.0,BLUE MANTA,,WDM7277,60,15,22,8,0.0,0,A
367168000,2022-01-05T17:24:19,48.75650,-122.49810,0.0,72.2,294.0,BLUE MANTA,,WDM7277,60,15,22,8,0.0,0,A
367168000,2022-01-05T17:29:59,48.75650,-122.49809,0.0,173.7,295.0,BLUE MANTA,,WDM7277,60,15,22,8,0.0,0,A
367168000,2022-01-05T17:36:29,48.75650,-122.49808,0.0,124.5,295.0,BLUE MANTA,,WDM7277,60,15,22,8,0.0,0,A
367168000,2022-01-05T17:52:50,48.75649,-122.49810,0.0,6.4,294.0,BLUE MANTA,,WDM7277,60,15,22,8,0.0,0,A
367168000,2022-01-05T17:42:19,48.75650,-122.49809,0.0,355.4,295.0,BLUE MANTA,,WDM7277,60,15,22,8,0.0,0,A
367168000,2022-01-05T17:38:50,48.75650,-122.49807,0.0,8.0,296.0,BLUE MANTA,,WDM7277,60,15,22,8,0.0,0,A
367168000,2022-01-05T17:54:00,48.75650,-122.49809,0.0,217.9,295.0,BLUE MANTA,,WDM7277,60,15,22,8,0.0,0,A
367168000,2022-01-05T17:47:08,48.75650,-122.49808,0.0,42.4,295.0,BLUE MANTA,,WDM7277,60,15,22,8,0.0,0,A
367168000,2022-01-05T17:48:19,48.75650,-122.49808,0.0,253.1,294.0,BLUE MANTA,,WDM7277,60,15,22,8,0.0,0,A
367168000,2022-01-05T17:49:20,48.75650,-122.49807,0.0,192.8,295.0,BLUE MANTA,,WDM7277,60,15,22,8,0.0,0,A
367168000,2022-01-05T18:00:09,48.75648,-122.49808,0.0,60.5,295.0,BLUE MANTA,,WDM7277,60,15,22,8,0.0,0,A
367168000,2022-01-05T17:59:40,48.75649,-122.49808,0.0,197.7,295.0,BLUE MANTA,,WDM7277,60,15,22,8,0.0,0,A
367168000,2022-01-05T18:03:28,48.75649,-122.49808,0.0,73.9,295.0,BLUE MANTA,,WDM7277,60,15,22,8,0.0,0,A
367168000,2022-01-05T17:43:29,48.75648,-122.49809,0.0,333.3,294.0,BLUE MANTA,,WDM7277,60,15,22,8,0.0,0,A
367168000,2022-01-05T18:04:29,48.75650,-122.49807,0.0,200.4,295.0,BLUE MANTA,,WDM7277,60,15,22,8,0.0,0,A
367168000,2022-01-05T17:41:08,48.75649,-122.49808,0.0,9.4,295.0,BLUE MANTA,,WDM7277,60,15,22,8,0.0,0,A
367168000,2022-01-05T18:01:10,48.75650,-122.49808,0.0,5.9,295.0,BLUE MANTA,,WDM7277,60,15,22,8,0.0,0,A
367168000,2022-01-05T17:44:40,48.75650,-122.49809,0.0,356.4,294.0,BLUE MANTA,,WDM7277,60,15,22,8,0.0,0,A
367168000,2022-01-05T17:45:50,48.75650,-122.49807,0.0,10.9,295.0,BLUE MANTA,,WDM7277,60,15,22,8,0.0,0,A
367168000,2022-01-05T18:09:20,48.75649,-122.49808,0.0,208.1,295.0,BLUE MANTA,,WDM7277,60,15,22,8,0.0,0,A
367168000,2022-01-05T18:12:49,48.75649,-122.49807,0.0,244.1,295.0,BLUE MANTA,,WDM7277,60,15,22,8,0.0,0,A
367168000,2022-01-05T17:50:30,48.75649,-122.49809,0.0,314.7,295.0,BLUE MANTA,,WDM7277,60,15,22,8,0.0,0,A
367168000,2022-01-05T18:05:49,48.75649,-122.49807,0.0,209.2,295.0,BLUE MANTA,,WDM7277,60,15,22,8,0.0,0,A
367168000,2022-01-05T18:16:20,48.75650,-122.49807,0.0,268.3,295.0,BLUE MANTA,,WDM7277,60,15,22,8,0.0,0,A
367168000,2022-01-05T18:06:59,48.75648,-122.49808,0.0,210.3,296.0,BLUE MANTA,,WDM7277,60,15,22,8,0.0,0,A
367168000,2022-01-05T18:15:09,48.75649,-122.49808,0.0,163.6,295.0,BLUE MANTA,,WDM7277,60,15,22,8,0.0,0,A
367168000,2022-01-05T17:51:39,48.75650,-122.49808,0.0,206.2,294.0,BLUE MANTA,,WDM7277,60,15,22,8,0.0,0,A
367168000,2022-01-05T18:18:39,48.75649,-122.49807,0.0,198.8,296.0,BLUE MANTA,,WDM7277,60,15,22,8,0.0,0,A
367168000,2022-01-05T17:57:20,48.75650,-122.49806,0.0,271.0,295.0,BLUE MANTA,,WDM7277,60,15,22,8,0.0,0,A
367168000,2022-01-05T17:55:09,48.75649,-122.49808,0.0,228.9,295.0,BLUE MANTA,,WDM7277,60,15,22,8,0.0,0,A
367168000,2022-01-05T18:08:09,48.75649,-122.49808,0.0,158.3,295.0,BLUE MANTA,,WDM7277,60,15,22,8,0.0,0,A
367168000,2022-01-05T17:58:29,48.75649,-122.49806,0.0,22.7,295.0,BLUE MANTA,,WDM7277,60,15,22,8,0.0,0,A
367168000,2022-01-05T18:02:20,48.75649,-122.49807,0.0,26.0,295.0,BLUE MANTA,,WDM7277,60,15,22,8,0.0,0,A
367168000,2022-01-05T18:17:30,48.75649,-122.49808,0.0,24.5,296.0,BLUE MANTA,,WDM7277,60,15,22,8,0.0,0,A
367168000,2022-01-05T18:35:59,48.75649,-122.49808,0.0,310.1,296.0,BLUE MANTA,,WDM7277,60,15,22,8,0.0,0,A
367168000,2022-01-05T18:11:39,48.75649,-122.49808,0.0,199.3,295.0,BLUE MANTA,,WDM7277,60,15,22,8,0.0,0,A
367168000,2022-01-05T07:01:19,48.75650,-122.49808,0.0,4.0,294.0,BLUE MANTA,,WDM7277,60,15,22,8,0.0,0,A
367168000,2022-01-05T18:10:30,48.75649,-122.49808,0.0,199.2,295.0,BLUE MANTA,,WDM7277,60,15,22,8,0.0,0,A
367168000,2022-01-05T18:29:09,48.75648,-122.49808,0.0,210.1,296.0,BLUE MANTA,,WDM7277,60,15,22,8,0.0,0,A
367168000,2022-01-05T18:30:20,48.75648,-122.49809,0.0,18.4,296.0,BLUE MANTA,,WDM7277,60,15,22,8,0.0,0,A
367168000,2022-01-05T18:23:18,48.75649,-122.49807,0.0,9.4,295.0,BLUE MANTA,,WDM7277,60,15,22,8,0.0,0,A
367168000,2022-01-05T18:42:49,48.75649,-122.49808,0.0,283.2,296.0,BLUE MANTA,,WDM7277,60,15,22,8,0.0,0,A
367168000,2022-01-05T18:43:59,48.75648,-122.49808,0.0,247.5,296.0,BLUE MANTA,,WDM7277,60,15,22,8,0.0,0,A
367168000,2022-01-05T18:45:09,48.75648,-122.49807,0.0,228.4,296.0,BLUE MANTA,,WDM7277,60,15,22,8,0.0,0,A
367168000,2022-01-05T18:37:09,48.75649,-122.49808,0.0,204.8,297.0,BLUE MANTA,,WDM7277,60,15,22,8,0.0,0,A
367168000,2022-01-05T18:28:00,48.75648,-122.49806,0.0,20.2,296.0,BLUE MANTA,,WDM7277,60,15,22,8,0.0,0,A
367168000,2022-01-05T18:19:50,48.75649,-122.49807,0.0,28.6,296.0,BLUE MANTA,,WDM7277,60,15,22,8,0.0,0,A
367168000,2022-01-05T18:49:49,48.75648,-122.49807,0.0,187.9,295.0,BLUE MANTA,,WDM7277,60,15,22,8,0.0,0,A
367168000,2022-01-05T18:39:29,48.75648,-122.49808,0.0,343.6,297.0,BLUE MANTA,,WDM7277,60,15,22,8,0.0,0,A
367168000,2022-01-05T18:24:28,48.75648,-122.49806,0.0,5.0,296.0,BLUE MANTA,,WDM7277,60,15,22,8,0.0,0,A
367168000,2022-01-05T18:25:40,48.75648,-122.49809,0.0,347.8,296.0,BLUE MANTA,,WDM7277,60,15,22,8,0.0,0,A
367168000,2022-01-05T18:46:19,48.75649,-122.49808,0.0,192.6,296.0,BLUE MANTA,,WDM7277,60,15,22,8,0.0,0,A
367168000,2022-01-05T18:26:49,48.75648,-122.49808,0.0,211.4,296.0,BLUE MANTA,,WDM7277,60,15,22,8,0.0,0,A
367168000,2022-01-05T18:54:39,48.75649,-122.49807,0.0,44.6,295.0,BLUE MANTA,,WDM7277,60,15,22,8,0.0,0,A
367168000,2022-01-05T18:58:20,48.75648,-122.49807,0.0,24.6,294.0,BLUE MANTA,,WDM7277,60,15,22,8,0.0,0,A
367168000,2022-01-05T18:32:40,48.75649,-122.49808,0.0,226.8,296.0,BLUE MANTA,,WDM7277,60,15,22,8,0.0,0,A
367168000,2022-01-05T19:03:39,48.75648,-122.49808,0.0,36.4,294.0,BLUE MANTA,,WDM7277,60,15,22,8,0.0,0,A
367168000,2022-01-05T18:31:29,48.75648,-122.49808,0.0,301.8,296.0,BLUE MANTA,,WDM7277,60,15,22,8,0.0,0,A
367168000,2022-01-05T18:33:49,48.75649,-122.49808,0.0,203.1,296.0,BLUE MANTA,,WDM7277,60,15,22,8,0.0,0,A
367168000,2022-01-05T19:00:18,48.75649,-122.49808,0.0,23.9,293.0,BLUE MANTA,,WDM7277,60,15,22,8,0.0,0,A
367168000,2022-01-05T18:34:58,48.75648,-122.49807,0.0,0.1,296.0,BLUE MANTA,,WDM7277,60,15,22,8,0.0,0,A
367168000,2022-01-05T18:41:48,48.75649,-122.49806,0.0,261.3,296.0,BLUE MANTA,,WDM7277,60,15,22,8,0.0,0,A
367168000,2022-01-05T19:02:29,48.75650,-122.49809,0.0,320.9,294.0,BLUE MANTA,,WDM7277,60,15,22,8,0.0,0,A
367168000,2022-01-05T19:16:29,48.75650,-122.49808,0.0,218.1,294.0,BLUE MANTA,,WDM7277,60,15,22,8,0.0,0,A
367168000,2022-01-05T19:18:40,48.75648,-122.49808,0.0,244.8,294.0,BLUE MANTA,,WDM7277,60,15,22,8,0.0,0,A
367168000,2022-01-05T18:47:29,48.75649,-122.49808,0.0,35.2,296.0,BLUE MANTA,,WDM7277,60,15,22,8,0.0,0,A
367168000,2022-01-05T19:09:28,48.75649,-122.49806,0.0,355.2,295.0,BLUE MANTA,,WDM7277,60,15,22,8,0.0,0,A
367168000,2022-01-05T19:20:59,48.75648,-122.49808,0.0,221.6,294.0,BLUE MANTA,,WDM7277,60,15,22,8,0.0,0,A
367168000,2022-01-05T18:51:00,48.75648,-122.49808,0.0,123.7,295.0,BLUE MANTA,,WDM7277,60,15,22,8,0.0,0,A
367168000,2022-01-05T18:52:20,48.75648,-122.49807,0.0,10.8,295.0,BLUE MANTA,,WDM7277,60,15,22,8,0.0,0,A
367168000,2022-01-05T19:24:20,48.75648,-122.49807,0.0,243.1,293.0,BLUE MANTA,,WDM7277,60,15,22,8,0.0,0,A
367168000,2022-01-05T18:53:29,48.75649,-122.49808,0.0,25.8,295.0,BLUE MANTA,,WDM7277,60,15,22,8,0.0,0,A
367168000,2022-01-05T18:55:49,48.75649,-122.49807,0.0,21.8,295.0,BLUE MANTA,,WDM7277,60,15,22,8,0.0,0,A
367168000,2022-01-05T18:57:00,48.75648,-122.49807,0.0,42.5,294.0,BLUE MANTA,,WDM7277,60,15,22,8,0.0,0,A
367168000,2022-01-05T19:10:38,48.75648,-122.49808,0.0,59.7,295.0,BLUE MANTA,,WDM7277,60,15,22,8,0.0,0,A
367168000,2022-01-05T18:59:29,48.75649,-122.49807,0.0,352.5,293.0,BLUE MANTA,,WDM7277,60,15,22,8,0.0,0,A
367168000,2022-01-05T19:34:38,48.75650,-122.49808,0.0,181.3,293.0,BLUE MANTA,,WDM7277,60,15,22,8,0.0,0,A
367168000,2022-01-05T19:12:58,48.75649,-122.49807,0.0,253.9,294.0,BLUE MANTA,,WDM7277,60,15,22,8,0.0,0,A
367168000,2022-01-05T19:04:48,48.75649,-122.49809,0.0,180.9,295.0,BLUE MANTA,,WDM7277,60,15,22,8,0.0,0,A
367168000,2022-01-05T19:05:59,48.75649,-122.49808,0.0,298.0,295.0,BLUE MANTA,,WDM7277,60,15,22,8,0.0,0,A
367168000,2022-01-05T19:08:19,48.75649,-122.49808,0.0,139.9,295.0,BLUE MANTA,,WDM7277,60,15,22,8,0.0,0,A
367168000,2022-01-05T19:28:49,48.75650,-122.49808,0.0,178.6,293.0,BLUE MANTA,,WDM7277,60,15,22,8,0.0,0,A
367168000,2022-01-05T19:11:49,48.75649,-122.49808,0.0,329.6,295.0,BLUE MANTA,,WDM7277,60,15,22,8,0.0,0,A
367168000,2022-01-05T19:39:29,48.75649,-122.49807,0.0,126.9,292.0,BLUE MANTA,,WDM7277,60,15,22,8,0.0,0,A
367168000,2022-01-05T19:25:30,48.75649,-122.49807,0.0,197.3,293.0,BLUE MANTA,,WDM7277,60,15,22,8,0.0,0,A
367168000,2022-01-05T19:44:19,48.75649,-122.49808,0.0,261.7,292.0,BLUE MANTA,,WDM7277,60,15,22,8,0.0,0,A
367168000,2022-01-05T19:26:39,48.75649,-122.49807,0.0,123.0,293.0,BLUE MANTA,,WDM7277,60,15,22,8,0.0,0,A
367168000,2022-01-05T19:17:30,48.75649,-122.49807,0.0,211.5,294.0,BLUE MANTA,,WDM7277,60,15,22,8,0.0,0,A
367168000,2022-01-05T19:43:10,48.75648,-122.49808,0.0,83.1,292.0,BLUE MANTA,,WDM7277,60,15,22,8,0.0,0,A
367168000,2022-01-05T19:27:40,48.75650,-122.49807,0.0,172.3,293.0,BLUE MANTA,,WDM7277,60,15,22,8,0.0,0,A
367168000,2022-01-05T19:19:50,48.75650,-122.49807,0.0,328.1,294.0,BLUE MANTA,,WDM7277,60,15,22,8,0.0,0,A
367168000,2022-01-05T19:48:59,48.75649,-122.49807,0.0,218.4,292.0,BLUE MANTA,,WDM7277,60,15,22,8,0.0,0,A
367168000,2022-01-05T19:47:40,48.75649,-122.49807,0.0,218.8,292.0,BLUE MANTA,,WDM7277,60,15,22,8,0.0,0,A
367168000,2022-01-05T19:50:10,48.75649,-122.49807,0.0,323.6,292.0,BLUE MANTA,,WDM7277,60,15,22,8,0.0,0,A
367168000,2022-01-05T19:33:30,48.75649,-122.49808,0.0,9.0,293.0,BLUE MANTA,,WDM7277,60,15,22,8,0.0,0,A
367168000,2022-01-05T19:53:50,48.75649,-122.49808,0.0,211.5,294.0,BLUE MANTA,,WDM7277,60,15,22,8,0.0,0,A
367168000,2022-01-05T19:37:18,48.75650,-122.49806,0.0,179.7,292.0,BLUE MANTA,,WDM7277,60,15,22,8,0.0,0,A
367168000,2022-01-05T19:59:30,48.75649,-122.49807,0.0,146.1,295.0,BLUE MANTA,,WDM7277,60,15,22,8,0.0,0,A
367168000,2022-01-05T20:01:19,48.75649,-122.49808,0.0,254.3,295.0,BLUE MANTA,,WDM7277,60,15,22,8,0.0,0,A
367168000,2022-01-05T19:58:19,48.75650,-122.49808,0.0,81.5,294.0,BLUE MANTA,,WDM7277,60,15,22,8,0.0,0,A
367168000,2022-01-05T20:05:50,48.75650,-122.49806,0.0,55.6,295.0,BLUE MANTA,,WDM7277,60,15,22,8,0.0,0,A
367168000,2022-01-05T19:38:19,48.75648,-122.49806,0.0,172.8,292.0,BLUE MANTA,,WDM7277,60,15,22,8,0.0,0,A
367168000,2022-01-05T20:00:09,48.75649,-122.49807,0.0,3.2,295.0,BLUE MANTA,,WDM7277,60,15,22,8,0.0,0,A
367168000,2022-01-05T19:51:19,48.75650,-122.49807,0.0,346.5,293.0,BLUE MANTA,,WDM7277,60,15,22,8,0.0,0,A
367168000,2022-01-05T20:08:09,48.75649,-122.49806,0.0,162.0,294.0,BLUE MANTA,,WDM7277,60,15,22,8,0.0,0,A
367168000,2022-01-05T19:36:09,48.75649,-122.49807,0.0,47.6,292.0,BLUE MANTA,,WDM7277,60,15,22,8,0.0,0,A
367168000,2022-01-05T20:09:19,48.75649,-122.49807,0.0,206.5,294.0,BLUE MANTA,,WDM7277,60,15,22,8,0.0,0,A
367168000,2022-01-05T19:40:39,48.75650,-122.49807,0.0,49.0,292.0,BLUE MANTA,,WDM7277,60,15,22,8,0.0,0,A
367168000,2022-01-05T19:52:29,48.75649,-122.49808,0.0,0.3,293.0,BLUE MANTA,,WDM7277,60,15,22,8,0.0,0,A
367168000,2022-01-05T20:02:30,48.75649,-122.49806,0.0,207.8,295.0,BLUE MANTA,,WDM7277,60,15,22,8,0.0,0,A
367168000,2022-01-05T20:10:20,48.75649,-122.49806,0.0,200.4,294.0,BLUE MANTA,,WDM7277,60,15,22,8,0.0,0,A
367168000,2022-01-05T19:41:59,48.75648,-122.49806,0.0,48.1,292.0,BLUE MANTA,,WDM7277,60,15,22,8,0.0,0,A
367168000,2022-01-05T19:45:29,48.75649,-122.49808,0.0,201.5,292.0,BLUE MANTA,,WDM7277,60,15,22,8,0.0,0,A
367168000,2022-01-05T20:18:09,48.75648,-122.49805,0.0,234.2,295.0,BLUE MANTA,,WDM7277,60,15,22,8,0.0,0,A
367168000,2022-01-05T19:54:59,48.75649,-122.49808,0.0,26.3,294.0,BLUE MANTA,,WDM7277,60,15,22,8,0.0,0,A
367168000,2022-01-05T20:12:39,48.75648,-122.49806,0.0,219.5,295.0,BLUE MANTA,,WDM7277,60,15,22,8,0.0,0,A
367168000,2022-01-05T20:04:49,48.75649,-122.49807,0.0,228.0,295.0,BLUE MANTA,,WDM7277,60,15,22,8,0.0,0,A
367168000,2022-01-05T20:20:28,48.75648,-122.49808,0.0,185.6,295.0,BLUE MANTA,,WDM7277,60,15,22,8,0.0,0,A
367168000,2022-01-05T20:22:39,48.75649,-122.49807,0.0,241.8,295.0,BLUE MANTA,,WDM7277,60,15,22,8,0.0,0,A
367168000,2022-01-05T20:07:00,48.75649,-122.49806,0.0,175.2,295.0,BLUE MANTA,,WDM7277,60,15,22,8,0.0,0,A
367168000,2022-01-05T07:32:19,48.75650,-122.49805,0.0,195.6,294.0,BLUE MANTA,,WDM7277,60,15,22,8,0.0,0,A
367168000,2022-01-05T20:24:50,48.75649,-122.49807,0.0,256.3,295.0,BLUE MANTA,,WDM7277,60,15,22,8,0.0,0,A
367168000,2022-01-05T19:57:09,48.75649,-122.49808,0.0,71.1,294.0,BLUE MANTA,,WDM7277,60,15,22,8,0.0,0,A
367168000,2022-01-05T20:32:09,48.75650,-122.49807,0.0,5.5,294.0,BLUE MANTA,,WDM7277,60,15,22,8,0.0,0,A
367168000,2022-01-05T20:03:39,48.75649,-122.49806,0.0,23.3,294.0,BLUE MANTA,,WDM7277,60,15,22,8,0.0,0,A
367168000,2022-01-05T07:37:00,48.75650,-122.49807,0.0,330.3,294.0,BLUE MANTA,,WDM7277,60,15,22,8,0.0,0,A
367168000,2022-01-05T20:40:09,48.75651,-122.49806,0.0,222.2,294.0,BLUE MANTA,,WDM7277,60,15,22,8,0.0,0,A
367168000,2022-01-05T20:29:30,48.75650,-122.49807,0.0,41.6,294.0,BLUE MANTA,,WDM7277,60,15,22,8,0.0,0,A
367168000,2022-01-05T20:37:49,48.75649,-122.49805,0.0,310.9,294.0,BLUE MANTA,,WDM7277,60,15,22,8,0.0,0,A
367168000,2022-01-05T20:19:20,48.75650,-122.49807,0.0,192.7,295.0,BLUE MANTA,,WDM7277,60,15,22,8,0.0,0,A
367168000,2022-01-05T20:23:49,48.75649,-122.49806,0.0,328.9,295.0,BLUE MANTA,,WDM7277,60,15,22,8,0.0,0,A
367168000,2022-01-05T20:11:30,48.75648,-122.49806,0.0,210.4,295.0,BLUE MANTA,,WDM7277,60,15,22,8,0.0,0,A
367168000,2022-01-05T07:38:09,48.75649,-122.49806,0.0,265.0,294.0,BLUE MANTA,,WDM7277,60,15,22,8,0.0,0,A
367168000,2022-01-05T20:42:29,48.75650,-122.49807,0.0,214.6,294.0,BLUE MANTA,,WDM7277,60,15,22,8,0.0,0,A
367168000,2022-01-05T20:13:40,48.75650,-122.49807,0.0,348.7,295.0,BLUE MANTA,,WDM7277,60,15,22,8,0.0,0,A
367168000,2022-01-05T07:41:38,48.75649,-122.49805,0.0,5.8,294.0,BLUE MANTA,,WDM7277,60,15,22,8,0.0,0,A
367168000,2022-01-05T07:42:39,48.75650,-122.49806,0.0,358.6,294.0,BLUE MANTA,,WDM7277,60,15,22,8,0.0,0,A
367168000,2022-01-05T20:34:20,48.75650,-122.49807,0.0,59.5,294.0,BLUE MANTA,,WDM7277,60,15,22,8,0.0,0,A
367168000,2022-01-05T20:21:29,48.75649,-122.49807,0.0,107.7,295.0,BLUE MANTA,,WDM7277,60,15,22,8,0.0,0,A
367168000,2022-01-05T20:49:28,48.75649,-122.49807,0.0,251.3,294.0,BLUE MANTA,,WDM7277,60,15,22,8,0.0,0,A
367168000,2022-01-05T20:50:39,48.75650,-122.49806,0.0,198.5,294.0,BLUE MANTA,,WDM7277,60,15,22,8,0.0,0,A
367168000,2022-01-05T20:26:00,48.75650,-122.49806,0.0,25.6,295.0,BLUE MANTA,,WDM7277,60,15,22,8,0.0,0,A
367168000,2022-01-05T20:27:09,48.75649,-122.49807,0.0,252.6,295.0,BLUE MANTA,,WDM7277,60,15,22,8,0.0,0,A
367168000,2022-01-05T20:57:39,48.75650,-122.49805,0.0,246.2,294.0,BLUE MANTA,,WDM7277,60,15,22,8,0.0,0,A
367168000,2022-01-05T20:59:50,48.75650,-122.49805,0.0,195.7,294.0,BLUE MANTA,,WDM7277,60,15,22,8,0.0,0,A
367168000,2022-01-05T20:45:49,48.75650,-122.49805,0.0,91.1,295.0,BLUE MANTA,,WDM7277,60,15,22,8,0.0,0,A
367168000,2022-01-05T20:31:00,48.75649,-122.49806,0.0,285.0,294.0,BLUE MANTA,,WDM7277,60,15,22,8,0.0,0,A
367168000,2022-01-05T20:44:48,48.75650,-122.49807,0.0,245.5,294.0,BLUE MANTA,,WDM7277,60,15,22,8,0.0,0,A
367168000,2022-01-05T20:58:49,48.75651,-122.49805,0.0,228.1,294.0,BLUE MANTA,,WDM7277,60,15,22,8,0.0,0,A
367168000,2022-01-05T21:05:59,48.75650,-122.49807,0.0,34.0,294.0,BLUE MANTA,,WDM7277,60,15,22,8,0.0,0,A
367168000,2022-01-05T20:36:39,48.75650,-122.49807,0.0,201.5,294.0,BLUE MANTA,,WDM7277,60,15,22,8,0.0,0,A
367168000,2022-01-05T20:33:10,48.75651,-122.49807,0.0,358.8,294.0,BLUE MANTA,,WDM7277,60,15,22,8,0.0,0,A
367168000,2022-01-05T21:00:09,48.75650,-122.49805,0.0,14.2,293.0,BLUE MANTA,,WDM7277,60,15,22,8,0.0,0,A
367168000,2022-01-05T20:35:30,48.75650,-122.49808,0.0,334.0,294.0,BLUE MANTA,,WDM7277,60,15,22,8,0.0,0,A
367168000,2022-01-05T21:09:20,48.75651,-122.49808,0.0,282.3,294.0,BLUE MANTA,,WDM7277,60,15,22,8,0.0,0,A
367168000,2022-01-05T20:38:59,48.75649,-122.49806,0.0,319.4,294.0,BLUE MANTA,,WDM7277,60,15,22,8,0.0,0,A
367168000,2022-01-05T21:08:11,48.75649,-122.49807,0.0,236.9,294.0,BLUE MANTA,,WDM7277,60,15,22,8,0.0,0,A
367168000,2022-01-05T20:52:59,48.75651,-122.49806,0.0,277.3,293.0,BLUE MANTA,,WDM7277,60,15,22,8,0.0,0,A
367168000,2022-01-05T21:04:50,48.75650,-122.49805,0.0,274.2,294.0,BLUE MANTA,,WDM7277,60,15,22,8,0.0,0,A
367168000,2022-01-05T20:54:09,48.75651,-122.49807,0.0,263.8,294.0,BLUE MANTA,,WDM7277,60,15,22,8,0.0,0,A
367168000,2022-01-05T21:12:49,48.75650,-122.49806,0.0,359.0,294.0,BLUE MANTA,,WDM7277,60,15,22,8,0.0,0,A
367168000,2022-01-05T21:07:10,48.75650,-122.49807,0.0,215.3,294.0,BLUE MANTA,,WDM7277,60,15,22,8,0.0,0,A
367168000,2022-01-05T21:14:08,48.75650,-122.49805,0.0,254.4,294.0,BLUE MANTA,,WDM7277,60,15,22,8,0.0,0,A
367168000,2022-01-05T07:54:09,48.75650,-122.49807,0.0,152.3,294.0,BLUE MANTA,,WDM7277,60,15,22,8,0.0,0,A
367168000,2022-01-05T07:55:19,48.75649,-122.49807,0.0,164.7,293.0,BLUE MANTA,,WDM7277,60,15,22,8,0.0,0,A
367168000,2022-01-05T20:46:58,48.75650,-122.49806,0.0,277.1,294.0,BLUE MANTA,,WDM7277,60,15,22,8,0.0,0,A
367168000,2022-01-05T21:03:40,48.75650,-122.49807,0.0,227.8,293.0,BLUE MANTA,,WDM7277,60,15,22,8,0.0,0,A
367168000,2022-01-05T21:21:59,48.75650,-122.49807,0.0,251.5,294.0,BLUE MANTA,,WDM7277,60,15,22,8,0.0,0,A
367168000,2022-01-05T21:26:29,48.75650,-122.49805,0.0,168.5,294.0,BLUE MANTA,,WDM7277,60,15,22,8,0.0,0,A
367168000,2022-01-05T20:55:19,48.75650,-122.49807,0.0,319.0,294.0,BLUE MANTA,,WDM7277,60,15,22,8,0.0,0,A
367168000,2022-01-05T21:23:08,48.75651,-122.49807,0.0,145.2,294.0,BLUE MANTA,,WDM7277,60,15,22,8,0.0,0,A
367168000,2022-01-05T20:56:30,48.75651,-122.49805,0.0,285.7,294.0,BLUE MANTA,,WDM7277,60,15,22,8,0.0,0,A
367168000,2022-01-05T21:15:09,48.75649,-122.49806,0.0,348.4,294.0,BLUE MANTA,,WDM7277,60,15,22,8,0.0,0,A
367168000,2022-01-05T21:11:39,48.75650,-122.49807,0.0,337.4,294.0,BLUE MANTA,,WDM7277,60,15,22,8,0.0,0,A
367168000,2022-01-05T21:35:39,48.75651,-122.49807,0.0,287.2,294.0,BLUE MANTA,,WDM7277,60,15,22,8,0.0,0,A
367168000,2022-01-05T21:20:50,48.75650,-122.49808,0.0,245.4,293.0,BLUE MANTA,,WDM7277,60,15,22,8,0.0,0,A
367168000,2022-01-05T21:16:19,48.75649,-122.49807,0.0,332.0,293.0,BLUE MANTA,,WDM7277,60,15,22,8,0.0,0,A
367168000,2022-01-05T21:18:39,48.75650,-122.49806,0.0,6.7,294.0,BLUE MANTA,,WDM7277,60,15,22,8,0.0,0,A
367168000,2022-01-05T21:39:09,48.75651,-122.49807,0.0,343.3,294.0,BLUE MANTA,,WDM7277,60,15,22,8,0.0,0,A
367168000,2022-01-05T21:30:59,48.75650,-122.49807,0.0,292.7,294.0,BLUE MANTA,,WDM7277,60,15,22,8,0.0,0,A
367168000,2022-01-05T21:24:09,48.75651,-122.49807,0.0,108.8,294.0,BLUE MANTA,,WDM7277,60,15,22,8,0.0,0,A
367168000,2022-01-05T21:33:18,48.75651,-122.49808,0.0,43.1,294.0,BLUE MANTA,,WDM7277,60,15,22,8,0.0,0,A
367168000,2022-01-05T21:28:39,48.75650,-122.49807,0.0,186.6,294.0,BLUE MANTA,,WDM7277,60,15,22,8,0.0,0,A
367168000,2022-01-05T21:42:39,48.75650,-122.49807,0.0,291.1,294.0,BLUE MANTA,,WDM7277,60,15,22,8,0.0,0,A
367168000,2022-01-05T21:46:09,48.75651,-122.49806,0.0,337.6,294.0,BLUE MANTA,,WDM7277,60,15,22,8,0.0,0,A
367168000,2022-01-05T21:37:59,48.75650,-122.49806,0.0,287.6,294.0,BLUE MANTA,,WDM7277,60,15,22,8,0.0,0,A
367168000,2022-01-05T21:44:59,48.75652,-122.49808,0.0,299.3,293.0,BLUE MANTA,,WDM7277,60,15,22,8,0.0,0,A
367168000,2022-01-05T21:29:49,48.75650,-122.49807,0.0,156.7,293.0,BLUE MANTA,,WDM7277,60,15,22,8,0.0,0,A
367168000,2022-01-05T21:19:49,48.75650,-122.49806,0.0,256.6,293.0,BLUE MANTA,,WDM7277,60,15,22,8,0.0,0,A
367168000,2022-01-05T21:40:20,48.75651,-122.49807,0.0,260.2,294.0,BLUE MANTA,,WDM7277,60,15,22,8,0.0,0,A
367168000,2022-01-05T21:34:30,48.75650,-122.49806,0.0,341.3,294.0,BLUE MANTA,,WDM7277,60,15,22,8,0.0,0,A
367168000,2022-01-05T21:36:48,48.75650,-122.49806,0.0,348.8,294.0,BLUE MANTA,,WDM7277,60,15,22,8,0.0,0,A
367168000,2022-01-05T21:25:19,48.75651,-122.49808,0.0,19.9,294.0,BLUE MANTA,,WDM7277,60,15,22,8,0.0,0,A
367168000,2022-01-05T21:41:29,48.75650,-122.49807,0.0,351.6,294.0,BLUE MANTA,,WDM7277,60,15,22,8,0.0,0,A
367168000,2022-01-05T21:47:20,48.75650,-122.49807,0.0,267.2,294.0,BLUE MANTA,,WDM7277,60,15,22,8,0.0,0,A
367168000,2022-01-05T21:27:30,48.75650,-122.49807,0.0,163.9,294.0,BLUE MANTA,,WDM7277,60,15,22,8,0.0,0,A
367168000,2022-01-05T21:48:30,48.75650,-122.49808,0.0,280.4,294.0,BLUE MANTA,,WDM7277,60,15,22,8,0.0,0,A
367168000,2022-01-05T21:43:49,48.75651,-122.49807,0.0,352.1,293.0,BLUE MANTA,,WDM7277,60,15,22,8,0.0,0,A
367168000,2022-01-05T08:23:00,48.75649,-122.49807,0.0,192.4,293.0,BLUE MANTA,,WDM7277,60,15,22,8,0.0,0,A
367168000,2022-01-05T08:37:29,48.75650,-122.49805,0.0,7.2,293.0,BLUE MANTA,,WDM7277,60,15,22,8,0.0,0,A
367168000,2022-01-05T08:56:00,48.75649,-122.49808,0.0,208.6,294.0,BLUE MANTA,,WDM7277,60,15,22,8,0.0,0,A
367168000,2022-01-05T09:01:09,48.75650,-122.49806,0.0,192.7,294.0,BLUE MANTA,,WDM7277,60,15,22,8,0.0,0,A
367168000,2022-01-05T09:18:29,48.75650,-122.49807,0.0,209.3,295.0,BLUE MANTA,,WDM7277,60,15,22,8,0.0,0,A
367168000,2022-01-05T09:34:08,48.75650,-122.49807,0.0,213.5,294.0,BLUE MANTA,,WDM7277,60,15,22,8,0.0,0,A
367168000,2022-01-05T09:53:48,48.75650,-122.49808,0.0,273.8,293.0,BLUE MANTA,,WDM7277,60,15,22,8,0.0,0,A
367168000,2022-01-05T09:58:19,48.75650,-122.49807,0.0,344.9,293.0,BLUE MANTA,,WDM7277,60,15,22,8,0.0,0,A
367168000,2022-01-05T10:03:29,48.75650,-122.49808,0.0,220.3,293.0,BLUE MANTA,,WDM7277,60,15,22,8,0.0,0,A
367168000,2022-01-05T10:04:39,48.75650,-122.49810,0.0,283.1,293.0,BLUE MANTA,,WDM7277,60,15,22,8,0.0,0,A
367168000,2022-01-05T10:05:48,48.75651,-122.49807,0.0,288.0,294.0,BLUE MANTA,,WDM7277,60,15,22,8,0.0,0,A
367168000,2022-01-05T10:06:49,48.75651,-122.49807,0.0,247.2,294.0,BLUE MANTA,,WDM7277,60,15,22,8,0.0,0,A
367168000,2022-01-05T10:21:40,48.75651,-122.49808,0.0,347.4,294.0,BLUE MANTA,,WDM7277,60,15,22,8,0.0,0,A
367168000,2022-01-05T10:27:19,48.75650,-122.49808,0.0,18.5,294.0,BLUE MANTA,,WDM7277,60,15,22,8,0.0,0,A
367168000,2022-01-05T10:38:49,48.75652,-122.49809,0.0,331.0,293.0,BLUE MANTA,,WDM7277,60,15,22,8,0.0,0,A
367168000,2022-01-05T10:43:29,48.75651,-122.49809,0.0,336.9,293.0,BLUE MANTA,,WDM7277,60,15,22,8,0.0,0,A
367168000,2022-01-05T10:53:49,48.75650,-122.49809,0.0,358.6,293.0,BLUE MANTA,,WDM7277,60,15,22,8,0.0,0,A
367168000,2022-01-05T11:09:09,48.75650,-122.49809,0.0,157.6,293.0,BLUE MANTA,,WDM7277,60,15,22,8,0.0,0,A
367168000,2022-01-05T11:12:40,48.75652,-122.49809,0.0,189.9,293.0,BLUE MANTA,,WDM7277,60,15,22,8,0.0,0,A
367168000,2022-01-05T11:25:29,48.75652,-122.49808,0.0,168.5,293.0,BLUE MANTA,,WDM7277,60,15,22,8,0.0,0,A
367168000,2022-01-05T11:30:10,48.75651,-122.49809,0.0,46.0,294.0,BLUE MANTA,,WDM7277,60,15,22,8,0.0,0,A
367168000,2022-01-05T11:43:39,48.75650,-122.49810,0.0,274.3,295.0,BLUE MANTA,,WDM7277,60,15,22,8,0.0,0,A
367168000,2022-01-05T11:44:50,48.75651,-122.49810,0.0,227.2,295.0,BLUE MANTA,,WDM7277,60,15,22,8,0.0,0,A
367168000,2022-01-05T11:48:19,48.75650,-122.49809,0.0,203.9,295.0,BLUE MANTA,,WDM7277,60,15,22,8,0.0,0,A
367168000,2022-01-05T11:56:49,48.75650,-122.49808,0.0,245.2,295.0,BLUE MANTA,,WDM7277,60,15,22,8,0.0,0,A
367168000,2022-01-05T11:57:59,48.75650,-122.49807,0.0,252.0,295.0,BLUE MANTA,,WDM7277,60,15,22,8,0.0,0,A
367168000,2022-01-05T12:01:10,48.75649,-122.49806,0.0,255.5,294.0,BLUE MANTA,,WDM7277,60,15,22,8,0.0,0,A
367168000,2022-01-05T12:30:00,48.75649,-122.49808,0.0,314.2,294.0,BLUE MANTA,,WDM7277,60,15,22,8,0.0,0,A
367168000,2022-01-05T12:34:08,48.75649,-122.49807,0.0,310.6,293.0,BLUE MANTA,,WDM7277,60,15,22,8,0.0,0,A
367168000,2022-01-05T12:36:29,48.75650,-122.49807,0.0,27.4,294.0,BLUE MANTA,,WDM7277,60,15,22,8,0.0,0,A
367168000,2022-01-05T12:48:09,48.75650,-122.49808,0.0,131.2,294.0,BLUE MANTA,,WDM7277,60,15,22,8,0.0,0,A
367168000,2022-01-05T12:50:29,48.75649,-122.49808,0.0,329.4,294.0,BLUE MANTA,,WDM7277,60,15,22,8,0.0,0,A
367168000,2022-01-05T13:02:19,48.75649,-122.49807,0.0,179.3,295.0,BLUE MANTA,,WDM7277,60,15,22,8,0.0,0,A
367168000,2022-01-05T13:24:08,48.75648,-122.49807,0.0,328.8,295.0,BLUE MANTA,,WDM7277,60,15,22,8,0.0,0,A
367168000,2022-01-05T13:34:18,48.75648,-122.49807,0.0,186.6,295.0,BLUE MANTA,,WDM7277,60,15,22,8,0.0,0,A
367168000,2022-01-05T13:55:09,48.75649,-122.49807,0.0,177.1,294.0,BLUE MANTA,,WDM7277,60,15,22,8,0.0,0,A
367168000,2022-01-05T14:14:19,48.75650,-122.49808,0.0,302.8,293.0,BLUE MANTA,,WDM7277,60,15,22,8,0.0,0,A
367168000,2022-01-05T14:21:19,48.75650,-122.49809,0.0,314.3,293.0,BLUE MANTA,,WDM7277,60,15,22,8,0.0,0,A
367168000,2022-01-05T14:23:38,48.75648,-122.49807,0.0,238.3,293.0,BLUE MANTA,,WDM7277,60,15,22,8,0.0,0,A
367168000,2022-01-05T14:24:59,48.75648,-122.49809,0.0,1.6,293.0,BLUE MANTA,,WDM7277,60,15,22,8,0.0,0,A
367168000,2022-01-05T14:43:00,48.75649,-122.49807,0.0,5.6,293.0,BLUE MANTA,,WDM7277,60,15,22,8,0.0,0,A
367168000,2022-01-05T14:44:09,48.75649,-122.49808,0.0,4.4,293.0,BLUE MANTA,,WDM7277,60,15,22,8,0.0,0,A
367168000,2022-01-05T14:45:10,48.75650,-122.49808,0.0,8.2,293.0,BLUE MANTA,,WDM7277,60,15,22,8,0.0,0,A
367168000,2022-01-05T14:55:19,48.75650,-122.49807,0.0,141.4,295.0,BLUE MANTA,,WDM7277,60,15,22,8,0.0,0,A
367168000,2022-01-05T14:57:49,48.75649,-122.49809,0.0,101.1,294.0,BLUE MANTA,,WDM7277,60,15,22,8,0.0,0,A
367168000,2022-01-05T15:19:49,48.75649,-122.49806,0.0,194.4,294.0,BLUE MANTA,,WDM7277,60,15,22,8,0.0,0,A
367168000,2022-01-05T15:27:50,48.75650,-122.49808,0.0,227.0,294.0,BLUE MANTA,,WDM7277,60,15,22,8,0.0,0,A
367168000,2022-01-05T15:42:59,48.75650,-122.49808,0.0,256.5,294.0,BLUE MANTA,,WDM7277,60,15,22,8,0.0,0,A
367168000,2022-01-05T15:45:18,48.75650,-122.49808,0.0,149.7,294.0,BLUE MANTA,,WDM7277,60,15,22,8,0.0,0,A
367168000,2022-01-05T15:53:29,48.75650,-122.49808,0.0,40.2,294.0,BLUE MANTA,,WDM7277,60,15,22,8,0.0,0,A
367168000,2022-01-05T16:03:29,48.75651,-122.49809,0.0,77.2,294.0,BLUE MANTA,,WDM7277,60,15,22,8,0.0,0,A
367168000,2022-01-05T16:11:19,48.75650,-122.49808,0.0,207.4,293.0,BLUE MANTA,,WDM7277,60,15,22,8,0.0,0,A
367168000,2022-01-05T16:17:09,48.75652,-122.49807,0.0,179.6,294.0,BLUE MANTA,,WDM7277,60,15,22,8,0.0,0,A
367168000,2022-01-05T16:20:39,48.75650,-122.49809,0.0,154.6,295.0,BLUE MANTA,,WDM7277,60,15,22,8,0.0,0,A
367168000,2022-01-05T16:45:59,48.75650,-122.49808,0.0,288.2,293.0,BLUE MANTA,,WDM7277,60,15,22,8,0.0,0,A
367168000,2022-01-05T17:04:48,48.75650,-122.49808,0.0,211.9,294.0,BLUE MANTA,,WDM7277,60,15,22,8,0.0,0,A
367168000,2022-01-05T17:08:10,48.75651,-122.49810,0.0,195.5,294.0,BLUE MANTA,,WDM7277,60,15,22,8,0.0,0,A
367168000,2022-01-05T17:11:39,48.75649,-122.49810,0.0,197.4,294.0,BLUE MANTA,,WDM7277,60,15,22,8,0.0,0,A
367168000,2022-01-05T17:20:58,48.75650,-122.49808,0.0,256.7,294.0,BLUE MANTA,,WDM7277,60,15,22,8,0.0,0,A
367168000,2022-01-05T17:21:59,48.75651,-122.49810,0.0,44.8,294.0,BLUE MANTA,,WDM7277,60,15,22,8,0.0,0,A
367168000,2022-01-05T17:23:08,48.75650,-122.49809,0.0,323.7,294.0,BLUE MANTA,,WDM7277,60,15,22,8,0.0,0,A
367168000,2022-01-05T17:56:10,48.75649,-122.49807,0.0,6.6,295.0,BLUE MANTA,,WDM7277,60,15,22,8,0.0,0,A
367168000,2022-01-05T18:13:59,48.75650,-122.49807,0.0,10.6,295.0,BLUE MANTA,,WDM7277,60,15,22,8,0.0,0,A
367168000,2022-01-05T18:20:59,48.75649,-122.49807,0.0,24.2,296.0,BLUE MANTA,,WDM7277,60,15,22,8,0.0,0,A
367168000,2022-01-05T18:22:10,48.75648,-122.49807,0.0,193.2,296.0,BLUE MANTA,,WDM7277,60,15,22,8,0.0,0,A
367168000,2022-01-05T18:38:20,48.75649,-122.49808,0.0,233.4,297.0,BLUE MANTA,,WDM7277,60,15,22,8,0.0,0,A
367168000,2022-01-05T18:40:39,48.75648,-122.49808,0.0,273.2,296.0,BLUE MANTA,,WDM7277,60,15,22,8,0.0,0,A
367168000,2022-01-05T18:48:39,48.75649,-122.49807,0.0,106.7,295.0,BLUE MANTA,,WDM7277,60,15,22,8,0.0,0,A
367168000,2022-01-05T19:01:19,48.75649,-122.49808,0.0,44.5,294.0,BLUE MANTA,,WDM7277,60,15,22,8,0.0,0,A
367168000,2022-01-05T19:07:09,48.75649,-122.49808,0.0,32.6,295.0,BLUE MANTA,,WDM7277,60,15,22,8,0.0,0,A
367168000,2022-01-05T19:14:09,48.75649,-122.49808,0.0,13.9,294.0,BLUE MANTA,,WDM7277,60,15,22,8,0.0,0,A
367168000,2022-01-05T19:15:19,48.75648,-122.49808,0.0,215.6,294.0,BLUE MANTA,,WDM7277,60,15,22,8,0.0,0,A
367168000,2022-01-05T19:22:09,48.75649,-122.49807,0.0,306.0,293.0,BLUE MANTA,,WDM7277,60,15,22,8,0.0,0,A
367168000,2022-01-05T19:23:19,48.75650,-122.49807,0.0,195.8,293.0,BLUE MANTA,,WDM7277,60,15,22,8,0.0,0,A
367168000,2022-01-05T19:29:58,48.75649,-122.49807,0.0,25.5,293.0,BLUE MANTA,,WDM7277,60,15,22,8,0.0,0,A
367168000,2022-01-05T19:46:39,48.75649,-122.49808,0.0,22.6,292.0,BLUE MANTA,,WDM7277,60,15,22,8,0.0,0,A
367168000,2022-01-05T19:56:00,48.75650,-122.49806,0.0,130.6,294.0,BLUE MANTA,,WDM7277,60,15,22,8,0.0,0,A
367168000,2022-01-05T20:14:50,48.75649,-122.49805,0.0,304.8,295.0,BLUE MANTA,,WDM7277,60,15,22,8,0.0,0,A
367168000,2022-01-05T20:15:59,48.75649,-122.49807,0.0,168.2,295.0,BLUE MANTA,,WDM7277,60,15,22,8,0.0,0,A
367168000,2022-01-05T20:17:00,48.75648,-122.49807,0.0,196.1,295.0,BLUE MANTA,,WDM7277,60,15,22,8,0.0,0,A
367168000,2022-01-05T20:28:20,48.75650,-122.49808,0.0,193.7,295.0,BLUE MANTA,,WDM7277,60,15,22,8,0.0,0,A
367168000,2022-01-05T20:41:19,48.75650,-122.49807,0.0,259.6,294.0,BLUE MANTA,,WDM7277,60,15,22,8,0.0,0,A
367168000,2022-01-05T20:43:39,48.75650,-122.49806,0.0,7.6,294.0,BLUE MANTA,,WDM7277,60,15,22,8,0.0,0,A
367168000,2022-01-05T20:48:09,48.75650,-122.49806,0.0,305.7,295.0,BLUE MANTA,,WDM7277,60,15,22,8,0.0,0,A
367168000,2022-01-05T20:51:49,48.75650,-122.49808,0.0,229.8,294.0,BLUE MANTA,,WDM7277,60,15,22,8,0.0,0,A
367168000,2022-01-05T21:01:19,48.75650,-122.49806,0.0,329.4,294.0,BLUE MANTA,,WDM7277,60,15,22,8,0.0,0,A
367168000,2022-01-05T21:02:30,48.75650,-122.49807,0.0,59.5,294.0,BLUE MANTA,,WDM7277,60,15,22,8,0.0,0,A
367168000,2022-01-05T21:10:29,48.75650,-122.49806,0.0,306.5,293.0,BLUE MANTA,,WDM7277,60,15,22,8,0.0,0,A
367168000,2022-01-05T21:17:30,48.75650,-122.49807,0.0,346.1,293.0,BLUE MANTA,,WDM7277,60,15,22,8,0.0,0,A
367168000,2022-01-05T21:32:10,48.75650,-122.49807,0.0,350.4,295.0,BLUE MANTA,,WDM7277,60,15,22,8,0.0,0,A
