367332950,2022-01-01T00:00:50,30.05767,-89.80205,0.0,20.0,511.0,GOOD SHEPHERD,,WDE3016,31,12,22,8,,52,A
367332950,2022-01-01T00:02:00,30.05767,-89.80205,0.0,20.0,511.0,GOOD SHEPHERD,,WDE3016,31,12,22,8,,52,A
367332950,2022-01-01T00:03:19,30.05767,-89.80205,0.0,20.0,511.0,GOOD SHEPHERD,,WDE3016,31,12,22,8,,52,A
367332950,2022-01-01T00:04:31,30.05763,-89.80205,0.0,20.0,511.0,GOOD SHEPHERD,,WDE3016,31,12,22,8,,52,A
367332950,2022-01-01T00:05:40,30.05765,-89.80203,0.0,20.0,511.0,GOOD SHEPHERD,,WDE3016,31,12,22,8,,52,A
367332950,2022-01-01T00:06:49,30.05765,-89.80203,0.0,20.0,511.0,GOOD SHEPHERD,,WDE3016,31,12,22,8,,52,A
367332950,2022-01-01T00:07:59,30.05765,-89.80205,0.0,20.0,511.0,GOOD SHEPHERD,,WDE3016,31,12,22,8,,52,A
367332950,2022-01-01T00:11:40,30.05765,-89.80202,0.0,20.0,511.0,GOOD SHEPHERD,,WDE3016,31,12,22,8,,57,A
367332950,2022-01-01T00:09:10,30.05765,-89.80202,0.0,20.0,511.0,GOOD SHEPHERD,,WDE3016,31,12,22,8,,57,A
367332950,2022-01-01T00:10:20,30.05765,-89.80205,0.0,20.0,511.0,GOOD SHEPHERD,,WDE3016,31,12,22,8,,57,A
367332950,2022-01-01T00:14:10,30.05767,-89.80202,0.0,20.0,511.0,GOOD SHEPHERD,,WDE3016,31,12,22,8,,57,A
367332950,2022-01-01T00:12:50,30.05765,-89.80202,0.0,20.0,511.0,GOOD SHEPHERD,,WDE3016,31,12,22,8,,57,A
367332950,2022-01-01T00:17:50,30.05765,-89.80205,0.0,20.0,511.0,GOOD SHEPHERD,,WDE3016,31,12,22,8,,57,A
367332950,2022-01-01T00:18:51,30.05765,-89.80205,0.0,20.0,511.0,GOOD SHEPHERD,,WDE3016,31,12,22,8,,57,A
367332950,2022-01-01T00:15:31,30.05765,-89.80202,0.0,20.0,511.0,GOOD SHEPHERD,,WDE3016,31,12,22,8,,57,A
367332950,2022-01-01T00:16:39,30.05765,-89.80205,0.0,20.0,511.0,GOOD SHEPHERD,,WDE3016,31,12,22,8,,57,A
367332950,2022-01-01T00:21:00,30.05765,-89.80205,0.0,20.0,511.0,GOOD SHEPHERD,,WDE3016,31,12,22,8,,57,A
367332950,2022-01-01T00:24:39,30.05765,-89.80203,0.0,20.0,511.0,GOOD SHEPHERD,,WDE3016,31,12,22,8,,57,A
367332950,2022-01-01T00:22:10,30.05765,-89.80202,0.0,20.0,511.0,GOOD SHEPHERD,,WDE3016,31,12,22,8,,57,A
367332950,2022-01-01T00:19:59,30.05765,-89.80205,0.0,20.0,511.0,GOOD SHEPHERD,,WDE3016,31,12,22,8,,57,A
367332950,2022-01-01T00:28:10,30.05765,-89.80205,0.0,20.0,511.0,GOOD SHEPHERD,,WDE3016,31,12,22,8,,57,A
367332950,2022-01-01T00:31:59,30.05765,-89.80205,0.0,20.0,511.0,GOOD SHEPHERD,,WDE3016,31,12,22,8,,57,A
367332950,2022-01-01T00:25:49,30.05765,-89.80203,0.0,20.0,511.0,GOOD SHEPHERD,,WDE3016,31,12,22,8,,57,A
367332950,2022-01-01T00:27:00,30.05765,-89.80202,0.0,20.0,511.0,GOOD SHEPHERD,,WDE3016,31,12,22,8,,57,A
367332950,2022-01-01T00:30:49,30.05765,-89.80202,0.0,20.0,511.0,GOOD SHEPHERD,,WDE3016,31,12,22,8,,57,A
367332950,2022-01-01T00:33:10,30.05765,-89.80205,0.0,20.0,511.0,GOOD SHEPHERD,,WDE3016,31,12,22,8,,57,A
367332950,2022-01-01T00:34:19,30.05765,-89.80205,0.0,20.0,511.0,GOOD SHEPHERD,,WDE3016,31,12,22,8,,57,A
367332950,2022-01-01T00:23:30,30.05765,-89.80202,0.0,20.0,511.0,GOOD SHEPHERD,,WDE3016,31,12,22,8,,57,A
367332950,2022-01-01T00:36:39,30.05765,-89.80205,0.0,20.0,511.0,GOOD SHEPHERD,,WDE3016,31,12,22,8,,57,A
367332950,2022-01-01T00:35:30,30.05765,-89.80205,0.0,20.0,511.0,GOOD SHEPHERD,,WDE3016,31,12,22,8,,57,A
367332950,2022-01-01T00:39:00,30.05765,-89.80205,0.0,20.0,511.0,GOOD SHEPHERD,,WDE3016,31,12,22,8,,57,A
367332950,2022-01-01T00:43:51,30.05765,-89.80205,0.0,20.0,511.0,GOOD SHEPHERD,,WDE3016,31,12,22,8,,57,A
367332950,2022-01-01T00:46:10,30.05765,-89.80203,0.0,20.0,511.0,GOOD SHEPHERD,,WDE3016,31,12,22,8,,57,A
367332950,2022-01-01T00:45:00,30.05765,-89.80205,0.0,20.0,511.0,GOOD SHEPHERD,,WDE3016,31,12,22,8,,57,A
367332950,2022-01-01T00:40:09,30.05765,-89.80205,0.0,20.0,511.0,GOOD SHEPHERD,,WDE3016,31,12,22,8,,57,A
367332950,2022-01-01T00:47:20,30.05765,-89.80205,0.0,20.0,511.0,GOOD SHEPHERD,,WDE3016,31,12,22,8,,57,A
367332950,2022-01-01T00:48:31,30.05765,-89.80205,0.0,20.0,511.0,GOOD SHEPHERD,,WDE3016,31,12,22,8,,57,A
367332950,2022-01-01T00:42:30,30.05765,-89.80205,0.0,20.0,511.0,GOOD SHEPHERD,,WDE3016,31,12,22,8,,57,A
367332950,2022-01-01T00:49:39,30.05765,-89.80205,0.0,20.0,511.0,GOOD SHEPHERD,,WDE3016,31,12,22,8,,57,A
367332950,2022-01-01T00:53:31,30.05765,-89.80205,0.0,20.0,511.0,GOOD SHEPHERD,,WDE3016,31,12,22,8,,57,A
367332950,2022-01-01T00:52:19,30.05765,-89.80202,0.0,20.0,511.0,GOOD SHEPHERD,,WDE3016,31,12,22,8,,57,A
367332950,2022-01-01T00:51:10,30.05765,-89.80202,0.0,20.0,511.0,GOOD SHEPHERD,,WDE3016,31,12,22,8,,57,A
367332950,2022-01-01T00:29:19,30.05765,-89.80205,0.0,20.0,511.0,GOOD SHEPHERD,,WDE3016,31,12,22,8,,57,A
367332950,2022-01-01T00:54:39,30.05765,-89.80202,0.0,20.0,511.0,GOOD SHEPHERD,,WDE3016,31,12,22,8,,57,A
367332950,2022-01-01T00:57:01,30.05765,-89.80205,0.0,20.0,511.0,GOOD SHEPHERD,,WDE3016,31,12,22,8,,57,A
367332950,2022-01-01T00:58:11,30.05765,-89.80205,0.0,20.0,511.0,GOOD SHEPHERD,,WDE3016,31,12,22,8,,57,A
367332950,2022-01-01T01:00:00,30.05765,-89.80205,0.0,20.0,511.0,GOOD SHEPHERD,,WDE3016,31,12,22,8,,57,A
367332950,2022-01-01T01:02:30,30.05765,-89.80205,0.0,20.0,511.0,GOOD SHEPHERD,,WDE3016,31,12,22,8,,57,A
367332950,2022-01-01T01:06:11,30.05767,-89.80200,0.0,52.0,511.0,GOOD SHEPHERD,,WDE3016,31,12,22,8,,57,A
367332950,2022-01-01T01:07:31,30.05768,-89.80202,0.0,52.0,511.0,GOOD SHEPHERD,,WDE3016,31,12,22,8,,57,A
367332950,2022-01-01T01:03:50,30.05765,-89.80203,0.0,20.0,511.0,GOOD SHEPHERD,,WDE3016,31,12,22,8,,57,A
367332950,2022-01-01T01:10:51,30.05768,-89.80202,0.0,319.0,511.0,GOOD SHEPHERD,,WDE3016,31,12,22,8,,57,A
367332950,2022-01-01T00:37:49,30.05765,-89.80205,0.0,20.0,511.0,GOOD SHEPHERD,,WDE3016,31,12,22,8,,57,A
367332950,2022-01-01T01:12:01,30.05768,-89.80203,0.0,319.0,511.0,GOOD SHEPHERD,,WDE3016,31,12,22,8,,57,A
367332950,2022-01-01T01:08:39,30.05767,-89.80202,0.0,52.0,511.0,GOOD SHEPHERD,,WDE3016,31,12,22,8,,57,A
367332950,2022-01-01T01:13:09,30.05768,-89.80203,0.0,319.0,511.0,GOOD SHEPHERD,,WDE3016,31,12,22,8,,57,A
367332950,2022-01-01T00:41:21,30.05765,-89.80205,0.0,20.0,511.0,GOOD SHEPHERD,,WDE3016,31,12,22,8,,57,A
367332950,2022-01-01T01:05:00,30.05767,-89.80203,0.1,51.0,511.0,GOOD SHEPHERD,,WDE3016,31,12,22,8,,57,A
367332950,2022-01-01T01:16:50,30.05768,-89.80203,0.0,319.0,511.0,GOOD SHEPHERD,,WDE3016,31,12,22,8,,57,A
367332950,2022-01-01T01:19:10,30.05768,-89.80200,0.0,319.0,511.0,GOOD SHEPHERD,,WDE3016,31,12,22,8,,57,A
367332950,2022-01-01T01:14:30,30.05768,-89.80203,0.0,319.0,511.0,GOOD SHEPHERD,,WDE3016,31,12,22,8,,57,A
367332950,2022-01-01T01:20:20,30.05768,-89.80200,0.0,319.0,511.0,GOOD SHEPHERD,,WDE3016,31,12,22,8,,57,A
367332950,2022-01-01T01:09:50,30.05767,-89.80202,0.0,52.0,511.0,GOOD SHEPHERD,,WDE3016,31,12,22,8,,57,A
367332950,2022-01-01T01:22:39,30.05768,-89.80200,0.0,319.0,511.0,GOOD SHEPHERD,,WDE3016,31,12,22,8,,57,A
367332950,2022-01-01T01:27:30,30.05768,-89.80200,0.0,319.0,511.0,GOOD SHEPHERD,,WDE3016,31,12,22,8,,57,A
367332950,2022-01-01T01:24:59,30.05768,-89.80200,0.0,319.0,511.0,GOOD SHEPHERD,,WDE3016,31,12,22,8,,57,A
367332950,2022-01-01T01:29:00,30.05768,-89.80203,0.0,319.0,511.0,GOOD SHEPHERD,,WDE3016,31,12,22,8,,57,A
367332950,2022-01-01T01:15:39,30.05768,-89.80200,0.0,319.0,511.0,GOOD SHEPHERD,,WDE3016,31,12,22,8,,57,A
367332950,2022-01-01T01:23:40,30.05768,-89.80200,0.0,319.0,511.0,GOOD SHEPHERD,,WDE3016,31,12,22,8,,57,A
367332950,2022-01-01T01:18:00,30.05768,-89.80203,0.0,319.0,511.0,GOOD SHEPHERD,,WDE3016,31,12,22,8,,57,A
367332950,2022-01-01T01:21:29,30.05768,-89.80202,0.0,319.0,511.0,GOOD SHEPHERD,,WDE3016,31,12,22,8,,57,A
367332950,2022-01-01T01:34:00,30.05768,-89.80200,0.0,319.0,511.0,GOOD SHEPHERD,,WDE3016,31,12,22,8,,57,A
367332950,2022-01-01T01:35:10,30.05768,-89.80203,0.0,319.0,511.0,GOOD SHEPHERD,,WDE3016,31,12,22,8,,57,A
367332950,2022-01-01T01:30:10,30.05768,-89.80203,0.0,319.0,511.0,GOOD SHEPHERD,,WDE3016,31,12,22,8,,57,A
367332950,2022-01-01T01:26:10,30.05768,-89.80203,0.0,319.0,511.0,GOOD SHEPHERD,,WDE3016,31,12,22,8,,57,A
367332950,2022-01-01T01:41:09,30.05768,-89.80202,0.0,319.0,511.0,GOOD SHEPHERD,,WDE3016,31,12,22,8,,57,A
367332950,2022-01-01T01:32:50,30.05768,-89.80200,0.0,319.0,511.0,GOOD SHEPHERD,,WDE3016,31,12,22,8,,57,A
367332950,2022-01-01T00:55:50,30.05765,-89.80205,0.0,20.0,511.0,GOOD SHEPHERD,,WDE3016,31,12,22,8,,57,A
367332950,2022-01-01T01:36:19,30.05768,-89.80200,0.0,319.0,511.0,GOOD SHEPHERD,,WDE3016,31,12,22,8,,57,A
367332950,2022-01-01T01:47:10,30.05768,-89.80203,0.0,319.0,511.0,GOOD SHEPHERD,,WDE3016,31,12,22,8,,57,A
367332950,2022-01-01T00:59:19,30.05765,-89.80203,0.0,20.0,511.0,GOOD SHEPHERD,,WDE3016,31,12,22,8,,57,A
367332950,2022-01-01T01:37:30,30.05768,-89.80202,0.0,319.0,511.0,GOOD SHEPHERD,,WDE3016,31,12,22,8,,57,A
367332950,2022-01-01T01:38:39,30.05768,-89.80200,0.0,319.0,511.0,GOOD SHEPHERD,,WDE3016,31,12,22,8,,57,A
367332950,2022-01-01T01:42:20,30.05768,-89.80200,0.0,319.0,511.0,GOOD SHEPHERD,,WDE3016,31,12,22,8,,57,A
367332950,2022-01-01T01:50:39,30.05768,-89.80203,0.0,319.0,511.0,GOOD SHEPHERD,,WDE3016,31,12,22,8,,57,A
367332950,2022-01-01T01:43:30,30.05768,-89.80203,0.0,319.0,511.0,GOOD SHEPHERD,,WDE3016,31,12,22,8,,57,A
367332950,2022-01-01T01:44:39,30.05768,-89.80203,0.0,319.0,511.0,GOOD SHEPHERD,,WDE3016,31,12,22,8,,57,A
367332950,2022-01-01T01:48:19,30.05768,-89.80203,0.0,319.0,511.0,GOOD SHEPHERD,,WDE3016,31,12,22,8,,57,A
367332950,2022-01-01T01:52:49,30.05768,-89.80203,0.0,319.0,511.0,GOOD SHEPHERD,,WDE3016,31,12,22,8,,57,A
367332950,2022-01-01T01:53:59,30.05768,-89.80203,0.0,319.0,511.0,GOOD SHEPHERD,,WDE3016,31,12,22,8,,57,A
367332950,2022-01-01T01:51:40,30.05768,-89.80203,0.0,319.0,511.0,GOOD SHEPHERD,,WDE3016,31,12,22,8,,57,A
367332950,2022-01-01T01:58:49,30.05768,-89.80202,0.0,319.0,511.0,GOOD SHEPHERD,,WDE3016,31,12,22,8,,57,A
367332950,2022-01-01T01:49:30,30.05768,-89.80203,0.0,319.0,511.0,GOOD SHEPHERD,,WDE3016,31,12,22,8,,57,A
367332950,2022-01-01T01:56:30,30.05768,-89.80202,0.0,319.0,511.0,GOOD SHEPHERD,,WDE3016,31,12,22,8,,57,A
367332950,2022-01-01T01:55:20,30.05768,-89.80200,0.0,319.0,511.0,GOOD SHEPHERD,,WDE3016,31,12,22,8,,57,A
367332950,2022-01-01T01:45:50,30.05768,-89.80203,0.0,319.0,511.0,GOOD SHEPHERD,,WDE3016,31,12,22,8,,57,A
367332950,2022-01-01T02:03:50,30.05768,-89.80200,0.0,319.0,511.0,GOOD SHEPHERD,,WDE3016,31,12,22,8,,57,A
367332950,2022-01-01T01:57:39,30.05768,-89.80202,0.0,319.0,511.0,GOOD SHEPHERD,,WDE3016,31,12,22,8,,57,A
367332950,2022-01-01T02:00:00,30.05767,-89.80202,0.0,319.0,511.0,GOOD SHEPHERD,,WDE3016,31,12,22,8,,57,A
367332950,2022-01-01T02:06:09,30.05768,-89.80200,0.0,319.0,511.0,GOOD SHEPHERD,,WDE3016,31,12,22,8,,57,A
367332950,2022-01-01T02:07:50,30.05767,-89.80203,0.0,319.0,511.0,GOOD SHEPHERD,,WDE3016,31,12,22,8,,57,A
367332950,2022-01-01T02:00:00,30.05767,-89.80202,0.0,319.0,511.0,GOOD SHEPHERD,,WDE3016,31,12,22,8,,57,A
367332950,2022-01-01T02:02:20,30.05767,-89.80200,0.0,319.0,511.0,GOOD SHEPHERD,,WDE3016,31,12,22,8,,57,A
367332950,2022-01-01T02:09:01,30.05767,-89.80203,0.0,319.0,511.0,GOOD SHEPHERD,,WDE3016,31,12,22,8,,57,A
367332950,2022-01-01T02:15:40,30.05768,-89.80200,0.0,319.0,511.0,GOOD SHEPHERD,,WDE3016,31,12,22,8,,57,A
367332950,2022-01-01T02:18:00,30.05768,-89.80200,0.0,319.0,511.0,GOOD SHEPHERD,,WDE3016,31,12,22,8,,57,A
367332950,2022-01-01T02:04:59,30.05767,-89.80203,0.0,319.0,511.0,GOOD SHEPHERD,,WDE3016,31,12,22,8,,57,A
367332950,2022-01-01T02:16:50,30.05768,-89.80200,0.0,319.0,511.0,GOOD SHEPHERD,,WDE3016,31,12,22,8,,57,A
367332950,2022-01-01T02:10:10,30.05765,-89.80200,0.0,319.0,511.0,GOOD SHEPHERD,,WDE3016,31,12,22,8,,57,A
367332950,2022-01-01T02:23:00,30.05767,-89.80200,0.0,319.0,511.0,GOOD SHEPHERD,,WDE3016,31,12,22,8,,57,A
367332950,2022-01-01T02:12:40,30.05768,-89.80203,0.0,319.0,511.0,GOOD SHEPHERD,,WDE3016,31,12,22,8,,57,A
367332950,2022-01-01T02:28:00,30.05767,-89.80200,0.0,319.0,511.0,GOOD SHEPHERD,,WDE3016,31,12,22,8,,57,A
367332950,2022-01-01T02:21:49,30.05767,-89.80200,0.0,319.0,511.0,GOOD SHEPHERD,,WDE3016,31,12,22,8,,57,A
367332950,2022-01-01T02:29:31,30.05768,-89.80202,0.0,319.0,511.0,GOOD SHEPHERD,,WDE3016,31,12,22,8,,57,A
367332950,2022-01-01T02:30:50,30.05767,-89.80203,0.0,319.0,511.0,GOOD SHEPHERD,,WDE3016,31,12,22,8,,57,A
367332950,2022-01-01T02:31:59,30.05768,-89.80203,0.0,319.0,511.0,GOOD SHEPHERD,,WDE3016,31,12,22,8,,57,A
367332950,2022-01-01T02:26:39,30.05767,-89.80200,0.0,319.0,511.0,GOOD SHEPHERD,,WDE3016,31,12,22,8,,57,A
367332950,2022-01-01T02:20:30,30.05768,-89.80202,0.0,319.0,511.0,GOOD SHEPHERD,,WDE3016,31,12,22,8,,57,A
367332950,2022-01-01T02:35:41,30.05767,-89.80202,0.0,319.0,511.0,GOOD SHEPHERD,,WDE3016,31,12,22,8,,57,A
367332950,2022-01-01T02:24:10,30.05767,-89.80202,0.0,319.0,511.0,GOOD SHEPHERD,,WDE3016,31,12,22,8,,57,A
367332950,2022-01-01T02:25:29,30.05767,-89.80202,0.0,319.0,511.0,GOOD SHEPHERD,,WDE3016,31,12,22,8,,57,A
367332950,2022-01-01T02:34:30,30.05768,-89.80203,0.0,319.0,511.0,GOOD SHEPHERD,,WDE3016,31,12,22,8,,57,A
367332950,2022-01-01T02:42:41,30.05767,-89.80202,0.0,319.0,511.0,GOOD SHEPHERD,,WDE3016,31,12,22,8,,57,A
367332950,2022-01-01T02:36:49,30.05768,-89.80202,0.0,319.0,511.0,GOOD SHEPHERD,,WDE3016,31,12,22,8,,57,A
367332950,2022-01-01T02:33:10,30.05768,-89.80203,0.0,319.0,511.0,GOOD SHEPHERD,,WDE3016,31,12,22,8,,57,A
367332950,2022-01-01T02:37:59,30.05768,-89.80200,0.0,319.0,511.0,GOOD SHEPHERD,,WDE3016,31,12,22,8,,57,A
367332950,2022-01-01T02:40:30,30.05768,-89.80200,0.0,319.0,511.0,GOOD SHEPHERD,,WDE3016,31,12,22,8,,57,A
367332950,2022-01-01T02:45:20,30.05767,-89.80202,0.0,319.0,511.0,GOOD SHEPHERD,,WDE3016,31,12,22,8,,57,A
367332950,2022-01-01T02:43:50,30.05767,-89.80202,0.0,319.0,511.0,GOOD SHEPHERD,,WDE3016,31,12,22,8,,57,A
367332950,2022-01-01T02:39:20,30.05767,-89.80202,0.0,319.0,511.0,GOOD SHEPHERD,,WDE3016,31,12,22,8,,57,A
367332950,2022-01-01T02:56:19,30.05767,-89.80202,0.0,319.0,511.0,GOOD SHEPHERD,,WDE3016,31,12,22,8,,57,A
367332950,2022-01-01T02:51:31,30.05767,-89.80200,0.0,319.0,511.0,GOOD SHEPHERD,,WDE3016,31,12,22,8,,57,A
367332950,2022-01-01T02:47:41,30.05767,-89.80202,0.0,319.0,511.0,GOOD SHEPHERD,,WDE3016,31,12,22,8,,57,A
367332950,2022-01-01T02:50:19,30.05767,-89.80200,0.0,319.0,511.0,GOOD SHEPHERD,,WDE3016,31,12,22,8,,57,A
367332950,2022-01-01T02:49:11,30.05767,-89.80202,0.0,319.0,511.0,GOOD SHEPHERD,,WDE3016,31,12,22,8,,57,A
367332950,2022-01-01T02:57:30,30.05768,-89.80198,0.0,319.0,511.0,GOOD SHEPHERD,,WDE3016,31,12,22,8,,57,A
367332950,2022-01-01T02:52:40,30.05767,-89.80203,0.0,319.0,511.0,GOOD SHEPHERD,,WDE3016,31,12,22,8,,57,A
367332950,2022-01-01T03:02:41,30.05768,-89.80203,0.0,319.0,511.0,GOOD SHEPHERD,,WDE3016,31,12,22,8,,57,A
367332950,2022-01-01T03:08:49,30.05768,-89.80200,0.0,319.0,511.0,GOOD SHEPHERD,,WDE3016,31,12,22,8,,57,A
367332950,2022-01-01T03:03:49,30.05768,-89.80202,0.0,319.0,511.0,GOOD SHEPHERD,,WDE3016,31,12,22,8,,57,A
367332950,2022-01-01T01:31:29,30.05768,-89.80200,0.0,319.0,511.0,GOOD SHEPHERD,,WDE3016,31,12,22,8,,57,A
367332950,2022-01-01T02:54:00,30.05767,-89.80202,0.0,319.0,511.0,GOOD SHEPHERD,,WDE3016,31,12,22,8,,57,A
367332950,2022-01-01T03:12:19,30.05768,-89.80200,0.0,319.0,511.0,GOOD SHEPHERD,,WDE3016,31,12,22,8,,57,A
367332950,2022-01-01T03:18:20,30.05768,-89.80203,0.0,319.0,511.0,GOOD SHEPHERD,,WDE3016,31,12,22,8,,57,A
367332950,2022-01-01T03:07:40,30.05768,-89.80202,0.0,319.0,511.0,GOOD SHEPHERD,,WDE3016,31,12,22,8,,57,A
367332950,2022-01-01T01:39:59,30.05768,-89.80202,0.0,319.0,511.0,GOOD SHEPHERD,,WDE3016,31,12,22,8,,57,A
367332950,2022-01-01T03:20:39,30.05768,-89.80202,0.0,319.0,511.0,GOOD SHEPHERD,,WDE3016,31,12,22,8,,57,A
367332950,2022-01-01T03:05:00,30.05768,-89.80202,0.0,319.0,511.0,GOOD SHEPHERD,,WDE3016,31,12,22,8,,57,A
367332950,2022-01-01T03:13:40,30.05768,-89.80203,0.0,319.0,511.0,GOOD SHEPHERD,,WDE3016,31,12,22,8,,57,A
367332950,2022-01-01T03:06:19,30.05768,-89.80202,0.0,319.0,511.0,GOOD SHEPHERD,,WDE3016,31,12,22,8,,57,A
367332950,2022-01-01T03:17:19,30.05768,-89.80200,0.0,319.0,511.0,GOOD SHEPHERD,,WDE3016,31,12,22,8,,57,A
367332950,2022-01-01T03:10:00,30.05768,-89.80200,0.0,319.0,511.0,GOOD SHEPHERD,,WDE3016,31,12,22,8,,57,A
367332950,2022-01-01T03:19:31,30.05768,-89.80203,0.0,319.0,511.0,GOOD SHEPHERD,,WDE3016,31,12,22,8,,57,A
367332950,2022-01-01T03:26:51,30.05768,-89.80200,0.0,319.0,511.0,GOOD SHEPHERD,,WDE3016,31,12,22,8,,57,A
367332950,2022-01-01T03:16:10,30.05768,-89.80200,0.0,319.0,511.0,GOOD SHEPHERD,,WDE3016,31,12,22,8,,57,A
367332950,2022-01-01T03:28:00,30.05768,-89.80200,0.0,319.0,511.0,GOOD SHEPHERD,,WDE3016,31,12,22,8,,57,A
367332950,2022-01-01T03:11:10,30.05768,-89.80200,0.0,319.0,511.0,GOOD SHEPHERD,,WDE3016,31,12,22,8,,57,A
367332950,2022-01-01T03:24:30,30.05768,-89.80200,0.0,319.0,511.0,GOOD SHEPHERD,,WDE3016,31,12,22,8,,57,A
367332950,2022-01-01T03:25:39,30.05768,-89.80200,0.0,319.0,511.0,GOOD SHEPHERD,,WDE3016,31,12,22,8,,57,A
367332950,2022-01-01T03:29:20,30.05767,-89.80203,0.0,319.0,511.0,GOOD SHEPHERD,,WDE3016,31,12,22,8,,57,A
367332950,2022-01-01T03:34:19,30.05768,-89.80200,0.0,319.0,511.0,GOOD SHEPHERD,,WDE3016,31,12,22,8,,57,A
367332950,2022-01-01T03:32:00,30.05768,-89.80200,0.0,319.0,511.0,GOOD SHEPHERD,,WDE3016,31,12,22,8,,57,A
367332950,2022-01-01T03:37:50,30.05768,-89.80200,0.0,319.0,511.0,GOOD SHEPHERD,,WDE3016,31,12,22,8,,57,A
367332950,2022-01-01T03:36:39,30.05768,-89.80200,0.0,319.0,511.0,GOOD SHEPHERD,,WDE3016,31,12,22,8,,57,A
367332950,2022-01-01T03:23:20,30.05768,-89.80202,0.0,319.0,511.0,GOOD SHEPHERD,,WDE3016,31,12,22,8,,57,A
367332950,2022-01-01T03:48:40,30.05768,-89.80202,0.0,319.0,511.0,GOOD SHEPHERD,,WDE3016,31,12,22,8,,57,A
367332950,2022-01-01T03:43:49,30.05768,-89.80202,0.0,319.0,511.0,GOOD SHEPHERD,,WDE3016,31,12,22,8,,57,A
367332950,2022-01-01T03:50:01,30.05768,-89.80202,0.0,319.0,511.0,GOOD SHEPHERD,,WDE3016,31,12,22,8,,57,A
367332950,2022-01-01T03:40:21,30.05768,-89.80203,0.0,319.0,511.0,GOOD SHEPHERD,,WDE3016,31,12,22,8,,57,A
367332950,2022-01-01T03:35:31,30.05768,-89.80200,0.0,319.0,511.0,GOOD SHEPHERD,,WDE3016,31,12,22,8,,57,A
367332950,2022-01-01T03:47:29,30.05768,-89.80202,0.0,319.0,511.0,GOOD SHEPHERD,,WDE3016,31,12,22,8,,57,A
367332950,2022-01-01T03:42:41,30.05768,-89.80202,0.0,319.0,511.0,GOOD SHEPHERD,,WDE3016,31,12,22,8,,57,A
367332950,2022-01-01T03:53:39,30.05768,-89.80200,0.0,319.0,511.0,GOOD SHEPHERD,,WDE3016,31,12,22,8,,57,A
367332950,2022-01-01T03:51:10,30.05768,-89.80202,0.0,319.0,511.0,GOOD SHEPHERD,,WDE3016,31,12,22,8,,57,A
367332950,2022-01-01T03:56:11,30.05768,-89.80200,0.0,319.0,511.0,GOOD SHEPHERD,,WDE3016,31,12,22,8,,57,A
367332950,2022-01-01T02:01:09,30.05768,-89.80202,0.0,319.0,511.0,GOOD SHEPHERD,,WDE3016,31,12,22,8,,57,A
367332950,2022-01-01T04:06:20,30.05770,-89.80202,0.0,319.0,511.0,GOOD SHEPHERD,,WDE3016,31,12,22,8,,57,A
367332950,2022-01-01T03:46:19,30.05768,-89.80202,0.0,319.0,511.0,GOOD SHEPHERD,,WDE3016,31,12,22,8,,57,A
367332950,2022-01-01T04:01:49,30.05770,-89.80202,0.0,319.0,511.0,GOOD SHEPHERD,,WDE3016,31,12,22,8,,57,A
367332950,2022-01-01T04:09:40,30.05770,-89.80202,0.0,319.0,511.0,GOOD SHEPHERD,,WDE3016,31,12,22,8,,57,A
367332950,2022-01-01T04:05:11,30.05770,-89.80202,0.0,319.0,511.0,GOOD SHEPHERD,,WDE3016,31,12,22,8,,57,A
367332950,2022-01-01T04:10:49,30.05770,-89.80202,0.0,319.0,511.0,GOOD SHEPHERD,,WDE3016,31,12,22,8,,57,A
367332950,2022-01-01T03:55:00,30.05768,-89.80202,0.0,319.0,511.0,GOOD SHEPHERD,,WDE3016,31,12,22,8,,57,A
367332950,2022-01-01T04:11:50,30.05770,-89.80202,0.0,319.0,511.0,GOOD SHEPHERD,,WDE3016,31,12,22,8,,57,A
367332950,2022-01-01T03:52:30,30.05768,-89.80202,0.0,319.0,511.0,GOOD SHEPHERD,,WDE3016,31,12,22,8,,57,A
367332950,2022-01-01T04:13:01,30.05768,-89.80202,0.0,319.0,511.0,GOOD SHEPHERD,,WDE3016,31,12,22,8,,57,A
367332950,2022-01-01T04:07:29,30.05770,-89.80202,0.0,319.0,511.0,GOOD SHEPHERD,,WDE3016,31,12,22,8,,57,A
367332950,2022-01-01T04:08:30,30.05770,-89.80202,0.0,319.0,511.0,GOOD SHEPHERD,,WDE3016,31,12,22,8,,57,A
367332950,2022-01-01T03:58:39,30.05770,-89.80202,0.0,319.0,511.0,GOOD SHEPHERD,,WDE3016,31,12,22,8,,57,A
367332950,2022-01-01T04:14:10,30.05768,-89.80202,0.0,319.0,511.0,GOOD SHEPHERD,,WDE3016,31,12,22,8,,57,A
367332950,2022-01-01T02:11:19,30.05767,-89.80203,0.0,319.0,511.0,GOOD SHEPHERD,,WDE3016,31,12,22,8,,57,A
367332950,2022-01-01T04:04:10,30.05770,-89.80202,0.0,319.0,511.0,GOOD SHEPHERD,,WDE3016,31,12,22,8,,57,A
367332950,2022-01-01T04:00:00,30.05770,-89.80202,0.0,319.0,511.0,GOOD SHEPHERD,,WDE3016,31,12,22,8,,57,A
367332950,2022-01-01T04:15:19,30.05770,-89.80202,0.0,319.0,511.0,GOOD SHEPHERD,,WDE3016,31,12,22,8,,57,A
367332950,2022-01-01T04:21:10,30.05768,-89.80202,0.0,319.0,511.0,GOOD SHEPHERD,,WDE3016,31,12,22,8,,57,A
367332950,2022-01-01T04:27:01,30.05768,-89.80202,0.0,319.0,511.0,GOOD SHEPHERD,,WDE3016,31,12,22,8,,57,A
367332950,2022-01-01T04:02:59,30.05770,-89.80202,0.0,319.0,511.0,GOOD SHEPHERD,,WDE3016,31,12,22,8,,57,A
367332950,2022-01-01T04:18:50,30.05768,-89.80202,0.0,319.0,511.0,GOOD SHEPHERD,,WDE3016,31,12,22,8,,57,A
367332950,2022-01-01T04:23:31,30.05768,-89.80202,0.0,319.0,511.0,GOOD SHEPHERD,,WDE3016,31,12,22,8,,57,A
367332950,2022-01-01T04:33:51,30.05768,-89.80202,0.0,319.0,511.0,GOOD SHEPHERD,,WDE3016,31,12,22,8,,57,A
367332950,2022-01-01T04:22:19,30.05768,-89.80202,0.0,319.0,511.0,GOOD SHEPHERD,,WDE3016,31,12,22,8,,57,A
367332950,2022-01-01T04:28:19,30.05768,-89.80202,0.0,319.0,511.0,GOOD SHEPHERD,,WDE3016,31,12,22,8,,57,A
367332950,2022-01-01T04:24:40,30.05768,-89.80202,0.0,319.0,511.0,GOOD SHEPHERD,,WDE3016,31,12,22,8,,57,A
367332950,2022-01-01T02:14:19,30.05768,-89.80203,0.0,319.0,511.0,GOOD SHEPHERD,,WDE3016,31,12,22,8,,57,A
367332950,2022-01-01T04:40:59,30.05768,-89.80202,0.0,319.0,511.0,GOOD SHEPHERD,,WDE3016,31,12,22,8,,57,A
367332950,2022-01-01T04:31:39,30.05768,-89.80202,0.0,319.0,511.0,GOOD SHEPHERD,,WDE3016,31,12,22,8,,57,A
367332950,2022-01-01T04:20:00,30.05768,-89.80202,0.0,319.0,511.0,GOOD SHEPHERD,,WDE3016,31,12,22,8,,57,A
367332950,2022-01-01T04:36:10,30.05768,-89.80202,0.0,319.0,511.0,GOOD SHEPHERD,,WDE3016,31,12,22,8,,57,A
367332950,2022-01-01T04:37:20,30.05768,-89.80202,0.0,319.0,511.0,GOOD SHEPHERD,,WDE3016,31,12,22,8,,57,A
367332950,2022-01-01T04:35:09,30.05768,-89.80202,0.0,319.0,511.0,GOOD SHEPHERD,,WDE3016,31,12,22,8,,57,A
367332950,2022-01-01T04:30:31,30.05768,-89.80202,0.0,319.0,511.0,GOOD SHEPHERD,,WDE3016,31,12,22,8,,57,A
367332950,2022-01-01T04:25:51,30.05768,-89.80202,0.0,319.0,511.0,GOOD SHEPHERD,,WDE3016,31,12,22,8,,57,A
367332950,2022-01-01T02:19:21,30.05768,-89.80200,0.0,319.0,511.0,GOOD SHEPHERD,,WDE3016,31,12,22,8,,57,A
367332950,2022-01-01T04:32:50,30.05768,-89.80202,0.0,319.0,511.0,GOOD SHEPHERD,,WDE3016,31,12,22,8,,57,A
367332950,2022-01-01T04:29:30,30.05768,-89.80202,0.0,319.0,511.0,GOOD SHEPHERD,,WDE3016,31,12,22,8,,57,A
367332950,2022-01-01T04:45:49,30.05768,-89.80198,0.0,319.0,511.0,GOOD SHEPHERD,,WDE3016,31,12,22,8,,57,A
367332950,2022-01-01T04:44:39,30.05768,-89.80202,0.0,319.0,511.0,GOOD SHEPHERD,,WDE3016,31,12,22,8,,57,A
367332950,2022-01-01T04:49:40,30.05770,-89.80198,0.0,319.0,511.0,GOOD SHEPHERD,,WDE3016,31,12,22,8,,57,A
367332950,2022-01-01T04:42:10,30.05768,-89.80202,0.0,319.0,511.0,GOOD SHEPHERD,,WDE3016,31,12,22,8,,57,A
367332950,2022-01-01T04:39:39,30.05768,-89.80202,0.0,319.0,511.0,GOOD SHEPHERD,,WDE3016,31,12,22,8,,57,A
367332950,2022-01-01T04:52:10,30.05768,-89.80198,0.0,319.0,511.0,GOOD SHEPHERD,,WDE3016,31,12,22,8,,57,A
367332950,2022-01-01T04:43:30,30.05768,-89.80202,0.0,319.0,511.0,GOOD SHEPHERD,,WDE3016,31,12,22,8,,57,A
367332950,2022-01-01T04:56:10,30.05768,-89.80202,0.0,319.0,511.0,GOOD SHEPHERD,,WDE3016,31,12,22,8,,57,A
367332950,2022-01-01T05:08:49,30.05768,-89.80198,0.0,319.0,511.0,GOOD SHEPHERD,,WDE3016,31,12,22,8,,57,A
367332950,2022-01-01T04:48:30,30.05768,-89.80198,0.0,319.0,511.0,GOOD SHEPHERD,,WDE3016,31,12,22,8,,57,A
367332950,2022-01-01T04:53:19,30.05768,-89.80202,0.0,319.0,511.0,GOOD SHEPHERD,,WDE3016,31,12,22,8,,57,A
367332950,2022-01-01T04:50:59,30.05768,-89.80198,0.0,319.0,511.0,GOOD SHEPHERD,,WDE3016,31,12,22,8,,57,A
367332950,2022-01-01T04:58:30,30.05768,-89.80198,0.0,319.0,511.0,GOOD SHEPHERD,,WDE3016,31,12,22,8,,57,A
367332950,2022-01-01T05:05:20,30.05767,-89.80200,0.0,319.0,511.0,GOOD SHEPHERD,,WDE3016,31,12,22,8,,57,A
367332950,2022-01-01T05:01:41,30.05768,-89.80202,0.0,319.0,511.0,GOOD SHEPHERD,,WDE3016,31,12,22,8,,57,A
367332950,2022-01-01T04:57:19,30.05768,-89.80198,0.0,319.0,511.0,GOOD SHEPHERD,,WDE3016,31,12,22,8,,57,A
367332950,2022-01-01T05:21:39,30.05768,-89.80200,0.0,319.0,511.0,GOOD SHEPHERD,,WDE3016,31,12,22,8,,57,A
367332950,2022-01-01T05:00:01,30.05768,-89.80202,0.0,319.0,511.0,GOOD SHEPHERD,,WDE3016,31,12,22,8,,57,A
367332950,2022-01-01T05:02:51,30.05768,-89.80202,0.0,319.0,511.0,GOOD SHEPHERD,,WDE3016,31,12,22,8,,57,A
367332950,2022-01-01T05:13:00,30.05768,-89.80198,0.0,319.0,511.0,GOOD SHEPHERD,,WDE3016,31,12,22,8,,57,A
367332950,2022-01-01T05:11:49,30.05768,-89.80200,0.0,319.0,511.0,GOOD SHEPHERD,,WDE3016,31,12,22,8,,57,A
367332950,2022-01-01T05:06:31,30.05768,-89.80200,0.0,319.0,511.0,GOOD SHEPHERD,,WDE3016,31,12,22,8,,57,A
367332950,2022-01-01T05:16:49,30.05768,-89.80200,0.0,319.0,511.0,GOOD SHEPHERD,,WDE3016,31,12,22,8,,57,A
367332950,2022-01-01T05:15:39,30.05768,-89.80200,0.0,319.0,511.0,GOOD SHEPHERD,,WDE3016,31,12,22,8,,57,A
367332950,2022-01-01T05:18:01,30.05768,-89.80200,0.0,319.0,511.0,GOOD SHEPHERD,,WDE3016,31,12,22,8,,57,A
367332950,2022-01-01T05:10:41,30.05768,-89.80198,0.0,319.0,511.0,GOOD SHEPHERD,,WDE3016,31,12,22,8,,57,A
367332950,2022-01-01T05:19:10,30.05768,-89.80197,0.0,319.0,511.0,GOOD SHEPHERD,,WDE3016,31,12,22,8,,57,A
367332950,2022-01-01T05:22:49,30.05768,-89.80200,0.0,319.0,511.0,GOOD SHEPHERD,,WDE3016,31,12,22,8,,57,A
367332950,2022-01-01T05:14:30,30.05768,-89.80200,0.0,319.0,511.0,GOOD SHEPHERD,,WDE3016,31,12,22,8,,57,A
367332950,2022-01-01T02:41:31,30.05768,-89.80202,0.0,319.0,511.0,GOOD SHEPHERD,,WDE3016,31,12,22,8,,57,A
367332950,2022-01-01T05:24:00,30.05768,-89.80200,0.0,319.0,511.0,GOOD SHEPHERD,,WDE3016,31,12,22,8,,57,A
367332950,2022-01-01T05:26:20,30.05768,-89.80202,0.0,319.0,511.0,GOOD SHEPHERD,,WDE3016,31,12,22,8,,57,A
367332950,2022-01-01T05:27:31,30.05768,-89.80200,0.0,319.0,511.0,GOOD SHEPHERD,,WDE3016,31,12,22,8,,57,A
367332950,2022-01-01T05:32:39,30.05768,-89.80198,0.0,319.0,511.0,GOOD SHEPHERD,,WDE3016,31,12,22,8,,57,A
367332950,2022-01-01T05:46:10,30.05768,-89.80200,0.0,319.0,511.0,GOOD SHEPHERD,,WDE3016,31,12,22,8,,57,A
367332950,2022-01-01T05:34:59,30.05768,-89.80200,0.0,319.0,511.0,GOOD SHEPHERD,,WDE3016,31,12,22,8,,57,A
367332950,2022-01-01T05:29:59,30.05767,-89.80198,0.0,319.0,511.0,GOOD SHEPHERD,,WDE3016,31,12,22,8,,57,A
367332950,2022-01-01T05:37:20,30.05768,-89.80198,0.0,319.0,511.0,GOOD SHEPHERD,,WDE3016,31,12,22,8,,57,A
367332950,2022-01-01T05:38:49,30.05768,-89.80198,0.0,319.0,511.0,GOOD SHEPHERD,,WDE3016,31,12,22,8,,57,A
367332950,2022-01-01T02:46:31,30.05767,-89.80200,0.0,319.0,511.0,GOOD SHEPHERD,,WDE3016,31,12,22,8,,57,A
367332950,2022-01-01T05:31:10,30.05768,-89.80198,0.0,319.0,511.0,GOOD SHEPHERD,,WDE3016,31,12,22,8,,57,A
367332950,2022-01-01T05:45:01,30.05768,-89.80202,0.0,319.0,511.0,GOOD SHEPHERD,,WDE3016,31,12,22,8,,57,A
367332950,2022-01-01T05:42:39,30.05768,-89.80202,0.0,319.0,511.0,GOOD SHEPHERD,,WDE3016,31,12,22,8,,57,A
367332950,2022-01-01T05:33:49,30.05768,-89.80198,0.0,319.0,511.0,GOOD SHEPHERD,,WDE3016,31,12,22,8,,57,A
367332950,2022-01-01T05:36:09,30.05768,-89.80200,0.0,319.0,511.0,GOOD SHEPHERD,,WDE3016,31,12,22,8,,57,A
367332950,2022-01-01T05:48:40,30.05768,-89.80200,0.0,319.0,511.0,GOOD SHEPHERD,,WDE3016,31,12,22,8,,57,A
367332950,2022-01-01T05:47:29,30.05768,-89.80198,0.0,319.0,511.0,GOOD SHEPHERD,,WDE3016,31,12,22,8,,57,A
367332950,2022-01-01T05:41:29,30.05768,-89.80198,0.0,319.0,511.0,GOOD SHEPHERD,,WDE3016,31,12,22,8,,57,A
367332950,2022-01-01T05:53:39,30.05768,-89.80198,0.0,319.0,511.0,GOOD SHEPHERD,,WDE3016,31,12,22,8,,57,A
367332950,2022-01-01T05:52:29,30.05768,-89.80198,0.0,319.0,511.0,GOOD SHEPHERD,,WDE3016,31,12,22,8,,57,A
367332950,2022-01-01T05:59:00,30.05768,-89.80198,0.0,319.0,511.0,GOOD SHEPHERD,,WDE3016,31,12,22,8,,57,A
367332950,2022-01-01T02:55:09,30.05767,-89.80202,0.0,319.0,511.0,GOOD SHEPHERD,,WDE3016,31,12,22,8,,57,A
367332950,2022-01-01T06:00:00,30.05768,-89.80198,0.0,319.0,511.0,GOOD SHEPHERD,,WDE3016,31,12,22,8,,57,A
367332950,2022-01-01T02:58:41,30.05768,-89.80202,0.0,319.0,511.0,GOOD SHEPHERD,,WDE3016,31,12,22,8,,57,A
367332950,2022-01-01T06:06:40,30.05770,-89.80198,0.0,319.0,511.0,GOOD SHEPHERD,,WDE3016,31,12,22,8,,57,A
367332950,2022-01-01T05:49:41,30.05768,-89.80200,0.0,319.0,511.0,GOOD SHEPHERD,,WDE3016,31,12,22,8,,57,A
367332950,2022-01-01T06:22:59,30.05768,-89.80200,0.0,319.0,511.0,GOOD SHEPHERD,,WDE3016,31,12,22,8,,57,A
367332950,2022-01-01T03:00:00,30.05768,-89.80202,0.0,319.0,511.0,GOOD SHEPHERD,,WDE3016,31,12,22,8,,57,A
367332950,2022-01-01T06:07:51,30.05770,-89.80198,0.0,319.0,511.0,GOOD SHEPHERD,,WDE3016,31,12,22,8,,57,A
367332950,2022-01-01T06:05:30,30.05768,-89.80198,0.0,319.0,511.0,GOOD SHEPHERD,,WDE3016,31,12,22,8,,57,A
367332950,2022-01-01T05:57:39,30.05768,-89.80198,0.0,319.0,511.0,GOOD SHEPHERD,,WDE3016,31,12,22,8,,57,A
367332950,2022-01-01T06:31:20,30.05768,-89.80198,0.0,319.0,511.0,GOOD SHEPHERD,,WDE3016,31,12,22,8,,57,A
367332950,2022-01-01T06:08:59,30.05768,-89.80202,0.0,319.0,511.0,GOOD SHEPHERD,,WDE3016,31,12,22,8,,57,A
367332950,2022-01-01T06:10:09,30.05768,-89.80202,0.0,319.0,511.0,GOOD SHEPHERD,,WDE3016,31,12,22,8,,57,A
367332950,2022-01-01T06:34:50,30.05768,-89.80202,0.0,319.0,511.0,GOOD SHEPHERD,,WDE3016,31,12,22,8,,57,A
367332950,2022-01-01T06:19:30,30.05768,-89.80200,0.0,319.0,511.0,GOOD SHEPHERD,,WDE3016,31,12,22,8,,57,A
367332950,2022-01-01T06:20:39,30.05768,-89.80198,0.0,319.0,511.0,GOOD SHEPHERD,,WDE3016,31,12,22,8,,57,A
367332950,2022-01-01T06:13:59,30.05768,-89.80202,0.0,319.0,511.0,GOOD SHEPHERD,,WDE3016,31,12,22,8,,57,A
367332950,2022-01-01T06:30:10,30.05768,-89.80198,0.0,319.0,511.0,GOOD SHEPHERD,,WDE3016,31,12,22,8,,57,A
367332950,2022-01-01T06:48:59,30.05768,-89.80198,0.0,319.0,511.0,GOOD SHEPHERD,,WDE3016,31,12,22,8,,57,A
367332950,2022-01-01T06:25:19,30.05768,-89.80198,0.0,319.0,511.0,GOOD SHEPHERD,,WDE3016,31,12,22,8,,57,A
367332950,2022-01-01T06:27:50,30.05768,-89.80198,0.0,319.0,511.0,GOOD SHEPHERD,,WDE3016,31,12,22,8,,57,A
367332950,2022-01-01T06:18:20,30.05768,-89.80198,0.0,319.0,511.0,GOOD SHEPHERD,,WDE3016,31,12,22,8,,57,A
367332950,2022-01-01T06:12:49,30.05768,-89.80202,0.0,319.0,511.0,GOOD SHEPHERD,,WDE3016,31,12,22,8,,57,A
367332950,2022-01-01T06:26:41,30.05768,-89.80198,0.0,319.0,511.0,GOOD SHEPHERD,,WDE3016,31,12,22,8,,57,A
367332950,2022-01-01T06:28:59,30.05768,-89.80202,0.0,319.0,511.0,GOOD SHEPHERD,,WDE3016,31,12,22,8,,57,A
367332950,2022-01-01T06:32:29,30.05768,-89.80200,0.0,319.0,511.0,GOOD SHEPHERD,,WDE3016,31,12,22,8,,57,A
367332950,2022-01-01T07:01:40,30.05768,-89.80202,0.0,319.0,511.0,GOOD SHEPHERD,,WDE3016,31,12,22,8,,57,A
367332950,2022-01-01T03:14:41,30.05768,-89.80200,0.0,319.0,511.0,GOOD SHEPHERD,,WDE3016,31,12,22,8,,57,A
367332950,2022-01-01T06:39:00,30.05768,-89.80198,0.0,319.0,511.0,GOOD SHEPHERD,,WDE3016,31,12,22,8,,57,A
367332950,2022-01-01T06:43:10,30.05770,-89.80203,0.0,319.0,511.0,GOOD SHEPHERD,,WDE3016,31,12,22,8,,57,A
367332950,2022-01-01T06:44:11,30.05768,-89.80200,0.0,319.0,511.0,GOOD SHEPHERD,,WDE3016,31,12,22,8,,57,A
367332950,2022-01-01T06:21:50,30.05768,-89.80200,0.0,319.0,511.0,GOOD SHEPHERD,,WDE3016,31,12,22,8,,57,A
367332950,2022-01-01T07:10:50,30.05768,-89.80202,0.0,319.0,511.0,GOOD SHEPHERD,,WDE3016,31,12,22,8,,57,A
367332950,2022-01-01T06:46:40,30.05768,-89.80202,0.0,319.0,511.0,GOOD SHEPHERD,,WDE3016,31,12,22,8,,57,A
367332950,2022-01-01T07:13:10,30.05768,-89.80198,0.0,319.0,511.0,GOOD SHEPHERD,,WDE3016,31,12,22,8,,57,A
367332950,2022-01-01T06:36:29,30.05768,-89.80202,0.0,319.0,511.0,GOOD SHEPHERD,,WDE3016,31,12,22,8,,57,A
367332950,2022-01-01T06:47:50,30.05768,-89.80198,0.0,319.0,511.0,GOOD SHEPHERD,,WDE3016,31,12,22,8,,57,A
367332950,2022-01-01T06:52:50,30.05768,-89.80198,0.0,319.0,511.0,GOOD SHEPHERD,,WDE3016,31,12,22,8,,57,A
367332950,2022-01-01T03:22:10,30.05768,-89.80202,0.0,319.0,511.0,GOOD SHEPHERD,,WDE3016,31,12,22,8,,57,A
367332950,2022-01-01T06:50:10,30.05767,-89.80200,0.0,319.0,511.0,GOOD SHEPHERD,,WDE3016,31,12,22,8,,57,A
367332950,2022-01-01T06:53:59,30.05767,-89.80200,0.0,319.0,511.0,GOOD SHEPHERD,,WDE3016,31,12,22,8,,57,A
367332950,2022-01-01T06:37:50,30.05768,-89.80202,0.0,319.0,511.0,GOOD SHEPHERD,,WDE3016,31,12,22,8,,57,A
367332950,2022-01-01T06:55:50,30.05768,-89.80202,0.0,319.0,511.0,GOOD SHEPHERD,,WDE3016,31,12,22,8,,57,A
367332950,2022-01-01T07:03:59,30.05768,-89.80202,0.0,319.0,511.0,GOOD SHEPHERD,,WDE3016,31,12,22,8,,57,A
367332950,2022-01-01T07:05:00,30.05768,-89.80202,0.0,319.0,511.0,GOOD SHEPHERD,,WDE3016,31,12,22,8,,57,A
367332950,2022-01-01T07:33:30,30.05768,-89.80202,0.0,319.0,511.0,GOOD SHEPHERD,,WDE3016,31,12,22,8,,57,A
367332950,2022-01-01T06:56:59,30.05768,-89.80202,0.0,319.0,511.0,GOOD SHEPHERD,,WDE3016,31,12,22,8,,57,A
367332950,2022-01-01T06:59:20,30.05768,-89.80200,0.0,319.0,511.0,GOOD SHEPHERD,,WDE3016,31,12,22,8,,57,A
367332950,2022-01-01T07:14:40,30.05768,-89.80202,0.0,319.0,511.0,GOOD SHEPHERD,,WDE3016,31,12,22,8,,57,A
367332950,2022-01-01T07:18:20,30.05768,-89.80202,0.0,319.0,511.0,GOOD SHEPHERD,,WDE3016,31,12,22,8,,57,A
367332950,2022-01-01T07:17:00,30.05768,-89.80202,0.0,319.0,511.0,GOOD SHEPHERD,,WDE3016,31,12,22,8,,57,A
367332950,2022-01-01T07:46:50,30.05768,-89.80198,0.0,319.0,511.0,GOOD SHEPHERD,,WDE3016,31,12,22,8,,57,A
367332950,2022-01-01T07:22:11,30.05768,-89.80202,0.0,319.0,511.0,GOOD SHEPHERD,,WDE3016,31,12,22,8,,57,A
367332950,2022-01-01T07:06:01,30.05768,-89.80202,0.0,319.0,511.0,GOOD SHEPHERD,,WDE3016,31,12,22,8,,57,A
367332950,2022-01-01T07:50:19,30.05768,-89.80198,0.0,319.0,511.0,GOOD SHEPHERD,,WDE3016,31,12,22,8,,57,A
367332950,2022-01-01T07:08:20,30.05768,-89.80202,0.0,319.0,511.0,GOOD SHEPHERD,,WDE3016,31,12,22,8,,57,A
367332950,2022-01-01T03:30:51,30.05768,-89.80200,0.0,319.0,511.0,GOOD SHEPHERD,,WDE3016,31,12,22,8,,57,A
367332950,2022-01-01T07:27:10,30.05768,-89.80202,0.0,319.0,511.0,GOOD SHEPHERD,,WDE3016,31,12,22,8,,57,A
367332950,2022-01-01T07:29:30,30.05768,-89.80202,0.0,319.0,511.0,GOOD SHEPHERD,,WDE3016,31,12,22,8,,57,A
367332950,2022-01-01T07:38:29,30.05768,-89.80202,0.0,319.0,511.0,GOOD SHEPHERD,,WDE3016,31,12,22,8,,57,A
367332950,2022-01-01T07:12:00,30.05768,-89.80202,0.0,319.0,511.0,GOOD SHEPHERD,,WDE3016,31,12,22,8,,57,A
367332950,2022-01-01T03:33:10,30.05768,-89.80202,0.0,319.0,511.0,GOOD SHEPHERD,,WDE3016,31,12,22,8,,57,A
367332950,2022-01-01T07:34:39,30.05768,-89.80202,0.0,319.0,511.0,GOOD SHEPHERD,,WDE3016,31,12,22,8,,57,A
367332950,2022-01-01T07:43:10,30.05768,-89.80202,0.0,319.0,511.0,GOOD SHEPHERD,,WDE3016,31,12,22,8,,57,A
367332950,2022-01-01T07:24:40,30.05768,-89.80202,0.0,319.0,511.0,GOOD SHEPHERD,,WDE3016,31,12,22,8,,57,A
367332950,2022-01-01T07:37:20,30.05768,-89.80202,0.0,319.0,511.0,GOOD SHEPHERD,,WDE3016,31,12,22,8,,57,A
367332950,2022-01-01T07:26:00,30.05768,-89.80202,0.0,319.0,511.0,GOOD SHEPHERD,,WDE3016,31,12,22,8,,57,A
367332950,2022-01-01T07:19:31,30.05768,-89.80202,0.0,319.0,511.0,GOOD SHEPHERD,,WDE3016,31,12,22,8,,57,A
367332950,2022-01-01T07:42:00,30.05768,-89.80202,0.0,319.0,511.0,GOOD SHEPHERD,,WDE3016,31,12,22,8,,57,A
367332950,2022-01-01T07:40:50,30.05768,-89.80202,0.0,319.0,511.0,GOOD SHEPHERD,,WDE3016,31,12,22,8,,57,A
367332950,2022-01-01T07:23:30,30.05768,-89.80202,0.0,319.0,511.0,GOOD SHEPHERD,,WDE3016,31,12,22,8,,57,A
367332950,2022-01-01T08:11:30,30.05768,-89.80198,0.0,319.0,511.0,GOOD SHEPHERD,,WDE3016,31,12,22,8,,57,A
367332950,2022-01-01T07:52:50,30.05768,-89.80198,0.0,319.0,511.0,GOOD SHEPHERD,,WDE3016,31,12,22,8,,57,A
367332950,2022-01-01T07:49:10,30.05768,-89.80198,0.0,319.0,511.0,GOOD SHEPHERD,,WDE3016,31,12,22,8,,57,A
367332950,2022-01-01T07:28:20,30.05768,-89.80202,0.0,319.0,511.0,GOOD SHEPHERD,,WDE3016,31,12,22,8,,57,A
367332950,2022-01-01T07:54:00,30.05768,-89.80200,0.0,319.0,511.0,GOOD SHEPHERD,,WDE3016,31,12,22,8,,57,A
367332950,2022-01-01T07:48:00,30.05768,-89.80198,0.0,319.0,511.0,GOOD SHEPHERD,,WDE3016,31,12,22,8,,57,A
367332950,2022-01-01T03:39:01,30.05768,-89.80203,0.0,319.0,511.0,GOOD SHEPHERD,,WDE3016,31,12,22,8,,57,A
367332950,2022-01-01T08:18:49,30.05768,-89.80202,0.0,319.0,511.0,GOOD SHEPHERD,,WDE3016,31,12,22,8,,57,A
367332950,2022-01-01T07:30:49,30.05768,-89.80202,0.0,319.0,511.0,GOOD SHEPHERD,,WDE3016,31,12,22,8,,57,A
367332950,2022-01-01T03:41:30,30.05768,-89.80200,0.0,319.0,511.0,GOOD SHEPHERD,,WDE3016,31,12,22,8,,57,A
367332950,2022-01-01T08:23:30,30.05768,-89.80198,0.0,319.0,511.0,GOOD SHEPHERD,,WDE3016,31,12,22,8,,57,A
367332950,2022-01-01T07:55:09,30.05768,-89.80202,0.0,319.0,511.0,GOOD SHEPHERD,,WDE3016,31,12,22,8,,57,A
367332950,2022-01-01T07:56:20,30.05768,-89.80202,0.0,319.0,511.0,GOOD SHEPHERD,,WDE3016,31,12,22,8,,57,A
367332950,2022-01-01T07:45:41,30.05767,-89.80198,0.0,319.0,511.0,GOOD SHEPHERD,,WDE3016,31,12,22,8,,57,A
367332950,2022-01-01T07:59:40,30.05768,-89.80202,0.0,319.0,511.0,GOOD SHEPHERD,,WDE3016,31,12,22,8,,57,A
367332950,2022-01-01T08:02:10,30.05768,-89.80202,0.0,319.0,511.0,GOOD SHEPHERD,,WDE3016,31,12,22,8,,57,A
367332950,2022-01-01T03:45:10,30.05768,-89.80202,0.0,319.0,511.0,GOOD SHEPHERD,,WDE3016,31,12,22,8,,57,A
367332950,2022-01-01T07:39:39,30.05768,-89.80202,0.0,319.0,511.0,GOOD SHEPHERD,,WDE3016,31,12,22,8,,57,A
367332950,2022-01-01T07:51:30,30.05768,-89.80202,0.0,319.0,511.0,GOOD SHEPHERD,,WDE3016,31,12,22,8,,57,A
367332950,2022-01-01T08:08:00,30.05768,-89.80202,0.0,319.0,511.0,GOOD SHEPHERD,,WDE3016,31,12,22,8,,57,A
367332950,2022-01-01T08:03:20,30.05768,-89.80202,0.0,319.0,511.0,GOOD SHEPHERD,,WDE3016,31,12,22,8,,57,A
367332950,2022-01-01T07:57:30,30.05768,-89.80202,0.0,319.0,511.0,GOOD SHEPHERD,,WDE3016,31,12,22,8,,57,A
367332950,2022-01-01T07:58:39,30.05768,-89.80202,0.0,319.0,511.0,GOOD SHEPHERD,,WDE3016,31,12,22,8,,57,A
367332950,2022-01-01T08:09:10,30.05768,-89.80202,0.0,319.0,511.0,GOOD SHEPHERD,,WDE3016,31,12,22,8,,57,A
367332950,2022-01-01T08:04:29,30.05768,-89.80202,0.0,319.0,511.0,GOOD SHEPHERD,,WDE3016,31,12,22,8,,57,A
367332950,2022-01-01T08:00:00,30.05768,-89.80202,0.0,319.0,511.0,GOOD SHEPHERD,,WDE3016,31,12,22,8,,57,A
367332950,2022-01-01T08:13:49,30.05768,-89.80202,0.0,319.0,511.0,GOOD SHEPHERD,,WDE3016,31,12,22,8,,57,A
367332950,2022-01-01T08:16:10,30.05768,-89.80198,0.0,319.0,511.0,GOOD SHEPHERD,,WDE3016,31,12,22,8,,57,A
367332950,2022-01-01T08:06:40,30.05768,-89.80202,0.0,319.0,511.0,GOOD SHEPHERD,,WDE3016,31,12,22,8,,57,A
367332950,2022-01-01T08:14:59,30.05768,-89.80202,0.0,319.0,511.0,GOOD SHEPHERD,,WDE3016,31,12,22,8,,57,A
367332950,2022-01-01T08:22:20,30.05768,-89.80198,0.0,319.0,511.0,GOOD SHEPHERD,,WDE3016,31,12,22,8,,57,A
367332950,2022-01-01T08:10:20,30.05768,-89.80198,0.0,319.0,511.0,GOOD SHEPHERD,,WDE3016,31,12,22,8,,57,A
367332950,2022-01-01T08:12:40,30.05768,-89.80200,0.0,319.0,511.0,GOOD SHEPHERD,,WDE3016,31,12,22,8,,57,A
367332950,2022-01-01T08:26:59,30.05768,-89.80198,0.0,319.0,511.0,GOOD SHEPHERD,,WDE3016,31,12,22,8,,57,A
367332950,2022-01-01T08:29:41,30.05768,-89.80200,0.0,319.0,511.0,GOOD SHEPHERD,,WDE3016,31,12,22,8,,57,A
367332950,2022-01-01T08:28:19,30.05768,-89.80198,0.0,319.0,511.0,GOOD SHEPHERD,,WDE3016,31,12,22,8,,57,A
367332950,2022-01-01T08:30:50,30.05768,-89.80198,0.0,319.0,511.0,GOOD SHEPHERD,,WDE3016,31,12,22,8,,57,A
367332950,2022-01-01T08:32:01,30.05768,-89.80198,0.0,319.0,511.0,GOOD SHEPHERD,,WDE3016,31,12,22,8,,57,A
367332950,2022-01-01T08:34:30,30.05768,-89.80198,0.0,319.0,511.0,GOOD SHEPHERD,,WDE3016,31,12,22,8,,57,A
367332950,2022-01-01T09:00:01,30.05768,-89.80202,0.0,319.0,511.0,GOOD SHEPHERD,,WDE3016,31,12,22,8,,57,A
367332950,2022-01-01T03:57:20,30.05770,-89.80202,0.0,319.0,511.0,GOOD SHEPHERD,,WDE3016,31,12,22,8,,57,A
367332950,2022-01-01T08:35:40,30.05768,-89.80202,0.0,319.0,511.0,GOOD SHEPHERD,,WDE3016,31,12,22,8,,57,A
367332950,2022-01-01T09:08:59,30.05768,-89.80202,0.0,319.0,511.0,GOOD SHEPHERD,,WDE3016,31,12,22,8,,57,A
367332950,2022-01-01T08:45:30,30.05768,-89.80198,0.0,319.0,511.0,GOOD SHEPHERD,,WDE3016,31,12,22,8,,57,A
367332950,2022-01-01T08:40:29,30.05768,-89.80198,0.0,319.0,511.0,GOOD SHEPHERD,,WDE3016,31,12,22,8,,57,A
367332950,2022-01-01T08:48:00,30.05768,-89.80202,0.0,319.0,511.0,GOOD SHEPHERD,,WDE3016,31,12,22,8,,57,A
367332950,2022-01-01T08:38:09,30.05768,-89.80198,0.0,319.0,511.0,GOOD SHEPHERD,,WDE3016,31,12,22,8,,57,A
367332950,2022-01-01T08:24:41,30.05768,-89.80198,0.0,319.0,511.0,GOOD SHEPHERD,,WDE3016,31,12,22,8,,57,A
367332950,2022-01-01T08:52:00,30.05768,-89.80202,0.0,319.0,511.0,GOOD SHEPHERD,,WDE3016,31,12,22,8,,57,A
367332950,2022-01-01T08:49:30,30.05768,-89.80198,0.0,319.0,511.0,GOOD SHEPHERD,,WDE3016,31,12,22,8,,57,A
367332950,2022-01-01T08:42:49,30.05768,-89.80202,0.0,319.0,511.0,GOOD SHEPHERD,,WDE3016,31,12,22,8,,57,A
367332950,2022-01-01T08:56:49,30.05768,-89.80202,0.0,319.0,511.0,GOOD SHEPHERD,,WDE3016,31,12,22,8,,57,A
367332950,2022-01-01T08:44:00,30.05768,-89.80198,0.0,319.0,511.0,GOOD SHEPHERD,,WDE3016,31,12,22,8,,57,A
367332950,2022-01-01T08:54:19,30.05768,-89.80202,0.0,319.0,511.0,GOOD SHEPHERD,,WDE3016,31,12,22,8,,57,A
367332950,2022-01-01T08:33:20,30.05768,-89.80198,0.0,319.0,511.0,GOOD SHEPHERD,,WDE3016,31,12,22,8,,57,A
367332950,2022-01-01T09:03:01,30.05768,-89.80202,0.0,319.0,511.0,GOOD SHEPHERD,,WDE3016,31,12,22,8,,57,A
367332950,2022-01-01T09:28:10,30.05768,-89.80202,0.0,319.0,511.0,GOOD SHEPHERD,,WDE3016,31,12,22,8,,57,A
367332950,2022-01-01T09:06:30,30.05770,-89.80202,0.0,319.0,511.0,GOOD SHEPHERD,,WDE3016,31,12,22,8,,57,A
367332950,2022-01-01T09:30:30,30.05768,-89.80202,0.0,319.0,511.0,GOOD SHEPHERD,,WDE3016,31,12,22,8,,57,A
367332950,2022-01-01T08:36:49,30.05768,-89.80198,0.0,319.0,511.0,GOOD SHEPHERD,,WDE3016,31,12,22,8,,57,A
367332950,2022-01-01T08:41:40,30.05768,-89.80202,0.0,319.0,511.0,GOOD SHEPHERD,,WDE3016,31,12,22,8,,57,A
367332950,2022-01-01T09:36:49,30.05770,-89.80202,0.0,319.0,511.0,GOOD SHEPHERD,,WDE3016,31,12,22,8,,57,A
367332950,2022-01-01T09:13:19,30.05768,-89.80202,0.0,319.0,511.0,GOOD SHEPHERD,,WDE3016,31,12,22,8,,57,A
367332950,2022-01-01T09:01:40,30.05768,-89.80202,0.0,319.0,511.0,GOOD SHEPHERD,,WDE3016,31,12,22,8,,57,A
367332950,2022-01-01T09:14:40,30.05768,-89.80202,0.0,319.0,511.0,GOOD SHEPHERD,,WDE3016,31,12,22,8,,57,A
367332950,2022-01-01T09:10:10,30.05768,-89.80202,0.0,319.0,511.0,GOOD SHEPHERD,,WDE3016,31,12,22,8,,57,A
367332950,2022-01-01T09:16:41,30.05768,-89.80202,0.0,319.0,511.0,GOOD SHEPHERD,,WDE3016,31,12,22,8,,57,A
367332950,2022-01-01T09:17:49,30.05768,-89.80200,0.0,319.0,511.0,GOOD SHEPHERD,,WDE3016,31,12,22,8,,57,A
367332950,2022-01-01T04:16:29,30.05768,-89.80202,0.0,319.0,511.0,GOOD SHEPHERD,,WDE3016,31,12,22,8,,57,A
367332950,2022-01-01T09:07:39,30.05768,-89.80202,0.0,319.0,511.0,GOOD SHEPHERD,,WDE3016,31,12,22,8,,57,A
367332950,2022-01-01T09:19:00,30.05768,-89.80202,0.0,319.0,511.0,GOOD SHEPHERD,,WDE3016,31,12,22,8,,57,A
367332950,2022-01-01T08:50:49,30.05768,-89.80202,0.0,319.0,511.0,GOOD SHEPHERD,,WDE3016,31,12,22,8,,57,A
367332950,2022-01-01T04:17:41,30.05768,-89.80202,0.0,319.0,511.0,GOOD SHEPHERD,,WDE3016,31,12,22,8,,57,A
367332950,2022-01-01T09:22:40,30.05768,-89.80202,0.0,319.0,511.0,GOOD SHEPHERD,,WDE3016,31,12,22,8,,57,A
367332950,2022-01-01T09:23:49,30.05768,-89.80202,0.0,319.0,511.0,GOOD SHEPHERD,,WDE3016,31,12,22,8,,57,A
367332950,2022-01-01T09:21:30,30.05768,-89.80202,0.0,319.0,511.0,GOOD SHEPHERD,,WDE3016,31,12,22,8,,57,A
367332950,2022-01-01T09:25:01,30.05768,-89.80202,0.0,319.0,511.0,GOOD SHEPHERD,,WDE3016,31,12,22,8,,57,A
367332950,2022-01-01T08:58:01,30.05768,-89.80202,0.0,319.0,511.0,GOOD SHEPHERD,,WDE3016,31,12,22,8,,57,A
367332950,2022-01-01T08:59:19,30.05768,-89.80202,0.0,319.0,511.0,GOOD SHEPHERD,,WDE3016,31,12,22,8,,57,A
367332950,2022-01-01T09:29:20,30.05768,-89.80202,0.0,319.0,511.0,GOOD SHEPHERD,,WDE3016,31,12,22,8,,57,A
367332950,2022-01-01T09:58:39,30.05770,-89.80202,0.0,319.0,511.0,GOOD SHEPHERD,,WDE3016,31,12,22,8,,57,A
367332950,2022-01-01T09:20:19,30.05768,-89.80202,0.0,319.0,511.0,GOOD SHEPHERD,,WDE3016,31,12,22,8,,57,A
367332950,2022-01-01T09:33:20,30.05768,-89.80202,0.0,319.0,511.0,GOOD SHEPHERD,,WDE3016,31,12,22,8,,57,A
367332950,2022-01-01T09:11:40,30.05768,-89.80202,0.0,319.0,511.0,GOOD SHEPHERD,,WDE3016,31,12,22,8,,57,A
367332950,2022-01-01T09:42:51,30.05770,-89.80202,0.0,319.0,511.0,GOOD SHEPHERD,,WDE3016,31,12,22,8,,57,A
367332950,2022-01-01T09:41:39,30.05768,-89.80202,0.0,319.0,511.0,GOOD SHEPHERD,,WDE3016,31,12,22,8,,57,A
367332950,2022-01-01T10:15:19,30.05768,-89.80202,0.0,319.0,511.0,GOOD SHEPHERD,,WDE3016,31,12,22,8,,57,A
367332950,2022-01-01T09:35:39,30.05768,-89.80202,0.0,319.0,511.0,GOOD SHEPHERD,,WDE3016,31,12,22,8,,57,A
367332950,2022-01-01T09:50:29,30.05768,-89.80202,0.0,319.0,511.0,GOOD SHEPHERD,,WDE3016,31,12,22,8,,57,A
367332950,2022-01-01T09:40:30,30.05768,-89.80202,0.0,319.0,511.0,GOOD SHEPHERD,,WDE3016,31,12,22,8,,57,A
367332950,2022-01-01T09:56:20,30.05768,-89.80202,0.0,319.0,511.0,GOOD SHEPHERD,,WDE3016,31,12,22,8,,57,A
367332950,2022-01-01T09:27:01,30.05768,-89.80202,0.0,319.0,511.0,GOOD SHEPHERD,,WDE3016,31,12,22,8,,57,A
367332950,2022-01-01T09:49:19,30.05768,-89.80202,0.0,319.0,511.0,GOOD SHEPHERD,,WDE3016,31,12,22,8,,57,A
367332950,2022-01-01T09:52:59,30.05768,-89.80202,0.0,319.0,511.0,GOOD SHEPHERD,,WDE3016,31,12,22,8,,57,A
367332950,2022-01-01T09:54:10,30.05768,-89.80202,0.0,319.0,511.0,GOOD SHEPHERD,,WDE3016,31,12,22,8,,57,A
367332950,2022-01-01T09:44:00,30.05770,-89.80202,0.0,319.0,511.0,GOOD SHEPHERD,,WDE3016,31,12,22,8,,57,A
367332950,2022-01-01T09:55:11,30.05768,-89.80202,0.0,319.0,511.0,GOOD SHEPHERD,,WDE3016,31,12,22,8,,57,A
367332950,2022-01-01T09:51:50,30.05768,-89.80202,0.0,319.0,511.0,GOOD SHEPHERD,,WDE3016,31,12,22,8,,57,A
367332950,2022-01-01T10:03:50,30.05770,-89.80202,0.0,319.0,511.0,GOOD SHEPHERD,,WDE3016,31,12,22,8,,57,A
367332950,2022-01-01T09:34:31,30.05768,-89.80202,0.0,319.0,511.0,GOOD SHEPHERD,,WDE3016,31,12,22,8,,57,A
367332950,2022-01-01T10:00:00,30.05770,-89.80202,0.0,319.0,511.0,GOOD SHEPHERD,,WDE3016,31,12,22,8,,57,A
367332950,2022-01-01T10:06:30,30.05770,-89.80202,0.0,319.0,511.0,GOOD SHEPHERD,,WDE3016,31,12,22,8,,57,A
367332950,2022-01-01T09:39:20,30.05768,-89.80202,0.0,319.0,511.0,GOOD SHEPHERD,,WDE3016,31,12,22,8,,57,A
367332950,2022-01-01T10:07:50,30.05770,-89.80202,0.0,319.0,511.0,GOOD SHEPHERD,,WDE3016,31,12,22,8,,57,A
367332950,2022-01-01T09:45:01,30.05770,-89.80202,0.0,319.0,511.0,GOOD SHEPHERD,,WDE3016,31,12,22,8,,57,A
367332950,2022-01-01T10:10:10,30.05770,-89.80202,0.0,319.0,511.0,GOOD SHEPHERD,,WDE3016,31,12,22,8,,57,A
367332950,2022-01-01T04:38:30,30.05768,-89.80202,0.0,319.0,511.0,GOOD SHEPHERD,,WDE3016,31,12,22,8,,57,A
367332950,2022-01-01T10:44:29,30.05770,-89.80202,0.0,319.0,511.0,GOOD SHEPHERD,,WDE3016,31,12,22,8,,57,A
367332950,2022-01-01T10:45:39,30.05768,-89.80198,0.0,319.0,511.0,GOOD SHEPHERD,,WDE3016,31,12,22,8,,57,A
367332950,2022-01-01T10:16:29,30.05768,-89.80202,0.0,319.0,511.0,GOOD SHEPHERD,,WDE3016,31,12,22,8,,57,A
367332950,2022-01-01T10:17:39,30.05768,-89.80202,0.0,319.0,511.0,GOOD SHEPHERD,,WDE3016,31,12,22,8,,57,A
367332950,2022-01-01T10:18:40,30.05768,-89.80198,0.0,319.0,511.0,GOOD SHEPHERD,,WDE3016,31,12,22,8,,57,A
367332950,2022-01-01T10:24:20,30.05768,-89.80198,0.0,319.0,511.0,GOOD SHEPHERD,,WDE3016,31,12,22,8,,57,A
367332950,2022-01-01T10:12:50,30.05770,-89.80202,0.0,319.0,511.0,GOOD SHEPHERD,,WDE3016,31,12,22,8,,57,A
367332950,2022-01-01T10:31:10,30.05768,-89.80202,0.0,319.0,511.0,GOOD SHEPHERD,,WDE3016,31,12,22,8,,57,A
367332950,2022-01-01T10:33:39,30.05768,-89.80202,0.0,319.0,511.0,GOOD SHEPHERD,,WDE3016,31,12,22,8,,57,A
367332950,2022-01-01T10:23:10,30.05768,-89.80202,0.0,319.0,511.0,GOOD SHEPHERD,,WDE3016,31,12,22,8,,57,A
367332950,2022-01-01T10:09:00,30.05770,-89.80202,0.0,319.0,511.0,GOOD SHEPHERD,,WDE3016,31,12,22,8,,57,A
367332950,2022-01-01T10:25:29,30.05768,-89.80198,0.0,319.0,511.0,GOOD SHEPHERD,,WDE3016,31,12,22,8,,57,A
367332950,2022-01-01T10:37:01,30.05768,-89.80198,0.0,319.0,511.0,GOOD SHEPHERD,,WDE3016,31,12,22,8,,57,A
367332950,2022-01-01T10:21:00,30.05768,-89.80198,0.0,319.0,511.0,GOOD SHEPHERD,,WDE3016,31,12,22,8,,57,A
367332950,2022-01-01T10:39:29,30.05768,-89.80198,0.0,319.0,511.0,GOOD SHEPHERD,,WDE3016,31,12,22,8,,57,A
367332950,2022-01-01T10:28:10,30.05768,-89.80198,0.0,319.0,511.0,GOOD SHEPHERD,,WDE3016,31,12,22,8,,57,A
367332950,2022-01-01T10:14:10,30.05768,-89.80202,0.0,319.0,511.0,GOOD SHEPHERD,,WDE3016,31,12,22,8,,57,A
367332950,2022-01-01T10:34:49,30.05768,-89.80198,0.0,319.0,511.0,GOOD SHEPHERD,,WDE3016,31,12,22,8,,57,A
367332950,2022-01-01T10:38:21,30.05768,-89.80202,0.0,319.0,511.0,GOOD SHEPHERD,,WDE3016,31,12,22,8,,57,A
367332950,2022-01-01T10:41:59,30.05770,-89.80198,0.0,319.0,511.0,GOOD SHEPHERD,,WDE3016,31,12,22,8,,57,A
367332950,2022-01-01T10:29:40,30.05768,-89.80202,0.0,319.0,511.0,GOOD SHEPHERD,,WDE3016,31,12,22,8,,57,A
367332950,2022-01-01T10:26:40,30.05768,-89.80198,0.0,319.0,511.0,GOOD SHEPHERD,,WDE3016,31,12,22,8,,57,A
367332950,2022-01-01T10:32:20,30.05770,-89.80202,0.0,319.0,511.0,GOOD SHEPHERD,,WDE3016,31,12,22,8,,57,A
367332950,2022-01-01T11:10:41,30.05768,-89.80200,0.0,319.0,511.0,GOOD SHEPHERD,,WDE3016,31,12,22,8,,57,A
367332950,2022-01-01T10:46:40,30.05770,-89.80198,0.0,319.0,511.0,GOOD SHEPHERD,,WDE3016,31,12,22,8,,57,A
367332950,2022-01-01T10:49:20,30.05770,-89.80200,0.0,319.0,511.0,GOOD SHEPHERD,,WDE3016,31,12,22,8,,57,A
367332950,2022-01-01T04:46:59,30.05768,-89.80198,0.0,319.0,511.0,GOOD SHEPHERD,,WDE3016,31,12,22,8,,57,A
367332950,2022-01-01T10:22:01,30.05768,-89.80202,0.0,319.0,511.0,GOOD SHEPHERD,,WDE3016,31,12,22,8,,57,A
367332950,2022-01-01T10:51:41,30.05770,-89.80200,0.0,319.0,511.0,GOOD SHEPHERD,,WDE3016,31,12,22,8,,57,A
367332950,2022-01-01T10:43:09,30.05770,-89.80198,0.0,319.0,511.0,GOOD SHEPHERD,,WDE3016,31,12,22,8,,57,A
367332950,2022-01-01T10:35:50,30.05768,-89.80202,0.0,319.0,511.0,GOOD SHEPHERD,,WDE3016,31,12,22,8,,57,A
367332950,2022-01-01T10:50:40,30.05770,-89.80202,0.0,319.0,511.0,GOOD SHEPHERD,,WDE3016,31,12,22,8,,57,A
367332950,2022-01-01T10:48:10,30.05770,-89.80200,0.0,319.0,511.0,GOOD SHEPHERD,,WDE3016,31,12,22,8,,57,A
367332950,2022-01-01T04:54:39,30.05768,-89.80202,0.0,319.0,511.0,GOOD SHEPHERD,,WDE3016,31,12,22,8,,57,A
367332950,2022-01-01T10:54:30,30.05768,-89.80198,0.0,319.0,511.0,GOOD SHEPHERD,,WDE3016,31,12,22,8,,57,A
367332950,2022-01-01T10:58:09,30.05768,-89.80202,0.0,319.0,511.0,GOOD SHEPHERD,,WDE3016,31,12,22,8,,57,A
367332950,2022-01-01T11:00:00,30.05768,-89.80202,0.0,319.0,511.0,GOOD SHEPHERD,,WDE3016,31,12,22,8,,57,A
367332950,2022-01-01T10:57:00,30.05768,-89.80202,0.0,319.0,511.0,GOOD SHEPHERD,,WDE3016,31,12,22,8,,57,A
367332950,2022-01-01T11:05:00,30.05768,-89.80198,0.0,319.0,511.0,GOOD SHEPHERD,,WDE3016,31,12,22,8,,57,A
367332950,2022-01-01T11:07:10,30.05768,-89.80198,0.0,319.0,511.0,GOOD SHEPHERD,,WDE3016,31,12,22,8,,57,A
367332950,2022-01-01T11:02:40,30.05770,-89.80200,0.0,319.0,511.0,GOOD SHEPHERD,,WDE3016,31,12,22,8,,57,A
367332950,2022-01-01T10:40:50,30.05768,-89.80198,0.0,319.0,511.0,GOOD SHEPHERD,,WDE3016,31,12,22,8,,57,A
367332950,2022-01-01T11:03:51,30.05768,-89.80200,0.0,319.0,511.0,GOOD SHEPHERD,,WDE3016,31,12,22,8,,57,A
367332950,2022-01-01T11:06:09,30.05768,-89.80202,0.0,319.0,511.0,GOOD SHEPHERD,,WDE3016,31,12,22,8,,57,A
367332950,2022-01-01T10:55:50,30.05768,-89.80202,0.0,319.0,511.0,GOOD SHEPHERD,,WDE3016,31,12,22,8,,57,A
367332950,2022-01-01T11:08:19,30.05770,-89.80198,0.0,319.0,511.0,GOOD SHEPHERD,,WDE3016,31,12,22,8,,57,A
367332950,2022-01-01T05:04:00,30.05768,-89.80200,0.0,319.0,511.0,GOOD SHEPHERD,,WDE3016,31,12,22,8,,57,A
367332950,2022-01-01T11:09:30,30.05768,-89.80200,0.0,319.0,511.0,GOOD SHEPHERD,,WDE3016,31,12,22,8,,57,A
367332950,2022-01-01T10:59:30,30.05768,-89.80202,0.0,319.0,511.0,GOOD SHEPHERD,,WDE3016,31,12,22,8,,57,A
367332950,2022-01-01T11:13:20,30.05768,-89.80200,0.0,319.0,511.0,GOOD SHEPHERD,,WDE3016,31,12,22,8,,57,A
367332950,2022-01-01T05:07:41,30.05768,-89.80200,0.0,319.0,511.0,GOOD SHEPHERD,,WDE3016,31,12,22,8,,57,A
367332950,2022-01-01T11:20:49,30.05768,-89.80202,0.0,319.0,511.0,GOOD SHEPHERD,,WDE3016,31,12,22,8,,57,A
367332950,2022-01-01T11:51:00,30.05768,-89.80202,0.0,319.0,511.0,GOOD SHEPHERD,,WDE3016,31,12,22,8,,57,A
367332950,2022-01-01T11:23:30,30.05768,-89.80202,0.0,319.0,511.0,GOOD SHEPHERD,,WDE3016,31,12,22,8,,57,A
367332950,2022-01-01T11:22:19,30.05768,-89.80202,0.0,319.0,511.0,GOOD SHEPHERD,,WDE3016,31,12,22,8,,57,A
367332950,2022-01-01T10:53:10,30.05768,-89.80202,0.0,319.0,511.0,GOOD SHEPHERD,,WDE3016,31,12,22,8,,57,A
367332950,2022-01-01T11:14:30,30.05768,-89.80202,0.0,319.0,511.0,GOOD SHEPHERD,,WDE3016,31,12,22,8,,57,A
367332950,2022-01-01T11:30:40,30.05770,-89.80198,0.0,319.0,511.0,GOOD SHEPHERD,,WDE3016,31,12,22,8,,57,A
367332950,2022-01-01T11:15:40,30.05768,-89.80202,0.0,319.0,511.0,GOOD SHEPHERD,,WDE3016,31,12,22,8,,57,A
367332950,2022-01-01T11:32:00,30.05770,-89.80200,0.0,319.0,511.0,GOOD SHEPHERD,,WDE3016,31,12,22,8,,57,A
367332950,2022-01-01T11:33:09,30.05768,-89.80198,0.0,319.0,511.0,GOOD SHEPHERD,,WDE3016,31,12,22,8,,57,A
367332950,2022-01-01T12:03:30,30.05768,-89.80198,0.0,319.0,511.0,GOOD SHEPHERD,,WDE3016,31,12,22,8,,57,A
367332950,2022-01-01T11:27:00,30.05768,-89.80202,0.0,319.0,511.0,GOOD SHEPHERD,,WDE3016,31,12,22,8,,57,A
367332950,2022-01-01T11:25:49,30.05768,-89.80202,0.0,319.0,511.0,GOOD SHEPHERD,,WDE3016,31,12,22,8,,57,A
367332950,2022-01-01T11:29:30,30.05768,-89.80200,0.0,319.0,511.0,GOOD SHEPHERD,,WDE3016,31,12,22,8,,57,A
367332950,2022-01-01T12:09:41,30.05768,-89.80200,0.0,319.0,511.0,GOOD SHEPHERD,,WDE3016,31,12,22,8,,57,A
367332950,2022-01-01T11:24:41,30.05770,-89.80198,0.0,319.0,511.0,GOOD SHEPHERD,,WDE3016,31,12,22,8,,57,A
367332950,2022-01-01T11:45:10,30.05770,-89.80200,0.0,319.0,511.0,GOOD SHEPHERD,,WDE3016,31,12,22,8,,57,A
367332950,2022-01-01T11:41:40,30.05767,-89.80200,0.0,319.0,511.0,GOOD SHEPHERD,,WDE3016,31,12,22,8,,57,A
367332950,2022-01-01T11:12:19,30.05768,-89.80200,0.0,319.0,511.0,GOOD SHEPHERD,,WDE3016,31,12,22,8,,57,A
367332950,2022-01-01T11:38:00,30.05768,-89.80200,0.0,319.0,511.0,GOOD SHEPHERD,,WDE3016,31,12,22,8,,57,A
367332950,2022-01-01T11:39:10,30.05767,-89.80200,0.0,319.0,511.0,GOOD SHEPHERD,,WDE3016,31,12,22,8,,57,A
367332950,2022-01-01T11:16:41,30.05768,-89.80202,0.0,319.0,511.0,GOOD SHEPHERD,,WDE3016,31,12,22,8,,57,A
367332950,2022-01-01T11:19:19,30.05768,-89.80202,0.0,319.0,511.0,GOOD SHEPHERD,,WDE3016,31,12,22,8,,57,A
367332950,2022-01-01T12:22:41,30.05768,-89.80202,0.0,319.0,511.0,GOOD SHEPHERD,,WDE3016,31,12,22,8,,57,A
367332950,2022-01-01T11:36:51,30.05768,-89.80198,0.0,319.0,511.0,GOOD SHEPHERD,,WDE3016,31,12,22,8,,57,A
367332950,2022-01-01T11:47:30,30.05770,-89.80200,0.0,319.0,511.0,GOOD SHEPHERD,,WDE3016,31,12,22,8,,57,A
367332950,2022-01-01T11:48:40,30.05770,-89.80200,0.0,319.0,511.0,GOOD SHEPHERD,,WDE3016,31,12,22,8,,57,A
367332950,2022-01-01T11:53:59,30.05768,-89.80198,0.0,319.0,511.0,GOOD SHEPHERD,,WDE3016,31,12,22,8,,57,A
367332950,2022-01-01T12:28:40,30.05768,-89.80198,0.0,319.0,511.0,GOOD SHEPHERD,,WDE3016,31,12,22,8,,57,A
367332950,2022-01-01T11:49:50,30.05768,-89.80198,0.0,319.0,511.0,GOOD SHEPHERD,,WDE3016,31,12,22,8,,57,A
367332950,2022-01-01T11:28:09,30.05768,-89.80200,0.0,319.0,511.0,GOOD SHEPHERD,,WDE3016,31,12,22,8,,57,A
367332950,2022-01-01T11:52:41,30.05768,-89.80198,0.0,319.0,511.0,GOOD SHEPHERD,,WDE3016,31,12,22,8,,57,A
367332950,2022-01-01T12:31:09,30.05768,-89.80198,0.0,319.0,511.0,GOOD SHEPHERD,,WDE3016,31,12,22,8,,57,A
367332950,2022-01-01T11:58:40,30.05768,-89.80200,0.0,319.0,511.0,GOOD SHEPHERD,,WDE3016,31,12,22,8,,57,A
367332950,2022-01-01T05:20:20,30.05768,-89.80200,0.0,319.0,511.0,GOOD SHEPHERD,,WDE3016,31,12,22,8,,57,A
367332950,2022-01-01T12:00:00,30.05768,-89.80200,0.0,319.0,511.0,GOOD SHEPHERD,,WDE3016,31,12,22,8,,57,A
367332950,2022-01-01T12:12:30,30.05768,-89.80200,0.0,319.0,511.0,GOOD SHEPHERD,,WDE3016,31,12,22,8,,57,A
367332950,2022-01-01T11:35:40,30.05770,-89.80202,0.0,319.0,511.0,GOOD SHEPHERD,,WDE3016,31,12,22,8,,57,A
367332950,2022-01-01T12:01:10,30.05768,-89.80200,0.0,319.0,511.0,GOOD SHEPHERD,,WDE3016,31,12,22,8,,57,A
367332950,2022-01-01T12:02:20,30.05768,-89.80198,0.0,319.0,511.0,GOOD SHEPHERD,,WDE3016,31,12,22,8,,57,A
367332950,2022-01-01T12:16:01,30.05768,-89.80197,0.0,319.0,511.0,GOOD SHEPHERD,,WDE3016,31,12,22,8,,57,A
367332950,2022-01-01T12:07:20,30.05768,-89.80198,0.0,319.0,511.0,GOOD SHEPHERD,,WDE3016,31,12,22,8,,57,A
367332950,2022-01-01T11:55:10,30.05768,-89.80200,0.0,319.0,511.0,GOOD SHEPHERD,,WDE3016,31,12,22,8,,57,A
367332950,2022-01-01T12:04:40,30.05768,-89.80198,0.0,319.0,511.0,GOOD SHEPHERD,,WDE3016,31,12,22,8,,57,A
367332950,2022-01-01T12:05:41,30.05768,-89.80198,0.0,319.0,511.0,GOOD SHEPHERD,,WDE3016,31,12,22,8,,57,A
367332950,2022-01-01T12:45:00,30.05770,-89.80202,0.0,319.0,511.0,GOOD SHEPHERD,,WDE3016,31,12,22,8,,57,A
367332950,2022-01-01T11:40:19,30.05767,-89.80200,0.0,319.0,511.0,GOOD SHEPHERD,,WDE3016,31,12,22,8,,57,A
367332950,2022-01-01T11:57:31,30.05768,-89.80198,0.0,319.0,511.0,GOOD SHEPHERD,,WDE3016,31,12,22,8,,57,A
367332950,2022-01-01T11:42:50,30.05768,-89.80200,0.0,319.0,511.0,GOOD SHEPHERD,,WDE3016,31,12,22,8,,57,A
367332950,2022-01-01T11:59:49,30.05768,-89.80200,0.0,319.0,511.0,GOOD SHEPHERD,,WDE3016,31,12,22,8,,57,A
367332950,2022-01-01T12:11:01,30.05768,-89.80200,0.0,319.0,511.0,GOOD SHEPHERD,,WDE3016,31,12,22,8,,57,A
367332950,2022-01-01T05:25:11,30.05768,-89.80198,0.0,319.0,511.0,GOOD SHEPHERD,,WDE3016,31,12,22,8,,57,A
367332950,2022-01-01T12:53:00,30.05770,-89.80198,0.0,319.0,511.0,GOOD SHEPHERD,,WDE3016,31,12,22,8,,57,A
367332950,2022-01-01T12:14:51,30.05768,-89.80197,0.0,319.0,511.0,GOOD SHEPHERD,,WDE3016,31,12,22,8,,57,A
367332950,2022-01-01T12:30:00,30.05768,-89.80200,0.0,319.0,511.0,GOOD SHEPHERD,,WDE3016,31,12,22,8,,57,A
367332950,2022-01-01T12:55:19,30.05770,-89.80198,0.0,319.0,511.0,GOOD SHEPHERD,,WDE3016,31,12,22,8,,57,A
367332950,2022-01-01T05:28:40,30.05767,-89.80200,0.0,319.0,511.0,GOOD SHEPHERD,,WDE3016,31,12,22,8,,57,A
367332950,2022-01-01T12:56:31,30.05770,-89.80202,0.0,319.0,511.0,GOOD SHEPHERD,,WDE3016,31,12,22,8,,57,A
367332950,2022-01-01T12:33:31,30.05768,-89.80198,0.0,319.0,511.0,GOOD SHEPHERD,,WDE3016,31,12,22,8,,57,A
367332950,2022-01-01T12:08:30,30.05768,-89.80198,0.0,319.0,511.0,GOOD SHEPHERD,,WDE3016,31,12,22,8,,57,A
367332950,2022-01-01T12:20:50,30.05768,-89.80200,0.0,319.0,511.0,GOOD SHEPHERD,,WDE3016,31,12,22,8,,57,A
367332950,2022-01-01T12:23:49,30.05768,-89.80202,0.0,319.0,511.0,GOOD SHEPHERD,,WDE3016,31,12,22,8,,57,A
367332950,2022-01-01T12:17:20,30.05768,-89.80197,0.0,319.0,511.0,GOOD SHEPHERD,,WDE3016,31,12,22,8,,57,A
367332950,2022-01-01T12:42:41,30.05768,-89.80202,0.0,319.0,511.0,GOOD SHEPHERD,,WDE3016,31,12,22,8,,57,A
367332950,2022-01-01T12:34:40,30.05768,-89.80198,0.0,319.0,511.0,GOOD SHEPHERD,,WDE3016,31,12,22,8,,57,A
367332950,2022-01-01T12:46:20,30.05768,-89.80202,0.0,319.0,511.0,GOOD SHEPHERD,,WDE3016,31,12,22,8,,57,A
367332950,2022-01-01T12:36:59,30.05768,-89.80198,0.0,319.0,511.0,GOOD SHEPHERD,,WDE3016,31,12,22,8,,57,A
367332950,2022-01-01T05:40:20,30.05768,-89.80198,0.0,319.0,511.0,GOOD SHEPHERD,,WDE3016,31,12,22,8,,57,A
367332950,2022-01-01T12:54:10,30.05770,-89.80202,0.0,319.0,511.0,GOOD SHEPHERD,,WDE3016,31,12,22,8,,57,A
367332950,2022-01-01T12:35:49,30.05768,-89.80202,0.0,319.0,511.0,GOOD SHEPHERD,,WDE3016,31,12,22,8,,57,A
367332950,2022-01-01T12:39:10,30.05768,-89.80202,0.0,319.0,511.0,GOOD SHEPHERD,,WDE3016,31,12,22,8,,57,A
367332950,2022-01-01T05:43:49,30.05768,-89.80202,0.0,319.0,511.0,GOOD SHEPHERD,,WDE3016,31,12,22,8,,57,A
367332950,2022-01-01T13:25:20,30.05770,-89.80202,0.0,319.0,511.0,GOOD SHEPHERD,,WDE3016,31,12,22,8,,57,A
367332950,2022-01-01T13:28:59,30.05770,-89.80202,0.0,319.0,511.0,GOOD SHEPHERD,,WDE3016,31,12,22,8,,57,A
367332950,2022-01-01T12:41:20,30.05768,-89.80202,0.0,319.0,511.0,GOOD SHEPHERD,,WDE3016,31,12,22,8,,57,A
367332950,2022-01-01T13:01:20,30.05770,-89.80202,0.0,319.0,511.0,GOOD SHEPHERD,,WDE3016,31,12,22,8,,57,A
367332950,2022-01-01T12:47:21,30.05768,-89.80202,0.0,319.0,511.0,GOOD SHEPHERD,,WDE3016,31,12,22,8,,57,A
367332950,2022-01-01T12:19:49,30.05768,-89.80200,0.0,319.0,511.0,GOOD SHEPHERD,,WDE3016,31,12,22,8,,57,A
367332950,2022-01-01T05:50:49,30.05768,-89.80198,0.0,319.0,511.0,GOOD SHEPHERD,,WDE3016,31,12,22,8,,57,A
367332950,2022-01-01T12:50:49,30.05768,-89.80202,0.0,319.0,511.0,GOOD SHEPHERD,,WDE3016,31,12,22,8,,57,A
367332950,2022-01-01T12:57:50,30.05770,-89.80202,0.0,319.0,511.0,GOOD SHEPHERD,,WDE3016,31,12,22,8,,57,A
367332950,2022-01-01T12:51:59,30.05768,-89.80198,0.0,319.0,511.0,GOOD SHEPHERD,,WDE3016,31,12,22,8,,57,A
367332950,2022-01-01T12:58:51,30.05770,-89.80202,0.0,319.0,511.0,GOOD SHEPHERD,,WDE3016,31,12,22,8,,57,A
367332950,2022-01-01T12:48:30,30.05768,-89.80202,0.0,319.0,511.0,GOOD SHEPHERD,,WDE3016,31,12,22,8,,57,A
367332950,2022-01-01T13:43:40,30.05770,-89.80202,0.0,319.0,511.0,GOOD SHEPHERD,,WDE3016,31,12,22,8,,57,A
367332950,2022-01-01T12:27:30,30.05768,-89.80202,0.0,319.0,511.0,GOOD SHEPHERD,,WDE3016,31,12,22,8,,57,A
367332950,2022-01-01T13:47:31,30.05768,-89.80202,0.0,319.0,511.0,GOOD SHEPHERD,,WDE3016,31,12,22,8,,57,A
367332950,2022-01-01T13:14:50,30.05770,-89.80202,0.0,319.0,511.0,GOOD SHEPHERD,,WDE3016,31,12,22,8,,57,A
367332950,2022-01-01T13:08:39,30.05768,-89.80202,0.0,319.0,511.0,GOOD SHEPHERD,,WDE3016,31,12,22,8,,57,A
367332950,2022-01-01T13:09:50,30.05768,-89.80202,0.0,319.0,511.0,GOOD SHEPHERD,,WDE3016,31,12,22,8,,57,A
367332950,2022-01-01T13:11:00,30.05770,-89.80202,0.0,319.0,511.0,GOOD SHEPHERD,,WDE3016,31,12,22,8,,57,A
367332950,2022-01-01T05:55:10,30.05768,-89.80198,0.0,319.0,511.0,GOOD SHEPHERD,,WDE3016,31,12,22,8,,57,A
367332950,2022-01-01T05:56:29,30.05768,-89.80198,0.0,319.0,511.0,GOOD SHEPHERD,,WDE3016,31,12,22,8,,57,A
367332950,2022-01-01T13:21:59,30.05770,-89.80202,0.0,319.0,511.0,GOOD SHEPHERD,,WDE3016,31,12,22,8,,57,A
367332950,2022-01-01T13:59:30,30.05768,-89.80202,0.0,319.0,511.0,GOOD SHEPHERD,,WDE3016,31,12,22,8,,57,A
367332950,2022-01-01T13:16:00,30.05770,-89.80202,0.0,319.0,511.0,GOOD SHEPHERD,,WDE3016,31,12,22,8,,57,A
367332950,2022-01-01T12:40:11,30.05768,-89.80202,0.0,319.0,511.0,GOOD SHEPHERD,,WDE3016,31,12,22,8,,57,A
367332950,2022-01-01T13:05:39,30.05768,-89.80200,0.0,319.0,511.0,GOOD SHEPHERD,,WDE3016,31,12,22,8,,57,A
367332950,2022-01-01T13:18:31,30.05770,-89.80200,0.0,319.0,511.0,GOOD SHEPHERD,,WDE3016,31,12,22,8,,57,A
367332950,2022-01-01T12:43:51,30.05770,-89.80202,0.0,319.0,511.0,GOOD SHEPHERD,,WDE3016,31,12,22,8,,57,A
367332950,2022-01-01T06:04:09,30.05768,-89.80202,0.0,319.0,511.0,GOOD SHEPHERD,,WDE3016,31,12,22,8,,57,A
367332950,2022-01-01T13:23:00,30.05770,-89.80202,0.0,319.0,511.0,GOOD SHEPHERD,,WDE3016,31,12,22,8,,57,A
367332950,2022-01-01T13:37:50,30.05770,-89.80202,0.0,319.0,511.0,GOOD SHEPHERD,,WDE3016,31,12,22,8,,57,A
367332950,2022-01-01T13:31:30,30.05768,-89.80202,0.0,319.0,511.0,GOOD SHEPHERD,,WDE3016,31,12,22,8,,57,A
367332950,2022-01-01T13:24:09,30.05770,-89.80202,0.0,319.0,511.0,GOOD SHEPHERD,,WDE3016,31,12,22,8,,57,A
367332950,2022-01-01T13:34:10,30.05770,-89.80202,0.0,319.0,511.0,GOOD SHEPHERD,,WDE3016,31,12,22,8,,57,A
367332950,2022-01-01T13:30:10,30.05770,-89.80202,0.0,319.0,511.0,GOOD SHEPHERD,,WDE3016,31,12,22,8,,57,A
367332950,2022-01-01T14:27:00,30.05768,-89.80200,0.0,319.0,511.0,GOOD SHEPHERD,,WDE3016,31,12,22,8,,57,A
367332950,2022-01-01T13:32:40,30.05768,-89.80202,0.0,319.0,511.0,GOOD SHEPHERD,,WDE3016,31,12,22,8,,57,A
367332950,2022-01-01T13:41:20,30.05770,-89.80202,0.0,319.0,511.0,GOOD SHEPHERD,,WDE3016,31,12,22,8,,57,A
367332950,2022-01-01T14:28:09,30.05768,-89.80202,0.0,319.0,511.0,GOOD SHEPHERD,,WDE3016,31,12,22,8,,57,A
367332950,2022-01-01T13:27:51,30.05770,-89.80198,0.0,319.0,511.0,GOOD SHEPHERD,,WDE3016,31,12,22,8,,57,A
367332950,2022-01-01T13:35:40,30.05770,-89.80202,0.0,319.0,511.0,GOOD SHEPHERD,,WDE3016,31,12,22,8,,57,A
367332950,2022-01-01T13:42:31,30.05770,-89.80202,0.0,319.0,511.0,GOOD SHEPHERD,,WDE3016,31,12,22,8,,57,A
367332950,2022-01-01T13:07:09,30.05768,-89.80200,0.0,319.0,511.0,GOOD SHEPHERD,,WDE3016,31,12,22,8,,57,A
367332950,2022-01-01T14:31:40,30.05770,-89.80202,0.0,319.0,511.0,GOOD SHEPHERD,,WDE3016,31,12,22,8,,57,A
367332950,2022-01-01T13:39:01,30.05770,-89.80202,0.0,319.0,511.0,GOOD SHEPHERD,,WDE3016,31,12,22,8,,57,A
367332950,2022-01-01T13:44:50,30.05770,-89.80202,0.0,319.0,511.0,GOOD SHEPHERD,,WDE3016,31,12,22,8,,57,A
367332950,2022-01-01T13:40:09,30.05770,-89.80202,0.0,319.0,511.0,GOOD SHEPHERD,,WDE3016,31,12,22,8,,57,A
367332950,2022-01-01T13:46:20,30.05768,-89.80202,0.0,319.0,511.0,GOOD SHEPHERD,,WDE3016,31,12,22,8,,57,A
367332950,2022-01-01T13:36:49,30.05770,-89.80202,0.0,319.0,511.0,GOOD SHEPHERD,,WDE3016,31,12,22,8,,57,A
367332950,2022-01-01T13:54:30,30.05770,-89.80198,0.0,319.0,511.0,GOOD SHEPHERD,,WDE3016,31,12,22,8,,57,A
367332950,2022-01-01T14:37:10,30.05770,-89.80202,0.0,319.0,511.0,GOOD SHEPHERD,,WDE3016,31,12,22,8,,57,A
367332950,2022-01-01T13:12:19,30.05770,-89.80202,0.0,319.0,511.0,GOOD SHEPHERD,,WDE3016,31,12,22,8,,57,A
367332950,2022-01-01T06:11:21,30.05768,-89.80202,0.0,319.0,511.0,GOOD SHEPHERD,,WDE3016,31,12,22,8,,57,A
367332950,2022-01-01T13:53:21,30.05770,-89.80200,0.0,319.0,511.0,GOOD SHEPHERD,,WDE3016,31,12,22,8,,57,A
367332950,2022-01-01T13:48:50,30.05770,-89.80202,0.0,319.0,511.0,GOOD SHEPHERD,,WDE3016,31,12,22,8,,57,A
367332950,2022-01-01T13:50:20,30.05770,-89.80200,0.0,319.0,511.0,GOOD SHEPHERD,,WDE3016,31,12,22,8,,57,A
367332950,2022-01-01T13:17:20,30.05770,-89.80202,0.0,319.0,511.0,GOOD SHEPHERD,,WDE3016,31,12,22,8,,57,A
367332950,2022-01-01T13:55:41,30.05770,-89.80198,0.0,319.0,511.0,GOOD SHEPHERD,,WDE3016,31,12,22,8,,57,A
367332950,2022-01-01T13:19:40,30.05770,-89.80202,0.0,319.0,511.0,GOOD SHEPHERD,,WDE3016,31,12,22,8,,57,A
367332950,2022-01-01T14:43:29,30.05768,-89.80202,0.0,319.0,511.0,GOOD SHEPHERD,,WDE3016,31,12,22,8,,57,A
367332950,2022-01-01T13:52:09,30.05770,-89.80198,0.0,319.0,511.0,GOOD SHEPHERD,,WDE3016,31,12,22,8,,57,A
367332950,2022-01-01T06:15:49,30.05768,-89.80198,0.0,319.0,511.0,GOOD SHEPHERD,,WDE3016,31,12,22,8,,57,A
367332950,2022-01-01T14:07:20,30.05768,-89.80202,0.0,319.0,511.0,GOOD SHEPHERD,,WDE3016,31,12,22,8,,57,A
367332950,2022-01-01T14:02:30,30.05765,-89.80200,0.0,319.0,511.0,GOOD SHEPHERD,,WDE3016,31,12,22,8,,57,A
367332950,2022-01-01T13:58:10,30.05768,-89.80202,0.0,319.0,511.0,GOOD SHEPHERD,,WDE3016,31,12,22,8,,57,A
367332950,2022-01-01T14:03:50,30.05767,-89.80200,0.0,319.0,511.0,GOOD SHEPHERD,,WDE3016,31,12,22,8,,57,A
367332950,2022-01-01T06:16:59,30.05768,-89.80198,0.0,319.0,511.0,GOOD SHEPHERD,,WDE3016,31,12,22,8,,57,A
367332950,2022-01-01T14:13:49,30.05768,-89.80202,0.0,319.0,511.0,GOOD SHEPHERD,,WDE3016,31,12,22,8,,57,A
367332950,2022-01-01T14:06:11,30.05768,-89.80202,0.0,319.0,511.0,GOOD SHEPHERD,,WDE3016,31,12,22,8,,57,A
367332950,2022-01-01T14:17:30,30.05768,-89.80202,0.0,319.0,511.0,GOOD SHEPHERD,,WDE3016,31,12,22,8,,57,A
367332950,2022-01-01T14:10:09,30.05768,-89.80202,0.0,319.0,511.0,GOOD SHEPHERD,,WDE3016,31,12,22,8,,57,A
367332950,2022-01-01T14:11:20,30.05768,-89.80202,0.0,319.0,511.0,GOOD SHEPHERD,,WDE3016,31,12,22,8,,57,A
367332950,2022-01-01T14:24:09,30.05768,-89.80202,0.0,319.0,511.0,GOOD SHEPHERD,,WDE3016,31,12,22,8,,57,A
367332950,2022-01-01T14:05:01,30.05767,-89.80200,0.0,319.0,511.0,GOOD SHEPHERD,,WDE3016,31,12,22,8,,57,A
367332950,2022-01-01T15:05:00,30.05768,-89.80202,0.0,319.0,511.0,GOOD SHEPHERD,,WDE3016,31,12,22,8,,57,A
367332950,2022-01-01T06:24:10,30.05770,-89.80200,0.0,319.0,511.0,GOOD SHEPHERD,,WDE3016,31,12,22,8,,57,A
367332950,2022-01-01T14:09:01,30.05768,-89.80202,0.0,319.0,511.0,GOOD SHEPHERD,,WDE3016,31,12,22,8,,57,A
367332950,2022-01-01T15:08:50,30.05768,-89.80200,0.0,319.0,511.0,GOOD SHEPHERD,,WDE3016,31,12,22,8,,57,A
367332950,2022-01-01T14:21:31,30.05768,-89.80202,0.0,319.0,511.0,GOOD SHEPHERD,,WDE3016,31,12,22,8,,57,A
367332950,2022-01-01T14:19:50,30.05768,-89.80202,0.0,319.0,511.0,GOOD SHEPHERD,,WDE3016,31,12,22,8,,57,A
367332950,2022-01-01T13:56:59,30.05767,-89.80202,0.0,319.0,511.0,GOOD SHEPHERD,,WDE3016,31,12,22,8,,57,A
367332950,2022-01-01T06:33:39,30.05768,-89.80198,0.0,319.0,511.0,GOOD SHEPHERD,,WDE3016,31,12,22,8,,57,A
367332950,2022-01-01T14:34:19,30.05770,-89.80202,0.0,319.0,511.0,GOOD SHEPHERD,,WDE3016,31,12,22,8,,57,A
367332950,2022-01-01T15:24:30,30.05770,-89.80202,0.0,319.0,511.0,GOOD SHEPHERD,,WDE3016,31,12,22,8,,57,A
367332950,2022-01-01T14:45:59,30.05768,-89.80200,0.0,319.0,511.0,GOOD SHEPHERD,,WDE3016,31,12,22,8,,57,A
367332950,2022-01-01T15:25:40,30.05770,-89.80202,0.0,319.0,511.0,GOOD SHEPHERD,,WDE3016,31,12,22,8,,57,A
367332950,2022-01-01T14:50:50,30.05768,-89.80202,0.0,319.0,511.0,GOOD SHEPHERD,,WDE3016,31,12,22,8,,57,A
367332950,2022-01-01T15:28:30,30.05770,-89.80202,0.0,319.0,511.0,GOOD SHEPHERD,,WDE3016,31,12,22,8,,57,A
367332950,2022-01-01T14:40:59,30.05768,-89.80202,0.0,319.0,511.0,GOOD SHEPHERD,,WDE3016,31,12,22,8,,57,A
367332950,2022-01-01T14:15:00,30.05768,-89.80202,0.0,319.0,511.0,GOOD SHEPHERD,,WDE3016,31,12,22,8,,57,A
367332950,2022-01-01T14:39:50,30.05768,-89.80202,0.0,319.0,511.0,GOOD SHEPHERD,,WDE3016,31,12,22,8,,57,A
367332950,2022-01-01T14:16:09,30.05770,-89.80202,0.0,319.0,511.0,GOOD SHEPHERD,,WDE3016,31,12,22,8,,57,A
367332950,2022-01-01T14:58:09,30.05768,-89.80202,0.0,319.0,511.0,GOOD SHEPHERD,,WDE3016,31,12,22,8,,57,A
367332950,2022-01-01T14:59:10,30.05768,-89.80202,0.0,319.0,511.0,GOOD SHEPHERD,,WDE3016,31,12,22,8,,57,A
367332950,2022-01-01T14:38:20,30.05768,-89.80202,0.0,319.0,511.0,GOOD SHEPHERD,,WDE3016,31,12,22,8,,57,A
367332950,2022-01-01T14:44:30,30.05768,-89.80200,0.0,319.0,511.0,GOOD SHEPHERD,,WDE3016,31,12,22,8,,57,A
367332950,2022-01-01T06:40:50,30.05768,-89.80202,0.0,319.0,511.0,GOOD SHEPHERD,,WDE3016,31,12,22,8,,57,A
367332950,2022-01-01T15:03:50,30.05768,-89.80200,0.0,319.0,511.0,GOOD SHEPHERD,,WDE3016,31,12,22,8,,57,A
367332950,2022-01-01T15:06:29,30.05768,-89.80202,0.0,319.0,511.0,GOOD SHEPHERD,,WDE3016,31,12,22,8,,57,A
367332950,2022-01-01T06:42:00,30.05768,-89.80200,0.0,319.0,511.0,GOOD SHEPHERD,,WDE3016,31,12,22,8,,57,A
367332950,2022-01-01T14:25:49,30.05768,-89.80202,0.0,319.0,511.0,GOOD SHEPHERD,,WDE3016,31,12,22,8,,57,A
367332950,2022-01-01T14:47:10,30.05768,-89.80203,0.0,319.0,511.0,GOOD SHEPHERD,,WDE3016,31,12,22,8,,57,A
367332950,2022-01-01T14:48:21,30.05768,-89.80200,0.0,319.0,511.0,GOOD SHEPHERD,,WDE3016,31,12,22,8,,57,A
367332950,2022-01-01T15:00:00,30.05768,-89.80202,0.0,319.0,511.0,GOOD SHEPHERD,,WDE3016,31,12,22,8,,57,A
367332950,2022-01-01T14:30:30,30.05770,-89.80202,0.0,319.0,511.0,GOOD SHEPHERD,,WDE3016,31,12,22,8,,57,A
367332950,2022-01-01T15:10:00,30.05768,-89.80202,0.0,319.0,511.0,GOOD SHEPHERD,,WDE3016,31,12,22,8,,57,A
367332950,2022-01-01T14:55:50,30.05770,-89.80198,0.0,319.0,511.0,GOOD SHEPHERD,,WDE3016,31,12,22,8,,57,A
367332950,2022-01-01T15:14:41,30.05768,-89.80202,0.0,319.0,511.0,GOOD SHEPHERD,,WDE3016,31,12,22,8,,57,A
367332950,2022-01-01T14:33:10,30.05770,-89.80202,0.0,319.0,511.0,GOOD SHEPHERD,,WDE3016,31,12,22,8,,57,A
367332950,2022-01-01T15:11:09,30.05768,-89.80202,0.0,319.0,511.0,GOOD SHEPHERD,,WDE3016,31,12,22,8,,57,A
367332950,2022-01-01T15:02:29,30.05768,-89.80200,0.0,319.0,511.0,GOOD SHEPHERD,,WDE3016,31,12,22,8,,57,A
367332950,2022-01-01T06:45:20,30.05768,-89.80202,0.0,319.0,511.0,GOOD SHEPHERD,,WDE3016,31,12,22,8,,57,A
367332950,2022-01-01T14:35:50,30.05770,-89.80202,0.0,319.0,511.0,GOOD SHEPHERD,,WDE3016,31,12,22,8,,57,A
367332950,2022-01-01T15:22:00,30.05770,-89.80202,0.0,319.0,511.0,GOOD SHEPHERD,,WDE3016,31,12,22,8,,57,A
367332950,2022-01-01T14:42:11,30.05768,-89.80202,0.0,319.0,511.0,GOOD SHEPHERD,,WDE3016,31,12,22,8,,57,A
367332950,2022-01-01T16:02:30,30.05768,-89.80202,0.0,319.0,511.0,GOOD SHEPHERD,,WDE3016,31,12,22,8,,57,A
367332950,2022-01-01T15:29:50,30.05770,-89.80202,0.0,319.0,511.0,GOOD SHEPHERD,,WDE3016,31,12,22,8,,57,A
367332950,2022-01-01T14:49:30,30.05768,-89.80202,0.0,319.0,511.0,GOOD SHEPHERD,,WDE3016,31,12,22,8,,57,A
367332950,2022-01-01T15:32:10,30.05770,-89.80200,0.0,319.0,511.0,GOOD SHEPHERD,,WDE3016,31,12,22,8,,57,A
367332950,2022-01-01T15:17:19,30.05768,-89.80202,0.0,319.0,511.0,GOOD SHEPHERD,,WDE3016,31,12,22,8,,57,A
367332950,2022-01-01T14:52:10,30.05768,-89.80202,0.0,319.0,511.0,GOOD SHEPHERD,,WDE3016,31,12,22,8,,57,A
367332950,2022-01-01T15:23:20,30.05770,-89.80202,0.0,319.0,511.0,GOOD SHEPHERD,,WDE3016,31,12,22,8,,57,A
367332950,2022-01-01T14:53:19,30.05768,-89.80202,0.0,319.0,511.0,GOOD SHEPHERD,,WDE3016,31,12,22,8,,57,A
367332950,2022-01-01T15:33:19,30.05770,-89.80200,0.0,319.0,511.0,GOOD SHEPHERD,,WDE3016,31,12,22,8,,57,A
367332950,2022-01-01T16:14:10,30.05768,-89.80202,0.0,319.0,511.0,GOOD SHEPHERD,,WDE3016,31,12,22,8,,57,A
367332950,2022-01-01T06:51:19,30.05767,-89.80200,0.0,319.0,511.0,GOOD SHEPHERD,,WDE3016,31,12,22,8,,57,A
367332950,2022-01-01T15:18:30,30.05770,-89.80202,0.0,319.0,511.0,GOOD SHEPHERD,,WDE3016,31,12,22,8,,57,A
367332950,2022-01-01T15:19:39,30.05770,-89.80202,0.0,319.0,511.0,GOOD SHEPHERD,,WDE3016,31,12,22,8,,57,A
367332950,2022-01-01T15:01:10,30.05768,-89.80200,0.0,319.0,511.0,GOOD SHEPHERD,,WDE3016,31,12,22,8,,57,A
367332950,2022-01-01T15:20:50,30.05770,-89.80202,0.0,319.0,511.0,GOOD SHEPHERD,,WDE3016,31,12,22,8,,57,A
367332950,2022-01-01T15:44:09,30.05770,-89.80202,0.0,319.0,511.0,GOOD SHEPHERD,,WDE3016,31,12,22,8,,57,A
367332950,2022-01-01T15:34:30,30.05770,-89.80200,0.0,319.0,511.0,GOOD SHEPHERD,,WDE3016,31,12,22,8,,57,A
367332950,2022-01-01T15:07:39,30.05768,-89.80200,0.0,319.0,511.0,GOOD SHEPHERD,,WDE3016,31,12,22,8,,57,A
367332950,2022-01-01T15:26:50,30.05770,-89.80202,0.0,319.0,511.0,GOOD SHEPHERD,,WDE3016,31,12,22,8,,57,A
367332950,2022-01-01T15:36:41,30.05770,-89.80200,0.0,319.0,511.0,GOOD SHEPHERD,,WDE3016,31,12,22,8,,57,A
367332950,2022-01-01T15:37:49,30.05770,-89.80202,0.0,319.0,511.0,GOOD SHEPHERD,,WDE3016,31,12,22,8,,57,A
367332950,2022-01-01T15:52:20,30.05768,-89.80202,0.0,319.0,511.0,GOOD SHEPHERD,,WDE3016,31,12,22,8,,57,A
367332950,2022-01-01T15:48:40,30.05768,-89.80202,0.0,319.0,511.0,GOOD SHEPHERD,,WDE3016,31,12,22,8,,57,A
367332950,2022-01-01T15:13:19,30.05768,-89.80202,0.0,319.0,511.0,GOOD SHEPHERD,,WDE3016,31,12,22,8,,57,A
367332950,2022-01-01T16:31:01,30.05770,-89.80200,0.0,319.0,511.0,GOOD SHEPHERD,,WDE3016,31,12,22,8,,57,A
367332950,2022-01-01T15:41:31,30.05770,-89.80202,0.0,319.0,511.0,GOOD SHEPHERD,,WDE3016,31,12,22,8,,57,A
367332950,2022-01-01T06:58:11,30.05768,-89.80202,0.0,319.0,511.0,GOOD SHEPHERD,,WDE3016,31,12,22,8,,57,A
367332950,2022-01-01T06:59:59,30.05768,-89.80198,0.0,319.0,511.0,GOOD SHEPHERD,,WDE3016,31,12,22,8,,57,A
367332950,2022-01-01T15:55:50,30.05768,-89.80202,0.0,319.0,511.0,GOOD SHEPHERD,,WDE3016,31,12,22,8,,57,A
367332950,2022-01-01T15:42:39,30.05770,-89.80202,0.0,319.0,511.0,GOOD SHEPHERD,,WDE3016,31,12,22,8,,57,A
367332950,2022-01-01T15:50:00,30.05768,-89.80200,0.0,319.0,511.0,GOOD SHEPHERD,,WDE3016,31,12,22,8,,57,A
367332950,2022-01-01T15:51:11,30.05770,-89.80202,0.0,319.0,511.0,GOOD SHEPHERD,,WDE3016,31,12,22,8,,57,A
367332950,2022-01-01T15:53:30,30.05768,-89.80200,0.0,319.0,511.0,GOOD SHEPHERD,,WDE3016,31,12,22,8,,57,A
367332950,2022-01-01T15:47:39,30.05768,-89.80202,0.0,319.0,511.0,GOOD SHEPHERD,,WDE3016,31,12,22,8,,57,A
367332950,2022-01-01T15:54:40,30.05768,-89.80202,0.0,319.0,511.0,GOOD SHEPHERD,,WDE3016,31,12,22,8,,57,A
367332950,2022-01-01T07:02:50,30.05768,-89.80202,0.0,319.0,511.0,GOOD SHEPHERD,,WDE3016,31,12,22,8,,57,A
367332950,2022-01-01T16:03:49,30.05768,-89.80202,0.0,319.0,511.0,GOOD SHEPHERD,,WDE3016,31,12,22,8,,57,A
367332950,2022-01-01T16:46:50,30.05768,-89.80200,0.0,319.0,511.0,GOOD SHEPHERD,,WDE3016,31,12,22,8,,57,A
367332950,2022-01-01T15:58:10,30.05768,-89.80202,0.0,319.0,511.0,GOOD SHEPHERD,,WDE3016,31,12,22,8,,57,A
367332950,2022-01-01T15:59:20,30.05768,-89.80200,0.0,319.0,511.0,GOOD SHEPHERD,,WDE3016,31,12,22,8,,57,A
367332950,2022-01-01T15:31:01,30.05770,-89.80200,0.0,319.0,511.0,GOOD SHEPHERD,,WDE3016,31,12,22,8,,57,A
367332950,2022-01-01T16:00:10,30.05768,-89.80200,0.0,319.0,511.0,GOOD SHEPHERD,,WDE3016,31,12,22,8,,57,A
367332950,2022-01-01T15:57:00,30.05768,-89.80202,0.0,319.0,511.0,GOOD SHEPHERD,,WDE3016,31,12,22,8,,57,A
367332950,2022-01-01T16:01:20,30.05768,-89.80200,0.0,319.0,511.0,GOOD SHEPHERD,,WDE3016,31,12,22,8,,57,A
367332950,2022-01-01T16:06:30,30.05770,-89.80202,0.0,319.0,511.0,GOOD SHEPHERD,,WDE3016,31,12,22,8,,57,A
367332950,2022-01-01T16:07:40,30.05770,-89.80202,0.0,319.0,511.0,GOOD SHEPHERD,,WDE3016,31,12,22,8,,57,A
367332950,2022-01-01T16:15:20,30.05768,-89.80200,0.0,319.0,511.0,GOOD SHEPHERD,,WDE3016,31,12,22,8,,57,A
367332950,2022-01-01T16:09:01,30.05768,-89.80200,0.0,319.0,511.0,GOOD SHEPHERD,,WDE3016,31,12,22,8,,57,A
367332950,2022-01-01T15:39:00,30.05770,-89.80202,0.0,319.0,511.0,GOOD SHEPHERD,,WDE3016,31,12,22,8,,57,A
367332950,2022-01-01T15:40:20,30.05770,-89.80202,0.0,319.0,511.0,GOOD SHEPHERD,,WDE3016,31,12,22,8,,57,A
367332950,2022-01-01T07:09:39,30.05768,-89.80202,0.0,319.0,511.0,GOOD SHEPHERD,,WDE3016,31,12,22,8,,57,A
367332950,2022-01-01T16:59:41,30.05768,-89.80202,0.0,319.0,511.0,GOOD SHEPHERD,,WDE3016,31,12,22,8,,57,A
367332950,2022-01-01T16:11:40,30.05768,-89.80200,0.0,319.0,511.0,GOOD SHEPHERD,,WDE3016,31,12,22,8,,57,A
367332950,2022-01-01T16:12:41,30.05768,-89.80202,0.0,319.0,511.0,GOOD SHEPHERD,,WDE3016,31,12,22,8,,57,A
367332950,2022-01-01T16:23:09,30.05768,-89.80200,0.0,319.0,511.0,GOOD SHEPHERD,,WDE3016,31,12,22,8,,57,A
367332950,2022-01-01T16:22:00,30.05770,-89.80202,0.0,319.0,511.0,GOOD SHEPHERD,,WDE3016,31,12,22,8,,57,A
367332950,2022-01-01T15:46:30,30.05768,-89.80202,0.0,319.0,511.0,GOOD SHEPHERD,,WDE3016,31,12,22,8,,57,A
367332950,2022-01-01T16:10:30,30.05768,-89.80200,0.0,319.0,511.0,GOOD SHEPHERD,,WDE3016,31,12,22,8,,57,A
367332950,2022-01-01T17:10:49,30.05762,-89.80207,0.1,312.0,511.0,GOOD SHEPHERD,,WDE3016,31,12,22,8,,57,A
367332950,2022-01-01T16:18:20,30.05768,-89.80200,0.0,319.0,511.0,GOOD SHEPHERD,,WDE3016,31,12,22,8,,57,A
367332950,2022-01-01T16:19:30,30.05768,-89.80202,0.0,319.0,511.0,GOOD SHEPHERD,,WDE3016,31,12,22,8,,57,A
367332950,2022-01-01T16:25:21,30.05770,-89.80202,0.0,319.0,511.0,GOOD SHEPHERD,,WDE3016,31,12,22,8,,57,A
367332950,2022-01-01T07:15:50,30.05768,-89.80202,0.0,319.0,511.0,GOOD SHEPHERD,,WDE3016,31,12,22,8,,57,A
367332950,2022-01-01T16:35:30,30.05768,-89.80202,0.0,319.0,511.0,GOOD SHEPHERD,,WDE3016,31,12,22,8,,57,A
367332950,2022-01-01T16:24:10,30.05768,-89.80202,0.0,319.0,511.0,GOOD SHEPHERD,,WDE3016,31,12,22,8,,57,A
367332950,2022-01-01T16:27:49,30.05770,-89.80202,0.0,319.0,511.0,GOOD SHEPHERD,,WDE3016,31,12,22,8,,57,A
367332950,2022-01-01T16:28:50,30.05768,-89.80202,0.0,319.0,511.0,GOOD SHEPHERD,,WDE3016,31,12,22,8,,57,A
367332950,2022-01-01T16:36:40,30.05768,-89.80200,0.0,319.0,511.0,GOOD SHEPHERD,,WDE3016,31,12,22,8,,57,A
367332950,2022-01-01T16:43:00,30.05768,-89.80202,0.0,319.0,511.0,GOOD SHEPHERD,,WDE3016,31,12,22,8,,57,A
367332950,2022-01-01T16:32:09,30.05770,-89.80200,0.0,319.0,511.0,GOOD SHEPHERD,,WDE3016,31,12,22,8,,57,A
367332950,2022-01-01T16:44:20,30.05768,-89.80200,0.0,319.0,511.0,GOOD SHEPHERD,,WDE3016,31,12,22,8,,57,A
367332950,2022-01-01T07:21:00,30.05768,-89.80198,0.0,319.0,511.0,GOOD SHEPHERD,,WDE3016,31,12,22,8,,57,A
367332950,2022-01-01T16:34:09,30.05768,-89.80202,0.0,319.0,511.0,GOOD SHEPHERD,,WDE3016,31,12,22,8,,57,A
367332950,2022-01-01T16:45:41,30.05770,-89.80200,0.0,319.0,511.0,GOOD SHEPHERD,,WDE3016,31,12,22,8,,57,A
367332950,2022-01-01T16:39:30,30.05770,-89.80200,0.0,319.0,511.0,GOOD SHEPHERD,,WDE3016,31,12,22,8,,57,A
367332950,2022-01-01T16:48:00,30.05768,-89.80202,0.0,319.0,511.0,GOOD SHEPHERD,,WDE3016,31,12,22,8,,57,A
367332950,2022-01-01T16:38:01,30.05768,-89.80200,0.0,319.0,511.0,GOOD SHEPHERD,,WDE3016,31,12,22,8,,57,A
367332950,2022-01-01T17:32:09,30.05762,-89.80212,0.0,331.0,511.0,GOOD SHEPHERD,,WDE3016,31,12,22,8,,57,A
367332950,2022-01-01T17:33:10,30.05763,-89.80208,0.0,331.0,511.0,GOOD SHEPHERD,,WDE3016,31,12,22,8,,57,A
367332950,2022-01-01T17:35:20,30.05763,-89.80208,0.0,331.0,511.0,GOOD SHEPHERD,,WDE3016,31,12,22,8,,57,A
367332950,2022-01-01T16:41:50,30.05768,-89.80200,0.0,319.0,511.0,GOOD SHEPHERD,,WDE3016,31,12,22,8,,57,A
367332950,2022-01-01T16:17:10,30.05768,-89.80200,0.0,319.0,511.0,GOOD SHEPHERD,,WDE3016,31,12,22,8,,57,A
367332950,2022-01-01T16:56:09,30.05768,-89.80202,0.0,319.0,511.0,GOOD SHEPHERD,,WDE3016,31,12,22,8,,57,A
367332950,2022-01-01T16:49:09,30.05768,-89.80202,0.0,319.0,511.0,GOOD SHEPHERD,,WDE3016,31,12,22,8,,57,A
367332950,2022-01-01T17:04:39,30.05768,-89.80202,0.0,319.0,511.0,GOOD SHEPHERD,,WDE3016,31,12,22,8,,57,A
367332950,2022-01-01T16:26:40,30.05770,-89.80202,0.0,319.0,511.0,GOOD SHEPHERD,,WDE3016,31,12,22,8,,57,A
367332950,2022-01-01T17:08:30,30.05765,-89.80198,0.2,167.0,511.0,GOOD SHEPHERD,,WDE3016,31,12,22,8,,57,A
367332950,2022-01-01T17:56:50,30.05763,-89.80212,0.0,331.0,511.0,GOOD SHEPHERD,,WDE3016,31,12,22,8,,57,A
367332950,2022-01-01T16:57:21,30.05768,-89.80202,0.0,319.0,511.0,GOOD SHEPHERD,,WDE3016,31,12,22,8,,57,A
367332950,2022-01-01T17:03:20,30.05768,-89.80202,0.0,319.0,511.0,GOOD SHEPHERD,,WDE3016,31,12,22,8,,57,A
367332950,2022-01-01T17:05:49,30.05767,-89.80200,0.1,132.0,511.0,GOOD SHEPHERD,,WDE3016,31,12,22,8,,57,A
367332950,2022-01-01T17:02:11,30.05768,-89.80202,0.0,319.0,511.0,GOOD SHEPHERD,,WDE3016,31,12,22,8,,57,A
367332950,2022-01-01T17:07:11,30.05767,-89.80200,0.0,331.0,511.0,GOOD SHEPHERD,,WDE3016,31,12,22,8,,57,A
367332950,2022-01-01T16:40:41,30.05770,-89.80200,0.0,319.0,511.0,GOOD SHEPHERD,,WDE3016,31,12,22,8,,57,A
367332950,2022-01-01T17:20:21,30.05763,-89.80210,0.0,331.0,511.0,GOOD SHEPHERD,,WDE3016,31,12,22,8,,57,A
367332950,2022-01-01T07:32:20,30.05768,-89.80202,0.0,319.0,511.0,GOOD SHEPHERD,,WDE3016,31,12,22,8,,57,A
367332950,2022-01-01T17:13:00,30.05763,-89.80210,0.0,331.0,511.0,GOOD SHEPHERD,,WDE3016,31,12,22,8,,57,A
367332950,2022-01-01T18:11:10,30.05763,-89.80212,0.0,331.0,511.0,GOOD SHEPHERD,,WDE3016,31,12,22,8,,57,A
367332950,2022-01-01T16:50:20,30.05768,-89.80202,0.0,319.0,511.0,GOOD SHEPHERD,,WDE3016,31,12,22,8,,57,A
367332950,2022-01-01T16:51:21,30.05768,-89.80202,0.0,319.0,511.0,GOOD SHEPHERD,,WDE3016,31,12,22,8,,57,A
367332950,2022-01-01T17:17:39,30.05762,-89.80212,0.0,331.0,511.0,GOOD SHEPHERD,,WDE3016,31,12,22,8,,57,A
367332950,2022-01-01T17:14:49,30.05763,-89.80208,0.0,331.0,511.0,GOOD SHEPHERD,,WDE3016,31,12,22,8,,57,A
367332950,2022-01-01T16:52:30,30.05768,-89.80202,0.0,319.0,511.0,GOOD SHEPHERD,,WDE3016,31,12,22,8,,57,A
367332950,2022-01-01T17:19:09,30.05763,-89.80210,0.0,331.0,511.0,GOOD SHEPHERD,,WDE3016,31,12,22,8,,57,A
367332950,2022-01-01T07:36:10,30.05767,-89.80202,0.0,319.0,511.0,GOOD SHEPHERD,,WDE3016,31,12,22,8,,57,A
367332950,2022-01-01T16:58:30,30.05770,-89.80202,0.0,319.0,511.0,GOOD SHEPHERD,,WDE3016,31,12,22,8,,57,A
367332950,2022-01-01T17:21:31,30.05762,-89.80212,0.0,331.0,511.0,GOOD SHEPHERD,,WDE3016,31,12,22,8,,57,A
367332950,2022-01-01T18:19:39,30.05763,-89.80208,0.0,331.0,511.0,GOOD SHEPHERD,,WDE3016,31,12,22,8,,57,A
367332950,2022-01-01T17:26:10,30.05762,-89.80212,0.0,331.0,511.0,GOOD SHEPHERD,,WDE3016,31,12,22,8,,57,A
367332950,2022-01-01T18:20:50,30.05763,-89.80208,0.0,331.0,511.0,GOOD SHEPHERD,,WDE3016,31,12,22,8,,57,A
367332950,2022-01-01T17:27:19,30.05763,-89.80208,0.0,331.0,511.0,GOOD SHEPHERD,,WDE3016,31,12,22,8,,57,A
367332950,2022-01-01T17:25:00,30.05763,-89.80212,0.0,331.0,511.0,GOOD SHEPHERD,,WDE3016,31,12,22,8,,57,A
367332950,2022-01-01T17:41:09,30.05763,-89.80207,0.0,331.0,511.0,GOOD SHEPHERD,,WDE3016,31,12,22,8,,57,A
367332950,2022-01-01T17:28:30,30.05763,-89.80208,0.0,331.0,511.0,GOOD SHEPHERD,,WDE3016,31,12,22,8,,57,A
367332950,2022-01-01T17:42:20,30.05765,-89.80208,0.0,331.0,511.0,GOOD SHEPHERD,,WDE3016,31,12,22,8,,57,A
367332950,2022-01-01T17:43:30,30.05765,-89.80207,0.0,331.0,511.0,GOOD SHEPHERD,,WDE3016,31,12,22,8,,57,A
367332950,2022-01-01T17:29:49,30.05763,-89.80212,0.0,331.0,511.0,GOOD SHEPHERD,,WDE3016,31,12,22,8,,57,A
367332950,2022-01-01T17:44:59,30.05763,-89.80212,0.0,331.0,511.0,GOOD SHEPHERD,,WDE3016,31,12,22,8,,57,A
367332950,2022-01-01T17:51:00,30.05763,-89.80212,0.0,331.0,511.0,GOOD SHEPHERD,,WDE3016,31,12,22,8,,57,A
367332950,2022-01-01T17:37:40,30.05762,-89.80212,0.0,331.0,511.0,GOOD SHEPHERD,,WDE3016,31,12,22,8,,57,A
367332950,2022-01-01T17:39:59,30.05763,-89.80207,0.0,331.0,511.0,GOOD SHEPHERD,,WDE3016,31,12,22,8,,57,A
367332950,2022-01-01T17:55:40,30.05763,-89.80208,0.0,331.0,511.0,GOOD SHEPHERD,,WDE3016,31,12,22,8,,57,A
367332950,2022-01-01T17:46:10,30.05763,-89.80208,0.0,331.0,511.0,GOOD SHEPHERD,,WDE3016,31,12,22,8,,57,A
367332950,2022-01-01T17:48:30,30.05762,-89.80210,0.0,331.0,511.0,GOOD SHEPHERD,,WDE3016,31,12,22,8,,57,A
367332950,2022-01-01T17:22:40,30.05762,-89.80212,0.0,331.0,511.0,GOOD SHEPHERD,,WDE3016,31,12,22,8,,57,A
367332950,2022-01-01T17:23:50,30.05763,-89.80212,0.0,331.0,511.0,GOOD SHEPHERD,,WDE3016,31,12,22,8,,57,A
367332950,2022-01-01T18:06:20,30.05763,-89.80212,0.0,331.0,511.0,GOOD SHEPHERD,,WDE3016,31,12,22,8,,57,A
367332950,2022-01-01T17:58:00,30.05763,-89.80212,0.0,331.0,511.0,GOOD SHEPHERD,,WDE3016,31,12,22,8,,57,A
367332950,2022-01-01T18:47:29,30.05763,-89.80208,0.0,331.0,511.0,GOOD SHEPHERD,,WDE3016,31,12,22,8,,57,A
367332950,2022-01-01T18:10:00,30.05763,-89.80212,0.0,331.0,511.0,GOOD SHEPHERD,,WDE3016,31,12,22,8,,57,A
367332950,2022-01-01T17:59:01,30.05763,-89.80212,0.0,331.0,511.0,GOOD SHEPHERD,,WDE3016,31,12,22,8,,57,A
367332950,2022-01-01T07:44:31,30.05767,-89.80198,0.0,319.0,511.0,GOOD SHEPHERD,,WDE3016,31,12,22,8,,57,A
367332950,2022-01-01T18:49:49,30.05763,-89.80212,0.0,331.0,511.0,GOOD SHEPHERD,,WDE3016,31,12,22,8,,57,A
367332950,2022-01-01T18:51:00,30.05765,-89.80212,0.0,331.0,511.0,GOOD SHEPHERD,,WDE3016,31,12,22,8,,57,A
367332950,2022-01-01T18:15:00,30.05763,-89.80212,0.0,331.0,511.0,GOOD SHEPHERD,,WDE3016,31,12,22,8,,57,A
367332950,2022-01-01T18:01:10,30.05763,-89.80212,0.0,331.0,511.0,GOOD SHEPHERD,,WDE3016,31,12,22,8,,57,A
367332950,2022-01-01T18:02:40,30.05763,-89.80212,0.0,331.0,511.0,GOOD SHEPHERD,,WDE3016,31,12,22,8,,57,A
367332950,2022-01-01T18:05:10,30.05763,-89.80210,0.0,331.0,511.0,GOOD SHEPHERD,,WDE3016,31,12,22,8,,57,A
367332950,2022-01-01T18:07:40,30.05763,-89.80212,0.0,331.0,511.0,GOOD SHEPHERD,,WDE3016,31,12,22,8,,57,A
367332950,2022-01-01T18:08:49,30.05763,-89.80212,0.0,331.0,511.0,GOOD SHEPHERD,,WDE3016,31,12,22,8,,57,A
367332950,2022-01-01T18:25:29,30.05763,-89.80208,0.0,331.0,511.0,GOOD SHEPHERD,,WDE3016,31,12,22,8,,57,A
367332950,2022-01-01T18:26:30,30.05763,-89.80212,0.0,331.0,511.0,GOOD SHEPHERD,,WDE3016,31,12,22,8,,57,A
367332950,2022-01-01T18:12:20,30.05763,-89.80212,0.0,331.0,511.0,GOOD SHEPHERD,,WDE3016,31,12,22,8,,57,A
367332950,2022-01-01T18:29:00,30.05763,-89.80212,0.0,331.0,511.0,GOOD SHEPHERD,,WDE3016,31,12,22,8,,57,A
367332950,2022-01-01T18:13:41,30.05763,-89.80212,0.0,331.0,511.0,GOOD SHEPHERD,,WDE3016,31,12,22,8,,57,A
367332950,2022-01-01T18:18:29,30.05763,-89.80212,0.0,331.0,511.0,GOOD SHEPHERD,,WDE3016,31,12,22,8,,57,A
367332950,2022-01-01T17:47:20,30.05762,-89.80208,0.0,331.0,511.0,GOOD SHEPHERD,,WDE3016,31,12,22,8,,57,A
367332950,2022-01-01T19:08:30,30.05763,-89.80212,0.0,331.0,511.0,GOOD SHEPHERD,,WDE3016,31,12,22,8,,57,A
367332950,2022-01-01T17:52:10,30.05763,-89.80212,0.0,331.0,511.0,GOOD SHEPHERD,,WDE3016,31,12,22,8,,57,A
367332950,2022-01-01T19:12:09,30.05763,-89.80212,0.0,331.0,511.0,GOOD SHEPHERD,,WDE3016,31,12,22,8,,57,A
367332950,2022-01-01T18:36:29,30.05763,-89.80212,0.0,331.0,511.0,GOOD SHEPHERD,,WDE3016,31,12,22,8,,57,A
367332950,2022-01-01T18:23:19,30.05763,-89.80208,0.0,331.0,511.0,GOOD SHEPHERD,,WDE3016,31,12,22,8,,57,A
367332950,2022-01-01T19:19:10,30.05763,-89.80212,0.0,331.0,511.0,GOOD SHEPHERD,,WDE3016,31,12,22,8,,57,A
367332950,2022-01-01T18:27:49,30.05763,-89.80208,0.0,331.0,511.0,GOOD SHEPHERD,,WDE3016,31,12,22,8,,57,A
367332950,2022-01-01T18:41:11,30.05763,-89.80208,0.0,331.0,511.0,GOOD SHEPHERD,,WDE3016,31,12,22,8,,57,A
367332950,2022-01-01T18:24:20,30.05763,-89.80208,0.0,331.0,511.0,GOOD SHEPHERD,,WDE3016,31,12,22,8,,57,A
367332950,2022-01-01T18:43:20,30.05763,-89.80212,0.0,331.0,511.0,GOOD SHEPHERD,,WDE3016,31,12,22,8,,57,A
367332950,2022-01-01T19:26:20,30.05763,-89.80212,0.0,331.0,511.0,GOOD SHEPHERD,,WDE3016,31,12,22,8,,57,A
367332950,2022-01-01T18:48:40,30.05763,-89.80208,0.0,331.0,511.0,GOOD SHEPHERD,,WDE3016,31,12,22,8,,57,A
367332950,2022-01-01T18:35:10,30.05765,-89.80212,0.0,331.0,511.0,GOOD SHEPHERD,,WDE3016,31,12,22,8,,57,A
367332950,2022-01-01T19:29:50,30.05763,-89.80208,0.0,331.0,511.0,GOOD SHEPHERD,,WDE3016,31,12,22,8,,57,A
367332950,2022-01-01T18:39:59,30.05763,-89.80212,0.0,331.0,511.0,GOOD SHEPHERD,,WDE3016,31,12,22,8,,57,A
367332950,2022-01-01T18:37:40,30.05763,-89.80212,0.0,331.0,511.0,GOOD SHEPHERD,,WDE3016,31,12,22,8,,57,A
367332950,2022-01-01T18:42:19,30.05763,-89.80212,0.0,331.0,511.0,GOOD SHEPHERD,,WDE3016,31,12,22,8,,57,A
367332950,2022-01-01T18:55:00,30.05763,-89.80208,0.0,331.0,511.0,GOOD SHEPHERD,,WDE3016,31,12,22,8,,57,A
367332950,2022-01-01T18:56:10,30.05763,-89.80208,0.0,331.0,511.0,GOOD SHEPHERD,,WDE3016,31,12,22,8,,57,A
367332950,2022-01-01T18:45:51,30.05763,-89.80208,0.0,331.0,511.0,GOOD SHEPHERD,,WDE3016,31,12,22,8,,57,A
367332950,2022-01-01T18:17:20,30.05763,-89.80212,0.0,331.0,511.0,GOOD SHEPHERD,,WDE3016,31,12,22,8,,57,A
367332950,2022-01-01T19:39:19,30.05763,-89.80210,0.0,331.0,511.0,GOOD SHEPHERD,,WDE3016,31,12,22,8,,57,A
367332950,2022-01-01T19:42:41,30.05763,-89.80210,0.0,331.0,511.0,GOOD SHEPHERD,,WDE3016,31,12,22,8,,57,A
367332950,2022-01-01T08:05:30,30.05768,-89.80202,0.0,319.0,511.0,GOOD SHEPHERD,,WDE3016,31,12,22,8,,57,A
367332950,2022-01-01T19:07:10,30.05763,-89.80212,0.0,331.0,511.0,GOOD SHEPHERD,,WDE3016,31,12,22,8,,57,A
367332950,2022-01-01T19:48:20,30.05763,-89.80208,0.0,331.0,511.0,GOOD SHEPHERD,,WDE3016,31,12,22,8,,57,A
367332950,2022-01-01T18:53:51,30.05763,-89.80212,0.0,331.0,511.0,GOOD SHEPHERD,,WDE3016,31,12,22,8,,57,A
367332950,2022-01-01T18:52:49,30.05765,-89.80212,0.0,331.0,511.0,GOOD SHEPHERD,,WDE3016,31,12,22,8,,57,A
367332950,2022-01-01T19:49:39,30.05763,-89.80212,0.0,331.0,511.0,GOOD SHEPHERD,,WDE3016,31,12,22,8,,57,A
367332950,2022-01-01T19:11:00,30.05763,-89.80212,0.0,331.0,511.0,GOOD SHEPHERD,,WDE3016,31,12,22,8,,57,A
367332950,2022-01-01T18:31:21,30.05763,-89.80208,0.0,331.0,511.0,GOOD SHEPHERD,,WDE3016,31,12,22,8,,57,A
367332950,2022-01-01T18:32:29,30.05765,-89.80212,0.0,331.0,511.0,GOOD SHEPHERD,,WDE3016,31,12,22,8,,57,A
367332950,2022-01-01T18:33:40,30.05763,-89.80212,0.0,331.0,511.0,GOOD SHEPHERD,,WDE3016,31,12,22,8,,57,A
367332950,2022-01-01T19:55:40,30.05763,-89.80208,0.0,331.0,511.0,GOOD SHEPHERD,,WDE3016,31,12,22,8,,57,A
367332950,2022-01-01T19:15:39,30.05763,-89.80212,0.0,331.0,511.0,GOOD SHEPHERD,,WDE3016,31,12,22,8,,57,A
367332950,2022-01-01T18:38:49,30.05763,-89.80208,0.0,331.0,511.0,GOOD SHEPHERD,,WDE3016,31,12,22,8,,57,A
367332950,2022-01-01T19:58:00,30.05763,-89.80212,0.0,331.0,511.0,GOOD SHEPHERD,,WDE3016,31,12,22,8,,57,A
367332950,2022-01-01T19:02:21,30.05763,-89.80208,0.0,331.0,511.0,GOOD SHEPHERD,,WDE3016,31,12,22,8,,57,A
367332950,2022-01-01T19:01:10,30.05763,-89.80208,0.0,331.0,511.0,GOOD SHEPHERD,,WDE3016,31,12,22,8,,57,A
367332950,2022-01-01T19:20:20,30.05763,-89.80212,0.0,331.0,511.0,GOOD SHEPHERD,,WDE3016,31,12,22,8,,57,A
367332950,2022-01-01T19:03:30,30.05763,-89.80208,0.0,331.0,511.0,GOOD SHEPHERD,,WDE3016,31,12,22,8,,57,A
367332950,2022-01-01T08:17:30,30.05768,-89.80202,0.0,319.0,511.0,GOOD SHEPHERD,,WDE3016,31,12,22,8,,57,A
367332950,2022-01-01T19:28:49,30.05763,-89.80208,0.0,331.0,511.0,GOOD SHEPHERD,,WDE3016,31,12,22,8,,57,A
367332950,2022-01-01T19:13:21,30.05763,-89.80212,0.0,331.0,511.0,GOOD SHEPHERD,,WDE3016,31,12,22,8,,57,A
367332950,2022-01-01T20:08:19,30.05763,-89.80212,0.0,331.0,511.0,GOOD SHEPHERD,,WDE3016,31,12,22,8,,57,A
367332950,2022-01-01T08:20:00,30.05768,-89.80198,0.0,319.0,511.0,GOOD SHEPHERD,,WDE3016,31,12,22,8,,57,A
367332950,2022-01-01T20:09:31,30.05763,-89.80212,0.0,331.0,511.0,GOOD SHEPHERD,,WDE3016,31,12,22,8,,57,A
367332950,2022-01-01T19:30:59,30.05763,-89.80212,0.0,331.0,511.0,GOOD SHEPHERD,,WDE3016,31,12,22,8,,57,A
367332950,2022-01-01T08:21:10,30.05768,-89.80198,0.0,319.0,511.0,GOOD SHEPHERD,,WDE3016,31,12,22,8,,57,A
367332950,2022-01-01T19:37:00,30.05763,-89.80212,0.0,331.0,511.0,GOOD SHEPHERD,,WDE3016,31,12,22,8,,57,A
367332950,2022-01-01T19:17:50,30.05763,-89.80212,0.0,331.0,511.0,GOOD SHEPHERD,,WDE3016,31,12,22,8,,57,A
367332950,2022-01-01T18:58:21,30.05763,-89.80208,0.0,331.0,511.0,GOOD SHEPHERD,,WDE3016,31,12,22,8,,57,A
367332950,2022-01-01T19:38:10,30.05763,-89.80212,0.0,331.0,511.0,GOOD SHEPHERD,,WDE3016,31,12,22,8,,57,A
367332950,2022-01-01T19:25:19,30.05763,-89.80210,0.0,331.0,511.0,GOOD SHEPHERD,,WDE3016,31,12,22,8,,57,A
367332950,2022-01-01T19:22:50,30.05763,-89.80208,0.0,331.0,511.0,GOOD SHEPHERD,,WDE3016,31,12,22,8,,57,A
367332950,2022-01-01T19:43:51,30.05763,-89.80210,0.0,331.0,511.0,GOOD SHEPHERD,,WDE3016,31,12,22,8,,57,A
367332950,2022-01-01T19:44:59,30.05763,-89.80210,0.0,331.0,511.0,GOOD SHEPHERD,,WDE3016,31,12,22,8,,57,A
367332950,2022-01-01T19:24:10,30.05763,-89.80208,0.0,331.0,511.0,GOOD SHEPHERD,,WDE3016,31,12,22,8,,57,A
367332950,2022-01-01T19:04:51,30.05763,-89.80210,0.0,331.0,511.0,GOOD SHEPHERD,,WDE3016,31,12,22,8,,57,A
367332950,2022-01-01T20:26:10,30.05763,-89.80212,0.0,331.0,511.0,GOOD SHEPHERD,,WDE3016,31,12,22,8,,57,A
367332950,2022-01-01T08:25:49,30.05768,-89.80202,0.0,319.0,511.0,GOOD SHEPHERD,,WDE3016,31,12,22,8,,57,A
367332950,2022-01-01T19:14:30,30.05763,-89.80208,0.0,331.0,511.0,GOOD SHEPHERD,,WDE3016,31,12,22,8,,57,A
367332950,2022-01-01T20:36:10,30.05763,-89.80212,0.0,331.0,511.0,GOOD SHEPHERD,,WDE3016,31,12,22,8,,57,A
367332950,2022-01-01T19:34:49,30.05763,-89.80212,0.0,331.0,511.0,GOOD SHEPHERD,,WDE3016,31,12,22,8,,57,A
367332950,2022-01-01T20:42:11,30.05763,-89.80212,0.0,331.0,511.0,GOOD SHEPHERD,,WDE3016,31,12,22,8,,57,A
367332950,2022-01-01T20:03:39,30.05763,-89.80208,0.0,331.0,511.0,GOOD SHEPHERD,,WDE3016,31,12,22,8,,57,A
367332950,2022-01-01T19:40:31,30.05763,-89.80210,0.0,331.0,511.0,GOOD SHEPHERD,,WDE3016,31,12,22,8,,57,A
367332950,2022-01-01T19:51:39,30.05763,-89.80212,0.0,331.0,511.0,GOOD SHEPHERD,,WDE3016,31,12,22,8,,57,A
367332950,2022-01-01T19:47:11,30.05763,-89.80208,0.0,331.0,511.0,GOOD SHEPHERD,,WDE3016,31,12,22,8,,57,A
367332950,2022-01-01T19:54:39,30.05763,-89.80212,0.0,331.0,511.0,GOOD SHEPHERD,,WDE3016,31,12,22,8,,57,A
367332950,2022-01-01T20:52:59,30.05763,-89.80210,0.0,331.0,511.0,GOOD SHEPHERD,,WDE3016,31,12,22,8,,57,A
367332950,2022-01-01T19:32:30,30.05763,-89.80208,0.0,331.0,511.0,GOOD SHEPHERD,,WDE3016,31,12,22,8,,57,A
367332950,2022-01-01T19:33:31,30.05763,-89.80212,0.0,331.0,511.0,GOOD SHEPHERD,,WDE3016,31,12,22,8,,57,A
367332950,2022-01-01T19:59:11,30.05763,-89.80212,0.0,331.0,511.0,GOOD SHEPHERD,,WDE3016,31,12,22,8,,57,A
367332950,2022-01-01T20:16:39,30.05763,-89.80212,0.0,331.0,511.0,GOOD SHEPHERD,,WDE3016,31,12,22,8,,57,A
367332950,2022-01-01T20:11:41,30.05763,-89.80208,0.0,331.0,511.0,GOOD SHEPHERD,,WDE3016,31,12,22,8,,57,A
367332950,2022-01-01T20:01:11,30.05763,-89.80208,0.0,331.0,511.0,GOOD SHEPHERD,,WDE3016,31,12,22,8,,57,A
367332950,2022-01-01T08:39:21,30.05768,-89.80198,0.0,319.0,511.0,GOOD SHEPHERD,,WDE3016,31,12,22,8,,57,A
367332950,2022-01-01T20:04:41,30.05763,-89.80208,0.0,331.0,511.0,GOOD SHEPHERD,,WDE3016,31,12,22,8,,57,A
367332950,2022-01-01T19:41:39,30.05763,-89.80210,0.0,331.0,511.0,GOOD SHEPHERD,,WDE3016,31,12,22,8,,57,A
367332950,2022-01-01T20:07:10,30.05763,-89.80212,0.0,331.0,511.0,GOOD SHEPHERD,,WDE3016,31,12,22,8,,57,A
367332950,2022-01-01T20:19:00,30.05765,-89.80208,0.0,331.0,511.0,GOOD SHEPHERD,,WDE3016,31,12,22,8,,57,A
367332950,2022-01-01T20:05:49,30.05763,-89.80212,0.0,331.0,511.0,GOOD SHEPHERD,,WDE3016,31,12,22,8,,57,A
367332950,2022-01-01T20:10:40,30.05763,-89.80208,0.0,331.0,511.0,GOOD SHEPHERD,,WDE3016,31,12,22,8,,57,A
367332950,2022-01-01T20:12:59,30.05763,-89.80208,0.0,331.0,511.0,GOOD SHEPHERD,,WDE3016,31,12,22,8,,57,A
367332950,2022-01-01T20:14:10,30.05763,-89.80208,0.0,331.0,511.0,GOOD SHEPHERD,,WDE3016,31,12,22,8,,57,A
367332950,2022-01-01T21:14:11,30.05765,-89.80212,0.0,331.0,511.0,GOOD SHEPHERD,,WDE3016,31,12,22,8,,57,A
367332950,2022-01-01T21:15:20,30.05765,-89.80212,0.0,331.0,511.0,GOOD SHEPHERD,,WDE3016,31,12,22,8,,57,A
367332950,2022-01-01T20:29:30,30.05763,-89.80212,0.0,331.0,511.0,GOOD SHEPHERD,,WDE3016,31,12,22,8,,57,A
367332950,2022-01-01T21:16:30,30.05765,-89.80212,0.0,331.0,511.0,GOOD SHEPHERD,,WDE3016,31,12,22,8,,57,A
367332950,2022-01-01T08:46:40,30.05768,-89.80198,0.0,319.0,511.0,GOOD SHEPHERD,,WDE3016,31,12,22,8,,57,A
367332950,2022-01-01T19:56:59,30.05763,-89.80208,0.0,331.0,511.0,GOOD SHEPHERD,,WDE3016,31,12,22,8,,57,A
367332950,2022-01-01T20:43:19,30.05765,-89.80212,0.0,331.0,511.0,GOOD SHEPHERD,,WDE3016,31,12,22,8,,57,A
367332950,2022-01-01T20:37:19,30.05763,-89.80212,0.0,331.0,511.0,GOOD SHEPHERD,,WDE3016,31,12,22,8,,57,A
367332950,2022-01-01T20:23:50,30.05763,-89.80212,0.0,331.0,511.0,GOOD SHEPHERD,,WDE3016,31,12,22,8,,57,A
367332950,2022-01-01T20:24:51,30.05763,-89.80212,0.0,331.0,511.0,GOOD SHEPHERD,,WDE3016,31,12,22,8,,57,A
367332950,2022-01-01T08:53:10,30.05768,-89.80198,0.0,319.0,511.0,GOOD SHEPHERD,,WDE3016,31,12,22,8,,57,A
367332950,2022-01-01T21:24:40,30.05765,-89.80208,0.0,331.0,511.0,GOOD SHEPHERD,,WDE3016,31,12,22,8,,57,A
367332950,2022-01-01T20:39:50,30.05763,-89.80212,0.0,331.0,511.0,GOOD SHEPHERD,,WDE3016,31,12,22,8,,57,A
367332950,2022-01-01T20:20:01,30.05763,-89.80212,0.0,331.0,511.0,GOOD SHEPHERD,,WDE3016,31,12,22,8,,57,A
367332950,2022-01-01T20:21:10,30.05763,-89.80212,0.0,331.0,511.0,GOOD SHEPHERD,,WDE3016,31,12,22,8,,57,A
367332950,2022-01-01T20:22:19,30.05763,-89.80212,0.0,331.0,511.0,GOOD SHEPHERD,,WDE3016,31,12,22,8,,57,A
367332950,2022-01-01T20:30:50,30.05763,-89.80212,0.0,331.0,511.0,GOOD SHEPHERD,,WDE3016,31,12,22,8,,57,A
367332950,2022-01-01T21:29:31,30.05763,-89.80212,0.0,331.0,511.0,GOOD SHEPHERD,,WDE3016,31,12,22,8,,57,A
367332950,2022-01-01T20:32:11,30.05763,-89.80212,0.0,331.0,511.0,GOOD SHEPHERD,,WDE3016,31,12,22,8,,57,A
367332950,2022-01-01T08:55:39,30.05768,-89.80202,0.0,319.0,511.0,GOOD SHEPHERD,,WDE3016,31,12,22,8,,57,A
367332950,2022-01-01T20:33:20,30.05763,-89.80212,0.0,331.0,511.0,GOOD SHEPHERD,,WDE3016,31,12,22,8,,57,A
367332950,2022-01-01T20:27:20,30.05763,-89.80212,0.0,331.0,511.0,GOOD SHEPHERD,,WDE3016,31,12,22,8,,57,A
367332950,2022-01-01T20:56:50,30.05763,-89.80210,0.0,331.0,511.0,GOOD SHEPHERD,,WDE3016,31,12,22,8,,57,A
367332950,2022-01-01T21:39:09,30.05763,-89.80212,0.0,331.0,511.0,GOOD SHEPHERD,,WDE3016,31,12,22,8,,57,A
367332950,2022-01-01T20:44:20,30.05765,-89.80212,0.0,331.0,511.0,GOOD SHEPHERD,,WDE3016,31,12,22,8,,57,A
367332950,2022-01-01T21:02:49,30.05765,-89.80210,0.0,331.0,511.0,GOOD SHEPHERD,,WDE3016,31,12,22,8,,57,A
367332950,2022-01-01T20:49:21,30.05765,-89.80212,0.0,331.0,511.0,GOOD SHEPHERD,,WDE3016,31,12,22,8,,57,A
367332950,2022-01-01T20:50:30,30.05763,-89.80212,0.0,331.0,511.0,GOOD SHEPHERD,,WDE3016,31,12,22,8,,57,A
367332950,2022-01-01T21:07:50,30.05765,-89.80212,0.0,331.0,511.0,GOOD SHEPHERD,,WDE3016,31,12,22,8,,57,A
367332950,2022-01-01T20:54:10,30.05763,-89.80212,0.0,331.0,511.0,GOOD SHEPHERD,,WDE3016,31,12,22,8,,57,A
367332950,2022-01-01T21:08:59,30.05765,-89.80212,0.0,331.0,511.0,GOOD SHEPHERD,,WDE3016,31,12,22,8,,57,A
367332950,2022-01-01T21:10:41,30.05765,-89.80212,0.0,331.0,511.0,GOOD SHEPHERD,,WDE3016,31,12,22,8,,57,A
367332950,2022-01-01T20:59:09,30.05765,-89.80212,0.0,331.0,511.0,GOOD SHEPHERD,,WDE3016,31,12,22,8,,57,A
367332950,2022-01-01T09:04:09,30.05768,-89.80202,0.0,319.0,511.0,GOOD SHEPHERD,,WDE3016,31,12,22,8,,57,A
367332950,2022-01-01T21:11:49,30.05765,-89.80212,0.0,331.0,511.0,GOOD SHEPHERD,,WDE3016,31,12,22,8,,57,A
367332950,2022-01-01T21:59:10,30.05763,-89.80212,0.0,331.0,511.0,GOOD SHEPHERD,,WDE3016,31,12,22,8,,57,A
367332950,2022-01-01T22:00:01,30.05763,-89.80212,0.0,331.0,511.0,GOOD SHEPHERD,,WDE3016,31,12,22,8,,57,A
367332950,2022-01-01T22:01:10,30.05763,-89.80212,0.0,331.0,511.0,GOOD SHEPHERD,,WDE3016,31,12,22,8,,57,A
367332950,2022-01-01T21:05:30,30.05765,-89.80210,0.0,331.0,511.0,GOOD SHEPHERD,,WDE3016,31,12,22,8,,57,A
367332950,2022-01-01T20:51:40,30.05765,-89.80212,0.0,331.0,511.0,GOOD SHEPHERD,,WDE3016,31,12,22,8,,57,A
367332950,2022-01-01T09:05:21,30.05770,-89.80202,0.0,319.0,511.0,GOOD SHEPHERD,,WDE3016,31,12,22,8,,57,A
367332950,2022-01-01T21:22:30,30.05765,-89.80212,0.0,331.0,511.0,GOOD SHEPHERD,,WDE3016,31,12,22,8,,57,A
367332950,2022-01-01T22:11:49,30.05763,-89.80212,0.0,331.0,511.0,GOOD SHEPHERD,,WDE3016,31,12,22,8,,57,A
367332950,2022-01-01T21:27:09,30.05763,-89.80212,0.0,331.0,511.0,GOOD SHEPHERD,,WDE3016,31,12,22,8,,57,A
367332950,2022-01-01T20:48:20,30.05765,-89.80212,0.0,331.0,511.0,GOOD SHEPHERD,,WDE3016,31,12,22,8,,57,A
367332950,2022-01-01T22:14:10,30.05763,-89.80208,0.0,331.0,511.0,GOOD SHEPHERD,,WDE3016,31,12,22,8,,57,A
367332950,2022-01-01T22:16:30,30.05763,-89.80212,0.0,331.0,511.0,GOOD SHEPHERD,,WDE3016,31,12,22,8,,57,A
367332950,2022-01-01T21:20:01,30.05763,-89.80212,0.0,331.0,511.0,GOOD SHEPHERD,,WDE3016,31,12,22,8,,57,A
367332950,2022-01-01T21:34:20,30.05763,-89.80212,0.0,331.0,511.0,GOOD SHEPHERD,,WDE3016,31,12,22,8,,57,A
367332950,2022-01-01T21:06:41,30.05765,-89.80212,0.0,331.0,511.0,GOOD SHEPHERD,,WDE3016,31,12,22,8,,57,A
367332950,2022-01-01T22:20:00,30.05763,-89.80212,0.0,331.0,511.0,GOOD SHEPHERD,,WDE3016,31,12,22,8,,57,A
367332950,2022-01-01T21:23:39,30.05765,-89.80208,0.0,331.0,511.0,GOOD SHEPHERD,,WDE3016,31,12,22,8,,57,A
367332950,2022-01-01T21:13:00,30.05765,-89.80212,0.0,331.0,511.0,GOOD SHEPHERD,,WDE3016,31,12,22,8,,57,A
367332950,2022-01-01T21:41:19,30.05763,-89.80212,0.0,331.0,511.0,GOOD SHEPHERD,,WDE3016,31,12,22,8,,57,A
367332950,2022-01-01T21:28:19,30.05763,-89.80212,0.0,331.0,511.0,GOOD SHEPHERD,,WDE3016,31,12,22,8,,57,A
367332950,2022-01-01T21:40:10,30.05763,-89.80212,0.0,331.0,511.0,GOOD SHEPHERD,,WDE3016,31,12,22,8,,57,A
367332950,2022-01-01T21:43:41,30.05763,-89.80212,0.0,331.0,511.0,GOOD SHEPHERD,,WDE3016,31,12,22,8,,57,A
367332950,2022-01-01T21:30:49,30.05763,-89.80212,0.0,331.0,511.0,GOOD SHEPHERD,,WDE3016,31,12,22,8,,57,A
367332950,2022-01-01T21:44:59,30.05763,-89.80212,0.0,331.0,511.0,GOOD SHEPHERD,,WDE3016,31,12,22,8,,57,A
367332950,2022-01-01T21:26:00,30.05765,-89.80212,0.0,331.0,511.0,GOOD SHEPHERD,,WDE3016,31,12,22,8,,57,A
367332950,2022-01-01T21:46:10,30.05763,-89.80212,0.0,331.0,511.0,GOOD SHEPHERD,,WDE3016,31,12,22,8,,57,A
367332950,2022-01-01T21:17:40,30.05765,-89.80212,0.0,331.0,511.0,GOOD SHEPHERD,,WDE3016,31,12,22,8,,57,A
367332950,2022-01-01T21:36:39,30.05763,-89.80212,0.0,331.0,511.0,GOOD SHEPHERD,,WDE3016,31,12,22,8,,57,A
367332950,2022-01-01T21:48:39,30.05763,-89.80212,0.0,331.0,511.0,GOOD SHEPHERD,,WDE3016,31,12,22,8,,57,A
367332950,2022-01-01T21:51:09,30.05763,-89.80208,0.0,331.0,511.0,GOOD SHEPHERD,,WDE3016,31,12,22,8,,57,A
367332950,2022-01-01T21:21:10,30.05765,-89.80210,0.0,331.0,511.0,GOOD SHEPHERD,,WDE3016,31,12,22,8,,57,A
367332950,2022-01-01T21:42:31,30.05763,-89.80212,0.0,331.0,511.0,GOOD SHEPHERD,,WDE3016,31,12,22,8,,57,A
367332950,2022-01-01T22:02:19,30.05763,-89.80208,0.0,331.0,511.0,GOOD SHEPHERD,,WDE3016,31,12,22,8,,57,A
367332950,2022-01-01T22:03:30,30.05763,-89.80208,0.0,331.0,511.0,GOOD SHEPHERD,,WDE3016,31,12,22,8,,57,A
367332950,2022-01-01T09:31:40,30.05768,-89.80202,0.0,319.0,511.0,GOOD SHEPHERD,,WDE3016,31,12,22,8,,57,A
367332950,2022-01-01T21:32:00,30.05763,-89.80212,0.0,331.0,511.0,GOOD SHEPHERD,,WDE3016,31,12,22,8,,57,A
367332950,2022-01-01T21:33:09,30.05763,-89.80212,0.0,331.0,511.0,GOOD SHEPHERD,,WDE3016,31,12,22,8,,57,A
367332950,2022-01-01T21:47:20,30.05763,-89.80212,0.0,331.0,511.0,GOOD SHEPHERD,,WDE3016,31,12,22,8,,57,A
367332950,2022-01-01T22:07:11,30.05763,-89.80212,0.0,331.0,511.0,GOOD SHEPHERD,,WDE3016,31,12,22,8,,57,A
367332950,2022-01-01T21:54:40,30.05763,-89.80208,0.0,331.0,511.0,GOOD SHEPHERD,,WDE3016,31,12,22,8,,57,A
367332950,2022-01-01T22:08:20,30.05763,-89.80212,0.0,331.0,511.0,GOOD SHEPHERD,,WDE3016,31,12,22,8,,57,A
367332950,2022-01-01T21:58:01,30.05763,-89.80212,0.0,331.0,511.0,GOOD SHEPHERD,,WDE3016,31,12,22,8,,57,A
367332950,2022-01-01T21:52:21,30.05763,-89.80212,0.0,331.0,511.0,GOOD SHEPHERD,,WDE3016,31,12,22,8,,57,A
367332950,2022-01-01T21:35:29,30.05763,-89.80208,0.0,331.0,511.0,GOOD SHEPHERD,,WDE3016,31,12,22,8,,57,A
367332950,2022-01-01T23:05:01,30.05763,-89.80212,0.0,331.0,511.0,GOOD SHEPHERD,,WDE3016,31,12,22,8,,57,A
367332950,2022-01-01T22:04:40,30.05763,-89.80212,0.0,331.0,511.0,GOOD SHEPHERD,,WDE3016,31,12,22,8,,57,A
367332950,2022-01-01T23:06:10,30.05763,-89.80212,0.0,331.0,511.0,GOOD SHEPHERD,,WDE3016,31,12,22,8,,57,A
367332950,2022-01-01T09:38:10,30.05768,-89.80202,0.0,319.0,511.0,GOOD SHEPHERD,,WDE3016,31,12,22,8,,57,A
367332950,2022-01-01T21:37:59,30.05763,-89.80212,0.0,331.0,511.0,GOOD SHEPHERD,,WDE3016,31,12,22,8,,57,A
367332950,2022-01-01T22:21:09,30.05763,-89.80212,0.0,331.0,511.0,GOOD SHEPHERD,,WDE3016,31,12,22,8,,57,A
367332950,2022-01-01T22:09:30,30.05763,-89.80212,0.0,331.0,511.0,GOOD SHEPHERD,,WDE3016,31,12,22,8,,57,A
367332950,2022-01-01T22:10:39,30.05763,-89.80212,0.0,331.0,511.0,GOOD SHEPHERD,,WDE3016,31,12,22,8,,57,A
367332950,2022-01-01T22:06:01,30.05763,-89.80212,0.0,331.0,511.0,GOOD SHEPHERD,,WDE3016,31,12,22,8,,57,A
367332950,2022-01-01T21:55:50,30.05763,-89.80208,0.0,331.0,511.0,GOOD SHEPHERD,,WDE3016,31,12,22,8,,57,A
367332950,2022-01-01T22:29:29,30.05763,-89.80212,0.0,331.0,511.0,GOOD SHEPHERD,,WDE3016,31,12,22,8,,57,A
367332950,2022-01-01T22:34:50,30.05763,-89.80212,0.0,331.0,511.0,GOOD SHEPHERD,,WDE3016,31,12,22,8,,57,A
367332950,2022-01-01T23:24:21,30.05763,-89.80208,0.0,331.0,511.0,GOOD SHEPHERD,,WDE3016,31,12,22,8,,57,A
367332950,2022-01-01T21:49:50,30.05763,-89.80212,0.0,331.0,511.0,GOOD SHEPHERD,,WDE3016,31,12,22,8,,57,A
367332950,2022-01-01T22:22:20,30.05763,-89.80212,0.0,331.0,511.0,GOOD SHEPHERD,,WDE3016,31,12,22,8,,57,A
367332950,2022-01-01T22:38:30,30.05763,-89.80212,0.0,331.0,511.0,GOOD SHEPHERD,,WDE3016,31,12,22,8,,57,A
367332950,2022-01-01T22:24:49,30.05763,-89.80208,0.0,331.0,511.0,GOOD SHEPHERD,,WDE3016,31,12,22,8,,57,A
367332950,2022-01-01T22:40:50,30.05763,-89.80212,0.0,331.0,511.0,GOOD SHEPHERD,,WDE3016,31,12,22,8,,57,A
367332950,2022-01-01T09:46:39,30.05768,-89.80202,0.0,319.0,511.0,GOOD SHEPHERD,,WDE3016,31,12,22,8,,57,A
367332950,2022-01-01T22:26:00,30.05763,-89.80210,0.0,331.0,511.0,GOOD SHEPHERD,,WDE3016,31,12,22,8,,57,A
367332950,2022-01-01T22:27:10,30.05763,-89.80210,0.0,331.0,511.0,GOOD SHEPHERD,,WDE3016,31,12,22,8,,57,A
367332950,2022-01-01T22:28:19,30.05763,-89.80210,0.0,331.0,511.0,GOOD SHEPHERD,,WDE3016,31,12,22,8,,57,A
367332950,2022-01-01T21:57:00,30.05763,-89.80212,0.0,331.0,511.0,GOOD SHEPHERD,,WDE3016,31,12,22,8,,57,A
367332950,2022-01-01T22:45:30,30.05763,-89.80212,0.0,331.0,511.0,GOOD SHEPHERD,,WDE3016,31,12,22,8,,57,A
367332950,2022-01-01T22:43:10,30.05763,-89.80212,0.0,331.0,511.0,GOOD SHEPHERD,,WDE3016,31,12,22,8,,57,A
367332950,2022-01-01T09:48:11,30.05768,-89.80198,0.0,319.0,511.0,GOOD SHEPHERD,,WDE3016,31,12,22,8,,57,A
367332950,2022-01-01T22:30:49,30.05763,-89.80212,0.0,331.0,511.0,GOOD SHEPHERD,,WDE3016,31,12,22,8,,57,A
367332950,2022-01-01T22:47:00,30.05763,-89.80212,0.0,331.0,511.0,GOOD SHEPHERD,,WDE3016,31,12,22,8,,57,A
367332950,2022-01-01T22:33:29,30.05763,-89.80212,0.0,331.0,511.0,GOOD SHEPHERD,,WDE3016,31,12,22,8,,57,A
367332950,2022-01-01T22:50:41,30.05763,-89.80208,0.0,331.0,511.0,GOOD SHEPHERD,,WDE3016,31,12,22,8,,57,A
367332950,2022-01-01T22:54:00,30.05763,-89.80210,0.0,331.0,511.0,GOOD SHEPHERD,,WDE3016,31,12,22,8,,57,A
367332950,2022-01-01T23:44:39,30.05765,-89.80210,0.0,331.0,511.0,GOOD SHEPHERD,,WDE3016,31,12,22,8,,57,A
367332950,2022-01-01T22:36:10,30.05763,-89.80212,0.0,331.0,511.0,GOOD SHEPHERD,,WDE3016,31,12,22,8,,57,A
367332950,2022-01-01T23:45:40,30.05763,-89.80210,0.0,331.0,511.0,GOOD SHEPHERD,,WDE3016,31,12,22,8,,57,A
367332950,2022-01-01T22:55:10,30.05763,-89.80210,0.0,331.0,511.0,GOOD SHEPHERD,,WDE3016,31,12,22,8,,57,A
367332950,2022-01-01T23:48:01,30.05763,-89.80208,0.0,331.0,511.0,GOOD SHEPHERD,,WDE3016,31,12,22,8,,57,A
367332950,2022-01-01T23:49:11,30.05763,-89.80208,0.0,331.0,511.0,GOOD SHEPHERD,,WDE3016,31,12,22,8,,57,A
367332950,2022-01-01T22:41:59,30.05763,-89.80212,0.0,331.0,511.0,GOOD SHEPHERD,,WDE3016,31,12,22,8,,57,A
367332950,2022-01-01T22:39:41,30.05763,-89.80208,0.0,331.0,511.0,GOOD SHEPHERD,,WDE3016,31,12,22,8,,57,A
367332950,2022-01-01T22:15:20,30.05763,-89.80208,0.0,331.0,511.0,GOOD SHEPHERD,,WDE3016,31,12,22,8,,57,A
367332950,2022-01-01T22:59:49,30.05763,-89.80208,0.0,331.0,511.0,GOOD SHEPHERD,,WDE3016,31,12,22,8,,57,A
367332950,2022-01-01T22:17:41,30.05763,-89.80212,0.0,331.0,511.0,GOOD SHEPHERD,,WDE3016,31,12,22,8,,57,A
367332950,2022-01-01T22:18:49,30.05763,-89.80212,0.0,331.0,511.0,GOOD SHEPHERD,,WDE3016,31,12,22,8,,57,A
367332950,2022-01-01T22:51:50,30.05763,-89.80208,0.0,331.0,511.0,GOOD SHEPHERD,,WDE3016,31,12,22,8,,57,A
367332950,2022-01-01T22:49:30,30.05763,-89.80208,0.0,331.0,511.0,GOOD SHEPHERD,,WDE3016,31,12,22,8,,57,A
367332950,2022-01-01T23:08:49,30.05763,-89.80212,0.0,331.0,511.0,GOOD SHEPHERD,,WDE3016,31,12,22,8,,57,A
367332950,2022-01-01T23:10:00,30.05763,-89.80212,0.0,331.0,511.0,GOOD SHEPHERD,,WDE3016,31,12,22,8,,57,A
367332950,2022-01-01T09:57:31,30.05770,-89.80202,0.0,319.0,511.0,GOOD SHEPHERD,,WDE3016,31,12,22,8,,57,A
367332950,2022-01-01T23:17:59,30.05763,-89.80212,0.0,331.0,511.0,GOOD SHEPHERD,,WDE3016,31,12,22,8,,57,A
367332950,2022-01-01T23:15:40,30.05763,-89.80212,0.0,331.0,511.0,GOOD SHEPHERD,,WDE3016,31,12,22,8,,57,A
367332950,2022-01-01T22:58:39,30.05763,-89.80208,0.0,331.0,511.0,GOOD SHEPHERD,,WDE3016,31,12,22,8,,57,A
367332950,2022-01-01T22:32:10,30.05763,-89.80212,0.0,331.0,511.0,GOOD SHEPHERD,,WDE3016,31,12,22,8,,57,A
367332950,2022-01-01T23:21:21,30.05763,-89.80212,0.0,331.0,511.0,GOOD SHEPHERD,,WDE3016,31,12,22,8,,57,A
367332950,2022-01-01T23:03:59,30.05763,-89.80212,0.0,331.0,511.0,GOOD SHEPHERD,,WDE3016,31,12,22,8,,57,A
367332950,2022-01-01T23:22:39,30.05763,-89.80212,0.0,331.0,511.0,GOOD SHEPHERD,,WDE3016,31,12,22,8,,57,A
367332950,2022-01-01T23:25:29,30.05763,-89.80208,0.0,331.0,511.0,GOOD SHEPHERD,,WDE3016,31,12,22,8,,57,A
367332950,2022-01-01T23:07:29,30.05762,-89.80212,0.0,331.0,511.0,GOOD SHEPHERD,,WDE3016,31,12,22,8,,57,A
367332950,2022-01-01T23:11:10,30.05762,-89.80212,0.0,331.0,511.0,GOOD SHEPHERD,,WDE3016,31,12,22,8,,57,A
367332950,2022-01-01T22:52:59,30.05763,-89.80210,0.0,331.0,511.0,GOOD SHEPHERD,,WDE3016,31,12,22,8,,57,A
367332950,2022-01-01T23:31:10,30.05763,-89.80212,0.0,331.0,511.0,GOOD SHEPHERD,,WDE3016,31,12,22,8,,57,A
367332950,2022-01-01T10:05:10,30.05770,-89.80202,0.0,319.0,511.0,GOOD SHEPHERD,,WDE3016,31,12,22,8,,57,A
367332950,2022-01-01T22:48:09,30.05762,-89.80212,0.0,331.0,511.0,GOOD SHEPHERD,,WDE3016,31,12,22,8,,57,A
367332950,2022-01-01T23:26:39,30.05763,-89.80208,0.0,331.0,511.0,GOOD SHEPHERD,,WDE3016,31,12,22,8,,57,A
367332950,2022-01-01T23:02:49,30.05763,-89.80212,0.0,331.0,511.0,GOOD SHEPHERD,,WDE3016,31,12,22,8,,57,A
367332950,2022-01-01T23:39:59,30.05763,-89.80208,0.0,331.0,511.0,GOOD SHEPHERD,,WDE3016,31,12,22,8,,57,A
367332950,2022-01-01T23:41:10,30.05763,-89.80208,0.0,331.0,511.0,GOOD SHEPHERD,,WDE3016,31,12,22,8,,57,A
367332950,2022-01-01T22:56:19,30.05763,-89.80210,0.0,331.0,511.0,GOOD SHEPHERD,,WDE3016,31,12,22,8,,57,A
367332950,2022-01-01T22:57:29,30.05763,-89.80210,0.0,331.0,511.0,GOOD SHEPHERD,,WDE3016,31,12,22,8,,57,A
367332950,2022-01-01T23:28:49,30.05763,-89.80208,0.0,331.0,511.0,GOOD SHEPHERD,,WDE3016,31,12,22,8,,57,A
367332950,2022-01-01T23:51:50,30.05763,-89.80208,0.0,331.0,511.0,GOOD SHEPHERD,,WDE3016,31,12,22,8,,57,A
367332950,2022-01-01T23:12:19,30.05762,-89.80212,0.0,331.0,511.0,GOOD SHEPHERD,,WDE3016,31,12,22,8,,57,A
367332950,2022-01-01T23:33:39,30.05763,-89.80212,0.0,331.0,511.0,GOOD SHEPHERD,,WDE3016,31,12,22,8,,57,A
367332950,2022-01-01T23:13:20,30.05763,-89.80212,0.0,331.0,511.0,GOOD SHEPHERD,,WDE3016,31,12,22,8,,57,A
367332950,2022-01-01T10:11:20,30.05768,-89.80202,0.0,319.0,511.0,GOOD SHEPHERD,,WDE3016,31,12,22,8,,57,A
367332950,2022-01-01T23:16:50,30.05763,-89.80208,0.0,331.0,511.0,GOOD SHEPHERD,,WDE3016,31,12,22,8,,57,A
367332950,2022-01-01T23:52:59,30.05763,-89.80208,0.0,331.0,511.0,GOOD SHEPHERD,,WDE3016,31,12,22,8,,57,A
367332950,2022-01-01T23:43:29,30.05763,-89.80208,0.0,331.0,511.0,GOOD SHEPHERD,,WDE3016,31,12,22,8,,57,A
367332950,2022-01-01T23:42:20,30.05763,-89.80212,0.0,331.0,511.0,GOOD SHEPHERD,,WDE3016,31,12,22,8,,57,A
367332950,2022-01-01T23:14:30,30.05763,-89.80212,0.0,331.0,511.0,GOOD SHEPHERD,,WDE3016,31,12,22,8,,57,A
367332950,2022-01-01T23:27:40,30.05763,-89.80212,0.0,331.0,511.0,GOOD SHEPHERD,,WDE3016,31,12,22,8,,57,A
367332950,2022-01-01T23:20:20,30.05763,-89.80208,0.0,331.0,511.0,GOOD SHEPHERD,,WDE3016,31,12,22,8,,57,A
367332950,2022-01-01T23:54:00,30.05763,-89.80208,0.0,331.0,511.0,GOOD SHEPHERD,,WDE3016,31,12,22,8,,57,A
367332950,2022-01-01T23:34:49,30.05763,-89.80212,0.0,331.0,511.0,GOOD SHEPHERD,,WDE3016,31,12,22,8,,57,A
367332950,2022-01-01T10:19:49,30.05768,-89.80202,0.0,319.0,511.0,GOOD SHEPHERD,,WDE3016,31,12,22,8,,57,A
367332950,2022-01-01T23:57:31,30.05765,-89.80210,0.0,331.0,511.0,GOOD SHEPHERD,,WDE3016,31,12,22,8,,57,A
367332950,2022-01-01T23:37:39,30.05763,-89.80212,0.0,331.0,511.0,GOOD SHEPHERD,,WDE3016,31,12,22,8,,57,A
367332950,2022-01-01T23:58:40,30.05765,-89.80210,0.0,331.0,511.0,GOOD SHEPHERD,,WDE3016,31,12,22,8,,57,A
367332950,2022-01-01T23:59:50,30.05763,-89.80208,0.0,331.0,511.0,GOOD SHEPHERD,,WDE3016,31,12,22,8,,57,A
367332950,2022-01-01T23:32:19,30.05763,-89.80212,0.0,331.0,511.0,GOOD SHEPHERD,,WDE3016,31,12,22,8,,57,A
367332950,2022-01-01T23:38:49,30.05763,-89.80208,0.0,331.0,511.0,GOOD SHEPHERD,,WDE3016,31,12,22,8,,57,A
367332950,2022-01-01T23:46:51,30.05763,-89.80208,0.0,331.0,511.0,GOOD SHEPHERD,,WDE3016,31,12,22,8,,57,A
367332950,2022-01-01T11:17:49,30.05768,-89.80202,0.0,319.0,511.0,GOOD SHEPHERD,,WDE3016,31,12,22,8,,57,A
367332950,2022-01-01T11:34:20,30.05768,-89.80202,0.0,319.0,511.0,GOOD SHEPHERD,,WDE3016,31,12,22,8,,57,A
367332950,2022-01-01T11:44:01,30.05768,-89.80200,0.0,319.0,511.0,GOOD SHEPHERD,,WDE3016,31,12,22,8,,57,A
367332950,2022-01-01T11:46:21,30.05770,-89.80200,0.0,319.0,511.0,GOOD SHEPHERD,,WDE3016,31,12,22,8,,57,A
367332950,2022-01-01T11:56:20,30.05768,-89.80198,0.0,319.0,511.0,GOOD SHEPHERD,,WDE3016,31,12,22,8,,57,A
367332950,2022-01-01T12:13:40,30.05768,-89.80200,0.0,319.0,511.0,GOOD SHEPHERD,,WDE3016,31,12,22,8,,57,A
367332950,2022-01-01T12:18:41,30.05768,-89.80200,0.0,319.0,511.0,GOOD SHEPHERD,,WDE3016,31,12,22,8,,57,A
367332950,2022-01-01T12:24:50,30.05768,-89.80202,0.0,319.0,511.0,GOOD SHEPHERD,,WDE3016,31,12,22,8,,57,A
367332950,2022-01-01T12:26:00,30.05768,-89.80202,0.0,319.0,511.0,GOOD SHEPHERD,,WDE3016,31,12,22,8,,57,A
367332950,2022-01-01T12:32:19,30.05768,-89.80198,0.0,319.0,511.0,GOOD SHEPHERD,,WDE3016,31,12,22,8,,57,A
367332950,2022-01-01T12:38:00,30.05768,-89.80202,0.0,319.0,511.0,GOOD SHEPHERD,,WDE3016,31,12,22,8,,57,A
367332950,2022-01-01T12:49:39,30.05768,-89.80202,0.0,319.0,511.0,GOOD SHEPHERD,,WDE3016,31,12,22,8,,57,A
367332950,2022-01-01T13:00:01,30.05770,-89.80202,0.0,319.0,511.0,GOOD SHEPHERD,,WDE3016,31,12,22,8,,57,A
367332950,2022-01-01T13:03:01,30.05770,-89.80202,0.0,319.0,511.0,GOOD SHEPHERD,,WDE3016,31,12,22,8,,57,A
367332950,2022-01-01T13:04:20,30.05770,-89.80202,0.0,319.0,511.0,GOOD SHEPHERD,,WDE3016,31,12,22,8,,57,A
367332950,2022-01-01T13:13:31,30.05770,-89.80202,0.0,319.0,511.0,GOOD SHEPHERD,,WDE3016,31,12,22,8,,57,A
367332950,2022-01-01T13:20:50,30.05770,-89.80202,0.0,319.0,511.0,GOOD SHEPHERD,,WDE3016,31,12,22,8,,57,A
367332950,2022-01-01T13:26:40,30.05770,-89.80200,0.0,319.0,511.0,GOOD SHEPHERD,,WDE3016,31,12,22,8,,57,A
367332950,2022-01-01T14:12:29,30.05768,-89.80202,0.0,319.0,511.0,GOOD SHEPHERD,,WDE3016,31,12,22,8,,57,A
367332950,2022-01-01T14:18:40,30.05768,-89.80202,0.0,319.0,511.0,GOOD SHEPHERD,,WDE3016,31,12,22,8,,57,A
367332950,2022-01-01T14:23:01,30.05768,-89.80202,0.0,319.0,511.0,GOOD SHEPHERD,,WDE3016,31,12,22,8,,57,A
367332950,2022-01-01T14:29:29,30.05770,-89.80202,0.0,319.0,511.0,GOOD SHEPHERD,,WDE3016,31,12,22,8,,57,A
367332950,2022-01-01T14:54:40,30.05770,-89.80198,0.0,319.0,511.0,GOOD SHEPHERD,,WDE3016,31,12,22,8,,57,A
367332950,2022-01-01T14:56:59,30.05768,-89.80198,0.0,319.0,511.0,GOOD SHEPHERD,,WDE3016,31,12,22,8,,57,A
367332950,2022-01-01T15:15:59,30.05768,-89.80200,0.0,319.0,511.0,GOOD SHEPHERD,,WDE3016,31,12,22,8,,57,A
367332950,2022-01-01T15:35:31,30.05770,-89.80200,0.0,319.0,511.0,GOOD SHEPHERD,,WDE3016,31,12,22,8,,57,A
367332950,2022-01-01T15:45:20,30.05770,-89.80202,0.0,319.0,511.0,GOOD SHEPHERD,,WDE3016,31,12,22,8,,57,A
367332950,2022-01-01T16:20:49,30.05770,-89.80202,0.0,319.0,511.0,GOOD SHEPHERD,,WDE3016,31,12,22,8,,57,A
367332950,2022-01-01T16:30:00,30.05768,-89.80200,0.0,319.0,511.0,GOOD SHEPHERD,,WDE3016,31,12,22,8,,57,A
367332950,2022-01-01T16:53:50,30.05768,-89.80202,0.0,319.0,511.0,GOOD SHEPHERD,,WDE3016,31,12,22,8,,57,A
367332950,2022-01-01T16:55:01,30.05770,-89.80202,0.0,319.0,511.0,GOOD SHEPHERD,,WDE3016,31,12,22,8,,57,A
367332950,2022-01-01T17:01:10,30.05768,-89.80202,0.0,319.0,511.0,GOOD SHEPHERD,,WDE3016,31,12,22,8,,57,A
367332950,2022-01-01T17:09:39,30.05762,-89.80203,0.2,251.0,511.0,GOOD SHEPHERD,,WDE3016,31,12,22,8,,57,A
367332950,2022-01-01T17:11:59,30.05763,-89.80208,0.0,331.0,511.0,GOOD SHEPHERD,,WDE3016,31,12,22,8,,57,A
367332950,2022-01-01T17:16:09,30.05762,-89.80212,0.0,331.0,511.0,GOOD SHEPHERD,,WDE3016,31,12,22,8,,57,A
367332950,2022-01-01T17:31:00,30.05763,-89.80212,0.0,331.0,511.0,GOOD SHEPHERD,,WDE3016,31,12,22,8,,57,A
367332950,2022-01-01T17:34:19,30.05763,-89.80208,0.0,331.0,511.0,GOOD SHEPHERD,,WDE3016,31,12,22,8,,57,A
367332950,2022-01-01T17:36:30,30.05763,-89.80210,0.0,331.0,511.0,GOOD SHEPHERD,,WDE3016,31,12,22,8,,57,A
367332950,2022-01-01T17:38:49,30.05762,-89.80210,0.0,331.0,511.0,GOOD SHEPHERD,,WDE3016,31,12,22,8,,57,A
367332950,2022-01-01T17:49:39,30.05762,-89.80212,0.0,331.0,511.0,GOOD SHEPHERD,,WDE3016,31,12,22,8,,57,A
367332950,2022-01-01T17:53:20,30.05763,-89.80212,0.0,331.0,511.0,GOOD SHEPHERD,,WDE3016,31,12,22,8,,57,A
367332950,2022-01-01T17:54:30,30.05763,-89.80208,0.0,331.0,511.0,GOOD SHEPHERD,,WDE3016,31,12,22,8,,57,A
367332950,2022-01-01T18:00:00,30.05763,-89.80212,0.0,331.0,511.0,GOOD SHEPHERD,,WDE3016,31,12,22,8,,57,A
367332950,2022-01-01T18:04:00,30.05763,-89.80212,0.0,331.0,511.0,GOOD SHEPHERD,,WDE3016,31,12,22,8,,57,A
367332950,2022-01-01T18:16:10,30.05763,-89.80212,0.0,331.0,511.0,GOOD SHEPHERD,,WDE3016,31,12,22,8,,57,A
367332950,2022-01-01T18:22:00,30.05763,-89.80208,0.0,331.0,511.0,GOOD SHEPHERD,,WDE3016,31,12,22,8,,57,A
367332950,2022-01-01T18:30:10,30.05763,-89.80208,0.0,331.0,511.0,GOOD SHEPHERD,,WDE3016,31,12,22,8,,57,A
367332950,2022-01-01T18:44:40,30.05765,-89.80212,0.0,331.0,511.0,GOOD SHEPHERD,,WDE3016,31,12,22,8,,57,A
367332950,2022-01-01T18:57:19,30.05763,-89.80208,0.0,331.0,511.0,GOOD SHEPHERD,,WDE3016,31,12,22,8,,57,A
367332950,2022-01-01T19:06:00,30.05763,-89.80208,0.0,331.0,511.0,GOOD SHEPHERD,,WDE3016,31,12,22,8,,57,A
367332950,2022-01-01T19:09:49,30.05763,-89.80208,0.0,331.0,511.0,GOOD SHEPHERD,,WDE3016,31,12,22,8,,57,A
367332950,2022-01-01T19:16:40,30.05763,-89.80212,0.0,331.0,511.0,GOOD SHEPHERD,,WDE3016,31,12,22,8,,57,A
367332950,2022-01-01T19:21:39,30.05763,-89.80208,0.0,331.0,511.0,GOOD SHEPHERD,,WDE3016,31,12,22,8,,57,A
367332950,2022-01-01T19:27:30,30.05763,-89.80210,0.0,331.0,511.0,GOOD SHEPHERD,,WDE3016,31,12,22,8,,57,A
367332950,2022-01-01T19:35:59,30.05763,-89.80212,0.0,331.0,511.0,GOOD SHEPHERD,,WDE3016,31,12,22,8,,57,A
367332950,2022-01-01T19:46:00,30.05765,-89.80210,0.0,331.0,511.0,GOOD SHEPHERD,,WDE3016,31,12,22,8,,57,A
367332950,2022-01-01T19:53:21,30.05763,-89.80212,0.0,331.0,511.0,GOOD SHEPHERD,,WDE3016,31,12,22,8,,57,A
367332950,2022-01-01T20:02:30,30.05763,-89.80208,0.0,331.0,511.0,GOOD SHEPHERD,,WDE3016,31,12,22,8,,57,A
367332950,2022-01-01T20:15:20,30.05763,-89.80208,0.0,331.0,511.0,GOOD SHEPHERD,,WDE3016,31,12,22,8,,57,A
367332950,2022-01-01T20:17:51,30.05765,-89.80208,0.0,331.0,511.0,GOOD SHEPHERD,,WDE3016,31,12,22,8,,57,A
367332950,2022-01-01T20:28:21,30.05765,-89.80212,0.0,331.0,511.0,GOOD SHEPHERD,,WDE3016,31,12,22,8,,57,A
367332950,2022-01-01T20:34:30,30.05763,-89.80212,0.0,331.0,511.0,GOOD SHEPHERD,,WDE3016,31,12,22,8,,57,A
367332950,2022-01-01T20:38:29,30.05763,-89.80212,0.0,331.0,511.0,GOOD SHEPHERD,,WDE3016,31,12,22,8,,57,A
367332950,2022-01-01T20:41:01,30.05763,-89.80212,0.0,331.0,511.0,GOOD SHEPHERD,,WDE3016,31,12,22,8,,57,A
367332950,2022-01-01T20:45:50,30.05765,-89.80212,0.0,331.0,511.0,GOOD SHEPHERD,,WDE3016,31,12,22,8,,57,A
367332950,2022-01-01T20:46:59,30.05763,-89.80212,0.0,331.0,511.0,GOOD SHEPHERD,,WDE3016,31,12,22,8,,57,A
367332950,2022-01-01T20:55:40,30.05763,-89.80212,0.0,331.0,511.0,GOOD SHEPHERD,,WDE3016,31,12,22,8,,57,A
367332950,2022-01-01T20:57:59,30.05765,-89.80210,0.0,331.0,511.0,GOOD SHEPHERD,,WDE3016,31,12,22,8,,57,A
367332950,2022-01-01T21:00:30,30.05765,-89.80212,0.0,331.0,511.0,GOOD SHEPHERD,,WDE3016,31,12,22,8,,57,A
367332950,2022-01-01T21:01:41,30.05765,-89.80210,0.0,331.0,511.0,GOOD SHEPHERD,,WDE3016,31,12,22,8,,57,A
367332950,2022-01-01T21:04:19,30.05765,-89.80210,0.0,331.0,511.0,GOOD SHEPHERD,,WDE3016,31,12,22,8,,57,A
367332950,2022-01-01T21:18:50,30.05765,-89.80212,0.0,331.0,511.0,GOOD SHEPHERD,,WDE3016,31,12,22,8,,57,A
367332950,2022-01-01T21:53:30,30.05763,-89.80212,0.0,331.0,511.0,GOOD SHEPHERD,,WDE3016,31,12,22,8,,57,A
367332950,2022-01-01T22:13:00,30.05763,-89.80212,0.0,331.0,511.0,GOOD SHEPHERD,,WDE3016,31,12,22,8,,57,A
367332950,2022-01-01T22:23:40,30.05763,-89.80212,0.0,331.0,511.0,GOOD SHEPHERD,,WDE3016,31,12,22,8,,57,A
367332950,2022-01-01T22:37:20,30.05763,-89.80212,0.0,331.0,511.0,GOOD SHEPHERD,,WDE3016,31,12,22,8,,57,A
367332950,2022-01-01T22:44:19,30.05763,-89.80212,0.0,331.0,511.0,GOOD SHEPHERD,,WDE3016,31,12,22,8,,57,A
367332950,2022-01-01T23:19:10,30.05763,-89.80212,0.0,331.0,511.0,GOOD SHEPHERD,,WDE3016,31,12,22,8,,57,A
367332950,2022-01-01T23:30:00,30.05763,-89.80212,0.0,331.0,511.0,GOOD SHEPHERD,,WDE3016,31,12,22,8,,57,A
367332950,2022-01-01T23:36:30,30.05763,-89.80212,0.0,331.0,511.0,GOOD SHEPHERD,,WDE3016,31,12,22,8,,57,A
367332950,2022-01-01T23:50:30,30.05763,-89.80208,0.0,331.0,511.0,GOOD SHEPHERD,,WDE3016,31,12,22,8,,57,A
367332950,2022-01-01T23:55:09,30.05763,-89.80208,0.0,331.0,511.0,GOOD SHEPHERD,,WDE3016,31,12,22,8,,57,A
367332950,2022-01-01T23:56:20,30.05763,-89.80208,0.0,331.0,511.0,GOOD SHEPHERD,,WDE3016,31,12,22,8,,57,A
367332950,2022-01-02T00:01:09,30.05763,-89.80210,0.0,331.0,511.0,GOOD SHEPHERD,,WDE3016,31,12,22,8,,57,A
367332950,2022-01-02T00:00:01,30.05763,-89.80208,0.0,331.0,511.0,GOOD SHEPHERD,,WDE3016,31,12,22,8,,57,A
367332950,2022-01-02T00:03:31,30.05763,-89.80212,0.0,331.0,511.0,GOOD SHEPHERD,,WDE3016,31,12,22,8,,57,A
367332950,2022-01-02T00:04:41,30.05765,-89.80208,0.0,331.0,511.0,GOOD SHEPHERD,,WDE3016,31,12,22,8,,57,A
367332950,2022-01-02T00:02:19,30.05763,-89.80212,0.0,331.0,511.0,GOOD SHEPHERD,,WDE3016,31,12,22,8,,57,A
367332950,2022-01-02T00:06:51,30.05763,-89.80212,0.0,331.0,511.0,GOOD SHEPHERD,,WDE3016,31,12,22,8,,57,A
367332950,2022-01-02T00:09:20,30.05763,-89.80212,0.0,331.0,511.0,GOOD SHEPHERD,,WDE3016,31,12,22,8,,57,A
367332950,2022-01-02T00:05:50,30.05763,-89.80212,0.0,331.0,511.0,GOOD SHEPHERD,,WDE3016,31,12,22,8,,57,A
367332950,2022-01-02T00:10:21,30.05763,-89.80208,0.0,331.0,511.0,GOOD SHEPHERD,,WDE3016,31,12,22,8,,57,A
367332950,2022-01-02T00:11:29,30.05763,-89.80208,0.0,331.0,511.0,GOOD SHEPHERD,,WDE3016,31,12,22,8,,57,A
367332950,2022-01-02T00:12:40,30.05763,-89.80208,0.0,331.0,511.0,GOOD SHEPHERD,,WDE3016,31,12,22,8,,57,A
367332950,2022-01-02T00:13:49,30.05763,-89.80208,0.0,331.0,511.0,GOOD SHEPHERD,,WDE3016,31,12,22,8,,57,A
367332950,2022-01-02T00:14:59,30.05762,-89.80212,0.0,331.0,511.0,GOOD SHEPHERD,,WDE3016,31,12,22,8,,57,A
367332950,2022-01-02T00:16:09,30.05763,-89.80212,0.0,331.0,511.0,GOOD SHEPHERD,,WDE3016,31,12,22,8,,57,A
367332950,2022-01-02T00:17:11,30.05763,-89.80212,0.0,331.0,511.0,GOOD SHEPHERD,,WDE3016,31,12,22,8,,57,A
367332950,2022-01-02T00:18:30,30.05763,-89.80212,0.0,331.0,511.0,GOOD SHEPHERD,,WDE3016,31,12,22,8,,57,A
367332950,2022-01-02T00:07:59,30.05763,-89.80212,0.0,331.0,511.0,GOOD SHEPHERD,,WDE3016,31,12,22,8,,57,A
367332950,2022-01-02T00:20:49,30.05763,-89.80208,0.0,331.0,511.0,GOOD SHEPHERD,,WDE3016,31,12,22,8,,57,A
367332950,2022-01-02T00:19:41,30.05763,-89.80212,0.0,331.0,511.0,GOOD SHEPHERD,,WDE3016,31,12,22,8,,57,A
367332950,2022-01-02T00:22:11,30.05763,-89.80212,0.0,331.0,511.0,GOOD SHEPHERD,,WDE3016,31,12,22,8,,57,A
367332950,2022-01-02T00:24:30,30.05763,-89.80212,0.0,331.0,511.0,GOOD SHEPHERD,,WDE3016,31,12,22,8,,57,A
367332950,2022-01-02T00:27:59,30.05763,-89.80212,0.0,331.0,511.0,GOOD SHEPHERD,,WDE3016,31,12,22,8,,57,A
367332950,2022-01-02T00:25:41,30.05765,-89.80212,0.0,331.0,511.0,GOOD SHEPHERD,,WDE3016,31,12,22,8,,57,A
367332950,2022-01-02T00:29:19,30.05763,-89.80212,0.0,331.0,511.0,GOOD SHEPHERD,,WDE3016,31,12,22,8,,57,A
367332950,2022-01-02T00:30:49,30.05765,-89.80212,0.0,331.0,511.0,GOOD SHEPHERD,,WDE3016,31,12,22,8,,57,A
367332950,2022-01-02T00:26:50,30.05765,-89.80208,0.0,331.0,511.0,GOOD SHEPHERD,,WDE3016,31,12,22,8,,57,A
367332950,2022-01-02T00:33:20,30.05763,-89.80212,0.0,331.0,511.0,GOOD SHEPHERD,,WDE3016,31,12,22,8,,57,A
367332950,2022-01-02T00:31:59,30.05765,-89.80208,0.0,331.0,511.0,GOOD SHEPHERD,,WDE3016,31,12,22,8,,57,A
367332950,2022-01-02T00:36:09,30.05765,-89.80212,0.0,331.0,511.0,GOOD SHEPHERD,,WDE3016,31,12,22,8,,57,A
367332950,2022-01-02T00:40:41,30.05765,-89.80212,0.0,331.0,511.0,GOOD SHEPHERD,,WDE3016,31,12,22,8,,57,A
367332950,2022-01-02T00:39:40,30.05765,-89.80212,0.0,331.0,511.0,GOOD SHEPHERD,,WDE3016,31,12,22,8,,57,A
367332950,2022-01-02T00:37:10,30.05765,-89.80212,0.0,331.0,511.0,GOOD SHEPHERD,,WDE3016,31,12,22,8,,57,A
367332950,2022-01-02T00:41:49,30.05765,-89.80212,0.0,331.0,511.0,GOOD SHEPHERD,,WDE3016,31,12,22,8,,57,A
367332950,2022-01-02T00:48:40,30.05765,-89.80212,0.0,331.0,511.0,GOOD SHEPHERD,,WDE3016,31,12,22,8,,57,A
367332950,2022-01-02T00:45:09,30.05765,-89.80212,0.0,331.0,511.0,GOOD SHEPHERD,,WDE3016,31,12,22,8,,57,A
367332950,2022-01-02T00:44:01,30.05765,-89.80212,0.0,331.0,511.0,GOOD SHEPHERD,,WDE3016,31,12,22,8,,57,A
367332950,2022-01-02T00:47:30,30.05765,-89.80212,0.0,331.0,511.0,GOOD SHEPHERD,,WDE3016,31,12,22,8,,57,A
367332950,2022-01-02T00:46:21,30.05765,-89.80212,0.0,331.0,511.0,GOOD SHEPHERD,,WDE3016,31,12,22,8,,57,A
367332950,2022-01-02T00:52:49,30.05765,-89.80212,0.0,331.0,511.0,GOOD SHEPHERD,,WDE3016,31,12,22,8,,57,A
367332950,2022-01-02T00:50:21,30.05765,-89.80212,0.0,331.0,511.0,GOOD SHEPHERD,,WDE3016,31,12,22,8,,57,A
367332950,2022-01-02T00:54:10,30.05765,-89.80212,0.0,331.0,511.0,GOOD SHEPHERD,,WDE3016,31,12,22,8,,57,A
367332950,2022-01-02T00:23:20,30.05763,-89.80212,0.0,331.0,511.0,GOOD SHEPHERD,,WDE3016,31,12,22,8,,57,A
367332950,2022-01-02T00:56:39,30.05765,-89.80212,0.0,331.0,511.0,GOOD SHEPHERD,,WDE3016,31,12,22,8,,57,A
367332950,2022-01-02T00:57:49,30.05765,-89.80212,0.0,331.0,511.0,GOOD SHEPHERD,,WDE3016,31,12,22,8,,57,A
367332950,2022-01-02T00:58:50,30.05765,-89.80212,0.0,331.0,511.0,GOOD SHEPHERD,,WDE3016,31,12,22,8,,57,A
367332950,2022-01-02T01:01:19,30.05765,-89.80212,0.0,331.0,511.0,GOOD SHEPHERD,,WDE3016,31,12,22,8,,57,A
367332950,2022-01-02T01:02:39,30.05765,-89.80210,0.0,331.0,511.0,GOOD SHEPHERD,,WDE3016,31,12,22,8,,57,A
367332950,2022-01-02T01:05:01,30.05765,-89.80210,0.0,331.0,511.0,GOOD SHEPHERD,,WDE3016,31,12,22,8,,57,A
367332950,2022-01-02T01:07:39,30.05765,-89.80212,0.0,331.0,511.0,GOOD SHEPHERD,,WDE3016,31,12,22,8,,57,A
367332950,2022-01-02T01:03:50,30.05765,-89.80210,0.0,331.0,511.0,GOOD SHEPHERD,,WDE3016,31,12,22,8,,57,A
367332950,2022-01-02T01:06:30,30.05765,-89.80210,0.0,331.0,511.0,GOOD SHEPHERD,,WDE3016,31,12,22,8,,57,A
367332950,2022-01-02T01:08:50,30.05765,-89.80212,0.0,331.0,511.0,GOOD SHEPHERD,,WDE3016,31,12,22,8,,57,A
367332950,2022-01-02T01:10:10,30.05765,-89.80212,0.0,331.0,511.0,GOOD SHEPHERD,,WDE3016,31,12,22,8,,57,A
367332950,2022-01-02T01:17:31,30.05767,-89.80210,0.0,331.0,511.0,GOOD SHEPHERD,,WDE3016,31,12,22,8,,57,A
367332950,2022-01-02T01:12:21,30.05767,-89.80212,0.0,331.0,511.0,GOOD SHEPHERD,,WDE3016,31,12,22,8,,57,A
367332950,2022-01-02T01:15:01,30.05767,-89.80212,0.0,331.0,511.0,GOOD SHEPHERD,,WDE3016,31,12,22,8,,57,A
367332950,2022-01-02T01:11:20,30.05767,-89.80210,0.0,331.0,511.0,GOOD SHEPHERD,,WDE3016,31,12,22,8,,57,A
367332950,2022-01-02T01:13:49,30.05767,-89.80212,0.0,331.0,511.0,GOOD SHEPHERD,,WDE3016,31,12,22,8,,57,A
367332950,2022-01-02T01:16:20,30.05767,-89.80212,0.0,331.0,511.0,GOOD SHEPHERD,,WDE3016,31,12,22,8,,57,A
367332950,2022-01-02T00:34:29,30.05765,-89.80212,0.0,331.0,511.0,GOOD SHEPHERD,,WDE3016,31,12,22,8,,57,A
367332950,2022-01-02T01:19:49,30.05765,-89.80210,0.0,331.0,511.0,GOOD SHEPHERD,,WDE3016,31,12,22,8,,57,A
367332950,2022-01-02T01:24:49,30.05765,-89.80212,0.0,331.0,511.0,GOOD SHEPHERD,,WDE3016,31,12,22,8,,57,A
367332950,2022-01-02T01:27:20,30.05765,-89.80212,0.0,331.0,511.0,GOOD SHEPHERD,,WDE3016,31,12,22,8,,57,A
367332950,2022-01-02T01:21:19,30.05767,-89.80212,0.0,331.0,511.0,GOOD SHEPHERD,,WDE3016,31,12,22,8,,57,A
367332950,2022-01-02T01:18:41,30.05765,-89.80210,0.0,331.0,511.0,GOOD SHEPHERD,,WDE3016,31,12,22,8,,57,A
367332950,2022-01-02T01:26:10,30.05765,-89.80212,0.0,331.0,511.0,GOOD SHEPHERD,,WDE3016,31,12,22,8,,57,A
367332950,2022-01-02T01:22:30,30.05765,-89.80212,0.0,331.0,511.0,GOOD SHEPHERD,,WDE3016,31,12,22,8,,57,A
367332950,2022-01-02T01:23:41,30.05765,-89.80210,0.0,331.0,511.0,GOOD SHEPHERD,,WDE3016,31,12,22,8,,57,A
367332950,2022-01-02T00:38:20,30.05765,-89.80212,0.0,331.0,511.0,GOOD SHEPHERD,,WDE3016,31,12,22,8,,57,A
367332950,2022-01-02T01:29:40,30.05765,-89.80212,0.0,331.0,511.0,GOOD SHEPHERD,,WDE3016,31,12,22,8,,57,A
367332950,2022-01-02T01:28:29,30.05765,-89.80212,0.0,331.0,511.0,GOOD SHEPHERD,,WDE3016,31,12,22,8,,57,A
367332950,2022-01-02T01:33:20,30.05767,-89.80210,0.0,331.0,511.0,GOOD SHEPHERD,,WDE3016,31,12,22,8,,57,A
367332950,2022-01-02T01:40:09,30.05770,-89.80205,0.0,44.0,511.0,GOOD SHEPHERD,,WDE3016,31,12,22,8,,57,A
367332950,2022-01-02T01:34:30,30.05767,-89.80210,0.0,331.0,511.0,GOOD SHEPHERD,,WDE3016,31,12,22,8,,57,A
367332950,2022-01-02T01:39:01,30.05770,-89.80207,0.0,44.0,511.0,GOOD SHEPHERD,,WDE3016,31,12,22,8,,57,A
367332950,2022-01-02T01:36:11,30.05768,-89.80205,0.0,44.0,511.0,GOOD SHEPHERD,,WDE3016,31,12,22,8,,57,A
367332950,2022-01-02T00:42:50,30.05765,-89.80212,0.0,331.0,511.0,GOOD SHEPHERD,,WDE3016,31,12,22,8,,57,A
367332950,2022-01-02T01:32:11,30.05767,-89.80208,0.0,331.0,511.0,GOOD SHEPHERD,,WDE3016,31,12,22,8,,57,A
367332950,2022-01-02T01:42:29,30.05770,-89.80205,0.0,44.0,511.0,GOOD SHEPHERD,,WDE3016,31,12,22,8,,57,A
367332950,2022-01-02T01:37:30,30.05770,-89.80205,0.0,44.0,511.0,GOOD SHEPHERD,,WDE3016,31,12,22,8,,57,A
367332950,2022-01-02T01:41:19,30.05770,-89.80207,0.0,44.0,511.0,GOOD SHEPHERD,,WDE3016,31,12,22,8,,57,A
367332950,2022-01-02T01:44:50,30.05772,-89.80207,0.0,44.0,511.0,GOOD SHEPHERD,,WDE3016,31,12,22,8,,57,A
367332950,2022-01-02T01:55:30,30.05770,-89.80207,0.0,44.0,511.0,GOOD SHEPHERD,,WDE3016,31,12,22,8,,57,A
367332950,2022-01-02T01:47:09,30.05770,-89.80207,0.0,44.0,511.0,GOOD SHEPHERD,,WDE3016,31,12,22,8,,57,A
367332950,2022-01-02T01:43:39,30.05770,-89.80207,0.0,44.0,511.0,GOOD SHEPHERD,,WDE3016,31,12,22,8,,57,A
367332950,2022-01-02T01:45:51,30.05770,-89.80207,0.0,44.0,511.0,GOOD SHEPHERD,,WDE3016,31,12,22,8,,57,A
367332950,2022-01-02T01:48:20,30.05770,-89.80207,0.0,44.0,511.0,GOOD SHEPHERD,,WDE3016,31,12,22,8,,57,A
367332950,2022-01-02T01:52:00,30.05770,-89.80205,0.0,44.0,511.0,GOOD SHEPHERD,,WDE3016,31,12,22,8,,57,A
367332950,2022-01-02T00:51:40,30.05765,-89.80212,0.0,331.0,511.0,GOOD SHEPHERD,,WDE3016,31,12,22,8,,57,A
367332950,2022-01-02T01:57:50,30.05770,-89.80203,0.0,44.0,511.0,GOOD SHEPHERD,,WDE3016,31,12,22,8,,57,A
367332950,2022-01-02T01:53:09,30.05770,-89.80207,0.0,44.0,511.0,GOOD SHEPHERD,,WDE3016,31,12,22,8,,57,A
367332950,2022-01-02T02:02:31,30.05770,-89.80207,0.0,44.0,511.0,GOOD SHEPHERD,,WDE3016,31,12,22,8,,57,A
367332950,2022-01-02T01:54:19,30.05770,-89.80207,0.0,44.0,511.0,GOOD SHEPHERD,,WDE3016,31,12,22,8,,57,A
367332950,2022-01-02T00:55:20,30.05765,-89.80212,0.0,331.0,511.0,GOOD SHEPHERD,,WDE3016,31,12,22,8,,57,A
367332950,2022-01-02T01:58:59,30.05770,-89.80207,0.0,44.0,511.0,GOOD SHEPHERD,,WDE3016,31,12,22,8,,57,A
367332950,2022-01-02T01:56:49,30.05770,-89.80207,0.0,44.0,511.0,GOOD SHEPHERD,,WDE3016,31,12,22,8,,57,A
367332950,2022-01-02T02:04:59,30.05768,-89.80208,0.0,44.0,511.0,GOOD SHEPHERD,,WDE3016,31,12,22,8,,57,A
367332950,2022-01-02T02:00:50,30.05770,-89.80207,0.0,44.0,511.0,GOOD SHEPHERD,,WDE3016,31,12,22,8,,57,A
367332950,2022-01-02T02:06:19,30.05768,-89.80203,0.0,44.0,511.0,GOOD SHEPHERD,,WDE3016,31,12,22,8,,57,A
367332950,2022-01-02T02:11:01,30.05772,-89.80203,0.0,44.0,511.0,GOOD SHEPHERD,,WDE3016,31,12,22,8,,57,A
367332950,2022-01-02T02:12:09,30.05772,-89.80205,0.0,44.0,511.0,GOOD SHEPHERD,,WDE3016,31,12,22,8,,57,A
367332950,2022-01-02T02:13:39,30.05770,-89.80205,0.0,44.0,511.0,GOOD SHEPHERD,,WDE3016,31,12,22,8,,57,A
367332950,2022-01-02T01:00:01,30.05765,-89.80210,0.0,331.0,511.0,GOOD SHEPHERD,,WDE3016,31,12,22,8,,57,A
367332950,2022-01-02T02:07:40,30.05770,-89.80207,0.0,44.0,511.0,GOOD SHEPHERD,,WDE3016,31,12,22,8,,57,A
367332950,2022-01-02T02:08:41,30.05770,-89.80207,0.0,44.0,511.0,GOOD SHEPHERD,,WDE3016,31,12,22,8,,57,A
367332950,2022-01-02T02:09:49,30.05770,-89.80205,0.0,44.0,511.0,GOOD SHEPHERD,,WDE3016,31,12,22,8,,57,A
367332950,2022-01-02T02:18:30,30.05770,-89.80205,0.0,44.0,511.0,GOOD SHEPHERD,,WDE3016,31,12,22,8,,57,A
367332950,2022-01-02T02:19:39,30.05770,-89.80205,0.0,44.0,511.0,GOOD SHEPHERD,,WDE3016,31,12,22,8,,57,A
367332950,2022-01-02T02:20:40,30.05770,-89.80202,0.0,44.0,511.0,GOOD SHEPHERD,,WDE3016,31,12,22,8,,57,A
367332950,2022-01-02T02:16:00,30.05770,-89.80203,0.0,44.0,511.0,GOOD SHEPHERD,,WDE3016,31,12,22,8,,57,A
367332950,2022-01-02T02:24:40,30.05770,-89.80202,0.0,44.0,511.0,GOOD SHEPHERD,,WDE3016,31,12,22,8,,57,A
367332950,2022-01-02T02:17:19,30.05770,-89.80205,0.0,44.0,511.0,GOOD SHEPHERD,,WDE3016,31,12,22,8,,57,A
367332950,2022-01-02T02:25:51,30.05772,-89.80202,0.0,44.0,511.0,GOOD SHEPHERD,,WDE3016,31,12,22,8,,57,A
367332950,2022-01-02T02:22:10,30.05770,-89.80202,0.0,44.0,511.0,GOOD SHEPHERD,,WDE3016,31,12,22,8,,57,A
367332950,2022-01-02T02:23:19,30.05770,-89.80202,0.0,44.0,511.0,GOOD SHEPHERD,,WDE3016,31,12,22,8,,57,A
367332950,2022-01-02T02:27:00,30.05770,-89.80205,0.0,44.0,511.0,GOOD SHEPHERD,,WDE3016,31,12,22,8,,57,A
367332950,2022-01-02T02:31:00,30.05772,-89.80205,0.0,44.0,511.0,GOOD SHEPHERD,,WDE3016,31,12,22,8,,57,A
367332950,2022-01-02T02:28:19,30.05772,-89.80205,0.0,44.0,511.0,GOOD SHEPHERD,,WDE3016,31,12,22,8,,57,A
367332950,2022-01-02T02:36:21,30.05772,-89.80202,0.0,44.0,511.0,GOOD SHEPHERD,,WDE3016,31,12,22,8,,57,A
367332950,2022-01-02T02:29:50,30.05772,-89.80205,0.0,44.0,511.0,GOOD SHEPHERD,,WDE3016,31,12,22,8,,57,A
367332950,2022-01-02T02:37:41,30.05772,-89.80202,0.0,44.0,511.0,GOOD SHEPHERD,,WDE3016,31,12,22,8,,57,A
367332950,2022-01-02T02:41:09,30.05772,-89.80205,0.0,44.0,511.0,GOOD SHEPHERD,,WDE3016,31,12,22,8,,57,A
367332950,2022-01-02T02:32:20,30.05770,-89.80205,0.0,44.0,511.0,GOOD SHEPHERD,,WDE3016,31,12,22,8,,57,A
367332950,2022-01-02T02:33:40,30.05770,-89.80205,0.0,44.0,511.0,GOOD SHEPHERD,,WDE3016,31,12,22,8,,57,A
367332950,2022-01-02T02:43:31,30.05772,-89.80205,0.0,44.0,511.0,GOOD SHEPHERD,,WDE3016,31,12,22,8,,57,A
367332950,2022-01-02T02:34:41,30.05770,-89.80205,0.0,44.0,511.0,GOOD SHEPHERD,,WDE3016,31,12,22,8,,57,A
367332950,2022-01-02T02:47:01,30.05772,-89.80205,0.0,44.0,511.0,GOOD SHEPHERD,,WDE3016,31,12,22,8,,57,A
367332950,2022-01-02T02:38:51,30.05770,-89.80205,0.0,44.0,511.0,GOOD SHEPHERD,,WDE3016,31,12,22,8,,57,A
367332950,2022-01-02T02:50:29,30.05772,-89.80205,0.0,44.0,511.0,GOOD SHEPHERD,,WDE3016,31,12,22,8,,57,A
367332950,2022-01-02T02:55:01,30.05772,-89.80205,0.0,44.0,511.0,GOOD SHEPHERD,,WDE3016,31,12,22,8,,57,A
367332950,2022-01-02T02:48:09,30.05772,-89.80205,0.0,44.0,511.0,GOOD SHEPHERD,,WDE3016,31,12,22,8,,57,A
367332950,2022-01-02T02:44:40,30.05772,-89.80203,0.0,44.0,511.0,GOOD SHEPHERD,,WDE3016,31,12,22,8,,57,A
367332950,2022-01-02T02:57:20,30.05772,-89.80202,0.0,44.0,511.0,GOOD SHEPHERD,,WDE3016,31,12,22,8,,57,A
367332950,2022-01-02T02:45:51,30.05772,-89.80202,0.0,44.0,511.0,GOOD SHEPHERD,,WDE3016,31,12,22,8,,57,A
367332950,2022-01-02T02:59:41,30.05772,-89.80205,0.0,44.0,511.0,GOOD SHEPHERD,,WDE3016,31,12,22,8,,57,A
367332950,2022-01-02T02:52:50,30.05772,-89.80205,0.0,44.0,511.0,GOOD SHEPHERD,,WDE3016,31,12,22,8,,57,A
367332950,2022-01-02T03:00:30,30.05772,-89.80202,0.0,44.0,511.0,GOOD SHEPHERD,,WDE3016,31,12,22,8,,57,A
367332950,2022-01-02T02:56:11,30.05770,-89.80205,0.0,44.0,511.0,GOOD SHEPHERD,,WDE3016,31,12,22,8,,57,A
367332950,2022-01-02T03:03:09,30.05772,-89.80202,0.0,44.0,511.0,GOOD SHEPHERD,,WDE3016,31,12,22,8,,57,A
367332950,2022-01-02T03:08:00,30.05772,-89.80202,0.0,44.0,511.0,GOOD SHEPHERD,,WDE3016,31,12,22,8,,57,A
367332950,2022-01-02T03:11:19,30.05772,-89.80205,0.0,44.0,511.0,GOOD SHEPHERD,,WDE3016,31,12,22,8,,57,A
367332950,2022-01-02T01:30:50,30.05767,-89.80208,0.0,331.0,511.0,GOOD SHEPHERD,,WDE3016,31,12,22,8,,57,A
367332950,2022-01-02T03:01:41,30.05772,-89.80202,0.0,44.0,511.0,GOOD SHEPHERD,,WDE3016,31,12,22,8,,57,A
367332950,2022-01-02T03:04:19,30.05772,-89.80202,0.0,44.0,511.0,GOOD SHEPHERD,,WDE3016,31,12,22,8,,57,A
367332950,2022-01-02T03:05:31,30.05772,-89.80205,0.0,44.0,511.0,GOOD SHEPHERD,,WDE3016,31,12,22,8,,57,A
367332950,2022-01-02T03:10:10,30.05772,-89.80205,0.0,44.0,511.0,GOOD SHEPHERD,,WDE3016,31,12,22,8,,57,A
367332950,2022-01-02T03:21:00,30.05772,-89.80205,0.0,44.0,511.0,GOOD SHEPHERD,,WDE3016,31,12,22,8,,57,A
367332950,2022-01-02T03:09:09,30.05772,-89.80205,0.0,44.0,511.0,GOOD SHEPHERD,,WDE3016,31,12,22,8,,57,A
367332950,2022-01-02T03:12:50,30.05772,-89.80205,0.0,44.0,511.0,GOOD SHEPHERD,,WDE3016,31,12,22,8,,57,A
367332950,2022-01-02T03:14:00,30.05772,-89.80202,0.0,44.0,511.0,GOOD SHEPHERD,,WDE3016,31,12,22,8,,57,A
367332950,2022-01-02T03:25:11,30.05772,-89.80202,0.0,44.0,511.0,GOOD SHEPHERD,,WDE3016,31,12,22,8,,57,A
367332950,2022-01-02T03:26:20,30.05772,-89.80202,0.0,44.0,511.0,GOOD SHEPHERD,,WDE3016,31,12,22,8,,57,A
367332950,2022-01-02T03:22:20,30.05772,-89.80202,0.0,44.0,511.0,GOOD SHEPHERD,,WDE3016,31,12,22,8,,57,A
367332950,2022-01-02T03:15:09,30.05772,-89.80202,0.0,44.0,511.0,GOOD SHEPHERD,,WDE3016,31,12,22,8,,57,A
367332950,2022-01-02T03:23:41,30.05772,-89.80202,0.0,44.0,511.0,GOOD SHEPHERD,,WDE3016,31,12,22,8,,57,A
367332950,2022-01-02T03:28:41,30.05772,-89.80203,0.0,44.0,511.0,GOOD SHEPHERD,,WDE3016,31,12,22,8,,57,A
367332950,2022-01-02T03:29:50,30.05772,-89.80202,0.0,44.0,511.0,GOOD SHEPHERD,,WDE3016,31,12,22,8,,57,A
367332950,2022-01-02T03:35:00,30.05772,-89.80205,0.0,44.0,511.0,GOOD SHEPHERD,,WDE3016,31,12,22,8,,57,A
367332950,2022-01-02T03:37:21,30.05770,-89.80202,0.0,44.0,511.0,GOOD SHEPHERD,,WDE3016,31,12,22,8,,57,A
367332950,2022-01-02T03:38:31,30.05770,-89.80202,0.0,44.0,511.0,GOOD SHEPHERD,,WDE3016,31,12,22,8,,57,A
367332950,2022-01-02T03:27:30,30.05772,-89.80202,0.0,44.0,511.0,GOOD SHEPHERD,,WDE3016,31,12,22,8,,57,A
367332950,2022-01-02T03:31:00,30.05772,-89.80202,0.0,44.0,511.0,GOOD SHEPHERD,,WDE3016,31,12,22,8,,57,A
367332950,2022-01-02T03:36:10,30.05770,-89.80205,0.0,44.0,511.0,GOOD SHEPHERD,,WDE3016,31,12,22,8,,57,A
367332950,2022-01-02T03:33:50,30.05772,-89.80202,0.0,44.0,511.0,GOOD SHEPHERD,,WDE3016,31,12,22,8,,57,A
367332950,2022-01-02T03:32:29,30.05772,-89.80205,0.0,44.0,511.0,GOOD SHEPHERD,,WDE3016,31,12,22,8,,57,A
367332950,2022-01-02T01:49:30,30.05770,-89.80207,0.0,44.0,511.0,GOOD SHEPHERD,,WDE3016,31,12,22,8,,57,A
367332950,2022-01-02T01:50:50,30.05770,-89.80205,0.0,44.0,511.0,GOOD SHEPHERD,,WDE3016,31,12,22,8,,57,A
367332950,2022-01-02T03:49:30,30.05772,-89.80202,0.0,44.0,511.0,GOOD SHEPHERD,,WDE3016,31,12,22,8,,57,A
367332950,2022-01-02T03:44:30,30.05772,-89.80203,0.0,44.0,511.0,GOOD SHEPHERD,,WDE3016,31,12,22,8,,57,A
367332950,2022-01-02T03:51:51,30.05772,-89.80202,0.0,44.0,511.0,GOOD SHEPHERD,,WDE3016,31,12,22,8,,57,A
367332950,2022-01-02T03:45:39,30.05772,-89.80202,0.0,44.0,511.0,GOOD SHEPHERD,,WDE3016,31,12,22,8,,57,A
367332950,2022-01-02T03:42:00,30.05772,-89.80203,0.0,44.0,511.0,GOOD SHEPHERD,,WDE3016,31,12,22,8,,57,A
367332950,2022-01-02T03:39:40,30.05770,-89.80202,0.0,44.0,511.0,GOOD SHEPHERD,,WDE3016,31,12,22,8,,57,A
367332950,2022-01-02T03:52:59,30.05772,-89.80202,0.0,44.0,511.0,GOOD SHEPHERD,,WDE3016,31,12,22,8,,57,A
367332950,2022-01-02T03:40:50,30.05772,-89.80202,0.0,44.0,511.0,GOOD SHEPHERD,,WDE3016,31,12,22,8,,57,A
367332950,2022-01-02T03:47:10,30.05772,-89.80202,0.0,44.0,511.0,GOOD SHEPHERD,,WDE3016,31,12,22,8,,57,A
367332950,2022-01-02T03:48:19,30.05772,-89.80203,0.0,44.0,511.0,GOOD SHEPHERD,,WDE3016,31,12,22,8,,57,A
367332950,2022-01-02T03:54:11,30.05773,-89.80203,0.0,44.0,511.0,GOOD SHEPHERD,,WDE3016,31,12,22,8,,57,A
367332950,2022-01-02T03:55:21,30.05773,-89.80203,0.0,44.0,511.0,GOOD SHEPHERD,,WDE3016,31,12,22,8,,57,A
367332950,2022-01-02T03:43:10,30.05772,-89.80203,0.0,44.0,511.0,GOOD SHEPHERD,,WDE3016,31,12,22,8,,57,A
367332950,2022-01-02T03:59:21,30.05772,-89.80203,0.0,44.0,511.0,GOOD SHEPHERD,,WDE3016,31,12,22,8,,57,A
367332950,2022-01-02T04:00:09,30.05772,-89.80203,0.0,44.0,511.0,GOOD SHEPHERD,,WDE3016,31,12,22,8,,57,A
367332950,2022-01-02T03:56:50,30.05773,-89.80203,0.0,44.0,511.0,GOOD SHEPHERD,,WDE3016,31,12,22,8,,57,A
367332950,2022-01-02T04:02:31,30.05773,-89.80203,0.0,44.0,511.0,GOOD SHEPHERD,,WDE3016,31,12,22,8,,57,A
367332950,2022-01-02T03:50:40,30.05772,-89.80202,0.0,44.0,511.0,GOOD SHEPHERD,,WDE3016,31,12,22,8,,57,A
367332950,2022-01-02T03:58:09,30.05772,-89.80203,0.0,44.0,511.0,GOOD SHEPHERD,,WDE3016,31,12,22,8,,57,A
367332950,2022-01-02T04:03:39,30.05773,-89.80203,0.0,44.0,511.0,GOOD SHEPHERD,,WDE3016,31,12,22,8,,57,A
367332950,2022-01-02T04:01:20,30.05772,-89.80203,0.0,44.0,511.0,GOOD SHEPHERD,,WDE3016,31,12,22,8,,57,A
367332950,2022-01-02T04:04:49,30.05773,-89.80203,0.0,44.0,511.0,GOOD SHEPHERD,,WDE3016,31,12,22,8,,57,A
367332950,2022-01-02T04:05:59,30.05773,-89.80202,0.0,44.0,511.0,GOOD SHEPHERD,,WDE3016,31,12,22,8,,57,A
367332950,2022-01-02T04:07:30,30.05772,-89.80203,0.0,44.0,511.0,GOOD SHEPHERD,,WDE3016,31,12,22,8,,57,A
367332950,2022-01-02T02:03:39,30.05770,-89.80207,0.0,44.0,511.0,GOOD SHEPHERD,,WDE3016,31,12,22,8,,57,A
367332950,2022-01-02T04:08:41,30.05772,-89.80203,0.0,44.0,511.0,GOOD SHEPHERD,,WDE3016,31,12,22,8,,57,A
367332950,2022-01-02T04:09:50,30.05772,-89.80203,0.0,44.0,511.0,GOOD SHEPHERD,,WDE3016,31,12,22,8,,57,A
367332950,2022-01-02T04:14:30,30.05772,-89.80203,0.0,44.0,511.0,GOOD SHEPHERD,,WDE3016,31,12,22,8,,57,A
367332950,2022-01-02T04:10:59,30.05772,-89.80203,0.0,44.0,511.0,GOOD SHEPHERD,,WDE3016,31,12,22,8,,57,A
367332950,2022-01-02T04:17:50,30.05772,-89.80203,0.0,44.0,511.0,GOOD SHEPHERD,,WDE3016,31,12,22,8,,57,A
367332950,2022-01-02T04:16:40,30.05772,-89.80203,0.0,44.0,511.0,GOOD SHEPHERD,,WDE3016,31,12,22,8,,57,A
367332950,2022-01-02T04:21:50,30.05772,-89.80203,0.0,44.0,511.0,GOOD SHEPHERD,,WDE3016,31,12,22,8,,57,A
367332950,2022-01-02T04:19:20,30.05772,-89.80203,0.0,44.0,511.0,GOOD SHEPHERD,,WDE3016,31,12,22,8,,57,A
367332950,2022-01-02T04:23:01,30.05772,-89.80203,0.0,44.0,511.0,GOOD SHEPHERD,,WDE3016,31,12,22,8,,57,A
367332950,2022-01-02T04:28:21,30.05772,-89.80203,0.0,44.0,511.0,GOOD SHEPHERD,,WDE3016,31,12,22,8,,57,A
367332950,2022-01-02T04:24:10,30.05772,-89.80203,0.0,44.0,511.0,GOOD SHEPHERD,,WDE3016,31,12,22,8,,57,A
367332950,2022-01-02T04:31:21,30.05772,-89.80203,0.0,44.0,511.0,GOOD SHEPHERD,,WDE3016,31,12,22,8,,57,A
367332950,2022-01-02T04:13:19,30.05772,-89.80203,0.0,44.0,511.0,GOOD SHEPHERD,,WDE3016,31,12,22,8,,57,A
367332950,2022-01-02T04:20:31,30.05772,-89.80203,0.0,44.0,511.0,GOOD SHEPHERD,,WDE3016,31,12,22,8,,57,A
367332950,2022-01-02T04:15:39,30.05772,-89.80203,0.0,44.0,511.0,GOOD SHEPHERD,,WDE3016,31,12,22,8,,57,A
367332950,2022-01-02T04:29:31,30.05772,-89.80203,0.0,44.0,511.0,GOOD SHEPHERD,,WDE3016,31,12,22,8,,57,A
367332950,2022-01-02T04:25:20,30.05772,-89.80203,0.0,44.0,511.0,GOOD SHEPHERD,,WDE3016,31,12,22,8,,57,A
367332950,2022-01-02T04:39:00,30.05772,-89.80200,0.0,44.0,511.0,GOOD SHEPHERD,,WDE3016,31,12,22,8,,57,A
367332950,2022-01-02T04:26:31,30.05772,-89.80203,0.0,44.0,511.0,GOOD SHEPHERD,,WDE3016,31,12,22,8,,57,A
367332950,2022-01-02T02:14:49,30.05770,-89.80203,0.0,44.0,511.0,GOOD SHEPHERD,,WDE3016,31,12,22,8,,57,A
367332950,2022-01-02T04:41:31,30.05772,-89.80200,0.0,44.0,511.0,GOOD SHEPHERD,,WDE3016,31,12,22,8,,57,A
367332950,2022-01-02T04:42:50,30.05772,-89.80200,0.0,44.0,511.0,GOOD SHEPHERD,,WDE3016,31,12,22,8,,57,A
367332950,2022-01-02T04:32:30,30.05772,-89.80203,0.0,44.0,511.0,GOOD SHEPHERD,,WDE3016,31,12,22,8,,57,A
367332950,2022-01-02T04:33:39,30.05772,-89.80200,0.0,44.0,511.0,GOOD SHEPHERD,,WDE3016,31,12,22,8,,57,A
367332950,2022-01-02T04:35:20,30.05772,-89.80200,0.0,44.0,511.0,GOOD SHEPHERD,,WDE3016,31,12,22,8,,57,A
367332950,2022-01-02T04:36:39,30.05772,-89.80203,0.0,44.0,511.0,GOOD SHEPHERD,,WDE3016,31,12,22,8,,57,A
367332950,2022-01-02T04:37:59,30.05772,-89.80200,0.0,44.0,511.0,GOOD SHEPHERD,,WDE3016,31,12,22,8,,57,A
367332950,2022-01-02T04:47:40,30.05772,-89.80203,0.0,44.0,511.0,GOOD SHEPHERD,,WDE3016,31,12,22,8,,57,A
367332950,2022-01-02T04:50:00,30.05772,-89.80203,0.0,44.0,511.0,GOOD SHEPHERD,,WDE3016,31,12,22,8,,57,A
367332950,2022-01-02T04:40:09,30.05772,-89.80200,0.0,44.0,511.0,GOOD SHEPHERD,,WDE3016,31,12,22,8,,57,A
367332950,2022-01-02T04:52:29,30.05772,-89.80203,0.0,44.0,511.0,GOOD SHEPHERD,,WDE3016,31,12,22,8,,57,A
367332950,2022-01-02T04:56:01,30.05772,-89.80200,0.0,44.0,511.0,GOOD SHEPHERD,,WDE3016,31,12,22,8,,57,A
367332950,2022-01-02T04:45:20,30.05772,-89.80203,0.0,44.0,511.0,GOOD SHEPHERD,,WDE3016,31,12,22,8,,57,A
367332950,2022-01-02T04:58:29,30.05772,-89.80200,0.0,44.0,511.0,GOOD SHEPHERD,,WDE3016,31,12,22,8,,57,A
367332950,2022-01-02T04:46:30,30.05772,-89.80203,0.0,44.0,511.0,GOOD SHEPHERD,,WDE3016,31,12,22,8,,57,A
367332950,2022-01-02T04:44:09,30.05772,-89.80200,0.0,44.0,511.0,GOOD SHEPHERD,,WDE3016,31,12,22,8,,57,A
367332950,2022-01-02T04:48:50,30.05772,-89.80203,0.0,44.0,511.0,GOOD SHEPHERD,,WDE3016,31,12,22,8,,57,A
367332950,2022-01-02T05:02:40,30.05772,-89.80202,0.0,44.0,511.0,GOOD SHEPHERD,,WDE3016,31,12,22,8,,57,A
367332950,2022-01-02T04:59:30,30.05772,-89.80200,0.0,44.0,511.0,GOOD SHEPHERD,,WDE3016,31,12,22,8,,57,A
367332950,2022-01-02T04:51:20,30.05772,-89.80203,0.0,44.0,511.0,GOOD SHEPHERD,,WDE3016,31,12,22,8,,57,A
367332950,2022-01-02T04:53:41,30.05772,-89.80200,0.0,44.0,511.0,GOOD SHEPHERD,,WDE3016,31,12,22,8,,57,A
367332950,2022-01-02T04:57:19,30.05772,-89.80202,0.0,44.0,511.0,GOOD SHEPHERD,,WDE3016,31,12,22,8,,57,A
367332950,2022-01-02T04:54:49,30.05772,-89.80200,0.0,44.0,511.0,GOOD SHEPHERD,,WDE3016,31,12,22,8,,57,A
367332950,2022-01-02T05:14:10,30.05772,-89.80202,0.0,44.0,511.0,GOOD SHEPHERD,,WDE3016,31,12,22,8,,57,A
367332950,2022-01-02T05:16:31,30.05772,-89.80202,0.0,44.0,511.0,GOOD SHEPHERD,,WDE3016,31,12,22,8,,57,A
367332950,2022-01-02T05:17:39,30.05772,-89.80202,0.0,44.0,511.0,GOOD SHEPHERD,,WDE3016,31,12,22,8,,57,A
367332950,2022-01-02T05:03:49,30.05772,-89.80202,0.0,44.0,511.0,GOOD SHEPHERD,,WDE3016,31,12,22,8,,57,A
367332950,2022-01-02T05:05:00,30.05772,-89.80200,0.0,44.0,511.0,GOOD SHEPHERD,,WDE3016,31,12,22,8,,57,A
367332950,2022-01-02T05:01:19,30.05772,-89.80200,0.0,44.0,511.0,GOOD SHEPHERD,,WDE3016,31,12,22,8,,57,A
367332950,2022-01-02T05:00:00,30.05772,-89.80200,0.0,44.0,511.0,GOOD SHEPHERD,,WDE3016,31,12,22,8,,57,A
367332950,2022-01-02T05:18:59,30.05772,-89.80202,0.0,44.0,511.0,GOOD SHEPHERD,,WDE3016,31,12,22,8,,57,A
367332950,2022-01-02T05:07:20,30.05772,-89.80202,0.0,44.0,511.0,GOOD SHEPHERD,,WDE3016,31,12,22,8,,57,A
367332950,2022-01-02T05:09:39,30.05772,-89.80200,0.0,44.0,511.0,GOOD SHEPHERD,,WDE3016,31,12,22,8,,57,A
367332950,2022-01-02T05:10:40,30.05772,-89.80202,0.0,44.0,511.0,GOOD SHEPHERD,,WDE3016,31,12,22,8,,57,A
367332950,2022-01-02T05:24:50,30.05772,-89.80202,0.0,44.0,511.0,GOOD SHEPHERD,,WDE3016,31,12,22,8,,57,A
367332950,2022-01-02T05:27:10,30.05772,-89.80200,0.0,44.0,511.0,GOOD SHEPHERD,,WDE3016,31,12,22,8,,57,A
367332950,2022-01-02T05:08:30,30.05772,-89.80200,0.0,44.0,511.0,GOOD SHEPHERD,,WDE3016,31,12,22,8,,57,A
367332950,2022-01-02T05:28:19,30.05772,-89.80202,0.0,44.0,511.0,GOOD SHEPHERD,,WDE3016,31,12,22,8,,57,A
367332950,2022-01-02T05:13:09,30.05772,-89.80202,0.0,44.0,511.0,GOOD SHEPHERD,,WDE3016,31,12,22,8,,57,A
367332950,2022-01-02T05:29:39,30.05772,-89.80200,0.0,44.0,511.0,GOOD SHEPHERD,,WDE3016,31,12,22,8,,57,A
367332950,2022-01-02T05:21:20,30.05772,-89.80202,0.0,44.0,511.0,GOOD SHEPHERD,,WDE3016,31,12,22,8,,57,A
367332950,2022-01-02T05:23:39,30.05772,-89.80203,0.0,44.0,511.0,GOOD SHEPHERD,,WDE3016,31,12,22,8,,57,A
367332950,2022-01-02T05:26:00,30.05772,-89.80200,0.0,44.0,511.0,GOOD SHEPHERD,,WDE3016,31,12,22,8,,57,A
367332950,2022-01-02T05:15:20,30.05772,-89.80202,0.0,44.0,511.0,GOOD SHEPHERD,,WDE3016,31,12,22,8,,57,A
367332950,2022-01-02T05:33:19,30.05772,-89.80202,0.0,44.0,511.0,GOOD SHEPHERD,,WDE3016,31,12,22,8,,57,A
367332950,2022-01-02T02:40:00,30.05772,-89.80205,0.0,44.0,511.0,GOOD SHEPHERD,,WDE3016,31,12,22,8,,57,A
367332950,2022-01-02T05:34:29,30.05772,-89.80202,0.0,44.0,511.0,GOOD SHEPHERD,,WDE3016,31,12,22,8,,57,A
367332950,2022-01-02T05:35:49,30.05772,-89.80202,0.0,44.0,511.0,GOOD SHEPHERD,,WDE3016,31,12,22,8,,57,A
367332950,2022-01-02T05:22:29,30.05772,-89.80202,0.0,44.0,511.0,GOOD SHEPHERD,,WDE3016,31,12,22,8,,57,A
367332950,2022-01-02T05:20:09,30.05772,-89.80200,0.0,44.0,511.0,GOOD SHEPHERD,,WDE3016,31,12,22,8,,57,A
367332950,2022-01-02T05:32:00,30.05772,-89.80202,0.0,44.0,511.0,GOOD SHEPHERD,,WDE3016,31,12,22,8,,57,A
367332950,2022-01-02T02:42:21,30.05772,-89.80205,0.0,44.0,511.0,GOOD SHEPHERD,,WDE3016,31,12,22,8,,57,A
367332950,2022-01-02T05:42:09,30.05772,-89.80200,0.0,44.0,511.0,GOOD SHEPHERD,,WDE3016,31,12,22,8,,57,A
367332950,2022-01-02T05:44:30,30.05772,-89.80200,0.0,44.0,511.0,GOOD SHEPHERD,,WDE3016,31,12,22,8,,57,A
367332950,2022-01-02T05:46:50,30.05772,-89.80200,0.0,44.0,511.0,GOOD SHEPHERD,,WDE3016,31,12,22,8,,57,A
367332950,2022-01-02T05:50:10,30.05772,-89.80200,0.0,44.0,511.0,GOOD SHEPHERD,,WDE3016,31,12,22,8,,57,A
367332950,2022-01-02T05:30:49,30.05772,-89.80200,0.0,44.0,511.0,GOOD SHEPHERD,,WDE3016,31,12,22,8,,57,A
367332950,2022-01-02T05:48:00,30.05772,-89.80200,0.0,44.0,511.0,GOOD SHEPHERD,,WDE3016,31,12,22,8,,57,A
367332950,2022-01-02T05:45:41,30.05772,-89.80200,0.0,44.0,511.0,GOOD SHEPHERD,,WDE3016,31,12,22,8,,57,A
367332950,2022-01-02T05:52:30,30.05772,-89.80200,0.0,44.0,511.0,GOOD SHEPHERD,,WDE3016,31,12,22,8,,57,A
367332950,2022-01-02T05:54:01,30.05772,-89.80203,0.0,44.0,511.0,GOOD SHEPHERD,,WDE3016,31,12,22,8,,57,A
367332950,2022-01-02T05:36:59,30.05772,-89.80200,0.0,44.0,511.0,GOOD SHEPHERD,,WDE3016,31,12,22,8,,57,A
367332950,2022-01-02T05:55:10,30.05772,-89.80200,0.0,44.0,511.0,GOOD SHEPHERD,,WDE3016,31,12,22,8,,57,A
367332950,2022-01-02T05:38:21,30.05772,-89.80203,0.0,44.0,511.0,GOOD SHEPHERD,,WDE3016,31,12,22,8,,57,A
367332950,2022-01-02T05:40:50,30.05772,-89.80203,0.0,44.0,511.0,GOOD SHEPHERD,,WDE3016,31,12,22,8,,57,A
367332950,2022-01-02T02:49:11,30.05772,-89.80205,0.0,44.0,511.0,GOOD SHEPHERD,,WDE3016,31,12,22,8,,57,A
367332950,2022-01-02T05:58:50,30.05772,-89.80200,0.0,44.0,511.0,GOOD SHEPHERD,,WDE3016,31,12,22,8,,57,A
367332950,2022-01-02T05:43:21,30.05772,-89.80200,0.0,44.0,511.0,GOOD SHEPHERD,,WDE3016,31,12,22,8,,57,A
367332950,2022-01-02T05:57:29,30.05772,-89.80200,0.0,44.0,511.0,GOOD SHEPHERD,,WDE3016,31,12,22,8,,57,A
367332950,2022-01-02T06:02:20,30.05772,-89.80202,0.0,44.0,511.0,GOOD SHEPHERD,,WDE3016,31,12,22,8,,57,A
367332950,2022-01-02T05:59:51,30.05772,-89.80200,0.0,44.0,511.0,GOOD SHEPHERD,,WDE3016,31,12,22,8,,57,A
367332950,2022-01-02T06:01:10,30.05772,-89.80202,0.0,44.0,511.0,GOOD SHEPHERD,,WDE3016,31,12,22,8,,57,A
367332950,2022-01-02T06:08:30,30.05772,-89.80200,0.0,44.0,511.0,GOOD SHEPHERD,,WDE3016,31,12,22,8,,57,A
367332950,2022-01-02T06:03:40,30.05773,-89.80202,0.0,44.0,511.0,GOOD SHEPHERD,,WDE3016,31,12,22,8,,57,A
367332950,2022-01-02T02:51:39,30.05772,-89.80205,0.0,44.0,511.0,GOOD SHEPHERD,,WDE3016,31,12,22,8,,57,A
367332950,2022-01-02T05:51:19,30.05772,-89.80200,0.0,44.0,511.0,GOOD SHEPHERD,,WDE3016,31,12,22,8,,57,A
367332950,2022-01-02T06:13:31,30.05772,-89.80202,0.0,44.0,511.0,GOOD SHEPHERD,,WDE3016,31,12,22,8,,57,A
367332950,2022-01-02T02:53:59,30.05772,-89.80205,0.0,44.0,511.0,GOOD SHEPHERD,,WDE3016,31,12,22,8,,57,A
367332950,2022-01-02T06:11:01,30.05772,-89.80200,0.0,44.0,511.0,GOOD SHEPHERD,,WDE3016,31,12,22,8,,57,A
367332950,2022-01-02T06:14:50,30.05772,-89.80202,0.0,44.0,511.0,GOOD SHEPHERD,,WDE3016,31,12,22,8,,57,A
367332950,2022-01-02T06:18:40,30.05772,-89.80200,0.0,44.0,511.0,GOOD SHEPHERD,,WDE3016,31,12,22,8,,57,A
367332950,2022-01-02T06:22:40,30.05772,-89.80202,0.0,44.0,511.0,GOOD SHEPHERD,,WDE3016,31,12,22,8,,57,A
367332950,2022-01-02T06:20:19,30.05772,-89.80200,0.0,44.0,511.0,GOOD SHEPHERD,,WDE3016,31,12,22,8,,57,A
367332950,2022-01-02T06:00:01,30.05772,-89.80200,0.0,44.0,511.0,GOOD SHEPHERD,,WDE3016,31,12,22,8,,57,A
367332950,2022-01-02T06:05:01,30.05773,-89.80200,0.0,44.0,511.0,GOOD SHEPHERD,,WDE3016,31,12,22,8,,57,A
367332950,2022-01-02T06:21:30,30.05772,-89.80200,0.0,44.0,511.0,GOOD SHEPHERD,,WDE3016,31,12,22,8,,57,A
367332950,2022-01-02T02:58:30,30.05772,-89.80205,0.0,44.0,511.0,GOOD SHEPHERD,,WDE3016,31,12,22,8,,57,A
367332950,2022-01-02T06:27:09,30.05772,-89.80200,0.0,44.0,511.0,GOOD SHEPHERD,,WDE3016,31,12,22,8,,57,A
367332950,2022-01-02T06:24:01,30.05772,-89.80200,0.0,44.0,511.0,GOOD SHEPHERD,,WDE3016,31,12,22,8,,57,A
367332950,2022-01-02T06:28:19,30.05772,-89.80202,0.0,44.0,511.0,GOOD SHEPHERD,,WDE3016,31,12,22,8,,57,A
367332950,2022-01-02T06:07:20,30.05772,-89.80200,0.0,44.0,511.0,GOOD SHEPHERD,,WDE3016,31,12,22,8,,57,A
367332950,2022-01-02T06:29:40,30.05772,-89.80202,0.0,44.0,511.0,GOOD SHEPHERD,,WDE3016,31,12,22,8,,57,A
367332950,2022-01-02T06:33:10,30.05772,-89.80202,0.0,44.0,511.0,GOOD SHEPHERD,,WDE3016,31,12,22,8,,57,A
367332950,2022-01-02T06:16:01,30.05772,-89.80200,0.0,44.0,511.0,GOOD SHEPHERD,,WDE3016,31,12,22,8,,57,A
367332950,2022-01-02T06:34:20,30.05772,-89.80202,0.0,44.0,511.0,GOOD SHEPHERD,,WDE3016,31,12,22,8,,57,A
367332950,2022-01-02T06:17:19,30.05772,-89.80200,0.0,44.0,511.0,GOOD SHEPHERD,,WDE3016,31,12,22,8,,57,A
367332950,2022-01-02T06:38:20,30.05772,-89.80200,0.0,44.0,511.0,GOOD SHEPHERD,,WDE3016,31,12,22,8,,57,A
367332950,2022-01-02T06:39:50,30.05772,-89.80203,0.0,44.0,511.0,GOOD SHEPHERD,,WDE3016,31,12,22,8,,57,A
367332950,2022-01-02T03:06:50,30.05772,-89.80205,0.0,44.0,511.0,GOOD SHEPHERD,,WDE3016,31,12,22,8,,57,A
367332950,2022-01-02T06:42:20,30.05772,-89.80202,0.0,44.0,511.0,GOOD SHEPHERD,,WDE3016,31,12,22,8,,57,A
367332950,2022-01-02T06:45:50,30.05772,-89.80200,0.0,44.0,511.0,GOOD SHEPHERD,,WDE3016,31,12,22,8,,57,A
367332950,2022-01-02T06:46:59,30.05772,-89.80203,0.0,44.0,511.0,GOOD SHEPHERD,,WDE3016,31,12,22,8,,57,A
367332950,2022-01-02T06:48:19,30.05772,-89.80200,0.0,44.0,511.0,GOOD SHEPHERD,,WDE3016,31,12,22,8,,57,A
367332950,2022-01-02T06:25:09,30.05772,-89.80200,0.0,44.0,511.0,GOOD SHEPHERD,,WDE3016,31,12,22,8,,57,A
367332950,2022-01-02T06:50:19,30.05772,-89.80200,0.0,44.0,511.0,GOOD SHEPHERD,,WDE3016,31,12,22,8,,57,A
367332950,2022-01-02T06:53:41,30.05772,-89.80203,0.0,44.0,511.0,GOOD SHEPHERD,,WDE3016,31,12,22,8,,57,A
367332950,2022-01-02T06:51:30,30.05773,-89.80202,0.0,44.0,511.0,GOOD SHEPHERD,,WDE3016,31,12,22,8,,57,A
367332950,2022-01-02T06:30:50,30.05772,-89.80202,0.0,44.0,511.0,GOOD SHEPHERD,,WDE3016,31,12,22,8,,57,A
367332950,2022-01-02T03:16:40,30.05772,-89.80202,0.0,44.0,511.0,GOOD SHEPHERD,,WDE3016,31,12,22,8,,57,A
367332950,2022-01-02T03:17:50,30.05772,-89.80202,0.0,44.0,511.0,GOOD SHEPHERD,,WDE3016,31,12,22,8,,57,A
367332950,2022-01-02T06:59:41,30.05773,-89.80202,0.0,44.0,511.0,GOOD SHEPHERD,,WDE3016,31,12,22,8,,57,A
367332950,2022-01-02T06:35:29,30.05772,-89.80200,0.0,44.0,511.0,GOOD SHEPHERD,,WDE3016,31,12,22,8,,57,A
367332950,2022-01-02T06:36:40,30.05772,-89.80203,0.0,44.0,511.0,GOOD SHEPHERD,,WDE3016,31,12,22,8,,57,A
367332950,2022-01-02T03:19:41,30.05772,-89.80202,0.0,44.0,511.0,GOOD SHEPHERD,,WDE3016,31,12,22,8,,57,A
367332950,2022-01-02T07:01:41,30.05773,-89.80203,0.0,44.0,511.0,GOOD SHEPHERD,,WDE3016,31,12,22,8,,57,A
367332950,2022-01-02T06:43:29,30.05772,-89.80202,0.0,44.0,511.0,GOOD SHEPHERD,,WDE3016,31,12,22,8,,57,A
367332950,2022-01-02T07:11:49,30.05772,-89.80200,0.0,44.0,511.0,GOOD SHEPHERD,,WDE3016,31,12,22,8,,57,A
367332950,2022-01-02T06:52:40,30.05773,-89.80202,0.0,44.0,511.0,GOOD SHEPHERD,,WDE3016,31,12,22,8,,57,A
367332950,2022-01-02T07:07:30,30.05773,-89.80203,0.0,44.0,511.0,GOOD SHEPHERD,,WDE3016,31,12,22,8,,57,A
367332950,2022-01-02T06:56:19,30.05773,-89.80202,0.0,44.0,511.0,GOOD SHEPHERD,,WDE3016,31,12,22,8,,57,A
367332950,2022-01-02T07:10:20,30.05772,-89.80200,0.0,44.0,511.0,GOOD SHEPHERD,,WDE3016,31,12,22,8,,57,A
367332950,2022-01-02T07:00:30,30.05773,-89.80202,0.0,44.0,511.0,GOOD SHEPHERD,,WDE3016,31,12,22,8,,57,A
367332950,2022-01-02T07:26:40,30.05772,-89.80200,0.0,44.0,511.0,GOOD SHEPHERD,,WDE3016,31,12,22,8,,57,A
367332950,2022-01-02T07:29:01,30.05772,-89.80202,0.0,44.0,511.0,GOOD SHEPHERD,,WDE3016,31,12,22,8,,57,A
367332950,2022-01-02T07:28:00,30.05772,-89.80200,0.0,44.0,511.0,GOOD SHEPHERD,,WDE3016,31,12,22,8,,57,A
367332950,2022-01-02T07:16:50,30.05772,-89.80203,0.0,44.0,511.0,GOOD SHEPHERD,,WDE3016,31,12,22,8,,57,A
367332950,2022-01-02T07:24:09,30.05772,-89.80200,0.0,44.0,511.0,GOOD SHEPHERD,,WDE3016,31,12,22,8,,57,A
367332950,2022-01-02T07:05:50,30.05773,-89.80203,0.0,44.0,511.0,GOOD SHEPHERD,,WDE3016,31,12,22,8,,57,A
367332950,2022-01-02T07:21:50,30.05772,-89.80200,0.0,44.0,511.0,GOOD SHEPHERD,,WDE3016,31,12,22,8,,57,A
367332950,2022-01-02T07:02:49,30.05773,-89.80203,0.0,44.0,511.0,GOOD SHEPHERD,,WDE3016,31,12,22,8,,57,A
367332950,2022-01-02T07:23:00,30.05772,-89.80200,0.0,44.0,511.0,GOOD SHEPHERD,,WDE3016,31,12,22,8,,57,A
367332950,2022-01-02T07:34:20,30.05772,-89.80202,0.0,44.0,511.0,GOOD SHEPHERD,,WDE3016,31,12,22,8,,57,A
367332950,2022-01-02T07:09:19,30.05773,-89.80203,0.0,44.0,511.0,GOOD SHEPHERD,,WDE3016,31,12,22,8,,57,A
367332950,2022-01-02T07:25:20,30.05772,-89.80200,0.0,44.0,511.0,GOOD SHEPHERD,,WDE3016,31,12,22,8,,57,A
367332950,2022-01-02T07:12:59,30.05772,-89.80203,0.0,44.0,511.0,GOOD SHEPHERD,,WDE3016,31,12,22,8,,57,A
367332950,2022-01-02T07:38:11,30.05772,-89.80202,0.0,44.0,511.0,GOOD SHEPHERD,,WDE3016,31,12,22,8,,57,A
367332950,2022-01-02T07:15:20,30.05772,-89.80203,0.0,44.0,511.0,GOOD SHEPHERD,,WDE3016,31,12,22,8,,57,A
367332950,2022-01-02T07:18:00,30.05772,-89.80200,0.0,44.0,511.0,GOOD SHEPHERD,,WDE3016,31,12,22,8,,57,A
367332950,2022-01-02T07:44:49,30.05772,-89.80200,0.0,44.0,511.0,GOOD SHEPHERD,,WDE3016,31,12,22,8,,57,A
367332950,2022-01-02T07:45:59,30.05772,-89.80200,0.0,44.0,511.0,GOOD SHEPHERD,,WDE3016,31,12,22,8,,57,A
367332950,2022-01-02T07:47:00,30.05772,-89.80200,0.0,44.0,511.0,GOOD SHEPHERD,,WDE3016,31,12,22,8,,57,A
367332950,2022-01-02T07:20:20,30.05772,-89.80200,0.0,44.0,511.0,GOOD SHEPHERD,,WDE3016,31,12,22,8,,57,A
367332950,2022-01-02T07:14:11,30.05772,-89.80200,0.0,44.0,511.0,GOOD SHEPHERD,,WDE3016,31,12,22,8,,57,A
367332950,2022-01-02T07:33:09,30.05772,-89.80202,0.0,44.0,511.0,GOOD SHEPHERD,,WDE3016,31,12,22,8,,57,A
367332950,2022-01-02T07:35:40,30.05772,-89.80200,0.0,44.0,511.0,GOOD SHEPHERD,,WDE3016,31,12,22,8,,57,A
367332950,2022-01-02T07:54:19,30.05772,-89.80200,0.0,44.0,511.0,GOOD SHEPHERD,,WDE3016,31,12,22,8,,57,A
367332950,2022-01-02T07:30:30,30.05772,-89.80202,0.0,44.0,511.0,GOOD SHEPHERD,,WDE3016,31,12,22,8,,57,A
367332950,2022-01-02T07:40:29,30.05772,-89.80200,0.0,44.0,511.0,GOOD SHEPHERD,,WDE3016,31,12,22,8,,57,A
367332950,2022-01-02T07:31:40,30.05772,-89.80202,0.0,44.0,511.0,GOOD SHEPHERD,,WDE3016,31,12,22,8,,57,A
367332950,2022-01-02T07:48:10,30.05772,-89.80203,0.0,44.0,511.0,GOOD SHEPHERD,,WDE3016,31,12,22,8,,57,A
367332950,2022-01-02T07:55:30,30.05772,-89.80203,0.0,44.0,511.0,GOOD SHEPHERD,,WDE3016,31,12,22,8,,57,A
367332950,2022-01-02T07:57:50,30.05772,-89.80203,0.0,44.0,511.0,GOOD SHEPHERD,,WDE3016,31,12,22,8,,57,A
367332950,2022-01-02T07:59:00,30.05772,-89.80203,0.0,44.0,511.0,GOOD SHEPHERD,,WDE3016,31,12,22,8,,57,A
367332950,2022-01-02T07:37:01,30.05772,-89.80200,0.0,44.0,511.0,GOOD SHEPHERD,,WDE3016,31,12,22,8,,57,A
367332950,2022-01-02T08:02:20,30.05772,-89.80200,0.0,44.0,511.0,GOOD SHEPHERD,,WDE3016,31,12,22,8,,57,A
367332950,2022-01-02T07:39:20,30.05772,-89.80202,0.0,44.0,511.0,GOOD SHEPHERD,,WDE3016,31,12,22,8,,57,A
367332950,2022-01-02T07:49:19,30.05772,-89.80203,0.0,44.0,511.0,GOOD SHEPHERD,,WDE3016,31,12,22,8,,57,A
367332950,2022-01-02T08:05:29,30.05772,-89.80200,0.0,44.0,511.0,GOOD SHEPHERD,,WDE3016,31,12,22,8,,57,A
367332950,2022-01-02T08:04:20,30.05772,-89.80202,0.0,44.0,511.0,GOOD SHEPHERD,,WDE3016,31,12,22,8,,57,A
367332950,2022-01-02T07:42:20,30.05772,-89.80200,0.0,44.0,511.0,GOOD SHEPHERD,,WDE3016,31,12,22,8,,57,A
367332950,2022-01-02T08:07:50,30.05772,-89.80202,0.0,44.0,511.0,GOOD SHEPHERD,,WDE3016,31,12,22,8,,57,A
367332950,2022-01-02T08:10:29,30.05772,-89.80203,0.0,44.0,511.0,GOOD SHEPHERD,,WDE3016,31,12,22,8,,57,A
367332950,2022-01-02T08:13:01,30.05772,-89.80203,0.0,44.0,511.0,GOOD SHEPHERD,,WDE3016,31,12,22,8,,57,A
367332950,2022-01-02T08:06:39,30.05772,-89.80202,0.0,44.0,511.0,GOOD SHEPHERD,,WDE3016,31,12,22,8,,57,A
367332950,2022-01-02T07:50:40,30.05772,-89.80203,0.0,44.0,511.0,GOOD SHEPHERD,,WDE3016,31,12,22,8,,57,A
367332950,2022-01-02T08:01:09,30.05772,-89.80203,0.0,44.0,511.0,GOOD SHEPHERD,,WDE3016,31,12,22,8,,57,A
367332950,2022-01-02T07:53:11,30.05772,-89.80200,0.0,44.0,511.0,GOOD SHEPHERD,,WDE3016,31,12,22,8,,57,A
367332950,2022-01-02T08:18:01,30.05772,-89.80200,0.0,44.0,511.0,GOOD SHEPHERD,,WDE3016,31,12,22,8,,57,A
367332950,2022-01-02T07:51:50,30.05772,-89.80203,0.0,44.0,511.0,GOOD SHEPHERD,,WDE3016,31,12,22,8,,57,A
367332950,2022-01-02T08:21:50,30.05770,-89.80202,0.0,44.0,511.0,GOOD SHEPHERD,,WDE3016,31,12,22,8,,57,A
367332950,2022-01-02T08:23:01,30.05770,-89.80200,0.0,44.0,511.0,GOOD SHEPHERD,,WDE3016,31,12,22,8,,57,A
367332950,2022-01-02T08:11:51,30.05772,-89.80200,0.0,44.0,511.0,GOOD SHEPHERD,,WDE3016,31,12,22,8,,57,A
367332950,2022-01-02T07:56:40,30.05772,-89.80203,0.0,44.0,511.0,GOOD SHEPHERD,,WDE3016,31,12,22,8,,57,A
367332950,2022-01-02T08:24:10,30.05770,-89.80200,0.0,44.0,511.0,GOOD SHEPHERD,,WDE3016,31,12,22,8,,57,A
367332950,2022-01-02T08:26:41,30.05772,-89.80202,0.0,44.0,511.0,GOOD SHEPHERD,,WDE3016,31,12,22,8,,57,A
367332950,2022-01-02T08:30:50,30.05772,-89.80200,0.0,44.0,511.0,GOOD SHEPHERD,,WDE3016,31,12,22,8,,57,A
367332950,2022-01-02T08:27:50,30.05772,-89.80200,0.0,44.0,511.0,GOOD SHEPHERD,,WDE3016,31,12,22,8,,57,A
367332950,2022-01-02T08:47:11,30.05772,-89.80202,0.0,44.0,511.0,GOOD SHEPHERD,,WDE3016,31,12,22,8,,57,A
367332950,2022-01-02T08:45:29,30.05772,-89.80202,0.0,44.0,511.0,GOOD SHEPHERD,,WDE3016,31,12,22,8,,57,A
367332950,2022-01-02T08:15:29,30.05772,-89.80200,0.0,44.0,511.0,GOOD SHEPHERD,,WDE3016,31,12,22,8,,57,A
367332950,2022-01-02T08:33:09,30.05772,-89.80200,0.0,44.0,511.0,GOOD SHEPHERD,,WDE3016,31,12,22,8,,57,A
367332950,2022-01-02T08:16:50,30.05772,-89.80200,0.0,44.0,511.0,GOOD SHEPHERD,,WDE3016,31,12,22,8,,57,A
367332950,2022-01-02T08:19:20,30.05772,-89.80200,0.0,44.0,511.0,GOOD SHEPHERD,,WDE3016,31,12,22,8,,57,A
367332950,2022-01-02T08:40:20,30.05772,-89.80200,0.0,44.0,511.0,GOOD SHEPHERD,,WDE3016,31,12,22,8,,57,A
367332950,2022-01-02T08:20:29,30.05772,-89.80200,0.0,44.0,511.0,GOOD SHEPHERD,,WDE3016,31,12,22,8,,57,A
367332950,2022-01-02T08:39:10,30.05772,-89.80202,0.0,44.0,511.0,GOOD SHEPHERD,,WDE3016,31,12,22,8,,57,A
367332950,2022-01-02T08:56:21,30.05772,-89.80202,0.0,44.0,511.0,GOOD SHEPHERD,,WDE3016,31,12,22,8,,57,A
367332950,2022-01-02T08:41:59,30.05772,-89.80200,0.0,44.0,511.0,GOOD SHEPHERD,,WDE3016,31,12,22,8,,57,A
367332950,2022-01-02T08:25:30,30.05770,-89.80200,0.0,44.0,511.0,GOOD SHEPHERD,,WDE3016,31,12,22,8,,57,A
367332950,2022-01-02T08:57:30,30.05772,-89.80200,0.0,44.0,511.0,GOOD SHEPHERD,,WDE3016,31,12,22,8,,57,A
367332950,2022-01-02T08:48:19,30.05772,-89.80202,0.0,44.0,511.0,GOOD SHEPHERD,,WDE3016,31,12,22,8,,57,A
367332950,2022-01-02T09:02:30,30.05772,-89.80202,0.0,44.0,511.0,GOOD SHEPHERD,,WDE3016,31,12,22,8,,57,A
367332950,2022-01-02T09:03:31,30.05772,-89.80202,0.0,44.0,511.0,GOOD SHEPHERD,,WDE3016,31,12,22,8,,57,A
367332950,2022-01-02T08:59:51,30.05772,-89.80203,0.0,44.0,511.0,GOOD SHEPHERD,,WDE3016,31,12,22,8,,57,A
367332950,2022-01-02T09:04:49,30.05772,-89.80202,0.0,44.0,511.0,GOOD SHEPHERD,,WDE3016,31,12,22,8,,57,A
367332950,2022-01-02T08:29:01,30.05772,-89.80200,0.0,44.0,511.0,GOOD SHEPHERD,,WDE3016,31,12,22,8,,57,A
367332950,2022-01-02T08:51:19,30.05772,-89.80202,0.0,44.0,511.0,GOOD SHEPHERD,,WDE3016,31,12,22,8,,57,A
367332950,2022-01-02T08:32:01,30.05772,-89.80203,0.0,44.0,511.0,GOOD SHEPHERD,,WDE3016,31,12,22,8,,57,A
367332950,2022-01-02T08:36:01,30.05772,-89.80200,0.0,44.0,511.0,GOOD SHEPHERD,,WDE3016,31,12,22,8,,57,A
367332950,2022-01-02T08:37:50,30.05772,-89.80202,0.0,44.0,511.0,GOOD SHEPHERD,,WDE3016,31,12,22,8,,57,A
367332950,2022-01-02T08:43:11,30.05772,-89.80200,0.0,44.0,511.0,GOOD SHEPHERD,,WDE3016,31,12,22,8,,57,A
367332950,2022-01-02T09:14:19,30.05770,-89.80200,0.0,44.0,511.0,GOOD SHEPHERD,,WDE3016,31,12,22,8,,57,A
367332950,2022-01-02T09:15:30,30.05770,-89.80203,0.0,44.0,511.0,GOOD SHEPHERD,,WDE3016,31,12,22,8,,57,A
367332950,2022-01-02T09:00:00,30.05772,-89.80203,0.0,44.0,511.0,GOOD SHEPHERD,,WDE3016,31,12,22,8,,57,A
367332950,2022-01-02T08:44:19,30.05772,-89.80200,0.0,44.0,511.0,GOOD SHEPHERD,,WDE3016,31,12,22,8,,57,A
367332950,2022-01-02T09:06:00,30.05770,-89.80203,0.0,44.0,511.0,GOOD SHEPHERD,,WDE3016,31,12,22,8,,57,A
367332950,2022-01-02T09:21:11,30.05772,-89.80203,0.0,44.0,511.0,GOOD SHEPHERD,,WDE3016,31,12,22,8,,57,A
367332950,2022-01-02T09:22:19,30.05772,-89.80203,0.0,44.0,511.0,GOOD SHEPHERD,,WDE3016,31,12,22,8,,57,A
367332950,2022-01-02T08:52:39,30.05772,-89.80202,0.0,44.0,511.0,GOOD SHEPHERD,,WDE3016,31,12,22,8,,57,A
367332950,2022-01-02T08:55:10,30.05772,-89.80202,0.0,44.0,511.0,GOOD SHEPHERD,,WDE3016,31,12,22,8,,57,A
367332950,2022-01-02T08:49:49,30.05772,-89.80200,0.0,44.0,511.0,GOOD SHEPHERD,,WDE3016,31,12,22,8,,57,A
367332950,2022-01-02T08:54:01,30.05772,-89.80202,0.0,44.0,511.0,GOOD SHEPHERD,,WDE3016,31,12,22,8,,57,A
367332950,2022-01-02T09:32:30,30.05772,-89.80203,0.0,44.0,511.0,GOOD SHEPHERD,,WDE3016,31,12,22,8,,57,A
367332950,2022-01-02T09:10:50,30.05772,-89.80200,0.0,44.0,511.0,GOOD SHEPHERD,,WDE3016,31,12,22,8,,57,A
367332950,2022-01-02T09:20:01,30.05772,-89.80203,0.0,44.0,511.0,GOOD SHEPHERD,,WDE3016,31,12,22,8,,57,A
367332950,2022-01-02T09:13:09,30.05770,-89.80200,0.0,44.0,511.0,GOOD SHEPHERD,,WDE3016,31,12,22,8,,57,A
367332950,2022-01-02T09:01:20,30.05772,-89.80203,0.0,44.0,511.0,GOOD SHEPHERD,,WDE3016,31,12,22,8,,57,A
367332950,2022-01-02T08:58:39,30.05772,-89.80203,0.0,44.0,511.0,GOOD SHEPHERD,,WDE3016,31,12,22,8,,57,A
367332950,2022-01-02T09:17:01,30.05772,-89.80203,0.0,44.0,511.0,GOOD SHEPHERD,,WDE3016,31,12,22,8,,57,A
367332950,2022-01-02T09:07:09,30.05772,-89.80203,0.0,44.0,511.0,GOOD SHEPHERD,,WDE3016,31,12,22,8,,57,A
367332950,2022-01-02T09:36:11,30.05772,-89.80203,0.0,44.0,511.0,GOOD SHEPHERD,,WDE3016,31,12,22,8,,57,A
367332950,2022-01-02T04:12:00,30.05772,-89.80203,0.0,44.0,511.0,GOOD SHEPHERD,,WDE3016,31,12,22,8,,57,A
367332950,2022-01-02T09:08:30,30.05772,-89.80203,0.0,44.0,511.0,GOOD SHEPHERD,,WDE3016,31,12,22,8,,57,A
367332950,2022-01-02T09:28:39,30.05772,-89.80203,0.0,44.0,511.0,GOOD SHEPHERD,,WDE3016,31,12,22,8,,57,A
367332950,2022-01-02T09:09:39,30.05772,-89.80200,0.0,44.0,511.0,GOOD SHEPHERD,,WDE3016,31,12,22,8,,57,A
367332950,2022-01-02T09:39:51,30.05772,-89.80200,0.0,44.0,511.0,GOOD SHEPHERD,,WDE3016,31,12,22,8,,57,A
367332950,2022-01-02T09:46:21,30.05772,-89.80200,0.0,44.0,511.0,GOOD SHEPHERD,,WDE3016,31,12,22,8,,57,A
367332950,2022-01-02T09:12:01,30.05770,-89.80200,0.0,44.0,511.0,GOOD SHEPHERD,,WDE3016,31,12,22,8,,57,A
367332950,2022-01-02T09:47:30,30.05772,-89.80200,0.0,44.0,511.0,GOOD SHEPHERD,,WDE3016,31,12,22,8,,57,A
367332950,2022-01-02T09:51:10,30.05772,-89.80200,0.0,44.0,511.0,GOOD SHEPHERD,,WDE3016,31,12,22,8,,57,A
367332950,2022-01-02T09:31:19,30.05772,-89.80200,0.0,44.0,511.0,GOOD SHEPHERD,,WDE3016,31,12,22,8,,57,A
367332950,2022-01-02T09:53:30,30.05772,-89.80203,0.0,44.0,511.0,GOOD SHEPHERD,,WDE3016,31,12,22,8,,57,A
367332950,2022-01-02T09:33:39,30.05772,-89.80200,0.0,44.0,511.0,GOOD SHEPHERD,,WDE3016,31,12,22,8,,57,A
367332950,2022-01-02T09:27:29,30.05772,-89.80203,0.0,44.0,511.0,GOOD SHEPHERD,,WDE3016,31,12,22,8,,57,A
367332950,2022-01-02T09:18:11,30.05772,-89.80200,0.0,44.0,511.0,GOOD SHEPHERD,,WDE3016,31,12,22,8,,57,A
367332950,2022-01-02T09:23:30,30.05772,-89.80203,0.0,44.0,511.0,GOOD SHEPHERD,,WDE3016,31,12,22,8,,57,A
367332950,2022-01-02T09:35:00,30.05772,-89.80200,0.0,44.0,511.0,GOOD SHEPHERD,,WDE3016,31,12,22,8,,57,A
367332950,2022-01-02T09:24:39,30.05772,-89.80200,0.0,44.0,511.0,GOOD SHEPHERD,,WDE3016,31,12,22,8,,57,A
367332950,2022-01-02T09:26:01,30.05772,-89.80203,0.0,44.0,511.0,GOOD SHEPHERD,,WDE3016,31,12,22,8,,57,A
367332950,2022-01-02T09:38:50,30.05772,-89.80200,0.0,44.0,511.0,GOOD SHEPHERD,,WDE3016,31,12,22,8,,57,A
367332950,2022-01-02T10:03:40,30.05772,-89.80203,0.0,44.0,511.0,GOOD SHEPHERD,,WDE3016,31,12,22,8,,57,A
367332950,2022-01-02T09:41:00,30.05772,-89.80200,0.0,44.0,511.0,GOOD SHEPHERD,,WDE3016,31,12,22,8,,57,A
367332950,2022-01-02T10:00:00,30.05772,-89.80203,0.0,44.0,511.0,GOOD SHEPHERD,,WDE3016,31,12,22,8,,57,A
367332950,2022-01-02T09:48:40,30.05772,-89.80200,0.0,44.0,511.0,GOOD SHEPHERD,,WDE3016,31,12,22,8,,57,A
367332950,2022-01-02T10:15:09,30.05772,-89.80202,0.0,44.0,511.0,GOOD SHEPHERD,,WDE3016,31,12,22,8,,57,A
367332950,2022-01-02T09:43:41,30.05772,-89.80200,0.0,44.0,511.0,GOOD SHEPHERD,,WDE3016,31,12,22,8,,57,A
367332950,2022-01-02T09:45:10,30.05772,-89.80202,0.0,44.0,511.0,GOOD SHEPHERD,,WDE3016,31,12,22,8,,57,A
367332950,2022-01-02T10:17:30,30.05772,-89.80200,0.0,44.0,511.0,GOOD SHEPHERD,,WDE3016,31,12,22,8,,57,A
367332950,2022-01-02T09:52:20,30.05772,-89.80200,0.0,44.0,511.0,GOOD SHEPHERD,,WDE3016,31,12,22,8,,57,A
367332950,2022-01-02T10:14:00,30.05772,-89.80202,0.0,44.0,511.0,GOOD SHEPHERD,,WDE3016,31,12,22,8,,57,A
367332950,2022-01-02T10:01:10,30.05772,-89.80203,0.0,44.0,511.0,GOOD SHEPHERD,,WDE3016,31,12,22,8,,57,A
367332950,2022-01-02T10:24:50,30.05772,-89.80202,0.0,44.0,511.0,GOOD SHEPHERD,,WDE3016,31,12,22,8,,57,A
367332950,2022-01-02T09:55:49,30.05772,-89.80203,0.0,44.0,511.0,GOOD SHEPHERD,,WDE3016,31,12,22,8,,57,A
367332950,2022-01-02T10:29:40,30.05772,-89.80202,0.0,44.0,511.0,GOOD SHEPHERD,,WDE3016,31,12,22,8,,57,A
367332950,2022-01-02T10:02:31,30.05772,-89.80203,0.0,44.0,511.0,GOOD SHEPHERD,,WDE3016,31,12,22,8,,57,A
367332950,2022-01-02T10:28:29,30.05772,-89.80202,0.0,44.0,511.0,GOOD SHEPHERD,,WDE3016,31,12,22,8,,57,A
367332950,2022-01-02T09:57:00,30.05772,-89.80203,0.0,44.0,511.0,GOOD SHEPHERD,,WDE3016,31,12,22,8,,57,A
367332950,2022-01-02T09:58:20,30.05772,-89.80203,0.0,44.0,511.0,GOOD SHEPHERD,,WDE3016,31,12,22,8,,57,A
367332950,2022-01-02T10:23:41,30.05772,-89.80202,0.0,44.0,511.0,GOOD SHEPHERD,,WDE3016,31,12,22,8,,57,A
367332950,2022-01-02T10:35:40,30.05772,-89.80202,0.0,44.0,511.0,GOOD SHEPHERD,,WDE3016,31,12,22,8,,57,A
367332950,2022-01-02T10:05:00,30.05772,-89.80203,0.0,44.0,511.0,GOOD SHEPHERD,,WDE3016,31,12,22,8,,57,A
367332950,2022-01-02T10:06:10,30.05772,-89.80203,0.0,44.0,511.0,GOOD SHEPHERD,,WDE3016,31,12,22,8,,57,A
367332950,2022-01-02T10:07:20,30.05772,-89.80200,0.0,44.0,511.0,GOOD SHEPHERD,,WDE3016,31,12,22,8,,57,A
367332950,2022-01-02T10:43:50,30.05772,-89.80202,0.0,44.0,511.0,GOOD SHEPHERD,,WDE3016,31,12,22,8,,57,A
367332950,2022-01-02T10:08:40,30.05772,-89.80203,0.0,44.0,511.0,GOOD SHEPHERD,,WDE3016,31,12,22,8,,57,A
367332950,2022-01-02T10:36:50,30.05772,-89.80202,0.0,44.0,511.0,GOOD SHEPHERD,,WDE3016,31,12,22,8,,57,A
367332950,2022-01-02T10:09:50,30.05772,-89.80200,0.0,44.0,511.0,GOOD SHEPHERD,,WDE3016,31,12,22,8,,57,A
367332950,2022-01-02T10:37:59,30.05772,-89.80202,0.0,44.0,511.0,GOOD SHEPHERD,,WDE3016,31,12,22,8,,57,A
367332950,2022-01-02T10:48:20,30.05772,-89.80202,0.0,44.0,511.0,GOOD SHEPHERD,,WDE3016,31,12,22,8,,57,A
367332950,2022-01-02T10:11:30,30.05772,-89.80200,0.0,44.0,511.0,GOOD SHEPHERD,,WDE3016,31,12,22,8,,57,A
367332950,2022-01-02T10:50:41,30.05772,-89.80202,0.0,44.0,511.0,GOOD SHEPHERD,,WDE3016,31,12,22,8,,57,A
367332950,2022-01-02T10:51:49,30.05772,-89.80202,0.0,44.0,511.0,GOOD SHEPHERD,,WDE3016,31,12,22,8,,57,A
367332950,2022-01-02T10:57:49,30.05772,-89.80202,0.0,44.0,511.0,GOOD SHEPHERD,,WDE3016,31,12,22,8,,57,A
367332950,2022-01-02T10:18:50,30.05772,-89.80202,0.0,44.0,511.0,GOOD SHEPHERD,,WDE3016,31,12,22,8,,57,A
367332950,2022-01-02T10:58:50,30.05772,-89.80202,0.0,44.0,511.0,GOOD SHEPHERD,,WDE3016,31,12,22,8,,57,A
367332950,2022-01-02T10:21:10,30.05772,-89.80202,0.0,44.0,511.0,GOOD SHEPHERD,,WDE3016,31,12,22,8,,57,A
367332950,2022-01-02T10:22:30,30.05772,-89.80202,0.0,44.0,511.0,GOOD SHEPHERD,,WDE3016,31,12,22,8,,57,A
367332950,2022-01-02T10:49:39,30.05772,-89.80202,0.0,44.0,511.0,GOOD SHEPHERD,,WDE3016,31,12,22,8,,57,A
367332950,2022-01-02T11:01:59,30.05772,-89.80202,0.0,44.0,511.0,GOOD SHEPHERD,,WDE3016,31,12,22,8,,57,A
367332950,2022-01-02T10:39:20,30.05772,-89.80202,0.0,44.0,511.0,GOOD SHEPHERD,,WDE3016,31,12,22,8,,57,A
367332950,2022-01-02T10:40:30,30.05773,-89.80202,0.0,44.0,511.0,GOOD SHEPHERD,,WDE3016,31,12,22,8,,57,A
367332950,2022-01-02T11:07:29,30.05772,-89.80202,0.0,44.0,511.0,GOOD SHEPHERD,,WDE3016,31,12,22,8,,57,A
367332950,2022-01-02T10:26:00,30.05772,-89.80202,0.0,44.0,511.0,GOOD SHEPHERD,,WDE3016,31,12,22,8,,57,A
367332950,2022-01-02T10:27:09,30.05772,-89.80202,0.0,44.0,511.0,GOOD SHEPHERD,,WDE3016,31,12,22,8,,57,A
367332950,2022-01-02T10:54:19,30.05772,-89.80202,0.0,44.0,511.0,GOOD SHEPHERD,,WDE3016,31,12,22,8,,57,A
367332950,2022-01-02T10:30:50,30.05772,-89.80202,0.0,44.0,511.0,GOOD SHEPHERD,,WDE3016,31,12,22,8,,57,A
367332950,2022-01-02T10:56:41,30.05772,-89.80202,0.0,44.0,511.0,GOOD SHEPHERD,,WDE3016,31,12,22,8,,57,A
367332950,2022-01-02T10:45:00,30.05772,-89.80202,0.0,44.0,511.0,GOOD SHEPHERD,,WDE3016,31,12,22,8,,57,A
367332950,2022-01-02T10:34:30,30.05770,-89.80202,0.0,44.0,511.0,GOOD SHEPHERD,,WDE3016,31,12,22,8,,57,A
367332950,2022-01-02T10:32:00,30.05772,-89.80202,0.0,44.0,511.0,GOOD SHEPHERD,,WDE3016,31,12,22,8,,57,A
367332950,2022-01-02T10:33:09,30.05772,-89.80202,0.0,44.0,511.0,GOOD SHEPHERD,,WDE3016,31,12,22,8,,57,A
367332950,2022-01-02T11:13:40,30.05770,-89.80202,0.0,44.0,511.0,GOOD SHEPHERD,,WDE3016,31,12,22,8,,57,A
367332950,2022-01-02T11:18:29,30.05772,-89.80202,0.0,44.0,511.0,GOOD SHEPHERD,,WDE3016,31,12,22,8,,57,A
367332950,2022-01-02T11:19:39,30.05772,-89.80202,0.0,44.0,511.0,GOOD SHEPHERD,,WDE3016,31,12,22,8,,57,A
367332950,2022-01-02T10:41:41,30.05772,-89.80202,0.0,44.0,511.0,GOOD SHEPHERD,,WDE3016,31,12,22,8,,57,A
367332950,2022-01-02T10:55:31,30.05772,-89.80202,0.0,44.0,511.0,GOOD SHEPHERD,,WDE3016,31,12,22,8,,57,A
367332950,2022-01-02T11:32:50,30.05770,-89.80202,0.0,44.0,511.0,GOOD SHEPHERD,,WDE3016,31,12,22,8,,57,A
367332950,2022-01-02T05:06:11,30.05772,-89.80200,0.0,44.0,511.0,GOOD SHEPHERD,,WDE3016,31,12,22,8,,57,A
367332950,2022-01-02T11:33:59,30.05770,-89.80202,0.0,44.0,511.0,GOOD SHEPHERD,,WDE3016,31,12,22,8,,57,A
367332950,2022-01-02T11:00:50,30.05772,-89.80202,0.0,44.0,511.0,GOOD SHEPHERD,,WDE3016,31,12,22,8,,57,A
367332950,2022-01-02T11:38:50,30.05772,-89.80202,0.0,44.0,511.0,GOOD SHEPHERD,,WDE3016,31,12,22,8,,57,A
367332950,2022-01-02T11:03:20,30.05772,-89.80202,0.0,44.0,511.0,GOOD SHEPHERD,,WDE3016,31,12,22,8,,57,A
367332950,2022-01-02T11:05:10,30.05772,-89.80202,0.0,44.0,511.0,GOOD SHEPHERD,,WDE3016,31,12,22,8,,57,A
367332950,2022-01-02T11:06:20,30.05772,-89.80202,0.0,44.0,511.0,GOOD SHEPHERD,,WDE3016,31,12,22,8,,57,A
367332950,2022-01-02T11:26:31,30.05772,-89.80202,0.0,44.0,511.0,GOOD SHEPHERD,,WDE3016,31,12,22,8,,57,A
367332950,2022-01-02T11:16:01,30.05772,-89.80202,0.0,44.0,511.0,GOOD SHEPHERD,,WDE3016,31,12,22,8,,57,A
367332950,2022-01-02T11:45:19,30.05772,-89.80202,0.0,44.0,511.0,GOOD SHEPHERD,,WDE3016,31,12,22,8,,57,A
367332950,2022-01-02T11:09:49,30.05772,-89.80202,0.0,44.0,511.0,GOOD SHEPHERD,,WDE3016,31,12,22,8,,57,A
367332950,2022-01-02T11:46:20,30.05772,-89.80202,0.0,44.0,511.0,GOOD SHEPHERD,,WDE3016,31,12,22,8,,57,A
367332950,2022-01-02T11:11:01,30.05772,-89.80202,0.0,44.0,511.0,GOOD SHEPHERD,,WDE3016,31,12,22,8,,57,A
367332950,2022-01-02T11:12:21,30.05772,-89.80202,0.0,44.0,511.0,GOOD SHEPHERD,,WDE3016,31,12,22,8,,57,A
367332950,2022-01-02T11:20:49,30.05770,-89.80200,0.0,44.0,511.0,GOOD SHEPHERD,,WDE3016,31,12,22,8,,57,A
367332950,2022-01-02T11:14:50,30.05772,-89.80202,0.0,44.0,511.0,GOOD SHEPHERD,,WDE3016,31,12,22,8,,57,A
367332950,2022-01-02T05:11:49,30.05772,-89.80202,0.0,44.0,511.0,GOOD SHEPHERD,,WDE3016,31,12,22,8,,57,A
367332950,2022-01-02T11:08:40,30.05772,-89.80202,0.0,44.0,511.0,GOOD SHEPHERD,,WDE3016,31,12,22,8,,57,A
367332950,2022-01-02T11:52:49,30.05772,-89.80202,0.0,44.0,511.0,GOOD SHEPHERD,,WDE3016,31,12,22,8,,57,A
367332950,2022-01-02T11:17:21,30.05772,-89.80202,0.0,44.0,511.0,GOOD SHEPHERD,,WDE3016,31,12,22,8,,57,A
367332950,2022-01-02T11:36:30,30.05772,-89.80202,0.0,44.0,511.0,GOOD SHEPHERD,,WDE3016,31,12,22,8,,57,A
367332950,2022-01-02T11:21:51,30.05770,-89.80202,0.0,44.0,511.0,GOOD SHEPHERD,,WDE3016,31,12,22,8,,57,A
367332950,2022-01-02T11:41:20,30.05770,-89.80202,0.0,44.0,511.0,GOOD SHEPHERD,,WDE3016,31,12,22,8,,57,A
367332950,2022-01-02T11:23:01,30.05770,-89.80202,0.0,44.0,511.0,GOOD SHEPHERD,,WDE3016,31,12,22,8,,57,A
367332950,2022-01-02T12:04:59,30.05772,-89.80202,0.0,44.0,511.0,GOOD SHEPHERD,,WDE3016,31,12,22,8,,57,A
367332950,2022-01-02T11:31:20,30.05770,-89.80202,0.0,44.0,511.0,GOOD SHEPHERD,,WDE3016,31,12,22,8,,57,A
367332950,2022-01-02T12:07:30,30.05772,-89.80202,0.0,44.0,511.0,GOOD SHEPHERD,,WDE3016,31,12,22,8,,57,A
367332950,2022-01-02T11:29:01,30.05770,-89.80202,0.0,44.0,511.0,GOOD SHEPHERD,,WDE3016,31,12,22,8,,57,A
367332950,2022-01-02T11:30:19,30.05770,-89.80198,0.0,44.0,511.0,GOOD SHEPHERD,,WDE3016,31,12,22,8,,57,A
367332950,2022-01-02T11:47:30,30.05770,-89.80202,0.0,44.0,511.0,GOOD SHEPHERD,,WDE3016,31,12,22,8,,57,A
367332950,2022-01-02T11:50:30,30.05772,-89.80198,0.0,44.0,511.0,GOOD SHEPHERD,,WDE3016,31,12,22,8,,57,A
367332950,2022-01-02T12:09:30,30.05772,-89.80202,0.0,44.0,511.0,GOOD SHEPHERD,,WDE3016,31,12,22,8,,57,A
367332950,2022-01-02T11:25:20,30.05772,-89.80202,0.0,44.0,511.0,GOOD SHEPHERD,,WDE3016,31,12,22,8,,57,A
367332950,2022-01-02T12:11:59,30.05770,-89.80202,0.0,44.0,511.0,GOOD SHEPHERD,,WDE3016,31,12,22,8,,57,A
367332950,2022-01-02T11:43:49,30.05772,-89.80202,0.0,44.0,511.0,GOOD SHEPHERD,,WDE3016,31,12,22,8,,57,A
367332950,2022-01-02T11:35:19,30.05770,-89.80202,0.0,44.0,511.0,GOOD SHEPHERD,,WDE3016,31,12,22,8,,57,A
367332950,2022-01-02T12:03:51,30.05772,-89.80202,0.0,44.0,511.0,GOOD SHEPHERD,,WDE3016,31,12,22,8,,57,A
367332950,2022-01-02T11:39:59,30.05772,-89.80202,0.0,44.0,511.0,GOOD SHEPHERD,,WDE3016,31,12,22,8,,57,A
367332950,2022-01-02T11:54:00,30.05770,-89.80202,0.0,44.0,511.0,GOOD SHEPHERD,,WDE3016,31,12,22,8,,57,A
367332950,2022-01-02T11:56:39,30.05772,-89.80202,0.0,44.0,511.0,GOOD SHEPHERD,,WDE3016,31,12,22,8,,57,A
367332950,2022-01-02T12:31:40,30.05772,-89.80202,0.0,44.0,511.0,GOOD SHEPHERD,,WDE3016,31,12,22,8,,57,A
367332950,2022-01-02T11:51:39,30.05770,-89.80202,0.0,44.0,511.0,GOOD SHEPHERD,,WDE3016,31,12,22,8,,57,A
367332950,2022-01-02T12:00:21,30.05770,-89.80202,0.0,44.0,511.0,GOOD SHEPHERD,,WDE3016,31,12,22,8,,57,A
367332950,2022-01-02T12:01:30,30.05770,-89.80202,0.0,44.0,511.0,GOOD SHEPHERD,,WDE3016,31,12,22,8,,57,A
367332950,2022-01-02T12:02:40,30.05770,-89.80202,0.0,44.0,511.0,GOOD SHEPHERD,,WDE3016,31,12,22,8,,57,A
367332950,2022-01-02T11:55:19,30.05770,-89.80202,0.0,44.0,511.0,GOOD SHEPHERD,,WDE3016,31,12,22,8,,57,A
367332950,2022-01-02T12:41:00,30.05772,-89.80202,0.0,44.0,511.0,GOOD SHEPHERD,,WDE3016,31,12,22,8,,57,A
367332950,2022-01-02T12:42:20,30.05772,-89.80202,0.0,44.0,511.0,GOOD SHEPHERD,,WDE3016,31,12,22,8,,57,A
367332950,2022-01-02T12:06:01,30.05772,-89.80202,0.0,44.0,511.0,GOOD SHEPHERD,,WDE3016,31,12,22,8,,57,A
367332950,2022-01-02T12:47:01,30.05772,-89.80202,0.0,44.0,511.0,GOOD SHEPHERD,,WDE3016,31,12,22,8,,57,A
367332950,2022-01-02T12:10:50,30.05772,-89.80202,0.0,44.0,511.0,GOOD SHEPHERD,,WDE3016,31,12,22,8,,57,A
367332950,2022-01-02T12:36:20,30.05772,-89.80202,0.0,44.0,511.0,GOOD SHEPHERD,,WDE3016,31,12,22,8,,57,A
367332950,2022-01-02T12:13:10,30.05770,-89.80202,0.0,44.0,511.0,GOOD SHEPHERD,,WDE3016,31,12,22,8,,57,A
367332950,2022-01-02T12:17:41,30.05770,-89.80202,0.0,44.0,511.0,GOOD SHEPHERD,,WDE3016,31,12,22,8,,57,A
367332950,2022-01-02T12:14:19,30.05770,-89.80202,0.0,44.0,511.0,GOOD SHEPHERD,,WDE3016,31,12,22,8,,57,A
367332950,2022-01-02T12:21:50,30.05772,-89.80202,0.0,44.0,511.0,GOOD SHEPHERD,,WDE3016,31,12,22,8,,57,A
367332950,2022-01-02T12:20:29,30.05772,-89.80202,0.0,44.0,511.0,GOOD SHEPHERD,,WDE3016,31,12,22,8,,57,A
367332950,2022-01-02T12:24:10,30.05772,-89.80198,0.0,44.0,511.0,GOOD SHEPHERD,,WDE3016,31,12,22,8,,57,A
367332950,2022-01-02T12:18:50,30.05770,-89.80200,0.0,44.0,511.0,GOOD SHEPHERD,,WDE3016,31,12,22,8,,57,A
367332950,2022-01-02T12:15:29,30.05770,-89.80202,0.0,44.0,511.0,GOOD SHEPHERD,,WDE3016,31,12,22,8,,57,A
367332950,2022-01-02T12:16:40,30.05770,-89.80202,0.0,44.0,511.0,GOOD SHEPHERD,,WDE3016,31,12,22,8,,57,A
367332950,2022-01-02T12:27:40,30.05772,-89.80202,0.0,44.0,511.0,GOOD SHEPHERD,,WDE3016,31,12,22,8,,57,A
367332950,2022-01-02T13:02:41,30.05772,-89.80202,0.0,44.0,511.0,GOOD SHEPHERD,,WDE3016,31,12,22,8,,57,A
367332950,2022-01-02T12:25:19,30.05772,-89.80198,0.0,44.0,511.0,GOOD SHEPHERD,,WDE3016,31,12,22,8,,57,A
367332950,2022-01-02T12:26:29,30.05772,-89.80202,0.0,44.0,511.0,GOOD SHEPHERD,,WDE3016,31,12,22,8,,57,A
367332950,2022-01-02T05:39:41,30.05772,-89.80203,0.0,44.0,511.0,GOOD SHEPHERD,,WDE3016,31,12,22,8,,57,A
367332950,2022-01-02T12:23:01,30.05770,-89.80202,0.0,44.0,511.0,GOOD SHEPHERD,,WDE3016,31,12,22,8,,57,A
367332950,2022-01-02T12:49:30,30.05772,-89.80202,0.0,44.0,511.0,GOOD SHEPHERD,,WDE3016,31,12,22,8,,57,A
367332950,2022-01-02T12:30:19,30.05772,-89.80202,0.0,44.0,511.0,GOOD SHEPHERD,,WDE3016,31,12,22,8,,57,A
367332950,2022-01-02T13:08:40,30.05772,-89.80200,0.0,44.0,511.0,GOOD SHEPHERD,,WDE3016,31,12,22,8,,57,A
367332950,2022-01-02T13:11:01,30.05772,-89.80202,0.0,44.0,511.0,GOOD SHEPHERD,,WDE3016,31,12,22,8,,57,A
367332950,2022-01-02T05:49:01,30.05772,-89.80200,0.0,44.0,511.0,GOOD SHEPHERD,,WDE3016,31,12,22,8,,57,A
367332950,2022-01-02T12:32:50,30.05772,-89.80202,0.0,44.0,511.0,GOOD SHEPHERD,,WDE3016,31,12,22,8,,57,A
367332950,2022-01-02T13:01:30,30.05773,-89.80202,0.0,44.0,511.0,GOOD SHEPHERD,,WDE3016,31,12,22,8,,57,A
367332950,2022-01-02T12:37:29,30.05772,-89.80202,0.0,44.0,511.0,GOOD SHEPHERD,,WDE3016,31,12,22,8,,57,A
367332950,2022-01-02T12:45:50,30.05772,-89.80202,0.0,44.0,511.0,GOOD SHEPHERD,,WDE3016,31,12,22,8,,57,A
367332950,2022-01-02T13:23:39,30.05773,-89.80200,0.0,44.0,511.0,GOOD SHEPHERD,,WDE3016,31,12,22,8,,57,A
367332950,2022-01-02T12:38:30,30.05772,-89.80202,0.0,44.0,511.0,GOOD SHEPHERD,,WDE3016,31,12,22,8,,57,A
367332950,2022-01-02T12:44:30,30.05772,-89.80202,0.0,44.0,511.0,GOOD SHEPHERD,,WDE3016,31,12,22,8,,57,A
367332950,2022-01-02T13:25:59,30.05773,-89.80203,0.0,44.0,511.0,GOOD SHEPHERD,,WDE3016,31,12,22,8,,57,A
367332950,2022-01-02T13:27:10,30.05773,-89.80203,0.0,44.0,511.0,GOOD SHEPHERD,,WDE3016,31,12,22,8,,57,A
367332950,2022-01-02T05:56:20,30.05772,-89.80200,0.0,44.0,511.0,GOOD SHEPHERD,,WDE3016,31,12,22,8,,57,A
367332950,2022-01-02T13:12:09,30.05772,-89.80202,0.0,44.0,511.0,GOOD SHEPHERD,,WDE3016,31,12,22,8,,57,A
367332950,2022-01-02T12:48:20,30.05772,-89.80202,0.0,44.0,511.0,GOOD SHEPHERD,,WDE3016,31,12,22,8,,57,A
367332950,2022-01-02T12:52:30,30.05772,-89.80202,0.0,44.0,511.0,GOOD SHEPHERD,,WDE3016,31,12,22,8,,57,A
367332950,2022-01-02T13:17:20,30.05773,-89.80203,0.0,44.0,511.0,GOOD SHEPHERD,,WDE3016,31,12,22,8,,57,A
367332950,2022-01-02T13:33:20,30.05773,-89.80202,0.0,44.0,511.0,GOOD SHEPHERD,,WDE3016,31,12,22,8,,57,A
367332950,2022-01-02T13:36:50,30.05773,-89.80203,0.0,44.0,511.0,GOOD SHEPHERD,,WDE3016,31,12,22,8,,57,A
367332950,2022-01-02T12:57:39,30.05773,-89.80202,0.0,44.0,511.0,GOOD SHEPHERD,,WDE3016,31,12,22,8,,57,A
367332950,2022-01-02T13:22:21,30.05773,-89.80203,0.0,44.0,511.0,GOOD SHEPHERD,,WDE3016,31,12,22,8,,57,A
367332950,2022-01-02T13:00:11,30.05773,-89.80202,0.0,44.0,511.0,GOOD SHEPHERD,,WDE3016,31,12,22,8,,57,A
367332950,2022-01-02T13:28:19,30.05773,-89.80202,0.0,44.0,511.0,GOOD SHEPHERD,,WDE3016,31,12,22,8,,57,A
367332950,2022-01-02T13:04:11,30.05772,-89.80202,0.0,44.0,511.0,GOOD SHEPHERD,,WDE3016,31,12,22,8,,57,A
367332950,2022-01-02T12:59:00,30.05773,-89.80202,0.0,44.0,511.0,GOOD SHEPHERD,,WDE3016,31,12,22,8,,57,A
367332950,2022-01-02T13:09:49,30.05772,-89.80200,0.0,44.0,511.0,GOOD SHEPHERD,,WDE3016,31,12,22,8,,57,A
367332950,2022-01-02T13:32:10,30.05773,-89.80202,0.0,44.0,511.0,GOOD SHEPHERD,,WDE3016,31,12,22,8,,57,A
367332950,2022-01-02T13:44:11,30.05772,-89.80202,0.0,44.0,511.0,GOOD SHEPHERD,,WDE3016,31,12,22,8,,57,A
367332950,2022-01-02T13:07:39,30.05773,-89.80200,0.0,44.0,511.0,GOOD SHEPHERD,,WDE3016,31,12,22,8,,57,A
367332950,2022-01-02T13:35:39,30.05773,-89.80200,0.0,44.0,511.0,GOOD SHEPHERD,,WDE3016,31,12,22,8,,57,A
367332950,2022-01-02T13:50:09,30.05770,-89.80200,0.0,44.0,511.0,GOOD SHEPHERD,,WDE3016,31,12,22,8,,57,A
367332950,2022-01-02T13:18:41,30.05773,-89.80200,0.0,44.0,511.0,GOOD SHEPHERD,,WDE3016,31,12,22,8,,57,A
367332950,2022-01-02T06:06:09,30.05772,-89.80200,0.0,44.0,511.0,GOOD SHEPHERD,,WDE3016,31,12,22,8,,57,A
367332950,2022-01-02T13:14:39,30.05773,-89.80200,0.0,44.0,511.0,GOOD SHEPHERD,,WDE3016,31,12,22,8,,57,A
367332950,2022-01-02T13:57:41,30.05772,-89.80203,0.0,44.0,511.0,GOOD SHEPHERD,,WDE3016,31,12,22,8,,57,A
367332950,2022-01-02T14:00:31,30.05768,-89.80203,0.0,44.0,511.0,GOOD SHEPHERD,,WDE3016,31,12,22,8,,57,A
367332950,2022-01-02T06:09:49,30.05772,-89.80203,0.0,44.0,511.0,GOOD SHEPHERD,,WDE3016,31,12,22,8,,57,A
367332950,2022-01-02T13:13:29,30.05773,-89.80200,0.0,44.0,511.0,GOOD SHEPHERD,,WDE3016,31,12,22,8,,57,A
367332950,2022-01-02T13:19:49,30.05773,-89.80200,0.0,44.0,511.0,GOOD SHEPHERD,,WDE3016,31,12,22,8,,57,A
367332950,2022-01-02T13:16:09,30.05773,-89.80200,0.0,44.0,511.0,GOOD SHEPHERD,,WDE3016,31,12,22,8,,57,A
367332950,2022-01-02T13:21:00,30.05773,-89.80203,0.0,44.0,511.0,GOOD SHEPHERD,,WDE3016,31,12,22,8,,57,A
367332950,2022-01-02T06:12:30,30.05772,-89.80202,0.0,44.0,511.0,GOOD SHEPHERD,,WDE3016,31,12,22,8,,57,A
367332950,2022-01-02T13:29:50,30.05773,-89.80200,0.0,44.0,511.0,GOOD SHEPHERD,,WDE3016,31,12,22,8,,57,A
367332950,2022-01-02T13:39:10,30.05772,-89.80202,0.0,44.0,511.0,GOOD SHEPHERD,,WDE3016,31,12,22,8,,57,A
367332950,2022-01-02T13:40:19,30.05772,-89.80203,0.0,44.0,511.0,GOOD SHEPHERD,,WDE3016,31,12,22,8,,57,A
367332950,2022-01-02T14:16:30,30.05772,-89.80200,0.0,44.0,511.0,GOOD SHEPHERD,,WDE3016,31,12,22,8,,57,A
367332950,2022-01-02T13:43:01,30.05772,-89.80200,0.0,44.0,511.0,GOOD SHEPHERD,,WDE3016,31,12,22,8,,57,A
367332950,2022-01-02T13:30:59,30.05773,-89.80200,0.0,44.0,511.0,GOOD SHEPHERD,,WDE3016,31,12,22,8,,57,A
367332950,2022-01-02T13:38:01,30.05773,-89.80200,0.0,44.0,511.0,GOOD SHEPHERD,,WDE3016,31,12,22,8,,57,A
367332950,2022-01-02T13:48:50,30.05770,-89.80202,0.0,44.0,511.0,GOOD SHEPHERD,,WDE3016,31,12,22,8,,57,A
367332950,2022-01-02T13:34:31,30.05773,-89.80200,0.0,44.0,511.0,GOOD SHEPHERD,,WDE3016,31,12,22,8,,57,A
367332950,2022-01-02T14:07:51,30.05773,-89.80205,0.0,280.5,511.0,GOOD SHEPHERD,,WDE3016,31,12,22,8,,57,A
367332950,2022-01-02T14:18:59,30.05772,-89.80200,0.0,44.0,511.0,GOOD SHEPHERD,,WDE3016,31,12,22,8,,57,A
367332950,2022-01-02T14:10:19,30.05773,-89.80204,0.0,275.2,511.0,GOOD SHEPHERD,,WDE3016,31,12,22,8,,57,A
367332950,2022-01-02T14:24:49,30.05772,-89.80203,0.0,44.0,511.0,GOOD SHEPHERD,,WDE3016,31,12,22,8,,57,A
367332950,2022-01-02T13:51:20,30.05770,-89.80200,0.0,44.0,511.0,GOOD SHEPHERD,,WDE3016,31,12,22,8,,57,A
367332950,2022-01-02T13:52:31,30.05770,-89.80200,0.0,44.0,511.0,GOOD SHEPHERD,,WDE3016,31,12,22,8,,57,A
367332950,2022-01-02T14:15:10,30.05772,-89.80203,0.0,44.0,511.0,GOOD SHEPHERD,,WDE3016,31,12,22,8,,57,A
367332950,2022-01-02T14:28:40,30.05773,-89.80206,0.0,286.0,511.0,GOOD SHEPHERD,,WDE3016,31,12,22,8,,57,A
367332950,2022-01-02T13:41:50,30.05772,-89.80200,0.0,44.0,511.0,GOOD SHEPHERD,,WDE3016,31,12,22,8,,57,A
367332950,2022-01-02T13:46:31,30.05772,-89.80200,0.0,44.0,511.0,GOOD SHEPHERD,,WDE3016,31,12,22,8,,57,A
367332950,2022-01-02T13:47:40,30.05770,-89.80202,0.0,44.0,511.0,GOOD SHEPHERD,,WDE3016,31,12,22,8,,57,A
367332950,2022-01-02T14:34:00,30.05772,-89.80203,0.0,44.0,511.0,GOOD SHEPHERD,,WDE3016,31,12,22,8,,57,A
367332950,2022-01-02T13:45:19,30.05772,-89.80202,0.0,44.0,511.0,GOOD SHEPHERD,,WDE3016,31,12,22,8,,57,A
367332950,2022-01-02T14:35:29,30.05772,-89.80200,0.0,44.0,511.0,GOOD SHEPHERD,,WDE3016,31,12,22,8,,57,A
367332950,2022-01-02T14:22:31,30.05772,-89.80203,0.0,44.0,511.0,GOOD SHEPHERD,,WDE3016,31,12,22,8,,57,A
367332950,2022-01-02T14:31:30,30.05773,-89.80206,0.0,280.9,511.0,GOOD SHEPHERD,,WDE3016,31,12,22,8,,57,A
367332950,2022-01-02T14:04:31,30.05772,-89.80203,0.0,44.0,511.0,GOOD SHEPHERD,,WDE3016,31,12,22,8,,57,A
367332950,2022-01-02T14:05:39,30.05772,-89.80200,0.0,44.0,511.0,GOOD SHEPHERD,,WDE3016,31,12,22,8,,57,A
367332950,2022-01-02T14:39:20,30.05772,-89.80203,0.0,44.0,511.0,GOOD SHEPHERD,,WDE3016,31,12,22,8,,57,A
367332950,2022-01-02T13:56:19,30.05770,-89.80203,0.0,44.0,511.0,GOOD SHEPHERD,,WDE3016,31,12,22,8,,57,A
367332950,2022-01-02T14:27:21,30.05774,-89.80204,0.0,282.7,511.0,GOOD SHEPHERD,,WDE3016,31,12,22,8,,57,A
367332950,2022-01-02T13:55:09,30.05768,-89.80203,0.0,44.0,511.0,GOOD SHEPHERD,,WDE3016,31,12,22,8,,57,A
367332950,2022-01-02T14:06:50,30.05774,-89.80207,0.0,287.0,511.0,GOOD SHEPHERD,,WDE3016,31,12,22,8,,57,A
367332950,2022-01-02T14:32:40,30.05772,-89.80203,0.0,44.0,511.0,GOOD SHEPHERD,,WDE3016,31,12,22,8,,57,A
367332950,2022-01-02T06:31:59,30.05772,-89.80200,0.0,44.0,511.0,GOOD SHEPHERD,,WDE3016,31,12,22,8,,57,A
367332950,2022-01-02T14:11:30,30.05772,-89.80203,0.0,44.0,511.0,GOOD SHEPHERD,,WDE3016,31,12,22,8,,57,A
367332950,2022-01-02T13:59:19,30.05768,-89.80203,0.0,44.0,511.0,GOOD SHEPHERD,,WDE3016,31,12,22,8,,57,A
367332950,2022-01-02T14:03:00,30.05773,-89.80206,0.0,294.3,511.0,GOOD SHEPHERD,,WDE3016,31,12,22,8,,57,A
367332950,2022-01-02T14:17:40,30.05772,-89.80200,0.0,44.0,511.0,GOOD SHEPHERD,,WDE3016,31,12,22,8,,57,A
367332950,2022-01-02T14:43:50,30.05772,-89.80203,0.0,44.0,511.0,GOOD SHEPHERD,,WDE3016,31,12,22,8,,57,A
367332950,2022-01-02T14:51:30,30.05770,-89.80200,0.0,44.0,511.0,GOOD SHEPHERD,,WDE3016,31,12,22,8,,57,A
367332950,2022-01-02T14:44:59,30.05772,-89.80203,0.0,44.0,511.0,GOOD SHEPHERD,,WDE3016,31,12,22,8,,57,A
367332950,2022-01-02T14:41:39,30.05772,-89.80203,0.0,44.0,511.0,GOOD SHEPHERD,,WDE3016,31,12,22,8,,57,A
367332950,2022-01-02T14:53:00,30.05772,-89.80203,0.0,44.0,511.0,GOOD SHEPHERD,,WDE3016,31,12,22,8,,57,A
367332950,2022-01-02T14:20:09,30.05772,-89.80203,0.0,44.0,511.0,GOOD SHEPHERD,,WDE3016,31,12,22,8,,57,A
367332950,2022-01-02T14:09:00,30.05774,-89.80203,0.0,278.3,511.0,GOOD SHEPHERD,,WDE3016,31,12,22,8,,57,A
367332950,2022-01-02T14:25:59,30.05772,-89.80203,0.0,44.0,511.0,GOOD SHEPHERD,,WDE3016,31,12,22,8,,57,A
367332950,2022-01-02T14:12:39,30.05772,-89.80200,0.0,44.0,511.0,GOOD SHEPHERD,,WDE3016,31,12,22,8,,57,A
367332950,2022-01-02T15:03:31,30.05773,-89.80204,0.0,240.6,511.0,GOOD SHEPHERD,,WDE3016,31,12,22,8,,57,A
367332950,2022-01-02T14:54:30,30.05772,-89.80203,0.0,44.0,511.0,GOOD SHEPHERD,,WDE3016,31,12,22,8,,57,A
367332950,2022-01-02T15:04:39,30.05772,-89.80205,0.0,238.2,511.0,GOOD SHEPHERD,,WDE3016,31,12,22,8,,57,A
367332950,2022-01-02T14:36:39,30.05772,-89.80200,0.0,44.0,511.0,GOOD SHEPHERD,,WDE3016,31,12,22,8,,57,A
367332950,2022-01-02T14:21:20,30.05772,-89.80200,0.0,44.0,511.0,GOOD SHEPHERD,,WDE3016,31,12,22,8,,57,A
367332950,2022-01-02T14:37:50,30.05772,-89.80203,0.0,44.0,511.0,GOOD SHEPHERD,,WDE3016,31,12,22,8,,57,A
367332950,2022-01-02T15:10:39,30.05771,-89.80205,0.0,241.4,511.0,GOOD SHEPHERD,,WDE3016,31,12,22,8,,57,A
367332950,2022-01-02T06:41:00,30.05772,-89.80203,0.0,44.0,511.0,GOOD SHEPHERD,,WDE3016,31,12,22,8,,57,A
367332950,2022-01-02T14:23:40,30.05772,-89.80203,0.0,44.0,511.0,GOOD SHEPHERD,,WDE3016,31,12,22,8,,57,A
367332950,2022-01-02T14:30:11,30.05774,-89.80204,0.0,287.5,511.0,GOOD SHEPHERD,,WDE3016,31,12,22,8,,57,A
367332950,2022-01-02T14:42:41,30.05772,-89.80203,0.0,44.0,511.0,GOOD SHEPHERD,,WDE3016,31,12,22,8,,57,A
367332950,2022-01-02T15:15:40,30.05775,-89.80201,0.0,253.9,511.0,GOOD SHEPHERD,,WDE3016,31,12,22,8,,57,A
367332950,2022-01-02T15:13:59,30.05771,-89.80203,0.0,249.8,511.0,GOOD SHEPHERD,,WDE3016,31,12,22,8,,57,A
367332950,2022-01-02T14:40:29,30.05772,-89.80203,0.0,44.0,511.0,GOOD SHEPHERD,,WDE3016,31,12,22,8,,57,A
367332950,2022-01-02T15:16:50,30.05775,-89.80202,0.0,254.6,511.0,GOOD SHEPHERD,,WDE3016,31,12,22,8,,57,A
367332950,2022-01-02T15:21:40,30.05772,-89.80200,0.0,44.0,511.0,GOOD SHEPHERD,,WDE3016,31,12,22,8,,57,A
367332950,2022-01-02T14:46:10,30.05772,-89.80200,0.0,44.0,511.0,GOOD SHEPHERD,,WDE3016,31,12,22,8,,57,A
367332950,2022-01-02T06:44:41,30.05772,-89.80200,0.0,44.0,511.0,GOOD SHEPHERD,,WDE3016,31,12,22,8,,57,A
367332950,2022-01-02T15:02:20,30.05779,-89.80198,0.0,237.0,511.0,GOOD SHEPHERD,,WDE3016,31,12,22,8,,57,A
367332950,2022-01-02T15:35:20,30.05772,-89.80203,0.0,44.0,511.0,GOOD SHEPHERD,,WDE3016,31,12,22,8,,57,A
367332950,2022-01-02T14:47:19,30.05772,-89.80202,0.0,44.0,511.0,GOOD SHEPHERD,,WDE3016,31,12,22,8,,57,A
367332950,2022-01-02T15:43:00,30.05772,-89.80203,0.0,44.0,511.0,GOOD SHEPHERD,,WDE3016,31,12,22,8,,57,A
367332950,2022-01-02T15:40:30,30.05772,-89.80203,0.0,44.0,511.0,GOOD SHEPHERD,,WDE3016,31,12,22,8,,57,A
367332950,2022-01-02T15:11:59,30.05772,-89.80206,0.0,244.5,511.0,GOOD SHEPHERD,,WDE3016,31,12,22,8,,57,A
367332950,2022-01-02T15:50:11,30.05772,-89.80202,0.0,44.0,511.0,GOOD SHEPHERD,,WDE3016,31,12,22,8,,57,A
367332950,2022-01-02T15:51:40,30.05772,-89.80202,0.0,44.0,511.0,GOOD SHEPHERD,,WDE3016,31,12,22,8,,57,A
367332950,2022-01-02T15:44:09,30.05772,-89.80203,0.0,44.0,511.0,GOOD SHEPHERD,,WDE3016,31,12,22,8,,57,A
367332950,2022-01-02T14:57:20,30.05775,-89.80203,0.0,241.1,511.0,GOOD SHEPHERD,,WDE3016,31,12,22,8,,57,A
367332950,2022-01-02T14:58:30,30.05775,-89.80201,0.0,239.3,511.0,GOOD SHEPHERD,,WDE3016,31,12,22,8,,57,A
367332950,2022-01-02T14:59:49,30.05774,-89.80203,0.0,240.4,511.0,GOOD SHEPHERD,,WDE3016,31,12,22,8,,57,A
367332950,2022-01-02T15:55:39,30.05772,-89.80202,0.0,44.0,511.0,GOOD SHEPHERD,,WDE3016,31,12,22,8,,57,A
367332950,2022-01-02T15:54:20,30.05772,-89.80202,0.0,44.0,511.0,GOOD SHEPHERD,,WDE3016,31,12,22,8,,57,A
367332950,2022-01-02T15:05:50,30.05773,-89.80203,0.0,240.7,511.0,GOOD SHEPHERD,,WDE3016,31,12,22,8,,57,A
367332950,2022-01-02T15:49:00,30.05772,-89.80202,0.0,44.0,511.0,GOOD SHEPHERD,,WDE3016,31,12,22,8,,57,A
367332950,2022-01-02T15:07:00,30.05775,-89.80203,0.0,242.1,511.0,GOOD SHEPHERD,,WDE3016,31,12,22,8,,57,A
367332950,2022-01-02T15:27:41,30.05772,-89.80200,0.0,44.0,511.0,GOOD SHEPHERD,,WDE3016,31,12,22,8,,57,A
367332950,2022-01-02T16:00:00,30.05772,-89.80202,0.0,44.0,511.0,GOOD SHEPHERD,,WDE3016,31,12,22,8,,57,A
367332950,2022-01-02T16:08:19,30.05772,-89.80203,0.0,44.0,511.0,GOOD SHEPHERD,,WDE3016,31,12,22,8,,57,A
367332950,2022-01-02T16:02:00,30.05772,-89.80202,0.0,44.0,511.0,GOOD SHEPHERD,,WDE3016,31,12,22,8,,57,A
367332950,2022-01-02T15:20:30,30.05772,-89.80203,0.0,44.0,511.0,GOOD SHEPHERD,,WDE3016,31,12,22,8,,57,A
367332950,2022-01-02T15:36:49,30.05772,-89.80203,0.0,44.0,511.0,GOOD SHEPHERD,,WDE3016,31,12,22,8,,57,A
367332950,2022-01-02T06:57:29,30.05773,-89.80202,0.0,44.0,511.0,GOOD SHEPHERD,,WDE3016,31,12,22,8,,57,A
367332950,2022-01-02T06:58:30,30.05773,-89.80205,0.0,44.0,511.0,GOOD SHEPHERD,,WDE3016,31,12,22,8,,57,A
367332950,2022-01-02T15:38:09,30.05772,-89.80203,0.0,44.0,511.0,GOOD SHEPHERD,,WDE3016,31,12,22,8,,57,A
367332950,2022-01-02T15:25:20,30.05772,-89.80203,0.0,44.0,511.0,GOOD SHEPHERD,,WDE3016,31,12,22,8,,57,A
367332950,2022-01-02T15:18:10,30.05772,-89.80200,0.0,44.0,511.0,GOOD SHEPHERD,,WDE3016,31,12,22,8,,57,A
367332950,2022-01-02T16:03:10,30.05772,-89.80202,0.0,44.0,511.0,GOOD SHEPHERD,,WDE3016,31,12,22,8,,57,A
367332950,2022-01-02T15:41:49,30.05772,-89.80203,0.0,44.0,511.0,GOOD SHEPHERD,,WDE3016,31,12,22,8,,57,A
367332950,2022-01-02T16:09:29,30.05772,-89.80200,0.0,44.0,511.0,GOOD SHEPHERD,,WDE3016,31,12,22,8,,57,A
367332950,2022-01-02T15:23:40,30.05773,-89.80200,0.0,44.0,511.0,GOOD SHEPHERD,,WDE3016,31,12,22,8,,57,A
367332950,2022-01-02T07:04:10,30.05773,-89.80203,0.0,44.0,511.0,GOOD SHEPHERD,,WDE3016,31,12,22,8,,57,A
367332950,2022-01-02T16:16:21,30.05772,-89.80200,0.0,44.0,511.0,GOOD SHEPHERD,,WDE3016,31,12,22,8,,57,A
367332950,2022-01-02T15:29:41,30.05772,-89.80200,0.0,44.0,511.0,GOOD SHEPHERD,,WDE3016,31,12,22,8,,57,A
367332950,2022-01-02T15:47:40,30.05772,-89.80202,0.0,44.0,511.0,GOOD SHEPHERD,,WDE3016,31,12,22,8,,57,A
367332950,2022-01-02T15:53:11,30.05772,-89.80202,0.0,44.0,511.0,GOOD SHEPHERD,,WDE3016,31,12,22,8,,57,A
367332950,2022-01-02T15:32:20,30.05772,-89.80203,0.0,44.0,511.0,GOOD SHEPHERD,,WDE3016,31,12,22,8,,57,A
367332950,2022-01-02T16:28:00,30.05772,-89.80200,0.0,44.0,511.0,GOOD SHEPHERD,,WDE3016,31,12,22,8,,57,A
367332950,2022-01-02T15:57:09,30.05772,-89.80202,0.0,44.0,511.0,GOOD SHEPHERD,,WDE3016,31,12,22,8,,57,A
367332950,2022-01-02T15:46:30,30.05772,-89.80200,0.0,44.0,511.0,GOOD SHEPHERD,,WDE3016,31,12,22,8,,57,A
367332950,2022-01-02T15:39:20,30.05772,-89.80203,0.0,44.0,511.0,GOOD SHEPHERD,,WDE3016,31,12,22,8,,57,A
367332950,2022-01-02T16:32:29,30.05772,-89.80203,0.0,44.0,511.0,GOOD SHEPHERD,,WDE3016,31,12,22,8,,57,A
367332950,2022-01-02T16:07:00,30.05772,-89.80203,0.0,44.0,511.0,GOOD SHEPHERD,,WDE3016,31,12,22,8,,57,A
367332950,2022-01-02T16:05:31,30.05772,-89.80203,0.0,44.0,511.0,GOOD SHEPHERD,,WDE3016,31,12,22,8,,57,A
367332950,2022-01-02T16:29:09,30.05772,-89.80203,0.0,44.0,511.0,GOOD SHEPHERD,,WDE3016,31,12,22,8,,57,A
367332950,2022-01-02T16:31:19,30.05772,-89.80203,0.0,44.0,511.0,GOOD SHEPHERD,,WDE3016,31,12,22,8,,57,A
367332950,2022-01-02T16:42:41,30.05770,-89.80203,0.0,44.0,511.0,GOOD SHEPHERD,,WDE3016,31,12,22,8,,57,A
367332950,2022-01-02T16:11:50,30.05772,-89.80200,0.0,44.0,511.0,GOOD SHEPHERD,,WDE3016,31,12,22,8,,57,A
367332950,2022-01-02T15:59:00,30.05772,-89.80202,0.0,44.0,511.0,GOOD SHEPHERD,,WDE3016,31,12,22,8,,57,A
367332950,2022-01-02T16:13:01,30.05772,-89.80203,0.0,44.0,511.0,GOOD SHEPHERD,,WDE3016,31,12,22,8,,57,A
367332950,2022-01-02T16:34:51,30.05772,-89.80203,0.0,44.0,511.0,GOOD SHEPHERD,,WDE3016,31,12,22,8,,57,A
367332950,2022-01-02T16:44:59,30.05772,-89.80203,0.0,44.0,511.0,GOOD SHEPHERD,,WDE3016,31,12,22,8,,57,A
367332950,2022-01-02T16:15:19,30.05772,-89.80200,0.0,44.0,511.0,GOOD SHEPHERD,,WDE3016,31,12,22,8,,57,A
367332950,2022-01-02T16:46:09,30.05772,-89.80203,0.0,44.0,511.0,GOOD SHEPHERD,,WDE3016,31,12,22,8,,57,A
367332950,2022-01-02T16:47:21,30.05772,-89.80200,0.0,44.0,511.0,GOOD SHEPHERD,,WDE3016,31,12,22,8,,57,A
367332950,2022-01-02T16:48:30,30.05772,-89.80200,0.0,44.0,511.0,GOOD SHEPHERD,,WDE3016,31,12,22,8,,57,A
367332950,2022-01-02T16:04:19,30.05772,-89.80203,0.0,44.0,511.0,GOOD SHEPHERD,,WDE3016,31,12,22,8,,57,A
367332950,2022-01-02T16:17:31,30.05772,-89.80202,0.0,44.0,511.0,GOOD SHEPHERD,,WDE3016,31,12,22,8,,57,A
367332950,2022-01-02T16:52:00,30.05772,-89.80203,0.0,44.0,511.0,GOOD SHEPHERD,,WDE3016,31,12,22,8,,57,A
367332950,2022-01-02T16:43:50,30.05772,-89.80203,0.0,44.0,511.0,GOOD SHEPHERD,,WDE3016,31,12,22,8,,57,A
367332950,2022-01-02T16:54:40,30.05772,-89.80203,0.0,44.0,511.0,GOOD SHEPHERD,,WDE3016,31,12,22,8,,57,A
367332950,2022-01-02T07:19:11,30.05772,-89.80203,0.0,44.0,511.0,GOOD SHEPHERD,,WDE3016,31,12,22,8,,57,A
367332950,2022-01-02T16:26:51,30.05772,-89.80200,0.0,44.0,511.0,GOOD SHEPHERD,,WDE3016,31,12,22,8,,57,A
367332950,2022-01-02T16:30:10,30.05772,-89.80203,0.0,44.0,511.0,GOOD SHEPHERD,,WDE3016,31,12,22,8,,57,A
367332950,2022-01-02T16:10:39,30.05772,-89.80200,0.0,44.0,511.0,GOOD SHEPHERD,,WDE3016,31,12,22,8,,57,A
367332950,2022-01-02T16:33:41,30.05772,-89.80203,0.0,44.0,511.0,GOOD SHEPHERD,,WDE3016,31,12,22,8,,57,A
367332950,2022-01-02T16:38:51,30.05772,-89.80203,0.0,44.0,511.0,GOOD SHEPHERD,,WDE3016,31,12,22,8,,57,A
367332950,2022-01-02T16:41:09,30.05772,-89.80203,0.0,44.0,511.0,GOOD SHEPHERD,,WDE3016,31,12,22,8,,57,A
367332950,2022-01-02T16:19:50,30.05772,-89.80200,0.0,44.0,511.0,GOOD SHEPHERD,,WDE3016,31,12,22,8,,57,A
367332950,2022-01-02T16:39:59,30.05772,-89.80203,0.0,44.0,511.0,GOOD SHEPHERD,,WDE3016,31,12,22,8,,57,A
367332950,2022-01-02T16:23:10,30.05772,-89.80200,0.0,44.0,511.0,GOOD SHEPHERD,,WDE3016,31,12,22,8,,57,A
367332950,2022-01-02T17:15:51,30.05770,-89.80200,0.0,44.0,511.0,GOOD SHEPHERD,,WDE3016,31,12,22,8,,57,A
367332950,2022-01-02T16:21:59,30.05772,-89.80200,0.0,44.0,511.0,GOOD SHEPHERD,,WDE3016,31,12,22,8,,57,A
367332950,2022-01-02T17:17:00,30.05770,-89.80203,0.0,44.0,511.0,GOOD SHEPHERD,,WDE3016,31,12,22,8,,57,A
367332950,2022-01-02T16:24:30,30.05772,-89.80200,0.0,44.0,511.0,GOOD SHEPHERD,,WDE3016,31,12,22,8,,57,A
367332950,2022-01-02T16:25:39,30.05772,-89.80200,0.0,44.0,511.0,GOOD SHEPHERD,,WDE3016,31,12,22,8,,57,A
367332950,2022-01-02T17:19:11,30.05770,-89.80200,0.0,44.0,511.0,GOOD SHEPHERD,,WDE3016,31,12,22,8,,57,A
367332950,2022-01-02T17:06:00,30.05772,-89.80203,0.0,44.0,511.0,GOOD SHEPHERD,,WDE3016,31,12,22,8,,57,A
367332950,2022-01-02T17:14:39,30.05772,-89.80203,0.0,44.0,511.0,GOOD SHEPHERD,,WDE3016,31,12,22,8,,57,A
367332950,2022-01-02T16:50:59,30.05772,-89.80203,0.0,44.0,511.0,GOOD SHEPHERD,,WDE3016,31,12,22,8,,57,A
367332950,2022-01-02T17:21:30,30.05770,-89.80203,0.0,44.0,511.0,GOOD SHEPHERD,,WDE3016,31,12,22,8,,57,A
367332950,2022-01-02T16:57:10,30.05772,-89.80202,0.0,44.0,511.0,GOOD SHEPHERD,,WDE3016,31,12,22,8,,57,A
367332950,2022-01-02T16:53:19,30.05772,-89.80203,0.0,44.0,511.0,GOOD SHEPHERD,,WDE3016,31,12,22,8,,57,A
367332950,2022-01-02T16:37:29,30.05772,-89.80203,0.0,44.0,511.0,GOOD SHEPHERD,,WDE3016,31,12,22,8,,57,A
367332950,2022-01-02T16:55:41,30.05772,-89.80200,0.0,44.0,511.0,GOOD SHEPHERD,,WDE3016,31,12,22,8,,57,A
367332950,2022-01-02T17:23:49,30.05772,-89.80203,0.0,44.0,511.0,GOOD SHEPHERD,,WDE3016,31,12,22,8,,57,A
367332950,2022-01-02T17:08:30,30.05772,-89.80203,0.0,44.0,511.0,GOOD SHEPHERD,,WDE3016,31,12,22,8,,57,A
367332950,2022-01-02T17:04:41,30.05770,-89.80203,0.0,44.0,511.0,GOOD SHEPHERD,,WDE3016,31,12,22,8,,57,A
367332950,2022-01-02T17:29:49,30.05770,-89.80203,0.0,44.0,511.0,GOOD SHEPHERD,,WDE3016,31,12,22,8,,57,A
367332950,2022-01-02T17:31:10,30.05772,-89.80203,0.0,44.0,511.0,GOOD SHEPHERD,,WDE3016,31,12,22,8,,57,A
367332950,2022-01-02T16:49:40,30.05772,-89.80203,0.0,44.0,511.0,GOOD SHEPHERD,,WDE3016,31,12,22,8,,57,A
367332950,2022-01-02T17:47:40,30.05772,-89.80203,0.0,44.0,511.0,GOOD SHEPHERD,,WDE3016,31,12,22,8,,57,A
367332950,2022-01-02T17:11:00,30.05770,-89.80200,0.0,44.0,511.0,GOOD SHEPHERD,,WDE3016,31,12,22,8,,57,A
367332950,2022-01-02T17:40:20,30.05772,-89.80202,0.0,44.0,511.0,GOOD SHEPHERD,,WDE3016,31,12,22,8,,57,A
367332950,2022-01-02T17:50:00,30.05772,-89.80203,0.0,44.0,511.0,GOOD SHEPHERD,,WDE3016,31,12,22,8,,57,A
367332950,2022-01-02T07:43:29,30.05772,-89.80200,0.0,44.0,511.0,GOOD SHEPHERD,,WDE3016,31,12,22,8,,57,A
367332950,2022-01-02T17:55:10,30.05772,-89.80200,0.0,44.0,511.0,GOOD SHEPHERD,,WDE3016,31,12,22,8,,57,A
367332950,2022-01-02T16:59:49,30.05770,-89.80202,0.0,44.0,511.0,GOOD SHEPHERD,,WDE3016,31,12,22,8,,57,A
367332950,2022-01-02T17:42:40,30.05772,-89.80200,0.0,44.0,511.0,GOOD SHEPHERD,,WDE3016,31,12,22,8,,57,A
367332950,2022-01-02T17:22:41,30.05772,-89.80200,0.0,44.0,511.0,GOOD SHEPHERD,,WDE3016,31,12,22,8,,57,A
367332950,2022-01-02T17:51:10,30.05772,-89.80203,0.0,44.0,511.0,GOOD SHEPHERD,,WDE3016,31,12,22,8,,57,A
367332950,2022-01-02T17:07:09,30.05772,-89.80203,0.0,44.0,511.0,GOOD SHEPHERD,,WDE3016,31,12,22,8,,57,A
367332950,2022-01-02T17:09:51,30.05772,-89.80200,0.0,44.0,511.0,GOOD SHEPHERD,,WDE3016,31,12,22,8,,57,A
367332950,2022-01-02T17:28:41,30.05772,-89.80200,0.0,44.0,511.0,GOOD SHEPHERD,,WDE3016,31,12,22,8,,57,A
367332950,2022-01-02T17:12:09,30.05772,-89.80202,0.0,44.0,511.0,GOOD SHEPHERD,,WDE3016,31,12,22,8,,57,A
367332950,2022-01-02T17:52:20,30.05772,-89.80203,0.0,44.0,511.0,GOOD SHEPHERD,,WDE3016,31,12,22,8,,57,A
367332950,2022-01-02T17:13:31,30.05772,-89.80202,0.0,44.0,511.0,GOOD SHEPHERD,,WDE3016,31,12,22,8,,57,A
367332950,2022-01-02T17:53:31,30.05772,-89.80203,0.0,44.0,511.0,GOOD SHEPHERD,,WDE3016,31,12,22,8,,57,A
367332950,2022-01-02T17:56:31,30.05772,-89.80200,0.0,44.0,511.0,GOOD SHEPHERD,,WDE3016,31,12,22,8,,57,A
367332950,2022-01-02T17:18:09,30.05770,-89.80200,0.0,44.0,511.0,GOOD SHEPHERD,,WDE3016,31,12,22,8,,57,A
367332950,2022-01-02T17:36:20,30.05770,-89.80203,0.0,44.0,511.0,GOOD SHEPHERD,,WDE3016,31,12,22,8,,57,A
367332950,2022-01-02T18:09:11,30.05772,-89.80200,0.0,44.0,511.0,GOOD SHEPHERD,,WDE3016,31,12,22,8,,57,A
367332950,2022-01-02T17:57:59,30.05772,-89.80200,0.0,44.0,511.0,GOOD SHEPHERD,,WDE3016,31,12,22,8,,57,A
367332950,2022-01-02T17:35:00,30.05770,-89.80203,0.0,44.0,511.0,GOOD SHEPHERD,,WDE3016,31,12,22,8,,57,A
367332950,2022-01-02T17:38:00,30.05770,-89.80203,0.0,44.0,511.0,GOOD SHEPHERD,,WDE3016,31,12,22,8,,57,A
367332950,2022-01-02T17:39:09,30.05770,-89.80202,0.0,44.0,511.0,GOOD SHEPHERD,,WDE3016,31,12,22,8,,57,A
367332950,2022-01-02T17:26:29,30.05770,-89.80200,0.0,44.0,511.0,GOOD SHEPHERD,,WDE3016,31,12,22,8,,57,A
367332950,2022-01-02T18:02:12,30.05772,-89.80203,0.0,44.0,511.0,GOOD SHEPHERD,,WDE3016,31,12,22,8,,57,A
367332950,2022-01-02T17:27:30,30.05772,-89.80200,0.0,44.0,511.0,GOOD SHEPHERD,,WDE3016,31,12,22,8,,57,A
367332950,2022-01-02T17:48:49,30.05772,-89.80203,0.0,44.0,511.0,GOOD SHEPHERD,,WDE3016,31,12,22,8,,57,A
367332950,2022-01-02T18:23:43,30.05772,-89.80202,0.0,44.0,511.0,GOOD SHEPHERD,,WDE3016,31,12,22,8,,57,A
367332950,2022-01-02T18:11:52,30.05772,-89.80203,0.0,44.0,511.0,GOOD SHEPHERD,,WDE3016,31,12,22,8,,57,A
367332950,2022-01-02T18:26:21,30.05772,-89.80202,0.0,44.0,511.0,GOOD SHEPHERD,,WDE3016,31,12,22,8,,57,A
367332950,2022-01-02T18:14:12,30.05772,-89.80203,0.0,44.0,511.0,GOOD SHEPHERD,,WDE3016,31,12,22,8,,57,A
367332950,2022-01-02T18:36:12,30.05772,-89.80202,0.0,44.0,511.0,GOOD SHEPHERD,,WDE3016,31,12,22,8,,57,A
367332950,2022-01-02T17:41:29,30.05770,-89.80200,0.0,44.0,511.0,GOOD SHEPHERD,,WDE3016,31,12,22,8,,57,A
367332950,2022-01-02T17:46:19,30.05772,-89.80203,0.0,44.0,511.0,GOOD SHEPHERD,,WDE3016,31,12,22,8,,57,A
367332950,2022-01-02T18:37:22,30.05772,-89.80202,0.0,44.0,511.0,GOOD SHEPHERD,,WDE3016,31,12,22,8,,57,A
367332950,2022-01-02T18:20:03,30.05772,-89.80202,0.0,44.0,511.0,GOOD SHEPHERD,,WDE3016,31,12,22,8,,57,A
367332950,2022-01-02T18:38:32,30.05772,-89.80200,0.0,44.0,511.0,GOOD SHEPHERD,,WDE3016,31,12,22,8,,57,A
367332950,2022-01-02T17:43:49,30.05772,-89.80203,0.0,44.0,511.0,GOOD SHEPHERD,,WDE3016,31,12,22,8,,57,A
367332950,2022-01-02T18:40:52,30.05772,-89.80202,0.0,44.0,511.0,GOOD SHEPHERD,,WDE3016,31,12,22,8,,57,A
367332950,2022-01-02T18:01:01,30.05772,-89.80202,0.0,44.0,511.0,GOOD SHEPHERD,,WDE3016,31,12,22,8,,57,A
367332950,2022-01-02T18:05:52,30.05772,-89.80203,0.0,44.0,511.0,GOOD SHEPHERD,,WDE3016,31,12,22,8,,57,A
367332950,2022-01-02T08:00:00,30.05772,-89.80200,0.0,44.0,511.0,GOOD SHEPHERD,,WDE3016,31,12,22,8,,57,A
367332950,2022-01-02T18:44:42,30.05772,-89.80202,0.0,44.0,511.0,GOOD SHEPHERD,,WDE3016,31,12,22,8,,57,A
367332950,2022-01-02T18:03:33,30.05770,-89.80200,0.0,44.0,511.0,GOOD SHEPHERD,,WDE3016,31,12,22,8,,57,A
367332950,2022-01-02T18:51:52,30.05772,-89.80200,0.0,44.0,511.0,GOOD SHEPHERD,,WDE3016,31,12,22,8,,57,A
367332950,2022-01-02T18:17:41,30.05772,-89.80203,0.0,44.0,511.0,GOOD SHEPHERD,,WDE3016,31,12,22,8,,57,A
367332950,2022-01-02T18:18:52,30.05772,-89.80200,0.0,44.0,511.0,GOOD SHEPHERD,,WDE3016,31,12,22,8,,57,A
367332950,2022-01-02T18:07:11,30.05772,-89.80200,0.0,44.0,511.0,GOOD SHEPHERD,,WDE3016,31,12,22,8,,57,A
367332950,2022-01-02T18:10:33,30.05772,-89.80200,0.0,44.0,511.0,GOOD SHEPHERD,,WDE3016,31,12,22,8,,57,A
367332950,2022-01-02T18:13:01,30.05772,-89.80203,0.0,44.0,511.0,GOOD SHEPHERD,,WDE3016,31,12,22,8,,57,A
367332950,2022-01-02T18:29:52,30.05773,-89.80202,0.0,44.0,511.0,GOOD SHEPHERD,,WDE3016,31,12,22,8,,57,A
367332950,2022-01-02T18:31:01,30.05772,-89.80202,0.0,44.0,511.0,GOOD SHEPHERD,,WDE3016,31,12,22,8,,57,A
367332950,2022-01-02T18:47:01,30.05772,-89.80200,0.0,44.0,511.0,GOOD SHEPHERD,,WDE3016,31,12,22,8,,57,A
367332950,2022-01-02T18:27:32,30.05772,-89.80202,0.0,44.0,511.0,GOOD SHEPHERD,,WDE3016,31,12,22,8,,57,A
367332950,2022-01-02T18:15:23,30.05772,-89.80203,0.0,44.0,511.0,GOOD SHEPHERD,,WDE3016,31,12,22,8,,57,A
367332950,2022-01-02T18:34:32,30.05772,-89.80200,0.0,44.0,511.0,GOOD SHEPHERD,,WDE3016,31,12,22,8,,57,A
367332950,2022-01-02T18:16:33,30.05772,-89.80200,0.0,44.0,511.0,GOOD SHEPHERD,,WDE3016,31,12,22,8,,57,A
367332950,2022-01-02T18:39:42,30.05772,-89.80202,0.0,44.0,511.0,GOOD SHEPHERD,,WDE3016,31,12,22,8,,57,A
367332950,2022-01-02T19:14:12,30.05772,-89.80200,0.0,44.0,511.0,GOOD SHEPHERD,,WDE3016,31,12,22,8,,57,A
367332950,2022-01-02T08:09:20,30.05772,-89.80200,0.0,44.0,511.0,GOOD SHEPHERD,,WDE3016,31,12,22,8,,57,A
367332950,2022-01-02T18:21:12,30.05772,-89.80202,0.0,44.0,511.0,GOOD SHEPHERD,,WDE3016,31,12,22,8,,57,A
367332950,2022-01-02T18:42:03,30.05772,-89.80202,0.0,44.0,511.0,GOOD SHEPHERD,,WDE3016,31,12,22,8,,57,A
367332950,2022-01-02T18:43:12,30.05772,-89.80202,0.0,44.0,511.0,GOOD SHEPHERD,,WDE3016,31,12,22,8,,57,A
367332950,2022-01-02T18:28:43,30.05772,-89.80202,0.0,44.0,511.0,GOOD SHEPHERD,,WDE3016,31,12,22,8,,57,A
367332950,2022-01-02T18:22:33,30.05772,-89.80202,0.0,44.0,511.0,GOOD SHEPHERD,,WDE3016,31,12,22,8,,57,A
367332950,2022-01-02T19:19:23,30.05772,-89.80202,0.0,44.0,511.0,GOOD SHEPHERD,,WDE3016,31,12,22,8,,57,A
367332950,2022-01-02T18:45:52,30.05772,-89.80202,0.0,44.0,511.0,GOOD SHEPHERD,,WDE3016,31,12,22,8,,57,A
367332950,2022-01-02T19:01:33,30.05772,-89.80202,0.0,44.0,511.0,GOOD SHEPHERD,,WDE3016,31,12,22,8,,57,A
367332950,2022-01-02T19:10:22,30.05772,-89.80200,0.0,44.0,511.0,GOOD SHEPHERD,,WDE3016,31,12,22,8,,57,A
367332950,2022-01-02T18:32:32,30.05772,-89.80200,0.0,44.0,511.0,GOOD SHEPHERD,,WDE3016,31,12,22,8,,57,A
367332950,2022-01-02T18:53:02,30.05772,-89.80200,0.0,44.0,511.0,GOOD SHEPHERD,,WDE3016,31,12,22,8,,57,A
367332950,2022-01-02T19:27:33,30.05772,-89.80203,0.0,44.0,511.0,GOOD SHEPHERD,,WDE3016,31,12,22,8,,57,A
367332950,2022-01-02T19:07:31,30.05772,-89.80202,0.0,44.0,511.0,GOOD SHEPHERD,,WDE3016,31,12,22,8,,57,A
367332950,2022-01-02T18:49:21,30.05772,-89.80200,0.0,44.0,511.0,GOOD SHEPHERD,,WDE3016,31,12,22,8,,57,A
367332950,2022-01-02T18:56:52,30.05772,-89.80202,0.0,44.0,511.0,GOOD SHEPHERD,,WDE3016,31,12,22,8,,57,A
367332950,2022-01-02T19:09:03,30.05772,-89.80202,0.0,44.0,511.0,GOOD SHEPHERD,,WDE3016,31,12,22,8,,57,A
367332950,2022-01-02T18:58:02,30.05772,-89.80202,0.0,44.0,511.0,GOOD SHEPHERD,,WDE3016,31,12,22,8,,57,A
367332950,2022-01-02T08:14:20,30.05772,-89.80203,0.0,44.0,511.0,GOOD SHEPHERD,,WDE3016,31,12,22,8,,57,A
367332950,2022-01-02T18:54:22,30.05772,-89.80200,0.0,44.0,511.0,GOOD SHEPHERD,,WDE3016,31,12,22,8,,57,A
367332950,2022-01-02T19:36:02,30.05772,-89.80202,0.0,44.0,511.0,GOOD SHEPHERD,,WDE3016,31,12,22,8,,57,A
367332950,2022-01-02T19:37:33,30.05772,-89.80203,0.0,44.0,511.0,GOOD SHEPHERD,,WDE3016,31,12,22,8,,57,A
367332950,2022-01-02T19:21:43,30.05772,-89.80202,0.0,44.0,511.0,GOOD SHEPHERD,,WDE3016,31,12,22,8,,57,A
367332950,2022-01-02T19:45:43,30.05772,-89.80200,0.0,44.0,511.0,GOOD SHEPHERD,,WDE3016,31,12,22,8,,57,A
367332950,2022-01-02T19:05:03,30.05772,-89.80202,0.0,44.0,511.0,GOOD SHEPHERD,,WDE3016,31,12,22,8,,57,A
367332950,2022-01-02T18:48:12,30.05772,-89.80200,0.0,44.0,511.0,GOOD SHEPHERD,,WDE3016,31,12,22,8,,57,A
367332950,2022-01-02T19:15:51,30.05772,-89.80200,0.0,44.0,511.0,GOOD SHEPHERD,,WDE3016,31,12,22,8,,57,A
367332950,2022-01-02T18:55:32,30.05772,-89.80202,0.0,44.0,511.0,GOOD SHEPHERD,,WDE3016,31,12,22,8,,57,A
367332950,2022-01-02T19:03:52,30.05772,-89.80202,0.0,44.0,511.0,GOOD SHEPHERD,,WDE3016,31,12,22,8,,57,A
367332950,2022-01-02T19:31:52,30.05772,-89.80202,0.0,44.0,511.0,GOOD SHEPHERD,,WDE3016,31,12,22,8,,57,A
367332950,2022-01-02T19:18:12,30.05772,-89.80202,0.0,44.0,511.0,GOOD SHEPHERD,,WDE3016,31,12,22,8,,57,A
367332950,2022-01-02T19:06:12,30.05772,-89.80202,0.0,44.0,511.0,GOOD SHEPHERD,,WDE3016,31,12,22,8,,57,A
367332950,2022-01-02T19:42:12,30.05772,-89.80200,0.0,44.0,511.0,GOOD SHEPHERD,,WDE3016,31,12,22,8,,57,A
367332950,2022-01-02T19:02:41,30.05772,-89.80202,0.0,44.0,511.0,GOOD SHEPHERD,,WDE3016,31,12,22,8,,57,A
367332950,2022-01-02T20:03:03,30.05772,-89.80200,0.0,44.0,511.0,GOOD SHEPHERD,,WDE3016,31,12,22,8,,57,A
367332950,2022-01-02T19:22:53,30.05772,-89.80200,0.0,44.0,511.0,GOOD SHEPHERD,,WDE3016,31,12,22,8,,57,A
367332950,2022-01-02T20:05:22,30.05772,-89.80200,0.0,44.0,511.0,GOOD SHEPHERD,,WDE3016,31,12,22,8,,57,A
367332950,2022-01-02T20:06:32,30.05772,-89.80200,0.0,44.0,511.0,GOOD SHEPHERD,,WDE3016,31,12,22,8,,57,A
367332950,2022-01-02T19:25:02,30.05772,-89.80202,0.0,44.0,511.0,GOOD SHEPHERD,,WDE3016,31,12,22,8,,57,A
367332950,2022-01-02T19:11:31,30.05772,-89.80203,0.0,44.0,511.0,GOOD SHEPHERD,,WDE3016,31,12,22,8,,57,A
367332950,2022-01-02T19:26:21,30.05772,-89.80200,0.0,44.0,511.0,GOOD SHEPHERD,,WDE3016,31,12,22,8,,57,A
367332950,2022-01-02T19:49:32,30.05772,-89.80200,0.0,44.0,511.0,GOOD SHEPHERD,,WDE3016,31,12,22,8,,57,A
367332950,2022-01-02T20:12:23,30.05772,-89.80202,0.0,44.0,511.0,GOOD SHEPHERD,,WDE3016,31,12,22,8,,57,A
367332950,2022-01-02T19:13:03,30.05772,-89.80200,0.0,44.0,511.0,GOOD SHEPHERD,,WDE3016,31,12,22,8,,57,A
367332950,2022-01-02T08:34:30,30.05772,-89.80203,0.0,44.0,511.0,GOOD SHEPHERD,,WDE3016,31,12,22,8,,57,A
367332950,2022-01-02T20:17:13,30.05772,-89.80200,0.0,44.0,511.0,GOOD SHEPHERD,,WDE3016,31,12,22,8,,57,A
367332950,2022-01-02T19:17:03,30.05772,-89.80202,0.0,44.0,511.0,GOOD SHEPHERD,,WDE3016,31,12,22,8,,57,A
367332950,2022-01-02T19:33:02,30.05772,-89.80200,0.0,44.0,511.0,GOOD SHEPHERD,,WDE3016,31,12,22,8,,57,A
367332950,2022-01-02T20:18:22,30.05772,-89.80200,0.0,44.0,511.0,GOOD SHEPHERD,,WDE3016,31,12,22,8,,57,A
367332950,2022-01-02T19:51:52,30.05770,-89.80203,0.0,44.0,511.0,GOOD SHEPHERD,,WDE3016,31,12,22,8,,57,A
367332950,2022-01-02T19:20:32,30.05772,-89.80202,0.0,44.0,511.0,GOOD SHEPHERD,,WDE3016,31,12,22,8,,57,A
367332950,2022-01-02T19:38:42,30.05772,-89.80203,0.0,44.0,511.0,GOOD SHEPHERD,,WDE3016,31,12,22,8,,57,A
367332950,2022-01-02T20:01:52,30.05772,-89.80200,0.0,44.0,511.0,GOOD SHEPHERD,,WDE3016,31,12,22,8,,57,A
367332950,2022-01-02T19:24:01,30.05772,-89.80202,0.0,44.0,511.0,GOOD SHEPHERD,,WDE3016,31,12,22,8,,57,A
367332950,2022-01-02T20:24:32,30.05772,-89.80200,0.0,44.0,511.0,GOOD SHEPHERD,,WDE3016,31,12,22,8,,57,A
367332950,2022-01-02T19:28:52,30.05772,-89.80200,0.0,44.0,511.0,GOOD SHEPHERD,,WDE3016,31,12,22,8,,57,A
367332950,2022-01-02T19:30:02,30.05772,-89.80202,0.0,44.0,511.0,GOOD SHEPHERD,,WDE3016,31,12,22,8,,57,A
367332950,2022-01-02T20:29:23,30.05772,-89.80202,0.0,44.0,511.0,GOOD SHEPHERD,,WDE3016,31,12,22,8,,57,A
367332950,2022-01-02T19:47:01,30.05772,-89.80202,0.0,44.0,511.0,GOOD SHEPHERD,,WDE3016,31,12,22,8,,57,A
367332950,2022-01-02T19:50:43,30.05772,-89.80203,0.0,44.0,511.0,GOOD SHEPHERD,,WDE3016,31,12,22,8,,57,A
367332950,2022-01-02T19:54:12,30.05772,-89.80203,0.0,44.0,511.0,GOOD SHEPHERD,,WDE3016,31,12,22,8,,57,A
367332950,2022-01-02T20:20:42,30.05772,-89.80200,0.0,44.0,511.0,GOOD SHEPHERD,,WDE3016,31,12,22,8,,57,A
367332950,2022-01-02T19:41:01,30.05772,-89.80202,0.0,44.0,511.0,GOOD SHEPHERD,,WDE3016,31,12,22,8,,57,A
367332950,2022-01-02T19:57:43,30.05772,-89.80200,0.0,44.0,511.0,GOOD SHEPHERD,,WDE3016,31,12,22,8,,57,A
367332950,2022-01-02T19:39:51,30.05772,-89.80200,0.0,44.0,511.0,GOOD SHEPHERD,,WDE3016,31,12,22,8,,57,A
367332950,2022-01-02T19:59:03,30.05772,-89.80203,0.0,44.0,511.0,GOOD SHEPHERD,,WDE3016,31,12,22,8,,57,A
367332950,2022-01-02T20:42:22,30.05772,-89.80200,0.0,44.0,511.0,GOOD SHEPHERD,,WDE3016,31,12,22,8,,57,A
367332950,2022-01-02T20:04:13,30.05772,-89.80200,0.0,44.0,511.0,GOOD SHEPHERD,,WDE3016,31,12,22,8,,57,A
367332950,2022-01-02T20:44:42,30.05773,-89.80203,0.0,44.0,511.0,GOOD SHEPHERD,,WDE3016,31,12,22,8,,57,A
367332950,2022-01-02T20:27:12,30.05772,-89.80200,0.0,44.0,511.0,GOOD SHEPHERD,,WDE3016,31,12,22,8,,57,A
367332950,2022-01-02T19:48:21,30.05772,-89.80202,0.0,44.0,511.0,GOOD SHEPHERD,,WDE3016,31,12,22,8,,57,A
367332950,2022-01-02T20:09:02,30.05772,-89.80202,0.0,44.0,511.0,GOOD SHEPHERD,,WDE3016,31,12,22,8,,57,A
367332950,2022-01-02T19:55:22,30.05772,-89.80200,0.0,44.0,511.0,GOOD SHEPHERD,,WDE3016,31,12,22,8,,57,A
367332950,2022-01-02T20:31:01,30.05772,-89.80200,0.0,44.0,511.0,GOOD SHEPHERD,,WDE3016,31,12,22,8,,57,A
367332950,2022-01-02T20:07:42,30.05772,-89.80200,0.0,44.0,511.0,GOOD SHEPHERD,,WDE3016,31,12,22,8,,57,A
367332950,2022-01-02T20:35:23,30.05772,-89.80203,0.0,44.0,511.0,GOOD SHEPHERD,,WDE3016,31,12,22,8,,57,A
367332950,2022-01-02T20:13:42,30.05772,-89.80200,0.0,44.0,511.0,GOOD SHEPHERD,,WDE3016,31,12,22,8,,57,A
367332950,2022-01-02T20:14:53,30.05772,-89.80200,0.0,44.0,511.0,GOOD SHEPHERD,,WDE3016,31,12,22,8,,57,A
367332950,2022-01-02T20:11:22,30.05772,-89.80200,0.0,44.0,511.0,GOOD SHEPHERD,,WDE3016,31,12,22,8,,57,A
367332950,2022-01-02T20:54:12,30.05772,-89.80203,0.0,44.0,511.0,GOOD SHEPHERD,,WDE3016,31,12,22,8,,57,A
367332950,2022-01-02T20:55:21,30.05772,-89.80203,0.0,44.0,511.0,GOOD SHEPHERD,,WDE3016,31,12,22,8,,57,A
367332950,2022-01-02T19:56:31,30.05772,-89.80200,0.0,44.0,511.0,GOOD SHEPHERD,,WDE3016,31,12,22,8,,57,A
367332950,2022-01-02T20:10:11,30.05772,-89.80200,0.0,44.0,511.0,GOOD SHEPHERD,,WDE3016,31,12,22,8,,57,A
367332950,2022-01-02T20:36:33,30.05772,-89.80200,0.0,44.0,511.0,GOOD SHEPHERD,,WDE3016,31,12,22,8,,57,A
367332950,2022-01-02T20:19:32,30.05772,-89.80200,0.0,44.0,511.0,GOOD SHEPHERD,,WDE3016,31,12,22,8,,57,A
367332950,2022-01-02T20:48:32,30.05773,-89.80203,0.0,44.0,511.0,GOOD SHEPHERD,,WDE3016,31,12,22,8,,57,A
367332950,2022-01-02T21:05:02,30.05773,-89.80203,0.0,44.0,511.0,GOOD SHEPHERD,,WDE3016,31,12,22,8,,57,A
367332950,2022-01-02T21:06:13,30.05772,-89.80200,0.0,44.0,511.0,GOOD SHEPHERD,,WDE3016,31,12,22,8,,57,A
367332950,2022-01-02T20:16:02,30.05772,-89.80200,0.0,44.0,511.0,GOOD SHEPHERD,,WDE3016,31,12,22,8,,57,A
367332950,2022-01-02T21:09:42,30.05772,-89.80203,0.0,44.0,511.0,GOOD SHEPHERD,,WDE3016,31,12,22,8,,57,A
367332950,2022-01-02T20:56:33,30.05772,-89.80203,0.0,44.0,511.0,GOOD SHEPHERD,,WDE3016,31,12,22,8,,57,A
367332950,2022-01-02T20:57:42,30.05772,-89.80203,0.0,44.0,511.0,GOOD SHEPHERD,,WDE3016,31,12,22,8,,57,A
367332950,2022-01-02T20:38:52,30.05772,-89.80203,0.0,44.0,511.0,GOOD SHEPHERD,,WDE3016,31,12,22,8,,57,A
367332950,2022-01-02T21:16:13,30.05772,-89.80200,0.0,44.0,511.0,GOOD SHEPHERD,,WDE3016,31,12,22,8,,57,A
367332950,2022-01-02T20:26:02,30.05772,-89.80200,0.0,44.0,511.0,GOOD SHEPHERD,,WDE3016,31,12,22,8,,57,A
367332950,2022-01-02T21:00:13,30.05773,-89.80203,0.0,44.0,511.0,GOOD SHEPHERD,,WDE3016,31,12,22,8,,57,A
367332950,2022-01-02T21:18:32,30.05773,-89.80203,0.0,44.0,511.0,GOOD SHEPHERD,,WDE3016,31,12,22,8,,57,A
367332950,2022-01-02T20:28:22,30.05772,-89.80202,0.0,44.0,511.0,GOOD SHEPHERD,,WDE3016,31,12,22,8,,57,A
367332950,2022-01-02T20:58:52,30.05773,-89.80203,0.0,44.0,511.0,GOOD SHEPHERD,,WDE3016,31,12,22,8,,57,A
367332950,2022-01-02T20:21:52,30.05772,-89.80200,0.0,44.0,511.0,GOOD SHEPHERD,,WDE3016,31,12,22,8,,57,A
367332950,2022-01-02T21:07:22,30.05772,-89.80200,0.0,44.0,511.0,GOOD SHEPHERD,,WDE3016,31,12,22,8,,57,A
367332950,2022-01-02T20:53:02,30.05772,-89.80203,0.0,44.0,511.0,GOOD SHEPHERD,,WDE3016,31,12,22,8,,57,A
367332950,2022-01-02T20:37:43,30.05772,-89.80203,0.0,44.0,511.0,GOOD SHEPHERD,,WDE3016,31,12,22,8,,57,A
367332950,2022-01-02T20:51:51,30.05772,-89.80203,0.0,44.0,511.0,GOOD SHEPHERD,,WDE3016,31,12,22,8,,57,A
367332950,2022-01-02T20:32:23,30.05772,-89.80200,0.0,44.0,511.0,GOOD SHEPHERD,,WDE3016,31,12,22,8,,57,A
367332950,2022-01-02T21:03:52,30.05773,-89.80200,0.0,44.0,511.0,GOOD SHEPHERD,,WDE3016,31,12,22,8,,57,A
367332950,2022-01-02T21:40:52,30.05772,-89.80203,0.0,44.0,511.0,GOOD SHEPHERD,,WDE3016,31,12,22,8,,57,A
367332950,2022-01-02T21:01:23,30.05773,-89.80203,0.1,44.0,511.0,GOOD SHEPHERD,,WDE3016,31,12,22,8,,57,A
367332950,2022-01-02T21:02:32,30.05773,-89.80203,0.1,44.0,511.0,GOOD SHEPHERD,,WDE3016,31,12,22,8,,57,A
367332950,2022-01-02T21:27:52,30.05772,-89.80203,0.0,44.0,511.0,GOOD SHEPHERD,,WDE3016,31,12,22,8,,57,A
367332950,2022-01-02T21:45:32,30.05772,-89.80203,0.0,44.0,511.0,GOOD SHEPHERD,,WDE3016,31,12,22,8,,57,A
367332950,2022-01-02T21:29:03,30.05772,-89.80203,0.0,44.0,511.0,GOOD SHEPHERD,,WDE3016,31,12,22,8,,57,A
367332950,2022-01-02T21:25:32,30.05772,-89.80203,0.0,44.0,511.0,GOOD SHEPHERD,,WDE3016,31,12,22,8,,57,A
367332950,2022-01-02T21:15:03,30.05772,-89.80200,0.0,44.0,511.0,GOOD SHEPHERD,,WDE3016,31,12,22,8,,57,A
367332950,2022-01-02T21:11:33,30.05772,-89.80203,0.0,44.0,511.0,GOOD SHEPHERD,,WDE3016,31,12,22,8,,57,A
367332950,2022-01-02T20:47:21,30.05772,-89.80200,0.0,44.0,511.0,GOOD SHEPHERD,,WDE3016,31,12,22,8,,57,A
367332950,2022-01-02T21:30:12,30.05772,-89.80203,0.0,44.0,511.0,GOOD SHEPHERD,,WDE3016,31,12,22,8,,57,A
367332950,2022-01-02T21:13:52,30.05772,-89.80203,0.0,44.0,511.0,GOOD SHEPHERD,,WDE3016,31,12,22,8,,57,A
367332950,2022-01-02T21:38:42,30.05772,-89.80200,0.0,44.0,511.0,GOOD SHEPHERD,,WDE3016,31,12,22,8,,57,A
367332950,2022-01-02T21:42:03,30.05770,-89.80203,0.0,44.0,511.0,GOOD SHEPHERD,,WDE3016,31,12,22,8,,57,A
367332950,2022-01-02T21:17:23,30.05772,-89.80203,0.0,44.0,511.0,GOOD SHEPHERD,,WDE3016,31,12,22,8,,57,A
367332950,2022-01-02T21:22:03,30.05772,-89.80202,0.0,44.0,511.0,GOOD SHEPHERD,,WDE3016,31,12,22,8,,57,A
367332950,2022-01-02T21:59:03,30.05772,-89.80200,0.0,44.0,511.0,GOOD SHEPHERD,,WDE3016,31,12,22,8,,57,A
367332950,2022-01-02T21:49:33,30.05772,-89.80203,0.0,44.0,511.0,GOOD SHEPHERD,,WDE3016,31,12,22,8,,57,A
367332950,2022-01-02T21:50:53,30.05772,-89.80200,0.0,44.0,511.0,GOOD SHEPHERD,,WDE3016,31,12,22,8,,57,A
367332950,2022-01-02T21:08:33,30.05772,-89.80203,0.0,44.0,511.0,GOOD SHEPHERD,,WDE3016,31,12,22,8,,57,A
367332950,2022-01-02T21:23:12,30.05772,-89.80202,0.0,44.0,511.0,GOOD SHEPHERD,,WDE3016,31,12,22,8,,57,A
367332950,2022-01-02T22:10:02,30.05772,-89.80202,0.0,44.0,511.0,GOOD SHEPHERD,,WDE3016,31,12,22,8,,57,A
367332950,2022-01-02T21:52:13,30.05772,-89.80200,0.0,44.0,511.0,GOOD SHEPHERD,,WDE3016,31,12,22,8,,57,A
367332950,2022-01-02T21:12:42,30.05772,-89.80203,0.0,44.0,511.0,GOOD SHEPHERD,,WDE3016,31,12,22,8,,57,A
367332950,2022-01-02T21:37:33,30.05772,-89.80202,0.0,44.0,511.0,GOOD SHEPHERD,,WDE3016,31,12,22,8,,57,A
367332950,2022-01-02T21:39:51,30.05772,-89.80203,0.0,44.0,511.0,GOOD SHEPHERD,,WDE3016,31,12,22,8,,57,A
367332950,2022-01-02T21:54:31,30.05772,-89.80200,0.0,44.0,511.0,GOOD SHEPHERD,,WDE3016,31,12,22,8,,57,A
367332950,2022-01-02T22:14:43,30.05772,-89.80200,0.0,44.0,511.0,GOOD SHEPHERD,,WDE3016,31,12,22,8,,57,A
367332950,2022-01-02T21:33:31,30.05772,-89.80202,0.0,44.0,511.0,GOOD SHEPHERD,,WDE3016,31,12,22,8,,57,A
367332950,2022-01-02T22:01:43,30.05772,-89.80202,0.0,44.0,511.0,GOOD SHEPHERD,,WDE3016,31,12,22,8,,57,A
367332950,2022-01-02T22:02:53,30.05770,-89.80202,0.0,44.0,511.0,GOOD SHEPHERD,,WDE3016,31,12,22,8,,57,A
367332950,2022-01-02T21:20:52,30.05773,-89.80203,0.0,44.0,511.0,GOOD SHEPHERD,,WDE3016,31,12,22,8,,57,A
367332950,2022-01-02T22:04:03,30.05770,-89.80202,0.0,44.0,511.0,GOOD SHEPHERD,,WDE3016,31,12,22,8,,57,A
367332950,2022-01-02T21:47:52,30.05772,-89.80203,0.0,44.0,511.0,GOOD SHEPHERD,,WDE3016,31,12,22,8,,57,A
367332950,2022-01-02T22:25:13,30.05770,-89.80200,0.0,44.0,511.0,GOOD SHEPHERD,,WDE3016,31,12,22,8,,57,A
367332950,2022-01-02T09:30:00,30.05772,-89.80203,0.0,44.0,511.0,GOOD SHEPHERD,,WDE3016,31,12,22,8,,57,A
367332950,2022-01-02T22:27:52,30.05772,-89.80202,0.0,44.0,511.0,GOOD SHEPHERD,,WDE3016,31,12,22,8,,57,A
367332950,2022-01-02T21:53:22,30.05772,-89.80203,0.0,44.0,511.0,GOOD SHEPHERD,,WDE3016,31,12,22,8,,57,A
367332950,2022-01-02T22:18:13,30.05772,-89.80202,0.0,44.0,511.0,GOOD SHEPHERD,,WDE3016,31,12,22,8,,57,A
367332950,2022-01-02T22:20:31,30.05770,-89.80200,0.0,44.0,511.0,GOOD SHEPHERD,,WDE3016,31,12,22,8,,57,A
367332950,2022-01-02T21:58:02,30.05772,-89.80200,0.0,44.0,511.0,GOOD SHEPHERD,,WDE3016,31,12,22,8,,57,A
367332950,2022-01-02T21:36:22,30.05772,-89.80200,0.0,44.0,511.0,GOOD SHEPHERD,,WDE3016,31,12,22,8,,57,A
367332950,2022-01-02T21:56:53,30.05772,-89.80200,0.0,44.0,511.0,GOOD SHEPHERD,,WDE3016,31,12,22,8,,57,A
367332950,2022-01-02T22:05:13,30.05772,-89.80200,0.0,44.0,511.0,GOOD SHEPHERD,,WDE3016,31,12,22,8,,57,A
367332950,2022-01-02T22:06:23,30.05772,-89.80200,0.0,44.0,511.0,GOOD SHEPHERD,,WDE3016,31,12,22,8,,57,A
367332950,2022-01-02T22:31:23,30.05772,-89.80200,0.0,44.0,511.0,GOOD SHEPHERD,,WDE3016,31,12,22,8,,57,A
367332950,2022-01-02T22:45:52,30.05772,-89.80202,0.0,44.0,511.0,GOOD SHEPHERD,,WDE3016,31,12,22,8,,57,A
367332950,2022-01-02T21:43:13,30.05770,-89.80203,0.0,44.0,511.0,GOOD SHEPHERD,,WDE3016,31,12,22,8,,57,A
367332950,2022-01-02T22:15:52,30.05772,-89.80202,0.0,44.0,511.0,GOOD SHEPHERD,,WDE3016,31,12,22,8,,57,A
367332950,2022-01-02T21:46:33,30.05772,-89.80203,0.0,44.0,511.0,GOOD SHEPHERD,,WDE3016,31,12,22,8,,57,A
367332950,2022-01-02T22:32:33,30.05772,-89.80203,0.0,44.0,511.0,GOOD SHEPHERD,,WDE3016,31,12,22,8,,57,A
367332950,2022-01-02T22:33:42,30.05770,-89.80203,0.0,44.0,511.0,GOOD SHEPHERD,,WDE3016,31,12,22,8,,57,A
367332950,2022-01-02T22:38:42,30.05772,-89.80202,0.0,44.0,511.0,GOOD SHEPHERD,,WDE3016,31,12,22,8,,57,A
367332950,2022-01-02T22:43:22,30.05772,-89.80200,0.0,44.0,511.0,GOOD SHEPHERD,,WDE3016,31,12,22,8,,57,A
367332950,2022-01-02T22:19:23,30.05772,-89.80202,0.0,44.0,511.0,GOOD SHEPHERD,,WDE3016,31,12,22,8,,57,A
367332950,2022-01-02T09:37:40,30.05772,-89.80200,0.0,44.0,511.0,GOOD SHEPHERD,,WDE3016,31,12,22,8,,57,A
367332950,2022-01-02T22:21:43,30.05770,-89.80200,0.0,44.0,511.0,GOOD SHEPHERD,,WDE3016,31,12,22,8,,57,A
367332950,2022-01-02T22:17:02,30.05772,-89.80202,0.0,44.0,511.0,GOOD SHEPHERD,,WDE3016,31,12,22,8,,57,A
367332950,2022-01-02T23:02:22,30.05770,-89.80203,0.0,44.0,511.0,GOOD SHEPHERD,,WDE3016,31,12,22,8,,57,A
367332950,2022-01-02T09:42:30,30.05772,-89.80200,0.0,44.0,511.0,GOOD SHEPHERD,,WDE3016,31,12,22,8,,57,A
367332950,2022-01-02T22:24:02,30.05770,-89.80202,0.0,44.0,511.0,GOOD SHEPHERD,,WDE3016,31,12,22,8,,57,A
367332950,2022-01-02T22:29:02,30.05772,-89.80202,0.0,44.0,511.0,GOOD SHEPHERD,,WDE3016,31,12,22,8,,57,A
367332950,2022-01-02T22:08:42,30.05772,-89.80200,0.0,44.0,511.0,GOOD SHEPHERD,,WDE3016,31,12,22,8,,57,A
367332950,2022-01-02T22:54:03,30.05770,-89.80203,0.0,44.0,511.0,GOOD SHEPHERD,,WDE3016,31,12,22,8,,57,A
367332950,2022-01-02T22:30:11,30.05772,-89.80200,0.0,44.0,511.0,GOOD SHEPHERD,,WDE3016,31,12,22,8,,57,A
367332950,2022-01-02T23:15:42,30.05770,-89.80200,0.0,44.0,511.0,GOOD SHEPHERD,,WDE3016,31,12,22,8,,57,A
367332950,2022-01-02T22:37:32,30.05772,-89.80202,0.0,44.0,511.0,GOOD SHEPHERD,,WDE3016,31,12,22,8,,57,A
367332950,2022-01-02T22:58:52,30.05770,-89.80200,0.0,44.0,511.0,GOOD SHEPHERD,,WDE3016,31,12,22,8,,57,A
367332950,2022-01-02T23:19:13,30.05772,-89.80202,0.0,44.0,511.0,GOOD SHEPHERD,,WDE3016,31,12,22,8,,57,A
367332950,2022-01-02T09:49:50,30.05772,-89.80200,0.0,44.0,511.0,GOOD SHEPHERD,,WDE3016,31,12,22,8,,57,A
367332950,2022-01-02T22:42:12,30.05770,-89.80200,0.0,44.0,511.0,GOOD SHEPHERD,,WDE3016,31,12,22,8,,57,A
367332950,2022-01-02T22:39:52,30.05772,-89.80200,0.0,44.0,511.0,GOOD SHEPHERD,,WDE3016,31,12,22,8,,57,A
367332950,2022-01-02T22:22:52,30.05770,-89.80200,0.0,44.0,511.0,GOOD SHEPHERD,,WDE3016,31,12,22,8,,57,A
367332950,2022-01-02T23:13:02,30.05770,-89.80202,0.0,44.0,511.0,GOOD SHEPHERD,,WDE3016,31,12,22,8,,57,A
367332950,2022-01-02T22:49:12,30.05770,-89.80200,0.0,44.0,511.0,GOOD SHEPHERD,,WDE3016,31,12,22,8,,57,A
367332950,2022-01-02T23:10:33,30.05770,-89.80200,0.0,44.0,511.0,GOOD SHEPHERD,,WDE3016,31,12,22,8,,57,A
367332950,2022-01-02T22:53:02,30.05770,-89.80203,0.0,44.0,511.0,GOOD SHEPHERD,,WDE3016,31,12,22,8,,57,A
367332950,2022-01-02T23:17:03,30.05770,-89.80200,0.0,44.0,511.0,GOOD SHEPHERD,,WDE3016,31,12,22,8,,57,A
367332950,2022-01-02T09:54:39,30.05772,-89.80203,0.0,44.0,511.0,GOOD SHEPHERD,,WDE3016,31,12,22,8,,57,A
367332950,2022-01-02T22:35:12,30.05772,-89.80200,0.0,44.0,511.0,GOOD SHEPHERD,,WDE3016,31,12,22,8,,57,A
367332950,2022-01-02T22:57:41,30.05770,-89.80203,0.0,44.0,511.0,GOOD SHEPHERD,,WDE3016,31,12,22,8,,57,A
367332950,2022-01-02T23:24:11,30.05772,-89.80200,0.0,44.0,511.0,GOOD SHEPHERD,,WDE3016,31,12,22,8,,57,A
367332950,2022-01-02T23:37:22,30.05772,-89.80202,0.0,44.0,511.0,GOOD SHEPHERD,,WDE3016,31,12,22,8,,57,A
367332950,2022-01-02T23:06:51,30.05772,-89.80200,0.0,44.0,511.0,GOOD SHEPHERD,,WDE3016,31,12,22,8,,57,A
367332950,2022-01-02T23:27:32,30.05772,-89.80202,0.0,44.0,511.0,GOOD SHEPHERD,,WDE3016,31,12,22,8,,57,A
367332950,2022-01-02T23:08:21,30.05770,-89.80203,0.0,44.0,511.0,GOOD SHEPHERD,,WDE3016,31,12,22,8,,57,A
367332950,2022-01-02T23:09:22,30.05770,-89.80200,0.0,44.0,511.0,GOOD SHEPHERD,,WDE3016,31,12,22,8,,57,A
367332950,2022-01-02T23:30:03,30.05770,-89.80200,0.0,44.0,511.0,GOOD SHEPHERD,,WDE3016,31,12,22,8,,57,A
367332950,2022-01-02T23:04:32,30.05770,-89.80203,0.0,44.0,511.0,GOOD SHEPHERD,,WDE3016,31,12,22,8,,57,A
367332950,2022-01-02T23:46:51,30.05770,-89.80202,0.0,44.0,511.0,GOOD SHEPHERD,,WDE3016,31,12,22,8,,57,A
367332950,2022-01-02T23:05:41,30.05770,-89.80203,0.0,44.0,511.0,GOOD SHEPHERD,,WDE3016,31,12,22,8,,57,A
367332950,2022-01-02T23:33:51,30.05772,-89.80202,0.0,44.0,511.0,GOOD SHEPHERD,,WDE3016,31,12,22,8,,57,A
367332950,2022-01-02T23:35:03,30.05772,-89.80202,0.0,44.0,511.0,GOOD SHEPHERD,,WDE3016,31,12,22,8,,57,A
367332950,2022-01-02T09:59:21,30.05772,-89.80203,0.0,44.0,511.0,GOOD SHEPHERD,,WDE3016,31,12,22,8,,57,A
367332950,2022-01-02T23:43:12,30.05772,-89.80202,0.0,44.0,511.0,GOOD SHEPHERD,,WDE3016,31,12,22,8,,57,A
367332950,2022-01-02T23:44:22,30.05772,-89.80202,0.0,44.0,511.0,GOOD SHEPHERD,,WDE3016,31,12,22,8,,57,A
367332950,2022-01-02T23:20:23,30.05772,-89.80202,0.0,44.0,511.0,GOOD SHEPHERD,,WDE3016,31,12,22,8,,57,A
367332950,2022-01-02T23:22:53,30.05770,-89.80200,0.0,44.0,511.0,GOOD SHEPHERD,,WDE3016,31,12,22,8,,57,A
367332950,2022-01-02T23:48:02,30.05770,-89.80202,0.0,44.0,511.0,GOOD SHEPHERD,,WDE3016,31,12,22,8,,57,A
367332950,2022-01-02T23:28:52,30.05772,-89.80200,0.0,44.0,511.0,GOOD SHEPHERD,,WDE3016,31,12,22,8,,57,A
367332950,2022-01-02T23:49:32,30.05772,-89.80202,0.0,44.0,511.0,GOOD SHEPHERD,,WDE3016,31,12,22,8,,57,A
367332950,2022-01-02T23:56:32,30.05772,-89.80202,0.0,44.0,511.0,GOOD SHEPHERD,,WDE3016,31,12,22,8,,57,A
367332950,2022-01-02T23:31:13,30.05770,-89.80200,0.0,44.0,511.0,GOOD SHEPHERD,,WDE3016,31,12,22,8,,57,A
367332950,2022-01-02T23:25:22,30.05770,-89.80203,0.0,44.0,511.0,GOOD SHEPHERD,,WDE3016,31,12,22,8,,57,A
367332950,2022-01-02T23:11:42,30.05770,-89.80202,0.0,44.0,511.0,GOOD SHEPHERD,,WDE3016,31,12,22,8,,57,A
367332950,2022-01-02T23:55:22,30.05772,-89.80202,0.0,44.0,511.0,GOOD SHEPHERD,,WDE3016,31,12,22,8,,57,A
367332950,2022-01-02T10:12:39,30.05772,-89.80200,0.0,44.0,511.0,GOOD SHEPHERD,,WDE3016,31,12,22,8,,57,A
367332950,2022-01-02T23:50:51,30.05772,-89.80202,0.0,44.0,511.0,GOOD SHEPHERD,,WDE3016,31,12,22,8,,57,A
367332950,2022-01-02T10:16:29,30.05772,-89.80202,0.0,44.0,511.0,GOOD SHEPHERD,,WDE3016,31,12,22,8,,57,A
367332950,2022-01-02T23:59:03,30.05772,-89.80200,0.0,44.0,511.0,GOOD SHEPHERD,,WDE3016,31,12,22,8,,57,A
367332950,2022-01-02T23:36:13,30.05772,-89.80202,0.0,44.0,511.0,GOOD SHEPHERD,,WDE3016,31,12,22,8,,57,A
367332950,2022-01-02T23:52:01,30.05772,-89.80200,0.0,44.0,511.0,GOOD SHEPHERD,,WDE3016,31,12,22,8,,57,A
367332950,2022-01-02T23:38:43,30.05772,-89.80200,0.0,44.0,511.0,GOOD SHEPHERD,,WDE3016,31,12,22,8,,57,A
367332950,2022-01-02T23:39:51,30.05772,-89.80202,0.0,44.0,511.0,GOOD SHEPHERD,,WDE3016,31,12,22,8,,57,A
367332950,2022-01-02T10:20:01,30.05772,-89.80202,0.0,44.0,511.0,GOOD SHEPHERD,,WDE3016,31,12,22,8,,57,A
367332950,2022-01-02T23:54:13,30.05772,-89.80202,0.0,44.0,511.0,GOOD SHEPHERD,,WDE3016,31,12,22,8,,57,A
367332950,2022-01-02T23:42:03,30.05772,-89.80202,0.0,44.0,511.0,GOOD SHEPHERD,,WDE3016,31,12,22,8,,57,A
367332950,2022-01-02T23:45:41,30.05770,-89.80202,0.0,44.0,511.0,GOOD SHEPHERD,,WDE3016,31,12,22,8,,57,A
367332950,2022-01-02T10:42:49,30.05772,-89.80202,0.0,44.0,511.0,GOOD SHEPHERD,,WDE3016,31,12,22,8,,57,A
367332950,2022-01-02T10:46:40,30.05772,-89.80202,0.0,44.0,511.0,GOOD SHEPHERD,,WDE3016,31,12,22,8,,57,A
367332950,2022-01-02T10:52:59,30.05772,-89.80202,0.0,44.0,511.0,GOOD SHEPHERD,,WDE3016,31,12,22,8,,57,A
367332950,2022-01-02T11:24:10,30.05772,-89.80202,0.0,44.0,511.0,GOOD SHEPHERD,,WDE3016,31,12,22,8,,57,A
367332950,2022-01-02T11:27:51,30.05772,-89.80202,0.0,44.0,511.0,GOOD SHEPHERD,,WDE3016,31,12,22,8,,57,A
367332950,2022-01-02T11:37:40,30.05772,-89.80202,0.0,44.0,511.0,GOOD SHEPHERD,,WDE3016,31,12,22,8,,57,A
367332950,2022-01-02T11:42:30,30.05772,-89.80202,0.0,44.0,511.0,GOOD SHEPHERD,,WDE3016,31,12,22,8,,57,A
367332950,2022-01-02T11:49:19,30.05770,-89.80202,0.0,44.0,511.0,GOOD SHEPHERD,,WDE3016,31,12,22,8,,57,A
367332950,2022-01-02T11:58:00,30.05772,-89.80202,0.0,44.0,511.0,GOOD SHEPHERD,,WDE3016,31,12,22,8,,57,A
367332950,2022-01-02T11:59:30,30.05772,-89.80202,0.0,44.0,511.0,GOOD SHEPHERD,,WDE3016,31,12,22,8,,57,A
367332950,2022-01-02T12:29:01,30.05772,-89.80202,0.0,44.0,511.0,GOOD SHEPHERD,,WDE3016,31,12,22,8,,57,A
367332950,2022-01-02T12:33:59,30.05772,-89.80202,0.0,44.0,511.0,GOOD SHEPHERD,,WDE3016,31,12,22,8,,57,A
367332950,2022-01-02T12:35:11,30.05772,-89.80202,0.0,44.0,511.0,GOOD SHEPHERD,,WDE3016,31,12,22,8,,57,A
367332950,2022-01-02T12:39:41,30.05772,-89.80202,0.0,44.0,511.0,GOOD SHEPHERD,,WDE3016,31,12,22,8,,57,A
367332950,2022-01-02T12:43:29,30.05772,-89.80202,0.0,44.0,511.0,GOOD SHEPHERD,,WDE3016,31,12,22,8,,57,A
367332950,2022-01-02T12:51:00,30.05772,-89.80202,0.0,44.0,511.0,GOOD SHEPHERD,,WDE3016,31,12,22,8,,57,A
367332950,2022-01-02T12:53:50,30.05772,-89.80202,0.0,44.0,511.0,GOOD SHEPHERD,,WDE3016,31,12,22,8,,57,A
367332950,2022-01-02T12:55:20,30.05773,-89.80202,0.0,44.0,511.0,GOOD SHEPHERD,,WDE3016,31,12,22,8,,57,A
367332950,2022-01-02T12:56:30,30.05773,-89.80202,0.0,44.0,511.0,GOOD SHEPHERD,,WDE3016,31,12,22,8,,57,A
367332950,2022-01-02T13:05:29,30.05772,-89.80202,0.0,44.0,511.0,GOOD SHEPHERD,,WDE3016,31,12,22,8,,57,A
367332950,2022-01-02T13:06:30,30.05772,-89.80202,0.0,44.0,511.0,GOOD SHEPHERD,,WDE3016,31,12,22,8,,57,A
367332950,2022-01-02T13:24:50,30.05773,-89.80203,0.0,44.0,511.0,GOOD SHEPHERD,,WDE3016,31,12,22,8,,57,A
367332950,2022-01-02T13:53:51,30.05770,-89.80200,0.0,44.0,511.0,GOOD SHEPHERD,,WDE3016,31,12,22,8,,57,A
367332950,2022-01-02T14:01:51,30.05771,-89.80205,0.0,298.2,511.0,GOOD SHEPHERD,,WDE3016,31,12,22,8,,57,A
367332950,2022-01-02T14:13:50,30.05772,-89.80200,0.0,44.0,511.0,GOOD SHEPHERD,,WDE3016,31,12,22,8,,57,A
367332950,2022-01-02T14:48:49,30.05772,-89.80202,0.0,44.0,511.0,GOOD SHEPHERD,,WDE3016,31,12,22,8,,57,A
367332950,2022-01-02T14:50:00,30.05772,-89.80203,0.0,44.0,511.0,GOOD SHEPHERD,,WDE3016,31,12,22,8,,57,A
367332950,2022-01-02T14:55:59,30.05776,-89.80201,0.0,242.2,511.0,GOOD SHEPHERD,,WDE3016,31,12,22,8,,57,A
367332950,2022-01-02T15:08:21,30.05773,-89.80205,0.0,240.2,511.0,GOOD SHEPHERD,,WDE3016,31,12,22,8,,57,A
367332950,2022-01-02T15:09:31,30.05774,-89.80203,0.0,239.6,511.0,GOOD SHEPHERD,,WDE3016,31,12,22,8,,57,A
367332950,2022-01-02T15:31:10,30.05772,-89.80200,0.0,44.0,511.0,GOOD SHEPHERD,,WDE3016,31,12,22,8,,57,A
367332950,2022-01-02T15:34:09,30.05772,-89.80203,0.0,44.0,511.0,GOOD SHEPHERD,,WDE3016,31,12,22,8,,57,A
367332950,2022-01-02T15:45:19,30.05772,-89.80203,0.0,44.0,511.0,GOOD SHEPHERD,,WDE3016,31,12,22,8,,57,A
367332950,2022-01-02T16:14:11,30.05772,-89.80203,0.0,44.0,511.0,GOOD SHEPHERD,,WDE3016,31,12,22,8,,57,A
367332950,2022-01-02T16:18:41,30.05773,-89.80202,0.0,44.0,511.0,GOOD SHEPHERD,,WDE3016,31,12,22,8,,57,A
367332950,2022-01-02T16:20:51,30.05772,-89.80203,0.0,44.0,511.0,GOOD SHEPHERD,,WDE3016,31,12,22,8,,57,A
367332950,2022-01-02T16:36:20,30.05772,-89.80203,0.0,44.0,511.0,GOOD SHEPHERD,,WDE3016,31,12,22,8,,57,A
367332950,2022-01-02T16:58:19,30.05772,-89.80200,0.0,44.0,511.0,GOOD SHEPHERD,,WDE3016,31,12,22,8,,57,A
367332950,2022-01-02T17:20:19,30.05772,-89.80200,0.0,44.0,511.0,GOOD SHEPHERD,,WDE3016,31,12,22,8,,57,A
367332950,2022-01-02T17:25:21,30.05772,-89.80200,0.0,44.0,511.0,GOOD SHEPHERD,,WDE3016,31,12,22,8,,57,A
367332950,2022-01-02T17:32:21,30.05772,-89.80202,0.0,44.0,511.0,GOOD SHEPHERD,,WDE3016,31,12,22,8,,57,A
367332950,2022-01-02T17:45:00,30.05772,-89.80203,0.0,44.0,511.0,GOOD SHEPHERD,,WDE3016,31,12,22,8,,57,A
367332950,2022-01-02T18:04:43,30.05772,-89.80200,0.0,44.0,511.0,GOOD SHEPHERD,,WDE3016,31,12,22,8,,57,A
367332950,2022-01-02T18:24:52,30.05772,-89.80202,0.0,44.0,511.0,GOOD SHEPHERD,,WDE3016,31,12,22,8,,57,A
367332950,2022-01-02T18:50:32,30.05772,-89.80200,0.0,44.0,511.0,GOOD SHEPHERD,,WDE3016,31,12,22,8,,57,A
367332950,2022-01-02T18:59:12,30.05772,-89.80202,0.0,44.0,511.0,GOOD SHEPHERD,,WDE3016,31,12,22,8,,57,A
367332950,2022-01-02T19:34:52,30.05772,-89.80202,0.0,44.0,511.0,GOOD SHEPHERD,,WDE3016,31,12,22,8,,57,A
367332950,2022-01-02T19:43:22,30.05772,-89.80200,0.0,44.0,511.0,GOOD SHEPHERD,,WDE3016,31,12,22,8,,57,A
367332950,2022-01-02T19:44:32,30.05772,-89.80200,0.0,44.0,511.0,GOOD SHEPHERD,,WDE3016,31,12,22,8,,57,A
367332950,2022-01-02T19:53:02,30.05772,-89.80203,0.0,44.0,511.0,GOOD SHEPHERD,,WDE3016,31,12,22,8,,57,A
367332950,2022-01-02T20:23:02,30.05772,-89.80200,0.0,44.0,511.0,GOOD SHEPHERD,,WDE3016,31,12,22,8,,57,A
367332950,2022-01-02T20:33:33,30.05772,-89.80200,0.0,44.0,511.0,GOOD SHEPHERD,,WDE3016,31,12,22,8,,57,A
367332950,2022-01-02T20:40:01,30.05772,-89.80203,0.0,44.0,511.0,GOOD SHEPHERD,,WDE3016,31,12,22,8,,57,A
367332950,2022-01-02T20:41:13,30.05772,-89.80200,0.0,44.0,511.0,GOOD SHEPHERD,,WDE3016,31,12,22,8,,57,A
367332950,2022-01-02T20:43:33,30.05772,-89.80200,0.0,44.0,511.0,GOOD SHEPHERD,,WDE3016,31,12,22,8,,57,A
367332950,2022-01-02T20:45:53,30.05773,-89.80203,0.0,44.0,511.0,GOOD SHEPHERD,,WDE3016,31,12,22,8,,57,A
367332950,2022-01-02T20:49:33,30.05773,-89.80203,0.0,44.0,511.0,GOOD SHEPHERD,,WDE3016,31,12,22,8,,57,A
367332950,2022-01-02T20:50:42,30.05773,-89.80203,0.0,44.0,511.0,GOOD SHEPHERD,,WDE3016,31,12,22,8,,57,A
367332950,2022-01-02T21:19:33,30.05773,-89.80203,0.0,44.0,511.0,GOOD SHEPHERD,,WDE3016,31,12,22,8,,57,A
367332950,2022-01-02T21:24:23,30.05773,-89.80202,0.0,44.0,511.0,GOOD SHEPHERD,,WDE3016,31,12,22,8,,57,A
367332950,2022-01-02T21:26:43,30.05772,-89.80203,0.0,44.0,511.0,GOOD SHEPHERD,,WDE3016,31,12,22,8,,57,A
367332950,2022-01-02T21:31:21,30.05772,-89.80200,0.0,44.0,511.0,GOOD SHEPHERD,,WDE3016,31,12,22,8,,57,A
367332950,2022-01-02T21:32:22,30.05772,-89.80200,0.0,44.0,511.0,GOOD SHEPHERD,,WDE3016,31,12,22,8,,57,A
367332950,2022-01-02T21:35:11,30.05772,-89.80200,0.0,44.0,511.0,GOOD SHEPHERD,,WDE3016,31,12,22,8,,57,A
367332950,2022-01-02T21:44:23,30.05772,-89.80203,0.0,44.0,511.0,GOOD SHEPHERD,,WDE3016,31,12,22,8,,57,A
367332950,2022-01-02T21:55:43,30.05772,-89.80203,0.0,44.0,511.0,GOOD SHEPHERD,,WDE3016,31,12,22,8,,57,A
367332950,2022-01-02T22:07:32,30.05772,-89.80202,0.0,44.0,511.0,GOOD SHEPHERD,,WDE3016,31,12,22,8,,57,A
367332950,2022-01-02T22:11:12,30.05770,-89.80202,0.0,44.0,511.0,GOOD SHEPHERD,,WDE3016,31,12,22,8,,57,A
367332950,2022-01-02T22:12:33,30.05772,-89.80200,0.0,44.0,511.0,GOOD SHEPHERD,,WDE3016,31,12,22,8,,57,A
367332950,2022-01-02T22:13:42,30.05772,-89.80200,0.0,44.0,511.0,GOOD SHEPHERD,,WDE3016,31,12,22,8,,57,A
367332950,2022-01-02T22:26:42,30.05772,-89.80202,0.0,44.0,511.0,GOOD SHEPHERD,,WDE3016,31,12,22,8,,57,A
367332950,2022-01-02T22:36:23,30.05770,-89.80200,0.0,44.0,511.0,GOOD SHEPHERD,,WDE3016,31,12,22,8,,57,A
367332950,2022-01-02T22:41:02,30.05772,-89.80202,0.0,44.0,511.0,GOOD SHEPHERD,,WDE3016,31,12,22,8,,57,A
367332950,2022-01-02T22:44:43,30.05772,-89.80200,0.0,44.0,511.0,GOOD SHEPHERD,,WDE3016,31,12,22,8,,57,A
367332950,2022-01-02T22:47:02,30.05772,-89.80202,0.0,44.0,511.0,GOOD SHEPHERD,,WDE3016,31,12,22,8,,57,A
367332950,2022-01-02T22:48:03,30.05770,-89.80202,0.0,44.0,511.0,GOOD SHEPHERD,,WDE3016,31,12,22,8,,57,A
367332950,2022-01-02T22:50:31,30.05770,-89.80203,0.0,44.0,511.0,GOOD SHEPHERD,,WDE3016,31,12,22,8,,57,A
367332950,2022-01-02T22:51:43,30.05770,-89.80200,0.0,44.0,511.0,GOOD SHEPHERD,,WDE3016,31,12,22,8,,57,A
367332950,2022-01-02T22:55:22,30.05770,-89.80203,0.0,44.0,511.0,GOOD SHEPHERD,,WDE3016,31,12,22,8,,57,A
367332950,2022-01-02T22:56:33,30.05770,-89.80203,0.0,44.0,511.0,GOOD SHEPHERD,,WDE3016,31,12,22,8,,57,A
367332950,2022-01-02T23:03:23,30.05770,-89.80203,0.0,44.0,511.0,GOOD SHEPHERD,,WDE3016,31,12,22,8,,57,A
367332950,2022-01-02T23:14:33,30.05770,-89.80200,0.0,44.0,511.0,GOOD SHEPHERD,,WDE3016,31,12,22,8,,57,A
367332950,2022-01-02T23:18:12,30.05772,-89.80202,0.0,44.0,511.0,GOOD SHEPHERD,,WDE3016,31,12,22,8,,57,A
367332950,2022-01-02T23:21:32,30.05770,-89.80202,0.0,44.0,511.0,GOOD SHEPHERD,,WDE3016,31,12,22,8,,57,A
367332950,2022-01-02T23:26:23,30.05772,-89.80203,0.0,44.0,511.0,GOOD SHEPHERD,,WDE3016,31,12,22,8,,57,A
367332950,2022-01-02T23:32:21,30.05770,-89.80202,0.0,44.0,511.0,GOOD SHEPHERD,,WDE3016,31,12,22,8,,57,A
367332950,2022-01-02T23:41:02,30.05772,-89.80202,0.0,44.0,511.0,GOOD SHEPHERD,,WDE3016,31,12,22,8,,57,A
367332950,2022-01-02T23:53:02,30.05772,-89.80202,0.0,44.0,511.0,GOOD SHEPHERD,,WDE3016,31,12,22,8,,57,A
367332950,2022-01-02T23:57:52,30.05772,-89.80202,0.0,44.0,511.0,GOOD SHEPHERD,,WDE3016,31,12,22,8,,57,A
367332950,2022-01-03T00:00:03,30.05769,-89.80207,0.0,286.7,511.0,GOOD SHEPHERD,,WDE3016,31,12,22,8,,57,A
367332950,2022-01-03T00:01:13,30.05768,-89.80207,0.0,289.7,511.0,GOOD SHEPHERD,,WDE3016,31,12,22,8,,57,A
367332950,2022-01-03T00:02:22,30.05768,-89.80205,0.0,290.3,511.0,GOOD SHEPHERD,,WDE3016,31,12,22,8,,57,A
367332950,2022-01-03T00:03:33,30.05767,-89.80201,0.0,290.7,511.0,GOOD SHEPHERD,,WDE3016,31,12,22,8,,57,A
367332950,2022-01-03T00:06:01,30.05766,-89.80199,0.0,292.1,511.0,GOOD SHEPHERD,,WDE3016,31,12,22,8,,57,A
367332950,2022-01-03T00:04:52,30.05767,-89.80198,0.0,290.4,511.0,GOOD SHEPHERD,,WDE3016,31,12,22,8,,57,A
367332950,2022-01-03T00:09:33,30.05772,-89.80204,0.0,288.3,511.0,GOOD SHEPHERD,,WDE3016,31,12,22,8,,57,A
367332950,2022-01-03T00:07:22,30.05768,-89.80203,0.0,291.2,511.0,GOOD SHEPHERD,,WDE3016,31,12,22,8,,57,A
367332950,2022-01-03T00:08:23,30.05770,-89.80201,0.0,290.2,511.0,GOOD SHEPHERD,,WDE3016,31,12,22,8,,57,A
367332950,2022-01-03T00:12:12,30.05770,-89.80204,0.0,290.4,511.0,GOOD SHEPHERD,,WDE3016,31,12,22,8,,57,A
367332950,2022-01-03T00:10:42,30.05772,-89.80204,0.0,290.0,511.0,GOOD SHEPHERD,,WDE3016,31,12,22,8,,57,A
367332950,2022-01-03T00:14:32,30.05770,-89.80202,0.0,44.0,511.0,GOOD SHEPHERD,,WDE3016,31,12,22,8,,57,A
367332950,2022-01-03T00:13:23,30.05770,-89.80202,0.0,44.0,511.0,GOOD SHEPHERD,,WDE3016,31,12,22,8,,57,A
367332950,2022-01-03T00:18:32,30.05770,-89.80202,0.0,44.0,511.0,GOOD SHEPHERD,,WDE3016,31,12,22,8,,57,A
367332950,2022-01-03T00:16:01,30.05772,-89.80202,0.0,44.0,511.0,GOOD SHEPHERD,,WDE3016,31,12,22,8,,57,A
367332950,2022-01-03T00:19:42,30.05772,-89.80202,0.0,44.0,511.0,GOOD SHEPHERD,,WDE3016,31,12,22,8,,57,A
367332950,2022-01-03T00:17:22,30.05772,-89.80202,0.0,44.0,511.0,GOOD SHEPHERD,,WDE3016,31,12,22,8,,57,A
367332950,2022-01-03T00:20:52,30.05772,-89.80202,0.0,44.0,511.0,GOOD SHEPHERD,,WDE3016,31,12,22,8,,57,A
367332950,2022-01-03T00:22:23,30.05770,-89.80202,0.0,44.0,511.0,GOOD SHEPHERD,,WDE3016,31,12,22,8,,57,A
367332950,2022-01-03T00:24:52,30.05772,-89.80202,0.0,44.0,511.0,GOOD SHEPHERD,,WDE3016,31,12,22,8,,57,A
367332950,2022-01-03T00:26:23,30.05770,-89.80202,0.0,44.0,511.0,GOOD SHEPHERD,,WDE3016,31,12,22,8,,57,A
367332950,2022-01-03T00:28:42,30.05770,-89.80200,0.0,44.0,511.0,GOOD SHEPHERD,,WDE3016,31,12,22,8,,57,A
367332950,2022-01-03T00:27:32,30.05770,-89.80200,0.0,44.0,511.0,GOOD SHEPHERD,,WDE3016,31,12,22,8,,57,A
367332950,2022-01-03T00:29:51,30.05772,-89.80202,0.0,44.0,511.0,GOOD SHEPHERD,,WDE3016,31,12,22,8,,57,A
367332950,2022-01-03T00:31:02,30.05770,-89.80202,0.0,44.0,511.0,GOOD SHEPHERD,,WDE3016,31,12,22,8,,57,A
367332950,2022-01-03T00:34:33,30.05772,-89.80200,0.0,44.0,511.0,GOOD SHEPHERD,,WDE3016,31,12,22,8,,57,A
367332950,2022-01-03T00:35:43,30.05772,-89.80202,0.0,44.0,511.0,GOOD SHEPHERD,,WDE3016,31,12,22,8,,57,A
367332950,2022-01-03T00:32:12,30.05772,-89.80200,0.0,44.0,511.0,GOOD SHEPHERD,,WDE3016,31,12,22,8,,57,A
367332950,2022-01-03T00:37:01,30.05772,-89.80202,0.0,44.0,511.0,GOOD SHEPHERD,,WDE3016,31,12,22,8,,57,A
367332950,2022-01-03T00:38:22,30.05772,-89.80202,0.0,44.0,511.0,GOOD SHEPHERD,,WDE3016,31,12,22,8,,57,A
367332950,2022-01-03T00:39:33,30.05772,-89.80200,0.0,44.0,511.0,GOOD SHEPHERD,,WDE3016,31,12,22,8,,57,A
367332950,2022-01-03T00:42:22,30.05772,-89.80202,0.0,44.0,511.0,GOOD SHEPHERD,,WDE3016,31,12,22,8,,57,A
367332950,2022-01-03T00:44:53,30.05772,-89.80200,0.0,44.0,511.0,GOOD SHEPHERD,,WDE3016,31,12,22,8,,57,A
367332950,2022-01-03T00:43:31,30.05772,-89.80202,0.0,44.0,511.0,GOOD SHEPHERD,,WDE3016,31,12,22,8,,57,A
367332950,2022-01-03T00:46:01,30.05772,-89.80200,0.0,44.0,511.0,GOOD SHEPHERD,,WDE3016,31,12,22,8,,57,A
367332950,2022-01-03T00:49:32,30.05772,-89.80203,0.0,44.0,511.0,GOOD SHEPHERD,,WDE3016,31,12,22,8,,57,A
367332950,2022-01-03T00:50:42,30.05772,-89.80203,0.0,44.0,511.0,GOOD SHEPHERD,,WDE3016,31,12,22,8,,57,A
367332950,2022-01-03T00:53:12,30.05772,-89.80200,0.0,44.0,511.0,GOOD SHEPHERD,,WDE3016,31,12,22,8,,57,A
367332950,2022-01-03T00:52:03,30.05772,-89.80203,0.0,44.0,511.0,GOOD SHEPHERD,,WDE3016,31,12,22,8,,57,A
367332950,2022-01-03T00:54:43,30.05772,-89.80202,0.0,44.0,511.0,GOOD SHEPHERD,,WDE3016,31,12,22,8,,57,A
367332950,2022-01-03T00:23:32,30.05770,-89.80202,0.0,44.0,511.0,GOOD SHEPHERD,,WDE3016,31,12,22,8,,57,A
367332950,2022-01-03T00:56:13,30.05772,-89.80200,0.0,44.0,511.0,GOOD SHEPHERD,,WDE3016,31,12,22,8,,57,A
367332950,2022-01-03T01:02:32,30.05772,-89.80200,0.0,44.0,511.0,GOOD SHEPHERD,,WDE3016,31,12,22,8,,57,A
367332950,2022-01-03T00:57:32,30.05772,-89.80200,0.0,44.0,511.0,GOOD SHEPHERD,,WDE3016,31,12,22,8,,57,A
367332950,2022-01-03T00:58:42,30.05772,-89.80200,0.0,44.0,511.0,GOOD SHEPHERD,,WDE3016,31,12,22,8,,57,A
367332950,2022-01-03T00:59:52,30.05772,-89.80203,0.0,44.0,511.0,GOOD SHEPHERD,,WDE3016,31,12,22,8,,57,A
367332950,2022-01-03T01:03:42,30.05772,-89.80202,0.0,44.0,511.0,GOOD SHEPHERD,,WDE3016,31,12,22,8,,57,A
367332950,2022-01-03T01:08:53,30.05772,-89.80203,0.0,44.0,511.0,GOOD SHEPHERD,,WDE3016,31,12,22,8,,57,A
367332950,2022-01-03T01:01:23,30.05772,-89.80200,0.0,44.0,511.0,GOOD SHEPHERD,,WDE3016,31,12,22,8,,57,A
367332950,2022-01-03T01:00:13,30.05772,-89.80200,0.0,44.0,511.0,GOOD SHEPHERD,,WDE3016,31,12,22,8,,57,A
367332950,2022-01-03T01:13:22,30.05772,-89.80200,0.0,44.0,511.0,GOOD SHEPHERD,,WDE3016,31,12,22,8,,57,A
367332950,2022-01-03T01:06:32,30.05772,-89.80203,0.0,44.0,511.0,GOOD SHEPHERD,,WDE3016,31,12,22,8,,57,A
367332950,2022-01-03T01:07:42,30.05772,-89.80203,0.0,44.0,511.0,GOOD SHEPHERD,,WDE3016,31,12,22,8,,57,A
367332950,2022-01-03T01:15:43,30.05772,-89.80200,0.0,44.0,511.0,GOOD SHEPHERD,,WDE3016,31,12,22,8,,57,A
367332950,2022-01-03T01:10:02,30.05772,-89.80203,0.0,44.0,511.0,GOOD SHEPHERD,,WDE3016,31,12,22,8,,57,A
367332950,2022-01-03T01:11:12,30.05772,-89.80203,0.0,44.0,511.0,GOOD SHEPHERD,,WDE3016,31,12,22,8,,57,A
367332950,2022-01-03T01:18:02,30.05772,-89.80200,0.0,44.0,511.0,GOOD SHEPHERD,,WDE3016,31,12,22,8,,57,A
367332950,2022-01-03T01:24:01,30.05772,-89.80200,0.0,44.0,511.0,GOOD SHEPHERD,,WDE3016,31,12,22,8,,57,A
367332950,2022-01-03T01:14:32,30.05772,-89.80203,0.0,44.0,511.0,GOOD SHEPHERD,,WDE3016,31,12,22,8,,57,A
367332950,2022-01-03T01:21:42,30.05772,-89.80200,0.0,44.0,511.0,GOOD SHEPHERD,,WDE3016,31,12,22,8,,57,A
367332950,2022-01-03T00:33:22,30.05772,-89.80200,0.0,44.0,511.0,GOOD SHEPHERD,,WDE3016,31,12,22,8,,57,A
367332950,2022-01-03T01:27:43,30.05772,-89.80200,0.0,44.0,511.0,GOOD SHEPHERD,,WDE3016,31,12,22,8,,57,A
367332950,2022-01-03T01:22:52,30.05772,-89.80202,0.0,44.0,511.0,GOOD SHEPHERD,,WDE3016,31,12,22,8,,57,A
367332950,2022-01-03T01:16:52,30.05772,-89.80200,0.0,44.0,511.0,GOOD SHEPHERD,,WDE3016,31,12,22,8,,57,A
367332950,2022-01-03T01:19:12,30.05772,-89.80200,0.0,44.0,511.0,GOOD SHEPHERD,,WDE3016,31,12,22,8,,57,A
367332950,2022-01-03T01:20:31,30.05772,-89.80202,0.0,44.0,511.0,GOOD SHEPHERD,,WDE3016,31,12,22,8,,57,A
367332950,2022-01-03T01:34:52,30.05772,-89.80203,0.0,44.0,511.0,GOOD SHEPHERD,,WDE3016,31,12,22,8,,57,A
367332950,2022-01-03T01:25:12,30.05772,-89.80202,0.0,44.0,511.0,GOOD SHEPHERD,,WDE3016,31,12,22,8,,57,A
367332950,2022-01-03T01:32:33,30.05772,-89.80203,0.0,44.0,511.0,GOOD SHEPHERD,,WDE3016,31,12,22,8,,57,A
367332950,2022-01-03T01:37:03,30.05772,-89.80203,0.0,44.0,511.0,GOOD SHEPHERD,,WDE3016,31,12,22,8,,57,A
367332950,2022-01-03T00:40:53,30.05772,-89.80202,0.0,44.0,511.0,GOOD SHEPHERD,,WDE3016,31,12,22,8,,57,A
367332950,2022-01-03T01:28:52,30.05772,-89.80202,0.0,44.0,511.0,GOOD SHEPHERD,,WDE3016,31,12,22,8,,57,A
367332950,2022-01-03T01:33:43,30.05772,-89.80203,0.0,44.0,511.0,GOOD SHEPHERD,,WDE3016,31,12,22,8,,57,A
367332950,2022-01-03T01:35:53,30.05772,-89.80203,0.0,44.0,511.0,GOOD SHEPHERD,,WDE3016,31,12,22,8,,57,A
367332950,2022-01-03T00:47:12,30.05772,-89.80200,0.0,44.0,511.0,GOOD SHEPHERD,,WDE3016,31,12,22,8,,57,A
367332950,2022-01-03T01:38:12,30.05772,-89.80202,0.0,44.0,511.0,GOOD SHEPHERD,,WDE3016,31,12,22,8,,57,A
367332950,2022-01-03T01:45:12,30.05772,-89.80203,0.0,44.0,511.0,GOOD SHEPHERD,,WDE3016,31,12,22,8,,57,A
367332950,2022-01-03T01:41:41,30.05772,-89.80202,0.0,44.0,511.0,GOOD SHEPHERD,,WDE3016,31,12,22,8,,57,A
367332950,2022-01-03T01:40:32,30.05772,-89.80203,0.0,44.0,511.0,GOOD SHEPHERD,,WDE3016,31,12,22,8,,57,A
367332950,2022-01-03T00:48:22,30.05772,-89.80203,0.0,44.0,511.0,GOOD SHEPHERD,,WDE3016,31,12,22,8,,57,A
367332950,2022-01-03T01:44:02,30.05772,-89.80203,0.0,44.0,511.0,GOOD SHEPHERD,,WDE3016,31,12,22,8,,57,A
367332950,2022-01-03T01:42:51,30.05773,-89.80203,0.0,44.0,511.0,GOOD SHEPHERD,,WDE3016,31,12,22,8,,57,A
367332950,2022-01-03T01:46:43,30.05772,-89.80203,0.0,44.0,511.0,GOOD SHEPHERD,,WDE3016,31,12,22,8,,57,A
367332950,2022-01-03T01:47:51,30.05772,-89.80203,0.0,44.0,511.0,GOOD SHEPHERD,,WDE3016,31,12,22,8,,57,A
367332950,2022-01-03T01:49:53,30.05772,-89.80203,0.0,44.0,511.0,GOOD SHEPHERD,,WDE3016,31,12,22,8,,57,A
367332950,2022-01-03T01:51:01,30.05772,-89.80203,0.0,44.0,511.0,GOOD SHEPHERD,,WDE3016,31,12,22,8,,57,A
367332950,2022-01-03T01:48:52,30.05772,-89.80200,0.0,44.0,511.0,GOOD SHEPHERD,,WDE3016,31,12,22,8,,57,A
367332950,2022-01-03T01:58:22,30.05772,-89.80203,0.0,44.0,511.0,GOOD SHEPHERD,,WDE3016,31,12,22,8,,57,A
367332950,2022-01-03T01:59:33,30.05772,-89.80202,0.0,44.0,511.0,GOOD SHEPHERD,,WDE3016,31,12,22,8,,57,A
367332950,2022-01-03T01:53:33,30.05772,-89.80203,0.0,44.0,511.0,GOOD SHEPHERD,,WDE3016,31,12,22,8,,57,A
367332950,2022-01-03T01:56:02,30.05772,-89.80203,0.0,44.0,511.0,GOOD SHEPHERD,,WDE3016,31,12,22,8,,57,A
367332950,2022-01-03T01:54:53,30.05772,-89.80200,0.0,44.0,511.0,GOOD SHEPHERD,,WDE3016,31,12,22,8,,57,A
367332950,2022-01-03T01:57:03,30.05772,-89.80203,0.0,44.0,511.0,GOOD SHEPHERD,,WDE3016,31,12,22,8,,57,A
367332950,2022-01-03T02:00:02,30.05772,-89.80203,0.0,44.0,511.0,GOOD SHEPHERD,,WDE3016,31,12,22,8,,57,A
367332950,2022-01-03T02:02:03,30.05772,-89.80205,0.0,44.0,511.0,GOOD SHEPHERD,,WDE3016,31,12,22,8,,57,A
367332950,2022-01-03T02:05:43,30.05772,-89.80203,0.0,44.0,511.0,GOOD SHEPHERD,,WDE3016,31,12,22,8,,57,A
367332950,2022-01-03T02:04:21,30.05772,-89.80202,0.0,44.0,511.0,GOOD SHEPHERD,,WDE3016,31,12,22,8,,57,A
367332950,2022-01-03T02:08:02,30.05772,-89.80203,0.0,44.0,511.0,GOOD SHEPHERD,,WDE3016,31,12,22,8,,57,A
367332950,2022-01-03T02:17:43,30.05770,-89.80203,0.0,44.0,511.0,GOOD SHEPHERD,,WDE3016,31,12,22,8,,57,A
367332950,2022-01-03T02:03:13,30.05772,-89.80202,0.0,44.0,511.0,GOOD SHEPHERD,,WDE3016,31,12,22,8,,57,A
367332950,2022-01-03T02:21:23,30.05772,-89.80203,0.0,44.0,511.0,GOOD SHEPHERD,,WDE3016,31,12,22,8,,57,A
367332950,2022-01-03T01:05:12,30.05772,-89.80200,0.0,44.0,511.0,GOOD SHEPHERD,,WDE3016,31,12,22,8,,57,A
367332950,2022-01-03T02:06:51,30.05772,-89.80203,0.0,44.0,511.0,GOOD SHEPHERD,,WDE3016,31,12,22,8,,57,A
367332950,2022-01-03T02:10:42,30.05772,-89.80203,0.0,44.0,511.0,GOOD SHEPHERD,,WDE3016,31,12,22,8,,57,A
367332950,2022-01-03T02:13:01,30.05770,-89.80203,0.0,44.0,511.0,GOOD SHEPHERD,,WDE3016,31,12,22,8,,57,A
367332950,2022-01-03T02:11:53,30.05770,-89.80203,0.0,44.0,511.0,GOOD SHEPHERD,,WDE3016,31,12,22,8,,57,A
367332950,2022-01-03T02:15:12,30.05770,-89.80203,0.0,44.0,511.0,GOOD SHEPHERD,,WDE3016,31,12,22,8,,57,A
367332950,2022-01-03T02:29:52,30.05772,-89.80203,0.0,44.0,511.0,GOOD SHEPHERD,,WDE3016,31,12,22,8,,57,A
367332950,2022-01-03T02:16:32,30.05770,-89.80203,0.0,44.0,511.0,GOOD SHEPHERD,,WDE3016,31,12,22,8,,57,A
367332950,2022-01-03T02:14:11,30.05770,-89.80203,0.0,44.0,511.0,GOOD SHEPHERD,,WDE3016,31,12,22,8,,57,A
367332950,2022-01-03T01:12:13,30.05772,-89.80200,0.0,44.0,511.0,GOOD SHEPHERD,,WDE3016,31,12,22,8,,57,A
367332950,2022-01-03T02:20:12,30.05772,-89.80203,0.0,44.0,511.0,GOOD SHEPHERD,,WDE3016,31,12,22,8,,57,A
367332950,2022-01-03T02:27:12,30.05772,-89.80203,0.0,44.0,511.0,GOOD SHEPHERD,,WDE3016,31,12,22,8,,57,A
367332950,2022-01-03T02:18:52,30.05772,-89.80203,0.0,44.0,511.0,GOOD SHEPHERD,,WDE3016,31,12,22,8,,57,A
367332950,2022-01-03T02:35:51,30.05772,-89.80202,0.0,44.0,511.0,GOOD SHEPHERD,,WDE3016,31,12,22,8,,57,A
367332950,2022-01-03T02:32:03,30.05772,-89.80203,0.0,44.0,511.0,GOOD SHEPHERD,,WDE3016,31,12,22,8,,57,A
367332950,2022-01-03T02:33:12,30.05772,-89.80203,0.0,44.0,511.0,GOOD SHEPHERD,,WDE3016,31,12,22,8,,57,A
367332950,2022-01-03T02:24:52,30.05772,-89.80200,0.0,44.0,511.0,GOOD SHEPHERD,,WDE3016,31,12,22,8,,57,A
367332950,2022-01-03T02:22:31,30.05772,-89.80203,0.0,44.0,511.0,GOOD SHEPHERD,,WDE3016,31,12,22,8,,57,A
367332950,2022-01-03T02:26:02,30.05772,-89.80203,0.0,44.0,511.0,GOOD SHEPHERD,,WDE3016,31,12,22,8,,57,A
367332950,2022-01-03T02:23:41,30.05772,-89.80203,0.0,44.0,511.0,GOOD SHEPHERD,,WDE3016,31,12,22,8,,57,A
367332950,2022-01-03T02:28:23,30.05772,-89.80203,0.0,44.0,511.0,GOOD SHEPHERD,,WDE3016,31,12,22,8,,57,A
367332950,2022-01-03T02:46:42,30.05773,-89.80202,0.0,44.0,511.0,GOOD SHEPHERD,,WDE3016,31,12,22,8,,57,A
367332950,2022-01-03T02:34:23,30.05772,-89.80203,0.0,44.0,511.0,GOOD SHEPHERD,,WDE3016,31,12,22,8,,57,A
367332950,2022-01-03T02:37:02,30.05772,-89.80202,0.0,44.0,511.0,GOOD SHEPHERD,,WDE3016,31,12,22,8,,57,A
367332950,2022-01-03T02:31:02,30.05772,-89.80203,0.0,44.0,511.0,GOOD SHEPHERD,,WDE3016,31,12,22,8,,57,A
367332950,2022-01-03T02:38:11,30.05772,-89.80202,0.0,44.0,511.0,GOOD SHEPHERD,,WDE3016,31,12,22,8,,57,A
367332950,2022-01-03T02:44:23,30.05772,-89.80203,0.0,44.0,511.0,GOOD SHEPHERD,,WDE3016,31,12,22,8,,57,A
367332950,2022-01-03T02:42:11,30.05772,-89.80203,0.0,44.0,511.0,GOOD SHEPHERD,,WDE3016,31,12,22,8,,57,A
367332950,2022-01-03T02:55:02,30.05772,-89.80203,0.0,44.0,511.0,GOOD SHEPHERD,,WDE3016,31,12,22,8,,57,A
367332950,2022-01-03T02:43:12,30.05772,-89.80203,0.0,44.0,511.0,GOOD SHEPHERD,,WDE3016,31,12,22,8,,57,A
367332950,2022-01-03T02:39:52,30.05772,-89.80203,0.0,44.0,511.0,GOOD SHEPHERD,,WDE3016,31,12,22,8,,57,A
367332950,2022-01-03T02:49:02,30.05772,-89.80203,0.0,44.0,511.0,GOOD SHEPHERD,,WDE3016,31,12,22,8,,57,A
367332950,2022-01-03T01:26:22,30.05772,-89.80200,0.0,44.0,511.0,GOOD SHEPHERD,,WDE3016,31,12,22,8,,57,A
367332950,2022-01-03T02:41:02,30.05772,-89.80203,0.0,44.0,511.0,GOOD SHEPHERD,,WDE3016,31,12,22,8,,57,A
367332950,2022-01-03T02:51:23,30.05772,-89.80203,0.0,44.0,511.0,GOOD SHEPHERD,,WDE3016,31,12,22,8,,57,A
367332950,2022-01-03T02:53:42,30.05772,-89.80203,0.0,44.0,511.0,GOOD SHEPHERD,,WDE3016,31,12,22,8,,57,A
367332950,2022-01-03T03:07:12,30.05772,-89.80203,0.0,44.0,511.0,GOOD SHEPHERD,,WDE3016,31,12,22,8,,57,A
367332950,2022-01-03T01:30:02,30.05772,-89.80200,0.0,44.0,511.0,GOOD SHEPHERD,,WDE3016,31,12,22,8,,57,A
367332950,2022-01-03T02:52:32,30.05772,-89.80203,0.0,44.0,511.0,GOOD SHEPHERD,,WDE3016,31,12,22,8,,57,A
367332950,2022-01-03T01:31:12,30.05772,-89.80200,0.0,44.0,511.0,GOOD SHEPHERD,,WDE3016,31,12,22,8,,57,A
367332950,2022-01-03T03:13:31,30.05773,-89.80200,0.0,44.0,511.0,GOOD SHEPHERD,,WDE3016,31,12,22,8,,57,A
367332950,2022-01-03T02:56:12,30.05772,-89.80203,0.0,44.0,511.0,GOOD SHEPHERD,,WDE3016,31,12,22,8,,57,A
367332950,2022-01-03T02:45:32,30.05772,-89.80203,0.0,44.0,511.0,GOOD SHEPHERD,,WDE3016,31,12,22,8,,57,A
367332950,2022-01-03T03:03:32,30.05772,-89.80203,0.0,44.0,511.0,GOOD SHEPHERD,,WDE3016,31,12,22,8,,57,A
367332950,2022-01-03T03:04:53,30.05772,-89.80203,0.0,44.0,511.0,GOOD SHEPHERD,,WDE3016,31,12,22,8,,57,A
367332950,2022-01-03T03:06:02,30.05772,-89.80203,0.0,44.0,511.0,GOOD SHEPHERD,,WDE3016,31,12,22,8,,57,A
367332950,2022-01-03T03:20:02,30.05773,-89.80203,0.0,44.0,511.0,GOOD SHEPHERD,,WDE3016,31,12,22,8,,57,A
367332950,2022-01-03T02:47:53,30.05770,-89.80205,0.0,44.0,511.0,GOOD SHEPHERD,,WDE3016,31,12,22,8,,57,A
367332950,2022-01-03T01:39:23,30.05772,-89.80202,0.0,44.0,511.0,GOOD SHEPHERD,,WDE3016,31,12,22,8,,57,A
367332950,2022-01-03T03:01:12,30.05772,-89.80200,0.0,44.0,511.0,GOOD SHEPHERD,,WDE3016,31,12,22,8,,57,A
367332950,2022-01-03T03:02:22,30.05772,-89.80203,0.0,44.0,511.0,GOOD SHEPHERD,,WDE3016,31,12,22,8,,57,A
367332950,2022-01-03T03:11:12,30.05772,-89.80203,0.0,44.0,511.0,GOOD SHEPHERD,,WDE3016,31,12,22,8,,57,A
367332950,2022-01-03T03:00:01,30.05770,-89.80202,0.0,44.0,511.0,GOOD SHEPHERD,,WDE3016,31,12,22,8,,57,A
367332950,2022-01-03T03:09:52,30.05772,-89.80200,0.0,44.0,511.0,GOOD SHEPHERD,,WDE3016,31,12,22,8,,57,A
367332950,2022-01-03T03:15:33,30.05773,-89.80203,0.0,44.0,511.0,GOOD SHEPHERD,,WDE3016,31,12,22,8,,57,A
367332950,2022-01-03T03:16:43,30.05772,-89.80203,0.0,44.0,511.0,GOOD SHEPHERD,,WDE3016,31,12,22,8,,57,A
367332950,2022-01-03T03:28:11,30.05772,-89.80200,0.0,44.0,511.0,GOOD SHEPHERD,,WDE3016,31,12,22,8,,57,A
367332950,2022-01-03T03:30:52,30.05772,-89.80200,0.0,44.0,511.0,GOOD SHEPHERD,,WDE3016,31,12,22,8,,57,A
367332950,2022-01-03T03:08:22,30.05772,-89.80203,0.0,44.0,511.0,GOOD SHEPHERD,,WDE3016,31,12,22,8,,57,A
367332950,2022-01-03T03:27:03,30.05772,-89.80203,0.0,44.0,511.0,GOOD SHEPHERD,,WDE3016,31,12,22,8,,57,A
367332950,2022-01-03T01:52:12,30.05772,-89.80203,0.0,44.0,511.0,GOOD SHEPHERD,,WDE3016,31,12,22,8,,57,A
367332950,2022-01-03T03:17:53,30.05772,-89.80203,0.0,44.0,511.0,GOOD SHEPHERD,,WDE3016,31,12,22,8,,57,A
367332950,2022-01-03T03:21:03,30.05772,-89.80203,0.0,44.0,511.0,GOOD SHEPHERD,,WDE3016,31,12,22,8,,57,A
367332950,2022-01-03T03:23:23,30.05772,-89.80200,0.0,44.0,511.0,GOOD SHEPHERD,,WDE3016,31,12,22,8,,57,A
367332950,2022-01-03T03:19:01,30.05772,-89.80203,0.0,44.0,511.0,GOOD SHEPHERD,,WDE3016,31,12,22,8,,57,A
367332950,2022-01-03T03:25:52,30.05772,-89.80200,0.0,44.0,511.0,GOOD SHEPHERD,,WDE3016,31,12,22,8,,57,A
367332950,2022-01-03T03:35:53,30.05772,-89.80200,0.0,44.0,511.0,GOOD SHEPHERD,,WDE3016,31,12,22,8,,57,A
367332950,2022-01-03T03:24:33,30.05772,-89.80200,0.0,44.0,511.0,GOOD SHEPHERD,,WDE3016,31,12,22,8,,57,A
367332950,2022-01-03T03:32:03,30.05772,-89.80200,0.0,44.0,511.0,GOOD SHEPHERD,,WDE3016,31,12,22,8,,57,A
367332950,2022-01-03T03:33:12,30.05772,-89.80200,0.0,44.0,511.0,GOOD SHEPHERD,,WDE3016,31,12,22,8,,57,A
367332950,2022-01-03T03:43:42,30.05772,-89.80200,0.0,44.0,511.0,GOOD SHEPHERD,,WDE3016,31,12,22,8,,57,A
367332950,2022-01-03T03:22:12,30.05772,-89.80200,0.0,44.0,511.0,GOOD SHEPHERD,,WDE3016,31,12,22,8,,57,A
367332950,2022-01-03T03:37:02,30.05772,-89.80202,0.0,44.0,511.0,GOOD SHEPHERD,,WDE3016,31,12,22,8,,57,A
367332950,2022-01-03T03:41:22,30.05772,-89.80203,0.0,44.0,511.0,GOOD SHEPHERD,,WDE3016,31,12,22,8,,57,A
367332950,2022-01-03T03:38:22,30.05772,-89.80202,0.0,44.0,511.0,GOOD SHEPHERD,,WDE3016,31,12,22,8,,57,A
367332950,2022-01-03T03:42:32,30.05772,-89.80200,0.0,44.0,511.0,GOOD SHEPHERD,,WDE3016,31,12,22,8,,57,A
367332950,2022-01-03T03:46:01,30.05772,-89.80200,0.0,44.0,511.0,GOOD SHEPHERD,,WDE3016,31,12,22,8,,57,A
367332950,2022-01-03T03:29:12,30.05772,-89.80200,0.0,44.0,511.0,GOOD SHEPHERD,,WDE3016,31,12,22,8,,57,A
367332950,2022-01-03T03:44:52,30.05772,-89.80200,0.0,44.0,511.0,GOOD SHEPHERD,,WDE3016,31,12,22,8,,57,A
367332950,2022-01-03T03:48:33,30.05772,-89.80202,0.0,44.0,511.0,GOOD SHEPHERD,,WDE3016,31,12,22,8,,57,A
367332950,2022-01-03T03:49:42,30.05772,-89.80200,0.0,44.0,511.0,GOOD SHEPHERD,,WDE3016,31,12,22,8,,57,A
367332950,2022-01-03T03:55:43,30.05772,-89.80200,0.0,44.0,511.0,GOOD SHEPHERD,,WDE3016,31,12,22,8,,57,A
367332950,2022-01-03T03:51:01,30.05772,-89.80203,0.0,44.0,511.0,GOOD SHEPHERD,,WDE3016,31,12,22,8,,57,A
367332950,2022-01-03T03:54:32,30.05772,-89.80202,0.0,44.0,511.0,GOOD SHEPHERD,,WDE3016,31,12,22,8,,57,A
367332950,2022-01-03T03:52:12,30.05773,-89.80200,0.0,44.0,511.0,GOOD SHEPHERD,,WDE3016,31,12,22,8,,57,A
367332950,2022-01-03T03:59:32,30.05772,-89.80202,0.0,44.0,511.0,GOOD SHEPHERD,,WDE3016,31,12,22,8,,57,A
367332950,2022-01-03T03:58:12,30.05772,-89.80202,0.0,44.0,511.0,GOOD SHEPHERD,,WDE3016,31,12,22,8,,57,A
367332950,2022-01-03T04:11:12,30.05772,-89.80203,0.0,44.0,511.0,GOOD SHEPHERD,,WDE3016,31,12,22,8,,57,A
367332950,2022-01-03T04:01:32,30.05772,-89.80202,0.0,44.0,511.0,GOOD SHEPHERD,,WDE3016,31,12,22,8,,57,A
367332950,2022-01-03T04:05:11,30.05772,-89.80200,0.0,44.0,511.0,GOOD SHEPHERD,,WDE3016,31,12,22,8,,57,A
367332950,2022-01-03T04:02:53,30.05772,-89.80200,0.0,44.0,511.0,GOOD SHEPHERD,,WDE3016,31,12,22,8,,57,A
367332950,2022-01-03T04:04:02,30.05772,-89.80200,0.0,44.0,511.0,GOOD SHEPHERD,,WDE3016,31,12,22,8,,57,A
367332950,2022-01-03T02:09:33,30.05772,-89.80203,0.0,44.0,511.0,GOOD SHEPHERD,,WDE3016,31,12,22,8,,57,A
367332950,2022-01-03T04:06:22,30.05772,-89.80200,0.0,44.0,511.0,GOOD SHEPHERD,,WDE3016,31,12,22,8,,57,A
367332950,2022-01-03T04:08:32,30.05772,-89.80200,0.0,44.0,511.0,GOOD SHEPHERD,,WDE3016,31,12,22,8,,57,A
367332950,2022-01-03T04:10:02,30.05772,-89.80200,0.0,44.0,511.0,GOOD SHEPHERD,,WDE3016,31,12,22,8,,57,A
367332950,2022-01-03T04:18:23,30.05772,-89.80200,0.0,44.0,511.0,GOOD SHEPHERD,,WDE3016,31,12,22,8,,57,A
367332950,2022-01-03T04:19:31,30.05772,-89.80200,0.0,44.0,511.0,GOOD SHEPHERD,,WDE3016,31,12,22,8,,57,A
367332950,2022-01-03T04:21:52,30.05772,-89.80202,0.0,44.0,511.0,GOOD SHEPHERD,,WDE3016,31,12,22,8,,57,A
367332950,2022-01-03T04:14:42,30.05772,-89.80200,0.0,44.0,511.0,GOOD SHEPHERD,,WDE3016,31,12,22,8,,57,A
367332950,2022-01-03T04:17:12,30.05772,-89.80200,0.0,44.0,511.0,GOOD SHEPHERD,,WDE3016,31,12,22,8,,57,A
367332950,2022-01-03T04:15:52,30.05772,-89.80200,0.0,44.0,511.0,GOOD SHEPHERD,,WDE3016,31,12,22,8,,57,A
367332950,2022-01-03T04:25:21,30.05772,-89.80200,0.0,44.0,511.0,GOOD SHEPHERD,,WDE3016,31,12,22,8,,57,A
367332950,2022-01-03T04:26:33,30.05772,-89.80202,0.0,44.0,511.0,GOOD SHEPHERD,,WDE3016,31,12,22,8,,57,A
367332950,2022-01-03T04:39:42,30.05772,-89.80202,0.0,44.0,511.0,GOOD SHEPHERD,,WDE3016,31,12,22,8,,57,A
367332950,2022-01-03T04:27:42,30.05772,-89.80202,0.0,44.0,511.0,GOOD SHEPHERD,,WDE3016,31,12,22,8,,57,A
367332950,2022-01-03T04:20:43,30.05772,-89.80202,0.0,44.0,511.0,GOOD SHEPHERD,,WDE3016,31,12,22,8,,57,A
367332950,2022-01-03T04:28:53,30.05772,-89.80202,0.0,44.0,511.0,GOOD SHEPHERD,,WDE3016,31,12,22,8,,57,A
367332950,2022-01-03T04:07:31,30.05772,-89.80200,0.0,44.0,511.0,GOOD SHEPHERD,,WDE3016,31,12,22,8,,57,A
367332950,2022-01-03T04:31:33,30.05772,-89.80200,0.0,44.0,511.0,GOOD SHEPHERD,,WDE3016,31,12,22,8,,57,A
367332950,2022-01-03T04:24:12,30.05772,-89.80202,0.0,44.0,511.0,GOOD SHEPHERD,,WDE3016,31,12,22,8,,57,A
367332950,2022-01-03T04:13:33,30.05772,-89.80200,0.0,44.0,511.0,GOOD SHEPHERD,,WDE3016,31,12,22,8,,57,A
367332950,2022-01-03T04:49:32,30.05772,-89.80200,0.0,44.0,511.0,GOOD SHEPHERD,,WDE3016,31,12,22,8,,57,A
367332950,2022-01-03T04:36:13,30.05772,-89.80202,0.0,44.0,511.0,GOOD SHEPHERD,,WDE3016,31,12,22,8,,57,A
367332950,2022-01-03T04:37:22,30.05772,-89.80202,0.0,44.0,511.0,GOOD SHEPHERD,,WDE3016,31,12,22,8,,57,A
367332950,2022-01-03T04:38:31,30.05772,-89.80202,0.0,44.0,511.0,GOOD SHEPHERD,,WDE3016,31,12,22,8,,57,A
367332950,2022-01-03T04:30:22,30.05772,-89.80202,0.0,44.0,511.0,GOOD SHEPHERD,,WDE3016,31,12,22,8,,57,A
367332950,2022-01-03T04:32:42,30.05772,-89.80200,0.0,44.0,511.0,GOOD SHEPHERD,,WDE3016,31,12,22,8,,57,A
367332950,2022-01-03T04:33:53,30.05772,-89.80200,0.0,44.0,511.0,GOOD SHEPHERD,,WDE3016,31,12,22,8,,57,A
367332950,2022-01-03T04:43:23,30.05772,-89.80202,0.0,44.0,511.0,GOOD SHEPHERD,,WDE3016,31,12,22,8,,57,A
367332950,2022-01-03T04:23:03,30.05772,-89.80200,0.0,44.0,511.0,GOOD SHEPHERD,,WDE3016,31,12,22,8,,57,A
367332950,2022-01-03T04:53:03,30.05772,-89.80202,0.0,44.0,511.0,GOOD SHEPHERD,,WDE3016,31,12,22,8,,57,A
367332950,2022-01-03T04:45:52,30.05772,-89.80200,0.0,44.0,511.0,GOOD SHEPHERD,,WDE3016,31,12,22,8,,57,A
367332950,2022-01-03T04:47:12,30.05772,-89.80203,0.0,44.0,511.0,GOOD SHEPHERD,,WDE3016,31,12,22,8,,57,A
367332950,2022-01-03T04:55:52,30.05772,-89.80202,0.0,44.0,511.0,GOOD SHEPHERD,,WDE3016,31,12,22,8,,57,A
367332950,2022-01-03T04:41:03,30.05772,-89.80202,0.0,44.0,511.0,GOOD SHEPHERD,,WDE3016,31,12,22,8,,57,A
367332950,2022-01-03T04:50:41,30.05772,-89.80200,0.0,44.0,511.0,GOOD SHEPHERD,,WDE3016,31,12,22,8,,57,A
367332950,2022-01-03T05:01:32,30.05772,-89.80202,0.0,44.0,511.0,GOOD SHEPHERD,,WDE3016,31,12,22,8,,57,A
367332950,2022-01-03T04:48:23,30.05772,-89.80200,0.0,44.0,511.0,GOOD SHEPHERD,,WDE3016,31,12,22,8,,57,A
367332950,2022-01-03T04:57:23,30.05772,-89.80202,0.0,44.0,511.0,GOOD SHEPHERD,,WDE3016,31,12,22,8,,57,A
367332950,2022-01-03T05:14:32,30.05772,-89.80202,0.0,44.0,511.0,GOOD SHEPHERD,,WDE3016,31,12,22,8,,57,A
367332950,2022-01-03T05:16:12,30.05772,-89.80202,0.0,44.0,511.0,GOOD SHEPHERD,,WDE3016,31,12,22,8,,57,A
367332950,2022-01-03T04:42:12,30.05772,-89.80202,0.0,44.0,511.0,GOOD SHEPHERD,,WDE3016,31,12,22,8,,57,A
367332950,2022-01-03T05:02:42,30.05772,-89.80200,0.0,44.0,511.0,GOOD SHEPHERD,,WDE3016,31,12,22,8,,57,A
367332950,2022-01-03T05:12:52,30.05772,-89.80200,0.0,44.0,511.0,GOOD SHEPHERD,,WDE3016,31,12,22,8,,57,A
367332950,2022-01-03T04:58:33,30.05772,-89.80202,0.0,44.0,511.0,GOOD SHEPHERD,,WDE3016,31,12,22,8,,57,A
367332950,2022-01-03T05:05:01,30.05772,-89.80202,0.0,44.0,511.0,GOOD SHEPHERD,,WDE3016,31,12,22,8,,57,A
367332950,2022-01-03T05:18:33,30.05772,-89.80202,0.0,44.0,511.0,GOOD SHEPHERD,,WDE3016,31,12,22,8,,57,A
367332950,2022-01-03T05:10:22,30.05772,-89.80202,0.0,44.0,511.0,GOOD SHEPHERD,,WDE3016,31,12,22,8,,57,A
367332950,2022-01-03T04:54:41,30.05772,-89.80202,0.0,44.0,511.0,GOOD SHEPHERD,,WDE3016,31,12,22,8,,57,A
367332950,2022-01-03T05:09:12,30.05772,-89.80198,0.0,44.0,511.0,GOOD SHEPHERD,,WDE3016,31,12,22,8,,57,A
367332950,2022-01-03T05:11:32,30.05772,-89.80202,0.0,44.0,511.0,GOOD SHEPHERD,,WDE3016,31,12,22,8,,57,A
367332950,2022-01-03T04:59:42,30.05772,-89.80202,0.0,44.0,511.0,GOOD SHEPHERD,,WDE3016,31,12,22,8,,57,A
367332950,2022-01-03T05:41:11,30.05772,-89.80202,0.0,44.0,511.0,GOOD SHEPHERD,,WDE3016,31,12,22,8,,57,A
367332950,2022-01-03T05:00:23,30.05772,-89.80202,0.0,44.0,511.0,GOOD SHEPHERD,,WDE3016,31,12,22,8,,57,A
367332950,2022-01-03T05:20:52,30.05772,-89.80200,0.0,44.0,511.0,GOOD SHEPHERD,,WDE3016,31,12,22,8,,57,A
367332950,2022-01-03T05:43:52,30.05772,-89.80202,0.0,44.0,511.0,GOOD SHEPHERD,,WDE3016,31,12,22,8,,57,A
367332950,2022-01-03T05:03:52,30.05772,-89.80200,0.0,44.0,511.0,GOOD SHEPHERD,,WDE3016,31,12,22,8,,57,A
367332950,2022-01-03T05:07:32,30.05772,-89.80202,0.0,44.0,511.0,GOOD SHEPHERD,,WDE3016,31,12,22,8,,57,A
367332950,2022-01-03T05:52:32,30.05772,-89.80200,0.0,44.0,511.0,GOOD SHEPHERD,,WDE3016,31,12,22,8,,57,A
367332950,2022-01-03T05:39:52,30.05772,-89.80202,0.0,44.0,511.0,GOOD SHEPHERD,,WDE3016,31,12,22,8,,57,A
367332950,2022-01-03T05:28:23,30.05772,-89.80202,0.0,44.0,511.0,GOOD SHEPHERD,,WDE3016,31,12,22,8,,57,A
367332950,2022-01-03T05:26:02,30.05770,-89.80202,0.0,44.0,511.0,GOOD SHEPHERD,,WDE3016,31,12,22,8,,57,A
367332950,2022-01-03T05:24:42,30.05772,-89.80202,0.0,44.0,511.0,GOOD SHEPHERD,,WDE3016,31,12,22,8,,57,A
367332950,2022-01-03T05:57:41,30.05772,-89.80202,0.0,44.0,511.0,GOOD SHEPHERD,,WDE3016,31,12,22,8,,57,A
367332950,2022-01-03T05:17:32,30.05772,-89.80202,0.0,44.0,511.0,GOOD SHEPHERD,,WDE3016,31,12,22,8,,57,A
367332950,2022-01-03T05:27:12,30.05772,-89.80202,0.0,44.0,511.0,GOOD SHEPHERD,,WDE3016,31,12,22,8,,57,A
367332950,2022-01-03T06:01:41,30.05772,-89.80202,0.0,44.0,511.0,GOOD SHEPHERD,,WDE3016,31,12,22,8,,57,A
367332950,2022-01-03T05:29:33,30.05772,-89.80202,0.0,44.0,511.0,GOOD SHEPHERD,,WDE3016,31,12,22,8,,57,A
367332950,2022-01-03T06:05:01,30.05772,-89.80200,0.0,44.0,511.0,GOOD SHEPHERD,,WDE3016,31,12,22,8,,57,A
367332950,2022-01-03T05:37:02,30.05772,-89.80202,0.0,44.0,511.0,GOOD SHEPHERD,,WDE3016,31,12,22,8,,57,A
367332950,2022-01-03T02:50:13,30.05770,-89.80202,0.0,44.0,511.0,GOOD SHEPHERD,,WDE3016,31,12,22,8,,57,A
367332950,2022-01-03T05:22:12,30.05772,-89.80202,0.0,44.0,511.0,GOOD SHEPHERD,,WDE3016,31,12,22,8,,57,A
367332950,2022-01-03T05:34:11,30.05772,-89.80202,0.0,44.0,511.0,GOOD SHEPHERD,,WDE3016,31,12,22,8,,57,A
367332950,2022-01-03T05:38:23,30.05772,-89.80202,0.0,44.0,511.0,GOOD SHEPHERD,,WDE3016,31,12,22,8,,57,A
367332950,2022-01-03T05:42:42,30.05772,-89.80202,0.0,44.0,511.0,GOOD SHEPHERD,,WDE3016,31,12,22,8,,57,A
367332950,2022-01-03T06:10:03,30.05772,-89.80202,0.0,44.0,511.0,GOOD SHEPHERD,,WDE3016,31,12,22,8,,57,A
367332950,2022-01-03T05:58:51,30.05772,-89.80202,0.0,44.0,511.0,GOOD SHEPHERD,,WDE3016,31,12,22,8,,57,A
367332950,2022-01-03T06:12:53,30.05772,-89.80202,0.0,44.0,511.0,GOOD SHEPHERD,,WDE3016,31,12,22,8,,57,A
367332950,2022-01-03T05:49:12,30.05772,-89.80202,0.0,44.0,511.0,GOOD SHEPHERD,,WDE3016,31,12,22,8,,57,A
367332950,2022-01-03T05:31:52,30.05772,-89.80202,0.0,44.0,511.0,GOOD SHEPHERD,,WDE3016,31,12,22,8,,57,A
367332950,2022-01-03T05:35:42,30.05772,-89.80202,0.0,44.0,511.0,GOOD SHEPHERD,,WDE3016,31,12,22,8,,57,A
367332950,2022-01-03T06:06:12,30.05772,-89.80202,0.0,44.0,511.0,GOOD SHEPHERD,,WDE3016,31,12,22,8,,57,A
367332950,2022-01-03T05:51:23,30.05772,-89.80202,0.0,44.0,511.0,GOOD SHEPHERD,,WDE3016,31,12,22,8,,57,A
367332950,2022-01-03T02:57:22,30.05770,-89.80203,0.0,44.0,511.0,GOOD SHEPHERD,,WDE3016,31,12,22,8,,57,A
367332950,2022-01-03T02:58:32,30.05770,-89.80203,0.0,44.0,511.0,GOOD SHEPHERD,,WDE3016,31,12,22,8,,57,A
367332950,2022-01-03T05:47:52,30.05772,-89.80202,0.0,44.0,511.0,GOOD SHEPHERD,,WDE3016,31,12,22,8,,57,A
367332950,2022-01-03T05:54:02,30.05772,-89.80202,0.0,44.0,511.0,GOOD SHEPHERD,,WDE3016,31,12,22,8,,57,A
367332950,2022-01-03T06:23:53,30.05772,-89.80202,0.0,44.0,511.0,GOOD SHEPHERD,,WDE3016,31,12,22,8,,57,A
367332950,2022-01-03T06:26:11,30.05772,-89.80202,0.0,44.0,511.0,GOOD SHEPHERD,,WDE3016,31,12,22,8,,57,A
367332950,2022-01-03T02:59:42,30.05770,-89.80203,0.0,44.0,511.0,GOOD SHEPHERD,,WDE3016,31,12,22,8,,57,A
367332950,2022-01-03T05:45:03,30.05772,-89.80200,0.0,44.0,511.0,GOOD SHEPHERD,,WDE3016,31,12,22,8,,57,A
367332950,2022-01-03T06:02:42,30.05772,-89.80200,0.0,44.0,511.0,GOOD SHEPHERD,,WDE3016,31,12,22,8,,57,A
367332950,2022-01-03T05:46:33,30.05772,-89.80202,0.0,44.0,511.0,GOOD SHEPHERD,,WDE3016,31,12,22,8,,57,A
367332950,2022-01-03T06:03:53,30.05772,-89.80200,0.0,44.0,511.0,GOOD SHEPHERD,,WDE3016,31,12,22,8,,57,A
367332950,2022-01-03T05:50:22,30.05772,-89.80200,0.0,44.0,511.0,GOOD SHEPHERD,,WDE3016,31,12,22,8,,57,A
367332950,2022-01-03T06:07:32,30.05772,-89.80202,0.0,44.0,511.0,GOOD SHEPHERD,,WDE3016,31,12,22,8,,57,A
367332950,2022-01-03T06:08:53,30.05772,-89.80202,0.0,44.0,511.0,GOOD SHEPHERD,,WDE3016,31,12,22,8,,57,A
367332950,2022-01-03T05:55:23,30.05772,-89.80202,0.0,44.0,511.0,GOOD SHEPHERD,,WDE3016,31,12,22,8,,57,A
367332950,2022-01-03T05:56:32,30.05772,-89.80202,0.0,44.0,511.0,GOOD SHEPHERD,,WDE3016,31,12,22,8,,57,A
367332950,2022-01-03T06:11:43,30.05772,-89.80202,0.0,44.0,511.0,GOOD SHEPHERD,,WDE3016,31,12,22,8,,57,A
367332950,2022-01-03T06:43:22,30.05772,-89.80200,0.0,44.0,511.0,GOOD SHEPHERD,,WDE3016,31,12,22,8,,57,A
367332950,2022-01-03T06:20:12,30.05772,-89.80202,0.0,44.0,511.0,GOOD SHEPHERD,,WDE3016,31,12,22,8,,57,A
367332950,2022-01-03T06:16:43,30.05772,-89.80202,0.0,44.0,511.0,GOOD SHEPHERD,,WDE3016,31,12,22,8,,57,A
367332950,2022-01-03T06:21:31,30.05772,-89.80202,0.0,44.0,511.0,GOOD SHEPHERD,,WDE3016,31,12,22,8,,57,A
367332950,2022-01-03T06:27:23,30.05772,-89.80200,0.0,44.0,511.0,GOOD SHEPHERD,,WDE3016,31,12,22,8,,57,A
367332950,2022-01-03T06:29:42,30.05772,-89.80202,0.0,44.0,511.0,GOOD SHEPHERD,,WDE3016,31,12,22,8,,57,A
367332950,2022-01-03T06:30:51,30.05772,-89.80202,0.0,44.0,511.0,GOOD SHEPHERD,,WDE3016,31,12,22,8,,57,A
367332950,2022-01-03T06:14:23,30.05772,-89.80202,0.0,44.0,511.0,GOOD SHEPHERD,,WDE3016,31,12,22,8,,57,A
367332950,2022-01-03T06:28:33,30.05772,-89.80200,0.0,44.0,511.0,GOOD SHEPHERD,,WDE3016,31,12,22,8,,57,A
367332950,2022-01-03T06:32:02,30.05772,-89.80200,0.0,44.0,511.0,GOOD SHEPHERD,,WDE3016,31,12,22,8,,57,A
367332950,2022-01-03T06:17:51,30.05772,-89.80202,0.0,44.0,511.0,GOOD SHEPHERD,,WDE3016,31,12,22,8,,57,A
367332950,2022-01-03T06:48:13,30.05772,-89.80203,0.0,44.0,511.0,GOOD SHEPHERD,,WDE3016,31,12,22,8,,57,A
367332950,2022-01-03T03:12:22,30.05772,-89.80200,0.0,44.0,511.0,GOOD SHEPHERD,,WDE3016,31,12,22,8,,57,A
367332950,2022-01-03T06:19:03,30.05772,-89.80202,0.0,44.0,511.0,GOOD SHEPHERD,,WDE3016,31,12,22,8,,57,A
367332950,2022-01-03T06:41:02,30.05772,-89.80200,0.0,44.0,511.0,GOOD SHEPHERD,,WDE3016,31,12,22,8,,57,A
367332950,2022-01-03T06:33:51,30.05772,-89.80202,0.0,44.0,511.0,GOOD SHEPHERD,,WDE3016,31,12,22,8,,57,A
367332950,2022-01-03T06:37:23,30.05772,-89.80203,0.0,44.0,511.0,GOOD SHEPHERD,,WDE3016,31,12,22,8,,57,A
367332950,2022-01-03T06:36:13,30.05772,-89.80200,0.0,44.0,511.0,GOOD SHEPHERD,,WDE3016,31,12,22,8,,57,A
367332950,2022-01-03T03:14:32,30.05772,-89.80200,0.0,44.0,511.0,GOOD SHEPHERD,,WDE3016,31,12,22,8,,57,A
367332950,2022-01-03T07:09:31,30.05772,-89.80200,0.0,44.0,511.0,GOOD SHEPHERD,,WDE3016,31,12,22,8,,57,A
367332950,2022-01-03T06:38:43,30.05772,-89.80203,0.0,44.0,511.0,GOOD SHEPHERD,,WDE3016,31,12,22,8,,57,A
367332950,2022-01-03T06:54:12,30.05772,-89.80203,0.0,44.0,511.0,GOOD SHEPHERD,,WDE3016,31,12,22,8,,57,A
367332950,2022-01-03T06:47:02,30.05772,-89.80203,0.0,44.0,511.0,GOOD SHEPHERD,,WDE3016,31,12,22,8,,57,A
367332950,2022-01-03T06:42:13,30.05772,-89.80200,0.0,44.0,511.0,GOOD SHEPHERD,,WDE3016,31,12,22,8,,57,A
367332950,2022-01-03T06:59:32,30.05773,-89.80203,0.0,44.0,511.0,GOOD SHEPHERD,,WDE3016,31,12,22,8,,57,A
367332950,2022-01-03T06:45:52,30.05772,-89.80203,0.0,44.0,511.0,GOOD SHEPHERD,,WDE3016,31,12,22,8,,57,A
367332950,2022-01-03T06:53:02,30.05772,-89.80200,0.0,44.0,511.0,GOOD SHEPHERD,,WDE3016,31,12,22,8,,57,A
367332950,2022-01-03T06:51:43,30.05772,-89.80203,0.0,44.0,511.0,GOOD SHEPHERD,,WDE3016,31,12,22,8,,57,A
367332950,2022-01-03T06:39:52,30.05772,-89.80203,0.0,44.0,511.0,GOOD SHEPHERD,,WDE3016,31,12,22,8,,57,A
367332950,2022-01-03T06:57:12,30.05772,-89.80203,0.0,44.0,511.0,GOOD SHEPHERD,,WDE3016,31,12,22,8,,57,A
367332950,2022-01-03T07:03:12,30.05772,-89.80203,0.0,44.0,511.0,GOOD SHEPHERD,,WDE3016,31,12,22,8,,57,A
367332950,2022-01-03T07:16:43,30.05772,-89.80200,0.0,44.0,511.0,GOOD SHEPHERD,,WDE3016,31,12,22,8,,57,A
367332950,2022-01-03T07:36:23,30.05770,-89.80202,0.0,44.0,511.0,GOOD SHEPHERD,,WDE3016,31,12,22,8,,57,A
367332950,2022-01-03T07:00:02,30.05773,-89.80203,0.0,44.0,511.0,GOOD SHEPHERD,,WDE3016,31,12,22,8,,57,A
367332950,2022-01-03T03:34:21,30.05772,-89.80200,0.0,44.0,511.0,GOOD SHEPHERD,,WDE3016,31,12,22,8,,57,A
367332950,2022-01-03T07:07:12,30.05772,-89.80202,0.0,44.0,511.0,GOOD SHEPHERD,,WDE3016,31,12,22,8,,57,A
367332950,2022-01-03T06:56:02,30.05772,-89.80203,0.0,44.0,511.0,GOOD SHEPHERD,,WDE3016,31,12,22,8,,57,A
367332950,2022-01-03T07:08:22,30.05772,-89.80202,0.0,44.0,511.0,GOOD SHEPHERD,,WDE3016,31,12,22,8,,57,A
367332950,2022-01-03T07:46:12,30.05772,-89.80202,0.0,44.0,511.0,GOOD SHEPHERD,,WDE3016,31,12,22,8,,57,A
367332950,2022-01-03T07:17:51,30.05772,-89.80200,0.0,44.0,511.0,GOOD SHEPHERD,,WDE3016,31,12,22,8,,57,A
367332950,2022-01-03T07:14:23,30.05772,-89.80200,0.0,44.0,511.0,GOOD SHEPHERD,,WDE3016,31,12,22,8,,57,A
367332950,2022-01-03T03:39:42,30.05772,-89.80200,0.0,44.0,511.0,GOOD SHEPHERD,,WDE3016,31,12,22,8,,57,A
367332950,2022-01-03T07:01:51,30.05772,-89.80200,0.0,44.0,511.0,GOOD SHEPHERD,,WDE3016,31,12,22,8,,57,A
367332950,2022-01-03T07:13:22,30.05772,-89.80202,0.0,44.0,511.0,GOOD SHEPHERD,,WDE3016,31,12,22,8,,57,A
367332950,2022-01-03T07:31:12,30.05772,-89.80202,0.0,44.0,511.0,GOOD SHEPHERD,,WDE3016,31,12,22,8,,57,A
367332950,2022-01-03T07:04:31,30.05772,-89.80200,0.0,44.0,511.0,GOOD SHEPHERD,,WDE3016,31,12,22,8,,57,A
367332950,2022-01-03T07:21:32,30.05772,-89.80202,0.0,44.0,511.0,GOOD SHEPHERD,,WDE3016,31,12,22,8,,57,A
367332950,2022-01-03T07:27:43,30.05772,-89.80202,0.0,44.0,511.0,GOOD SHEPHERD,,WDE3016,31,12,22,8,,57,A
367332950,2022-01-03T07:28:52,30.05772,-89.80200,0.0,44.0,511.0,GOOD SHEPHERD,,WDE3016,31,12,22,8,,57,A
367332950,2022-01-03T07:24:02,30.05772,-89.80202,0.0,44.0,511.0,GOOD SHEPHERD,,WDE3016,31,12,22,8,,57,A
367332950,2022-01-03T07:25:22,30.05772,-89.80202,0.0,44.0,511.0,GOOD SHEPHERD,,WDE3016,31,12,22,8,,57,A
367332950,2022-01-03T08:00:02,30.05772,-89.80200,0.0,44.0,511.0,GOOD SHEPHERD,,WDE3016,31,12,22,8,,57,A
367332950,2022-01-03T07:22:42,30.05772,-89.80202,0.0,44.0,511.0,GOOD SHEPHERD,,WDE3016,31,12,22,8,,57,A
367332950,2022-01-03T03:47:12,30.05772,-89.80200,0.0,44.0,511.0,GOOD SHEPHERD,,WDE3016,31,12,22,8,,57,A
367332950,2022-01-03T08:02:42,30.05772,-89.80202,0.0,44.0,511.0,GOOD SHEPHERD,,WDE3016,31,12,22,8,,57,A
367332950,2022-01-03T07:26:32,30.05772,-89.80200,0.0,44.0,511.0,GOOD SHEPHERD,,WDE3016,31,12,22,8,,57,A
367332950,2022-01-03T07:30:03,30.05772,-89.80202,0.0,44.0,511.0,GOOD SHEPHERD,,WDE3016,31,12,22,8,,57,A
367332950,2022-01-03T07:33:43,30.05772,-89.80202,0.0,44.0,511.0,GOOD SHEPHERD,,WDE3016,31,12,22,8,,57,A
367332950,2022-01-03T07:32:31,30.05772,-89.80202,0.0,44.0,511.0,GOOD SHEPHERD,,WDE3016,31,12,22,8,,57,A
367332950,2022-01-03T07:47:22,30.05772,-89.80202,0.0,44.0,511.0,GOOD SHEPHERD,,WDE3016,31,12,22,8,,57,A
367332950,2022-01-03T07:34:52,30.05770,-89.80202,0.0,44.0,511.0,GOOD SHEPHERD,,WDE3016,31,12,22,8,,57,A
367332950,2022-01-03T08:11:12,30.05772,-89.80200,0.0,44.0,511.0,GOOD SHEPHERD,,WDE3016,31,12,22,8,,57,A
367332950,2022-01-03T07:37:43,30.05770,-89.80202,0.0,44.0,511.0,GOOD SHEPHERD,,WDE3016,31,12,22,8,,57,A
367332950,2022-01-03T07:39:02,30.05772,-89.80202,0.0,44.0,511.0,GOOD SHEPHERD,,WDE3016,31,12,22,8,,57,A
367332950,2022-01-03T07:53:12,30.05772,-89.80202,0.0,44.0,511.0,GOOD SHEPHERD,,WDE3016,31,12,22,8,,57,A
367332950,2022-01-03T07:54:22,30.05772,-89.80202,0.0,44.0,511.0,GOOD SHEPHERD,,WDE3016,31,12,22,8,,57,A
367332950,2022-01-03T07:40:12,30.05770,-89.80202,0.0,44.0,511.0,GOOD SHEPHERD,,WDE3016,31,12,22,8,,57,A
367332950,2022-01-03T07:56:43,30.05772,-89.80202,0.0,44.0,511.0,GOOD SHEPHERD,,WDE3016,31,12,22,8,,57,A
367332950,2022-01-03T07:42:43,30.05772,-89.80202,0.0,44.0,511.0,GOOD SHEPHERD,,WDE3016,31,12,22,8,,57,A
367332950,2022-01-03T07:43:52,30.05772,-89.80202,0.0,44.0,511.0,GOOD SHEPHERD,,WDE3016,31,12,22,8,,57,A
367332950,2022-01-03T07:41:22,30.05772,-89.80200,0.0,44.0,511.0,GOOD SHEPHERD,,WDE3016,31,12,22,8,,57,A
367332950,2022-01-03T08:20:33,30.05770,-89.80202,0.0,44.0,511.0,GOOD SHEPHERD,,WDE3016,31,12,22,8,,57,A
367332950,2022-01-03T08:23:02,30.05772,-89.80202,0.0,44.0,511.0,GOOD SHEPHERD,,WDE3016,31,12,22,8,,57,A
367332950,2022-01-03T07:48:31,30.05772,-89.80200,0.0,44.0,511.0,GOOD SHEPHERD,,WDE3016,31,12,22,8,,57,A
367332950,2022-01-03T03:53:22,30.05773,-89.80200,0.0,44.0,511.0,GOOD SHEPHERD,,WDE3016,31,12,22,8,,57,A
367332950,2022-01-03T07:52:11,30.05772,-89.80202,0.0,44.0,511.0,GOOD SHEPHERD,,WDE3016,31,12,22,8,,57,A
367332950,2022-01-03T07:55:32,30.05772,-89.80202,0.0,44.0,511.0,GOOD SHEPHERD,,WDE3016,31,12,22,8,,57,A
367332950,2022-01-03T03:57:02,30.05772,-89.80202,0.0,44.0,511.0,GOOD SHEPHERD,,WDE3016,31,12,22,8,,57,A
367332950,2022-01-03T07:57:52,30.05770,-89.80200,0.0,44.0,511.0,GOOD SHEPHERD,,WDE3016,31,12,22,8,,57,A
367332950,2022-01-03T08:01:32,30.05770,-89.80202,0.0,44.0,511.0,GOOD SHEPHERD,,WDE3016,31,12,22,8,,57,A
367332950,2022-01-03T08:39:43,30.05770,-89.80202,0.0,44.0,511.0,GOOD SHEPHERD,,WDE3016,31,12,22,8,,57,A
367332950,2022-01-03T08:18:22,30.05770,-89.80202,0.0,44.0,511.0,GOOD SHEPHERD,,WDE3016,31,12,22,8,,57,A
367332950,2022-01-03T07:49:42,30.05772,-89.80200,0.0,44.0,511.0,GOOD SHEPHERD,,WDE3016,31,12,22,8,,57,A
367332950,2022-01-03T07:50:52,30.05772,-89.80202,0.0,44.0,511.0,GOOD SHEPHERD,,WDE3016,31,12,22,8,,57,A
367332950,2022-01-03T08:06:22,30.05772,-89.80202,0.0,44.0,511.0,GOOD SHEPHERD,,WDE3016,31,12,22,8,,57,A
367332950,2022-01-03T08:03:53,30.05772,-89.80200,0.0,44.0,511.0,GOOD SHEPHERD,,WDE3016,31,12,22,8,,57,A
367332950,2022-01-03T08:43:03,30.05772,-89.80202,0.0,44.0,511.0,GOOD SHEPHERD,,WDE3016,31,12,22,8,,57,A
367332950,2022-01-03T08:08:43,30.05772,-89.80202,0.0,44.0,511.0,GOOD SHEPHERD,,WDE3016,31,12,22,8,,57,A
367332950,2022-01-03T08:09:53,30.05772,-89.80202,0.0,44.0,511.0,GOOD SHEPHERD,,WDE3016,31,12,22,8,,57,A
367332950,2022-01-03T08:47:41,30.05770,-89.80202,0.0,44.0,511.0,GOOD SHEPHERD,,WDE3016,31,12,22,8,,57,A
367332950,2022-01-03T08:14:52,30.05772,-89.80202,0.0,44.0,511.0,GOOD SHEPHERD,,WDE3016,31,12,22,8,,57,A
367332950,2022-01-03T08:12:21,30.05772,-89.80200,0.0,44.0,511.0,GOOD SHEPHERD,,WDE3016,31,12,22,8,,57,A
367332950,2022-01-03T08:16:01,30.05772,-89.80202,0.0,44.0,511.0,GOOD SHEPHERD,,WDE3016,31,12,22,8,,57,A
367332950,2022-01-03T07:59:02,30.05772,-89.80200,0.0,44.0,511.0,GOOD SHEPHERD,,WDE3016,31,12,22,8,,57,A
367332950,2022-01-03T08:13:31,30.05772,-89.80202,0.0,44.0,511.0,GOOD SHEPHERD,,WDE3016,31,12,22,8,,57,A
367332950,2022-01-03T08:17:11,30.05772,-89.80198,0.0,44.0,511.0,GOOD SHEPHERD,,WDE3016,31,12,22,8,,57,A
367332950,2022-01-03T08:54:52,30.05772,-89.80200,0.0,44.0,511.0,GOOD SHEPHERD,,WDE3016,31,12,22,8,,57,A
367332950,2022-01-03T08:58:31,30.05772,-89.80202,0.0,44.0,511.0,GOOD SHEPHERD,,WDE3016,31,12,22,8,,57,A
367332950,2022-01-03T08:35:53,30.05770,-89.80202,0.0,44.0,511.0,GOOD SHEPHERD,,WDE3016,31,12,22,8,,57,A
367332950,2022-01-03T08:19:32,30.05770,-89.80202,0.0,44.0,511.0,GOOD SHEPHERD,,WDE3016,31,12,22,8,,57,A
367332950,2022-01-03T09:04:42,30.05770,-89.80200,0.0,44.0,511.0,GOOD SHEPHERD,,WDE3016,31,12,22,8,,57,A
367332950,2022-01-03T08:07:31,30.05772,-89.80202,0.0,44.0,511.0,GOOD SHEPHERD,,WDE3016,31,12,22,8,,57,A
367332950,2022-01-03T08:25:22,30.05772,-89.80202,0.0,44.0,511.0,GOOD SHEPHERD,,WDE3016,31,12,22,8,,57,A
367332950,2022-01-03T08:26:32,30.05772,-89.80202,0.0,44.0,511.0,GOOD SHEPHERD,,WDE3016,31,12,22,8,,57,A
367332950,2022-01-03T08:28:53,30.05772,-89.80200,0.0,44.0,511.0,GOOD SHEPHERD,,WDE3016,31,12,22,8,,57,A
367332950,2022-01-03T08:32:31,30.05772,-89.80202,0.0,44.0,511.0,GOOD SHEPHERD,,WDE3016,31,12,22,8,,57,A
367332950,2022-01-03T08:27:41,30.05772,-89.80202,0.0,44.0,511.0,GOOD SHEPHERD,,WDE3016,31,12,22,8,,57,A
367332950,2022-01-03T09:10:52,30.05770,-89.80202,0.0,44.0,511.0,GOOD SHEPHERD,,WDE3016,31,12,22,8,,57,A
367332950,2022-01-03T08:45:23,30.05770,-89.80202,0.0,44.0,511.0,GOOD SHEPHERD,,WDE3016,31,12,22,8,,57,A
367332950,2022-01-03T08:37:13,30.05770,-89.80200,0.0,44.0,511.0,GOOD SHEPHERD,,WDE3016,31,12,22,8,,57,A
367332950,2022-01-03T04:12:22,30.05772,-89.80200,0.0,44.0,511.0,GOOD SHEPHERD,,WDE3016,31,12,22,8,,57,A
367332950,2022-01-03T08:40:52,30.05770,-89.80202,0.0,44.0,511.0,GOOD SHEPHERD,,WDE3016,31,12,22,8,,57,A
367332950,2022-01-03T08:34:22,30.05772,-89.80202,0.0,44.0,511.0,GOOD SHEPHERD,,WDE3016,31,12,22,8,,57,A
367332950,2022-01-03T08:21:41,30.05770,-89.80202,0.0,44.0,511.0,GOOD SHEPHERD,,WDE3016,31,12,22,8,,57,A
367332950,2022-01-03T08:51:12,30.05770,-89.80202,0.0,44.0,511.0,GOOD SHEPHERD,,WDE3016,31,12,22,8,,57,A
367332950,2022-01-03T08:41:53,30.05772,-89.80202,0.0,44.0,511.0,GOOD SHEPHERD,,WDE3016,31,12,22,8,,57,A
367332950,2022-01-03T08:44:11,30.05772,-89.80200,0.0,44.0,511.0,GOOD SHEPHERD,,WDE3016,31,12,22,8,,57,A
367332950,2022-01-03T08:38:22,30.05770,-89.80202,0.0,44.0,511.0,GOOD SHEPHERD,,WDE3016,31,12,22,8,,57,A
367332950,2022-01-03T08:46:33,30.05770,-89.80202,0.0,44.0,511.0,GOOD SHEPHERD,,WDE3016,31,12,22,8,,57,A
367332950,2022-01-03T09:29:52,30.05772,-89.80203,0.0,44.0,511.0,GOOD SHEPHERD,,WDE3016,31,12,22,8,,57,A
367332950,2022-01-03T08:31:21,30.05772,-89.80200,0.0,44.0,511.0,GOOD SHEPHERD,,WDE3016,31,12,22,8,,57,A
367332950,2022-01-03T09:31:11,30.05772,-89.80200,0.0,44.0,511.0,GOOD SHEPHERD,,WDE3016,31,12,22,8,,57,A
367332950,2022-01-03T09:01:13,30.05772,-89.80200,0.0,44.0,511.0,GOOD SHEPHERD,,WDE3016,31,12,22,8,,57,A
367332950,2022-01-03T08:53:32,30.05772,-89.80202,0.0,44.0,511.0,GOOD SHEPHERD,,WDE3016,31,12,22,8,,57,A
367332950,2022-01-03T08:59:41,30.05772,-89.80200,0.0,44.0,511.0,GOOD SHEPHERD,,WDE3016,31,12,22,8,,57,A
367332950,2022-01-03T08:52:22,30.05772,-89.80202,0.0,44.0,511.0,GOOD SHEPHERD,,WDE3016,31,12,22,8,,57,A
367332950,2022-01-03T08:48:52,30.05770,-89.80202,0.0,44.0,511.0,GOOD SHEPHERD,,WDE3016,31,12,22,8,,57,A
367332950,2022-01-03T08:50:03,30.05770,-89.80202,0.0,44.0,511.0,GOOD SHEPHERD,,WDE3016,31,12,22,8,,57,A
367332950,2022-01-03T09:39:42,30.05772,-89.80202,0.0,44.0,511.0,GOOD SHEPHERD,,WDE3016,31,12,22,8,,57,A
367332950,2022-01-03T08:56:13,30.05772,-89.80200,0.0,44.0,511.0,GOOD SHEPHERD,,WDE3016,31,12,22,8,,57,A
367332950,2022-01-03T09:00:02,30.05772,-89.80200,0.0,44.0,511.0,GOOD SHEPHERD,,WDE3016,31,12,22,8,,57,A
367332950,2022-01-03T09:12:22,30.05772,-89.80200,0.0,44.0,511.0,GOOD SHEPHERD,,WDE3016,31,12,22,8,,57,A
367332950,2022-01-03T09:15:52,30.05772,-89.80200,0.0,44.0,511.0,GOOD SHEPHERD,,WDE3016,31,12,22,8,,57,A
367332950,2022-01-03T09:07:22,30.05770,-89.80202,0.0,44.0,511.0,GOOD SHEPHERD,,WDE3016,31,12,22,8,,57,A
367332950,2022-01-03T09:09:43,30.05770,-89.80202,0.0,44.0,511.0,GOOD SHEPHERD,,WDE3016,31,12,22,8,,57,A
367332950,2022-01-03T09:20:32,30.05772,-89.80200,0.0,44.0,511.0,GOOD SHEPHERD,,WDE3016,31,12,22,8,,57,A
367332950,2022-01-03T09:13:33,30.05772,-89.80200,0.0,44.0,511.0,GOOD SHEPHERD,,WDE3016,31,12,22,8,,57,A
367332950,2022-01-03T09:14:43,30.05772,-89.80200,0.0,44.0,511.0,GOOD SHEPHERD,,WDE3016,31,12,22,8,,57,A
367332950,2022-01-03T08:57:23,30.05770,-89.80202,0.0,44.0,511.0,GOOD SHEPHERD,,WDE3016,31,12,22,8,,57,A
367332950,2022-01-03T09:18:12,30.05772,-89.80200,0.0,44.0,511.0,GOOD SHEPHERD,,WDE3016,31,12,22,8,,57,A
367332950,2022-01-03T09:28:43,30.05772,-89.80200,0.0,44.0,511.0,GOOD SHEPHERD,,WDE3016,31,12,22,8,,57,A
367332950,2022-01-03T09:19:23,30.05770,-89.80200,0.0,44.0,511.0,GOOD SHEPHERD,,WDE3016,31,12,22,8,,57,A
367332950,2022-01-03T04:35:03,30.05772,-89.80202,0.0,44.0,511.0,GOOD SHEPHERD,,WDE3016,31,12,22,8,,57,A
367332950,2022-01-03T09:02:22,30.05772,-89.80200,0.0,44.0,511.0,GOOD SHEPHERD,,WDE3016,31,12,22,8,,57,A
367332950,2022-01-03T09:06:03,30.05770,-89.80202,0.0,44.0,511.0,GOOD SHEPHERD,,WDE3016,31,12,22,8,,57,A
367332950,2022-01-03T09:27:33,30.05772,-89.80200,0.0,44.0,511.0,GOOD SHEPHERD,,WDE3016,31,12,22,8,,57,A
367332950,2022-01-03T09:25:13,30.05770,-89.80200,0.0,44.0,511.0,GOOD SHEPHERD,,WDE3016,31,12,22,8,,57,A
367332950,2022-01-03T09:08:32,30.05770,-89.80202,0.0,44.0,511.0,GOOD SHEPHERD,,WDE3016,31,12,22,8,,57,A
367332950,2022-01-03T09:32:42,30.05772,-89.80200,0.0,44.0,511.0,GOOD SHEPHERD,,WDE3016,31,12,22,8,,57,A
367332950,2022-01-03T09:34:21,30.05772,-89.80200,0.0,44.0,511.0,GOOD SHEPHERD,,WDE3016,31,12,22,8,,57,A
367332950,2022-01-03T04:44:32,30.05772,-89.80202,0.0,44.0,511.0,GOOD SHEPHERD,,WDE3016,31,12,22,8,,57,A
367332950,2022-01-03T09:37:23,30.05772,-89.80202,0.0,44.0,511.0,GOOD SHEPHERD,,WDE3016,31,12,22,8,,57,A
367332950,2022-01-03T09:17:03,30.05772,-89.80200,0.0,44.0,511.0,GOOD SHEPHERD,,WDE3016,31,12,22,8,,57,A
367332950,2022-01-03T09:47:52,30.05772,-89.80200,0.0,44.0,511.0,GOOD SHEPHERD,,WDE3016,31,12,22,8,,57,A
367332950,2022-01-03T09:49:13,30.05772,-89.80202,0.0,44.0,511.0,GOOD SHEPHERD,,WDE3016,31,12,22,8,,57,A
367332950,2022-01-03T09:50:41,30.05772,-89.80200,0.0,44.0,511.0,GOOD SHEPHERD,,WDE3016,31,12,22,8,,57,A
367332950,2022-01-03T09:42:42,30.05772,-89.80200,0.0,44.0,511.0,GOOD SHEPHERD,,WDE3016,31,12,22,8,,57,A
367332950,2022-01-03T09:21:41,30.05772,-89.80200,0.0,44.0,511.0,GOOD SHEPHERD,,WDE3016,31,12,22,8,,57,A
367332950,2022-01-03T09:22:42,30.05772,-89.80200,0.0,44.0,511.0,GOOD SHEPHERD,,WDE3016,31,12,22,8,,57,A
367332950,2022-01-03T09:38:31,30.05772,-89.80202,0.0,44.0,511.0,GOOD SHEPHERD,,WDE3016,31,12,22,8,,57,A
367332950,2022-01-03T09:41:31,30.05772,-89.80202,0.0,44.0,511.0,GOOD SHEPHERD,,WDE3016,31,12,22,8,,57,A
367332950,2022-01-03T09:26:22,30.05772,-89.80200,0.0,44.0,511.0,GOOD SHEPHERD,,WDE3016,31,12,22,8,,57,A
367332950,2022-01-03T09:45:02,30.05772,-89.80200,0.0,44.0,511.0,GOOD SHEPHERD,,WDE3016,31,12,22,8,,57,A
367332950,2022-01-03T04:51:52,30.05772,-89.80202,0.0,44.0,511.0,GOOD SHEPHERD,,WDE3016,31,12,22,8,,57,A
367332950,2022-01-03T09:46:41,30.05772,-89.80202,0.0,44.0,511.0,GOOD SHEPHERD,,WDE3016,31,12,22,8,,57,A
367332950,2022-01-03T09:54:13,30.05772,-89.80200,0.0,44.0,511.0,GOOD SHEPHERD,,WDE3016,31,12,22,8,,57,A
367332950,2022-01-03T10:01:12,30.05772,-89.80200,0.0,44.0,511.0,GOOD SHEPHERD,,WDE3016,31,12,22,8,,57,A
367332950,2022-01-03T10:02:22,30.05772,-89.80200,0.0,44.0,511.0,GOOD SHEPHERD,,WDE3016,31,12,22,8,,57,A
367332950,2022-01-03T09:35:52,30.05772,-89.80200,0.0,44.0,511.0,GOOD SHEPHERD,,WDE3016,31,12,22,8,,57,A
367332950,2022-01-03T09:53:02,30.05772,-89.80203,0.0,44.0,511.0,GOOD SHEPHERD,,WDE3016,31,12,22,8,,57,A
367332950,2022-01-03T09:55:31,30.05772,-89.80203,0.0,44.0,511.0,GOOD SHEPHERD,,WDE3016,31,12,22,8,,57,A
367332950,2022-01-03T09:57:51,30.05772,-89.80200,0.0,44.0,511.0,GOOD SHEPHERD,,WDE3016,31,12,22,8,,57,A
367332950,2022-01-03T10:05:51,30.05772,-89.80200,0.0,44.0,511.0,GOOD SHEPHERD,,WDE3016,31,12,22,8,,57,A
367332950,2022-01-03T09:43:52,30.05772,-89.80200,0.0,44.0,511.0,GOOD SHEPHERD,,WDE3016,31,12,22,8,,57,A
367332950,2022-01-03T10:12:32,30.05772,-89.80202,0.0,44.0,511.0,GOOD SHEPHERD,,WDE3016,31,12,22,8,,57,A
367332950,2022-01-03T10:49:03,30.05772,-89.80202,0.0,44.0,511.0,GOOD SHEPHERD,,WDE3016,31,12,22,8,,57,A
367332950,2022-01-03T10:03:32,30.05772,-89.80200,0.0,44.0,511.0,GOOD SHEPHERD,,WDE3016,31,12,22,8,,57,A
367332950,2022-01-03T09:51:51,30.05772,-89.80200,0.0,44.0,511.0,GOOD SHEPHERD,,WDE3016,31,12,22,8,,57,A
367332950,2022-01-03T10:19:32,30.05772,-89.80202,0.0,44.0,511.0,GOOD SHEPHERD,,WDE3016,31,12,22,8,,57,A
367332950,2022-01-03T10:07:13,30.05772,-89.80202,0.0,44.0,511.0,GOOD SHEPHERD,,WDE3016,31,12,22,8,,57,A
367332950,2022-01-03T10:55:12,30.05772,-89.80202,0.0,44.0,511.0,GOOD SHEPHERD,,WDE3016,31,12,22,8,,57,A
367332950,2022-01-03T05:06:22,30.05772,-89.80202,0.0,44.0,511.0,GOOD SHEPHERD,,WDE3016,31,12,22,8,,57,A
367332950,2022-01-03T10:14:51,30.05772,-89.80202,0.0,44.0,511.0,GOOD SHEPHERD,,WDE3016,31,12,22,8,,57,A
367332950,2022-01-03T09:56:42,30.05772,-89.80203,0.0,44.0,511.0,GOOD SHEPHERD,,WDE3016,31,12,22,8,,57,A
367332950,2022-01-03T10:13:42,30.05772,-89.80200,0.0,44.0,511.0,GOOD SHEPHERD,,WDE3016,31,12,22,8,,57,A
367332950,2022-01-03T10:10:13,30.05772,-89.80202,0.0,44.0,511.0,GOOD SHEPHERD,,WDE3016,31,12,22,8,,57,A
367332950,2022-01-03T10:26:32,30.05772,-89.80202,0.0,44.0,511.0,GOOD SHEPHERD,,WDE3016,31,12,22,8,,57,A
367332950,2022-01-03T11:02:21,30.05772,-89.80202,0.0,44.0,511.0,GOOD SHEPHERD,,WDE3016,31,12,22,8,,57,A
367332950,2022-01-03T10:29:01,30.05772,-89.80202,0.0,44.0,511.0,GOOD SHEPHERD,,WDE3016,31,12,22,8,,57,A
367332950,2022-01-03T10:16:03,30.05772,-89.80202,0.0,44.0,511.0,GOOD SHEPHERD,,WDE3016,31,12,22,8,,57,A
367332950,2022-01-03T10:17:13,30.05772,-89.80200,0.0,44.0,511.0,GOOD SHEPHERD,,WDE3016,31,12,22,8,,57,A
367332950,2022-01-03T10:25:22,30.05772,-89.80202,0.0,44.0,511.0,GOOD SHEPHERD,,WDE3016,31,12,22,8,,57,A
367332950,2022-01-03T10:08:52,30.05772,-89.80202,0.0,44.0,511.0,GOOD SHEPHERD,,WDE3016,31,12,22,8,,57,A
367332950,2022-01-03T10:32:32,30.05772,-89.80202,0.0,44.0,511.0,GOOD SHEPHERD,,WDE3016,31,12,22,8,,57,A
367332950,2022-01-03T10:21:52,30.05772,-89.80202,0.0,44.0,511.0,GOOD SHEPHERD,,WDE3016,31,12,22,8,,57,A
367332950,2022-01-03T10:11:23,30.05772,-89.80202,0.0,44.0,511.0,GOOD SHEPHERD,,WDE3016,31,12,22,8,,57,A
367332950,2022-01-03T10:24:13,30.05772,-89.80202,0.0,44.0,511.0,GOOD SHEPHERD,,WDE3016,31,12,22,8,,57,A
367332950,2022-01-03T05:19:42,30.05772,-89.80202,0.0,44.0,511.0,GOOD SHEPHERD,,WDE3016,31,12,22,8,,57,A
367332950,2022-01-03T10:39:41,30.05772,-89.80202,0.0,44.0,511.0,GOOD SHEPHERD,,WDE3016,31,12,22,8,,57,A
367332950,2022-01-03T10:33:41,30.05772,-89.80198,0.0,44.0,511.0,GOOD SHEPHERD,,WDE3016,31,12,22,8,,57,A
367332950,2022-01-03T10:36:13,30.05772,-89.80202,0.0,44.0,511.0,GOOD SHEPHERD,,WDE3016,31,12,22,8,,57,A
367332950,2022-01-03T10:30:13,30.05772,-89.80202,0.0,44.0,511.0,GOOD SHEPHERD,,WDE3016,31,12,22,8,,57,A
367332950,2022-01-03T10:18:21,30.05772,-89.80202,0.0,44.0,511.0,GOOD SHEPHERD,,WDE3016,31,12,22,8,,57,A
367332950,2022-01-03T10:37:22,30.05772,-89.80202,0.0,44.0,511.0,GOOD SHEPHERD,,WDE3016,31,12,22,8,,57,A
367332950,2022-01-03T05:23:33,30.05770,-89.80200,0.0,44.0,511.0,GOOD SHEPHERD,,WDE3016,31,12,22,8,,57,A
367332950,2022-01-03T10:23:02,30.05772,-89.80202,0.0,44.0,511.0,GOOD SHEPHERD,,WDE3016,31,12,22,8,,57,A
367332950,2022-01-03T11:21:43,30.05772,-89.80198,0.0,44.0,511.0,GOOD SHEPHERD,,WDE3016,31,12,22,8,,57,A
367332950,2022-01-03T10:50:12,30.05772,-89.80202,0.0,44.0,511.0,GOOD SHEPHERD,,WDE3016,31,12,22,8,,57,A
367332950,2022-01-03T10:38:32,30.05772,-89.80202,0.0,44.0,511.0,GOOD SHEPHERD,,WDE3016,31,12,22,8,,57,A
367332950,2022-01-03T10:51:33,30.05772,-89.80202,0.0,44.0,511.0,GOOD SHEPHERD,,WDE3016,31,12,22,8,,57,A
367332950,2022-01-03T10:40:42,30.05772,-89.80202,0.0,44.0,511.0,GOOD SHEPHERD,,WDE3016,31,12,22,8,,57,A
367332950,2022-01-03T10:31:22,30.05772,-89.80202,0.0,44.0,511.0,GOOD SHEPHERD,,WDE3016,31,12,22,8,,57,A
367332950,2022-01-03T05:30:51,30.05772,-89.80202,0.0,44.0,511.0,GOOD SHEPHERD,,WDE3016,31,12,22,8,,57,A
367332950,2022-01-03T11:31:33,30.05772,-89.80198,0.0,44.0,511.0,GOOD SHEPHERD,,WDE3016,31,12,22,8,,57,A
367332950,2022-01-03T10:41:51,30.05772,-89.80202,0.0,44.0,511.0,GOOD SHEPHERD,,WDE3016,31,12,22,8,,57,A
367332950,2022-01-03T10:35:01,30.05772,-89.80202,0.0,44.0,511.0,GOOD SHEPHERD,,WDE3016,31,12,22,8,,57,A
367332950,2022-01-03T10:43:02,30.05772,-89.80202,0.0,44.0,511.0,GOOD SHEPHERD,,WDE3016,31,12,22,8,,57,A
367332950,2022-01-03T10:59:03,30.05772,-89.80202,0.0,44.0,511.0,GOOD SHEPHERD,,WDE3016,31,12,22,8,,57,A
367332950,2022-01-03T11:05:42,30.05772,-89.80198,0.0,44.0,511.0,GOOD SHEPHERD,,WDE3016,31,12,22,8,,57,A
367332950,2022-01-03T05:33:02,30.05772,-89.80202,0.0,44.0,511.0,GOOD SHEPHERD,,WDE3016,31,12,22,8,,57,A
367332950,2022-01-03T10:52:52,30.05770,-89.80202,0.0,44.0,511.0,GOOD SHEPHERD,,WDE3016,31,12,22,8,,57,A
367332950,2022-01-03T11:09:12,30.05772,-89.80202,0.0,44.0,511.0,GOOD SHEPHERD,,WDE3016,31,12,22,8,,57,A
367332950,2022-01-03T10:44:03,30.05772,-89.80202,0.0,44.0,511.0,GOOD SHEPHERD,,WDE3016,31,12,22,8,,57,A
367332950,2022-01-03T10:54:03,30.05772,-89.80202,0.0,44.0,511.0,GOOD SHEPHERD,,WDE3016,31,12,22,8,,57,A
367332950,2022-01-03T10:45:22,30.05772,-89.80198,0.0,44.0,511.0,GOOD SHEPHERD,,WDE3016,31,12,22,8,,57,A
367332950,2022-01-03T11:11:42,30.05772,-89.80202,0.0,44.0,511.0,GOOD SHEPHERD,,WDE3016,31,12,22,8,,57,A
367332950,2022-01-03T10:46:33,30.05772,-89.80202,0.0,44.0,511.0,GOOD SHEPHERD,,WDE3016,31,12,22,8,,57,A
367332950,2022-01-03T11:49:13,30.05770,-89.80198,0.0,44.0,511.0,GOOD SHEPHERD,,WDE3016,31,12,22,8,,57,A
367332950,2022-01-03T10:47:42,30.05772,-89.80202,0.0,44.0,511.0,GOOD SHEPHERD,,WDE3016,31,12,22,8,,57,A
367332950,2022-01-03T10:56:42,30.05772,-89.80202,0.0,44.0,511.0,GOOD SHEPHERD,,WDE3016,31,12,22,8,,57,A
367332950,2022-01-03T11:03:32,30.05772,-89.80198,0.0,44.0,511.0,GOOD SHEPHERD,,WDE3016,31,12,22,8,,57,A
367332950,2022-01-03T11:04:33,30.05772,-89.80202,0.0,44.0,511.0,GOOD SHEPHERD,,WDE3016,31,12,22,8,,57,A
367332950,2022-01-03T11:12:52,30.05772,-89.80202,0.0,44.0,511.0,GOOD SHEPHERD,,WDE3016,31,12,22,8,,57,A
367332950,2022-01-03T11:08:03,30.05772,-89.80202,0.0,44.0,511.0,GOOD SHEPHERD,,WDE3016,31,12,22,8,,57,A
367332950,2022-01-03T11:01:11,30.05772,-89.80198,0.0,44.0,511.0,GOOD SHEPHERD,,WDE3016,31,12,22,8,,57,A
367332950,2022-01-03T11:10:32,30.05772,-89.80202,0.0,44.0,511.0,GOOD SHEPHERD,,WDE3016,31,12,22,8,,57,A
367332950,2022-01-03T10:57:52,30.05772,-89.80198,0.0,44.0,511.0,GOOD SHEPHERD,,WDE3016,31,12,22,8,,57,A
367332950,2022-01-03T11:58:32,30.05772,-89.80198,0.0,44.0,511.0,GOOD SHEPHERD,,WDE3016,31,12,22,8,,57,A
367332950,2022-01-03T11:00:01,30.05772,-89.80198,0.0,44.0,511.0,GOOD SHEPHERD,,WDE3016,31,12,22,8,,57,A
367332950,2022-01-03T11:06:53,30.05772,-89.80200,0.0,44.0,511.0,GOOD SHEPHERD,,WDE3016,31,12,22,8,,57,A
367332950,2022-01-03T11:16:43,30.05772,-89.80198,0.0,44.0,511.0,GOOD SHEPHERD,,WDE3016,31,12,22,8,,57,A
367332950,2022-01-03T11:17:52,30.05772,-89.80202,0.0,44.0,511.0,GOOD SHEPHERD,,WDE3016,31,12,22,8,,57,A
367332950,2022-01-03T11:25:32,30.05772,-89.80200,0.0,44.0,511.0,GOOD SHEPHERD,,WDE3016,31,12,22,8,,57,A
367332950,2022-01-03T11:19:12,30.05772,-89.80198,0.0,44.0,511.0,GOOD SHEPHERD,,WDE3016,31,12,22,8,,57,A
367332950,2022-01-03T11:14:22,30.05772,-89.80202,0.0,44.0,511.0,GOOD SHEPHERD,,WDE3016,31,12,22,8,,57,A
367332950,2022-01-03T11:33:52,30.05770,-89.80202,0.0,44.0,511.0,GOOD SHEPHERD,,WDE3016,31,12,22,8,,57,A
367332950,2022-01-03T12:15:01,30.05772,-89.80202,0.0,44.0,511.0,GOOD SHEPHERD,,WDE3016,31,12,22,8,,57,A
367332950,2022-01-03T11:35:21,30.05770,-89.80202,0.0,44.0,511.0,GOOD SHEPHERD,,WDE3016,31,12,22,8,,57,A
367332950,2022-01-03T11:37:52,30.05772,-89.80198,0.0,44.0,511.0,GOOD SHEPHERD,,WDE3016,31,12,22,8,,57,A
367332950,2022-01-03T11:23:03,30.05772,-89.80200,0.0,44.0,511.0,GOOD SHEPHERD,,WDE3016,31,12,22,8,,57,A
367332950,2022-01-03T11:27:52,30.05770,-89.80202,0.0,44.0,511.0,GOOD SHEPHERD,,WDE3016,31,12,22,8,,57,A
367332950,2022-01-03T11:29:01,30.05770,-89.80202,0.0,44.0,511.0,GOOD SHEPHERD,,WDE3016,31,12,22,8,,57,A
367332950,2022-01-03T11:30:21,30.05770,-89.80198,0.0,44.0,511.0,GOOD SHEPHERD,,WDE3016,31,12,22,8,,57,A
367332950,2022-01-03T11:44:11,30.05770,-89.80198,0.0,44.0,511.0,GOOD SHEPHERD,,WDE3016,31,12,22,8,,57,A
367332950,2022-01-03T11:26:43,30.05770,-89.80198,0.0,44.0,511.0,GOOD SHEPHERD,,WDE3016,31,12,22,8,,57,A
367332950,2022-01-03T11:53:42,30.05772,-89.80198,0.0,44.0,511.0,GOOD SHEPHERD,,WDE3016,31,12,22,8,,57,A
367332950,2022-01-03T11:54:52,30.05770,-89.80198,0.0,44.0,511.0,GOOD SHEPHERD,,WDE3016,31,12,22,8,,57,A
367332950,2022-01-03T11:51:23,30.05772,-89.80198,0.0,44.0,511.0,GOOD SHEPHERD,,WDE3016,31,12,22,8,,57,A
367332950,2022-01-03T11:48:03,30.05770,-89.80202,0.0,44.0,511.0,GOOD SHEPHERD,,WDE3016,31,12,22,8,,57,A
367332950,2022-01-03T11:32:43,30.05772,-89.80198,0.0,44.0,511.0,GOOD SHEPHERD,,WDE3016,31,12,22,8,,57,A
367332950,2022-01-03T11:39:12,30.05770,-89.80202,0.0,44.0,511.0,GOOD SHEPHERD,,WDE3016,31,12,22,8,,57,A
367332950,2022-01-03T12:35:52,30.05772,-89.80202,0.0,44.0,511.0,GOOD SHEPHERD,,WDE3016,31,12,22,8,,57,A
367332950,2022-01-03T12:03:23,30.05772,-89.80198,0.0,44.0,511.0,GOOD SHEPHERD,,WDE3016,31,12,22,8,,57,A
367332950,2022-01-03T11:42:52,30.05770,-89.80202,0.0,44.0,511.0,GOOD SHEPHERD,,WDE3016,31,12,22,8,,57,A
367332950,2022-01-03T11:56:12,30.05772,-89.80198,0.0,44.0,511.0,GOOD SHEPHERD,,WDE3016,31,12,22,8,,57,A
367332950,2022-01-03T11:40:13,30.05770,-89.80202,0.0,44.0,511.0,GOOD SHEPHERD,,WDE3016,31,12,22,8,,57,A
367332950,2022-01-03T11:41:43,30.05770,-89.80202,0.0,44.0,511.0,GOOD SHEPHERD,,WDE3016,31,12,22,8,,57,A
367332950,2022-01-03T11:46:51,30.05770,-89.80202,0.0,44.0,511.0,GOOD SHEPHERD,,WDE3016,31,12,22,8,,57,A
367332950,2022-01-03T11:59:42,30.05772,-89.80202,0.0,44.0,511.0,GOOD SHEPHERD,,WDE3016,31,12,22,8,,57,A
367332950,2022-01-03T12:41:41,30.05772,-89.80202,0.0,44.0,511.0,GOOD SHEPHERD,,WDE3016,31,12,22,8,,57,A
367332950,2022-01-03T12:42:42,30.05772,-89.80202,0.0,44.0,511.0,GOOD SHEPHERD,,WDE3016,31,12,22,8,,57,A
367332950,2022-01-03T12:02:12,30.05772,-89.80198,0.0,44.0,511.0,GOOD SHEPHERD,,WDE3016,31,12,22,8,,57,A
367332950,2022-01-03T11:50:22,30.05770,-89.80198,0.0,44.0,511.0,GOOD SHEPHERD,,WDE3016,31,12,22,8,,57,A
367332950,2022-01-03T12:48:32,30.05772,-89.80202,0.0,44.0,511.0,GOOD SHEPHERD,,WDE3016,31,12,22,8,,57,A
367332950,2022-01-03T12:13:12,30.05772,-89.80200,0.0,44.0,511.0,GOOD SHEPHERD,,WDE3016,31,12,22,8,,57,A
367332950,2022-01-03T12:49:42,30.05772,-89.80202,0.0,44.0,511.0,GOOD SHEPHERD,,WDE3016,31,12,22,8,,57,A
367332950,2022-01-03T11:52:31,30.05772,-89.80198,0.0,44.0,511.0,GOOD SHEPHERD,,WDE3016,31,12,22,8,,57,A
367332950,2022-01-03T12:52:12,30.05773,-89.80202,0.0,44.0,511.0,GOOD SHEPHERD,,WDE3016,31,12,22,8,,57,A
367332950,2022-01-03T12:09:32,30.05772,-89.80198,0.0,44.0,511.0,GOOD SHEPHERD,,WDE3016,31,12,22,8,,57,A
367332950,2022-01-03T12:17:23,30.05772,-89.80202,0.0,44.0,511.0,GOOD SHEPHERD,,WDE3016,31,12,22,8,,57,A
367332950,2022-01-03T11:57:23,30.05772,-89.80198,0.0,44.0,511.0,GOOD SHEPHERD,,WDE3016,31,12,22,8,,57,A
367332950,2022-01-03T12:54:32,30.05773,-89.80202,0.0,44.0,511.0,GOOD SHEPHERD,,WDE3016,31,12,22,8,,57,A
367332950,2022-01-03T12:18:32,30.05772,-89.80202,0.0,44.0,511.0,GOOD SHEPHERD,,WDE3016,31,12,22,8,,57,A
367332950,2022-01-03T12:56:01,30.05773,-89.80202,0.0,44.0,511.0,GOOD SHEPHERD,,WDE3016,31,12,22,8,,57,A
367332950,2022-01-03T12:01:03,30.05772,-89.80198,0.0,44.0,511.0,GOOD SHEPHERD,,WDE3016,31,12,22,8,,57,A
367332950,2022-01-03T12:22:02,30.05772,-89.80198,0.0,44.0,511.0,GOOD SHEPHERD,,WDE3016,31,12,22,8,,57,A
367332950,2022-01-03T12:12:01,30.05772,-89.80198,0.0,44.0,511.0,GOOD SHEPHERD,,WDE3016,31,12,22,8,,57,A
367332950,2022-01-03T12:20:53,30.05772,-89.80202,0.0,44.0,511.0,GOOD SHEPHERD,,WDE3016,31,12,22,8,,57,A
367332950,2022-01-03T13:03:53,30.05772,-89.80202,0.0,44.0,511.0,GOOD SHEPHERD,,WDE3016,31,12,22,8,,57,A
367332950,2022-01-03T12:05:42,30.05772,-89.80198,0.0,44.0,511.0,GOOD SHEPHERD,,WDE3016,31,12,22,8,,57,A
367332950,2022-01-03T13:05:02,30.05773,-89.80202,0.0,44.0,511.0,GOOD SHEPHERD,,WDE3016,31,12,22,8,,57,A
367332950,2022-01-03T12:23:12,30.05772,-89.80202,0.0,44.0,511.0,GOOD SHEPHERD,,WDE3016,31,12,22,8,,57,A
367332950,2022-01-03T12:16:12,30.05772,-89.80202,0.0,44.0,511.0,GOOD SHEPHERD,,WDE3016,31,12,22,8,,57,A
367332950,2022-01-03T12:24:13,30.05772,-89.80202,0.0,44.0,511.0,GOOD SHEPHERD,,WDE3016,31,12,22,8,,57,A
367332950,2022-01-03T12:08:13,30.05772,-89.80202,0.0,44.0,511.0,GOOD SHEPHERD,,WDE3016,31,12,22,8,,57,A
367332950,2022-01-03T06:15:33,30.05772,-89.80202,0.0,44.0,511.0,GOOD SHEPHERD,,WDE3016,31,12,22,8,,57,A
367332950,2022-01-03T13:08:32,30.05773,-89.80202,0.0,44.0,511.0,GOOD SHEPHERD,,WDE3016,31,12,22,8,,57,A
367332950,2022-01-03T12:10:43,30.05772,-89.80198,0.0,44.0,511.0,GOOD SHEPHERD,,WDE3016,31,12,22,8,,57,A
367332950,2022-01-03T12:19:42,30.05772,-89.80198,0.0,44.0,511.0,GOOD SHEPHERD,,WDE3016,31,12,22,8,,57,A
367332950,2022-01-03T12:28:52,30.05772,-89.80202,0.0,44.0,511.0,GOOD SHEPHERD,,WDE3016,31,12,22,8,,57,A
367332950,2022-01-03T12:30:12,30.05772,-89.80202,0.0,44.0,511.0,GOOD SHEPHERD,,WDE3016,31,12,22,8,,57,A
367332950,2022-01-03T12:26:32,30.05772,-89.80202,0.0,44.0,511.0,GOOD SHEPHERD,,WDE3016,31,12,22,8,,57,A
367332950,2022-01-03T12:34:31,30.05772,-89.80202,0.0,44.0,511.0,GOOD SHEPHERD,,WDE3016,31,12,22,8,,57,A
367332950,2022-01-03T12:38:12,30.05772,-89.80202,0.0,44.0,511.0,GOOD SHEPHERD,,WDE3016,31,12,22,8,,57,A
367332950,2022-01-03T13:23:02,30.05772,-89.80200,0.0,44.0,511.0,GOOD SHEPHERD,,WDE3016,31,12,22,8,,57,A
367332950,2022-01-03T12:46:12,30.05772,-89.80202,0.0,44.0,511.0,GOOD SHEPHERD,,WDE3016,31,12,22,8,,57,A
367332950,2022-01-03T12:32:01,30.05772,-89.80202,0.0,44.0,511.0,GOOD SHEPHERD,,WDE3016,31,12,22,8,,57,A
367332950,2022-01-03T06:22:42,30.05772,-89.80202,0.0,44.0,511.0,GOOD SHEPHERD,,WDE3016,31,12,22,8,,57,A
367332950,2022-01-03T12:27:41,30.05772,-89.80198,0.0,44.0,511.0,GOOD SHEPHERD,,WDE3016,31,12,22,8,,57,A
367332950,2022-01-03T12:43:52,30.05772,-89.80200,0.0,44.0,511.0,GOOD SHEPHERD,,WDE3016,31,12,22,8,,57,A
367332950,2022-01-03T13:29:12,30.05773,-89.80200,0.0,44.0,511.0,GOOD SHEPHERD,,WDE3016,31,12,22,8,,57,A
367332950,2022-01-03T06:25:02,30.05772,-89.80202,0.0,44.0,511.0,GOOD SHEPHERD,,WDE3016,31,12,22,8,,57,A
367332950,2022-01-03T12:33:02,30.05772,-89.80202,0.0,44.0,511.0,GOOD SHEPHERD,,WDE3016,31,12,22,8,,57,A
367332950,2022-01-03T12:57:12,30.05773,-89.80202,0.0,44.0,511.0,GOOD SHEPHERD,,WDE3016,31,12,22,8,,57,A
367332950,2022-01-03T12:45:02,30.05772,-89.80202,0.0,44.0,511.0,GOOD SHEPHERD,,WDE3016,31,12,22,8,,57,A
367332950,2022-01-03T12:37:02,30.05772,-89.80202,0.0,44.0,511.0,GOOD SHEPHERD,,WDE3016,31,12,22,8,,57,A
367332950,2022-01-03T12:59:31,30.05772,-89.80202,0.0,44.0,511.0,GOOD SHEPHERD,,WDE3016,31,12,22,8,,57,A
367332950,2022-01-03T12:50:53,30.05772,-89.80202,0.0,44.0,511.0,GOOD SHEPHERD,,WDE3016,31,12,22,8,,57,A
367332950,2022-01-03T13:37:21,30.05772,-89.80198,0.0,44.0,511.0,GOOD SHEPHERD,,WDE3016,31,12,22,8,,57,A
367332950,2022-01-03T13:02:31,30.05772,-89.80202,0.0,44.0,511.0,GOOD SHEPHERD,,WDE3016,31,12,22,8,,57,A
367332950,2022-01-03T12:40:32,30.05772,-89.80202,0.0,44.0,511.0,GOOD SHEPHERD,,WDE3016,31,12,22,8,,57,A
367332950,2022-01-03T13:42:02,30.05773,-89.80202,0.0,44.0,511.0,GOOD SHEPHERD,,WDE3016,31,12,22,8,,57,A
367332950,2022-01-03T12:58:23,30.05772,-89.80202,0.0,44.0,511.0,GOOD SHEPHERD,,WDE3016,31,12,22,8,,57,A
367332950,2022-01-03T13:45:43,30.05772,-89.80202,0.0,44.0,511.0,GOOD SHEPHERD,,WDE3016,31,12,22,8,,57,A
367332950,2022-01-03T13:00:12,30.05772,-89.80202,0.0,44.0,511.0,GOOD SHEPHERD,,WDE3016,31,12,22,8,,57,A
367332950,2022-01-03T12:47:22,30.05772,-89.80202,0.0,44.0,511.0,GOOD SHEPHERD,,WDE3016,31,12,22,8,,57,A
367332950,2022-01-03T13:14:42,30.05773,-89.80203,0.0,44.0,511.0,GOOD SHEPHERD,,WDE3016,31,12,22,8,,57,A
367332950,2022-01-03T13:15:52,30.05773,-89.80202,0.0,44.0,511.0,GOOD SHEPHERD,,WDE3016,31,12,22,8,,57,A
367332950,2022-01-03T13:01:22,30.05772,-89.80202,0.0,44.0,511.0,GOOD SHEPHERD,,WDE3016,31,12,22,8,,57,A
367332950,2022-01-03T06:35:02,30.05772,-89.80202,0.0,44.0,511.0,GOOD SHEPHERD,,WDE3016,31,12,22,8,,57,A
367332950,2022-01-03T12:53:23,30.05773,-89.80202,0.0,44.0,511.0,GOOD SHEPHERD,,WDE3016,31,12,22,8,,57,A
367332950,2022-01-03T13:09:42,30.05773,-89.80202,0.0,44.0,511.0,GOOD SHEPHERD,,WDE3016,31,12,22,8,,57,A
367332950,2022-01-03T13:58:12,30.05772,-89.80202,0.0,44.0,511.0,GOOD SHEPHERD,,WDE3016,31,12,22,8,,57,A
367332950,2022-01-03T14:02:22,30.05772,-89.80202,0.0,44.0,511.0,GOOD SHEPHERD,,WDE3016,31,12,22,8,,57,A
367332950,2022-01-03T13:18:12,30.05773,-89.80202,0.0,44.0,511.0,GOOD SHEPHERD,,WDE3016,31,12,22,8,,57,A
367332950,2022-01-03T13:13:12,30.05773,-89.80200,0.0,44.0,511.0,GOOD SHEPHERD,,WDE3016,31,12,22,8,,57,A
367332950,2022-01-03T13:19:22,30.05773,-89.80202,0.0,44.0,511.0,GOOD SHEPHERD,,WDE3016,31,12,22,8,,57,A
367332950,2022-01-03T13:24:11,30.05772,-89.80200,0.0,44.0,511.0,GOOD SHEPHERD,,WDE3016,31,12,22,8,,57,A
367332950,2022-01-03T13:07:22,30.05773,-89.80202,0.0,44.0,511.0,GOOD SHEPHERD,,WDE3016,31,12,22,8,,57,A
367332950,2022-01-03T13:38:22,30.05772,-89.80200,0.0,44.0,511.0,GOOD SHEPHERD,,WDE3016,31,12,22,8,,57,A
367332950,2022-01-03T13:12:03,30.05773,-89.80200,0.0,44.0,511.0,GOOD SHEPHERD,,WDE3016,31,12,22,8,,57,A
367332950,2022-01-03T14:16:51,30.05772,-89.80200,0.0,44.0,511.0,GOOD SHEPHERD,,WDE3016,31,12,22,8,,57,A
367332950,2022-01-03T06:44:32,30.05772,-89.80202,0.0,44.0,511.0,GOOD SHEPHERD,,WDE3016,31,12,22,8,,57,A
367332950,2022-01-03T13:31:41,30.05773,-89.80200,0.0,44.0,511.0,GOOD SHEPHERD,,WDE3016,31,12,22,8,,57,A
367332950,2022-01-03T13:25:32,30.05772,-89.80202,0.0,44.0,511.0,GOOD SHEPHERD,,WDE3016,31,12,22,8,,57,A
367332950,2022-01-03T13:20:42,30.05773,-89.80200,0.0,44.0,511.0,GOOD SHEPHERD,,WDE3016,31,12,22,8,,57,A
367332950,2022-01-03T13:21:53,30.05773,-89.80202,0.0,44.0,511.0,GOOD SHEPHERD,,WDE3016,31,12,22,8,,57,A
367332950,2022-01-03T13:26:53,30.05772,-89.80200,0.0,44.0,511.0,GOOD SHEPHERD,,WDE3016,31,12,22,8,,57,A
367332950,2022-01-03T13:34:02,30.05772,-89.80202,0.0,44.0,511.0,GOOD SHEPHERD,,WDE3016,31,12,22,8,,57,A
367332950,2022-01-03T13:35:53,30.05773,-89.80202,0.0,44.0,511.0,GOOD SHEPHERD,,WDE3016,31,12,22,8,,57,A
367332950,2022-01-03T13:50:03,30.05768,-89.80202,0.0,44.0,511.0,GOOD SHEPHERD,,WDE3016,31,12,22,8,,57,A
367332950,2022-01-03T14:26:12,30.05772,-89.80200,0.0,44.0,511.0,GOOD SHEPHERD,,WDE3016,31,12,22,8,,57,A
367332950,2022-01-03T13:30:32,30.05773,-89.80202,0.0,44.0,511.0,GOOD SHEPHERD,,WDE3016,31,12,22,8,,57,A
367332950,2022-01-03T13:39:42,30.05772,-89.80198,0.0,44.0,511.0,GOOD SHEPHERD,,WDE3016,31,12,22,8,,57,A
367332950,2022-01-03T13:55:42,30.05772,-89.80202,0.0,44.0,511.0,GOOD SHEPHERD,,WDE3016,31,12,22,8,,57,A
367332950,2022-01-03T13:43:12,30.05772,-89.80202,0.0,44.0,511.0,GOOD SHEPHERD,,WDE3016,31,12,22,8,,57,A
367332950,2022-01-03T13:28:02,30.05773,-89.80200,0.0,44.0,511.0,GOOD SHEPHERD,,WDE3016,31,12,22,8,,57,A
367332950,2022-01-03T13:47:03,30.05772,-89.80202,0.0,44.0,511.0,GOOD SHEPHERD,,WDE3016,31,12,22,8,,57,A
367332950,2022-01-03T14:36:22,30.05770,-89.80203,0.0,44.0,511.0,GOOD SHEPHERD,,WDE3016,31,12,22,8,,57,A
367332950,2022-01-03T13:32:53,30.05773,-89.80202,0.0,44.0,511.0,GOOD SHEPHERD,,WDE3016,31,12,22,8,,57,A
367332950,2022-01-03T14:03:32,30.05772,-89.80200,0.0,44.0,511.0,GOOD SHEPHERD,,WDE3016,31,12,22,8,,57,A
367332950,2022-01-03T13:40:52,30.05772,-89.80198,0.0,44.0,511.0,GOOD SHEPHERD,,WDE3016,31,12,22,8,,57,A
367332950,2022-01-03T14:41:03,30.05770,-89.80203,0.0,44.0,511.0,GOOD SHEPHERD,,WDE3016,31,12,22,8,,57,A
367332950,2022-01-03T06:49:21,30.05772,-89.80203,0.0,44.0,511.0,GOOD SHEPHERD,,WDE3016,31,12,22,8,,57,A
367332950,2022-01-03T06:50:33,30.05772,-89.80203,0.0,44.0,511.0,GOOD SHEPHERD,,WDE3016,31,12,22,8,,57,A
367332950,2022-01-03T14:42:12,30.05770,-89.80202,0.0,44.0,511.0,GOOD SHEPHERD,,WDE3016,31,12,22,8,,57,A
367332950,2022-01-03T13:53:23,30.05768,-89.80202,0.0,44.0,511.0,GOOD SHEPHERD,,WDE3016,31,12,22,8,,57,A
367332950,2022-01-03T13:54:41,30.05772,-89.80202,0.0,44.0,511.0,GOOD SHEPHERD,,WDE3016,31,12,22,8,,57,A
367332950,2022-01-03T13:48:12,30.05770,-89.80202,0.0,44.0,511.0,GOOD SHEPHERD,,WDE3016,31,12,22,8,,57,A
367332950,2022-01-03T14:54:12,30.05772,-89.80200,0.0,44.0,511.0,GOOD SHEPHERD,,WDE3016,31,12,22,8,,57,A
367332950,2022-01-03T14:55:21,30.05772,-89.80200,0.0,44.0,511.0,GOOD SHEPHERD,,WDE3016,31,12,22,8,,57,A
367332950,2022-01-03T14:04:43,30.05772,-89.80200,0.0,44.0,511.0,GOOD SHEPHERD,,WDE3016,31,12,22,8,,57,A
367332950,2022-01-03T14:22:12,30.05772,-89.80203,0.0,44.0,511.0,GOOD SHEPHERD,,WDE3016,31,12,22,8,,57,A
367332950,2022-01-03T13:51:12,30.05768,-89.80202,0.0,44.0,511.0,GOOD SHEPHERD,,WDE3016,31,12,22,8,,57,A
367332950,2022-01-03T14:23:31,30.05772,-89.80203,0.0,44.0,511.0,GOOD SHEPHERD,,WDE3016,31,12,22,8,,57,A
367332950,2022-01-03T13:52:13,30.05768,-89.80202,0.0,44.0,511.0,GOOD SHEPHERD,,WDE3016,31,12,22,8,,57,A
367332950,2022-01-03T14:08:22,30.05772,-89.80200,0.0,44.0,511.0,GOOD SHEPHERD,,WDE3016,31,12,22,8,,57,A
367332950,2022-01-03T14:15:42,30.05772,-89.80200,0.0,44.0,511.0,GOOD SHEPHERD,,WDE3016,31,12,22,8,,57,A
367332950,2022-01-03T14:10:42,30.05772,-89.80200,0.0,44.0,511.0,GOOD SHEPHERD,,WDE3016,31,12,22,8,,57,A
367332950,2022-01-03T13:56:52,30.05772,-89.80202,0.0,44.0,511.0,GOOD SHEPHERD,,WDE3016,31,12,22,8,,57,A
367332950,2022-01-03T14:12:01,30.05772,-89.80203,0.0,44.0,511.0,GOOD SHEPHERD,,WDE3016,31,12,22,8,,57,A
367332950,2022-01-03T06:58:22,30.05772,-89.80203,0.0,44.0,511.0,GOOD SHEPHERD,,WDE3016,31,12,22,8,,57,A
367332950,2022-01-03T14:00:02,30.05772,-89.80202,0.0,44.0,511.0,GOOD SHEPHERD,,WDE3016,31,12,22,8,,57,A
367332950,2022-01-03T14:13:12,30.05772,-89.80203,0.0,44.0,511.0,GOOD SHEPHERD,,WDE3016,31,12,22,8,,57,A
367332950,2022-01-03T15:15:13,30.05772,-89.80200,0.0,44.0,511.0,GOOD SHEPHERD,,WDE3016,31,12,22,8,,57,A
367332950,2022-01-03T14:32:01,30.05772,-89.80200,0.0,44.0,511.0,GOOD SHEPHERD,,WDE3016,31,12,22,8,,57,A
367332950,2022-01-03T14:52:52,30.05772,-89.80200,0.0,44.0,511.0,GOOD SHEPHERD,,WDE3016,31,12,22,8,,57,A
367332950,2022-01-03T14:27:32,30.05772,-89.80200,0.0,44.0,511.0,GOOD SHEPHERD,,WDE3016,31,12,22,8,,57,A
367332950,2022-01-03T14:19:22,30.05772,-89.80200,0.0,44.0,511.0,GOOD SHEPHERD,,WDE3016,31,12,22,8,,57,A
367332950,2022-01-03T07:05:51,30.05772,-89.80200,0.0,44.0,511.0,GOOD SHEPHERD,,WDE3016,31,12,22,8,,57,A
367332950,2022-01-03T14:37:31,30.05770,-89.80203,0.0,44.0,511.0,GOOD SHEPHERD,,WDE3016,31,12,22,8,,57,A
367332950,2022-01-03T14:24:42,30.05772,-89.80203,0.0,44.0,511.0,GOOD SHEPHERD,,WDE3016,31,12,22,8,,57,A
367332950,2022-01-03T14:39:53,30.05772,-89.80203,0.0,44.0,511.0,GOOD SHEPHERD,,WDE3016,31,12,22,8,,57,A
367332950,2022-01-03T14:57:42,30.05772,-89.80200,0.0,44.0,511.0,GOOD SHEPHERD,,WDE3016,31,12,22,8,,57,A
367332950,2022-01-03T14:28:33,30.05772,-89.80200,0.0,44.0,511.0,GOOD SHEPHERD,,WDE3016,31,12,22,8,,57,A
367332950,2022-01-03T14:44:32,30.05772,-89.80202,0.0,44.0,511.0,GOOD SHEPHERD,,WDE3016,31,12,22,8,,57,A
367332950,2022-01-03T15:03:23,30.05772,-89.80200,0.0,44.0,511.0,GOOD SHEPHERD,,WDE3016,31,12,22,8,,57,A
367332950,2022-01-03T14:29:42,30.05772,-89.80200,0.0,44.0,511.0,GOOD SHEPHERD,,WDE3016,31,12,22,8,,57,A
367332950,2022-01-03T15:04:32,30.05772,-89.80202,0.0,44.0,511.0,GOOD SHEPHERD,,WDE3016,31,12,22,8,,57,A
367332950,2022-01-03T14:30:52,30.05772,-89.80200,0.0,44.0,511.0,GOOD SHEPHERD,,WDE3016,31,12,22,8,,57,A
367332950,2022-01-03T14:49:22,30.05772,-89.80200,0.0,44.0,511.0,GOOD SHEPHERD,,WDE3016,31,12,22,8,,57,A
367332950,2022-01-03T14:34:22,30.05772,-89.80203,0.0,44.0,511.0,GOOD SHEPHERD,,WDE3016,31,12,22,8,,57,A
367332950,2022-01-03T14:38:43,30.05770,-89.80203,0.0,44.0,511.0,GOOD SHEPHERD,,WDE3016,31,12,22,8,,57,A
367332950,2022-01-03T07:11:01,30.05772,-89.80202,0.0,44.0,511.0,GOOD SHEPHERD,,WDE3016,31,12,22,8,,57,A
367332950,2022-01-03T14:51:42,30.05772,-89.80200,0.0,44.0,511.0,GOOD SHEPHERD,,WDE3016,31,12,22,8,,57,A
367332950,2022-01-03T14:43:22,30.05772,-89.80203,0.0,44.0,511.0,GOOD SHEPHERD,,WDE3016,31,12,22,8,,57,A
367332950,2022-01-03T14:59:03,30.05772,-89.80200,0.0,44.0,511.0,GOOD SHEPHERD,,WDE3016,31,12,22,8,,57,A
367332950,2022-01-03T07:12:13,30.05772,-89.80200,0.0,44.0,511.0,GOOD SHEPHERD,,WDE3016,31,12,22,8,,57,A
367332950,2022-01-03T15:00:52,30.05772,-89.80200,0.0,44.0,511.0,GOOD SHEPHERD,,WDE3016,31,12,22,8,,57,A
367332950,2022-01-03T15:44:23,30.05772,-89.80200,0.0,44.0,511.0,GOOD SHEPHERD,,WDE3016,31,12,22,8,,57,A
367332950,2022-01-03T14:45:43,30.05772,-89.80202,0.0,44.0,511.0,GOOD SHEPHERD,,WDE3016,31,12,22,8,,57,A
367332950,2022-01-03T15:23:22,30.05772,-89.80200,0.0,44.0,511.0,GOOD SHEPHERD,,WDE3016,31,12,22,8,,57,A
367332950,2022-01-03T15:24:32,30.05772,-89.80200,0.0,44.0,511.0,GOOD SHEPHERD,,WDE3016,31,12,22,8,,57,A
367332950,2022-01-03T14:50:32,30.05772,-89.80200,0.0,44.0,511.0,GOOD SHEPHERD,,WDE3016,31,12,22,8,,57,A
367332950,2022-01-03T15:02:12,30.05772,-89.80200,0.0,44.0,511.0,GOOD SHEPHERD,,WDE3016,31,12,22,8,,57,A
367332950,2022-01-03T15:12:42,30.05772,-89.80202,0.0,44.0,511.0,GOOD SHEPHERD,,WDE3016,31,12,22,8,,57,A
367332950,2022-01-03T14:56:32,30.05772,-89.80200,0.0,44.0,511.0,GOOD SHEPHERD,,WDE3016,31,12,22,8,,57,A
367332950,2022-01-03T15:58:02,30.05772,-89.80200,0.0,44.0,511.0,GOOD SHEPHERD,,WDE3016,31,12,22,8,,57,A
367332950,2022-01-03T15:17:31,30.05772,-89.80200,0.0,44.0,511.0,GOOD SHEPHERD,,WDE3016,31,12,22,8,,57,A
367332950,2022-01-03T15:09:52,30.05772,-89.80200,0.0,44.0,511.0,GOOD SHEPHERD,,WDE3016,31,12,22,8,,57,A
367332950,2022-01-03T15:16:21,30.05772,-89.80200,0.0,44.0,511.0,GOOD SHEPHERD,,WDE3016,31,12,22,8,,57,A
367332950,2022-01-03T15:05:52,30.05772,-89.80202,0.0,44.0,511.0,GOOD SHEPHERD,,WDE3016,31,12,22,8,,57,A
367332950,2022-01-03T15:07:21,30.05772,-89.80202,0.0,44.0,511.0,GOOD SHEPHERD,,WDE3016,31,12,22,8,,57,A
367332950,2022-01-03T15:08:41,30.05772,-89.80200,0.0,44.0,511.0,GOOD SHEPHERD,,WDE3016,31,12,22,8,,57,A
367332950,2022-01-03T07:19:01,30.05772,-89.80200,0.0,44.0,511.0,GOOD SHEPHERD,,WDE3016,31,12,22,8,,57,A
367332950,2022-01-03T15:26:51,30.05772,-89.80200,0.0,44.0,511.0,GOOD SHEPHERD,,WDE3016,31,12,22,8,,57,A
367332950,2022-01-03T15:48:52,30.05772,-89.80202,0.0,44.0,511.0,GOOD SHEPHERD,,WDE3016,31,12,22,8,,57,A
367332950,2022-01-03T15:11:31,30.05772,-89.80202,0.0,44.0,511.0,GOOD SHEPHERD,,WDE3016,31,12,22,8,,57,A
367332950,2022-01-03T15:27:52,30.05772,-89.80202,0.0,44.0,511.0,GOOD SHEPHERD,,WDE3016,31,12,22,8,,57,A
367332950,2022-01-03T16:14:42,30.05772,-89.80203,0.0,44.0,511.0,GOOD SHEPHERD,,WDE3016,31,12,22,8,,57,A
367332950,2022-01-03T15:34:01,30.05772,-89.80203,0.0,44.0,511.0,GOOD SHEPHERD,,WDE3016,31,12,22,8,,57,A
367332950,2022-01-03T15:18:42,30.05772,-89.80200,0.0,44.0,511.0,GOOD SHEPHERD,,WDE3016,31,12,22,8,,57,A
367332950,2022-01-03T16:15:52,30.05773,-89.80203,0.0,44.0,511.0,GOOD SHEPHERD,,WDE3016,31,12,22,8,,57,A
367332950,2022-01-03T15:51:02,30.05772,-89.80200,0.0,44.0,511.0,GOOD SHEPHERD,,WDE3016,31,12,22,8,,57,A
367332950,2022-01-03T15:35:13,30.05772,-89.80203,0.0,44.0,511.0,GOOD SHEPHERD,,WDE3016,31,12,22,8,,57,A
367332950,2022-01-03T15:13:52,30.05770,-89.80204,0.0,249.0,511.0,GOOD SHEPHERD,,WDE3016,31,12,22,8,,57,A
367332950,2022-01-03T15:19:51,30.05772,-89.80200,0.0,44.0,511.0,GOOD SHEPHERD,,WDE3016,31,12,22,8,,57,A
367332950,2022-01-03T07:20:12,30.05772,-89.80202,0.0,44.0,511.0,GOOD SHEPHERD,,WDE3016,31,12,22,8,,57,A
367332950,2022-01-03T15:22:12,30.05772,-89.80200,0.0,44.0,511.0,GOOD SHEPHERD,,WDE3016,31,12,22,8,,57,A
367332950,2022-01-03T16:20:32,30.05772,-89.80203,0.0,44.0,511.0,GOOD SHEPHERD,,WDE3016,31,12,22,8,,57,A
367332950,2022-01-03T15:25:42,30.05772,-89.80200,0.0,44.0,511.0,GOOD SHEPHERD,,WDE3016,31,12,22,8,,57,A
367332950,2022-01-03T15:43:13,30.05772,-89.80202,0.0,44.0,511.0,GOOD SHEPHERD,,WDE3016,31,12,22,8,,57,A
367332950,2022-01-03T15:29:13,30.05772,-89.80200,0.0,44.0,511.0,GOOD SHEPHERD,,WDE3016,31,12,22,8,,57,A
367332950,2022-01-03T15:39:41,30.05772,-89.80200,0.0,44.0,511.0,GOOD SHEPHERD,,WDE3016,31,12,22,8,,57,A
367332950,2022-01-03T16:05:53,30.05772,-89.80203,0.0,44.0,511.0,GOOD SHEPHERD,,WDE3016,31,12,22,8,,57,A
367332950,2022-01-03T16:07:02,30.05772,-89.80203,0.0,44.0,511.0,GOOD SHEPHERD,,WDE3016,31,12,22,8,,57,A
367332950,2022-01-03T15:40:51,30.05772,-89.80200,0.0,44.0,511.0,GOOD SHEPHERD,,WDE3016,31,12,22,8,,57,A
367332950,2022-01-03T15:45:32,30.05772,-89.80202,0.0,44.0,511.0,GOOD SHEPHERD,,WDE3016,31,12,22,8,,57,A
367332950,2022-01-03T15:46:42,30.05772,-89.80202,0.0,44.0,511.0,GOOD SHEPHERD,,WDE3016,31,12,22,8,,57,A
367332950,2022-01-03T15:32:01,30.05772,-89.80200,0.0,44.0,511.0,GOOD SHEPHERD,,WDE3016,31,12,22,8,,57,A
367332950,2022-01-03T15:37:21,30.05772,-89.80203,0.0,44.0,511.0,GOOD SHEPHERD,,WDE3016,31,12,22,8,,57,A
367332950,2022-01-03T15:52:13,30.05772,-89.80202,0.0,44.0,511.0,GOOD SHEPHERD,,WDE3016,31,12,22,8,,57,A
367332950,2022-01-03T15:38:23,30.05772,-89.80200,0.0,44.0,511.0,GOOD SHEPHERD,,WDE3016,31,12,22,8,,57,A
367332950,2022-01-03T16:04:43,30.05772,-89.80203,0.0,44.0,511.0,GOOD SHEPHERD,,WDE3016,31,12,22,8,,57,A
367332950,2022-01-03T16:21:42,30.05772,-89.80203,0.0,44.0,511.0,GOOD SHEPHERD,,WDE3016,31,12,22,8,,57,A
367332950,2022-01-03T16:01:02,30.05772,-89.80203,0.0,44.0,511.0,GOOD SHEPHERD,,WDE3016,31,12,22,8,,57,A
367332950,2022-01-03T16:08:21,30.05772,-89.80203,0.0,44.0,511.0,GOOD SHEPHERD,,WDE3016,31,12,22,8,,57,A
367332950,2022-01-03T15:55:53,30.05772,-89.80202,0.0,44.0,511.0,GOOD SHEPHERD,,WDE3016,31,12,22,8,,57,A
367332950,2022-01-03T16:56:42,30.05772,-89.80202,0.0,44.0,511.0,GOOD SHEPHERD,,WDE3016,31,12,22,8,,57,A
367332950,2022-01-03T16:13:32,30.05773,-89.80203,0.0,44.0,511.0,GOOD SHEPHERD,,WDE3016,31,12,22,8,,57,A
367332950,2022-01-03T15:47:43,30.05772,-89.80202,0.0,44.0,511.0,GOOD SHEPHERD,,WDE3016,31,12,22,8,,57,A
367332950,2022-01-03T15:50:01,30.05772,-89.80200,0.0,44.0,511.0,GOOD SHEPHERD,,WDE3016,31,12,22,8,,57,A
367332950,2022-01-03T17:01:21,30.05772,-89.80200,0.0,44.0,511.0,GOOD SHEPHERD,,WDE3016,31,12,22,8,,57,A
367332950,2022-01-03T16:09:53,30.05773,-89.80200,0.0,44.0,511.0,GOOD SHEPHERD,,WDE3016,31,12,22,8,,57,A
367332950,2022-01-03T16:11:12,30.05773,-89.80203,0.0,44.0,511.0,GOOD SHEPHERD,,WDE3016,31,12,22,8,,57,A
367332950,2022-01-03T16:34:42,30.05772,-89.80202,0.0,44.0,511.0,GOOD SHEPHERD,,WDE3016,31,12,22,8,,57,A
367332950,2022-01-03T16:12:21,30.05773,-89.80203,0.0,44.0,511.0,GOOD SHEPHERD,,WDE3016,31,12,22,8,,57,A
367332950,2022-01-03T15:53:23,30.05772,-89.80202,0.0,44.0,511.0,GOOD SHEPHERD,,WDE3016,31,12,22,8,,57,A
367332950,2022-01-03T15:54:33,30.05772,-89.80200,0.0,44.0,511.0,GOOD SHEPHERD,,WDE3016,31,12,22,8,,57,A
367332950,2022-01-03T16:19:23,30.05772,-89.80203,0.0,44.0,511.0,GOOD SHEPHERD,,WDE3016,31,12,22,8,,57,A
367332950,2022-01-03T16:00:01,30.05772,-89.80203,0.0,44.0,511.0,GOOD SHEPHERD,,WDE3016,31,12,22,8,,57,A
367332950,2022-01-03T16:17:02,30.05773,-89.80203,0.0,44.0,511.0,GOOD SHEPHERD,,WDE3016,31,12,22,8,,57,A
367332950,2022-01-03T16:25:12,30.05772,-89.80203,0.0,44.0,511.0,GOOD SHEPHERD,,WDE3016,31,12,22,8,,57,A
367332950,2022-01-03T16:02:12,30.05772,-89.80200,0.0,44.0,511.0,GOOD SHEPHERD,,WDE3016,31,12,22,8,,57,A
367332950,2022-01-03T16:52:02,30.05772,-89.80203,0.0,44.0,511.0,GOOD SHEPHERD,,WDE3016,31,12,22,8,,57,A
367332950,2022-01-03T16:32:12,30.05772,-89.80203,0.0,44.0,511.0,GOOD SHEPHERD,,WDE3016,31,12,22,8,,57,A
367332950,2022-01-03T16:31:02,30.05772,-89.80203,0.0,44.0,511.0,GOOD SHEPHERD,,WDE3016,31,12,22,8,,57,A
367332950,2022-01-03T16:53:12,30.05772,-89.80202,0.0,44.0,511.0,GOOD SHEPHERD,,WDE3016,31,12,22,8,,57,A
367332950,2022-01-03T16:18:12,30.05772,-89.80203,0.0,44.0,511.0,GOOD SHEPHERD,,WDE3016,31,12,22,8,,57,A
367332950,2022-01-03T17:21:22,30.05772,-89.80200,0.0,44.0,511.0,GOOD SHEPHERD,,WDE3016,31,12,22,8,,57,A
367332950,2022-01-03T07:45:02,30.05772,-89.80202,0.0,44.0,511.0,GOOD SHEPHERD,,WDE3016,31,12,22,8,,57,A
367332950,2022-01-03T16:37:03,30.05772,-89.80203,0.0,44.0,511.0,GOOD SHEPHERD,,WDE3016,31,12,22,8,,57,A
367332950,2022-01-03T16:59:02,30.05772,-89.80203,0.0,44.0,511.0,GOOD SHEPHERD,,WDE3016,31,12,22,8,,57,A
367332950,2022-01-03T16:40:22,30.05773,-89.80202,0.0,44.0,511.0,GOOD SHEPHERD,,WDE3016,31,12,22,8,,57,A
367332950,2022-01-03T17:27:12,30.05772,-89.80202,0.0,44.0,511.0,GOOD SHEPHERD,,WDE3016,31,12,22,8,,57,A
367332950,2022-01-03T16:27:31,30.05772,-89.80203,0.0,44.0,511.0,GOOD SHEPHERD,,WDE3016,31,12,22,8,,57,A
367332950,2022-01-03T16:43:52,30.05772,-89.80202,0.0,44.0,511.0,GOOD SHEPHERD,,WDE3016,31,12,22,8,,57,A
367332950,2022-01-03T16:28:42,30.05772,-89.80203,0.0,44.0,511.0,GOOD SHEPHERD,,WDE3016,31,12,22,8,,57,A
367332950,2022-01-03T16:46:12,30.05772,-89.80203,0.0,44.0,511.0,GOOD SHEPHERD,,WDE3016,31,12,22,8,,57,A
367332950,2022-01-03T17:07:32,30.05772,-89.80200,0.0,44.0,511.0,GOOD SHEPHERD,,WDE3016,31,12,22,8,,57,A
367332950,2022-01-03T16:41:32,30.05772,-89.80202,0.0,44.0,511.0,GOOD SHEPHERD,,WDE3016,31,12,22,8,,57,A
367332950,2022-01-03T17:37:22,30.05772,-89.80203,0.0,44.0,511.0,GOOD SHEPHERD,,WDE3016,31,12,22,8,,57,A
367332950,2022-01-03T16:26:22,30.05772,-89.80203,0.0,44.0,511.0,GOOD SHEPHERD,,WDE3016,31,12,22,8,,57,A
367332950,2022-01-03T17:11:02,30.05772,-89.80200,0.0,44.0,511.0,GOOD SHEPHERD,,WDE3016,31,12,22,8,,57,A
367332950,2022-01-03T16:29:53,30.05772,-89.80203,0.0,44.0,511.0,GOOD SHEPHERD,,WDE3016,31,12,22,8,,57,A
367332950,2022-01-03T17:45:33,30.05772,-89.80200,0.0,44.0,511.0,GOOD SHEPHERD,,WDE3016,31,12,22,8,,57,A
367332950,2022-01-03T16:42:43,30.05772,-89.80202,0.0,44.0,511.0,GOOD SHEPHERD,,WDE3016,31,12,22,8,,57,A
367332950,2022-01-03T16:38:11,30.05772,-89.80203,0.0,44.0,511.0,GOOD SHEPHERD,,WDE3016,31,12,22,8,,57,A
367332950,2022-01-03T17:02:33,30.05772,-89.80202,0.0,44.0,511.0,GOOD SHEPHERD,,WDE3016,31,12,22,8,,57,A
367332950,2022-01-03T16:45:01,30.05772,-89.80203,0.0,44.0,511.0,GOOD SHEPHERD,,WDE3016,31,12,22,8,,57,A
367332950,2022-01-03T17:04:02,30.05772,-89.80202,0.0,44.0,511.0,GOOD SHEPHERD,,WDE3016,31,12,22,8,,57,A
367332950,2022-01-03T16:47:22,30.05772,-89.80200,0.0,44.0,511.0,GOOD SHEPHERD,,WDE3016,31,12,22,8,,57,A
367332950,2022-01-03T17:08:42,30.05772,-89.80202,0.0,44.0,511.0,GOOD SHEPHERD,,WDE3016,31,12,22,8,,57,A
367332950,2022-01-03T17:12:12,30.05772,-89.80200,0.0,44.0,511.0,GOOD SHEPHERD,,WDE3016,31,12,22,8,,57,A
367332950,2022-01-03T08:05:02,30.05772,-89.80202,0.0,44.0,511.0,GOOD SHEPHERD,,WDE3016,31,12,22,8,,57,A
367332950,2022-01-03T17:14:22,30.05772,-89.80200,0.0,44.0,511.0,GOOD SHEPHERD,,WDE3016,31,12,22,8,,57,A
367332950,2022-01-03T18:02:32,30.05772,-89.80200,0.0,44.0,511.0,GOOD SHEPHERD,,WDE3016,31,12,22,8,,57,A
367332950,2022-01-03T16:54:22,30.05772,-89.80202,0.0,44.0,511.0,GOOD SHEPHERD,,WDE3016,31,12,22,8,,57,A
367332950,2022-01-03T16:50:53,30.05772,-89.80203,0.0,44.0,511.0,GOOD SHEPHERD,,WDE3016,31,12,22,8,,57,A
367332950,2022-01-03T18:03:52,30.05772,-89.80200,0.0,44.0,511.0,GOOD SHEPHERD,,WDE3016,31,12,22,8,,57,A
367332950,2022-01-03T16:55:33,30.05772,-89.80202,0.0,44.0,511.0,GOOD SHEPHERD,,WDE3016,31,12,22,8,,57,A
367332950,2022-01-03T18:07:43,30.05772,-89.80203,0.0,44.0,511.0,GOOD SHEPHERD,,WDE3016,31,12,22,8,,57,A
367332950,2022-01-03T17:22:32,30.05772,-89.80203,0.0,44.0,511.0,GOOD SHEPHERD,,WDE3016,31,12,22,8,,57,A
367332950,2022-01-03T17:13:21,30.05772,-89.80202,0.0,44.0,511.0,GOOD SHEPHERD,,WDE3016,31,12,22,8,,57,A
367332950,2022-01-03T17:24:52,30.05772,-89.80203,0.0,44.0,511.0,GOOD SHEPHERD,,WDE3016,31,12,22,8,,57,A
367332950,2022-01-03T16:57:52,30.05772,-89.80203,0.0,44.0,511.0,GOOD SHEPHERD,,WDE3016,31,12,22,8,,57,A
367332950,2022-01-03T17:00:12,30.05772,-89.80200,0.0,44.0,511.0,GOOD SHEPHERD,,WDE3016,31,12,22,8,,57,A
367332950,2022-01-03T17:19:02,30.05772,-89.80202,0.0,44.0,511.0,GOOD SHEPHERD,,WDE3016,31,12,22,8,,57,A
367332950,2022-01-03T17:09:52,30.05772,-89.80202,0.0,44.0,511.0,GOOD SHEPHERD,,WDE3016,31,12,22,8,,57,A
367332950,2022-01-03T17:05:13,30.05773,-89.80202,0.0,44.0,511.0,GOOD SHEPHERD,,WDE3016,31,12,22,8,,57,A
367332950,2022-01-03T17:29:42,30.05772,-89.80202,0.0,44.0,511.0,GOOD SHEPHERD,,WDE3016,31,12,22,8,,57,A
367332950,2022-01-03T17:35:02,30.05772,-89.80198,0.0,44.0,511.0,GOOD SHEPHERD,,WDE3016,31,12,22,8,,57,A
367332950,2022-01-03T17:28:23,30.05772,-89.80202,0.0,44.0,511.0,GOOD SHEPHERD,,WDE3016,31,12,22,8,,57,A
367332950,2022-01-03T17:38:33,30.05772,-89.80203,0.0,44.0,511.0,GOOD SHEPHERD,,WDE3016,31,12,22,8,,57,A
367332950,2022-01-03T18:25:52,30.05772,-89.80202,0.0,44.0,511.0,GOOD SHEPHERD,,WDE3016,31,12,22,8,,57,A
367332950,2022-01-03T17:20:12,30.05772,-89.80202,0.0,44.0,511.0,GOOD SHEPHERD,,WDE3016,31,12,22,8,,57,A
367332950,2022-01-03T17:39:42,30.05772,-89.80203,0.0,44.0,511.0,GOOD SHEPHERD,,WDE3016,31,12,22,8,,57,A
367332950,2022-01-03T17:15:32,30.05772,-89.80202,0.0,44.0,511.0,GOOD SHEPHERD,,WDE3016,31,12,22,8,,57,A
367332950,2022-01-03T17:54:01,30.05772,-89.80200,0.0,44.0,511.0,GOOD SHEPHERD,,WDE3016,31,12,22,8,,57,A
367332950,2022-01-03T17:42:03,30.05772,-89.80203,0.0,44.0,511.0,GOOD SHEPHERD,,WDE3016,31,12,22,8,,57,A
367332950,2022-01-03T18:33:12,30.05772,-89.80202,0.0,44.0,511.0,GOOD SHEPHERD,,WDE3016,31,12,22,8,,57,A
367332950,2022-01-03T17:36:12,30.05772,-89.80202,0.0,44.0,511.0,GOOD SHEPHERD,,WDE3016,31,12,22,8,,57,A
367332950,2022-01-03T17:44:22,30.05772,-89.80203,0.0,44.0,511.0,GOOD SHEPHERD,,WDE3016,31,12,22,8,,57,A
367332950,2022-01-03T18:00:02,30.05772,-89.80200,0.0,44.0,511.0,GOOD SHEPHERD,,WDE3016,31,12,22,8,,57,A
367332950,2022-01-03T17:32:22,30.05772,-89.80200,0.0,44.0,511.0,GOOD SHEPHERD,,WDE3016,31,12,22,8,,57,A
367332950,2022-01-03T17:47:51,30.05772,-89.80200,0.0,44.0,511.0,GOOD SHEPHERD,,WDE3016,31,12,22,8,,57,A
367332950,2022-01-03T17:43:12,30.05772,-89.80200,0.0,44.0,511.0,GOOD SHEPHERD,,WDE3016,31,12,22,8,,57,A
367332950,2022-01-03T17:23:43,30.05772,-89.80203,0.0,44.0,511.0,GOOD SHEPHERD,,WDE3016,31,12,22,8,,57,A
367332950,2022-01-03T17:48:52,30.05772,-89.80200,0.0,44.0,511.0,GOOD SHEPHERD,,WDE3016,31,12,22,8,,57,A
367332950,2022-01-03T17:52:52,30.05772,-89.80202,0.0,44.0,511.0,GOOD SHEPHERD,,WDE3016,31,12,22,8,,57,A
367332950,2022-01-03T17:51:32,30.05772,-89.80202,0.0,44.0,511.0,GOOD SHEPHERD,,WDE3016,31,12,22,8,,57,A
367332950,2022-01-03T17:50:01,30.05772,-89.80200,0.0,44.0,511.0,GOOD SHEPHERD,,WDE3016,31,12,22,8,,57,A
367332950,2022-01-03T17:31:02,30.05772,-89.80200,0.0,44.0,511.0,GOOD SHEPHERD,,WDE3016,31,12,22,8,,57,A
367332950,2022-01-03T18:01:23,30.05772,-89.80202,0.0,44.0,511.0,GOOD SHEPHERD,,WDE3016,31,12,22,8,,57,A
367332950,2022-01-03T17:40:52,30.05772,-89.80203,0.0,44.0,511.0,GOOD SHEPHERD,,WDE3016,31,12,22,8,,57,A
367332950,2022-01-03T08:24:12,30.05770,-89.80202,0.0,44.0,511.0,GOOD SHEPHERD,,WDE3016,31,12,22,8,,57,A
367332950,2022-01-03T18:11:02,30.05772,-89.80200,0.0,44.0,511.0,GOOD SHEPHERD,,WDE3016,31,12,22,8,,57,A
367332950,2022-01-03T18:15:02,30.05772,-89.80202,0.0,44.0,511.0,GOOD SHEPHERD,,WDE3016,31,12,22,8,,57,A
367332950,2022-01-03T19:02:42,30.05770,-89.80202,0.0,44.0,511.0,GOOD SHEPHERD,,WDE3016,31,12,22,8,,57,A
367332950,2022-01-03T18:21:03,30.05772,-89.80202,0.0,44.0,511.0,GOOD SHEPHERD,,WDE3016,31,12,22,8,,57,A
367332950,2022-01-03T17:46:43,30.05772,-89.80200,0.0,44.0,511.0,GOOD SHEPHERD,,WDE3016,31,12,22,8,,57,A
367332950,2022-01-03T18:17:43,30.05772,-89.80202,0.0,44.0,511.0,GOOD SHEPHERD,,WDE3016,31,12,22,8,,57,A
367332950,2022-01-03T18:05:02,30.05772,-89.80203,0.0,44.0,511.0,GOOD SHEPHERD,,WDE3016,31,12,22,8,,57,A
367332950,2022-01-03T18:18:53,30.05772,-89.80202,0.0,44.0,511.0,GOOD SHEPHERD,,WDE3016,31,12,22,8,,57,A
367332950,2022-01-03T18:28:13,30.05772,-89.80202,0.0,44.0,511.0,GOOD SHEPHERD,,WDE3016,31,12,22,8,,57,A
367332950,2022-01-03T18:20:02,30.05772,-89.80202,0.0,44.0,511.0,GOOD SHEPHERD,,WDE3016,31,12,22,8,,57,A
367332950,2022-01-03T17:55:12,30.05772,-89.80200,0.0,44.0,511.0,GOOD SHEPHERD,,WDE3016,31,12,22,8,,57,A
367332950,2022-01-03T18:30:53,30.05772,-89.80200,0.0,44.0,511.0,GOOD SHEPHERD,,WDE3016,31,12,22,8,,57,A
367332950,2022-01-03T18:09:53,30.05772,-89.80200,0.0,44.0,511.0,GOOD SHEPHERD,,WDE3016,31,12,22,8,,57,A
367332950,2022-01-03T18:32:03,30.05772,-89.80200,0.0,44.0,511.0,GOOD SHEPHERD,,WDE3016,31,12,22,8,,57,A
367332950,2022-01-03T17:58:12,30.05772,-89.80203,0.0,44.0,511.0,GOOD SHEPHERD,,WDE3016,31,12,22,8,,57,A
367332950,2022-01-03T08:30:03,30.05772,-89.80200,0.0,44.0,511.0,GOOD SHEPHERD,,WDE3016,31,12,22,8,,57,A
367332950,2022-01-03T18:26:53,30.05772,-89.80200,0.0,44.0,511.0,GOOD SHEPHERD,,WDE3016,31,12,22,8,,57,A
367332950,2022-01-03T18:08:52,30.05772,-89.80200,0.0,44.0,511.0,GOOD SHEPHERD,,WDE3016,31,12,22,8,,57,A
367332950,2022-01-03T18:16:32,30.05772,-89.80202,0.0,44.0,511.0,GOOD SHEPHERD,,WDE3016,31,12,22,8,,57,A
367332950,2022-01-03T18:39:02,30.05772,-89.80202,0.0,44.0,511.0,GOOD SHEPHERD,,WDE3016,31,12,22,8,,57,A
367332950,2022-01-03T18:40:12,30.05772,-89.80202,0.0,44.0,511.0,GOOD SHEPHERD,,WDE3016,31,12,22,8,,57,A
367332950,2022-01-03T18:06:12,30.05772,-89.80200,0.0,44.0,511.0,GOOD SHEPHERD,,WDE3016,31,12,22,8,,57,A
367332950,2022-01-03T18:41:22,30.05772,-89.80200,0.0,44.0,511.0,GOOD SHEPHERD,,WDE3016,31,12,22,8,,57,A
367332950,2022-01-03T18:12:33,30.05772,-89.80202,0.0,44.0,511.0,GOOD SHEPHERD,,WDE3016,31,12,22,8,,57,A
367332950,2022-01-03T18:45:32,30.05772,-89.80202,0.0,44.0,511.0,GOOD SHEPHERD,,WDE3016,31,12,22,8,,57,A
367332950,2022-01-03T18:48:11,30.05772,-89.80202,0.0,44.0,511.0,GOOD SHEPHERD,,WDE3016,31,12,22,8,,57,A
367332950,2022-01-03T18:36:22,30.05772,-89.80202,0.0,44.0,511.0,GOOD SHEPHERD,,WDE3016,31,12,22,8,,57,A
367332950,2022-01-03T18:22:13,30.05772,-89.80202,0.0,44.0,511.0,GOOD SHEPHERD,,WDE3016,31,12,22,8,,57,A
367332950,2022-01-03T18:42:42,30.05772,-89.80200,0.0,44.0,511.0,GOOD SHEPHERD,,WDE3016,31,12,22,8,,57,A
367332950,2022-01-03T18:23:42,30.05772,-89.80202,0.0,44.0,511.0,GOOD SHEPHERD,,WDE3016,31,12,22,8,,57,A
367332950,2022-01-03T18:47:02,30.05772,-89.80202,0.0,44.0,511.0,GOOD SHEPHERD,,WDE3016,31,12,22,8,,57,A
367332950,2022-01-03T18:57:23,30.05770,-89.80200,0.0,44.0,511.0,GOOD SHEPHERD,,WDE3016,31,12,22,8,,57,A
367332950,2022-01-03T18:58:32,30.05770,-89.80202,0.0,44.0,511.0,GOOD SHEPHERD,,WDE3016,31,12,22,8,,57,A
367332950,2022-01-03T19:00:12,30.05770,-89.80202,0.0,44.0,511.0,GOOD SHEPHERD,,WDE3016,31,12,22,8,,57,A
367332950,2022-01-03T18:55:12,30.05770,-89.80202,0.0,44.0,511.0,GOOD SHEPHERD,,WDE3016,31,12,22,8,,57,A
367332950,2022-01-03T18:56:22,30.05770,-89.80202,0.0,44.0,511.0,GOOD SHEPHERD,,WDE3016,31,12,22,8,,57,A
367332950,2022-01-03T19:51:43,30.05773,-89.80200,0.0,44.0,511.0,GOOD SHEPHERD,,WDE3016,31,12,22,8,,57,A
367332950,2022-01-03T19:06:22,30.05772,-89.80202,0.0,44.0,511.0,GOOD SHEPHERD,,WDE3016,31,12,22,8,,57,A
367332950,2022-01-03T19:08:41,30.05772,-89.80202,0.0,44.0,511.0,GOOD SHEPHERD,,WDE3016,31,12,22,8,,57,A
367332950,2022-01-03T18:44:11,30.05772,-89.80202,0.0,44.0,511.0,GOOD SHEPHERD,,WDE3016,31,12,22,8,,57,A
367332950,2022-01-03T18:49:22,30.05772,-89.80200,0.0,44.0,511.0,GOOD SHEPHERD,,WDE3016,31,12,22,8,,57,A
367332950,2022-01-03T18:37:53,30.05772,-89.80202,0.0,44.0,511.0,GOOD SHEPHERD,,WDE3016,31,12,22,8,,57,A
367332950,2022-01-03T20:02:13,30.05773,-89.80200,0.0,44.0,511.0,GOOD SHEPHERD,,WDE3016,31,12,22,8,,57,A
367332950,2022-01-03T18:50:31,30.05772,-89.80202,0.0,44.0,511.0,GOOD SHEPHERD,,WDE3016,31,12,22,8,,57,A
367332950,2022-01-03T20:04:33,30.05772,-89.80203,0.0,44.0,511.0,GOOD SHEPHERD,,WDE3016,31,12,22,8,,57,A
367332950,2022-01-03T20:05:41,30.05773,-89.80200,0.0,44.0,511.0,GOOD SHEPHERD,,WDE3016,31,12,22,8,,57,A
367332950,2022-01-03T19:07:33,30.05772,-89.80202,0.0,44.0,511.0,GOOD SHEPHERD,,WDE3016,31,12,22,8,,57,A
367332950,2022-01-03T18:52:52,30.05772,-89.80200,0.0,44.0,511.0,GOOD SHEPHERD,,WDE3016,31,12,22,8,,57,A
367332950,2022-01-03T18:54:02,30.05770,-89.80200,0.0,44.0,511.0,GOOD SHEPHERD,,WDE3016,31,12,22,8,,57,A
367332950,2022-01-03T19:13:21,30.05772,-89.80200,0.0,44.0,511.0,GOOD SHEPHERD,,WDE3016,31,12,22,8,,57,A
367332950,2022-01-03T19:17:12,30.05772,-89.80202,0.0,44.0,511.0,GOOD SHEPHERD,,WDE3016,31,12,22,8,,57,A
367332950,2022-01-03T19:18:21,30.05772,-89.80202,0.0,44.0,511.0,GOOD SHEPHERD,,WDE3016,31,12,22,8,,57,A
367332950,2022-01-03T19:27:31,30.05772,-89.80202,0.0,44.0,511.0,GOOD SHEPHERD,,WDE3016,31,12,22,8,,57,A
367332950,2022-01-03T19:19:32,30.05772,-89.80202,0.0,44.0,511.0,GOOD SHEPHERD,,WDE3016,31,12,22,8,,57,A
367332950,2022-01-03T20:14:53,30.05772,-89.80200,0.0,44.0,511.0,GOOD SHEPHERD,,WDE3016,31,12,22,8,,57,A
367332950,2022-01-03T18:59:42,30.05770,-89.80202,0.0,44.0,511.0,GOOD SHEPHERD,,WDE3016,31,12,22,8,,57,A
367332950,2022-01-03T19:32:51,30.05772,-89.80202,0.0,44.0,511.0,GOOD SHEPHERD,,WDE3016,31,12,22,8,,57,A
367332950,2022-01-03T19:05:13,30.05770,-89.80200,0.0,44.0,511.0,GOOD SHEPHERD,,WDE3016,31,12,22,8,,57,A
367332950,2022-01-03T19:04:03,30.05772,-89.80202,0.0,44.0,511.0,GOOD SHEPHERD,,WDE3016,31,12,22,8,,57,A
367332950,2022-01-03T19:34:23,30.05772,-89.80200,0.0,44.0,511.0,GOOD SHEPHERD,,WDE3016,31,12,22,8,,57,A
367332950,2022-01-03T19:29:52,30.05772,-89.80200,0.0,44.0,511.0,GOOD SHEPHERD,,WDE3016,31,12,22,8,,57,A
367332950,2022-01-03T20:20:43,30.05773,-89.80203,0.0,44.0,511.0,GOOD SHEPHERD,,WDE3016,31,12,22,8,,57,A
367332950,2022-01-03T19:25:53,30.05772,-89.80203,0.0,44.0,511.0,GOOD SHEPHERD,,WDE3016,31,12,22,8,,57,A
367332950,2022-01-03T19:09:42,30.05772,-89.80202,0.0,44.0,511.0,GOOD SHEPHERD,,WDE3016,31,12,22,8,,57,A
367332950,2022-01-03T19:10:51,30.05772,-89.80202,0.0,44.0,511.0,GOOD SHEPHERD,,WDE3016,31,12,22,8,,57,A
367332950,2022-01-03T19:12:13,30.05772,-89.80200,0.0,44.0,511.0,GOOD SHEPHERD,,WDE3016,31,12,22,8,,57,A
367332950,2022-01-03T20:26:42,30.05772,-89.80203,0.0,44.0,511.0,GOOD SHEPHERD,,WDE3016,31,12,22,8,,57,A
367332950,2022-01-03T19:14:32,30.05772,-89.80202,0.0,44.0,511.0,GOOD SHEPHERD,,WDE3016,31,12,22,8,,57,A
367332950,2022-01-03T19:47:51,30.05773,-89.80202,0.0,44.0,511.0,GOOD SHEPHERD,,WDE3016,31,12,22,8,,57,A
367332950,2022-01-03T20:29:01,30.05772,-89.80200,0.0,44.0,511.0,GOOD SHEPHERD,,WDE3016,31,12,22,8,,57,A
367332950,2022-01-03T19:22:02,30.05772,-89.80203,0.0,44.0,511.0,GOOD SHEPHERD,,WDE3016,31,12,22,8,,57,A
367332950,2022-01-03T19:37:51,30.05772,-89.80202,0.0,44.0,511.0,GOOD SHEPHERD,,WDE3016,31,12,22,8,,57,A
367332950,2022-01-03T19:39:01,30.05772,-89.80203,0.0,44.0,511.0,GOOD SHEPHERD,,WDE3016,31,12,22,8,,57,A
367332950,2022-01-03T19:24:32,30.05772,-89.80202,0.0,44.0,511.0,GOOD SHEPHERD,,WDE3016,31,12,22,8,,57,A
367332950,2022-01-03T19:52:52,30.05773,-89.80200,0.0,44.0,511.0,GOOD SHEPHERD,,WDE3016,31,12,22,8,,57,A
367332950,2022-01-03T19:43:42,30.05773,-89.80202,0.0,44.0,511.0,GOOD SHEPHERD,,WDE3016,31,12,22,8,,57,A
367332950,2022-01-03T19:20:42,30.05772,-89.80203,0.0,44.0,511.0,GOOD SHEPHERD,,WDE3016,31,12,22,8,,57,A
367332950,2022-01-03T20:36:11,30.05773,-89.80203,0.0,44.0,511.0,GOOD SHEPHERD,,WDE3016,31,12,22,8,,57,A
367332950,2022-01-03T19:58:13,30.05773,-89.80200,0.0,44.0,511.0,GOOD SHEPHERD,,WDE3016,31,12,22,8,,57,A
367332950,2022-01-03T20:41:23,30.05773,-89.80203,0.0,44.0,511.0,GOOD SHEPHERD,,WDE3016,31,12,22,8,,57,A
367332950,2022-01-03T19:59:33,30.05773,-89.80200,0.0,44.0,511.0,GOOD SHEPHERD,,WDE3016,31,12,22,8,,57,A
367332950,2022-01-03T20:42:32,30.05773,-89.80203,0.0,44.0,511.0,GOOD SHEPHERD,,WDE3016,31,12,22,8,,57,A
367332950,2022-01-03T20:43:42,30.05773,-89.80203,0.0,44.0,511.0,GOOD SHEPHERD,,WDE3016,31,12,22,8,,57,A
367332950,2022-01-03T19:49:22,30.05773,-89.80202,0.0,44.0,511.0,GOOD SHEPHERD,,WDE3016,31,12,22,8,,57,A
367332950,2022-01-03T09:03:31,30.05770,-89.80202,0.0,44.0,511.0,GOOD SHEPHERD,,WDE3016,31,12,22,8,,57,A
367332950,2022-01-03T19:36:42,30.05772,-89.80200,0.0,44.0,511.0,GOOD SHEPHERD,,WDE3016,31,12,22,8,,57,A
367332950,2022-01-03T19:55:12,30.05773,-89.80202,0.0,44.0,511.0,GOOD SHEPHERD,,WDE3016,31,12,22,8,,57,A
367332950,2022-01-03T19:40:12,30.05772,-89.80202,0.0,44.0,511.0,GOOD SHEPHERD,,WDE3016,31,12,22,8,,57,A
367332950,2022-01-03T20:49:53,30.05772,-89.80203,0.0,44.0,511.0,GOOD SHEPHERD,,WDE3016,31,12,22,8,,57,A
367332950,2022-01-03T19:31:23,30.05772,-89.80202,0.0,44.0,511.0,GOOD SHEPHERD,,WDE3016,31,12,22,8,,57,A
367332950,2022-01-03T19:35:32,30.05772,-89.80200,0.0,44.0,511.0,GOOD SHEPHERD,,WDE3016,31,12,22,8,,57,A
367332950,2022-01-03T20:56:52,30.05775,-89.80202,0.0,44.0,511.0,GOOD SHEPHERD,,WDE3016,31,12,22,8,,57,A
367332950,2022-01-03T19:41:21,30.05772,-89.80203,0.0,44.0,511.0,GOOD SHEPHERD,,WDE3016,31,12,22,8,,57,A
367332950,2022-01-03T20:17:12,30.05772,-89.80200,0.0,44.0,511.0,GOOD SHEPHERD,,WDE3016,31,12,22,8,,57,A
367332950,2022-01-03T20:09:12,30.05773,-89.80202,0.0,44.0,511.0,GOOD SHEPHERD,,WDE3016,31,12,22,8,,57,A
367332950,2022-01-03T19:46:42,30.05773,-89.80202,0.0,44.0,511.0,GOOD SHEPHERD,,WDE3016,31,12,22,8,,57,A
367332950,2022-01-03T19:45:32,30.05773,-89.80200,0.0,44.0,511.0,GOOD SHEPHERD,,WDE3016,31,12,22,8,,57,A
367332950,2022-01-03T20:10:31,30.05773,-89.80200,0.0,44.0,511.0,GOOD SHEPHERD,,WDE3016,31,12,22,8,,57,A
367332950,2022-01-03T21:07:13,30.05773,-89.80200,0.0,44.0,511.0,GOOD SHEPHERD,,WDE3016,31,12,22,8,,57,A
367332950,2022-01-03T20:25:32,30.05773,-89.80203,0.0,44.0,511.0,GOOD SHEPHERD,,WDE3016,31,12,22,8,,57,A
367332950,2022-01-03T19:56:53,30.05773,-89.80202,0.0,44.0,511.0,GOOD SHEPHERD,,WDE3016,31,12,22,8,,57,A
367332950,2022-01-03T20:18:23,30.05773,-89.80200,0.0,44.0,511.0,GOOD SHEPHERD,,WDE3016,31,12,22,8,,57,A
367332950,2022-01-03T20:16:02,30.05772,-89.80200,0.0,44.0,511.0,GOOD SHEPHERD,,WDE3016,31,12,22,8,,57,A
367332950,2022-01-03T20:00:53,30.05773,-89.80200,0.0,44.0,511.0,GOOD SHEPHERD,,WDE3016,31,12,22,8,,57,A
367332950,2022-01-03T20:38:53,30.05773,-89.80203,0.0,44.0,511.0,GOOD SHEPHERD,,WDE3016,31,12,22,8,,57,A
367332950,2022-01-03T20:11:32,30.05772,-89.80200,0.0,44.0,511.0,GOOD SHEPHERD,,WDE3016,31,12,22,8,,57,A
367332950,2022-01-03T09:23:52,30.05772,-89.80203,0.0,44.0,511.0,GOOD SHEPHERD,,WDE3016,31,12,22,8,,57,A
367332950,2022-01-03T20:03:23,30.05772,-89.80203,0.0,44.0,511.0,GOOD SHEPHERD,,WDE3016,31,12,22,8,,57,A
367332950,2022-01-03T20:13:43,30.05772,-89.80200,0.0,44.0,511.0,GOOD SHEPHERD,,WDE3016,31,12,22,8,,57,A
367332950,2022-01-03T21:24:52,30.05772,-89.80200,0.0,44.0,511.0,GOOD SHEPHERD,,WDE3016,31,12,22,8,,57,A
367332950,2022-01-03T20:06:52,30.05772,-89.80200,0.0,44.0,511.0,GOOD SHEPHERD,,WDE3016,31,12,22,8,,57,A
367332950,2022-01-03T20:30:12,30.05772,-89.80200,0.0,44.0,511.0,GOOD SHEPHERD,,WDE3016,31,12,22,8,,57,A
367332950,2022-01-03T20:08:02,30.05772,-89.80200,0.0,44.0,511.0,GOOD SHEPHERD,,WDE3016,31,12,22,8,,57,A
367332950,2022-01-03T20:47:32,30.05773,-89.80203,0.0,44.0,511.0,GOOD SHEPHERD,,WDE3016,31,12,22,8,,57,A
367332950,2022-01-03T20:32:33,30.05772,-89.80203,0.0,44.0,511.0,GOOD SHEPHERD,,WDE3016,31,12,22,8,,57,A
367332950,2022-01-03T20:21:52,30.05773,-89.80200,0.0,44.0,511.0,GOOD SHEPHERD,,WDE3016,31,12,22,8,,57,A
367332950,2022-01-03T20:12:42,30.05772,-89.80200,0.0,44.0,511.0,GOOD SHEPHERD,,WDE3016,31,12,22,8,,57,A
367332950,2022-01-03T20:23:01,30.05773,-89.80203,0.0,44.0,511.0,GOOD SHEPHERD,,WDE3016,31,12,22,8,,57,A
367332950,2022-01-03T20:40:02,30.05773,-89.80203,0.0,44.0,511.0,GOOD SHEPHERD,,WDE3016,31,12,22,8,,57,A
367332950,2022-01-03T20:55:42,30.05773,-89.80203,0.0,44.0,511.0,GOOD SHEPHERD,,WDE3016,31,12,22,8,,57,A
367332950,2022-01-03T20:59:23,30.05773,-89.80203,0.0,44.0,511.0,GOOD SHEPHERD,,WDE3016,31,12,22,8,,57,A
367332950,2022-01-03T20:27:43,30.05772,-89.80203,0.0,44.0,511.0,GOOD SHEPHERD,,WDE3016,31,12,22,8,,57,A
367332950,2022-01-03T20:33:43,30.05772,-89.80203,0.0,44.0,511.0,GOOD SHEPHERD,,WDE3016,31,12,22,8,,57,A
367332950,2022-01-03T20:24:12,30.05773,-89.80200,0.0,44.0,511.0,GOOD SHEPHERD,,WDE3016,31,12,22,8,,57,A
367332950,2022-01-03T21:04:42,30.05773,-89.80200,0.0,44.0,511.0,GOOD SHEPHERD,,WDE3016,31,12,22,8,,57,A
367332950,2022-01-03T20:53:23,30.05773,-89.80203,0.0,44.0,511.0,GOOD SHEPHERD,,WDE3016,31,12,22,8,,57,A
367332950,2022-01-03T20:37:32,30.05772,-89.80203,0.0,44.0,511.0,GOOD SHEPHERD,,WDE3016,31,12,22,8,,57,A
367332950,2022-01-03T21:12:52,30.05772,-89.80203,0.0,44.0,511.0,GOOD SHEPHERD,,WDE3016,31,12,22,8,,57,A
367332950,2022-01-03T20:46:23,30.05773,-89.80203,0.0,44.0,511.0,GOOD SHEPHERD,,WDE3016,31,12,22,8,,57,A
367332950,2022-01-03T21:01:03,30.05773,-89.80200,0.0,44.0,511.0,GOOD SHEPHERD,,WDE3016,31,12,22,8,,57,A
367332950,2022-01-03T20:48:42,30.05773,-89.80203,0.0,44.0,511.0,GOOD SHEPHERD,,WDE3016,31,12,22,8,,57,A
367332950,2022-01-03T21:20:12,30.05772,-89.80200,0.0,44.0,511.0,GOOD SHEPHERD,,WDE3016,31,12,22,8,,57,A
367332950,2022-01-03T20:51:12,30.05773,-89.80203,0.0,44.0,511.0,GOOD SHEPHERD,,WDE3016,31,12,22,8,,57,A
367332950,2022-01-03T20:54:31,30.05773,-89.80203,0.0,44.0,511.0,GOOD SHEPHERD,,WDE3016,31,12,22,8,,57,A
367332950,2022-01-03T21:09:32,30.05772,-89.80203,0.0,44.0,511.0,GOOD SHEPHERD,,WDE3016,31,12,22,8,,57,A
367332950,2022-01-03T21:16:31,30.05772,-89.80200,0.0,44.0,511.0,GOOD SHEPHERD,,WDE3016,31,12,22,8,,57,A
367332950,2022-01-03T21:03:23,30.05773,-89.80200,0.0,44.0,511.0,GOOD SHEPHERD,,WDE3016,31,12,22,8,,57,A
367332950,2022-01-03T21:39:23,30.05772,-89.80203,0.0,44.0,511.0,GOOD SHEPHERD,,WDE3016,31,12,22,8,,57,A
367332950,2022-01-03T21:06:02,30.05773,-89.80203,0.0,44.0,511.0,GOOD SHEPHERD,,WDE3016,31,12,22,8,,57,A
367332950,2022-01-03T22:15:12,30.05772,-89.80202,0.0,44.0,511.0,GOOD SHEPHERD,,WDE3016,31,12,22,8,,57,A
367332950,2022-01-03T21:18:52,30.05772,-89.80200,0.0,44.0,511.0,GOOD SHEPHERD,,WDE3016,31,12,22,8,,57,A
367332950,2022-01-03T21:08:22,30.05772,-89.80203,0.0,44.0,511.0,GOOD SHEPHERD,,WDE3016,31,12,22,8,,57,A
367332950,2022-01-03T21:02:12,30.05773,-89.80200,0.0,44.0,511.0,GOOD SHEPHERD,,WDE3016,31,12,22,8,,57,A
367332950,2022-01-03T22:21:52,30.05772,-89.80202,0.0,44.0,511.0,GOOD SHEPHERD,,WDE3016,31,12,22,8,,57,A
367332950,2022-01-03T21:10:41,30.05772,-89.80203,0.0,44.0,511.0,GOOD SHEPHERD,,WDE3016,31,12,22,8,,57,A
367332950,2022-01-03T21:31:12,30.05772,-89.80198,0.0,44.0,511.0,GOOD SHEPHERD,,WDE3016,31,12,22,8,,57,A
367332950,2022-01-03T21:15:22,30.05773,-89.80200,0.0,44.0,511.0,GOOD SHEPHERD,,WDE3016,31,12,22,8,,57,A
367332950,2022-01-03T21:17:32,30.05772,-89.80200,0.0,44.0,511.0,GOOD SHEPHERD,,WDE3016,31,12,22,8,,57,A
367332950,2022-01-03T21:50:11,30.05772,-89.80200,0.0,44.0,511.0,GOOD SHEPHERD,,WDE3016,31,12,22,8,,57,A
367332950,2022-01-03T22:28:33,30.05772,-89.80200,0.0,44.0,511.0,GOOD SHEPHERD,,WDE3016,31,12,22,8,,57,A
367332950,2022-01-03T21:23:42,30.05772,-89.80200,0.0,44.0,511.0,GOOD SHEPHERD,,WDE3016,31,12,22,8,,57,A
367332950,2022-01-03T21:14:01,30.05772,-89.80200,0.0,44.0,511.0,GOOD SHEPHERD,,WDE3016,31,12,22,8,,57,A
367332950,2022-01-03T21:42:32,30.05772,-89.80200,0.0,44.0,511.0,GOOD SHEPHERD,,WDE3016,31,12,22,8,,57,A
367332950,2022-01-03T21:26:02,30.05772,-89.80203,0.0,44.0,511.0,GOOD SHEPHERD,,WDE3016,31,12,22,8,,57,A
367332950,2022-01-03T21:33:12,30.05772,-89.80202,0.0,44.0,511.0,GOOD SHEPHERD,,WDE3016,31,12,22,8,,57,A
367332950,2022-01-03T09:59:03,30.05772,-89.80203,0.0,44.0,511.0,GOOD SHEPHERD,,WDE3016,31,12,22,8,,57,A
367332950,2022-01-03T22:39:12,30.05772,-89.80202,0.0,44.0,511.0,GOOD SHEPHERD,,WDE3016,31,12,22,8,,57,A
367332950,2022-01-03T21:34:23,30.05772,-89.80202,0.0,44.0,511.0,GOOD SHEPHERD,,WDE3016,31,12,22,8,,57,A
367332950,2022-01-03T21:35:32,30.05772,-89.80203,0.0,44.0,511.0,GOOD SHEPHERD,,WDE3016,31,12,22,8,,57,A
367332950,2022-01-03T21:22:33,30.05772,-89.80200,0.0,44.0,511.0,GOOD SHEPHERD,,WDE3016,31,12,22,8,,57,A
367332950,2022-01-03T21:46:32,30.05772,-89.80200,0.0,44.0,511.0,GOOD SHEPHERD,,WDE3016,31,12,22,8,,57,A
367332950,2022-01-03T21:52:31,30.05772,-89.80200,0.0,44.0,511.0,GOOD SHEPHERD,,WDE3016,31,12,22,8,,57,A
367332950,2022-01-03T22:44:12,30.05772,-89.80202,0.0,44.0,511.0,GOOD SHEPHERD,,WDE3016,31,12,22,8,,57,A
367332950,2022-01-03T21:27:33,30.05772,-89.80203,0.0,44.0,511.0,GOOD SHEPHERD,,WDE3016,31,12,22,8,,57,A
367332950,2022-01-03T21:51:23,30.05772,-89.80203,0.0,44.0,511.0,GOOD SHEPHERD,,WDE3016,31,12,22,8,,57,A
367332950,2022-01-03T21:36:43,30.05772,-89.80203,0.0,44.0,511.0,GOOD SHEPHERD,,WDE3016,31,12,22,8,,57,A
367332950,2022-01-03T22:53:52,30.05772,-89.80200,0.0,44.0,511.0,GOOD SHEPHERD,,WDE3016,31,12,22,8,,57,A
367332950,2022-01-03T10:04:42,30.05772,-89.80200,0.0,44.0,511.0,GOOD SHEPHERD,,WDE3016,31,12,22,8,,57,A
367332950,2022-01-03T22:56:23,30.05772,-89.80200,0.0,44.0,511.0,GOOD SHEPHERD,,WDE3016,31,12,22,8,,57,A
367332950,2022-01-03T21:48:52,30.05772,-89.80200,0.0,44.0,511.0,GOOD SHEPHERD,,WDE3016,31,12,22,8,,57,A
367332950,2022-01-03T21:41:23,30.05772,-89.80200,0.0,44.0,511.0,GOOD SHEPHERD,,WDE3016,31,12,22,8,,57,A
367332950,2022-01-03T22:57:31,30.05772,-89.80200,0.0,44.0,511.0,GOOD SHEPHERD,,WDE3016,31,12,22,8,,57,A
367332950,2022-01-03T21:38:03,30.05772,-89.80203,0.0,44.0,511.0,GOOD SHEPHERD,,WDE3016,31,12,22,8,,57,A
367332950,2022-01-03T22:02:52,30.05772,-89.80202,0.0,44.0,511.0,GOOD SHEPHERD,,WDE3016,31,12,22,8,,57,A
367332950,2022-01-03T22:12:31,30.05772,-89.80202,0.0,44.0,511.0,GOOD SHEPHERD,,WDE3016,31,12,22,8,,57,A
367332950,2022-01-03T21:56:03,30.05772,-89.80200,0.0,44.0,511.0,GOOD SHEPHERD,,WDE3016,31,12,22,8,,57,A
367332950,2022-01-03T22:07:12,30.05772,-89.80202,0.0,44.0,511.0,GOOD SHEPHERD,,WDE3016,31,12,22,8,,57,A
367332950,2022-01-03T21:45:13,30.05772,-89.80200,0.0,44.0,511.0,GOOD SHEPHERD,,WDE3016,31,12,22,8,,57,A
367332950,2022-01-03T21:47:43,30.05772,-89.80203,0.0,44.0,511.0,GOOD SHEPHERD,,WDE3016,31,12,22,8,,57,A
367332950,2022-01-03T21:58:22,30.05772,-89.80202,0.0,44.0,511.0,GOOD SHEPHERD,,WDE3016,31,12,22,8,,57,A
367332950,2022-01-03T23:07:22,30.05770,-89.80200,0.0,44.0,511.0,GOOD SHEPHERD,,WDE3016,31,12,22,8,,57,A
367332950,2022-01-03T22:11:22,30.05772,-89.80202,0.0,44.0,511.0,GOOD SHEPHERD,,WDE3016,31,12,22,8,,57,A
367332950,2022-01-03T22:06:03,30.05772,-89.80202,0.0,44.0,511.0,GOOD SHEPHERD,,WDE3016,31,12,22,8,,57,A
367332950,2022-01-03T22:31:01,30.05772,-89.80200,0.0,44.0,511.0,GOOD SHEPHERD,,WDE3016,31,12,22,8,,57,A
367332950,2022-01-03T21:53:42,30.05772,-89.80202,0.0,44.0,511.0,GOOD SHEPHERD,,WDE3016,31,12,22,8,,57,A
367332950,2022-01-03T21:57:11,30.05772,-89.80202,0.0,44.0,511.0,GOOD SHEPHERD,,WDE3016,31,12,22,8,,57,A
367332950,2022-01-03T22:20:32,30.05772,-89.80202,0.0,44.0,511.0,GOOD SHEPHERD,,WDE3016,31,12,22,8,,57,A
367332950,2022-01-03T22:09:32,30.05772,-89.80202,0.0,44.0,511.0,GOOD SHEPHERD,,WDE3016,31,12,22,8,,57,A
367332950,2022-01-03T23:20:03,30.05772,-89.80202,0.0,44.0,511.0,GOOD SHEPHERD,,WDE3016,31,12,22,8,,57,A
367332950,2022-01-03T22:24:23,30.05772,-89.80202,0.0,44.0,511.0,GOOD SHEPHERD,,WDE3016,31,12,22,8,,57,A
367332950,2022-01-03T22:25:53,30.05772,-89.80200,0.0,44.0,511.0,GOOD SHEPHERD,,WDE3016,31,12,22,8,,57,A
367332950,2022-01-03T22:00:12,30.05772,-89.80202,0.0,44.0,511.0,GOOD SHEPHERD,,WDE3016,31,12,22,8,,57,A
367332950,2022-01-03T10:20:43,30.05772,-89.80202,0.0,44.0,511.0,GOOD SHEPHERD,,WDE3016,31,12,22,8,,57,A
367332950,2022-01-03T22:01:32,30.05772,-89.80202,0.0,44.0,511.0,GOOD SHEPHERD,,WDE3016,31,12,22,8,,57,A
367332950,2022-01-03T22:04:42,30.05772,-89.80202,0.0,44.0,511.0,GOOD SHEPHERD,,WDE3016,31,12,22,8,,57,A
367332950,2022-01-03T22:17:31,30.05772,-89.80202,0.0,44.0,511.0,GOOD SHEPHERD,,WDE3016,31,12,22,8,,57,A
367332950,2022-01-03T22:08:22,30.05772,-89.80202,0.0,44.0,511.0,GOOD SHEPHERD,,WDE3016,31,12,22,8,,57,A
367332950,2022-01-03T22:35:12,30.05772,-89.80200,0.0,44.0,511.0,GOOD SHEPHERD,,WDE3016,31,12,22,8,,57,A
367332950,2022-01-03T10:27:52,30.05772,-89.80202,0.0,44.0,511.0,GOOD SHEPHERD,,WDE3016,31,12,22,8,,57,A
367332950,2022-01-03T22:36:52,30.05772,-89.80202,0.0,44.0,511.0,GOOD SHEPHERD,,WDE3016,31,12,22,8,,57,A
367332950,2022-01-03T22:51:02,30.05770,-89.80200,0.0,44.0,511.0,GOOD SHEPHERD,,WDE3016,31,12,22,8,,57,A
367332950,2022-01-03T22:16:21,30.05772,-89.80202,0.0,44.0,511.0,GOOD SHEPHERD,,WDE3016,31,12,22,8,,57,A
367332950,2022-01-03T22:13:53,30.05772,-89.80202,0.0,44.0,511.0,GOOD SHEPHERD,,WDE3016,31,12,22,8,,57,A
367332950,2022-01-03T22:40:21,30.05772,-89.80202,0.0,44.0,511.0,GOOD SHEPHERD,,WDE3016,31,12,22,8,,57,A
367332950,2022-01-03T22:19:02,30.05772,-89.80202,0.0,44.0,511.0,GOOD SHEPHERD,,WDE3016,31,12,22,8,,57,A
367332950,2022-01-03T22:59:52,30.05770,-89.80200,0.0,44.0,511.0,GOOD SHEPHERD,,WDE3016,31,12,22,8,,57,A
367332950,2022-01-03T23:47:42,30.05772,-89.80202,0.0,44.0,511.0,GOOD SHEPHERD,,WDE3016,31,12,22,8,,57,A
367332950,2022-01-03T23:02:31,30.05770,-89.80200,0.0,44.0,511.0,GOOD SHEPHERD,,WDE3016,31,12,22,8,,57,A
367332950,2022-01-03T22:48:43,30.05770,-89.80202,0.0,44.0,511.0,GOOD SHEPHERD,,WDE3016,31,12,22,8,,57,A
367332950,2022-01-03T22:38:03,30.05772,-89.80202,0.0,44.0,511.0,GOOD SHEPHERD,,WDE3016,31,12,22,8,,57,A
367332950,2022-01-03T23:51:12,30.05772,-89.80202,0.0,44.0,511.0,GOOD SHEPHERD,,WDE3016,31,12,22,8,,57,A
367332950,2022-01-03T23:08:31,30.05772,-89.80202,0.0,44.0,511.0,GOOD SHEPHERD,,WDE3016,31,12,22,8,,57,A
367332950,2022-01-03T22:29:52,30.05772,-89.80200,0.0,44.0,511.0,GOOD SHEPHERD,,WDE3016,31,12,22,8,,57,A
367332950,2022-01-03T23:55:52,30.05772,-89.80202,0.0,44.0,511.0,GOOD SHEPHERD,,WDE3016,31,12,22,8,,57,A
367332950,2022-01-03T23:15:02,30.05772,-89.80202,0.0,44.0,511.0,GOOD SHEPHERD,,WDE3016,31,12,22,8,,57,A
367332950,2022-01-03T22:45:32,30.05772,-89.80202,0.0,44.0,511.0,GOOD SHEPHERD,,WDE3016,31,12,22,8,,57,A
367332950,2022-01-03T23:59:32,30.05770,-89.80202,0.0,44.0,511.0,GOOD SHEPHERD,,WDE3016,31,12,22,8,,57,A
367332950,2022-01-03T22:33:32,30.05772,-89.80202,0.0,44.0,511.0,GOOD SHEPHERD,,WDE3016,31,12,22,8,,57,A
367332950,2022-01-03T22:41:32,30.05772,-89.80202,0.0,44.0,511.0,GOOD SHEPHERD,,WDE3016,31,12,22,8,,57,A
367332950,2022-01-03T22:55:02,30.05772,-89.80200,0.0,44.0,511.0,GOOD SHEPHERD,,WDE3016,31,12,22,8,,57,A
367332950,2022-01-03T23:12:22,30.05772,-89.80202,0.0,44.0,511.0,GOOD SHEPHERD,,WDE3016,31,12,22,8,,57,A
367332950,2022-01-03T22:43:03,30.05770,-89.80202,0.0,44.0,511.0,GOOD SHEPHERD,,WDE3016,31,12,22,8,,57,A
367332950,2022-01-03T22:46:33,30.05772,-89.80202,0.0,44.0,511.0,GOOD SHEPHERD,,WDE3016,31,12,22,8,,57,A
367332950,2022-01-03T23:16:12,30.05772,-89.80202,0.0,44.0,511.0,GOOD SHEPHERD,,WDE3016,31,12,22,8,,57,A
367332950,2022-01-03T22:47:42,30.05770,-89.80202,0.0,44.0,511.0,GOOD SHEPHERD,,WDE3016,31,12,22,8,,57,A
367332950,2022-01-03T23:01:23,30.05770,-89.80200,0.0,44.0,511.0,GOOD SHEPHERD,,WDE3016,31,12,22,8,,57,A
367332950,2022-01-03T22:49:52,30.05770,-89.80200,0.0,44.0,511.0,GOOD SHEPHERD,,WDE3016,31,12,22,8,,57,A
367332950,2022-01-03T23:32:22,30.05770,-89.80200,0.0,44.0,511.0,GOOD SHEPHERD,,WDE3016,31,12,22,8,,57,A
367332950,2022-01-03T23:06:01,30.05770,-89.80200,0.0,44.0,511.0,GOOD SHEPHERD,,WDE3016,31,12,22,8,,57,A
367332950,2022-01-03T23:36:22,30.05772,-89.80202,0.0,44.0,511.0,GOOD SHEPHERD,,WDE3016,31,12,22,8,,57,A
367332950,2022-01-03T23:11:12,30.05770,-89.80202,0.0,44.0,511.0,GOOD SHEPHERD,,WDE3016,31,12,22,8,,57,A
367332950,2022-01-03T23:27:13,30.05770,-89.80200,0.0,44.0,511.0,GOOD SHEPHERD,,WDE3016,31,12,22,8,,57,A
367332950,2022-01-03T22:58:42,30.05770,-89.80200,0.0,44.0,511.0,GOOD SHEPHERD,,WDE3016,31,12,22,8,,57,A
367332950,2022-01-03T23:29:32,30.05770,-89.80203,0.0,44.0,511.0,GOOD SHEPHERD,,WDE3016,31,12,22,8,,57,A
367332950,2022-01-03T23:13:31,30.05772,-89.80202,0.0,44.0,511.0,GOOD SHEPHERD,,WDE3016,31,12,22,8,,57,A
367332950,2022-01-03T23:04:53,30.05770,-89.80203,0.0,44.0,511.0,GOOD SHEPHERD,,WDE3016,31,12,22,8,,57,A
367332950,2022-01-03T23:03:42,30.05770,-89.80200,0.0,44.0,511.0,GOOD SHEPHERD,,WDE3016,31,12,22,8,,57,A
367332950,2022-01-03T23:48:51,30.05772,-89.80200,0.0,44.0,511.0,GOOD SHEPHERD,,WDE3016,31,12,22,8,,57,A
367332950,2022-01-03T23:21:12,30.05772,-89.80202,0.0,44.0,511.0,GOOD SHEPHERD,,WDE3016,31,12,22,8,,57,A
367332950,2022-01-03T23:23:32,30.05770,-89.80203,0.0,44.0,511.0,GOOD SHEPHERD,,WDE3016,31,12,22,8,,57,A
367332950,2022-01-03T23:43:51,30.05770,-89.80202,0.0,44.0,511.0,GOOD SHEPHERD,,WDE3016,31,12,22,8,,57,A
367332950,2022-01-03T23:45:12,30.05770,-89.80202,0.0,44.0,511.0,GOOD SHEPHERD,,WDE3016,31,12,22,8,,57,A
367332950,2022-01-03T23:18:53,30.05772,-89.80202,0.0,44.0,511.0,GOOD SHEPHERD,,WDE3016,31,12,22,8,,57,A
367332950,2022-01-03T23:50:03,30.05772,-89.80202,0.0,44.0,511.0,GOOD SHEPHERD,,WDE3016,31,12,22,8,,57,A
367332950,2022-01-03T23:53:32,30.05772,-89.80200,0.0,44.0,511.0,GOOD SHEPHERD,,WDE3016,31,12,22,8,,57,A
367332950,2022-01-03T23:22:22,30.05772,-89.80200,0.0,44.0,511.0,GOOD SHEPHERD,,WDE3016,31,12,22,8,,57,A
367332950,2022-01-03T23:31:13,30.05770,-89.80203,0.0,44.0,511.0,GOOD SHEPHERD,,WDE3016,31,12,22,8,,57,A
367332950,2022-01-03T23:37:31,30.05770,-89.80202,0.0,44.0,511.0,GOOD SHEPHERD,,WDE3016,31,12,22,8,,57,A
367332950,2022-01-03T23:24:43,30.05770,-89.80200,0.0,44.0,511.0,GOOD SHEPHERD,,WDE3016,31,12,22,8,,57,A
367332950,2022-01-03T23:25:52,30.05770,-89.80200,0.0,44.0,511.0,GOOD SHEPHERD,,WDE3016,31,12,22,8,,57,A
367332950,2022-01-03T23:33:31,30.05770,-89.80200,0.0,44.0,511.0,GOOD SHEPHERD,,WDE3016,31,12,22,8,,57,A
367332950,2022-01-03T23:46:22,30.05772,-89.80202,0.0,44.0,511.0,GOOD SHEPHERD,,WDE3016,31,12,22,8,,57,A
367332950,2022-01-03T23:38:32,30.05770,-89.80202,0.0,44.0,511.0,GOOD SHEPHERD,,WDE3016,31,12,22,8,,57,A
367332950,2022-01-03T23:42:02,30.05772,-89.80202,0.0,44.0,511.0,GOOD SHEPHERD,,WDE3016,31,12,22,8,,57,A
367332950,2022-01-03T23:39:42,30.05770,-89.80202,0.0,44.0,511.0,GOOD SHEPHERD,,WDE3016,31,12,22,8,,57,A
367332950,2022-01-03T23:58:23,30.05772,-89.80202,0.0,44.0,511.0,GOOD SHEPHERD,,WDE3016,31,12,22,8,,57,A
367332950,2022-01-03T11:15:33,30.05772,-89.80202,0.0,44.0,511.0,GOOD SHEPHERD,,WDE3016,31,12,22,8,,57,A
367332950,2022-01-03T23:54:42,30.05772,-89.80202,0.0,44.0,511.0,GOOD SHEPHERD,,WDE3016,31,12,22,8,,57,A
367332950,2022-01-03T23:52:22,30.05772,-89.80202,0.0,44.0,511.0,GOOD SHEPHERD,,WDE3016,31,12,22,8,,57,A
367332950,2022-01-03T11:20:32,30.05772,-89.80198,0.0,44.0,511.0,GOOD SHEPHERD,,WDE3016,31,12,22,8,,57,A
367332950,2022-01-03T11:24:12,30.05772,-89.80200,0.0,44.0,511.0,GOOD SHEPHERD,,WDE3016,31,12,22,8,,57,A
367332950,2022-01-03T11:36:33,30.05770,-89.80198,0.0,44.0,511.0,GOOD SHEPHERD,,WDE3016,31,12,22,8,,57,A
367332950,2022-01-03T11:45:33,30.05770,-89.80198,0.0,44.0,511.0,GOOD SHEPHERD,,WDE3016,31,12,22,8,,57,A
367332950,2022-01-03T12:04:32,30.05772,-89.80200,0.0,44.0,511.0,GOOD SHEPHERD,,WDE3016,31,12,22,8,,57,A
367332950,2022-01-03T12:06:52,30.05772,-89.80198,0.0,44.0,511.0,GOOD SHEPHERD,,WDE3016,31,12,22,8,,57,A
367332950,2022-01-03T12:25:23,30.05772,-89.80202,0.0,44.0,511.0,GOOD SHEPHERD,,WDE3016,31,12,22,8,,57,A
367332950,2022-01-03T12:39:23,30.05772,-89.80202,0.0,44.0,511.0,GOOD SHEPHERD,,WDE3016,31,12,22,8,,57,A
367332950,2022-01-03T13:06:12,30.05773,-89.80202,0.0,44.0,511.0,GOOD SHEPHERD,,WDE3016,31,12,22,8,,57,A
367332950,2022-01-03T13:10:53,30.05773,-89.80200,0.0,44.0,511.0,GOOD SHEPHERD,,WDE3016,31,12,22,8,,57,A
367332950,2022-01-03T13:16:53,30.05773,-89.80200,0.0,44.0,511.0,GOOD SHEPHERD,,WDE3016,31,12,22,8,,57,A
367332950,2022-01-03T13:44:33,30.05772,-89.80202,0.0,44.0,511.0,GOOD SHEPHERD,,WDE3016,31,12,22,8,,57,A
367332950,2022-01-03T13:59:22,30.05772,-89.80202,0.0,44.0,511.0,GOOD SHEPHERD,,WDE3016,31,12,22,8,,57,A
367332950,2022-01-03T14:01:12,30.05772,-89.80202,0.0,44.0,511.0,GOOD SHEPHERD,,WDE3016,31,12,22,8,,57,A
367332950,2022-01-03T14:05:51,30.05770,-89.80202,0.0,44.0,511.0,GOOD SHEPHERD,,WDE3016,31,12,22,8,,57,A
367332950,2022-01-03T14:07:13,30.05772,-89.80200,0.0,44.0,511.0,GOOD SHEPHERD,,WDE3016,31,12,22,8,,57,A
367332950,2022-01-03T14:09:31,30.05772,-89.80200,0.0,44.0,511.0,GOOD SHEPHERD,,WDE3016,31,12,22,8,,57,A
367332950,2022-01-03T14:14:22,30.05772,-89.80203,0.0,44.0,511.0,GOOD SHEPHERD,,WDE3016,31,12,22,8,,57,A
367332950,2022-01-03T14:18:01,30.05772,-89.80200,0.0,44.0,511.0,GOOD SHEPHERD,,WDE3016,31,12,22,8,,57,A
367332950,2022-01-03T14:20:42,30.05772,-89.80200,0.0,44.0,511.0,GOOD SHEPHERD,,WDE3016,31,12,22,8,,57,A
367332950,2022-01-03T14:33:13,30.05770,-89.80203,0.0,44.0,511.0,GOOD SHEPHERD,,WDE3016,31,12,22,8,,57,A
367332950,2022-01-03T14:47:02,30.05772,-89.80200,0.0,44.0,511.0,GOOD SHEPHERD,,WDE3016,31,12,22,8,,57,A
367332950,2022-01-03T14:48:12,30.05772,-89.80200,0.0,44.0,511.0,GOOD SHEPHERD,,WDE3016,31,12,22,8,,57,A
367332950,2022-01-03T15:21:03,30.05772,-89.80200,0.0,44.0,511.0,GOOD SHEPHERD,,WDE3016,31,12,22,8,,57,A
367332950,2022-01-03T15:30:52,30.05772,-89.80200,0.0,44.0,511.0,GOOD SHEPHERD,,WDE3016,31,12,22,8,,57,A
367332950,2022-01-03T15:42:03,30.05772,-89.80200,0.0,44.0,511.0,GOOD SHEPHERD,,WDE3016,31,12,22,8,,57,A
367332950,2022-01-03T15:57:01,30.05772,-89.80200,0.0,44.0,511.0,GOOD SHEPHERD,,WDE3016,31,12,22,8,,57,A
367332950,2022-01-03T15:59:12,30.05772,-89.80200,0.0,44.0,511.0,GOOD SHEPHERD,,WDE3016,31,12,22,8,,57,A
367332950,2022-01-03T16:03:23,30.05772,-89.80203,0.0,44.0,511.0,GOOD SHEPHERD,,WDE3016,31,12,22,8,,57,A
367332950,2022-01-03T16:22:52,30.05772,-89.80203,0.0,44.0,511.0,GOOD SHEPHERD,,WDE3016,31,12,22,8,,57,A
367332950,2022-01-03T16:24:02,30.05772,-89.80203,0.0,44.0,511.0,GOOD SHEPHERD,,WDE3016,31,12,22,8,,57,A
367332950,2022-01-03T16:33:22,30.05772,-89.80203,0.0,44.0,511.0,GOOD SHEPHERD,,WDE3016,31,12,22,8,,57,A
367332950,2022-01-03T16:35:52,30.05772,-89.80203,0.0,44.0,511.0,GOOD SHEPHERD,,WDE3016,31,12,22,8,,57,A
367332950,2022-01-03T16:39:12,30.05772,-89.80203,0.0,44.0,511.0,GOOD SHEPHERD,,WDE3016,31,12,22,8,,57,A
367332950,2022-01-03T16:48:33,30.05772,-89.80200,0.0,44.0,511.0,GOOD SHEPHERD,,WDE3016,31,12,22,8,,57,A
367332950,2022-01-03T16:49:42,30.05772,-89.80203,0.0,44.0,511.0,GOOD SHEPHERD,,WDE3016,31,12,22,8,,57,A
367332950,2022-01-03T17:06:31,30.05773,-89.80202,0.0,44.0,511.0,GOOD SHEPHERD,,WDE3016,31,12,22,8,,57,A
367332950,2022-01-03T17:16:42,30.05772,-89.80202,0.0,44.0,511.0,GOOD SHEPHERD,,WDE3016,31,12,22,8,,57,A
367332950,2022-01-03T17:17:53,30.05772,-89.80202,0.0,44.0,511.0,GOOD SHEPHERD,,WDE3016,31,12,22,8,,57,A
367332950,2022-01-03T17:26:01,30.05772,-89.80200,0.0,44.0,511.0,GOOD SHEPHERD,,WDE3016,31,12,22,8,,57,A
367332950,2022-01-03T17:56:52,30.05772,-89.80203,0.0,44.0,511.0,GOOD SHEPHERD,,WDE3016,31,12,22,8,,57,A
367332950,2022-01-03T17:59:23,30.05772,-89.80203,0.0,44.0,511.0,GOOD SHEPHERD,,WDE3016,31,12,22,8,,57,A
367332950,2022-01-03T18:13:53,30.05772,-89.80202,0.0,44.0,511.0,GOOD SHEPHERD,,WDE3016,31,12,22,8,,57,A
367332950,2022-01-03T18:24:51,30.05772,-89.80202,0.0,44.0,511.0,GOOD SHEPHERD,,WDE3016,31,12,22,8,,57,A
367332950,2022-01-03T18:29:33,30.05772,-89.80200,0.0,44.0,511.0,GOOD SHEPHERD,,WDE3016,31,12,22,8,,57,A
367332950,2022-01-03T18:34:53,30.05772,-89.80200,0.0,44.0,511.0,GOOD SHEPHERD,,WDE3016,31,12,22,8,,57,A
367332950,2022-01-03T18:51:41,30.05772,-89.80200,0.0,44.0,511.0,GOOD SHEPHERD,,WDE3016,31,12,22,8,,57,A
367332950,2022-01-03T19:01:32,30.05770,-89.80200,0.0,44.0,511.0,GOOD SHEPHERD,,WDE3016,31,12,22,8,,57,A
367332950,2022-01-03T19:15:42,30.05772,-89.80202,0.0,44.0,511.0,GOOD SHEPHERD,,WDE3016,31,12,22,8,,57,A
367332950,2022-01-03T19:23:12,30.05772,-89.80202,0.0,44.0,511.0,GOOD SHEPHERD,,WDE3016,31,12,22,8,,57,A
367332950,2022-01-03T19:28:33,30.05772,-89.80202,0.0,44.0,511.0,GOOD SHEPHERD,,WDE3016,31,12,22,8,,57,A
367332950,2022-01-03T19:42:32,30.05772,-89.80202,0.0,44.0,511.0,GOOD SHEPHERD,,WDE3016,31,12,22,8,,57,A
367332950,2022-01-03T19:50:32,30.05772,-89.80200,0.0,44.0,511.0,GOOD SHEPHERD,,WDE3016,31,12,22,8,,57,A
367332950,2022-01-03T19:54:02,30.05773,-89.80202,0.0,44.0,511.0,GOOD SHEPHERD,,WDE3016,31,12,22,8,,57,A
367332950,2022-01-03T20:19:32,30.05773,-89.80203,0.0,44.0,511.0,GOOD SHEPHERD,,WDE3016,31,12,22,8,,57,A
367332950,2022-01-03T20:31:22,30.05772,-89.80200,0.0,44.0,511.0,GOOD SHEPHERD,,WDE3016,31,12,22,8,,57,A
367332950,2022-01-03T20:35:01,30.05772,-89.80203,0.0,44.0,511.0,GOOD SHEPHERD,,WDE3016,31,12,22,8,,57,A
367332950,2022-01-03T20:45:02,30.05773,-89.80203,0.0,44.0,511.0,GOOD SHEPHERD,,WDE3016,31,12,22,8,,57,A
367332950,2022-01-03T20:52:22,30.05773,-89.80203,0.0,44.0,511.0,GOOD SHEPHERD,,WDE3016,31,12,22,8,,57,A
367332950,2022-01-03T20:58:12,30.05775,-89.80203,0.0,44.0,511.0,GOOD SHEPHERD,,WDE3016,31,12,22,8,,57,A
367332950,2022-01-03T21:11:42,30.05772,-89.80203,0.0,44.0,511.0,GOOD SHEPHERD,,WDE3016,31,12,22,8,,57,A
367332950,2022-01-03T21:21:13,30.05772,-89.80200,0.0,44.0,511.0,GOOD SHEPHERD,,WDE3016,31,12,22,8,,57,A
367332950,2022-01-03T21:28:42,30.05772,-89.80203,0.0,44.0,511.0,GOOD SHEPHERD,,WDE3016,31,12,22,8,,57,A
367332950,2022-01-03T21:43:51,30.05772,-89.80200,0.0,44.0,511.0,GOOD SHEPHERD,,WDE3016,31,12,22,8,,57,A
367332950,2022-01-03T21:54:51,30.05772,-89.80200,0.0,44.0,511.0,GOOD SHEPHERD,,WDE3016,31,12,22,8,,57,A
367332950,2022-01-03T21:59:23,30.05772,-89.80202,0.0,44.0,511.0,GOOD SHEPHERD,,WDE3016,31,12,22,8,,57,A
367332950,2022-01-03T22:23:13,30.05772,-89.80202,0.0,44.0,511.0,GOOD SHEPHERD,,WDE3016,31,12,22,8,,57,A
367332950,2022-01-03T22:27:13,30.05772,-89.80200,0.0,44.0,511.0,GOOD SHEPHERD,,WDE3016,31,12,22,8,,57,A
367332950,2022-01-03T22:32:12,30.05772,-89.80202,0.0,44.0,511.0,GOOD SHEPHERD,,WDE3016,31,12,22,8,,57,A
367332950,2022-01-03T23:00:01,30.05770,-89.80200,0.0,44.0,511.0,GOOD SHEPHERD,,WDE3016,31,12,22,8,,57,A
367332950,2022-01-03T23:17:22,30.05772,-89.80202,0.0,44.0,511.0,GOOD SHEPHERD,,WDE3016,31,12,22,8,,57,A
367332950,2022-01-03T23:28:22,30.05770,-89.80200,0.0,44.0,511.0,GOOD SHEPHERD,,WDE3016,31,12,22,8,,57,A
367332950,2022-01-03T23:40:51,30.05770,-89.80202,0.0,44.0,511.0,GOOD SHEPHERD,,WDE3016,31,12,22,8,,57,A
367332950,2022-01-03T23:57:12,30.05772,-89.80202,0.0,44.0,511.0,GOOD SHEPHERD,,WDE3016,31,12,22,8,,57,A
367332950,2022-01-04T00:00:01,30.05770,-89.80200,0.0,44.0,511.0,GOOD SHEPHERD,,WDE3016,31,12,22,8,,57,A
367332950,2022-01-04T00:01:12,30.05770,-89.80200,0.0,44.0,511.0,GOOD SHEPHERD,,WDE3016,31,12,22,8,,57,A
367332950,2022-01-04T00:02:23,30.05770,-89.80203,0.0,44.0,511.0,GOOD SHEPHERD,,WDE3016,31,12,22,8,,57,A
367332950,2022-01-04T00:03:32,30.05772,-89.80202,0.0,44.0,511.0,GOOD SHEPHERD,,WDE3016,31,12,22,8,,57,A
367332950,2022-01-04T00:04:52,30.05772,-89.80202,0.0,44.0,511.0,GOOD SHEPHERD,,WDE3016,31,12,22,8,,57,A
367332950,2022-01-04T00:06:02,30.05772,-89.80202,0.0,44.0,511.0,GOOD SHEPHERD,,WDE3016,31,12,22,8,,57,A
367332950,2022-01-04T00:07:12,30.05772,-89.80202,0.0,44.0,511.0,GOOD SHEPHERD,,WDE3016,31,12,22,8,,57,A
367332950,2022-01-04T00:08:42,30.05772,-89.80200,0.0,44.0,511.0,GOOD SHEPHERD,,WDE3016,31,12,22,8,,57,A
367332950,2022-01-04T00:09:52,30.05772,-89.80202,0.0,44.0,511.0,GOOD SHEPHERD,,WDE3016,31,12,22,8,,57,A
367332950,2022-01-04T00:11:02,30.05772,-89.80202,0.0,44.0,511.0,GOOD SHEPHERD,,WDE3016,31,12,22,8,,57,A
367332950,2022-01-04T00:12:12,30.05772,-89.80202,0.0,44.0,511.0,GOOD SHEPHERD,,WDE3016,31,12,22,8,,57,A
367332950,2022-01-04T00:18:32,30.05772,-89.80202,0.0,44.0,511.0,GOOD SHEPHERD,,WDE3016,31,12,22,8,,57,A
367332950,2022-01-04T00:19:42,30.05772,-89.80202,0.0,44.0,511.0,GOOD SHEPHERD,,WDE3016,31,12,22,8,,57,A
367332950,2022-01-04T00:13:22,30.05772,-89.80202,0.0,44.0,511.0,GOOD SHEPHERD,,WDE3016,31,12,22,8,,57,A
367332950,2022-01-04T00:20:51,30.05772,-89.80202,0.0,44.0,511.0,GOOD SHEPHERD,,WDE3016,31,12,22,8,,57,A
367332950,2022-01-04T00:14:32,30.05772,-89.80202,0.0,44.0,511.0,GOOD SHEPHERD,,WDE3016,31,12,22,8,,57,A
367332950,2022-01-04T00:15:42,30.05772,-89.80202,0.0,44.0,511.0,GOOD SHEPHERD,,WDE3016,31,12,22,8,,57,A
367332950,2022-01-04T00:17:12,30.05772,-89.80202,0.0,44.0,511.0,GOOD SHEPHERD,,WDE3016,31,12,22,8,,57,A
367332950,2022-01-04T00:28:11,30.05772,-89.80202,0.0,44.0,511.0,GOOD SHEPHERD,,WDE3016,31,12,22,8,,57,A
367332950,2022-01-04T00:29:22,30.05772,-89.80202,0.0,44.0,511.0,GOOD SHEPHERD,,WDE3016,31,12,22,8,,57,A
367332950,2022-01-04T00:22:02,30.05772,-89.80202,0.0,44.0,511.0,GOOD SHEPHERD,,WDE3016,31,12,22,8,,57,A
367332950,2022-01-04T00:23:23,30.05772,-89.80202,0.0,44.0,511.0,GOOD SHEPHERD,,WDE3016,31,12,22,8,,57,A
367332950,2022-01-04T00:35:33,30.05772,-89.80200,0.0,44.0,511.0,GOOD SHEPHERD,,WDE3016,31,12,22,8,,57,A
367332950,2022-01-04T00:24:33,30.05772,-89.80202,0.0,44.0,511.0,GOOD SHEPHERD,,WDE3016,31,12,22,8,,57,A
367332950,2022-01-04T00:25:52,30.05772,-89.80202,0.0,44.0,511.0,GOOD SHEPHERD,,WDE3016,31,12,22,8,,57,A
367332950,2022-01-04T00:41:52,30.05772,-89.80200,0.0,44.0,511.0,GOOD SHEPHERD,,WDE3016,31,12,22,8,,57,A
367332950,2022-01-04T00:27:02,30.05772,-89.80202,0.0,44.0,511.0,GOOD SHEPHERD,,WDE3016,31,12,22,8,,57,A
367332950,2022-01-04T00:34:23,30.05772,-89.80200,0.0,44.0,511.0,GOOD SHEPHERD,,WDE3016,31,12,22,8,,57,A
367332950,2022-01-04T00:44:12,30.05772,-89.80200,0.0,44.0,511.0,GOOD SHEPHERD,,WDE3016,31,12,22,8,,57,A
367332950,2022-01-04T00:39:33,30.05772,-89.80200,0.0,44.0,511.0,GOOD SHEPHERD,,WDE3016,31,12,22,8,,57,A
367332950,2022-01-04T00:37:01,30.05772,-89.80200,0.0,44.0,511.0,GOOD SHEPHERD,,WDE3016,31,12,22,8,,57,A
367332950,2022-01-04T00:30:52,30.05772,-89.80202,0.0,44.0,511.0,GOOD SHEPHERD,,WDE3016,31,12,22,8,,57,A
367332950,2022-01-04T00:38:22,30.05772,-89.80200,0.0,44.0,511.0,GOOD SHEPHERD,,WDE3016,31,12,22,8,,57,A
367332950,2022-01-04T00:49:12,30.05772,-89.80202,0.0,44.0,511.0,GOOD SHEPHERD,,WDE3016,31,12,22,8,,57,A
367332950,2022-01-04T00:32:02,30.05772,-89.80202,0.0,44.0,511.0,GOOD SHEPHERD,,WDE3016,31,12,22,8,,57,A
367332950,2022-01-04T00:33:12,30.05772,-89.80202,0.0,44.0,511.0,GOOD SHEPHERD,,WDE3016,31,12,22,8,,57,A
367332950,2022-01-04T00:43:03,30.05772,-89.80200,0.0,44.0,511.0,GOOD SHEPHERD,,WDE3016,31,12,22,8,,57,A
367332950,2022-01-04T00:45:21,30.05772,-89.80200,0.0,44.0,511.0,GOOD SHEPHERD,,WDE3016,31,12,22,8,,57,A
367332950,2022-01-04T00:55:02,30.05772,-89.80203,0.0,44.0,511.0,GOOD SHEPHERD,,WDE3016,31,12,22,8,,57,A
367332950,2022-01-04T00:57:52,30.05772,-89.80203,0.0,44.0,511.0,GOOD SHEPHERD,,WDE3016,31,12,22,8,,57,A
367332950,2022-01-04T00:40:43,30.05772,-89.80200,0.0,44.0,511.0,GOOD SHEPHERD,,WDE3016,31,12,22,8,,57,A
367332950,2022-01-04T00:56:32,30.05772,-89.80203,0.0,44.0,511.0,GOOD SHEPHERD,,WDE3016,31,12,22,8,,57,A
367332950,2022-01-04T00:50:21,30.05772,-89.80200,0.0,44.0,511.0,GOOD SHEPHERD,,WDE3016,31,12,22,8,,57,A
367332950,2022-01-04T01:00:01,30.05773,-89.80203,0.0,44.0,511.0,GOOD SHEPHERD,,WDE3016,31,12,22,8,,57,A
367332950,2022-01-04T01:11:01,30.05772,-89.80203,0.0,44.0,511.0,GOOD SHEPHERD,,WDE3016,31,12,22,8,,57,A
367332950,2022-01-04T01:01:13,30.05773,-89.80203,0.0,44.0,511.0,GOOD SHEPHERD,,WDE3016,31,12,22,8,,57,A
367332950,2022-01-04T01:02:21,30.05773,-89.80203,0.0,44.0,511.0,GOOD SHEPHERD,,WDE3016,31,12,22,8,,57,A
367332950,2022-01-04T00:46:53,30.05772,-89.80202,0.0,44.0,511.0,GOOD SHEPHERD,,WDE3016,31,12,22,8,,57,A
367332950,2022-01-04T01:03:32,30.05772,-89.80203,0.0,44.0,511.0,GOOD SHEPHERD,,WDE3016,31,12,22,8,,57,A
367332950,2022-01-04T01:04:52,30.05772,-89.80203,0.0,44.0,511.0,GOOD SHEPHERD,,WDE3016,31,12,22,8,,57,A
367332950,2022-01-04T00:48:02,30.05772,-89.80202,0.0,44.0,511.0,GOOD SHEPHERD,,WDE3016,31,12,22,8,,57,A
367332950,2022-01-04T01:16:32,30.05772,-89.80203,0.0,44.0,511.0,GOOD SHEPHERD,,WDE3016,31,12,22,8,,57,A
367332950,2022-01-04T01:07:22,30.05772,-89.80203,0.0,44.0,511.0,GOOD SHEPHERD,,WDE3016,31,12,22,8,,57,A
367332950,2022-01-04T00:59:02,30.05772,-89.80203,0.0,44.0,511.0,GOOD SHEPHERD,,WDE3016,31,12,22,8,,57,A
367332950,2022-01-04T00:51:33,30.05772,-89.80200,0.0,44.0,511.0,GOOD SHEPHERD,,WDE3016,31,12,22,8,,57,A
367332950,2022-01-04T01:06:01,30.05772,-89.80203,0.0,44.0,511.0,GOOD SHEPHERD,,WDE3016,31,12,22,8,,57,A
367332950,2022-01-04T01:09:52,30.05772,-89.80203,0.0,44.0,511.0,GOOD SHEPHERD,,WDE3016,31,12,22,8,,57,A
367332950,2022-01-04T01:08:33,30.05772,-89.80203,0.0,44.0,511.0,GOOD SHEPHERD,,WDE3016,31,12,22,8,,57,A
367332950,2022-01-04T00:52:41,30.05772,-89.80203,0.0,44.0,511.0,GOOD SHEPHERD,,WDE3016,31,12,22,8,,57,A
367332950,2022-01-04T00:53:52,30.05772,-89.80200,0.0,44.0,511.0,GOOD SHEPHERD,,WDE3016,31,12,22,8,,57,A
367332950,2022-01-04T01:12:02,30.05772,-89.80203,0.0,44.0,511.0,GOOD SHEPHERD,,WDE3016,31,12,22,8,,57,A
367332950,2022-01-04T01:24:42,30.05772,-89.80200,0.0,44.0,511.0,GOOD SHEPHERD,,WDE3016,31,12,22,8,,57,A
367332950,2022-01-04T01:13:53,30.05772,-89.80203,0.0,44.0,511.0,GOOD SHEPHERD,,WDE3016,31,12,22,8,,57,A
367332950,2022-01-04T01:15:12,30.05773,-89.80203,0.0,44.0,511.0,GOOD SHEPHERD,,WDE3016,31,12,22,8,,57,A
367332950,2022-01-04T01:17:41,30.05772,-89.80203,0.0,44.0,511.0,GOOD SHEPHERD,,WDE3016,31,12,22,8,,57,A
367332950,2022-01-04T01:21:03,30.05772,-89.80203,0.0,44.0,511.0,GOOD SHEPHERD,,WDE3016,31,12,22,8,,57,A
367332950,2022-01-04T01:20:02,30.05772,-89.80200,0.0,44.0,511.0,GOOD SHEPHERD,,WDE3016,31,12,22,8,,57,A
367332950,2022-01-04T01:22:12,30.05772,-89.80203,0.0,44.0,511.0,GOOD SHEPHERD,,WDE3016,31,12,22,8,,57,A
367332950,2022-01-04T01:37:43,30.05773,-89.80203,0.0,44.0,511.0,GOOD SHEPHERD,,WDE3016,31,12,22,8,,57,A
367332950,2022-01-04T01:27:02,30.05772,-89.80200,0.0,44.0,511.0,GOOD SHEPHERD,,WDE3016,31,12,22,8,,57,A
367332950,2022-01-04T01:25:53,30.05772,-89.80200,0.0,44.0,511.0,GOOD SHEPHERD,,WDE3016,31,12,22,8,,57,A
367332950,2022-01-04T01:18:53,30.05772,-89.80200,0.0,44.0,511.0,GOOD SHEPHERD,,WDE3016,31,12,22,8,,57,A
367332950,2022-01-04T01:34:43,30.05773,-89.80203,0.0,44.0,511.0,GOOD SHEPHERD,,WDE3016,31,12,22,8,,57,A
367332950,2022-01-04T01:30:53,30.05772,-89.80203,0.0,44.0,511.0,GOOD SHEPHERD,,WDE3016,31,12,22,8,,57,A
367332950,2022-01-04T01:28:13,30.05772,-89.80200,0.0,44.0,511.0,GOOD SHEPHERD,,WDE3016,31,12,22,8,,57,A
367332950,2022-01-04T01:29:33,30.05772,-89.80200,0.0,44.0,511.0,GOOD SHEPHERD,,WDE3016,31,12,22,8,,57,A
367332950,2022-01-04T01:42:23,30.05772,-89.80203,0.0,44.0,511.0,GOOD SHEPHERD,,WDE3016,31,12,22,8,,57,A
367332950,2022-01-04T01:43:31,30.05772,-89.80203,0.0,44.0,511.0,GOOD SHEPHERD,,WDE3016,31,12,22,8,,57,A
367332950,2022-01-04T01:36:33,30.05773,-89.80203,0.0,44.0,511.0,GOOD SHEPHERD,,WDE3016,31,12,22,8,,57,A
367332950,2022-01-04T01:38:52,30.05773,-89.80203,0.0,44.0,511.0,GOOD SHEPHERD,,WDE3016,31,12,22,8,,57,A
367332950,2022-01-04T01:58:02,30.05768,-89.80203,0.0,44.0,511.0,GOOD SHEPHERD,,WDE3016,31,12,22,8,,57,A
367332950,2022-01-04T01:48:13,30.05772,-89.80200,0.0,44.0,511.0,GOOD SHEPHERD,,WDE3016,31,12,22,8,,57,A
367332950,2022-01-04T01:40:12,30.05773,-89.80203,0.0,44.0,511.0,GOOD SHEPHERD,,WDE3016,31,12,22,8,,57,A
367332950,2022-01-04T02:02:22,30.05772,-89.80202,0.0,44.0,511.0,GOOD SHEPHERD,,WDE3016,31,12,22,8,,57,A
367332950,2022-01-04T01:51:33,30.05772,-89.80200,0.0,44.0,511.0,GOOD SHEPHERD,,WDE3016,31,12,22,8,,57,A
367332950,2022-01-04T01:41:22,30.05773,-89.80202,0.0,44.0,511.0,GOOD SHEPHERD,,WDE3016,31,12,22,8,,57,A
367332950,2022-01-04T01:47:02,30.05772,-89.80203,0.0,44.0,511.0,GOOD SHEPHERD,,WDE3016,31,12,22,8,,57,A
367332950,2022-01-04T01:52:42,30.05772,-89.80200,0.0,44.0,511.0,GOOD SHEPHERD,,WDE3016,31,12,22,8,,57,A
367332950,2022-01-04T01:49:21,30.05772,-89.80200,0.0,44.0,511.0,GOOD SHEPHERD,,WDE3016,31,12,22,8,,57,A
367332950,2022-01-04T01:44:43,30.05772,-89.80203,0.0,44.0,511.0,GOOD SHEPHERD,,WDE3016,31,12,22,8,,57,A
367332950,2022-01-04T01:45:52,30.05772,-89.80200,0.0,44.0,511.0,GOOD SHEPHERD,,WDE3016,31,12,22,8,,57,A
367332950,2022-01-04T01:23:21,30.05772,-89.80200,0.0,44.0,511.0,GOOD SHEPHERD,,WDE3016,31,12,22,8,,57,A
367332950,2022-01-04T02:09:31,30.05772,-89.80203,0.0,44.0,511.0,GOOD SHEPHERD,,WDE3016,31,12,22,8,,57,A
367332950,2022-01-04T01:50:32,30.05772,-89.80202,0.0,44.0,511.0,GOOD SHEPHERD,,WDE3016,31,12,22,8,,57,A
367332950,2022-01-04T01:54:22,30.05772,-89.80203,0.0,44.0,511.0,GOOD SHEPHERD,,WDE3016,31,12,22,8,,57,A
367332950,2022-01-04T01:55:32,30.05773,-89.80203,0.0,44.0,511.0,GOOD SHEPHERD,,WDE3016,31,12,22,8,,57,A
367332950,2022-01-04T02:07:13,30.05773,-89.80203,0.0,44.0,511.0,GOOD SHEPHERD,,WDE3016,31,12,22,8,,57,A
367332950,2022-01-04T01:32:01,30.05773,-89.80203,0.0,44.0,511.0,GOOD SHEPHERD,,WDE3016,31,12,22,8,,57,A
367332950,2022-01-04T01:33:33,30.05773,-89.80203,0.0,44.0,511.0,GOOD SHEPHERD,,WDE3016,31,12,22,8,,57,A
367332950,2022-01-04T02:00:02,30.05768,-89.80203,0.0,44.0,511.0,GOOD SHEPHERD,,WDE3016,31,12,22,8,,57,A
367332950,2022-01-04T02:01:12,30.05772,-89.80205,0.0,44.0,511.0,GOOD SHEPHERD,,WDE3016,31,12,22,8,,57,A
367332950,2022-01-04T02:08:21,30.05772,-89.80202,0.0,44.0,511.0,GOOD SHEPHERD,,WDE3016,31,12,22,8,,57,A
367332950,2022-01-04T02:06:02,30.05772,-89.80203,0.0,44.0,511.0,GOOD SHEPHERD,,WDE3016,31,12,22,8,,57,A
367332950,2022-01-04T02:03:33,30.05772,-89.80202,0.0,44.0,511.0,GOOD SHEPHERD,,WDE3016,31,12,22,8,,57,A
367332950,2022-01-04T02:12:02,30.05772,-89.80202,0.0,44.0,511.0,GOOD SHEPHERD,,WDE3016,31,12,22,8,,57,A
367332950,2022-01-04T02:13:12,30.05772,-89.80203,0.0,44.0,511.0,GOOD SHEPHERD,,WDE3016,31,12,22,8,,57,A
367332950,2022-01-04T02:04:53,30.05772,-89.80203,0.0,44.0,511.0,GOOD SHEPHERD,,WDE3016,31,12,22,8,,57,A
367332950,2022-01-04T02:14:21,30.05772,-89.80203,0.0,44.0,511.0,GOOD SHEPHERD,,WDE3016,31,12,22,8,,57,A
367332950,2022-01-04T02:33:12,30.05772,-89.80203,0.0,44.0,511.0,GOOD SHEPHERD,,WDE3016,31,12,22,8,,57,A
367332950,2022-01-04T02:21:02,30.05772,-89.80205,0.0,44.0,511.0,GOOD SHEPHERD,,WDE3016,31,12,22,8,,57,A
367332950,2022-01-04T02:29:12,30.05772,-89.80203,0.0,44.0,511.0,GOOD SHEPHERD,,WDE3016,31,12,22,8,,57,A
367332950,2022-01-04T02:35:32,30.05772,-89.80203,0.0,44.0,511.0,GOOD SHEPHERD,,WDE3016,31,12,22,8,,57,A
367332950,2022-01-04T02:25:42,30.05772,-89.80203,0.0,44.0,511.0,GOOD SHEPHERD,,WDE3016,31,12,22,8,,57,A
367332950,2022-01-04T02:10:42,30.05772,-89.80202,0.0,44.0,511.0,GOOD SHEPHERD,,WDE3016,31,12,22,8,,57,A
367332950,2022-01-04T02:16:31,30.05772,-89.80203,0.0,44.0,511.0,GOOD SHEPHERD,,WDE3016,31,12,22,8,,57,A
367332950,2022-01-04T02:17:32,30.05772,-89.80203,0.0,44.0,511.0,GOOD SHEPHERD,,WDE3016,31,12,22,8,,57,A
367332950,2022-01-04T02:15:22,30.05772,-89.80203,0.0,44.0,511.0,GOOD SHEPHERD,,WDE3016,31,12,22,8,,57,A
367332950,2022-01-04T02:19:51,30.05772,-89.80205,0.0,44.0,511.0,GOOD SHEPHERD,,WDE3016,31,12,22,8,,57,A
367332950,2022-01-04T02:37:42,30.05772,-89.80203,0.0,44.0,511.0,GOOD SHEPHERD,,WDE3016,31,12,22,8,,57,A
367332950,2022-01-04T02:41:32,30.05772,-89.80203,0.0,44.0,511.0,GOOD SHEPHERD,,WDE3016,31,12,22,8,,57,A
367332950,2022-01-04T02:36:33,30.05772,-89.80203,0.0,44.0,511.0,GOOD SHEPHERD,,WDE3016,31,12,22,8,,57,A
367332950,2022-01-04T02:23:23,30.05772,-89.80202,0.0,44.0,511.0,GOOD SHEPHERD,,WDE3016,31,12,22,8,,57,A
367332950,2022-01-04T02:24:32,30.05772,-89.80203,0.0,44.0,511.0,GOOD SHEPHERD,,WDE3016,31,12,22,8,,57,A
367332950,2022-01-04T02:32:03,30.05772,-89.80203,0.0,44.0,511.0,GOOD SHEPHERD,,WDE3016,31,12,22,8,,57,A
367332950,2022-01-04T02:40:22,30.05772,-89.80200,0.0,44.0,511.0,GOOD SHEPHERD,,WDE3016,31,12,22,8,,57,A
367332950,2022-01-04T02:28:03,30.05772,-89.80200,0.0,44.0,511.0,GOOD SHEPHERD,,WDE3016,31,12,22,8,,57,A
367332950,2022-01-04T02:46:32,30.05770,-89.80203,0.0,44.0,511.0,GOOD SHEPHERD,,WDE3016,31,12,22,8,,57,A
367332950,2022-01-04T02:26:53,30.05772,-89.80203,0.0,44.0,511.0,GOOD SHEPHERD,,WDE3016,31,12,22,8,,57,A
367332950,2022-01-04T02:47:33,30.05770,-89.80202,0.0,44.0,511.0,GOOD SHEPHERD,,WDE3016,31,12,22,8,,57,A
367332950,2022-01-04T02:56:22,30.05772,-89.80203,0.0,44.0,511.0,GOOD SHEPHERD,,WDE3016,31,12,22,8,,57,A
367332950,2022-01-04T02:44:12,30.05770,-89.80203,0.0,44.0,511.0,GOOD SHEPHERD,,WDE3016,31,12,22,8,,57,A
367332950,2022-01-04T02:45:22,30.05770,-89.80203,0.0,44.0,511.0,GOOD SHEPHERD,,WDE3016,31,12,22,8,,57,A
367332950,2022-01-04T02:59:03,30.05772,-89.80203,0.0,44.0,511.0,GOOD SHEPHERD,,WDE3016,31,12,22,8,,57,A
367332950,2022-01-04T02:51:32,30.05772,-89.80203,0.0,44.0,511.0,GOOD SHEPHERD,,WDE3016,31,12,22,8,,57,A
367332950,2022-01-04T02:49:02,30.05772,-89.80203,0.0,44.0,511.0,GOOD SHEPHERD,,WDE3016,31,12,22,8,,57,A
367332950,2022-01-04T02:34:23,30.05773,-89.80202,0.0,44.0,511.0,GOOD SHEPHERD,,WDE3016,31,12,22,8,,57,A
367332950,2022-01-04T02:50:23,30.05772,-89.80203,0.0,44.0,511.0,GOOD SHEPHERD,,WDE3016,31,12,22,8,,57,A
367332950,2022-01-04T02:42:52,30.05772,-89.80203,0.0,44.0,511.0,GOOD SHEPHERD,,WDE3016,31,12,22,8,,57,A
367332950,2022-01-04T02:52:43,30.05772,-89.80203,0.0,44.0,511.0,GOOD SHEPHERD,,WDE3016,31,12,22,8,,57,A
367332950,2022-01-04T02:57:32,30.05772,-89.80203,0.0,44.0,511.0,GOOD SHEPHERD,,WDE3016,31,12,22,8,,57,A
367332950,2022-01-04T03:08:42,30.05772,-89.80200,0.0,44.0,511.0,GOOD SHEPHERD,,WDE3016,31,12,22,8,,57,A
367332950,2022-01-04T03:01:21,30.05772,-89.80203,0.0,44.0,511.0,GOOD SHEPHERD,,WDE3016,31,12,22,8,,57,A
367332950,2022-01-04T03:00:12,30.05770,-89.80203,0.0,44.0,511.0,GOOD SHEPHERD,,WDE3016,31,12,22,8,,57,A
367332950,2022-01-04T02:39:13,30.05772,-89.80203,0.0,44.0,511.0,GOOD SHEPHERD,,WDE3016,31,12,22,8,,57,A
367332950,2022-01-04T03:03:52,30.05772,-89.80203,0.0,44.0,511.0,GOOD SHEPHERD,,WDE3016,31,12,22,8,,57,A
367332950,2022-01-04T03:05:03,30.05772,-89.80203,0.0,44.0,511.0,GOOD SHEPHERD,,WDE3016,31,12,22,8,,57,A
367332950,2022-01-04T01:56:43,30.05768,-89.80205,0.0,44.0,511.0,GOOD SHEPHERD,,WDE3016,31,12,22,8,,57,A
367332950,2022-01-04T01:59:12,30.05768,-89.80207,0.0,44.0,511.0,GOOD SHEPHERD,,WDE3016,31,12,22,8,,57,A
367332950,2022-01-04T03:09:53,30.05772,-89.80200,0.0,44.0,511.0,GOOD SHEPHERD,,WDE3016,31,12,22,8,,57,A
367332950,2022-01-04T03:21:53,30.05772,-89.80203,0.0,44.0,511.0,GOOD SHEPHERD,,WDE3016,31,12,22,8,,57,A
367332950,2022-01-04T03:12:12,30.05772,-89.80203,0.0,44.0,511.0,GOOD SHEPHERD,,WDE3016,31,12,22,8,,57,A
367332950,2022-01-04T03:14:32,30.05772,-89.80203,0.0,44.0,511.0,GOOD SHEPHERD,,WDE3016,31,12,22,8,,57,A
367332950,2022-01-04T03:06:11,30.05772,-89.80203,0.0,44.0,511.0,GOOD SHEPHERD,,WDE3016,31,12,22,8,,57,A
367332950,2022-01-04T03:28:53,30.05772,-89.80202,0.0,44.0,511.0,GOOD SHEPHERD,,WDE3016,31,12,22,8,,57,A
367332950,2022-01-04T03:07:22,30.05772,-89.80203,0.0,44.0,511.0,GOOD SHEPHERD,,WDE3016,31,12,22,8,,57,A
367332950,2022-01-04T03:19:31,30.05772,-89.80203,0.0,44.0,511.0,GOOD SHEPHERD,,WDE3016,31,12,22,8,,57,A
367332950,2022-01-04T03:24:12,30.05772,-89.80200,0.0,44.0,511.0,GOOD SHEPHERD,,WDE3016,31,12,22,8,,57,A
367332950,2022-01-04T03:23:02,30.05772,-89.80203,0.0,44.0,511.0,GOOD SHEPHERD,,WDE3016,31,12,22,8,,57,A
367332950,2022-01-04T03:25:13,30.05772,-89.80203,0.0,44.0,511.0,GOOD SHEPHERD,,WDE3016,31,12,22,8,,57,A
367332950,2022-01-04T03:11:03,30.05772,-89.80200,0.0,44.0,511.0,GOOD SHEPHERD,,WDE3016,31,12,22,8,,57,A
367332950,2022-01-04T02:18:43,30.05772,-89.80203,0.0,44.0,511.0,GOOD SHEPHERD,,WDE3016,31,12,22,8,,57,A
367332950,2022-01-04T03:26:33,30.05772,-89.80203,0.0,44.0,511.0,GOOD SHEPHERD,,WDE3016,31,12,22,8,,57,A
367332950,2022-01-04T03:13:21,30.05772,-89.80203,0.0,44.0,511.0,GOOD SHEPHERD,,WDE3016,31,12,22,8,,57,A
367332950,2022-01-04T03:20:42,30.05772,-89.80203,0.0,44.0,511.0,GOOD SHEPHERD,,WDE3016,31,12,22,8,,57,A
367332950,2022-01-04T02:22:12,30.05772,-89.80203,0.0,44.0,511.0,GOOD SHEPHERD,,WDE3016,31,12,22,8,,57,A
367332950,2022-01-04T03:47:53,30.05772,-89.80200,0.0,44.0,511.0,GOOD SHEPHERD,,WDE3016,31,12,22,8,,57,A
367332950,2022-01-04T03:17:12,30.05773,-89.80200,0.0,44.0,511.0,GOOD SHEPHERD,,WDE3016,31,12,22,8,,57,A
367332950,2022-01-04T03:34:42,30.05772,-89.80203,0.0,44.0,511.0,GOOD SHEPHERD,,WDE3016,31,12,22,8,,57,A
367332950,2022-01-04T03:27:42,30.05772,-89.80203,0.0,44.0,511.0,GOOD SHEPHERD,,WDE3016,31,12,22,8,,57,A
367332950,2022-01-04T03:53:43,30.05772,-89.80200,0.0,44.0,511.0,GOOD SHEPHERD,,WDE3016,31,12,22,8,,57,A
367332950,2022-01-04T03:15:43,30.05773,-89.80200,0.0,44.0,511.0,GOOD SHEPHERD,,WDE3016,31,12,22,8,,57,A
367332950,2022-01-04T03:30:12,30.05772,-89.80202,0.0,44.0,511.0,GOOD SHEPHERD,,WDE3016,31,12,22,8,,57,A
367332950,2022-01-04T03:31:13,30.05772,-89.80200,0.0,44.0,511.0,GOOD SHEPHERD,,WDE3016,31,12,22,8,,57,A
367332950,2022-01-04T03:38:13,30.05772,-89.80203,0.0,44.0,511.0,GOOD SHEPHERD,,WDE3016,31,12,22,8,,57,A
367332950,2022-01-04T02:30:53,30.05772,-89.80202,0.0,44.0,511.0,GOOD SHEPHERD,,WDE3016,31,12,22,8,,57,A
367332950,2022-01-04T03:44:31,30.05772,-89.80200,0.0,44.0,511.0,GOOD SHEPHERD,,WDE3016,31,12,22,8,,57,A
367332950,2022-01-04T04:00:02,30.05772,-89.80203,0.0,44.0,511.0,GOOD SHEPHERD,,WDE3016,31,12,22,8,,57,A
367332950,2022-01-04T03:35:51,30.05772,-89.80203,0.0,44.0,511.0,GOOD SHEPHERD,,WDE3016,31,12,22,8,,57,A
367332950,2022-01-04T03:42:22,30.05772,-89.80200,0.0,44.0,511.0,GOOD SHEPHERD,,WDE3016,31,12,22,8,,57,A
367332950,2022-01-04T03:45:41,30.05772,-89.80200,0.0,44.0,511.0,GOOD SHEPHERD,,WDE3016,31,12,22,8,,57,A
367332950,2022-01-04T04:07:03,30.05772,-89.80200,0.0,44.0,511.0,GOOD SHEPHERD,,WDE3016,31,12,22,8,,57,A
367332950,2022-01-04T03:49:02,30.05772,-89.80200,0.0,44.0,511.0,GOOD SHEPHERD,,WDE3016,31,12,22,8,,57,A
367332950,2022-01-04T03:50:11,30.05772,-89.80200,0.0,44.0,511.0,GOOD SHEPHERD,,WDE3016,31,12,22,8,,57,A
367332950,2022-01-04T04:11:42,30.05772,-89.80200,0.0,44.0,511.0,GOOD SHEPHERD,,WDE3016,31,12,22,8,,57,A
367332950,2022-01-04T03:32:21,30.05772,-89.80200,0.0,44.0,511.0,GOOD SHEPHERD,,WDE3016,31,12,22,8,,57,A
367332950,2022-01-04T04:12:52,30.05772,-89.80200,0.0,44.0,511.0,GOOD SHEPHERD,,WDE3016,31,12,22,8,,57,A
367332950,2022-01-04T03:56:02,30.05772,-89.80202,0.0,44.0,511.0,GOOD SHEPHERD,,WDE3016,31,12,22,8,,57,A
367332950,2022-01-04T03:57:13,30.05772,-89.80202,0.0,44.0,511.0,GOOD SHEPHERD,,WDE3016,31,12,22,8,,57,A
367332950,2022-01-04T03:37:02,30.05772,-89.80203,0.0,44.0,511.0,GOOD SHEPHERD,,WDE3016,31,12,22,8,,57,A
367332950,2022-01-04T04:21:41,30.05772,-89.80202,0.0,44.0,511.0,GOOD SHEPHERD,,WDE3016,31,12,22,8,,57,A
367332950,2022-01-04T04:05:52,30.05772,-89.80200,0.0,44.0,511.0,GOOD SHEPHERD,,WDE3016,31,12,22,8,,57,A
367332950,2022-01-04T03:39:22,30.05772,-89.80200,0.0,44.0,511.0,GOOD SHEPHERD,,WDE3016,31,12,22,8,,57,A
367332950,2022-01-04T04:10:23,30.05772,-89.80200,0.0,44.0,511.0,GOOD SHEPHERD,,WDE3016,31,12,22,8,,57,A
367332950,2022-01-04T04:09:22,30.05772,-89.80200,0.0,44.0,511.0,GOOD SHEPHERD,,WDE3016,31,12,22,8,,57,A
367332950,2022-01-04T03:58:22,30.05772,-89.80200,0.0,44.0,511.0,GOOD SHEPHERD,,WDE3016,31,12,22,8,,57,A
367332950,2022-01-04T03:43:23,30.05772,-89.80200,0.0,44.0,511.0,GOOD SHEPHERD,,WDE3016,31,12,22,8,,57,A
367332950,2022-01-04T02:53:52,30.05772,-89.80203,0.0,44.0,511.0,GOOD SHEPHERD,,WDE3016,31,12,22,8,,57,A
367332950,2022-01-04T04:04:42,30.05773,-89.80200,0.0,44.0,511.0,GOOD SHEPHERD,,WDE3016,31,12,22,8,,57,A
367332950,2022-01-04T04:01:13,30.05772,-89.80203,0.0,44.0,511.0,GOOD SHEPHERD,,WDE3016,31,12,22,8,,57,A
367332950,2022-01-04T02:55:12,30.05772,-89.80203,0.0,44.0,511.0,GOOD SHEPHERD,,WDE3016,31,12,22,8,,57,A
367332950,2022-01-04T04:02:22,30.05772,-89.80200,0.0,44.0,511.0,GOOD SHEPHERD,,WDE3016,31,12,22,8,,57,A
367332950,2022-01-04T04:08:13,30.05772,-89.80200,0.0,44.0,511.0,GOOD SHEPHERD,,WDE3016,31,12,22,8,,57,A
367332950,2022-01-04T03:51:23,30.05772,-89.80200,0.0,44.0,511.0,GOOD SHEPHERD,,WDE3016,31,12,22,8,,57,A
367332950,2022-01-04T03:02:31,30.05772,-89.80203,0.0,44.0,511.0,GOOD SHEPHERD,,WDE3016,31,12,22,8,,57,A
367332950,2022-01-04T03:54:52,30.05772,-89.80200,0.0,44.0,511.0,GOOD SHEPHERD,,WDE3016,31,12,22,8,,57,A
367332950,2022-01-04T04:20:33,30.05772,-89.80203,0.0,44.0,511.0,GOOD SHEPHERD,,WDE3016,31,12,22,8,,57,A
367332950,2022-01-04T04:14:11,30.05772,-89.80200,0.0,44.0,511.0,GOOD SHEPHERD,,WDE3016,31,12,22,8,,57,A
367332950,2022-01-04T04:43:23,30.05772,-89.80200,0.0,44.0,511.0,GOOD SHEPHERD,,WDE3016,31,12,22,8,,57,A
367332950,2022-01-04T04:15:13,30.05772,-89.80200,0.0,44.0,511.0,GOOD SHEPHERD,,WDE3016,31,12,22,8,,57,A
367332950,2022-01-04T04:24:11,30.05772,-89.80202,0.0,44.0,511.0,GOOD SHEPHERD,,WDE3016,31,12,22,8,,57,A
367332950,2022-01-04T04:25:22,30.05772,-89.80202,0.0,44.0,511.0,GOOD SHEPHERD,,WDE3016,31,12,22,8,,57,A
367332950,2022-01-04T04:26:32,30.05772,-89.80200,0.0,44.0,511.0,GOOD SHEPHERD,,WDE3016,31,12,22,8,,57,A
367332950,2022-01-04T03:59:32,30.05772,-89.80203,0.0,44.0,511.0,GOOD SHEPHERD,,WDE3016,31,12,22,8,,57,A
367332950,2022-01-04T04:28:02,30.05772,-89.80202,0.0,44.0,511.0,GOOD SHEPHERD,,WDE3016,31,12,22,8,,57,A
367332950,2022-01-04T04:03:33,30.05772,-89.80200,0.0,44.0,511.0,GOOD SHEPHERD,,WDE3016,31,12,22,8,,57,A
367332950,2022-01-04T04:50:22,30.05772,-89.80202,0.0,44.0,511.0,GOOD SHEPHERD,,WDE3016,31,12,22,8,,57,A
367332950,2022-01-04T04:40:52,30.05772,-89.80200,0.0,44.0,511.0,GOOD SHEPHERD,,WDE3016,31,12,22,8,,57,A
367332950,2022-01-04T04:35:33,30.05773,-89.80200,0.0,44.0,511.0,GOOD SHEPHERD,,WDE3016,31,12,22,8,,57,A
367332950,2022-01-04T04:17:52,30.05772,-89.80203,0.0,44.0,511.0,GOOD SHEPHERD,,WDE3016,31,12,22,8,,57,A
367332950,2022-01-04T04:39:43,30.05773,-89.80200,0.0,44.0,511.0,GOOD SHEPHERD,,WDE3016,31,12,22,8,,57,A
367332950,2022-01-04T04:45:53,30.05772,-89.80200,0.0,44.0,511.0,GOOD SHEPHERD,,WDE3016,31,12,22,8,,57,A
367332950,2022-01-04T04:49:13,30.05773,-89.80202,0.0,44.0,511.0,GOOD SHEPHERD,,WDE3016,31,12,22,8,,57,A
367332950,2022-01-04T04:31:33,30.05772,-89.80202,0.0,44.0,511.0,GOOD SHEPHERD,,WDE3016,31,12,22,8,,57,A
367332950,2022-01-04T05:04:22,30.05772,-89.80202,0.0,44.0,511.0,GOOD SHEPHERD,,WDE3016,31,12,22,8,,57,A
367332950,2022-01-04T03:18:21,30.05772,-89.80200,0.0,44.0,511.0,GOOD SHEPHERD,,WDE3016,31,12,22,8,,57,A
367332950,2022-01-04T04:34:11,30.05773,-89.80202,0.0,44.0,511.0,GOOD SHEPHERD,,WDE3016,31,12,22,8,,57,A
367332950,2022-01-04T04:29:11,30.05772,-89.80200,0.0,44.0,511.0,GOOD SHEPHERD,,WDE3016,31,12,22,8,,57,A
367332950,2022-01-04T04:47:02,30.05773,-89.80202,0.0,44.0,511.0,GOOD SHEPHERD,,WDE3016,31,12,22,8,,57,A
367332950,2022-01-04T05:11:42,30.05772,-89.80202,0.0,44.0,511.0,GOOD SHEPHERD,,WDE3016,31,12,22,8,,57,A
367332950,2022-01-04T04:23:03,30.05772,-89.80200,0.0,44.0,511.0,GOOD SHEPHERD,,WDE3016,31,12,22,8,,57,A
367332950,2022-01-04T05:16:42,30.05772,-89.80202,0.0,44.0,511.0,GOOD SHEPHERD,,WDE3016,31,12,22,8,,57,A
367332950,2022-01-04T04:55:01,30.05772,-89.80202,0.0,44.0,511.0,GOOD SHEPHERD,,WDE3016,31,12,22,8,,57,A
367332950,2022-01-04T04:56:31,30.05773,-89.80202,0.0,44.0,511.0,GOOD SHEPHERD,,WDE3016,31,12,22,8,,57,A
367332950,2022-01-04T04:44:32,30.05772,-89.80200,0.0,44.0,511.0,GOOD SHEPHERD,,WDE3016,31,12,22,8,,57,A
367332950,2022-01-04T05:09:13,30.05772,-89.80203,0.0,44.0,511.0,GOOD SHEPHERD,,WDE3016,31,12,22,8,,57,A
367332950,2022-01-04T04:52:43,30.05773,-89.80202,0.0,44.0,511.0,GOOD SHEPHERD,,WDE3016,31,12,22,8,,57,A
367332950,2022-01-04T04:30:22,30.05772,-89.80202,0.0,44.0,511.0,GOOD SHEPHERD,,WDE3016,31,12,22,8,,57,A
367332950,2022-01-04T04:48:12,30.05772,-89.80202,0.0,44.0,511.0,GOOD SHEPHERD,,WDE3016,31,12,22,8,,57,A
367332950,2022-01-04T04:32:43,30.05772,-89.80202,0.0,44.0,511.0,GOOD SHEPHERD,,WDE3016,31,12,22,8,,57,A
367332950,2022-01-04T03:33:31,30.05772,-89.80203,0.0,44.0,511.0,GOOD SHEPHERD,,WDE3016,31,12,22,8,,57,A
367332950,2022-01-04T05:17:52,30.05772,-89.80198,0.0,44.0,511.0,GOOD SHEPHERD,,WDE3016,31,12,22,8,,57,A
367332950,2022-01-04T04:37:21,30.05773,-89.80200,0.0,44.0,511.0,GOOD SHEPHERD,,WDE3016,31,12,22,8,,57,A
367332950,2022-01-04T04:38:32,30.05773,-89.80200,0.0,44.0,511.0,GOOD SHEPHERD,,WDE3016,31,12,22,8,,57,A
367332950,2022-01-04T03:41:13,30.05772,-89.80200,0.0,44.0,511.0,GOOD SHEPHERD,,WDE3016,31,12,22,8,,57,A
367332950,2022-01-04T04:57:43,30.05772,-89.80202,0.0,44.0,511.0,GOOD SHEPHERD,,WDE3016,31,12,22,8,,57,A
367332950,2022-01-04T05:15:41,30.05772,-89.80202,0.0,44.0,511.0,GOOD SHEPHERD,,WDE3016,31,12,22,8,,57,A
367332950,2022-01-04T03:46:42,30.05772,-89.80203,0.0,44.0,511.0,GOOD SHEPHERD,,WDE3016,31,12,22,8,,57,A
367332950,2022-01-04T05:10:33,30.05772,-89.80200,0.0,44.0,511.0,GOOD SHEPHERD,,WDE3016,31,12,22,8,,57,A
367332950,2022-01-04T05:33:23,30.05772,-89.80202,0.0,44.0,511.0,GOOD SHEPHERD,,WDE3016,31,12,22,8,,57,A
367332950,2022-01-04T04:51:33,30.05773,-89.80202,0.0,44.0,511.0,GOOD SHEPHERD,,WDE3016,31,12,22,8,,57,A
367332950,2022-01-04T05:35:42,30.05772,-89.80202,0.0,44.0,511.0,GOOD SHEPHERD,,WDE3016,31,12,22,8,,57,A
367332950,2022-01-04T04:53:52,30.05773,-89.80202,0.0,44.0,511.0,GOOD SHEPHERD,,WDE3016,31,12,22,8,,57,A
367332950,2022-01-04T05:45:32,30.05772,-89.80202,0.0,44.0,511.0,GOOD SHEPHERD,,WDE3016,31,12,22,8,,57,A
367332950,2022-01-04T05:25:01,30.05772,-89.80202,0.0,44.0,511.0,GOOD SHEPHERD,,WDE3016,31,12,22,8,,57,A
367332950,2022-01-04T03:52:31,30.05772,-89.80200,0.0,44.0,511.0,GOOD SHEPHERD,,WDE3016,31,12,22,8,,57,A
367332950,2022-01-04T05:23:52,30.05772,-89.80202,0.0,44.0,511.0,GOOD SHEPHERD,,WDE3016,31,12,22,8,,57,A
367332950,2022-01-04T05:00:52,30.05772,-89.80202,0.0,44.0,511.0,GOOD SHEPHERD,,WDE3016,31,12,22,8,,57,A
367332950,2022-01-04T05:28:23,30.05772,-89.80202,0.0,44.0,511.0,GOOD SHEPHERD,,WDE3016,31,12,22,8,,57,A
367332950,2022-01-04T05:20:23,30.05772,-89.80202,0.0,44.0,511.0,GOOD SHEPHERD,,WDE3016,31,12,22,8,,57,A
367332950,2022-01-04T05:29:32,30.05772,-89.80200,0.0,44.0,511.0,GOOD SHEPHERD,,WDE3016,31,12,22,8,,57,A
367332950,2022-01-04T05:08:02,30.05772,-89.80202,0.0,44.0,511.0,GOOD SHEPHERD,,WDE3016,31,12,22,8,,57,A
367332950,2022-01-04T05:22:43,30.05772,-89.80202,0.0,44.0,511.0,GOOD SHEPHERD,,WDE3016,31,12,22,8,,57,A
367332950,2022-01-04T05:53:52,30.05772,-89.80202,0.0,44.0,511.0,GOOD SHEPHERD,,WDE3016,31,12,22,8,,57,A
367332950,2022-01-04T05:05:33,30.05772,-89.80202,0.0,44.0,511.0,GOOD SHEPHERD,,WDE3016,31,12,22,8,,57,A
367332950,2022-01-04T05:55:03,30.05772,-89.80202,0.0,44.0,511.0,GOOD SHEPHERD,,WDE3016,31,12,22,8,,57,A
367332950,2022-01-04T05:57:21,30.05772,-89.80202,0.0,44.0,511.0,GOOD SHEPHERD,,WDE3016,31,12,22,8,,57,A
367332950,2022-01-04T05:38:22,30.05772,-89.80202,0.0,44.0,511.0,GOOD SHEPHERD,,WDE3016,31,12,22,8,,57,A
367332950,2022-01-04T06:03:33,30.05772,-89.80202,0.0,44.0,511.0,GOOD SHEPHERD,,WDE3016,31,12,22,8,,57,A
367332950,2022-01-04T05:13:03,30.05772,-89.80202,0.0,44.0,511.0,GOOD SHEPHERD,,WDE3016,31,12,22,8,,57,A
367332950,2022-01-04T05:14:12,30.05772,-89.80202,0.0,44.0,511.0,GOOD SHEPHERD,,WDE3016,31,12,22,8,,57,A
367332950,2022-01-04T05:19:12,30.05772,-89.80198,0.0,44.0,511.0,GOOD SHEPHERD,,WDE3016,31,12,22,8,,57,A
367332950,2022-01-04T06:04:42,30.05772,-89.80202,0.0,44.0,511.0,GOOD SHEPHERD,,WDE3016,31,12,22,8,,57,A
367332950,2022-01-04T05:21:31,30.05772,-89.80198,0.0,44.0,511.0,GOOD SHEPHERD,,WDE3016,31,12,22,8,,57,A
367332950,2022-01-04T05:50:03,30.05773,-89.80202,0.0,44.0,511.0,GOOD SHEPHERD,,WDE3016,31,12,22,8,,57,A
367332950,2022-01-04T05:39:32,30.05772,-89.80202,0.0,44.0,511.0,GOOD SHEPHERD,,WDE3016,31,12,22,8,,57,A
367332950,2022-01-04T05:41:51,30.05772,-89.80202,0.0,44.0,511.0,GOOD SHEPHERD,,WDE3016,31,12,22,8,,57,A
367332950,2022-01-04T06:08:12,30.05772,-89.80202,0.0,44.0,511.0,GOOD SHEPHERD,,WDE3016,31,12,22,8,,57,A
367332950,2022-01-04T05:30:52,30.05772,-89.80202,0.0,44.0,511.0,GOOD SHEPHERD,,WDE3016,31,12,22,8,,57,A
367332950,2022-01-04T05:52:41,30.05772,-89.80202,0.0,44.0,511.0,GOOD SHEPHERD,,WDE3016,31,12,22,8,,57,A
367332950,2022-01-04T05:37:02,30.05772,-89.80198,0.0,44.0,511.0,GOOD SHEPHERD,,WDE3016,31,12,22,8,,57,A
367332950,2022-01-04T04:16:42,30.05772,-89.80203,0.0,44.0,511.0,GOOD SHEPHERD,,WDE3016,31,12,22,8,,57,A
367332950,2022-01-04T05:59:51,30.05772,-89.80202,0.0,44.0,511.0,GOOD SHEPHERD,,WDE3016,31,12,22,8,,57,A
367332950,2022-01-04T05:34:32,30.05772,-89.80202,0.0,44.0,511.0,GOOD SHEPHERD,,WDE3016,31,12,22,8,,57,A
367332950,2022-01-04T06:00:12,30.05772,-89.80202,0.0,44.0,511.0,GOOD SHEPHERD,,WDE3016,31,12,22,8,,57,A
367332950,2022-01-04T04:19:13,30.05772,-89.80200,0.0,44.0,511.0,GOOD SHEPHERD,,WDE3016,31,12,22,8,,57,A
367332950,2022-01-04T06:01:22,30.05772,-89.80202,0.0,44.0,511.0,GOOD SHEPHERD,,WDE3016,31,12,22,8,,57,A
367332950,2022-01-04T06:24:32,30.05772,-89.80202,0.0,44.0,511.0,GOOD SHEPHERD,,WDE3016,31,12,22,8,,57,A
367332950,2022-01-04T05:44:13,30.05772,-89.80202,0.0,44.0,511.0,GOOD SHEPHERD,,WDE3016,31,12,22,8,,57,A
367332950,2022-01-04T05:40:43,30.05772,-89.80202,0.0,44.0,511.0,GOOD SHEPHERD,,WDE3016,31,12,22,8,,57,A
367332950,2022-01-04T06:34:22,30.05772,-89.80203,0.1,44.0,511.0,GOOD SHEPHERD,,WDE3016,31,12,22,8,,57,A
367332950,2022-01-04T05:47:51,30.05772,-89.80202,0.0,44.0,511.0,GOOD SHEPHERD,,WDE3016,31,12,22,8,,57,A
367332950,2022-01-04T05:48:52,30.05772,-89.80202,0.0,44.0,511.0,GOOD SHEPHERD,,WDE3016,31,12,22,8,,57,A
367332950,2022-01-04T06:23:23,30.05772,-89.80202,0.0,44.0,511.0,GOOD SHEPHERD,,WDE3016,31,12,22,8,,57,A
367332950,2022-01-04T06:19:41,30.05772,-89.80202,0.0,44.0,511.0,GOOD SHEPHERD,,WDE3016,31,12,22,8,,57,A
367332950,2022-01-04T06:17:23,30.05772,-89.80202,0.0,44.0,511.0,GOOD SHEPHERD,,WDE3016,31,12,22,8,,57,A
367332950,2022-01-04T06:41:53,30.05772,-89.80203,0.1,44.0,511.0,GOOD SHEPHERD,,WDE3016,31,12,22,8,,57,A
367332950,2022-01-04T06:29:03,30.05772,-89.80203,0.0,44.0,511.0,GOOD SHEPHERD,,WDE3016,31,12,22,8,,57,A
367332950,2022-01-04T05:58:32,30.05772,-89.80202,0.0,44.0,511.0,GOOD SHEPHERD,,WDE3016,31,12,22,8,,57,A
367332950,2022-01-04T06:50:12,30.05772,-89.80202,0.0,44.0,511.0,GOOD SHEPHERD,,WDE3016,31,12,22,8,,57,A
367332950,2022-01-04T06:26:42,30.05772,-89.80200,0.0,44.0,511.0,GOOD SHEPHERD,,WDE3016,31,12,22,8,,57,A
367332950,2022-01-04T06:02:32,30.05772,-89.80202,0.0,44.0,511.0,GOOD SHEPHERD,,WDE3016,31,12,22,8,,57,A
367332950,2022-01-04T06:57:32,30.05772,-89.80203,0.0,44.0,511.0,GOOD SHEPHERD,,WDE3016,31,12,22,8,,57,A
367332950,2022-01-04T06:51:43,30.05772,-89.80200,0.0,44.0,511.0,GOOD SHEPHERD,,WDE3016,31,12,22,8,,57,A
367332950,2022-01-04T06:25:41,30.05773,-89.80203,0.0,44.0,511.0,GOOD SHEPHERD,,WDE3016,31,12,22,8,,57,A
367332950,2022-01-04T06:05:51,30.05772,-89.80202,0.0,44.0,511.0,GOOD SHEPHERD,,WDE3016,31,12,22,8,,57,A
367332950,2022-01-04T04:42:22,30.05772,-89.80200,0.0,44.0,511.0,GOOD SHEPHERD,,WDE3016,31,12,22,8,,57,A
367332950,2022-01-04T06:07:01,30.05772,-89.80202,0.0,44.0,511.0,GOOD SHEPHERD,,WDE3016,31,12,22,8,,57,A
367332950,2022-01-04T06:38:53,30.05772,-89.80202,0.1,44.0,511.0,GOOD SHEPHERD,,WDE3016,31,12,22,8,,57,A
367332950,2022-01-04T06:10:33,30.05772,-89.80202,0.0,44.0,511.0,GOOD SHEPHERD,,WDE3016,31,12,22,8,,57,A
367332950,2022-01-04T06:40:21,30.05772,-89.80203,0.0,44.0,511.0,GOOD SHEPHERD,,WDE3016,31,12,22,8,,57,A
367332950,2022-01-04T06:46:33,30.05770,-89.80200,0.0,44.0,511.0,GOOD SHEPHERD,,WDE3016,31,12,22,8,,57,A
367332950,2022-01-04T06:09:22,30.05772,-89.80202,0.0,44.0,511.0,GOOD SHEPHERD,,WDE3016,31,12,22,8,,57,A
367332950,2022-01-04T07:06:32,30.05772,-89.80200,0.0,44.0,511.0,GOOD SHEPHERD,,WDE3016,31,12,22,8,,57,A
367332950,2022-01-04T06:13:13,30.05772,-89.80202,0.0,44.0,511.0,GOOD SHEPHERD,,WDE3016,31,12,22,8,,57,A
367332950,2022-01-04T07:05:03,30.05772,-89.80200,0.0,44.0,511.0,GOOD SHEPHERD,,WDE3016,31,12,22,8,,57,A
367332950,2022-01-04T06:14:22,30.05772,-89.80202,0.0,44.0,511.0,GOOD SHEPHERD,,WDE3016,31,12,22,8,,57,A
367332950,2022-01-04T06:52:52,30.05772,-89.80203,0.0,44.0,511.0,GOOD SHEPHERD,,WDE3016,31,12,22,8,,57,A
367332950,2022-01-04T06:18:33,30.05772,-89.80202,0.0,44.0,511.0,GOOD SHEPHERD,,WDE3016,31,12,22,8,,57,A
367332950,2022-01-04T06:44:12,30.05772,-89.80203,0.0,44.0,511.0,GOOD SHEPHERD,,WDE3016,31,12,22,8,,57,A
367332950,2022-01-04T06:22:12,30.05772,-89.80202,0.0,44.0,511.0,GOOD SHEPHERD,,WDE3016,31,12,22,8,,57,A
367332950,2022-01-04T06:58:42,30.05773,-89.80203,0.0,44.0,511.0,GOOD SHEPHERD,,WDE3016,31,12,22,8,,57,A
367332950,2022-01-04T06:49:01,30.05770,-89.80202,0.0,44.0,511.0,GOOD SHEPHERD,,WDE3016,31,12,22,8,,57,A
367332950,2022-01-04T07:12:32,30.05772,-89.80200,0.0,44.0,511.0,GOOD SHEPHERD,,WDE3016,31,12,22,8,,57,A
367332950,2022-01-04T06:21:02,30.05772,-89.80200,0.0,44.0,511.0,GOOD SHEPHERD,,WDE3016,31,12,22,8,,57,A
367332950,2022-01-04T07:07:42,30.05772,-89.80202,0.0,44.0,511.0,GOOD SHEPHERD,,WDE3016,31,12,22,8,,57,A
367332950,2022-01-04T06:54:02,30.05772,-89.80203,0.0,44.0,511.0,GOOD SHEPHERD,,WDE3016,31,12,22,8,,57,A
367332950,2022-01-04T04:58:53,30.05772,-89.80202,0.0,44.0,511.0,GOOD SHEPHERD,,WDE3016,31,12,22,8,,57,A
367332950,2022-01-04T07:29:32,30.05772,-89.80202,0.0,44.0,511.0,GOOD SHEPHERD,,WDE3016,31,12,22,8,,57,A
367332950,2022-01-04T06:33:03,30.05772,-89.80200,0.0,44.0,511.0,GOOD SHEPHERD,,WDE3016,31,12,22,8,,57,A
367332950,2022-01-04T06:59:52,30.05772,-89.80200,0.0,44.0,511.0,GOOD SHEPHERD,,WDE3016,31,12,22,8,,57,A
367332950,2022-01-04T07:00:03,30.05772,-89.80200,0.0,44.0,511.0,GOOD SHEPHERD,,WDE3016,31,12,22,8,,57,A
367332950,2022-01-04T07:01:21,30.05772,-89.80200,0.0,44.0,511.0,GOOD SHEPHERD,,WDE3016,31,12,22,8,,57,A
367332950,2022-01-04T05:02:01,30.05772,-89.80200,0.0,44.0,511.0,GOOD SHEPHERD,,WDE3016,31,12,22,8,,57,A
367332950,2022-01-04T07:02:43,30.05772,-89.80200,0.0,44.0,511.0,GOOD SHEPHERD,,WDE3016,31,12,22,8,,57,A
367332950,2022-01-04T05:03:13,30.05772,-89.80200,0.0,44.0,511.0,GOOD SHEPHERD,,WDE3016,31,12,22,8,,57,A
367332950,2022-01-04T07:19:43,30.05772,-89.80200,0.0,44.0,511.0,GOOD SHEPHERD,,WDE3016,31,12,22,8,,57,A
367332950,2022-01-04T07:26:52,30.05772,-89.80202,0.0,44.0,511.0,GOOD SHEPHERD,,WDE3016,31,12,22,8,,57,A
367332950,2022-01-04T06:35:41,30.05772,-89.80203,0.1,44.0,511.0,GOOD SHEPHERD,,WDE3016,31,12,22,8,,57,A
367332950,2022-01-04T06:37:12,30.05772,-89.80202,0.1,44.0,511.0,GOOD SHEPHERD,,WDE3016,31,12,22,8,,57,A
367332950,2022-01-04T07:30:42,30.05772,-89.80202,0.0,44.0,511.0,GOOD SHEPHERD,,WDE3016,31,12,22,8,,57,A
367332950,2022-01-04T05:06:51,30.05772,-89.80202,0.0,44.0,511.0,GOOD SHEPHERD,,WDE3016,31,12,22,8,,57,A
367332950,2022-01-04T07:28:02,30.05772,-89.80202,0.0,44.0,511.0,GOOD SHEPHERD,,WDE3016,31,12,22,8,,57,A
367332950,2022-01-04T06:47:43,30.05770,-89.80202,0.1,44.0,511.0,GOOD SHEPHERD,,WDE3016,31,12,22,8,,57,A
367332950,2022-01-04T07:11:22,30.05772,-89.80200,0.0,44.0,511.0,GOOD SHEPHERD,,WDE3016,31,12,22,8,,57,A
367332950,2022-01-04T07:10:03,30.05772,-89.80200,0.0,44.0,511.0,GOOD SHEPHERD,,WDE3016,31,12,22,8,,57,A
367332950,2022-01-04T07:16:13,30.05772,-89.80200,0.0,44.0,511.0,GOOD SHEPHERD,,WDE3016,31,12,22,8,,57,A
367332950,2022-01-04T07:32:01,30.05772,-89.80202,0.0,44.0,511.0,GOOD SHEPHERD,,WDE3016,31,12,22,8,,57,A
367332950,2022-01-04T06:45:22,30.05772,-89.80203,0.0,44.0,511.0,GOOD SHEPHERD,,WDE3016,31,12,22,8,,57,A
367332950,2022-01-04T07:13:52,30.05772,-89.80200,0.0,44.0,511.0,GOOD SHEPHERD,,WDE3016,31,12,22,8,,57,A
367332950,2022-01-04T07:36:42,30.05772,-89.80202,0.0,44.0,511.0,GOOD SHEPHERD,,WDE3016,31,12,22,8,,57,A
367332950,2022-01-04T07:47:23,30.05772,-89.80200,0.0,44.0,511.0,GOOD SHEPHERD,,WDE3016,31,12,22,8,,57,A
367332950,2022-01-04T07:37:52,30.05772,-89.80202,0.0,44.0,511.0,GOOD SHEPHERD,,WDE3016,31,12,22,8,,57,A
367332950,2022-01-04T07:46:03,30.05772,-89.80200,0.0,44.0,511.0,GOOD SHEPHERD,,WDE3016,31,12,22,8,,57,A
367332950,2022-01-04T07:40:12,30.05772,-89.80202,0.0,44.0,511.0,GOOD SHEPHERD,,WDE3016,31,12,22,8,,57,A
367332950,2022-01-04T07:24:33,30.05770,-89.80200,0.0,44.0,511.0,GOOD SHEPHERD,,WDE3016,31,12,22,8,,57,A
367332950,2022-01-04T07:53:12,30.05770,-89.80203,0.0,44.0,511.0,GOOD SHEPHERD,,WDE3016,31,12,22,8,,57,A
367332950,2022-01-04T07:54:23,30.05770,-89.80203,0.0,44.0,511.0,GOOD SHEPHERD,,WDE3016,31,12,22,8,,57,A
367332950,2022-01-04T07:55:31,30.05772,-89.80203,0.0,329.0,511.0,GOOD SHEPHERD,,WDE3016,31,12,22,8,,57,A
367332950,2022-01-04T07:52:02,30.05772,-89.80203,0.0,44.0,511.0,GOOD SHEPHERD,,WDE3016,31,12,22,8,,57,A
367332950,2022-01-04T06:55:11,30.05772,-89.80203,0.0,44.0,511.0,GOOD SHEPHERD,,WDE3016,31,12,22,8,,57,A
367332950,2022-01-04T06:56:22,30.05772,-89.80203,0.0,44.0,511.0,GOOD SHEPHERD,,WDE3016,31,12,22,8,,57,A
367332950,2022-01-04T07:34:21,30.05772,-89.80202,0.0,44.0,511.0,GOOD SHEPHERD,,WDE3016,31,12,22,8,,57,A
367332950,2022-01-04T07:41:22,30.05772,-89.80202,0.0,44.0,511.0,GOOD SHEPHERD,,WDE3016,31,12,22,8,,57,A
367332950,2022-01-04T07:35:32,30.05772,-89.80202,0.0,44.0,511.0,GOOD SHEPHERD,,WDE3016,31,12,22,8,,57,A
367332950,2022-01-04T07:03:53,30.05772,-89.80203,0.0,44.0,511.0,GOOD SHEPHERD,,WDE3016,31,12,22,8,,57,A
367332950,2022-01-04T07:59:22,30.05772,-89.80200,0.1,138.0,511.0,GOOD SHEPHERD,,WDE3016,31,12,22,8,,57,A
367332950,2022-01-04T05:26:02,30.05772,-89.80202,0.0,44.0,511.0,GOOD SHEPHERD,,WDE3016,31,12,22,8,,57,A
367332950,2022-01-04T07:22:12,30.05772,-89.80200,0.0,44.0,511.0,GOOD SHEPHERD,,WDE3016,31,12,22,8,,57,A
367332950,2022-01-04T05:27:11,30.05772,-89.80202,0.0,44.0,511.0,GOOD SHEPHERD,,WDE3016,31,12,22,8,,57,A
367332950,2022-01-04T07:25:43,30.05772,-89.80200,0.0,44.0,511.0,GOOD SHEPHERD,,WDE3016,31,12,22,8,,57,A
367332950,2022-01-04T07:42:32,30.05772,-89.80202,0.0,44.0,511.0,GOOD SHEPHERD,,WDE3016,31,12,22,8,,57,A
367332950,2022-01-04T05:32:03,30.05772,-89.80202,0.0,44.0,511.0,GOOD SHEPHERD,,WDE3016,31,12,22,8,,57,A
367332950,2022-01-04T07:48:33,30.05772,-89.80203,0.0,44.0,511.0,GOOD SHEPHERD,,WDE3016,31,12,22,8,,57,A
367332950,2022-01-04T07:15:03,30.05772,-89.80200,0.0,44.0,511.0,GOOD SHEPHERD,,WDE3016,31,12,22,8,,57,A
367332950,2022-01-04T07:50:52,30.05772,-89.80203,0.0,44.0,511.0,GOOD SHEPHERD,,WDE3016,31,12,22,8,,57,A
367332950,2022-01-04T09:33:23,30.05772,-89.80202,0.0,138.0,511.0,GOOD SHEPHERD,,WDE3016,31,12,22,8,,57,A
367332950,2022-01-04T09:36:42,30.05770,-89.80202,0.0,138.0,511.0,GOOD SHEPHERD,,WDE3016,31,12,22,8,,57,A
367332950,2022-01-04T07:39:01,30.05772,-89.80202,0.0,44.0,511.0,GOOD SHEPHERD,,WDE3016,31,12,22,8,,57,A
367332950,2022-01-04T07:18:32,30.05772,-89.80200,0.0,44.0,511.0,GOOD SHEPHERD,,WDE3016,31,12,22,8,,57,A
367332950,2022-01-04T07:21:03,30.05772,-89.80200,0.0,44.0,511.0,GOOD SHEPHERD,,WDE3016,31,12,22,8,,57,A
367332950,2022-01-04T07:23:22,30.05772,-89.80200,0.0,44.0,511.0,GOOD SHEPHERD,,WDE3016,31,12,22,8,,57,A
367332950,2022-01-04T09:44:52,30.05772,-89.80200,0.0,138.0,511.0,GOOD SHEPHERD,,WDE3016,31,12,22,8,,57,A
367332950,2022-01-04T05:43:02,30.05772,-89.80202,0.0,44.0,511.0,GOOD SHEPHERD,,WDE3016,31,12,22,8,,57,A
367332950,2022-01-04T09:34:32,30.05772,-89.80202,0.0,138.0,511.0,GOOD SHEPHERD,,WDE3016,31,12,22,8,,57,A
367332950,2022-01-04T09:48:32,30.05772,-89.80202,0.0,138.0,511.0,GOOD SHEPHERD,,WDE3016,31,12,22,8,,57,A
367332950,2022-01-04T09:35:41,30.05770,-89.80202,0.0,138.0,511.0,GOOD SHEPHERD,,WDE3016,31,12,22,8,,57,A
367332950,2022-01-04T05:46:43,30.05772,-89.80202,0.0,44.0,511.0,GOOD SHEPHERD,,WDE3016,31,12,22,8,,57,A
367332950,2022-01-04T09:51:02,30.05772,-89.80200,0.0,138.0,511.0,GOOD SHEPHERD,,WDE3016,31,12,22,8,,57,A
367332950,2022-01-04T07:56:53,30.05770,-89.80200,0.0,141.0,511.0,GOOD SHEPHERD,,WDE3016,31,12,22,8,,57,A
367332950,2022-01-04T05:51:12,30.05773,-89.80202,0.0,44.0,511.0,GOOD SHEPHERD,,WDE3016,31,12,22,8,,57,A
367332950,2022-01-04T09:47:13,30.05772,-89.80200,0.0,138.0,511.0,GOOD SHEPHERD,,WDE3016,31,12,22,8,,57,A
367332950,2022-01-04T05:56:13,30.05772,-89.80202,0.0,44.0,511.0,GOOD SHEPHERD,,WDE3016,31,12,22,8,,57,A
367332950,2022-01-04T09:58:03,30.05772,-89.80202,0.0,138.0,511.0,GOOD SHEPHERD,,WDE3016,31,12,22,8,,57,A
367332950,2022-01-04T10:02:23,30.05772,-89.80202,0.0,138.0,511.0,GOOD SHEPHERD,,WDE3016,31,12,22,8,,57,A
367332950,2022-01-04T09:39:12,30.05772,-89.80202,0.0,138.0,511.0,GOOD SHEPHERD,,WDE3016,31,12,22,8,,57,A
367332950,2022-01-04T09:32:12,30.05772,-89.80202,0.0,138.0,511.0,GOOD SHEPHERD,,WDE3016,31,12,22,8,,57,A
367332950,2022-01-04T09:41:22,30.05772,-89.80202,0.0,138.0,511.0,GOOD SHEPHERD,,WDE3016,31,12,22,8,,57,A
367332950,2022-01-04T10:04:52,30.05772,-89.80202,0.0,138.0,511.0,GOOD SHEPHERD,,WDE3016,31,12,22,8,,57,A
367332950,2022-01-04T07:44:52,30.05772,-89.80202,0.0,44.0,511.0,GOOD SHEPHERD,,WDE3016,31,12,22,8,,57,A
367332950,2022-01-04T09:53:23,30.05772,-89.80200,0.0,138.0,511.0,GOOD SHEPHERD,,WDE3016,31,12,22,8,,57,A
367332950,2022-01-04T09:54:33,30.05772,-89.80202,0.0,138.0,511.0,GOOD SHEPHERD,,WDE3016,31,12,22,8,,57,A
367332950,2022-01-04T10:08:33,30.05772,-89.80202,0.0,138.0,511.0,GOOD SHEPHERD,,WDE3016,31,12,22,8,,57,A
367332950,2022-01-04T09:40:13,30.05772,-89.80202,0.0,138.0,511.0,GOOD SHEPHERD,,WDE3016,31,12,22,8,,57,A
367332950,2022-01-04T09:42:23,30.05772,-89.80202,0.0,138.0,511.0,GOOD SHEPHERD,,WDE3016,31,12,22,8,,57,A
367332950,2022-01-04T10:13:12,30.05772,-89.80202,0.0,138.0,511.0,GOOD SHEPHERD,,WDE3016,31,12,22,8,,57,A
367332950,2022-01-04T10:03:32,30.05772,-89.80202,0.0,138.0,511.0,GOOD SHEPHERD,,WDE3016,31,12,22,8,,57,A
367332950,2022-01-04T09:46:02,30.05772,-89.80200,0.0,138.0,511.0,GOOD SHEPHERD,,WDE3016,31,12,22,8,,57,A
367332950,2022-01-04T07:58:01,30.05770,-89.80202,0.0,138.0,511.0,GOOD SHEPHERD,,WDE3016,31,12,22,8,,57,A
367332950,2022-01-04T10:06:12,30.05772,-89.80198,0.0,138.0,511.0,GOOD SHEPHERD,,WDE3016,31,12,22,8,,57,A
367332950,2022-01-04T08:00:01,30.05772,-89.80200,0.0,138.0,511.0,GOOD SHEPHERD,,WDE3016,31,12,22,8,,57,A
367332950,2022-01-04T10:21:41,30.05772,-89.80198,0.0,138.0,511.0,GOOD SHEPHERD,,WDE3016,31,12,22,8,,57,A
367332950,2022-01-04T10:24:43,30.05772,-89.80202,0.0,138.0,511.0,GOOD SHEPHERD,,WDE3016,31,12,22,8,,57,A
367332950,2022-01-04T10:14:33,30.05772,-89.80202,0.0,138.0,511.0,GOOD SHEPHERD,,WDE3016,31,12,22,8,,57,A
367332950,2022-01-04T09:43:43,30.05772,-89.80200,0.0,138.0,511.0,GOOD SHEPHERD,,WDE3016,31,12,22,8,,57,A
367332950,2022-01-04T10:28:32,30.05772,-89.80202,0.0,138.0,511.0,GOOD SHEPHERD,,WDE3016,31,12,22,8,,57,A
367332950,2022-01-04T06:12:12,30.05772,-89.80202,0.0,44.0,511.0,GOOD SHEPHERD,,WDE3016,31,12,22,8,,57,A
367332950,2022-01-04T10:07:23,30.05772,-89.80202,0.0,138.0,511.0,GOOD SHEPHERD,,WDE3016,31,12,22,8,,57,A
367332950,2022-01-04T10:35:42,30.05773,-89.80198,0.0,138.0,511.0,GOOD SHEPHERD,,WDE3016,31,12,22,8,,57,A
367332950,2022-01-04T10:38:01,30.05773,-89.80200,0.0,138.0,511.0,GOOD SHEPHERD,,WDE3016,31,12,22,8,,57,A
367332950,2022-01-04T10:27:21,30.05772,-89.80202,0.0,138.0,511.0,GOOD SHEPHERD,,WDE3016,31,12,22,8,,57,A
367332950,2022-01-04T06:16:22,30.05772,-89.80202,0.0,44.0,511.0,GOOD SHEPHERD,,WDE3016,31,12,22,8,,57,A
367332950,2022-01-04T09:56:52,30.05772,-89.80202,0.0,138.0,511.0,GOOD SHEPHERD,,WDE3016,31,12,22,8,,57,A
367332950,2022-01-04T10:29:43,30.05772,-89.80202,0.0,138.0,511.0,GOOD SHEPHERD,,WDE3016,31,12,22,8,,57,A
367332950,2022-01-04T10:23:33,30.05772,-89.80198,0.0,138.0,511.0,GOOD SHEPHERD,,WDE3016,31,12,22,8,,57,A
367332950,2022-01-04T10:48:32,30.05772,-89.80198,0.0,138.0,511.0,GOOD SHEPHERD,,WDE3016,31,12,22,8,,57,A
367332950,2022-01-04T10:15:51,30.05772,-89.80202,0.0,138.0,511.0,GOOD SHEPHERD,,WDE3016,31,12,22,8,,57,A
367332950,2022-01-04T10:18:12,30.05772,-89.80202,0.0,138.0,511.0,GOOD SHEPHERD,,WDE3016,31,12,22,8,,57,A
367332950,2022-01-04T10:19:22,30.05772,-89.80202,0.0,138.0,511.0,GOOD SHEPHERD,,WDE3016,31,12,22,8,,57,A
367332950,2022-01-04T10:41:41,30.05772,-89.80202,0.0,138.0,511.0,GOOD SHEPHERD,,WDE3016,31,12,22,8,,57,A
367332950,2022-01-04T11:00:01,30.05772,-89.80200,0.0,138.0,511.0,GOOD SHEPHERD,,WDE3016,31,12,22,8,,57,A
367332950,2022-01-04T10:31:53,30.05770,-89.80202,0.0,138.0,511.0,GOOD SHEPHERD,,WDE3016,31,12,22,8,,57,A
367332950,2022-01-04T10:26:02,30.05772,-89.80202,0.0,138.0,511.0,GOOD SHEPHERD,,WDE3016,31,12,22,8,,57,A
367332950,2022-01-04T11:02:21,30.05772,-89.80202,0.0,138.0,511.0,GOOD SHEPHERD,,WDE3016,31,12,22,8,,57,A
367332950,2022-01-04T06:27:52,30.05772,-89.80202,0.0,44.0,511.0,GOOD SHEPHERD,,WDE3016,31,12,22,8,,57,A
367332950,2022-01-04T09:49:52,30.05772,-89.80200,0.0,138.0,511.0,GOOD SHEPHERD,,WDE3016,31,12,22,8,,57,A
367332950,2022-01-04T10:47:02,30.05770,-89.80202,0.0,138.0,511.0,GOOD SHEPHERD,,WDE3016,31,12,22,8,,57,A
367332950,2022-01-04T10:17:02,30.05772,-89.80202,0.0,138.0,511.0,GOOD SHEPHERD,,WDE3016,31,12,22,8,,57,A
367332950,2022-01-04T10:39:12,30.05772,-89.80198,0.0,138.0,511.0,GOOD SHEPHERD,,WDE3016,31,12,22,8,,57,A
367332950,2022-01-04T10:30:52,30.05772,-89.80202,0.0,138.0,511.0,GOOD SHEPHERD,,WDE3016,31,12,22,8,,57,A
367332950,2022-01-04T06:30:22,30.05772,-89.80203,0.1,44.0,511.0,GOOD SHEPHERD,,WDE3016,31,12,22,8,,57,A
367332950,2022-01-04T06:31:33,30.05772,-89.80200,0.1,44.0,511.0,GOOD SHEPHERD,,WDE3016,31,12,22,8,,57,A
367332950,2022-01-04T10:33:01,30.05772,-89.80202,0.0,138.0,511.0,GOOD SHEPHERD,,WDE3016,31,12,22,8,,57,A
367332950,2022-01-04T10:49:42,30.05772,-89.80198,0.0,138.0,511.0,GOOD SHEPHERD,,WDE3016,31,12,22,8,,57,A
367332950,2022-01-04T11:09:43,30.05770,-89.80198,0.0,138.0,511.0,GOOD SHEPHERD,,WDE3016,31,12,22,8,,57,A
367332950,2022-01-04T10:45:51,30.05770,-89.80202,0.0,138.0,511.0,GOOD SHEPHERD,,WDE3016,31,12,22,8,,57,A
367332950,2022-01-04T11:13:12,30.05770,-89.80202,0.0,138.0,511.0,GOOD SHEPHERD,,WDE3016,31,12,22,8,,57,A
367332950,2022-01-04T11:16:53,30.05772,-89.80198,0.0,138.0,511.0,GOOD SHEPHERD,,WDE3016,31,12,22,8,,57,A
367332950,2022-01-04T10:00:03,30.05772,-89.80200,0.0,138.0,511.0,GOOD SHEPHERD,,WDE3016,31,12,22,8,,57,A
367332950,2022-01-04T11:18:12,30.05772,-89.80198,0.0,138.0,511.0,GOOD SHEPHERD,,WDE3016,31,12,22,8,,57,A
367332950,2022-01-04T06:43:02,30.05772,-89.80200,0.0,44.0,511.0,GOOD SHEPHERD,,WDE3016,31,12,22,8,,57,A
367332950,2022-01-04T10:44:43,30.05770,-89.80202,0.0,138.0,511.0,GOOD SHEPHERD,,WDE3016,31,12,22,8,,57,A
367332950,2022-01-04T11:19:53,30.05772,-89.80198,0.0,138.0,511.0,GOOD SHEPHERD,,WDE3016,31,12,22,8,,57,A
367332950,2022-01-04T10:50:51,30.05772,-89.80198,0.0,138.0,511.0,GOOD SHEPHERD,,WDE3016,31,12,22,8,,57,A
367332950,2022-01-04T10:52:13,30.05772,-89.80198,0.0,138.0,511.0,GOOD SHEPHERD,,WDE3016,31,12,22,8,,57,A
367332950,2022-01-04T11:03:32,30.05772,-89.80198,0.0,138.0,511.0,GOOD SHEPHERD,,WDE3016,31,12,22,8,,57,A
367332950,2022-01-04T10:58:01,30.05772,-89.80200,0.0,138.0,511.0,GOOD SHEPHERD,,WDE3016,31,12,22,8,,57,A
367332950,2022-01-04T10:09:43,30.05772,-89.80202,0.0,138.0,511.0,GOOD SHEPHERD,,WDE3016,31,12,22,8,,57,A
367332950,2022-01-04T10:53:23,30.05772,-89.80198,0.0,138.0,511.0,GOOD SHEPHERD,,WDE3016,31,12,22,8,,57,A
367332950,2022-01-04T11:28:51,30.05772,-89.80198,0.0,138.0,511.0,GOOD SHEPHERD,,WDE3016,31,12,22,8,,57,A
367332950,2022-01-04T10:12:03,30.05772,-89.80202,0.0,138.0,511.0,GOOD SHEPHERD,,WDE3016,31,12,22,8,,57,A
367332950,2022-01-04T11:07:12,30.05772,-89.80198,0.0,138.0,511.0,GOOD SHEPHERD,,WDE3016,31,12,22,8,,57,A
367332950,2022-01-04T11:32:42,30.05770,-89.80200,0.0,138.0,511.0,GOOD SHEPHERD,,WDE3016,31,12,22,8,,57,A
367332950,2022-01-04T11:08:33,30.05772,-89.80202,0.0,138.0,511.0,GOOD SHEPHERD,,WDE3016,31,12,22,8,,57,A
367332950,2022-01-04T11:04:43,30.05772,-89.80198,0.0,138.0,511.0,GOOD SHEPHERD,,WDE3016,31,12,22,8,,57,A
367332950,2022-01-04T10:20:32,30.05772,-89.80202,0.0,138.0,511.0,GOOD SHEPHERD,,WDE3016,31,12,22,8,,57,A
367332950,2022-01-04T10:56:51,30.05772,-89.80198,0.0,138.0,511.0,GOOD SHEPHERD,,WDE3016,31,12,22,8,,57,A
367332950,2022-01-04T11:12:03,30.05772,-89.80198,0.0,138.0,511.0,GOOD SHEPHERD,,WDE3016,31,12,22,8,,57,A
367332950,2022-01-04T11:45:52,30.05770,-89.80200,0.0,139.0,511.0,GOOD SHEPHERD,,WDE3016,31,12,22,8,,57,A
367332950,2022-01-04T11:22:42,30.05772,-89.80198,0.0,138.0,511.0,GOOD SHEPHERD,,WDE3016,31,12,22,8,,57,A
367332950,2022-01-04T11:14:21,30.05772,-89.80198,0.0,138.0,511.0,GOOD SHEPHERD,,WDE3016,31,12,22,8,,57,A
367332950,2022-01-04T11:48:13,30.05770,-89.80198,0.0,139.0,511.0,GOOD SHEPHERD,,WDE3016,31,12,22,8,,57,A
367332950,2022-01-04T11:23:53,30.05770,-89.80198,0.0,138.0,511.0,GOOD SHEPHERD,,WDE3016,31,12,22,8,,57,A
367332950,2022-01-04T11:15:43,30.05772,-89.80198,0.0,138.0,511.0,GOOD SHEPHERD,,WDE3016,31,12,22,8,,57,A
367332950,2022-01-04T11:49:32,30.05770,-89.80200,0.0,139.0,511.0,GOOD SHEPHERD,,WDE3016,31,12,22,8,,57,A
367332950,2022-01-04T11:01:12,30.05772,-89.80202,0.0,138.0,511.0,GOOD SHEPHERD,,WDE3016,31,12,22,8,,57,A
367332950,2022-01-04T11:50:42,30.05770,-89.80200,0.0,139.0,511.0,GOOD SHEPHERD,,WDE3016,31,12,22,8,,57,A
367332950,2022-01-04T11:25:02,30.05770,-89.80198,0.0,138.0,511.0,GOOD SHEPHERD,,WDE3016,31,12,22,8,,57,A
367332950,2022-01-04T11:55:22,30.05772,-89.80200,0.0,139.0,511.0,GOOD SHEPHERD,,WDE3016,31,12,22,8,,57,A
367332950,2022-01-04T11:53:03,30.05772,-89.80200,0.0,139.0,511.0,GOOD SHEPHERD,,WDE3016,31,12,22,8,,57,A
367332950,2022-01-04T11:31:12,30.05770,-89.80200,0.0,138.0,511.0,GOOD SHEPHERD,,WDE3016,31,12,22,8,,57,A
367332950,2022-01-04T11:06:02,30.05772,-89.80198,0.0,138.0,511.0,GOOD SHEPHERD,,WDE3016,31,12,22,8,,57,A
367332950,2022-01-04T11:21:02,30.05772,-89.80198,0.0,138.0,511.0,GOOD SHEPHERD,,WDE3016,31,12,22,8,,57,A
367332950,2022-01-04T10:34:32,30.05772,-89.80202,0.0,138.0,511.0,GOOD SHEPHERD,,WDE3016,31,12,22,8,,57,A
367332950,2022-01-04T10:36:51,30.05773,-89.80198,0.0,138.0,511.0,GOOD SHEPHERD,,WDE3016,31,12,22,8,,57,A
367332950,2022-01-04T11:37:33,30.05770,-89.80200,0.0,139.0,511.0,GOOD SHEPHERD,,WDE3016,31,12,22,8,,57,A
367332950,2022-01-04T11:26:23,30.05770,-89.80198,0.0,138.0,511.0,GOOD SHEPHERD,,WDE3016,31,12,22,8,,57,A
367332950,2022-01-04T11:38:42,30.05772,-89.80200,0.0,139.0,511.0,GOOD SHEPHERD,,WDE3016,31,12,22,8,,57,A
367332950,2022-01-04T11:27:32,30.05770,-89.80202,0.0,138.0,511.0,GOOD SHEPHERD,,WDE3016,31,12,22,8,,57,A
367332950,2022-01-04T07:08:53,30.05772,-89.80202,0.0,44.0,511.0,GOOD SHEPHERD,,WDE3016,31,12,22,8,,57,A
367332950,2022-01-04T11:41:03,30.05770,-89.80198,0.0,139.0,511.0,GOOD SHEPHERD,,WDE3016,31,12,22,8,,57,A
367332950,2022-01-04T12:06:12,30.05772,-89.80198,0.0,139.0,511.0,GOOD SHEPHERD,,WDE3016,31,12,22,8,,57,A
367332950,2022-01-04T12:13:52,30.05770,-89.80202,0.0,139.0,511.0,GOOD SHEPHERD,,WDE3016,31,12,22,8,,57,A
367332950,2022-01-04T12:15:01,30.05772,-89.80198,0.0,139.0,511.0,GOOD SHEPHERD,,WDE3016,31,12,22,8,,57,A
367332950,2022-01-04T11:34:03,30.05772,-89.80200,0.0,138.0,511.0,GOOD SHEPHERD,,WDE3016,31,12,22,8,,57,A
367332950,2022-01-04T11:44:31,30.05770,-89.80200,0.0,139.0,511.0,GOOD SHEPHERD,,WDE3016,31,12,22,8,,57,A
367332950,2022-01-04T11:36:23,30.05772,-89.80200,0.0,139.0,511.0,GOOD SHEPHERD,,WDE3016,31,12,22,8,,57,A
367332950,2022-01-04T11:47:03,30.05770,-89.80200,0.0,139.0,511.0,GOOD SHEPHERD,,WDE3016,31,12,22,8,,57,A
367332950,2022-01-04T12:19:52,30.05772,-89.80200,0.0,139.0,511.0,GOOD SHEPHERD,,WDE3016,31,12,22,8,,57,A
367332950,2022-01-04T10:55:42,30.05772,-89.80198,0.0,138.0,511.0,GOOD SHEPHERD,,WDE3016,31,12,22,8,,57,A
367332950,2022-01-04T07:17:23,30.05772,-89.80203,0.0,44.0,511.0,GOOD SHEPHERD,,WDE3016,31,12,22,8,,57,A
367332950,2022-01-04T10:59:12,30.05772,-89.80200,0.0,138.0,511.0,GOOD SHEPHERD,,WDE3016,31,12,22,8,,57,A
367332950,2022-01-04T11:54:12,30.05772,-89.80200,0.0,139.0,511.0,GOOD SHEPHERD,,WDE3016,31,12,22,8,,57,A
367332950,2022-01-04T11:30:02,30.05772,-89.80200,0.0,138.0,511.0,GOOD SHEPHERD,,WDE3016,31,12,22,8,,57,A
367332950,2022-01-04T11:43:22,30.05770,-89.80198,0.0,139.0,511.0,GOOD SHEPHERD,,WDE3016,31,12,22,8,,57,A
367332950,2022-01-04T11:57:42,30.05772,-89.80200,0.0,139.0,511.0,GOOD SHEPHERD,,WDE3016,31,12,22,8,,57,A
367332950,2022-01-04T12:26:42,30.05772,-89.80198,0.0,139.0,511.0,GOOD SHEPHERD,,WDE3016,31,12,22,8,,57,A
367332950,2022-01-04T11:10:53,30.05770,-89.80198,0.0,138.0,511.0,GOOD SHEPHERD,,WDE3016,31,12,22,8,,57,A
367332950,2022-01-04T12:01:22,30.05772,-89.80200,0.0,139.0,511.0,GOOD SHEPHERD,,WDE3016,31,12,22,8,,57,A
367332950,2022-01-04T12:07:21,30.05770,-89.80198,0.0,139.0,511.0,GOOD SHEPHERD,,WDE3016,31,12,22,8,,57,A
367332950,2022-01-04T12:09:53,30.05770,-89.80198,0.0,139.0,511.0,GOOD SHEPHERD,,WDE3016,31,12,22,8,,57,A
367332950,2022-01-04T12:39:41,30.05772,-89.80198,0.0,139.0,511.0,GOOD SHEPHERD,,WDE3016,31,12,22,8,,57,A
367332950,2022-01-04T12:11:01,30.05770,-89.80198,0.0,139.0,511.0,GOOD SHEPHERD,,WDE3016,31,12,22,8,,57,A
367332950,2022-01-04T07:33:12,30.05772,-89.80202,0.0,44.0,511.0,GOOD SHEPHERD,,WDE3016,31,12,22,8,,57,A
367332950,2022-01-04T12:43:13,30.05772,-89.80202,0.0,139.0,511.0,GOOD SHEPHERD,,WDE3016,31,12,22,8,,57,A
367332950,2022-01-04T11:51:43,30.05770,-89.80200,0.0,139.0,511.0,GOOD SHEPHERD,,WDE3016,31,12,22,8,,57,A
367332950,2022-01-04T12:47:53,30.05772,-89.80202,0.0,139.0,511.0,GOOD SHEPHERD,,WDE3016,31,12,22,8,,57,A
367332950,2022-01-04T11:56:33,30.05772,-89.80200,0.0,139.0,511.0,GOOD SHEPHERD,,WDE3016,31,12,22,8,,57,A
367332950,2022-01-04T11:58:52,30.05772,-89.80200,0.0,139.0,511.0,GOOD SHEPHERD,,WDE3016,31,12,22,8,,57,A
367332950,2022-01-04T12:00:03,30.05772,-89.80200,0.0,139.0,511.0,GOOD SHEPHERD,,WDE3016,31,12,22,8,,57,A
367332950,2022-01-04T12:23:12,30.05772,-89.80198,0.0,139.0,511.0,GOOD SHEPHERD,,WDE3016,31,12,22,8,,57,A
367332950,2022-01-04T12:52:52,30.05772,-89.80202,0.0,139.0,511.0,GOOD SHEPHERD,,WDE3016,31,12,22,8,,57,A
367332950,2022-01-04T07:43:42,30.05772,-89.80200,0.0,44.0,511.0,GOOD SHEPHERD,,WDE3016,31,12,22,8,,57,A
367332950,2022-01-04T12:03:51,30.05772,-89.80200,0.0,139.0,511.0,GOOD SHEPHERD,,WDE3016,31,12,22,8,,57,A
367332950,2022-01-04T12:18:42,30.05772,-89.80198,0.0,139.0,511.0,GOOD SHEPHERD,,WDE3016,31,12,22,8,,57,A
367332950,2022-01-04T13:00:02,30.05772,-89.80202,0.0,139.0,511.0,GOOD SHEPHERD,,WDE3016,31,12,22,8,,57,A
367332950,2022-01-04T12:30:02,30.05772,-89.80198,0.0,139.0,511.0,GOOD SHEPHERD,,WDE3016,31,12,22,8,,57,A
367332950,2022-01-04T12:08:31,30.05770,-89.80200,0.0,139.0,511.0,GOOD SHEPHERD,,WDE3016,31,12,22,8,,57,A
367332950,2022-01-04T07:49:41,30.05772,-89.80200,0.0,44.0,511.0,GOOD SHEPHERD,,WDE3016,31,12,22,8,,57,A
367332950,2022-01-04T13:07:13,30.05772,-89.80202,0.0,139.0,511.0,GOOD SHEPHERD,,WDE3016,31,12,22,8,,57,A
367332950,2022-01-04T12:37:02,30.05772,-89.80202,0.0,139.0,511.0,GOOD SHEPHERD,,WDE3016,31,12,22,8,,57,A
367332950,2022-01-04T12:17:31,30.05772,-89.80202,0.0,139.0,511.0,GOOD SHEPHERD,,WDE3016,31,12,22,8,,57,A
367332950,2022-01-04T13:13:42,30.05773,-89.80202,0.0,139.0,511.0,GOOD SHEPHERD,,WDE3016,31,12,22,8,,57,A
367332950,2022-01-04T12:21:01,30.05772,-89.80198,0.0,139.0,511.0,GOOD SHEPHERD,,WDE3016,31,12,22,8,,57,A
367332950,2022-01-04T12:42:02,30.05772,-89.80202,0.0,139.0,511.0,GOOD SHEPHERD,,WDE3016,31,12,22,8,,57,A
367332950,2022-01-04T12:24:22,30.05772,-89.80200,0.0,139.0,511.0,GOOD SHEPHERD,,WDE3016,31,12,22,8,,57,A
367332950,2022-01-04T12:45:41,30.05772,-89.80202,0.0,139.0,511.0,GOOD SHEPHERD,,WDE3016,31,12,22,8,,57,A
367332950,2022-01-04T13:18:02,30.05773,-89.80200,0.0,139.0,511.0,GOOD SHEPHERD,,WDE3016,31,12,22,8,,57,A
367332950,2022-01-04T13:20:22,30.05773,-89.80200,0.0,139.0,511.0,GOOD SHEPHERD,,WDE3016,31,12,22,8,,57,A
367332950,2022-01-04T12:34:21,30.05772,-89.80198,0.0,139.0,511.0,GOOD SHEPHERD,,WDE3016,31,12,22,8,,57,A
367332950,2022-01-04T12:44:32,30.05772,-89.80202,0.0,139.0,511.0,GOOD SHEPHERD,,WDE3016,31,12,22,8,,57,A
367332950,2022-01-04T13:25:13,30.05773,-89.80200,0.0,139.0,511.0,GOOD SHEPHERD,,WDE3016,31,12,22,8,,57,A
367332950,2022-01-04T12:35:53,30.05772,-89.80202,0.0,139.0,511.0,GOOD SHEPHERD,,WDE3016,31,12,22,8,,57,A
367332950,2022-01-04T13:26:22,30.05773,-89.80202,0.0,139.0,511.0,GOOD SHEPHERD,,WDE3016,31,12,22,8,,57,A
367332950,2022-01-04T12:46:43,30.05772,-89.80202,0.0,139.0,511.0,GOOD SHEPHERD,,WDE3016,31,12,22,8,,57,A
367332950,2022-01-04T12:57:32,30.05772,-89.80202,0.0,139.0,511.0,GOOD SHEPHERD,,WDE3016,31,12,22,8,,57,A
367332950,2022-01-04T13:03:42,30.05772,-89.80202,0.0,139.0,511.0,GOOD SHEPHERD,,WDE3016,31,12,22,8,,57,A
367332950,2022-01-04T13:06:02,30.05772,-89.80202,0.0,139.0,511.0,GOOD SHEPHERD,,WDE3016,31,12,22,8,,57,A
367332950,2022-01-04T12:55:21,30.05772,-89.80202,0.0,139.0,511.0,GOOD SHEPHERD,,WDE3016,31,12,22,8,,57,A
367332950,2022-01-04T12:05:03,30.05772,-89.80200,0.0,139.0,511.0,GOOD SHEPHERD,,WDE3016,31,12,22,8,,57,A
367332950,2022-01-04T13:31:13,30.05772,-89.80202,0.0,139.0,511.0,GOOD SHEPHERD,,WDE3016,31,12,22,8,,57,A
367332950,2022-01-04T12:49:02,30.05772,-89.80202,0.0,139.0,511.0,GOOD SHEPHERD,,WDE3016,31,12,22,8,,57,A
367332950,2022-01-04T12:50:21,30.05772,-89.80202,0.0,139.0,511.0,GOOD SHEPHERD,,WDE3016,31,12,22,8,,57,A
367332950,2022-01-04T13:10:43,30.05772,-89.80202,0.0,139.0,511.0,GOOD SHEPHERD,,WDE3016,31,12,22,8,,57,A
367332950,2022-01-04T13:02:22,30.05772,-89.80202,0.0,139.0,511.0,GOOD SHEPHERD,,WDE3016,31,12,22,8,,57,A
367332950,2022-01-04T12:12:22,30.05772,-89.80200,0.0,139.0,511.0,GOOD SHEPHERD,,WDE3016,31,12,22,8,,57,A
367332950,2022-01-04T12:51:43,30.05772,-89.80202,0.0,139.0,511.0,GOOD SHEPHERD,,WDE3016,31,12,22,8,,57,A
367332950,2022-01-04T13:42:02,30.05772,-89.80202,0.0,139.0,511.0,GOOD SHEPHERD,,WDE3016,31,12,22,8,,57,A
367332950,2022-01-04T12:16:22,30.05772,-89.80202,0.0,139.0,511.0,GOOD SHEPHERD,,WDE3016,31,12,22,8,,57,A
367332950,2022-01-04T13:16:52,30.05772,-89.80200,0.0,139.0,511.0,GOOD SHEPHERD,,WDE3016,31,12,22,8,,57,A
367332950,2022-01-04T13:19:12,30.05772,-89.80200,0.0,139.0,511.0,GOOD SHEPHERD,,WDE3016,31,12,22,8,,57,A
367332950,2022-01-04T13:22:52,30.05773,-89.80200,0.0,139.0,511.0,GOOD SHEPHERD,,WDE3016,31,12,22,8,,57,A
367332950,2022-01-04T13:12:33,30.05773,-89.80202,0.0,139.0,511.0,GOOD SHEPHERD,,WDE3016,31,12,22,8,,57,A
367332950,2022-01-04T12:25:33,30.05772,-89.80198,0.0,139.0,511.0,GOOD SHEPHERD,,WDE3016,31,12,22,8,,57,A
367332950,2022-01-04T13:51:52,30.05770,-89.80202,0.0,139.0,511.0,GOOD SHEPHERD,,WDE3016,31,12,22,8,,57,A
367332950,2022-01-04T12:27:51,30.05772,-89.80198,0.0,139.0,511.0,GOOD SHEPHERD,,WDE3016,31,12,22,8,,57,A
367332950,2022-01-04T09:38:01,30.05772,-89.80200,0.0,138.0,511.0,GOOD SHEPHERD,,WDE3016,31,12,22,8,,57,A
367332950,2022-01-04T12:28:52,30.05772,-89.80198,0.0,139.0,511.0,GOOD SHEPHERD,,WDE3016,31,12,22,8,,57,A
367332950,2022-01-04T12:31:13,30.05772,-89.80200,0.0,139.0,511.0,GOOD SHEPHERD,,WDE3016,31,12,22,8,,57,A
367332950,2022-01-04T13:58:02,30.05772,-89.80202,0.0,139.0,511.0,GOOD SHEPHERD,,WDE3016,31,12,22,8,,57,A
367332950,2022-01-04T13:32:23,30.05773,-89.80202,0.0,139.0,511.0,GOOD SHEPHERD,,WDE3016,31,12,22,8,,57,A
367332950,2022-01-04T13:21:42,30.05773,-89.80202,0.0,139.0,511.0,GOOD SHEPHERD,,WDE3016,31,12,22,8,,57,A
367332950,2022-01-04T13:33:32,30.05773,-89.80198,0.0,139.0,511.0,GOOD SHEPHERD,,WDE3016,31,12,22,8,,57,A
367332950,2022-01-04T12:32:21,30.05772,-89.80200,0.0,139.0,511.0,GOOD SHEPHERD,,WDE3016,31,12,22,8,,57,A
367332950,2022-01-04T14:05:12,30.05772,-89.80202,0.0,139.0,511.0,GOOD SHEPHERD,,WDE3016,31,12,22,8,,57,A
367332950,2022-01-04T13:27:32,30.05773,-89.80202,0.0,139.0,511.0,GOOD SHEPHERD,,WDE3016,31,12,22,8,,57,A
367332950,2022-01-04T13:39:42,30.05772,-89.80202,0.0,139.0,511.0,GOOD SHEPHERD,,WDE3016,31,12,22,8,,57,A
367332950,2022-01-04T14:02:43,30.05772,-89.80202,0.0,139.0,511.0,GOOD SHEPHERD,,WDE3016,31,12,22,8,,57,A
367332950,2022-01-04T12:38:22,30.05772,-89.80198,0.0,139.0,511.0,GOOD SHEPHERD,,WDE3016,31,12,22,8,,57,A
367332950,2022-01-04T13:40:52,30.05772,-89.80202,0.0,139.0,511.0,GOOD SHEPHERD,,WDE3016,31,12,22,8,,57,A
367332950,2022-01-04T14:08:12,30.05770,-89.80202,0.0,139.0,511.0,GOOD SHEPHERD,,WDE3016,31,12,22,8,,57,A
367332950,2022-01-04T12:40:53,30.05772,-89.80198,0.0,139.0,511.0,GOOD SHEPHERD,,WDE3016,31,12,22,8,,57,A
367332950,2022-01-04T13:44:23,30.05772,-89.80202,0.0,139.0,511.0,GOOD SHEPHERD,,WDE3016,31,12,22,8,,57,A
367332950,2022-01-04T13:45:33,30.05772,-89.80202,0.0,139.0,511.0,GOOD SHEPHERD,,WDE3016,31,12,22,8,,57,A
367332950,2022-01-04T14:15:01,30.05772,-89.80200,0.0,139.0,511.0,GOOD SHEPHERD,,WDE3016,31,12,22,8,,57,A
367332950,2022-01-04T13:37:23,30.05772,-89.80202,0.0,139.0,511.0,GOOD SHEPHERD,,WDE3016,31,12,22,8,,57,A
367332950,2022-01-04T09:52:12,30.05772,-89.80200,0.0,138.0,511.0,GOOD SHEPHERD,,WDE3016,31,12,22,8,,57,A
367332950,2022-01-04T14:20:13,30.05772,-89.80200,0.0,139.0,511.0,GOOD SHEPHERD,,WDE3016,31,12,22,8,,57,A
367332950,2022-01-04T13:50:33,30.05772,-89.80202,0.0,139.0,511.0,GOOD SHEPHERD,,WDE3016,31,12,22,8,,57,A
367332950,2022-01-04T09:55:43,30.05772,-89.80202,0.0,138.0,511.0,GOOD SHEPHERD,,WDE3016,31,12,22,8,,57,A
367332950,2022-01-04T14:24:22,30.05772,-89.80202,0.0,139.0,511.0,GOOD SHEPHERD,,WDE3016,31,12,22,8,,57,A
367332950,2022-01-04T13:46:52,30.05772,-89.80202,0.0,139.0,511.0,GOOD SHEPHERD,,WDE3016,31,12,22,8,,57,A
367332950,2022-01-04T13:30:02,30.05772,-89.80202,0.0,139.0,511.0,GOOD SHEPHERD,,WDE3016,31,12,22,8,,57,A
367332950,2022-01-04T14:25:32,30.05772,-89.80202,0.0,139.0,511.0,GOOD SHEPHERD,,WDE3016,31,12,22,8,,57,A
367332950,2022-01-04T13:49:12,30.05772,-89.80202,0.0,139.0,511.0,GOOD SHEPHERD,,WDE3016,31,12,22,8,,57,A
367332950,2022-01-04T12:56:22,30.05772,-89.80202,0.0,139.0,511.0,GOOD SHEPHERD,,WDE3016,31,12,22,8,,57,A
367332950,2022-01-04T09:59:12,30.05772,-89.80202,0.0,138.0,511.0,GOOD SHEPHERD,,WDE3016,31,12,22,8,,57,A
367332950,2022-01-04T14:28:42,30.05772,-89.80202,0.0,139.0,511.0,GOOD SHEPHERD,,WDE3016,31,12,22,8,,57,A
367332950,2022-01-04T13:01:03,30.05772,-89.80202,0.0,139.0,511.0,GOOD SHEPHERD,,WDE3016,31,12,22,8,,57,A
367332950,2022-01-04T14:01:33,30.05772,-89.80202,0.0,139.0,511.0,GOOD SHEPHERD,,WDE3016,31,12,22,8,,57,A
367332950,2022-01-04T10:01:12,30.05772,-89.80202,0.0,138.0,511.0,GOOD SHEPHERD,,WDE3016,31,12,22,8,,57,A
367332950,2022-01-04T14:31:32,30.05772,-89.80202,0.0,139.0,511.0,GOOD SHEPHERD,,WDE3016,31,12,22,8,,57,A
367332950,2022-01-04T13:53:01,30.05770,-89.80202,0.0,139.0,511.0,GOOD SHEPHERD,,WDE3016,31,12,22,8,,57,A
367332950,2022-01-04T13:38:31,30.05772,-89.80202,0.0,139.0,511.0,GOOD SHEPHERD,,WDE3016,31,12,22,8,,57,A
367332950,2022-01-04T14:12:41,30.05772,-89.80202,0.0,139.0,511.0,GOOD SHEPHERD,,WDE3016,31,12,22,8,,57,A
367332950,2022-01-04T14:39:02,30.05770,-89.80203,0.0,139.0,511.0,GOOD SHEPHERD,,WDE3016,31,12,22,8,,57,A
367332950,2022-01-04T13:09:33,30.05773,-89.80202,0.0,139.0,511.0,GOOD SHEPHERD,,WDE3016,31,12,22,8,,57,A
367332950,2022-01-04T14:13:53,30.05772,-89.80202,0.0,139.0,511.0,GOOD SHEPHERD,,WDE3016,31,12,22,8,,57,A
367332950,2022-01-04T10:10:52,30.05772,-89.80202,0.0,138.0,511.0,GOOD SHEPHERD,,WDE3016,31,12,22,8,,57,A
367332950,2022-01-04T14:46:53,30.05770,-89.80203,0.0,139.0,511.0,GOOD SHEPHERD,,WDE3016,31,12,22,8,,57,A
367332950,2022-01-04T14:06:43,30.05772,-89.80202,0.0,139.0,511.0,GOOD SHEPHERD,,WDE3016,31,12,22,8,,57,A
367332950,2022-01-04T14:19:01,30.05772,-89.80200,0.0,139.0,511.0,GOOD SHEPHERD,,WDE3016,31,12,22,8,,57,A
367332950,2022-01-04T14:21:52,30.05772,-89.80202,0.0,139.0,511.0,GOOD SHEPHERD,,WDE3016,31,12,22,8,,57,A
367332950,2022-01-04T14:51:42,30.05772,-89.80202,0.0,139.0,511.0,GOOD SHEPHERD,,WDE3016,31,12,22,8,,57,A
367332950,2022-01-04T14:11:12,30.05772,-89.80202,0.0,139.0,511.0,GOOD SHEPHERD,,WDE3016,31,12,22,8,,57,A
367332950,2022-01-04T13:54:21,30.05772,-89.80202,0.0,139.0,511.0,GOOD SHEPHERD,,WDE3016,31,12,22,8,,57,A
367332950,2022-01-04T13:55:33,30.05772,-89.80202,0.0,139.0,511.0,GOOD SHEPHERD,,WDE3016,31,12,22,8,,57,A
367332950,2022-01-04T13:56:51,30.05772,-89.80202,0.0,139.0,511.0,GOOD SHEPHERD,,WDE3016,31,12,22,8,,57,A
367332950,2022-01-04T14:56:13,30.05770,-89.80200,0.0,139.0,511.0,GOOD SHEPHERD,,WDE3016,31,12,22,8,,57,A
367332950,2022-01-04T13:24:02,30.05773,-89.80200,0.0,139.0,511.0,GOOD SHEPHERD,,WDE3016,31,12,22,8,,57,A
367332950,2022-01-04T14:37:32,30.05770,-89.80203,0.0,139.0,511.0,GOOD SHEPHERD,,WDE3016,31,12,22,8,,57,A
367332950,2022-01-04T14:27:13,30.05772,-89.80202,0.0,139.0,511.0,GOOD SHEPHERD,,WDE3016,31,12,22,8,,57,A
367332950,2022-01-04T14:09:43,30.05772,-89.80202,0.0,139.0,511.0,GOOD SHEPHERD,,WDE3016,31,12,22,8,,57,A
367332950,2022-01-04T14:30:13,30.05770,-89.80200,0.0,139.0,511.0,GOOD SHEPHERD,,WDE3016,31,12,22,8,,57,A
367332950,2022-01-04T14:42:13,30.05772,-89.80198,0.0,139.0,511.0,GOOD SHEPHERD,,WDE3016,31,12,22,8,,57,A
367332950,2022-01-04T15:08:42,30.05772,-89.80202,0.0,132.0,511.0,GOOD SHEPHERD,,WDE3016,31,12,22,8,,57,A
367332950,2022-01-04T15:09:51,30.05772,-89.80202,0.0,132.0,511.0,GOOD SHEPHERD,,WDE3016,31,12,22,8,,57,A
367332950,2022-01-04T14:32:52,30.05772,-89.80200,0.0,139.0,511.0,GOOD SHEPHERD,,WDE3016,31,12,22,8,,57,A
367332950,2022-01-04T14:41:12,30.05772,-89.80202,0.0,139.0,511.0,GOOD SHEPHERD,,WDE3016,31,12,22,8,,57,A
367332950,2022-01-04T14:36:23,30.05772,-89.80200,0.0,139.0,511.0,GOOD SHEPHERD,,WDE3016,31,12,22,8,,57,A
367332950,2022-01-04T14:16:32,30.05772,-89.80202,0.0,139.0,511.0,GOOD SHEPHERD,,WDE3016,31,12,22,8,,57,A
367332950,2022-01-04T13:34:42,30.05772,-89.80198,0.0,139.0,511.0,GOOD SHEPHERD,,WDE3016,31,12,22,8,,57,A
367332950,2022-01-04T14:40:03,30.05772,-89.80202,0.0,139.0,511.0,GOOD SHEPHERD,,WDE3016,31,12,22,8,,57,A
367332950,2022-01-04T10:40:32,30.05772,-89.80198,0.0,138.0,511.0,GOOD SHEPHERD,,WDE3016,31,12,22,8,,57,A
367332950,2022-01-04T14:48:03,30.05772,-89.80202,0.0,139.0,511.0,GOOD SHEPHERD,,WDE3016,31,12,22,8,,57,A
367332950,2022-01-04T15:20:42,30.05772,-89.80202,0.0,132.0,511.0,GOOD SHEPHERD,,WDE3016,31,12,22,8,,57,A
367332950,2022-01-04T14:50:32,30.05772,-89.80202,0.0,139.0,511.0,GOOD SHEPHERD,,WDE3016,31,12,22,8,,57,A
367332950,2022-01-04T14:55:03,30.05772,-89.80202,0.0,139.0,511.0,GOOD SHEPHERD,,WDE3016,31,12,22,8,,57,A
367332950,2022-01-04T15:23:13,30.05772,-89.80200,0.0,132.0,511.0,GOOD SHEPHERD,,WDE3016,31,12,22,8,,57,A
367332950,2022-01-04T10:43:32,30.05772,-89.80202,0.0,138.0,511.0,GOOD SHEPHERD,,WDE3016,31,12,22,8,,57,A
367332950,2022-01-04T14:53:52,30.05772,-89.80202,0.0,139.0,511.0,GOOD SHEPHERD,,WDE3016,31,12,22,8,,57,A
367332950,2022-01-04T14:34:03,30.05772,-89.80200,0.0,139.0,511.0,GOOD SHEPHERD,,WDE3016,31,12,22,8,,57,A
367332950,2022-01-04T14:59:52,30.05770,-89.80202,0.0,139.0,511.0,GOOD SHEPHERD,,WDE3016,31,12,22,8,,57,A
367332950,2022-01-04T15:05:13,30.05772,-89.80202,0.0,132.0,511.0,GOOD SHEPHERD,,WDE3016,31,12,22,8,,57,A
367332950,2022-01-04T15:06:22,30.05772,-89.80202,0.0,132.0,511.0,GOOD SHEPHERD,,WDE3016,31,12,22,8,,57,A
367332950,2022-01-04T15:00:03,30.05772,-89.80202,0.0,139.0,511.0,GOOD SHEPHERD,,WDE3016,31,12,22,8,,57,A
367332950,2022-01-04T15:07:31,30.05772,-89.80202,0.0,132.0,511.0,GOOD SHEPHERD,,WDE3016,31,12,22,8,,57,A
367332950,2022-01-04T10:54:32,30.05772,-89.80200,0.0,138.0,511.0,GOOD SHEPHERD,,WDE3016,31,12,22,8,,57,A
367332950,2022-01-04T15:41:41,30.05775,-89.80202,0.0,350.0,511.0,GOOD SHEPHERD,,WDE3016,31,12,22,8,,57,A
367332950,2022-01-04T14:43:22,30.05772,-89.80202,0.0,139.0,511.0,GOOD SHEPHERD,,WDE3016,31,12,22,8,,57,A
367332950,2022-01-04T15:15:33,30.05772,-89.80202,0.0,132.0,511.0,GOOD SHEPHERD,,WDE3016,31,12,22,8,,57,A
367332950,2022-01-04T13:59:13,30.05772,-89.80202,0.0,139.0,511.0,GOOD SHEPHERD,,WDE3016,31,12,22,8,,57,A
367332950,2022-01-04T14:49:23,30.05773,-89.80202,0.0,139.0,511.0,GOOD SHEPHERD,,WDE3016,31,12,22,8,,57,A
367332950,2022-01-04T15:17:52,30.05772,-89.80202,0.0,132.0,511.0,GOOD SHEPHERD,,WDE3016,31,12,22,8,,57,A
367332950,2022-01-04T15:44:23,30.05768,-89.80197,0.1,143.0,511.0,GOOD SHEPHERD,,WDE3016,31,12,22,8,,57,A
367332950,2022-01-04T15:24:32,30.05772,-89.80202,0.0,132.0,511.0,GOOD SHEPHERD,,WDE3016,31,12,22,8,,57,A
367332950,2022-01-04T15:19:32,30.05772,-89.80202,0.0,132.0,511.0,GOOD SHEPHERD,,WDE3016,31,12,22,8,,57,A
367332950,2022-01-04T15:21:53,30.05772,-89.80200,0.0,132.0,511.0,GOOD SHEPHERD,,WDE3016,31,12,22,8,,57,A
367332950,2022-01-04T15:54:02,30.05703,-89.80220,1.4,236.0,511.0,GOOD SHEPHERD,,WDE3016,31,12,22,8,,57,A
367332950,2022-01-04T14:17:33,30.05772,-89.80200,0.0,139.0,511.0,GOOD SHEPHERD,,WDE3016,31,12,22,8,,57,A
367332950,2022-01-04T15:02:22,30.05772,-89.80202,0.0,139.0,511.0,GOOD SHEPHERD,,WDE3016,31,12,22,8,,57,A
367332950,2022-01-04T16:09:43,30.06720,-89.78363,4.7,58.0,511.0,GOOD SHEPHERD,,WDE3016,31,12,22,8,,57,A
367332950,2022-01-04T15:32:43,30.05775,-89.80205,0.1,298.0,511.0,GOOD SHEPHERD,,WDE3016,31,12,22,8,,57,A
367332950,2022-01-04T15:31:32,30.05775,-89.80205,0.0,298.0,511.0,GOOD SHEPHERD,,WDE3016,31,12,22,8,,57,A
367332950,2022-01-04T15:33:52,30.05775,-89.80202,0.0,121.0,511.0,GOOD SHEPHERD,,WDE3016,31,12,22,8,,57,A
367332950,2022-01-04T15:37:52,30.05775,-89.80202,0.0,350.0,511.0,GOOD SHEPHERD,,WDE3016,31,12,22,8,,57,A
367332950,2022-01-04T15:10:52,30.05772,-89.80202,0.0,132.0,511.0,GOOD SHEPHERD,,WDE3016,31,12,22,8,,57,A
367332950,2022-01-04T15:42:52,30.05773,-89.80200,0.1,146.0,511.0,GOOD SHEPHERD,,WDE3016,31,12,22,8,,57,A
367332950,2022-01-04T15:40:22,30.05775,-89.80202,0.0,350.0,511.0,GOOD SHEPHERD,,WDE3016,31,12,22,8,,57,A
367332950,2022-01-04T15:45:41,30.05767,-89.80198,0.0,143.0,511.0,GOOD SHEPHERD,,WDE3016,31,12,22,8,,57,A
367332950,2022-01-04T16:14:43,30.07028,-89.77765,4.5,58.0,511.0,GOOD SHEPHERD,,WDE3016,31,12,22,8,,57,A
367332950,2022-01-04T15:48:12,30.05768,-89.80198,0.0,143.0,511.0,GOOD SHEPHERD,,WDE3016,31,12,22,8,,57,A
367332950,2022-01-04T15:47:03,30.05767,-89.80195,0.0,143.0,511.0,GOOD SHEPHERD,,WDE3016,31,12,22,8,,57,A
367332950,2022-01-04T16:18:32,30.07283,-89.77287,4.6,59.0,511.0,GOOD SHEPHERD,,WDE3016,31,12,22,8,,57,A
367332950,2022-01-04T15:50:31,30.05763,-89.80195,0.2,139.0,511.0,GOOD SHEPHERD,,WDE3016,31,12,22,8,,57,A
367332950,2022-01-04T15:55:13,30.05702,-89.80237,1.0,45.0,511.0,GOOD SHEPHERD,,WDE3016,31,12,22,8,,57,A
367332950,2022-01-04T15:51:43,30.05755,-89.80187,0.3,157.0,511.0,GOOD SHEPHERD,,WDE3016,31,12,22,8,,57,A
367332950,2022-01-04T16:20:02,30.07385,-89.77092,4.7,59.0,511.0,GOOD SHEPHERD,,WDE3016,31,12,22,8,,57,A
367332950,2022-01-04T15:52:51,30.05730,-89.80188,1.0,198.0,511.0,GOOD SHEPHERD,,WDE3016,31,12,22,8,,57,A
367332950,2022-01-04T15:57:32,30.05802,-89.80005,4.8,61.0,511.0,GOOD SHEPHERD,,WDE3016,31,12,22,8,,57,A
367332950,2022-01-04T16:01:03,30.06090,-89.79497,5.6,56.0,511.0,GOOD SHEPHERD,,WDE3016,31,12,22,8,,57,A
367332950,2022-01-04T15:25:53,30.05772,-89.80202,0.0,132.0,511.0,GOOD SHEPHERD,,WDE3016,31,12,22,8,,57,A
367332950,2022-01-04T15:29:03,30.05772,-89.80203,0.1,294.0,511.0,GOOD SHEPHERD,,WDE3016,31,12,22,8,,57,A
367332950,2022-01-04T16:24:51,30.07730,-89.76482,4.6,57.0,511.0,GOOD SHEPHERD,,WDE3016,31,12,22,8,,57,A
367332950,2022-01-04T14:44:32,30.05772,-89.80202,0.0,139.0,511.0,GOOD SHEPHERD,,WDE3016,31,12,22,8,,57,A
367332950,2022-01-04T14:45:42,30.05772,-89.80202,0.0,139.0,511.0,GOOD SHEPHERD,,WDE3016,31,12,22,8,,57,A
367332950,2022-01-04T16:03:32,30.06287,-89.79140,4.9,53.0,511.0,GOOD SHEPHERD,,WDE3016,31,12,22,8,,57,A
367332950,2022-01-04T11:35:13,30.05772,-89.80200,0.0,139.0,511.0,GOOD SHEPHERD,,WDE3016,31,12,22,8,,57,A
367332950,2022-01-04T16:06:03,30.06475,-89.78835,4.6,58.0,511.0,GOOD SHEPHERD,,WDE3016,31,12,22,8,,57,A
367332950,2022-01-04T16:08:33,30.06642,-89.78515,4.8,60.0,511.0,GOOD SHEPHERD,,WDE3016,31,12,22,8,,57,A
367332950,2022-01-04T11:39:53,30.05770,-89.80198,0.0,139.0,511.0,GOOD SHEPHERD,,WDE3016,31,12,22,8,,57,A
367332950,2022-01-04T11:42:13,30.05770,-89.80200,0.0,139.0,511.0,GOOD SHEPHERD,,WDE3016,31,12,22,8,,57,A
367332950,2022-01-04T16:35:42,30.08467,-89.75153,4.4,63.0,511.0,GOOD SHEPHERD,,WDE3016,31,12,22,8,,57,A
367332950,2022-01-04T16:44:52,30.09085,-89.73998,4.7,57.0,511.0,GOOD SHEPHERD,,WDE3016,31,12,22,8,,57,A
367332950,2022-01-04T14:57:32,30.05770,-89.80203,0.0,139.0,511.0,GOOD SHEPHERD,,WDE3016,31,12,22,8,,57,A
367332950,2022-01-04T14:58:42,30.05772,-89.80202,0.0,139.0,511.0,GOOD SHEPHERD,,WDE3016,31,12,22,8,,57,A
367332950,2022-01-04T16:42:41,30.08930,-89.74278,4.7,57.0,511.0,GOOD SHEPHERD,,WDE3016,31,12,22,8,,57,A
367332950,2022-01-04T16:43:51,30.09012,-89.74127,4.8,60.0,511.0,GOOD SHEPHERD,,WDE3016,31,12,22,8,,57,A
367332950,2022-01-04T16:27:42,30.07932,-89.76138,4.4,60.0,511.0,GOOD SHEPHERD,,WDE3016,31,12,22,8,,57,A
367332950,2022-01-04T16:55:53,30.09897,-89.72525,4.9,59.0,511.0,GOOD SHEPHERD,,WDE3016,31,12,22,8,,57,A
367332950,2022-01-04T16:48:31,30.09357,-89.73517,4.9,58.0,511.0,GOOD SHEPHERD,,WDE3016,31,12,22,8,,57,A
367332950,2022-01-04T16:34:12,30.08372,-89.75340,4.5,57.0,511.0,GOOD SHEPHERD,,WDE3016,31,12,22,8,,57,A
367332950,2022-01-04T17:00:12,30.10205,-89.71932,5.1,61.0,511.0,GOOD SHEPHERD,,WDE3016,31,12,22,8,,57,A
367332950,2022-01-04T17:04:02,30.10488,-89.71403,5.1,56.0,511.0,GOOD SHEPHERD,,WDE3016,31,12,22,8,,57,A
367332950,2022-01-04T16:54:43,30.09805,-89.72683,5.1,54.0,511.0,GOOD SHEPHERD,,WDE3016,31,12,22,8,,57,A
367332950,2022-01-04T16:36:53,30.08543,-89.75007,4.6,57.0,511.0,GOOD SHEPHERD,,WDE3016,31,12,22,8,,57,A
367332950,2022-01-04T17:06:12,30.10658,-89.71098,5.2,58.0,511.0,GOOD SHEPHERD,,WDE3016,31,12,22,8,,57,A
367332950,2022-01-04T17:07:33,30.10762,-89.70902,5.4,59.0,511.0,GOOD SHEPHERD,,WDE3016,31,12,22,8,,57,A
367332950,2022-01-04T16:04:43,30.06383,-89.79000,4.6,55.0,511.0,GOOD SHEPHERD,,WDE3016,31,12,22,8,,57,A
367332950,2022-01-04T15:13:12,30.05772,-89.80202,0.0,132.0,511.0,GOOD SHEPHERD,,WDE3016,31,12,22,8,,57,A
367332950,2022-01-04T12:02:42,30.05772,-89.80200,0.0,139.0,511.0,GOOD SHEPHERD,,WDE3016,31,12,22,8,,57,A
367332950,2022-01-04T16:07:21,30.06565,-89.78675,4.6,62.0,511.0,GOOD SHEPHERD,,WDE3016,31,12,22,8,,57,A
367332950,2022-01-04T16:38:01,30.08617,-89.74868,4.5,58.0,511.0,GOOD SHEPHERD,,WDE3016,31,12,22,8,,57,A
367332950,2022-01-04T16:39:11,30.08693,-89.74717,4.5,60.0,511.0,GOOD SHEPHERD,,WDE3016,31,12,22,8,,57,A
367332950,2022-01-04T16:41:31,30.08855,-89.74432,4.7,59.0,511.0,GOOD SHEPHERD,,WDE3016,31,12,22,8,,57,A
367332950,2022-01-04T17:13:42,30.11285,-89.69958,5.6,59.0,511.0,GOOD SHEPHERD,,WDE3016,31,12,22,8,,57,A
367332950,2022-01-04T15:16:43,30.05772,-89.80202,0.0,132.0,511.0,GOOD SHEPHERD,,WDE3016,31,12,22,8,,57,A
367332950,2022-01-04T16:46:02,30.09168,-89.73845,4.8,58.0,511.0,GOOD SHEPHERD,,WDE3016,31,12,22,8,,57,A
367332950,2022-01-04T16:13:33,30.06955,-89.77908,4.2,58.0,511.0,GOOD SHEPHERD,,WDE3016,31,12,22,8,,57,A
367332950,2022-01-04T17:23:03,30.11947,-89.68683,4.9,59.0,511.0,GOOD SHEPHERD,,WDE3016,31,12,22,8,,57,A
367332950,2022-01-04T16:47:13,30.09253,-89.73692,5.0,55.0,511.0,GOOD SHEPHERD,,WDE3016,31,12,22,8,,57,A
367332950,2022-01-04T16:49:53,30.09453,-89.73333,4.9,56.0,511.0,GOOD SHEPHERD,,WDE3016,31,12,22,8,,57,A
367332950,2022-01-04T16:21:13,30.07468,-89.76945,4.7,55.0,511.0,GOOD SHEPHERD,,WDE3016,31,12,22,8,,57,A
367332950,2022-01-04T16:22:21,30.07553,-89.76802,4.7,57.0,511.0,GOOD SHEPHERD,,WDE3016,31,12,22,8,,57,A
367332950,2022-01-04T15:27:43,30.05772,-89.80202,0.0,132.0,511.0,GOOD SHEPHERD,,WDE3016,31,12,22,8,,57,A
367332950,2022-01-04T12:22:03,30.05772,-89.80200,0.0,139.0,511.0,GOOD SHEPHERD,,WDE3016,31,12,22,8,,57,A
367332950,2022-01-04T17:35:33,30.12835,-89.66972,5.1,56.0,511.0,GOOD SHEPHERD,,WDE3016,31,12,22,8,,57,A
367332950,2022-01-04T17:02:42,30.10390,-89.71582,5.0,57.0,511.0,GOOD SHEPHERD,,WDE3016,31,12,22,8,,57,A
367332950,2022-01-04T17:05:03,30.10568,-89.71262,5.1,56.0,511.0,GOOD SHEPHERD,,WDE3016,31,12,22,8,,57,A
367332950,2022-01-04T17:43:51,30.13433,-89.65828,5.0,62.0,511.0,GOOD SHEPHERD,,WDE3016,31,12,22,8,,57,A
367332950,2022-01-04T17:08:52,30.10863,-89.70700,5.6,57.0,511.0,GOOD SHEPHERD,,WDE3016,31,12,22,8,,57,A
367332950,2022-01-04T17:47:23,30.13700,-89.65340,5.1,60.0,511.0,GOOD SHEPHERD,,WDE3016,31,12,22,8,,57,A
367332950,2022-01-04T15:36:42,30.05775,-89.80202,0.0,350.0,511.0,GOOD SHEPHERD,,WDE3016,31,12,22,8,,57,A
367332950,2022-01-04T17:18:12,30.11603,-89.69330,4.8,59.0,511.0,GOOD SHEPHERD,,WDE3016,31,12,22,8,,57,A
367332950,2022-01-04T17:14:52,30.11370,-89.69782,5.3,59.0,511.0,GOOD SHEPHERD,,WDE3016,31,12,22,8,,57,A
367332950,2022-01-04T17:39:12,30.13097,-89.66475,5.1,60.0,511.0,GOOD SHEPHERD,,WDE3016,31,12,22,8,,57,A
367332950,2022-01-04T17:17:03,30.11528,-89.69482,4.8,58.0,511.0,GOOD SHEPHERD,,WDE3016,31,12,22,8,,57,A
367332950,2022-01-04T17:19:21,30.11695,-89.69178,4.8,56.0,511.0,GOOD SHEPHERD,,WDE3016,31,12,22,8,,57,A
367332950,2022-01-04T17:21:51,30.11862,-89.68848,4.9,59.0,511.0,GOOD SHEPHERD,,WDE3016,31,12,22,8,,57,A
367332950,2022-01-04T17:28:13,30.12312,-89.67993,5.2,58.0,511.0,GOOD SHEPHERD,,WDE3016,31,12,22,8,,57,A
367332950,2022-01-04T18:06:02,30.14592,-89.62415,5.2,97.0,511.0,GOOD SHEPHERD,,WDE3016,31,12,22,8,,57,A
367332950,2022-01-04T12:54:12,30.05772,-89.80202,0.0,139.0,511.0,GOOD SHEPHERD,,WDE3016,31,12,22,8,,57,A
367332950,2022-01-04T17:27:01,30.12230,-89.68157,4.9,59.0,511.0,GOOD SHEPHERD,,WDE3016,31,12,22,8,,57,A
367332950,2022-01-04T16:53:32,30.09718,-89.72850,5.0,59.0,511.0,GOOD SHEPHERD,,WDE3016,31,12,22,8,,57,A
367332950,2022-01-04T17:32:02,30.12587,-89.67463,4.8,62.0,511.0,GOOD SHEPHERD,,WDE3016,31,12,22,8,,57,A
367332950,2022-01-04T17:57:32,30.14510,-89.63843,5.5,64.0,511.0,GOOD SHEPHERD,,WDE3016,31,12,22,8,,57,A
367332950,2022-01-04T12:59:02,30.05772,-89.80202,0.0,139.0,511.0,GOOD SHEPHERD,,WDE3016,31,12,22,8,,57,A
367332950,2022-01-04T15:58:43,30.05890,-89.79838,5.4,58.0,511.0,GOOD SHEPHERD,,WDE3016,31,12,22,8,,57,A
367332950,2022-01-04T17:36:43,30.12918,-89.66818,5.0,60.0,511.0,GOOD SHEPHERD,,WDE3016,31,12,22,8,,57,A
367332950,2022-01-04T16:02:22,30.06190,-89.79297,5.3,58.0,511.0,GOOD SHEPHERD,,WDE3016,31,12,22,8,,57,A
367332950,2022-01-04T13:04:53,30.05772,-89.80202,0.0,139.0,511.0,GOOD SHEPHERD,,WDE3016,31,12,22,8,,57,A
367332950,2022-01-04T13:08:22,30.05773,-89.80202,0.0,139.0,511.0,GOOD SHEPHERD,,WDE3016,31,12,22,8,,57,A
367332950,2022-01-04T17:46:02,30.13603,-89.65528,5.1,56.0,511.0,GOOD SHEPHERD,,WDE3016,31,12,22,8,,57,A
367332950,2022-01-04T18:26:12,30.14338,-89.58710,6.0,84.0,511.0,GOOD SHEPHERD,,WDE3016,31,12,22,8,,57,A
367332950,2022-01-04T18:10:53,30.14493,-89.61577,5.6,93.0,511.0,GOOD SHEPHERD,,WDE3016,31,12,22,8,,57,A
367332950,2022-01-04T16:12:23,30.06893,-89.78035,3.9,58.0,511.0,GOOD SHEPHERD,,WDE3016,31,12,22,8,,57,A
367332950,2022-01-04T17:49:51,30.13885,-89.64993,5.2,59.0,511.0,GOOD SHEPHERD,,WDE3016,31,12,22,8,,57,A
367332950,2022-01-04T18:13:22,30.14438,-89.61122,5.9,99.0,511.0,GOOD SHEPHERD,,WDE3016,31,12,22,8,,57,A
367332950,2022-01-04T17:51:02,30.13973,-89.64825,5.2,58.0,511.0,GOOD SHEPHERD,,WDE3016,31,12,22,8,,57,A
367332950,2022-01-04T16:16:12,30.07125,-89.77575,4.7,59.0,511.0,GOOD SHEPHERD,,WDE3016,31,12,22,8,,57,A
367332950,2022-01-04T18:18:22,30.14355,-89.60188,5.8,99.0,511.0,GOOD SHEPHERD,,WDE3016,31,12,22,8,,57,A
367332950,2022-01-04T16:17:13,30.07192,-89.77455,4.7,55.0,511.0,GOOD SHEPHERD,,WDE3016,31,12,22,8,,57,A
367332950,2022-01-04T17:52:21,30.14078,-89.64637,5.4,51.0,511.0,GOOD SHEPHERD,,WDE3016,31,12,22,8,,57,A
367332950,2022-01-04T18:38:23,30.14592,-89.56462,5.7,86.0,511.0,GOOD SHEPHERD,,WDE3016,31,12,22,8,,57,A
367332950,2022-01-04T17:55:13,30.14328,-89.64208,5.7,57.0,511.0,GOOD SHEPHERD,,WDE3016,31,12,22,8,,57,A
367332950,2022-01-04T13:15:42,30.05772,-89.80203,0.0,139.0,511.0,GOOD SHEPHERD,,WDE3016,31,12,22,8,,57,A
367332950,2022-01-04T18:40:53,30.14642,-89.56012,5.5,88.0,511.0,GOOD SHEPHERD,,WDE3016,31,12,22,8,,57,A
367332950,2022-01-04T16:23:32,30.07635,-89.76642,4.7,58.0,511.0,GOOD SHEPHERD,,WDE3016,31,12,22,8,,57,A
367332950,2022-01-04T18:43:13,30.14682,-89.55602,5.6,82.0,511.0,GOOD SHEPHERD,,WDE3016,31,12,22,8,,57,A
367332950,2022-01-04T16:26:03,30.07808,-89.76332,4.5,56.0,511.0,GOOD SHEPHERD,,WDE3016,31,12,22,8,,57,A
367332950,2022-01-04T18:02:32,30.14672,-89.63003,5.5,92.0,511.0,GOOD SHEPHERD,,WDE3016,31,12,22,8,,57,A
367332950,2022-01-04T17:24:43,30.12067,-89.68460,4.9,55.0,511.0,GOOD SHEPHERD,,WDE3016,31,12,22,8,,57,A
367332950,2022-01-04T18:49:52,30.14852,-89.54460,5.5,78.0,511.0,GOOD SHEPHERD,,WDE3016,31,12,22,8,,57,A
367332950,2022-01-04T16:28:51,30.08002,-89.75997,4.6,56.0,511.0,GOOD SHEPHERD,,WDE3016,31,12,22,8,,57,A
367332950,2022-01-04T17:25:51,30.12143,-89.68313,4.7,58.0,511.0,GOOD SHEPHERD,,WDE3016,31,12,22,8,,57,A
367332950,2022-01-04T18:31:11,30.14450,-89.57787,5.8,87.0,511.0,GOOD SHEPHERD,,WDE3016,31,12,22,8,,57,A
367332950,2022-01-04T16:30:11,30.08097,-89.75833,4.6,52.0,511.0,GOOD SHEPHERD,,WDE3016,31,12,22,8,,57,A
367332950,2022-01-04T16:31:12,30.08173,-89.75708,4.5,56.0,511.0,GOOD SHEPHERD,,WDE3016,31,12,22,8,,57,A
367332950,2022-01-04T18:09:33,30.14508,-89.61815,5.5,98.0,511.0,GOOD SHEPHERD,,WDE3016,31,12,22,8,,57,A
367332950,2022-01-04T18:57:13,30.15123,-89.53168,5.6,77.0,511.0,GOOD SHEPHERD,,WDE3016,31,12,22,8,,57,A
367332950,2022-01-04T13:28:52,30.05773,-89.80202,0.0,139.0,511.0,GOOD SHEPHERD,,WDE3016,31,12,22,8,,57,A
367332950,2022-01-04T18:14:42,30.14418,-89.60875,5.9,98.0,511.0,GOOD SHEPHERD,,WDE3016,31,12,22,8,,57,A
367332950,2022-01-04T17:38:03,30.13012,-89.66633,5.0,57.0,511.0,GOOD SHEPHERD,,WDE3016,31,12,22,8,,57,A
367332950,2022-01-04T18:21:02,30.14325,-89.59692,5.9,96.0,511.0,GOOD SHEPHERD,,WDE3016,31,12,22,8,,57,A
367332950,2022-01-04T16:40:21,30.08773,-89.74577,4.5,56.0,511.0,GOOD SHEPHERD,,WDE3016,31,12,22,8,,57,A
367332950,2022-01-04T17:40:23,30.13187,-89.66312,5.1,54.0,511.0,GOOD SHEPHERD,,WDE3016,31,12,22,8,,57,A
367332950,2022-01-04T18:48:42,30.14818,-89.54662,5.5,79.0,511.0,GOOD SHEPHERD,,WDE3016,31,12,22,8,,57,A
367332950,2022-01-04T13:36:02,30.05773,-89.80202,0.0,139.0,511.0,GOOD SHEPHERD,,WDE3016,31,12,22,8,,57,A
367332950,2022-01-04T19:06:42,30.15450,-89.51485,5.6,76.0,511.0,GOOD SHEPHERD,,WDE3016,31,12,22,8,,57,A
367332950,2022-01-04T18:27:22,30.14355,-89.58495,5.9,81.0,511.0,GOOD SHEPHERD,,WDE3016,31,12,22,8,,57,A
367332950,2022-01-04T18:53:33,30.14982,-89.53812,5.6,78.0,511.0,GOOD SHEPHERD,,WDE3016,31,12,22,8,,57,A
367332950,2022-01-04T18:30:03,30.14432,-89.57995,5.8,83.0,511.0,GOOD SHEPHERD,,WDE3016,31,12,22,8,,57,A
367332950,2022-01-04T18:28:51,30.14408,-89.58215,5.9,77.0,511.0,GOOD SHEPHERD,,WDE3016,31,12,22,8,,57,A
367332950,2022-01-04T13:43:12,30.05772,-89.80202,0.0,139.0,511.0,GOOD SHEPHERD,,WDE3016,31,12,22,8,,57,A
367332950,2022-01-04T17:48:42,30.13798,-89.65157,5.2,56.0,511.0,GOOD SHEPHERD,,WDE3016,31,12,22,8,,57,A
367332950,2022-01-04T18:36:02,30.14543,-89.56887,5.8,76.0,511.0,GOOD SHEPHERD,,WDE3016,31,12,22,8,,57,A
367332950,2022-01-04T18:37:12,30.14573,-89.56683,5.8,80.0,511.0,GOOD SHEPHERD,,WDE3016,31,12,22,8,,57,A
367332950,2022-01-04T17:53:31,30.14183,-89.64472,5.6,58.0,511.0,GOOD SHEPHERD,,WDE3016,31,12,22,8,,57,A
367332950,2022-01-04T13:48:02,30.05772,-89.80202,0.0,139.0,511.0,GOOD SHEPHERD,,WDE3016,31,12,22,8,,57,A
367332950,2022-01-04T16:52:23,30.09635,-89.73005,4.9,54.0,511.0,GOOD SHEPHERD,,WDE3016,31,12,22,8,,57,A
367332950,2022-01-04T17:56:23,30.14425,-89.64028,5.6,61.0,511.0,GOOD SHEPHERD,,WDE3016,31,12,22,8,,57,A
367332950,2022-01-04T18:42:02,30.14655,-89.55805,5.5,81.0,511.0,GOOD SHEPHERD,,WDE3016,31,12,22,8,,57,A
367332950,2022-01-04T17:58:43,30.14577,-89.63650,5.5,68.0,511.0,GOOD SHEPHERD,,WDE3016,31,12,22,8,,57,A
367332950,2022-01-04T16:57:12,30.09988,-89.72347,5.0,59.0,511.0,GOOD SHEPHERD,,WDE3016,31,12,22,8,,57,A
367332950,2022-01-04T18:45:52,30.14740,-89.55145,5.3,76.0,511.0,GOOD SHEPHERD,,WDE3016,31,12,22,8,,57,A
367332950,2022-01-04T16:59:33,30.10162,-89.72025,5.0,62.0,511.0,GOOD SHEPHERD,,WDE3016,31,12,22,8,,57,A
367332950,2022-01-04T18:44:22,30.14702,-89.55397,5.5,82.0,511.0,GOOD SHEPHERD,,WDE3016,31,12,22,8,,57,A
367332950,2022-01-04T18:04:53,30.14622,-89.62600,5.3,104.0,511.0,GOOD SHEPHERD,,WDE3016,31,12,22,8,,57,A
367332950,2022-01-04T19:34:51,30.16460,-89.46377,6.2,78.0,511.0,GOOD SHEPHERD,,WDE3016,31,12,22,8,,57,A
367332950,2022-01-04T14:00:01,30.05772,-89.80202,0.0,139.0,511.0,GOOD SHEPHERD,,WDE3016,31,12,22,8,,57,A
367332950,2022-01-04T18:51:13,30.14892,-89.54218,5.6,77.0,511.0,GOOD SHEPHERD,,WDE3016,31,12,22,8,,57,A
367332950,2022-01-04T18:52:23,30.14945,-89.54015,5.7,71.0,511.0,GOOD SHEPHERD,,WDE3016,31,12,22,8,,57,A
367332950,2022-01-04T19:37:33,30.16600,-89.45878,6.2,72.0,511.0,GOOD SHEPHERD,,WDE3016,31,12,22,8,,57,A
367332950,2022-01-04T19:38:43,30.16658,-89.45655,6.1,65.0,511.0,GOOD SHEPHERD,,WDE3016,31,12,22,8,,57,A
367332950,2022-01-04T18:54:43,30.15025,-89.53608,5.6,79.0,511.0,GOOD SHEPHERD,,WDE3016,31,12,22,8,,57,A
367332950,2022-01-04T19:40:53,30.16760,-89.45253,6.2,70.0,511.0,GOOD SHEPHERD,,WDE3016,31,12,22,8,,57,A
367332950,2022-01-04T19:26:43,30.16132,-89.47895,6.0,74.0,511.0,GOOD SHEPHERD,,WDE3016,31,12,22,8,,57,A
367332950,2022-01-04T19:01:23,30.15288,-89.52435,5.8,75.0,511.0,GOOD SHEPHERD,,WDE3016,31,12,22,8,,57,A
367332950,2022-01-04T17:11:12,30.11073,-89.70348,5.7,53.0,511.0,GOOD SHEPHERD,,WDE3016,31,12,22,8,,57,A
367332950,2022-01-04T19:28:13,30.16203,-89.47617,6.0,69.0,511.0,GOOD SHEPHERD,,WDE3016,31,12,22,8,,57,A
367332950,2022-01-04T19:29:21,30.16258,-89.47413,6.0,78.0,511.0,GOOD SHEPHERD,,WDE3016,31,12,22,8,,57,A
367332950,2022-01-04T19:31:02,30.16332,-89.47102,6.1,72.0,511.0,GOOD SHEPHERD,,WDE3016,31,12,22,8,,57,A
367332950,2022-01-04T19:32:13,30.16358,-89.46880,5.9,84.0,511.0,GOOD SHEPHERD,,WDE3016,31,12,22,8,,57,A
367332950,2022-01-04T19:04:12,30.15388,-89.51925,5.6,81.0,511.0,GOOD SHEPHERD,,WDE3016,31,12,22,8,,57,A
367332950,2022-01-04T19:09:13,30.15532,-89.51045,5.7,77.0,511.0,GOOD SHEPHERD,,WDE3016,31,12,22,8,,57,A
367332950,2022-01-04T14:23:02,30.05772,-89.80202,0.0,139.0,511.0,GOOD SHEPHERD,,WDE3016,31,12,22,8,,57,A
367332950,2022-01-04T19:15:42,30.15760,-89.49885,5.8,81.0,511.0,GOOD SHEPHERD,,WDE3016,31,12,22,8,,57,A
367332950,2022-01-04T19:16:52,30.15775,-89.49672,5.7,84.0,511.0,GOOD SHEPHERD,,WDE3016,31,12,22,8,,57,A
367332950,2022-01-04T19:44:41,30.16958,-89.44527,6.2,73.0,511.0,GOOD SHEPHERD,,WDE3016,31,12,22,8,,57,A
367332950,2022-01-04T19:59:23,30.17598,-89.41868,5.6,74.0,511.0,GOOD SHEPHERD,,WDE3016,31,12,22,8,,57,A
367332950,2022-01-04T18:34:53,30.14510,-89.57102,5.8,83.0,511.0,GOOD SHEPHERD,,WDE3016,31,12,22,8,,57,A
367332950,2022-01-04T19:48:13,30.17148,-89.43878,5.8,79.0,511.0,GOOD SHEPHERD,,WDE3016,31,12,22,8,,57,A
367332950,2022-01-04T20:02:52,30.17760,-89.41257,5.7,75.0,511.0,GOOD SHEPHERD,,WDE3016,31,12,22,8,,57,A
367332950,2022-01-04T19:21:23,30.15888,-89.48852,5.7,73.0,511.0,GOOD SHEPHERD,,WDE3016,31,12,22,8,,57,A
367332950,2022-01-04T19:20:03,30.15837,-89.49092,5.6,72.0,511.0,GOOD SHEPHERD,,WDE3016,31,12,22,8,,57,A
367332950,2022-01-04T19:51:52,30.17275,-89.43222,6.0,75.0,511.0,GOOD SHEPHERD,,WDE3016,31,12,22,8,,57,A
367332950,2022-01-04T19:24:03,30.16003,-89.48378,5.8,72.0,511.0,GOOD SHEPHERD,,WDE3016,31,12,22,8,,57,A
367332950,2022-01-04T19:25:12,30.16058,-89.48175,5.9,71.0,511.0,GOOD SHEPHERD,,WDE3016,31,12,22,8,,57,A
367332950,2022-01-04T19:55:42,30.17468,-89.42522,5.8,72.0,511.0,GOOD SHEPHERD,,WDE3016,31,12,22,8,,57,A
367332950,2022-01-04T19:22:42,30.15957,-89.48625,5.8,72.0,511.0,GOOD SHEPHERD,,WDE3016,31,12,22,8,,57,A
367332950,2022-01-04T17:29:22,30.12397,-89.67828,5.1,59.0,511.0,GOOD SHEPHERD,,WDE3016,31,12,22,8,,57,A
367332950,2022-01-04T14:35:13,30.05772,-89.80200,0.0,139.0,511.0,GOOD SHEPHERD,,WDE3016,31,12,22,8,,57,A
367332950,2022-01-04T20:00:42,30.17662,-89.41635,5.7,77.0,511.0,GOOD SHEPHERD,,WDE3016,31,12,22,8,,57,A
367332950,2022-01-04T20:18:42,30.18192,-89.38607,5.1,89.0,511.0,GOOD SHEPHERD,,WDE3016,31,12,22,8,,57,A
367332950,2022-01-04T20:07:43,30.17975,-89.40427,5.6,74.0,511.0,GOOD SHEPHERD,,WDE3016,31,12,22,8,,57,A
367332950,2022-01-04T19:42:13,30.16828,-89.45000,6.3,74.0,511.0,GOOD SHEPHERD,,WDE3016,31,12,22,8,,57,A
367332950,2022-01-04T19:43:23,30.16888,-89.44775,6.3,75.0,511.0,GOOD SHEPHERD,,WDE3016,31,12,22,8,,57,A
367332950,2022-01-04T17:44:52,30.13510,-89.65692,5.1,56.0,511.0,GOOD SHEPHERD,,WDE3016,31,12,22,8,,57,A
367332950,2022-01-04T19:45:53,30.17005,-89.44295,6.2,77.0,511.0,GOOD SHEPHERD,,WDE3016,31,12,22,8,,57,A
367332950,2022-01-04T19:47:01,30.17077,-89.44085,6.2,63.0,511.0,GOOD SHEPHERD,,WDE3016,31,12,22,8,,57,A
367332950,2022-01-04T14:52:43,30.05770,-89.80200,0.0,139.0,511.0,GOOD SHEPHERD,,WDE3016,31,12,22,8,,57,A
367332950,2022-01-04T20:32:22,30.18145,-89.36578,4.5,94.0,511.0,GOOD SHEPHERD,,WDE3016,31,12,22,8,,57,A
367332950,2022-01-04T19:05:22,30.15412,-89.51718,5.5,86.0,511.0,GOOD SHEPHERD,,WDE3016,31,12,22,8,,57,A
367332950,2022-01-04T19:49:31,30.17170,-89.43638,5.7,73.0,511.0,GOOD SHEPHERD,,WDE3016,31,12,22,8,,57,A
367332950,2022-01-04T19:50:41,30.17215,-89.43435,5.8,75.0,511.0,GOOD SHEPHERD,,WDE3016,31,12,22,8,,57,A
367332950,2022-01-04T20:37:12,30.18120,-89.35855,4.6,85.0,511.0,GOOD SHEPHERD,,WDE3016,31,12,22,8,,57,A
367332950,2022-01-04T15:01:12,30.05772,-89.80202,0.0,139.0,511.0,GOOD SHEPHERD,,WDE3016,31,12,22,8,,57,A
367332950,2022-01-04T19:53:02,30.17328,-89.43003,6.1,71.0,511.0,GOOD SHEPHERD,,WDE3016,31,12,22,8,,57,A
367332950,2022-01-04T19:10:23,30.15588,-89.50840,5.7,67.0,511.0,GOOD SHEPHERD,,WDE3016,31,12,22,8,,57,A
367332950,2022-01-04T19:57:03,30.17510,-89.42277,5.8,75.0,511.0,GOOD SHEPHERD,,WDE3016,31,12,22,8,,57,A
367332950,2022-01-04T20:39:33,30.18103,-89.35512,4.8,96.0,511.0,GOOD SHEPHERD,,WDE3016,31,12,22,8,,57,A
367332950,2022-01-04T19:11:52,30.15645,-89.50582,5.7,75.0,511.0,GOOD SHEPHERD,,WDE3016,31,12,22,8,,57,A
367332950,2022-01-04T19:13:52,30.15725,-89.50218,5.7,78.0,511.0,GOOD SHEPHERD,,WDE3016,31,12,22,8,,57,A
367332950,2022-01-04T19:54:33,30.17392,-89.42722,6.0,70.0,511.0,GOOD SHEPHERD,,WDE3016,31,12,22,8,,57,A
367332950,2022-01-04T15:03:42,30.05772,-89.80202,0.0,139.0,511.0,GOOD SHEPHERD,,WDE3016,31,12,22,8,,57,A
367332950,2022-01-04T18:00:13,30.14645,-89.63405,5.4,74.0,511.0,GOOD SHEPHERD,,WDE3016,31,12,22,8,,57,A
367332950,2022-01-04T18:03:52,30.14650,-89.62772,5.4,99.0,511.0,GOOD SHEPHERD,,WDE3016,31,12,22,8,,57,A
367332950,2022-01-04T20:04:21,30.17840,-89.41007,5.7,72.0,511.0,GOOD SHEPHERD,,WDE3016,31,12,22,8,,57,A
367332950,2022-01-04T18:07:12,30.14570,-89.62218,5.3,98.0,511.0,GOOD SHEPHERD,,WDE3016,31,12,22,8,,57,A
367332950,2022-01-04T18:08:13,30.14543,-89.62047,5.4,100.0,511.0,GOOD SHEPHERD,,WDE3016,31,12,22,8,,57,A
367332950,2022-01-04T19:18:52,30.15813,-89.49305,5.8,83.0,511.0,GOOD SHEPHERD,,WDE3016,31,12,22,8,,57,A
367332950,2022-01-04T18:12:01,30.14473,-89.61365,5.8,98.0,511.0,GOOD SHEPHERD,,WDE3016,31,12,22,8,,57,A
367332950,2022-01-04T20:10:32,30.18048,-89.39948,5.4,78.0,511.0,GOOD SHEPHERD,,WDE3016,31,12,22,8,,57,A
367332950,2022-01-04T20:43:02,30.18070,-89.34977,4.7,89.0,511.0,GOOD SHEPHERD,,WDE3016,31,12,22,8,,57,A
367332950,2022-01-04T15:12:03,30.05772,-89.80202,0.0,132.0,511.0,GOOD SHEPHERD,,WDE3016,31,12,22,8,,57,A
367332950,2022-01-04T20:45:32,30.18048,-89.34600,4.8,92.0,511.0,GOOD SHEPHERD,,WDE3016,31,12,22,8,,57,A
367332950,2022-01-04T20:14:43,30.18135,-89.39258,5.3,73.0,511.0,GOOD SHEPHERD,,WDE3016,31,12,22,8,,57,A
367332950,2022-01-04T15:14:13,30.05772,-89.80202,0.0,132.0,511.0,GOOD SHEPHERD,,WDE3016,31,12,22,8,,57,A
367332950,2022-01-04T20:16:02,30.18175,-89.39043,5.2,81.0,511.0,GOOD SHEPHERD,,WDE3016,31,12,22,8,,57,A
367332950,2022-01-04T21:01:12,30.18068,-89.32337,4.3,96.0,511.0,GOOD SHEPHERD,,WDE3016,31,12,22,8,,57,A
367332950,2022-01-04T20:48:03,30.18030,-89.34222,4.8,95.0,511.0,GOOD SHEPHERD,,WDE3016,31,12,22,8,,57,A
367332950,2022-01-04T18:16:01,30.14398,-89.60627,5.8,93.0,511.0,GOOD SHEPHERD,,WDE3016,31,12,22,8,,57,A
367332950,2022-01-04T20:17:41,30.18190,-89.38770,5.1,88.0,511.0,GOOD SHEPHERD,,WDE3016,31,12,22,8,,57,A
367332950,2022-01-04T20:13:13,30.18083,-89.39502,5.2,85.0,511.0,GOOD SHEPHERD,,WDE3016,31,12,22,8,,57,A
367332950,2022-01-04T20:23:21,30.18175,-89.37882,4.7,91.0,511.0,GOOD SHEPHERD,,WDE3016,31,12,22,8,,57,A
367332950,2022-01-04T20:21:03,30.18183,-89.38232,4.9,91.0,511.0,GOOD SHEPHERD,,WDE3016,31,12,22,8,,57,A
367332950,2022-01-04T18:19:42,30.14345,-89.59940,5.8,95.0,511.0,GOOD SHEPHERD,,WDE3016,31,12,22,8,,57,A
367332950,2022-01-04T20:58:33,30.18048,-89.32700,4.4,89.0,511.0,GOOD SHEPHERD,,WDE3016,31,12,22,8,,57,A
367332950,2022-01-04T18:23:33,30.14298,-89.59217,6.0,83.0,511.0,GOOD SHEPHERD,,WDE3016,31,12,22,8,,57,A
367332950,2022-01-04T20:25:43,30.18175,-89.37535,4.6,92.0,511.0,GOOD SHEPHERD,,WDE3016,31,12,22,8,,57,A
367332950,2022-01-04T21:15:52,30.18113,-89.30397,4.6,72.0,511.0,GOOD SHEPHERD,,WDE3016,31,12,22,8,,57,A
367332950,2022-01-04T21:07:23,30.18042,-89.31535,4.2,98.0,511.0,GOOD SHEPHERD,,WDE3016,31,12,22,8,,57,A
367332950,2022-01-04T20:34:42,30.18132,-89.36235,4.7,92.0,511.0,GOOD SHEPHERD,,WDE3016,31,12,22,8,,57,A
367332950,2022-01-04T21:21:41,30.18433,-89.29662,4.8,52.0,511.0,GOOD SHEPHERD,,WDE3016,31,12,22,8,,57,A
367332950,2022-01-04T20:35:51,30.18120,-89.36060,4.7,97.0,511.0,GOOD SHEPHERD,,WDE3016,31,12,22,8,,57,A
367332950,2022-01-04T15:30:12,30.05772,-89.80202,0.0,145.0,511.0,GOOD SHEPHERD,,WDE3016,31,12,22,8,,57,A
367332950,2022-01-04T18:32:23,30.14463,-89.57560,5.8,83.0,511.0,GOOD SHEPHERD,,WDE3016,31,12,22,8,,57,A
367332950,2022-01-04T18:33:31,30.14483,-89.57357,5.8,85.0,511.0,GOOD SHEPHERD,,WDE3016,31,12,22,8,,57,A
367332950,2022-01-04T20:44:13,30.18060,-89.34800,4.7,101.0,511.0,GOOD SHEPHERD,,WDE3016,31,12,22,8,,57,A
367332950,2022-01-04T15:35:33,30.05775,-89.80202,0.0,350.0,511.0,GOOD SHEPHERD,,WDE3016,31,12,22,8,,57,A
367332950,2022-01-04T18:39:43,30.14618,-89.56220,5.7,82.0,511.0,GOOD SHEPHERD,,WDE3016,31,12,22,8,,57,A
367332950,2022-01-04T21:26:02,30.18753,-89.29112,4.8,56.0,511.0,GOOD SHEPHERD,,WDE3016,31,12,22,8,,57,A
367332950,2022-01-04T15:39:21,30.05775,-89.80203,0.0,350.0,511.0,GOOD SHEPHERD,,WDE3016,31,12,22,8,,57,A
367332950,2022-01-04T20:46:52,30.18040,-89.34397,4.8,93.0,511.0,GOOD SHEPHERD,,WDE3016,31,12,22,8,,57,A
367332950,2022-01-04T21:20:13,30.18312,-89.29835,4.6,50.0,511.0,GOOD SHEPHERD,,WDE3016,31,12,22,8,,57,A
367332950,2022-01-04T20:53:52,30.18040,-89.33357,4.3,82.0,511.0,GOOD SHEPHERD,,WDE3016,31,12,22,8,,57,A
367332950,2022-01-04T20:49:13,30.18020,-89.34037,4.8,94.0,511.0,GOOD SHEPHERD,,WDE3016,31,12,22,8,,57,A
367332950,2022-01-04T20:01:43,30.17700,-89.41462,5.7,68.0,511.0,GOOD SHEPHERD,,WDE3016,31,12,22,8,,57,A
367332950,2022-01-04T21:24:21,30.18617,-89.29318,4.7,52.0,511.0,GOOD SHEPHERD,,WDE3016,31,12,22,8,,57,A
367332950,2022-01-04T20:51:31,30.18010,-89.33688,4.7,92.0,511.0,GOOD SHEPHERD,,WDE3016,31,12,22,8,,57,A
367332950,2022-01-04T21:36:12,30.19507,-89.27847,4.7,59.0,511.0,GOOD SHEPHERD,,WDE3016,31,12,22,8,,57,A
367332950,2022-01-04T18:47:22,30.14783,-89.54890,5.5,78.0,511.0,GOOD SHEPHERD,,WDE3016,31,12,22,8,,57,A
367332950,2022-01-04T20:52:42,30.18018,-89.33522,4.4,87.0,511.0,GOOD SHEPHERD,,WDE3016,31,12,22,8,,57,A
367332950,2022-01-04T20:55:02,30.18047,-89.33198,4.4,86.0,511.0,GOOD SHEPHERD,,WDE3016,31,12,22,8,,57,A
367332950,2022-01-04T20:56:12,30.18050,-89.33033,4.4,89.0,511.0,GOOD SHEPHERD,,WDE3016,31,12,22,8,,57,A
367332950,2022-01-04T21:02:13,30.18070,-89.32200,4.2,78.0,511.0,GOOD SHEPHERD,,WDE3016,31,12,22,8,,57,A
367332950,2022-01-04T21:03:22,30.18088,-89.32053,3.9,94.0,511.0,GOOD SHEPHERD,,WDE3016,31,12,22,8,,57,A
367332950,2022-01-04T21:44:23,30.20067,-89.26823,4.6,51.0,511.0,GOOD SHEPHERD,,WDE3016,31,12,22,8,,57,A
367332950,2022-01-04T15:49:22,30.05768,-89.80198,0.1,142.0,511.0,GOOD SHEPHERD,,WDE3016,31,12,22,8,,57,A
367332950,2022-01-04T21:06:12,30.18060,-89.31688,4.1,89.0,511.0,GOOD SHEPHERD,,WDE3016,31,12,22,8,,57,A
367332950,2022-01-04T20:59:42,30.18073,-89.32537,4.2,79.0,511.0,GOOD SHEPHERD,,WDE3016,31,12,22,8,,57,A
367332950,2022-01-04T21:00:02,30.18077,-89.32497,4.2,85.0,511.0,GOOD SHEPHERD,,WDE3016,31,12,22,8,,57,A
367332950,2022-01-04T21:49:02,30.20363,-89.26273,3.9,54.0,511.0,GOOD SHEPHERD,,WDE3016,31,12,22,8,,57,A
367332950,2022-01-04T15:56:22,30.05738,-89.80150,3.5,64.0,511.0,GOOD SHEPHERD,,WDE3016,31,12,22,8,,57,A
367332950,2022-01-04T18:59:31,30.15212,-89.52757,5.8,72.0,511.0,GOOD SHEPHERD,,WDE3016,31,12,22,8,,57,A
367332950,2022-01-04T21:14:43,30.18058,-89.30552,4.3,66.0,511.0,GOOD SHEPHERD,,WDE3016,31,12,22,8,,57,A
367332950,2022-01-04T19:00:01,30.15235,-89.52672,5.8,72.0,511.0,GOOD SHEPHERD,,WDE3016,31,12,22,8,,57,A
367332950,2022-01-04T21:53:43,30.20703,-89.25728,4.4,58.0,511.0,GOOD SHEPHERD,,WDE3016,31,12,22,8,,57,A
367332950,2022-01-04T20:22:13,30.18183,-89.38058,4.7,91.0,511.0,GOOD SHEPHERD,,WDE3016,31,12,22,8,,57,A
367332950,2022-01-04T20:24:32,30.18180,-89.37710,4.6,85.0,511.0,GOOD SHEPHERD,,WDE3016,31,12,22,8,,57,A
367332950,2022-01-04T21:10:53,30.18048,-89.31067,4.4,78.0,511.0,GOOD SHEPHERD,,WDE3016,31,12,22,8,,57,A
367332950,2022-01-04T21:09:42,30.18032,-89.31230,4.2,93.0,511.0,GOOD SHEPHERD,,WDE3016,31,12,22,8,,57,A
367332950,2022-01-04T21:13:32,30.18032,-89.30707,4.3,89.0,511.0,GOOD SHEPHERD,,WDE3016,31,12,22,8,,57,A
367332950,2022-01-04T22:05:11,30.21488,-89.24438,4.5,60.0,511.0,GOOD SHEPHERD,,WDE3016,31,12,22,8,,57,A
367332950,2022-01-04T16:11:02,30.06810,-89.78195,4.5,64.0,511.0,GOOD SHEPHERD,,WDE3016,31,12,22,8,,57,A
367332950,2022-01-04T21:19:03,30.18225,-89.29968,4.3,50.0,511.0,GOOD SHEPHERD,,WDE3016,31,12,22,8,,57,A
367332950,2022-01-04T21:22:51,30.18522,-89.29513,4.8,60.0,511.0,GOOD SHEPHERD,,WDE3016,31,12,22,8,,57,A
367332950,2022-01-04T21:33:22,30.19303,-89.28208,4.7,51.0,511.0,GOOD SHEPHERD,,WDE3016,31,12,22,8,,57,A
367332950,2022-01-04T20:38:22,30.18122,-89.35685,4.7,89.0,511.0,GOOD SHEPHERD,,WDE3016,31,12,22,8,,57,A
367332950,2022-01-04T21:37:32,30.19597,-89.27678,4.7,60.0,511.0,GOOD SHEPHERD,,WDE3016,31,12,22,8,,57,A
367332950,2022-01-04T22:16:32,30.22297,-89.23050,4.6,48.0,511.0,GOOD SHEPHERD,,WDE3016,31,12,22,8,,57,A
367332950,2022-01-04T21:27:12,30.18842,-89.28965,4.9,52.0,511.0,GOOD SHEPHERD,,WDE3016,31,12,22,8,,57,A
367332950,2022-01-04T22:25:32,30.22982,-89.22002,4.6,54.0,511.0,GOOD SHEPHERD,,WDE3016,31,12,22,8,,57,A
367332950,2022-01-04T22:26:51,30.23078,-89.21847,4.6,45.0,511.0,GOOD SHEPHERD,,WDE3016,31,12,22,8,,57,A
367332950,2022-01-04T22:28:03,30.23173,-89.21715,4.5,55.0,511.0,GOOD SHEPHERD,,WDE3016,31,12,22,8,,57,A
367332950,2022-01-04T22:18:53,30.22483,-89.22777,4.5,57.0,511.0,GOOD SHEPHERD,,WDE3016,31,12,22,8,,57,A
367332950,2022-01-04T22:30:51,30.23405,-89.21413,4.5,44.0,511.0,GOOD SHEPHERD,,WDE3016,31,12,22,8,,57,A
367332950,2022-01-04T21:57:11,30.20912,-89.25365,4.2,56.0,511.0,GOOD SHEPHERD,,WDE3016,31,12,22,8,,57,A
367332950,2022-01-04T21:38:42,30.19673,-89.27528,4.6,51.0,511.0,GOOD SHEPHERD,,WDE3016,31,12,22,8,,57,A
367332950,2022-01-04T21:40:52,30.19823,-89.27263,4.6,56.0,511.0,GOOD SHEPHERD,,WDE3016,31,12,22,8,,57,A
367332950,2022-01-04T16:32:42,30.08273,-89.75527,4.5,54.0,511.0,GOOD SHEPHERD,,WDE3016,31,12,22,8,,57,A
367332950,2022-01-04T21:59:33,30.21090,-89.25100,4.5,54.0,511.0,GOOD SHEPHERD,,WDE3016,31,12,22,8,,57,A
367332950,2022-01-04T21:45:31,30.20150,-89.26688,4.6,53.0,511.0,GOOD SHEPHERD,,WDE3016,31,12,22,8,,57,A
367332950,2022-01-04T21:42:02,30.19902,-89.27112,4.6,59.0,511.0,GOOD SHEPHERD,,WDE3016,31,12,22,8,,57,A
367332950,2022-01-04T22:29:12,30.23263,-89.21585,4.5,44.0,511.0,GOOD SHEPHERD,,WDE3016,31,12,22,8,,57,A
367332950,2022-01-04T22:40:11,30.24127,-89.20387,4.5,55.0,511.0,GOOD SHEPHERD,,WDE3016,31,12,22,8,,57,A
367332950,2022-01-04T21:46:42,30.20223,-89.26537,4.5,56.0,511.0,GOOD SHEPHERD,,WDE3016,31,12,22,8,,57,A
367332950,2022-01-04T21:05:02,30.18047,-89.31842,4.1,97.0,511.0,GOOD SHEPHERD,,WDE3016,31,12,22,8,,57,A
367332950,2022-01-04T19:33:33,30.16408,-89.46627,6.1,74.0,511.0,GOOD SHEPHERD,,WDE3016,31,12,22,8,,57,A
367332950,2022-01-04T21:51:33,30.20558,-89.26000,4.8,50.0,511.0,GOOD SHEPHERD,,WDE3016,31,12,22,8,,57,A
367332950,2022-01-04T21:50:13,30.20445,-89.26150,4.5,49.0,511.0,GOOD SHEPHERD,,WDE3016,31,12,22,8,,57,A
367332950,2022-01-04T19:39:51,30.16708,-89.45443,6.1,80.0,511.0,GOOD SHEPHERD,,WDE3016,31,12,22,8,,57,A
367332950,2022-01-04T21:52:42,30.20638,-89.25857,4.6,55.0,511.0,GOOD SHEPHERD,,WDE3016,31,12,22,8,,57,A
367332950,2022-01-04T22:14:41,30.22145,-89.23260,4.6,51.0,511.0,GOOD SHEPHERD,,WDE3016,31,12,22,8,,57,A
367332950,2022-01-04T21:17:13,30.18150,-89.30200,4.7,81.0,511.0,GOOD SHEPHERD,,WDE3016,31,12,22,8,,57,A
367332950,2022-01-04T22:46:11,30.24625,-89.19725,4.5,53.0,511.0,GOOD SHEPHERD,,WDE3016,31,12,22,8,,57,A
367332950,2022-01-04T22:00:02,30.21120,-89.25040,4.4,63.0,511.0,GOOD SHEPHERD,,WDE3016,31,12,22,8,,57,A
367332950,2022-01-04T22:58:02,30.25658,-89.18442,4.6,49.0,511.0,GOOD SHEPHERD,,WDE3016,31,12,22,8,,57,A
367332950,2022-01-04T22:20:13,30.22578,-89.22622,4.5,50.0,511.0,GOOD SHEPHERD,,WDE3016,31,12,22,8,,57,A
367332950,2022-01-04T22:04:02,30.21405,-89.24575,4.5,48.0,511.0,GOOD SHEPHERD,,WDE3016,31,12,22,8,,57,A
367332950,2022-01-04T23:00:02,30.25830,-89.18217,4.7,47.0,511.0,GOOD SHEPHERD,,WDE3016,31,12,22,8,,57,A
367332950,2022-01-04T22:06:12,30.21562,-89.24315,4.6,55.0,511.0,GOOD SHEPHERD,,WDE3016,31,12,22,8,,57,A
367332950,2022-01-04T22:07:23,30.21630,-89.24165,4.6,59.0,511.0,GOOD SHEPHERD,,WDE3016,31,12,22,8,,57,A
367332950,2022-01-04T23:03:33,30.26133,-89.17812,4.8,49.0,511.0,GOOD SHEPHERD,,WDE3016,31,12,22,8,,57,A
367332950,2022-01-04T22:10:52,30.21872,-89.23725,4.5,62.0,511.0,GOOD SHEPHERD,,WDE3016,31,12,22,8,,57,A
367332950,2022-01-04T22:12:11,30.21968,-89.23565,4.6,59.0,511.0,GOOD SHEPHERD,,WDE3016,31,12,22,8,,57,A
367332950,2022-01-04T16:51:13,30.09547,-89.73155,4.8,58.0,511.0,GOOD SHEPHERD,,WDE3016,31,12,22,8,,57,A
367332950,2022-01-04T22:08:31,30.21713,-89.24022,4.6,57.0,511.0,GOOD SHEPHERD,,WDE3016,31,12,22,8,,57,A
367332950,2022-01-04T21:31:22,30.19148,-89.28448,4.7,43.0,511.0,GOOD SHEPHERD,,WDE3016,31,12,22,8,,57,A
367332950,2022-01-04T23:04:43,30.26233,-89.17675,4.8,50.0,511.0,GOOD SHEPHERD,,WDE3016,31,12,22,8,,57,A
367332950,2022-01-04T23:15:13,30.27008,-89.16403,4.5,52.0,511.0,GOOD SHEPHERD,,WDE3016,31,12,22,8,,57,A
367332950,2022-01-04T22:36:52,30.23885,-89.20772,4.5,49.0,511.0,GOOD SHEPHERD,,WDE3016,31,12,22,8,,57,A
367332950,2022-01-04T22:17:41,30.22393,-89.22915,4.6,48.0,511.0,GOOD SHEPHERD,,WDE3016,31,12,22,8,,57,A
367332950,2022-01-04T22:22:33,30.22765,-89.22352,4.6,49.0,511.0,GOOD SHEPHERD,,WDE3016,31,12,22,8,,57,A
367332950,2022-01-04T16:58:23,30.10082,-89.72185,5.1,55.0,511.0,GOOD SHEPHERD,,WDE3016,31,12,22,8,,57,A
367332950,2022-01-04T22:41:23,30.24208,-89.20243,4.5,54.0,511.0,GOOD SHEPHERD,,WDE3016,31,12,22,8,,57,A
367332950,2022-01-04T23:23:31,30.27605,-89.15393,4.6,59.0,511.0,GOOD SHEPHERD,,WDE3016,31,12,22,8,,57,A
367332950,2022-01-04T23:24:41,30.27687,-89.15250,4.5,59.0,511.0,GOOD SHEPHERD,,WDE3016,31,12,22,8,,57,A
367332950,2022-01-04T21:47:52,30.20300,-89.26403,4.1,58.0,511.0,GOOD SHEPHERD,,WDE3016,31,12,22,8,,57,A
367332950,2022-01-04T20:06:02,30.17912,-89.40718,5.6,66.0,511.0,GOOD SHEPHERD,,WDE3016,31,12,22,8,,57,A
367332950,2022-01-04T22:34:13,30.23675,-89.21060,4.3,50.0,511.0,GOOD SHEPHERD,,WDE3016,31,12,22,8,,57,A
367332950,2022-01-04T23:31:53,30.27848,-89.14247,4.4,90.0,511.0,GOOD SHEPHERD,,WDE3016,31,12,22,8,,57,A
367332950,2022-01-04T20:08:52,30.18028,-89.40235,5.3,78.0,511.0,GOOD SHEPHERD,,WDE3016,31,12,22,8,,57,A
367332950,2022-01-04T17:01:33,30.10302,-89.71738,5.1,58.0,511.0,GOOD SHEPHERD,,WDE3016,31,12,22,8,,57,A
367332950,2022-01-04T22:49:43,30.24932,-89.19345,4.7,40.0,511.0,GOOD SHEPHERD,,WDE3016,31,12,22,8,,57,A
367332950,2022-01-04T23:35:32,30.27848,-89.13718,4.5,89.0,511.0,GOOD SHEPHERD,,WDE3016,31,12,22,8,,57,A
367332950,2022-01-04T20:11:43,30.18078,-89.39757,5.3,85.0,511.0,GOOD SHEPHERD,,WDE3016,31,12,22,8,,57,A
367332950,2022-01-04T23:36:43,30.27845,-89.13548,4.5,91.0,511.0,GOOD SHEPHERD,,WDE3016,31,12,22,8,,57,A
367332950,2022-01-04T21:56:02,30.20847,-89.25488,4.1,45.0,511.0,GOOD SHEPHERD,,WDE3016,31,12,22,8,,57,A
367332950,2022-01-04T22:54:42,30.25393,-89.18818,4.7,44.0,511.0,GOOD SHEPHERD,,WDE3016,31,12,22,8,,57,A
367332950,2022-01-04T17:10:03,30.10963,-89.70522,5.7,56.0,511.0,GOOD SHEPHERD,,WDE3016,31,12,22,8,,57,A
367332950,2022-01-04T22:48:31,30.24822,-89.19472,4.6,50.0,511.0,GOOD SHEPHERD,,WDE3016,31,12,22,8,,57,A
367332950,2022-01-04T23:47:42,30.27795,-89.11952,4.6,95.0,511.0,GOOD SHEPHERD,,WDE3016,31,12,22,8,,57,A
367332950,2022-01-04T17:12:22,30.11172,-89.70170,5.7,59.0,511.0,GOOD SHEPHERD,,WDE3016,31,12,22,8,,57,A
367332950,2022-01-04T23:48:52,30.27787,-89.11783,4.6,93.0,511.0,GOOD SHEPHERD,,WDE3016,31,12,22,8,,57,A
367332950,2022-01-04T22:09:41,30.21793,-89.23875,4.7,58.0,511.0,GOOD SHEPHERD,,WDE3016,31,12,22,8,,57,A
367332950,2022-01-04T20:27:12,30.18175,-89.37318,4.6,92.0,511.0,GOOD SHEPHERD,,WDE3016,31,12,22,8,,57,A
367332950,2022-01-04T22:53:21,30.25277,-89.18965,4.7,44.0,511.0,GOOD SHEPHERD,,WDE3016,31,12,22,8,,57,A
367332950,2022-01-04T17:15:53,30.11447,-89.69637,4.9,58.0,511.0,GOOD SHEPHERD,,WDE3016,31,12,22,8,,57,A
367332950,2022-01-04T23:09:12,30.26595,-89.17138,4.7,50.0,511.0,GOOD SHEPHERD,,WDE3016,31,12,22,8,,57,A
367332950,2022-01-04T23:41:51,30.27807,-89.12798,4.5,94.0,511.0,GOOD SHEPHERD,,WDE3016,31,12,22,8,,57,A
367332950,2022-01-04T23:42:52,30.27808,-89.12657,4.5,82.0,511.0,GOOD SHEPHERD,,WDE3016,31,12,22,8,,57,A
367332950,2022-01-04T23:10:32,30.26700,-89.16972,4.7,57.0,511.0,GOOD SHEPHERD,,WDE3016,31,12,22,8,,57,A
367332950,2022-01-04T23:12:52,30.26883,-89.16703,4.4,59.0,511.0,GOOD SHEPHERD,,WDE3016,31,12,22,8,,57,A
367332950,2022-01-04T23:59:33,30.27778,-89.10252,4.6,86.0,511.0,GOOD SHEPHERD,,WDE3016,31,12,22,8,,57,A
367332950,2022-01-04T20:33:33,30.18138,-89.36405,4.6,92.0,511.0,GOOD SHEPHERD,,WDE3016,31,12,22,8,,57,A
367332950,2022-01-04T22:50:52,30.25038,-89.19227,4.7,45.0,511.0,GOOD SHEPHERD,,WDE3016,31,12,22,8,,57,A
367332950,2022-01-04T23:14:02,30.26938,-89.16552,4.5,69.0,511.0,GOOD SHEPHERD,,WDE3016,31,12,22,8,,57,A
367332950,2022-01-04T17:20:32,30.11770,-89.69030,4.8,60.0,511.0,GOOD SHEPHERD,,WDE3016,31,12,22,8,,57,A
367332950,2022-01-04T23:01:12,30.25932,-89.18087,4.8,47.0,511.0,GOOD SHEPHERD,,WDE3016,31,12,22,8,,57,A
367332950,2022-01-04T22:56:52,30.25560,-89.18570,4.6,49.0,511.0,GOOD SHEPHERD,,WDE3016,31,12,22,8,,57,A
367332950,2022-01-04T23:21:12,30.27435,-89.15677,4.7,53.0,511.0,GOOD SHEPHERD,,WDE3016,31,12,22,8,,57,A
367332950,2022-01-04T23:08:11,30.26515,-89.17253,4.7,55.0,511.0,GOOD SHEPHERD,,WDE3016,31,12,22,8,,57,A
367332950,2022-01-04T20:40:42,30.18092,-89.35335,4.8,98.0,511.0,GOOD SHEPHERD,,WDE3016,31,12,22,8,,57,A
367332950,2022-01-04T23:58:22,30.27783,-89.10418,4.6,92.0,511.0,GOOD SHEPHERD,,WDE3016,31,12,22,8,,57,A
367332950,2022-01-04T17:30:51,30.12507,-89.67622,5.0,58.0,511.0,GOOD SHEPHERD,,WDE3016,31,12,22,8,,57,A
367332950,2022-01-04T22:32:02,30.23503,-89.21285,4.4,43.0,511.0,GOOD SHEPHERD,,WDE3016,31,12,22,8,,57,A
367332950,2022-01-04T22:33:12,30.23597,-89.21167,4.3,51.0,511.0,GOOD SHEPHERD,,WDE3016,31,12,22,8,,57,A
367332950,2022-01-04T17:33:22,30.12678,-89.67282,5.0,59.0,511.0,GOOD SHEPHERD,,WDE3016,31,12,22,8,,57,A
367332950,2022-01-04T17:34:32,30.12758,-89.67115,5.0,60.0,511.0,GOOD SHEPHERD,,WDE3016,31,12,22,8,,57,A
367332950,2022-01-04T23:20:02,30.27340,-89.15818,4.7,52.0,511.0,GOOD SHEPHERD,,WDE3016,31,12,22,8,,57,A
367332950,2022-01-04T22:39:01,30.24038,-89.20523,4.5,52.0,511.0,GOOD SHEPHERD,,WDE3016,31,12,22,8,,57,A
367332950,2022-01-04T23:22:22,30.27528,-89.15540,4.5,57.0,511.0,GOOD SHEPHERD,,WDE3016,31,12,22,8,,57,A
367332950,2022-01-04T20:50:21,30.18017,-89.33860,4.7,91.0,511.0,GOOD SHEPHERD,,WDE3016,31,12,22,8,,57,A
367332950,2022-01-04T23:40:42,30.27820,-89.12968,4.6,93.0,511.0,GOOD SHEPHERD,,WDE3016,31,12,22,8,,57,A
367332950,2022-01-04T22:42:32,30.24312,-89.20118,4.5,49.0,511.0,GOOD SHEPHERD,,WDE3016,31,12,22,8,,57,A
367332950,2022-01-04T23:16:22,30.27078,-89.16258,4.6,63.0,511.0,GOOD SHEPHERD,,WDE3016,31,12,22,8,,57,A
367332950,2022-01-04T22:43:53,30.24422,-89.19965,4.6,46.0,511.0,GOOD SHEPHERD,,WDE3016,31,12,22,8,,57,A
367332950,2022-01-04T17:41:33,30.13272,-89.66152,5.0,63.0,511.0,GOOD SHEPHERD,,WDE3016,31,12,22,8,,57,A
367332950,2022-01-04T23:29:21,30.27838,-89.14603,4.5,76.0,511.0,GOOD SHEPHERD,,WDE3016,31,12,22,8,,57,A
367332950,2022-01-04T17:42:42,30.13350,-89.65987,5.0,58.0,511.0,GOOD SHEPHERD,,WDE3016,31,12,22,8,,57,A
367332950,2022-01-04T22:47:23,30.24727,-89.19593,4.6,44.0,511.0,GOOD SHEPHERD,,WDE3016,31,12,22,8,,57,A
367332950,2022-01-04T23:30:52,30.27855,-89.14387,4.4,92.0,511.0,GOOD SHEPHERD,,WDE3016,31,12,22,8,,57,A
367332950,2022-01-04T20:57:22,30.18052,-89.32867,4.4,92.0,511.0,GOOD SHEPHERD,,WDE3016,31,12,22,8,,57,A
367332950,2022-01-04T23:28:13,30.27815,-89.14770,4.5,76.0,511.0,GOOD SHEPHERD,,WDE3016,31,12,22,8,,57,A
367332950,2022-01-04T23:44:03,30.27810,-89.12490,4.5,94.0,511.0,GOOD SHEPHERD,,WDE3016,31,12,22,8,,57,A
367332950,2022-01-04T23:33:02,30.27852,-89.14080,4.5,87.0,511.0,GOOD SHEPHERD,,WDE3016,31,12,22,8,,57,A
367332950,2022-01-04T22:59:22,30.25770,-89.18292,4.7,50.0,511.0,GOOD SHEPHERD,,WDE3016,31,12,22,8,,57,A
367332950,2022-01-04T23:34:21,30.27848,-89.13890,4.5,95.0,511.0,GOOD SHEPHERD,,WDE3016,31,12,22,8,,57,A
367332950,2022-01-04T23:02:22,30.26037,-89.17948,4.8,50.0,511.0,GOOD SHEPHERD,,WDE3016,31,12,22,8,,57,A
367332950,2022-01-04T23:39:02,30.27828,-89.13213,4.5,94.0,511.0,GOOD SHEPHERD,,WDE3016,31,12,22,8,,57,A
367332950,2022-01-04T21:08:31,30.18040,-89.31385,4.0,91.0,511.0,GOOD SHEPHERD,,WDE3016,31,12,22,8,,57,A
367332950,2022-01-04T23:05:53,30.26335,-89.17535,4.7,49.0,511.0,GOOD SHEPHERD,,WDE3016,31,12,22,8,,57,A
367332950,2022-01-04T23:51:22,30.27758,-89.11428,4.3,85.0,511.0,GOOD SHEPHERD,,WDE3016,31,12,22,8,,57,A
367332950,2022-01-04T18:01:22,30.14672,-89.63210,5.4,85.0,511.0,GOOD SHEPHERD,,WDE3016,31,12,22,8,,57,A
367332950,2022-01-04T23:45:13,30.27805,-89.12317,4.5,91.0,511.0,GOOD SHEPHERD,,WDE3016,31,12,22,8,,57,A
367332950,2022-01-04T23:54:53,30.27783,-89.10932,4.5,84.0,511.0,GOOD SHEPHERD,,WDE3016,31,12,22,8,,57,A
367332950,2022-01-04T23:11:41,30.26787,-89.16832,4.7,48.0,511.0,GOOD SHEPHERD,,WDE3016,31,12,22,8,,57,A
367332950,2022-01-04T23:18:42,30.27250,-89.15983,4.6,59.0,511.0,GOOD SHEPHERD,,WDE3016,31,12,22,8,,57,A
367332950,2022-01-04T23:57:12,30.27780,-89.10595,4.6,88.0,511.0,GOOD SHEPHERD,,WDE3016,31,12,22,8,,57,A
367332950,2022-01-04T18:17:13,30.14383,-89.60400,5.9,90.0,511.0,GOOD SHEPHERD,,WDE3016,31,12,22,8,,57,A
367332950,2022-01-04T18:22:12,30.14295,-89.59472,5.9,97.0,511.0,GOOD SHEPHERD,,WDE3016,31,12,22,8,,57,A
367332950,2022-01-04T18:24:42,30.14315,-89.59000,6.0,88.0,511.0,GOOD SHEPHERD,,WDE3016,31,12,22,8,,57,A
367332950,2022-01-04T21:39:43,30.19745,-89.27403,4.6,58.0,511.0,GOOD SHEPHERD,,WDE3016,31,12,22,8,,57,A
367332950,2022-01-04T21:43:11,30.19987,-89.26968,4.6,58.0,511.0,GOOD SHEPHERD,,WDE3016,31,12,22,8,,57,A
367332950,2022-01-04T21:58:12,30.20995,-89.25255,4.5,49.0,511.0,GOOD SHEPHERD,,WDE3016,31,12,22,8,,57,A
367332950,2022-01-04T18:56:03,30.15072,-89.53373,5.7,71.0,511.0,GOOD SHEPHERD,,WDE3016,31,12,22,8,,57,A
367332950,2022-01-04T18:58:23,30.15162,-89.52963,5.7,76.0,511.0,GOOD SHEPHERD,,WDE3016,31,12,22,8,,57,A
367332950,2022-01-04T19:03:01,30.15350,-89.52137,5.8,75.0,511.0,GOOD SHEPHERD,,WDE3016,31,12,22,8,,57,A
367332950,2022-01-04T22:13:21,30.22048,-89.23418,4.7,51.0,511.0,GOOD SHEPHERD,,WDE3016,31,12,22,8,,57,A
367332950,2022-01-04T19:07:53,30.15488,-89.51273,5.7,79.0,511.0,GOOD SHEPHERD,,WDE3016,31,12,22,8,,57,A
367332950,2022-01-04T22:23:53,30.22855,-89.22193,4.5,58.0,511.0,GOOD SHEPHERD,,WDE3016,31,12,22,8,,57,A
367332950,2022-01-04T22:37:53,30.23963,-89.20658,4.5,55.0,511.0,GOOD SHEPHERD,,WDE3016,31,12,22,8,,57,A
367332950,2022-01-04T19:36:02,30.16515,-89.46157,6.1,72.0,511.0,GOOD SHEPHERD,,WDE3016,31,12,22,8,,57,A
367332950,2022-01-04T22:45:02,30.24530,-89.19848,4.6,43.0,511.0,GOOD SHEPHERD,,WDE3016,31,12,22,8,,57,A
367332950,2022-01-04T22:52:02,30.25143,-89.19102,4.7,45.0,511.0,GOOD SHEPHERD,,WDE3016,31,12,22,8,,57,A
367332950,2022-01-04T19:58:12,30.17572,-89.42075,5.7,76.0,511.0,GOOD SHEPHERD,,WDE3016,31,12,22,8,,57,A
367332950,2022-01-04T23:07:02,30.26425,-89.17402,4.7,51.0,511.0,GOOD SHEPHERD,,WDE3016,31,12,22,8,,57,A
367332950,2022-01-04T23:17:33,30.27163,-89.16113,4.6,47.0,511.0,GOOD SHEPHERD,,WDE3016,31,12,22,8,,57,A
367332950,2022-01-04T20:19:53,30.18190,-89.38415,4.9,91.0,511.0,GOOD SHEPHERD,,WDE3016,31,12,22,8,,57,A
367332950,2022-01-04T23:25:51,30.27743,-89.15097,4.5,69.0,511.0,GOOD SHEPHERD,,WDE3016,31,12,22,8,,57,A
367332950,2022-01-04T20:28:23,30.18175,-89.37148,4.5,92.0,511.0,GOOD SHEPHERD,,WDE3016,31,12,22,8,,57,A
367332950,2022-01-04T20:29:33,30.18167,-89.36982,4.5,89.0,511.0,GOOD SHEPHERD,,WDE3016,31,12,22,8,,57,A
367332950,2022-01-04T20:31:12,30.18157,-89.36740,4.5,91.0,511.0,GOOD SHEPHERD,,WDE3016,31,12,22,8,,57,A
367332950,2022-01-04T23:37:52,30.27837,-89.13378,4.6,93.0,511.0,GOOD SHEPHERD,,WDE3016,31,12,22,8,,57,A
367332950,2022-01-04T20:41:53,30.18083,-89.35148,4.8,88.0,511.0,GOOD SHEPHERD,,WDE3016,31,12,22,8,,57,A
367332950,2022-01-04T23:46:31,30.27803,-89.12127,4.6,90.0,511.0,GOOD SHEPHERD,,WDE3016,31,12,22,8,,57,A
367332950,2022-01-04T23:50:13,30.27770,-89.11590,4.5,102.0,511.0,GOOD SHEPHERD,,WDE3016,31,12,22,8,,57,A
367332950,2022-01-04T23:52:32,30.27783,-89.11268,4.4,80.0,511.0,GOOD SHEPHERD,,WDE3016,31,12,22,8,,57,A
367332950,2022-01-04T23:53:43,30.27778,-89.11097,4.5,93.0,511.0,GOOD SHEPHERD,,WDE3016,31,12,22,8,,57,A
367332950,2022-01-04T23:56:03,30.27788,-89.10762,4.5,95.0,511.0,GOOD SHEPHERD,,WDE3016,31,12,22,8,,57,A
367332950,2022-01-04T21:12:12,30.18045,-89.30890,4.3,98.0,511.0,GOOD SHEPHERD,,WDE3016,31,12,22,8,,57,A
367332950,2022-01-04T21:28:22,30.18918,-89.28815,4.7,59.0,511.0,GOOD SHEPHERD,,WDE3016,31,12,22,8,,57,A
367332950,2022-01-04T21:35:02,30.19425,-89.27998,4.7,57.0,511.0,GOOD SHEPHERD,,WDE3016,31,12,22,8,,57,A
367332950,2022-01-04T21:54:53,30.20768,-89.25598,3.9,53.0,511.0,GOOD SHEPHERD,,WDE3016,31,12,22,8,,57,A
367332950,2022-01-04T22:21:21,30.22665,-89.22485,4.6,50.0,511.0,GOOD SHEPHERD,,WDE3016,31,12,22,8,,57,A
367332950,2022-01-04T22:35:41,30.23795,-89.20903,4.5,48.0,511.0,GOOD SHEPHERD,,WDE3016,31,12,22,8,,57,A
367332950,2022-01-04T22:55:43,30.25473,-89.18707,4.5,56.0,511.0,GOOD SHEPHERD,,WDE3016,31,12,22,8,,57,A
367332950,2022-01-04T23:27:02,30.27782,-89.14935,4.5,79.0,511.0,GOOD SHEPHERD,,WDE3016,31,12,22,8,,57,A
367332950,2022-01-05T00:00:03,30.27787,-89.10177,4.6,80.0,511.0,GOOD SHEPHERD,,WDE3016,31,12,22,8,,57,A
367332950,2022-01-05T00:04:22,30.27797,-89.09548,4.6,89.0,511.0,GOOD SHEPHERD,,WDE3016,31,12,22,8,,57,A
367332950,2022-01-05T00:05:33,30.27802,-89.09372,4.6,90.0,511.0,GOOD SHEPHERD,,WDE3016,31,12,22,8,,57,A
367332950,2022-01-05T00:09:02,30.27798,-89.08857,4.6,87.0,511.0,GOOD SHEPHERD,,WDE3016,31,12,22,8,,57,A
367332950,2022-01-05T00:06:42,30.27793,-89.09202,4.6,91.0,511.0,GOOD SHEPHERD,,WDE3016,31,12,22,8,,57,A
367332950,2022-01-05T00:07:52,30.27792,-89.09027,4.6,88.0,511.0,GOOD SHEPHERD,,WDE3016,31,12,22,8,,57,A
367332950,2022-01-05T00:11:32,30.27798,-89.08490,4.6,90.0,511.0,GOOD SHEPHERD,,WDE3016,31,12,22,8,,57,A
367332950,2022-01-05T00:12:42,30.27800,-89.08322,4.6,88.0,511.0,GOOD SHEPHERD,,WDE3016,31,12,22,8,,57,A
367332950,2022-01-05T00:10:11,30.27805,-89.08690,4.6,90.0,511.0,GOOD SHEPHERD,,WDE3016,31,12,22,8,,57,A
367332950,2022-01-05T00:15:02,30.27800,-89.07977,4.5,89.0,511.0,GOOD SHEPHERD,,WDE3016,31,12,22,8,,57,A
367332950,2022-01-05T00:13:52,30.27800,-89.08148,4.5,92.0,511.0,GOOD SHEPHERD,,WDE3016,31,12,22,8,,57,A
367332950,2022-01-05T00:16:11,30.27803,-89.07815,4.5,88.0,511.0,GOOD SHEPHERD,,WDE3016,31,12,22,8,,57,A
367332950,2022-01-05T00:17:22,30.27805,-89.07640,4.5,90.0,511.0,GOOD SHEPHERD,,WDE3016,31,12,22,8,,57,A
367332950,2022-01-05T00:18:31,30.27807,-89.07475,4.5,88.0,511.0,GOOD SHEPHERD,,WDE3016,31,12,22,8,,57,A
367332950,2022-01-05T00:20:51,30.27815,-89.07143,4.4,88.0,511.0,GOOD SHEPHERD,,WDE3016,31,12,22,8,,57,A
367332950,2022-01-05T00:19:43,30.27812,-89.07302,4.4,87.0,511.0,GOOD SHEPHERD,,WDE3016,31,12,22,8,,57,A
367332950,2022-01-05T00:22:02,30.27815,-89.06978,4.4,89.0,511.0,GOOD SHEPHERD,,WDE3016,31,12,22,8,,57,A
367332950,2022-01-05T00:23:03,30.27820,-89.06833,4.4,87.0,511.0,GOOD SHEPHERD,,WDE3016,31,12,22,8,,57,A
367332950,2022-01-05T00:24:23,30.27818,-89.06647,4.3,92.0,511.0,GOOD SHEPHERD,,WDE3016,31,12,22,8,,57,A
367332950,2022-01-05T00:26:42,30.27820,-89.06333,4.2,90.0,511.0,GOOD SHEPHERD,,WDE3016,31,12,22,8,,57,A
367332950,2022-01-05T00:29:12,30.27823,-89.05995,4.2,86.0,511.0,GOOD SHEPHERD,,WDE3016,31,12,22,8,,57,A
367332950,2022-01-05T00:30:13,30.27825,-89.05858,4.3,91.0,511.0,GOOD SHEPHERD,,WDE3016,31,12,22,8,,57,A
367332950,2022-01-05T00:31:23,30.27827,-89.05698,4.3,89.0,511.0,GOOD SHEPHERD,,WDE3016,31,12,22,8,,57,A
367332950,2022-01-05T00:28:03,30.27820,-89.06153,4.2,92.0,511.0,GOOD SHEPHERD,,WDE3016,31,12,22,8,,57,A
367332950,2022-01-05T00:33:53,30.27842,-89.05357,4.3,85.0,511.0,GOOD SHEPHERD,,WDE3016,31,12,22,8,,57,A
367332950,2022-01-05T00:32:42,30.27832,-89.05520,4.3,87.0,511.0,GOOD SHEPHERD,,WDE3016,31,12,22,8,,57,A
367332950,2022-01-05T00:35:03,30.27853,-89.05193,4.3,84.0,511.0,GOOD SHEPHERD,,WDE3016,31,12,22,8,,57,A
367332950,2022-01-05T00:37:33,30.27882,-89.04852,4.4,83.0,511.0,GOOD SHEPHERD,,WDE3016,31,12,22,8,,57,A
367332950,2022-01-05T00:36:13,30.27865,-89.05035,4.3,84.0,511.0,GOOD SHEPHERD,,WDE3016,31,12,22,8,,57,A
367332950,2022-01-05T00:38:42,30.27898,-89.04683,4.4,82.0,511.0,GOOD SHEPHERD,,WDE3016,31,12,22,8,,57,A
367332950,2022-01-05T00:39:53,30.27917,-89.04517,4.4,82.0,511.0,GOOD SHEPHERD,,WDE3016,31,12,22,8,,57,A
367332950,2022-01-05T00:41:12,30.27938,-89.04335,4.4,81.0,511.0,GOOD SHEPHERD,,WDE3016,31,12,22,8,,57,A
367332950,2022-01-05T00:42:22,30.27958,-89.04172,4.4,83.0,511.0,GOOD SHEPHERD,,WDE3016,31,12,22,8,,57,A
367332950,2022-01-05T00:44:42,30.27987,-89.03837,4.5,80.0,511.0,GOOD SHEPHERD,,WDE3016,31,12,22,8,,57,A
367332950,2022-01-05T00:45:53,30.28018,-89.03673,4.4,80.0,511.0,GOOD SHEPHERD,,WDE3016,31,12,22,8,,57,A
367332950,2022-01-05T00:48:21,30.28048,-89.03327,4.4,81.0,511.0,GOOD SHEPHERD,,WDE3016,31,12,22,8,,57,A
367332950,2022-01-05T00:47:12,30.28030,-89.03492,4.4,84.0,511.0,GOOD SHEPHERD,,WDE3016,31,12,22,8,,57,A
367332950,2022-01-05T00:50:52,30.28067,-89.02973,4.4,89.0,511.0,GOOD SHEPHERD,,WDE3016,31,12,22,8,,57,A
367332950,2022-01-05T00:53:11,30.28092,-89.02643,4.5,82.0,511.0,GOOD SHEPHERD,,WDE3016,31,12,22,8,,57,A
367332950,2022-01-05T00:52:02,30.28075,-89.02808,4.5,84.0,511.0,GOOD SHEPHERD,,WDE3016,31,12,22,8,,57,A
367332950,2022-01-05T00:56:42,30.28117,-89.02125,4.6,86.0,511.0,GOOD SHEPHERD,,WDE3016,31,12,22,8,,57,A
367332950,2022-01-05T00:55:32,30.28107,-89.02298,4.6,86.0,511.0,GOOD SHEPHERD,,WDE3016,31,12,22,8,,57,A
367332950,2022-01-05T00:57:52,30.28125,-89.01955,4.6,88.0,511.0,GOOD SHEPHERD,,WDE3016,31,12,22,8,,57,A
367332950,2022-01-05T00:25:32,30.27823,-89.06492,4.3,87.0,511.0,GOOD SHEPHERD,,WDE3016,31,12,22,8,,57,A
367332950,2022-01-05T00:54:23,30.28103,-89.02472,4.5,88.0,511.0,GOOD SHEPHERD,,WDE3016,31,12,22,8,,57,A
367332950,2022-01-05T00:59:02,30.28127,-89.01790,4.5,88.0,511.0,GOOD SHEPHERD,,WDE3016,31,12,22,8,,57,A
367332950,2022-01-05T01:06:32,30.28187,-89.00697,4.5,88.0,511.0,GOOD SHEPHERD,,WDE3016,31,12,22,8,,57,A
367332950,2022-01-05T01:05:23,30.28178,-89.00867,4.5,84.0,511.0,GOOD SHEPHERD,,WDE3016,31,12,22,8,,57,A
367332950,2022-01-05T01:01:52,30.28147,-89.01380,4.5,86.0,511.0,GOOD SHEPHERD,,WDE3016,31,12,22,8,,57,A
367332950,2022-01-05T01:04:13,30.28175,-89.01037,4.6,86.0,511.0,GOOD SHEPHERD,,WDE3016,31,12,22,8,,57,A
367332950,2022-01-05T01:00:03,30.28135,-89.01642,4.5,85.0,511.0,GOOD SHEPHERD,,WDE3016,31,12,22,8,,57,A
367332950,2022-01-05T01:09:02,30.28202,-89.00338,4.3,93.0,511.0,GOOD SHEPHERD,,WDE3016,31,12,22,8,,57,A
367332950,2022-01-05T01:03:03,30.28160,-89.01205,4.6,83.0,511.0,GOOD SHEPHERD,,WDE3016,31,12,22,8,,57,A
367332950,2022-01-05T01:10:12,30.28180,-89.00182,4.3,97.0,511.0,GOOD SHEPHERD,,WDE3016,31,12,22,8,,57,A
367332950,2022-01-05T01:12:33,30.28197,-88.99845,4.5,89.0,511.0,GOOD SHEPHERD,,WDE3016,31,12,22,8,,57,A
367332950,2022-01-05T01:16:02,30.28222,-88.99327,4.6,86.0,511.0,GOOD SHEPHERD,,WDE3016,31,12,22,8,,57,A
367332950,2022-01-05T01:14:53,30.28203,-88.99503,4.7,82.0,511.0,GOOD SHEPHERD,,WDE3016,31,12,22,8,,57,A
367332950,2022-01-05T01:18:22,30.28232,-88.98978,4.7,87.0,511.0,GOOD SHEPHERD,,WDE3016,31,12,22,8,,57,A
367332950,2022-01-05T01:22:02,30.28263,-88.98420,4.7,86.0,511.0,GOOD SHEPHERD,,WDE3016,31,12,22,8,,57,A
367332950,2022-01-05T01:17:11,30.28225,-88.99157,4.7,87.0,511.0,GOOD SHEPHERD,,WDE3016,31,12,22,8,,57,A
367332950,2022-01-05T01:25:33,30.28283,-88.97900,4.7,73.0,511.0,GOOD SHEPHERD,,WDE3016,31,12,22,8,,57,A
367332950,2022-01-05T01:19:42,30.28240,-88.98777,4.7,86.0,511.0,GOOD SHEPHERD,,WDE3016,31,12,22,8,,57,A
367332950,2022-01-05T01:20:52,30.28252,-88.98600,4.7,85.0,511.0,GOOD SHEPHERD,,WDE3016,31,12,22,8,,57,A
367332950,2022-01-05T01:23:12,30.28268,-88.98247,4.7,90.0,511.0,GOOD SHEPHERD,,WDE3016,31,12,22,8,,57,A
367332950,2022-01-05T01:24:23,30.28263,-88.98073,4.6,91.0,511.0,GOOD SHEPHERD,,WDE3016,31,12,22,8,,57,A
367332950,2022-01-05T01:31:22,30.28303,-88.97055,4.7,85.0,511.0,GOOD SHEPHERD,,WDE3016,31,12,22,8,,57,A
367332950,2022-01-05T01:33:52,30.28323,-88.96672,4.7,87.0,511.0,GOOD SHEPHERD,,WDE3016,31,12,22,8,,57,A
367332950,2022-01-05T01:35:01,30.28327,-88.96498,4.6,91.0,511.0,GOOD SHEPHERD,,WDE3016,31,12,22,8,,57,A
367332950,2022-01-05T01:26:43,30.28302,-88.97737,4.3,91.0,511.0,GOOD SHEPHERD,,WDE3016,31,12,22,8,,57,A
367332950,2022-01-05T01:32:32,30.28313,-88.96875,4.7,87.0,511.0,GOOD SHEPHERD,,WDE3016,31,12,22,8,,57,A
367332950,2022-01-05T01:29:02,30.28300,-88.97407,4.6,86.0,511.0,GOOD SHEPHERD,,WDE3016,31,12,22,8,,57,A
367332950,2022-01-05T01:37:33,30.28315,-88.96123,4.7,85.0,511.0,GOOD SHEPHERD,,WDE3016,31,12,22,8,,57,A
367332950,2022-01-05T01:36:22,30.28312,-88.96298,4.6,96.0,511.0,GOOD SHEPHERD,,WDE3016,31,12,22,8,,57,A
367332950,2022-01-05T01:39:52,30.28318,-88.95772,4.7,85.0,511.0,GOOD SHEPHERD,,WDE3016,31,12,22,8,,57,A
367332950,2022-01-05T01:38:42,30.28317,-88.95948,4.7,90.0,511.0,GOOD SHEPHERD,,WDE3016,31,12,22,8,,57,A
367332950,2022-01-05T01:41:02,30.28325,-88.95600,4.7,86.0,511.0,GOOD SHEPHERD,,WDE3016,31,12,22,8,,57,A
367332950,2022-01-05T00:43:32,30.27973,-89.04007,4.4,85.0,511.0,GOOD SHEPHERD,,WDE3016,31,12,22,8,,57,A
367332950,2022-01-05T01:44:21,30.28345,-88.95105,4.6,87.0,511.0,GOOD SHEPHERD,,WDE3016,31,12,22,8,,57,A
367332950,2022-01-05T01:43:13,30.28335,-88.95275,4.6,81.0,511.0,GOOD SHEPHERD,,WDE3016,31,12,22,8,,57,A
367332950,2022-01-05T01:46:42,30.28363,-88.94755,4.7,87.0,511.0,GOOD SHEPHERD,,WDE3016,31,12,22,8,,57,A
367332950,2022-01-05T01:52:31,30.28405,-88.93872,4.6,85.0,511.0,GOOD SHEPHERD,,WDE3016,31,12,22,8,,57,A
367332950,2022-01-05T01:50:13,30.28388,-88.94223,4.8,88.0,511.0,GOOD SHEPHERD,,WDE3016,31,12,22,8,,57,A
367332950,2022-01-05T01:51:22,30.28397,-88.94043,4.7,86.0,511.0,GOOD SHEPHERD,,WDE3016,31,12,22,8,,57,A
367332950,2022-01-05T01:57:02,30.28433,-88.93215,4.7,90.0,511.0,GOOD SHEPHERD,,WDE3016,31,12,22,8,,57,A
367332950,2022-01-05T01:53:42,30.28423,-88.93700,4.5,85.0,511.0,GOOD SHEPHERD,,WDE3016,31,12,22,8,,57,A
367332950,2022-01-05T01:59:12,30.28433,-88.92892,4.8,85.0,511.0,GOOD SHEPHERD,,WDE3016,31,12,22,8,,57,A
367332950,2022-01-05T01:45:31,30.28355,-88.94933,4.7,86.0,511.0,GOOD SHEPHERD,,WDE3016,31,12,22,8,,57,A
367332950,2022-01-05T01:47:52,30.28372,-88.94580,4.7,85.0,511.0,GOOD SHEPHERD,,WDE3016,31,12,22,8,,57,A
367332950,2022-01-05T01:58:03,30.28430,-88.93062,4.7,93.0,511.0,GOOD SHEPHERD,,WDE3016,31,12,22,8,,57,A
367332950,2022-01-05T01:49:02,30.28383,-88.94403,4.7,86.0,511.0,GOOD SHEPHERD,,WDE3016,31,12,22,8,,57,A
367332950,2022-01-05T01:55:52,30.28432,-88.93390,4.6,88.0,511.0,GOOD SHEPHERD,,WDE3016,31,12,22,8,,57,A
367332950,2022-01-05T00:49:42,30.28065,-89.03135,4.4,87.0,511.0,GOOD SHEPHERD,,WDE3016,31,12,22,8,,57,A
367332950,2022-01-05T02:00:03,30.28433,-88.92760,4.7,89.0,511.0,GOOD SHEPHERD,,WDE3016,31,12,22,8,,57,A
367332950,2022-01-05T02:06:13,30.28442,-88.91812,4.8,85.0,511.0,GOOD SHEPHERD,,WDE3016,31,12,22,8,,57,A
367332950,2022-01-05T01:54:43,30.28427,-88.93560,4.5,89.0,511.0,GOOD SHEPHERD,,WDE3016,31,12,22,8,,57,A
367332950,2022-01-05T02:09:43,30.28462,-88.91268,4.8,82.0,511.0,GOOD SHEPHERD,,WDE3016,31,12,22,8,,57,A
367332950,2022-01-05T02:05:02,30.28437,-88.91992,4.8,88.0,511.0,GOOD SHEPHERD,,WDE3016,31,12,22,8,,57,A
367332950,2022-01-05T02:13:03,30.28477,-88.90770,4.8,84.0,511.0,GOOD SHEPHERD,,WDE3016,31,12,22,8,,57,A
367332950,2022-01-05T02:08:33,30.28453,-88.91452,4.8,88.0,511.0,GOOD SHEPHERD,,WDE3016,31,12,22,8,,57,A
367332950,2022-01-05T02:15:22,30.28478,-88.90412,4.7,90.0,511.0,GOOD SHEPHERD,,WDE3016,31,12,22,8,,57,A
367332950,2022-01-05T02:12:01,30.28475,-88.90917,4.7,90.0,511.0,GOOD SHEPHERD,,WDE3016,31,12,22,8,,57,A
367332950,2022-01-05T02:07:23,30.28450,-88.91627,4.8,88.0,511.0,GOOD SHEPHERD,,WDE3016,31,12,22,8,,57,A
367332950,2022-01-05T02:16:32,30.28473,-88.90238,4.8,90.0,511.0,GOOD SHEPHERD,,WDE3016,31,12,22,8,,57,A
367332950,2022-01-05T02:10:53,30.28473,-88.91092,4.6,93.0,511.0,GOOD SHEPHERD,,WDE3016,31,12,22,8,,57,A
367332950,2022-01-05T02:17:42,30.28475,-88.90058,4.8,85.0,511.0,GOOD SHEPHERD,,WDE3016,31,12,22,8,,57,A
367332950,2022-01-05T02:18:51,30.28492,-88.89880,4.8,84.0,511.0,GOOD SHEPHERD,,WDE3016,31,12,22,8,,57,A
367332950,2022-01-05T02:20:02,30.28492,-88.89697,4.8,90.0,511.0,GOOD SHEPHERD,,WDE3016,31,12,22,8,,57,A
367332950,2022-01-05T02:21:12,30.28508,-88.89517,4.7,86.0,511.0,GOOD SHEPHERD,,WDE3016,31,12,22,8,,57,A
367332950,2022-01-05T02:30:52,30.28590,-88.88062,4.6,85.0,511.0,GOOD SHEPHERD,,WDE3016,31,12,22,8,,57,A
367332950,2022-01-05T02:22:23,30.28497,-88.89338,4.7,92.0,511.0,GOOD SHEPHERD,,WDE3016,31,12,22,8,,57,A
367332950,2022-01-05T02:32:13,30.28605,-88.87863,4.7,84.0,511.0,GOOD SHEPHERD,,WDE3016,31,12,22,8,,57,A
367332950,2022-01-05T02:27:01,30.28550,-88.88632,4.7,91.0,511.0,GOOD SHEPHERD,,WDE3016,31,12,22,8,,57,A
367332950,2022-01-05T02:28:13,30.28560,-88.88453,4.7,83.0,511.0,GOOD SHEPHERD,,WDE3016,31,12,22,8,,57,A
367332950,2022-01-05T02:25:52,30.28543,-88.88807,4.8,83.0,511.0,GOOD SHEPHERD,,WDE3016,31,12,22,8,,57,A
367332950,2022-01-05T02:23:32,30.28508,-88.89165,4.8,83.0,511.0,GOOD SHEPHERD,,WDE3016,31,12,22,8,,57,A
367332950,2022-01-05T02:24:42,30.28525,-88.88985,4.8,81.0,511.0,GOOD SHEPHERD,,WDE3016,31,12,22,8,,57,A
367332950,2022-01-05T02:33:32,30.28623,-88.87663,4.7,85.0,511.0,GOOD SHEPHERD,,WDE3016,31,12,22,8,,57,A
367332950,2022-01-05T02:34:42,30.28632,-88.87488,4.7,84.0,511.0,GOOD SHEPHERD,,WDE3016,31,12,22,8,,57,A
367332950,2022-01-05T02:35:52,30.28638,-88.87312,4.6,88.0,511.0,GOOD SHEPHERD,,WDE3016,31,12,22,8,,57,A
367332950,2022-01-05T02:29:22,30.28565,-88.88280,4.6,93.0,511.0,GOOD SHEPHERD,,WDE3016,31,12,22,8,,57,A
367332950,2022-01-05T02:39:32,30.28622,-88.86770,4.7,88.0,511.0,GOOD SHEPHERD,,WDE3016,31,12,22,8,,57,A
367332950,2022-01-05T02:45:13,30.28675,-88.85900,4.9,84.0,511.0,GOOD SHEPHERD,,WDE3016,31,12,22,8,,57,A
367332950,2022-01-05T02:37:13,30.28628,-88.87117,4.5,98.0,511.0,GOOD SHEPHERD,,WDE3016,31,12,22,8,,57,A
367332950,2022-01-05T01:07:52,30.28190,-89.00507,4.5,83.0,511.0,GOOD SHEPHERD,,WDE3016,31,12,22,8,,57,A
367332950,2022-01-05T02:48:52,30.28732,-88.85330,4.9,79.0,511.0,GOOD SHEPHERD,,WDE3016,31,12,22,8,,57,A
367332950,2022-01-05T02:50:03,30.28762,-88.85145,4.7,79.0,511.0,GOOD SHEPHERD,,WDE3016,31,12,22,8,,57,A
367332950,2022-01-05T02:46:23,30.28685,-88.85715,4.9,82.0,511.0,GOOD SHEPHERD,,WDE3016,31,12,22,8,,57,A
367332950,2022-01-05T02:40:33,30.28622,-88.86617,4.7,84.0,511.0,GOOD SHEPHERD,,WDE3016,31,12,22,8,,57,A
367332950,2022-01-05T02:42:52,30.28648,-88.86260,4.7,90.0,511.0,GOOD SHEPHERD,,WDE3016,31,12,22,8,,57,A
367332950,2022-01-05T02:55:43,30.28865,-88.84310,4.7,82.0,511.0,GOOD SHEPHERD,,WDE3016,31,12,22,8,,57,A
367332950,2022-01-05T02:51:12,30.28775,-88.84982,4.7,80.0,511.0,GOOD SHEPHERD,,WDE3016,31,12,22,8,,57,A
367332950,2022-01-05T02:54:31,30.28847,-88.84487,4.7,81.0,511.0,GOOD SHEPHERD,,WDE3016,31,12,22,8,,57,A
367332950,2022-01-05T01:11:22,30.28188,-89.00018,4.5,85.0,511.0,GOOD SHEPHERD,,WDE3016,31,12,22,8,,57,A
367332950,2022-01-05T02:53:22,30.28822,-88.84658,4.6,83.0,511.0,GOOD SHEPHERD,,WDE3016,31,12,22,8,,57,A
367332950,2022-01-05T02:47:41,30.28703,-88.85513,4.9,84.0,511.0,GOOD SHEPHERD,,WDE3016,31,12,22,8,,57,A
367332950,2022-01-05T01:13:42,30.28195,-88.99677,4.6,90.0,511.0,GOOD SHEPHERD,,WDE3016,31,12,22,8,,57,A
367332950,2022-01-05T02:56:52,30.28878,-88.84137,4.7,86.0,511.0,GOOD SHEPHERD,,WDE3016,31,12,22,8,,57,A
367332950,2022-01-05T03:03:23,30.28953,-88.83135,4.8,87.0,511.0,GOOD SHEPHERD,,WDE3016,31,12,22,8,,57,A
367332950,2022-01-05T02:59:13,30.28913,-88.83778,4.8,84.0,511.0,GOOD SHEPHERD,,WDE3016,31,12,22,8,,57,A
367332950,2022-01-05T03:00:01,30.28923,-88.83655,4.8,84.0,511.0,GOOD SHEPHERD,,WDE3016,31,12,22,8,,57,A
367332950,2022-01-05T03:01:02,30.28933,-88.83495,4.8,86.0,511.0,GOOD SHEPHERD,,WDE3016,31,12,22,8,,57,A
367332950,2022-01-05T03:11:23,30.29015,-88.81880,4.7,90.0,511.0,GOOD SHEPHERD,,WDE3016,31,12,22,8,,57,A
367332950,2022-01-05T02:58:01,30.28897,-88.83960,4.8,83.0,511.0,GOOD SHEPHERD,,WDE3016,31,12,22,8,,57,A
367332950,2022-01-05T03:04:33,30.28953,-88.82957,4.8,89.0,511.0,GOOD SHEPHERD,,WDE3016,31,12,22,8,,57,A
367332950,2022-01-05T03:14:51,30.29033,-88.81340,4.9,87.0,511.0,GOOD SHEPHERD,,WDE3016,31,12,22,8,,57,A
367332950,2022-01-05T03:02:11,30.28940,-88.83323,4.8,86.0,511.0,GOOD SHEPHERD,,WDE3016,31,12,22,8,,57,A
367332950,2022-01-05T03:05:43,30.28960,-88.82777,4.9,87.0,511.0,GOOD SHEPHERD,,WDE3016,31,12,22,8,,57,A
367332950,2022-01-05T03:06:51,30.28967,-88.82598,4.9,84.0,511.0,GOOD SHEPHERD,,WDE3016,31,12,22,8,,57,A
367332950,2022-01-05T03:13:43,30.29025,-88.81520,4.8,88.0,511.0,GOOD SHEPHERD,,WDE3016,31,12,22,8,,57,A
367332950,2022-01-05T03:09:03,30.28987,-88.82250,5.0,86.0,511.0,GOOD SHEPHERD,,WDE3016,31,12,22,8,,57,A
367332950,2022-01-05T03:12:31,30.29013,-88.81702,4.9,83.0,511.0,GOOD SHEPHERD,,WDE3016,31,12,22,8,,57,A
367332950,2022-01-05T03:08:02,30.28978,-88.82407,4.9,86.0,511.0,GOOD SHEPHERD,,WDE3016,31,12,22,8,,57,A
367332950,2022-01-05T03:27:03,30.28847,-88.79467,4.9,98.0,511.0,GOOD SHEPHERD,,WDE3016,31,12,22,8,,57,A
367332950,2022-01-05T03:17:43,30.29038,-88.80882,4.9,91.0,511.0,GOOD SHEPHERD,,WDE3016,31,12,22,8,,57,A
367332950,2022-01-05T03:24:43,30.28945,-88.79798,4.7,106.0,511.0,GOOD SHEPHERD,,WDE3016,31,12,22,8,,57,A
367332950,2022-01-05T03:25:53,30.28888,-88.79640,4.7,114.0,511.0,GOOD SHEPHERD,,WDE3016,31,12,22,8,,57,A
367332950,2022-01-05T03:22:23,30.29010,-88.80155,4.7,100.0,511.0,GOOD SHEPHERD,,WDE3016,31,12,22,8,,57,A
367332950,2022-01-05T03:20:03,30.29028,-88.80513,4.9,93.0,511.0,GOOD SHEPHERD,,WDE3016,31,12,22,8,,57,A
367332950,2022-01-05T03:28:12,30.28822,-88.79290,4.8,104.0,511.0,GOOD SHEPHERD,,WDE3016,31,12,22,8,,57,A
367332950,2022-01-05T03:23:31,30.28980,-88.79987,4.8,99.0,511.0,GOOD SHEPHERD,,WDE3016,31,12,22,8,,57,A
367332950,2022-01-05T03:35:42,30.28615,-88.78132,5.1,100.0,511.0,GOOD SHEPHERD,,WDE3016,31,12,22,8,,57,A
367332950,2022-01-05T03:39:13,30.28573,-88.77550,5.2,90.0,511.0,GOOD SHEPHERD,,WDE3016,31,12,22,8,,57,A
367332950,2022-01-05T03:38:03,30.28570,-88.77745,5.2,90.0,511.0,GOOD SHEPHERD,,WDE3016,31,12,22,8,,57,A
367332950,2022-01-05T01:27:52,30.28290,-88.97575,4.5,94.0,511.0,GOOD SHEPHERD,,WDE3016,31,12,22,8,,57,A
367332950,2022-01-05T03:29:13,30.28778,-88.79140,4.8,111.0,511.0,GOOD SHEPHERD,,WDE3016,31,12,22,8,,57,A
367332950,2022-01-05T03:33:13,30.28675,-88.78525,5.0,97.0,511.0,GOOD SHEPHERD,,WDE3016,31,12,22,8,,57,A
367332950,2022-01-05T03:32:03,30.28683,-88.78720,5.1,91.0,511.0,GOOD SHEPHERD,,WDE3016,31,12,22,8,,57,A
367332950,2022-01-05T01:30:12,30.28298,-88.97232,4.6,91.0,511.0,GOOD SHEPHERD,,WDE3016,31,12,22,8,,57,A
367332950,2022-01-05T03:34:22,30.28648,-88.78343,5.0,100.0,511.0,GOOD SHEPHERD,,WDE3016,31,12,22,8,,57,A
367332950,2022-01-05T03:49:51,30.28552,-88.75810,5.1,92.0,511.0,GOOD SHEPHERD,,WDE3016,31,12,22,8,,57,A
367332950,2022-01-05T03:42:42,30.28578,-88.76973,5.1,90.0,511.0,GOOD SHEPHERD,,WDE3016,31,12,22,8,,57,A
367332950,2022-01-05T03:41:31,30.28578,-88.77168,5.1,84.0,511.0,GOOD SHEPHERD,,WDE3016,31,12,22,8,,57,A
367332950,2022-01-05T03:54:23,30.28528,-88.75075,5.0,99.0,511.0,GOOD SHEPHERD,,WDE3016,31,12,22,8,,57,A
367332950,2022-01-05T03:59:12,30.28520,-88.74300,5.1,87.0,511.0,GOOD SHEPHERD,,WDE3016,31,12,22,8,,57,A
367332950,2022-01-05T03:43:52,30.28573,-88.76783,5.1,88.0,511.0,GOOD SHEPHERD,,WDE3016,31,12,22,8,,57,A
367332950,2022-01-05T03:55:42,30.28525,-88.74860,5.0,91.0,511.0,GOOD SHEPHERD,,WDE3016,31,12,22,8,,57,A
367332950,2022-01-05T03:52:02,30.28552,-88.75455,5.1,87.0,511.0,GOOD SHEPHERD,,WDE3016,31,12,22,8,,57,A
367332950,2022-01-05T03:46:11,30.28567,-88.76407,5.1,90.0,511.0,GOOD SHEPHERD,,WDE3016,31,12,22,8,,57,A
367332950,2022-01-05T03:47:23,30.28563,-88.76210,5.1,91.0,511.0,GOOD SHEPHERD,,WDE3016,31,12,22,8,,57,A
367332950,2022-01-05T03:48:43,30.28558,-88.75998,5.0,93.0,511.0,GOOD SHEPHERD,,WDE3016,31,12,22,8,,57,A
367332950,2022-01-05T04:03:43,30.28515,-88.73558,5.1,85.0,511.0,GOOD SHEPHERD,,WDE3016,31,12,22,8,,57,A
367332950,2022-01-05T04:00:02,30.28517,-88.74158,5.0,93.0,511.0,GOOD SHEPHERD,,WDE3016,31,12,22,8,,57,A
367332950,2022-01-05T04:06:01,30.28527,-88.73183,5.1,88.0,511.0,GOOD SHEPHERD,,WDE3016,31,12,22,8,,57,A
367332950,2022-01-05T04:08:22,30.28550,-88.72798,5.0,85.0,511.0,GOOD SHEPHERD,,WDE3016,31,12,22,8,,57,A
367332950,2022-01-05T04:09:23,30.28542,-88.72648,4.9,92.0,511.0,GOOD SHEPHERD,,WDE3016,31,12,22,8,,57,A
367332950,2022-01-05T04:12:53,30.28510,-88.72075,5.2,91.0,511.0,GOOD SHEPHERD,,WDE3016,31,12,22,8,,57,A
367332950,2022-01-05T03:58:02,30.28508,-88.74483,5.1,88.0,511.0,GOOD SHEPHERD,,WDE3016,31,12,22,8,,57,A
367332950,2022-01-05T04:14:03,30.28507,-88.71882,5.1,93.0,511.0,GOOD SHEPHERD,,WDE3016,31,12,22,8,,57,A
367332950,2022-01-05T04:07:12,30.28535,-88.72992,5.1,86.0,511.0,GOOD SHEPHERD,,WDE3016,31,12,22,8,,57,A
367332950,2022-01-05T04:04:53,30.28525,-88.73370,5.1,88.0,511.0,GOOD SHEPHERD,,WDE3016,31,12,22,8,,57,A
367332950,2022-01-05T04:18:53,30.28468,-88.71128,5.0,93.0,511.0,GOOD SHEPHERD,,WDE3016,31,12,22,8,,57,A
367332950,2022-01-05T04:23:33,30.28457,-88.70360,5.2,92.0,511.0,GOOD SHEPHERD,,WDE3016,31,12,22,8,,57,A
367332950,2022-01-05T01:42:12,30.28330,-88.95420,4.5,93.0,511.0,GOOD SHEPHERD,,WDE3016,31,12,22,8,,57,A
367332950,2022-01-05T04:17:32,30.28470,-88.71347,4.9,93.0,511.0,GOOD SHEPHERD,,WDE3016,31,12,22,8,,57,A
367332950,2022-01-05T04:10:32,30.28528,-88.72460,5.0,94.0,511.0,GOOD SHEPHERD,,WDE3016,31,12,22,8,,57,A
367332950,2022-01-05T04:15:13,30.28505,-88.71695,5.1,81.0,511.0,GOOD SHEPHERD,,WDE3016,31,12,22,8,,57,A
367332950,2022-01-05T04:29:32,30.28450,-88.69378,5.2,94.0,511.0,GOOD SHEPHERD,,WDE3016,31,12,22,8,,57,A
367332950,2022-01-05T04:24:42,30.28465,-88.70170,5.2,78.0,511.0,GOOD SHEPHERD,,WDE3016,31,12,22,8,,57,A
367332950,2022-01-05T04:35:13,30.28330,-88.68445,5.2,103.0,511.0,GOOD SHEPHERD,,WDE3016,31,12,22,8,,57,A
367332950,2022-01-05T04:20:01,30.28463,-88.70943,5.1,91.0,511.0,GOOD SHEPHERD,,WDE3016,31,12,22,8,,57,A
367332950,2022-01-05T04:25:52,30.28475,-88.69977,5.0,90.0,511.0,GOOD SHEPHERD,,WDE3016,31,12,22,8,,57,A
367332950,2022-01-05T04:30:41,30.28435,-88.69185,5.2,96.0,511.0,GOOD SHEPHERD,,WDE3016,31,12,22,8,,57,A
367332950,2022-01-05T04:22:23,30.28467,-88.70555,5.1,92.0,511.0,GOOD SHEPHERD,,WDE3016,31,12,22,8,,57,A
367332950,2022-01-05T04:39:42,30.28263,-88.67702,5.1,94.0,511.0,GOOD SHEPHERD,,WDE3016,31,12,22,8,,57,A
367332950,2022-01-05T04:34:02,30.28373,-88.68633,5.1,101.0,511.0,GOOD SHEPHERD,,WDE3016,31,12,22,8,,57,A
367332950,2022-01-05T04:33:01,30.28392,-88.68802,5.3,94.0,511.0,GOOD SHEPHERD,,WDE3016,31,12,22,8,,57,A
367332950,2022-01-05T04:40:52,30.28253,-88.67505,5.2,92.0,511.0,GOOD SHEPHERD,,WDE3016,31,12,22,8,,57,A
367332950,2022-01-05T04:28:23,30.28458,-88.69567,5.2,92.0,511.0,GOOD SHEPHERD,,WDE3016,31,12,22,8,,57,A
367332950,2022-01-05T04:36:22,30.28310,-88.68248,5.3,92.0,511.0,GOOD SHEPHERD,,WDE3016,31,12,22,8,,57,A
367332950,2022-01-05T04:27:03,30.28470,-88.69787,5.1,90.0,511.0,GOOD SHEPHERD,,WDE3016,31,12,22,8,,57,A
367332950,2022-01-05T04:37:31,30.28302,-88.68053,5.3,89.0,511.0,GOOD SHEPHERD,,WDE3016,31,12,22,8,,57,A
367332950,2022-01-05T04:31:51,30.28410,-88.68993,5.2,94.0,511.0,GOOD SHEPHERD,,WDE3016,31,12,22,8,,57,A
367332950,2022-01-05T04:43:11,30.28248,-88.67117,5.3,92.0,511.0,GOOD SHEPHERD,,WDE3016,31,12,22,8,,57,A
367332950,2022-01-05T04:45:31,30.28250,-88.66713,5.3,84.0,511.0,GOOD SHEPHERD,,WDE3016,31,12,22,8,,57,A
367332950,2022-01-05T04:50:12,30.28238,-88.65948,5.2,92.0,511.0,GOOD SHEPHERD,,WDE3016,31,12,22,8,,57,A
367332950,2022-01-05T04:51:23,30.28235,-88.65747,5.2,96.0,511.0,GOOD SHEPHERD,,WDE3016,31,12,22,8,,57,A
367332950,2022-01-05T04:56:02,30.28205,-88.64960,5.3,91.0,511.0,GOOD SHEPHERD,,WDE3016,31,12,22,8,,57,A
367332950,2022-01-05T05:00:41,30.28155,-88.64168,5.3,85.0,511.0,GOOD SHEPHERD,,WDE3016,31,12,22,8,,57,A
367332950,2022-01-05T04:53:42,30.28217,-88.65353,5.3,91.0,511.0,GOOD SHEPHERD,,WDE3016,31,12,22,8,,57,A
367332950,2022-01-05T04:49:02,30.28255,-88.66138,5.1,91.0,511.0,GOOD SHEPHERD,,WDE3016,31,12,22,8,,57,A
367332950,2022-01-05T04:52:33,30.28223,-88.65552,5.3,92.0,511.0,GOOD SHEPHERD,,WDE3016,31,12,22,8,,57,A
367332950,2022-01-05T04:58:21,30.28170,-88.64567,5.3,98.0,511.0,GOOD SHEPHERD,,WDE3016,31,12,22,8,,57,A
367332950,2022-01-05T04:47:51,30.28248,-88.66333,5.2,89.0,511.0,GOOD SHEPHERD,,WDE3016,31,12,22,8,,57,A
367332950,2022-01-05T05:10:12,30.27512,-88.62955,5.1,140.0,511.0,GOOD SHEPHERD,,WDE3016,31,12,22,8,,57,A
367332950,2022-01-05T04:59:22,30.28163,-88.64398,5.4,91.0,511.0,GOOD SHEPHERD,,WDE3016,31,12,22,8,,57,A
367332950,2022-01-05T05:03:13,30.28157,-88.63748,5.1,98.0,511.0,GOOD SHEPHERD,,WDE3016,31,12,22,8,,57,A
367332950,2022-01-05T05:04:22,30.28118,-88.63567,4.8,110.0,511.0,GOOD SHEPHERD,,WDE3016,31,12,22,8,,57,A
367332950,2022-01-05T05:14:51,30.26967,-88.62518,5.1,147.0,511.0,GOOD SHEPHERD,,WDE3016,31,12,22,8,,57,A
367332950,2022-01-05T05:05:32,30.28023,-88.63428,4.8,135.0,511.0,GOOD SHEPHERD,,WDE3016,31,12,22,8,,57,A
367332950,2022-01-05T05:01:52,30.28167,-88.63970,5.3,88.0,511.0,GOOD SHEPHERD,,WDE3016,31,12,22,8,,57,A
367332950,2022-01-05T05:18:22,30.26558,-88.62193,5.1,147.0,511.0,GOOD SHEPHERD,,WDE3016,31,12,22,8,,57,A
367332950,2022-01-05T05:22:13,30.26103,-88.61843,5.1,142.0,511.0,GOOD SHEPHERD,,WDE3016,31,12,22,8,,57,A
367332950,2022-01-05T05:07:51,30.27777,-88.63185,5.2,138.0,511.0,GOOD SHEPHERD,,WDE3016,31,12,22,8,,57,A
367332950,2022-01-05T05:25:42,30.25722,-88.61487,5.1,138.0,511.0,GOOD SHEPHERD,,WDE3016,31,12,22,8,,57,A
367332950,2022-01-05T05:09:02,30.27643,-88.63057,5.0,148.0,511.0,GOOD SHEPHERD,,WDE3016,31,12,22,8,,57,A
367332950,2022-01-05T05:26:52,30.25620,-88.61328,5.3,121.0,511.0,GOOD SHEPHERD,,WDE3016,31,12,22,8,,57,A
367332950,2022-01-05T05:06:42,30.27900,-88.63312,5.1,139.0,511.0,GOOD SHEPHERD,,WDE3016,31,12,22,8,,57,A
367332950,2022-01-05T05:17:12,30.26700,-88.62292,4.9,152.0,511.0,GOOD SHEPHERD,,WDE3016,31,12,22,8,,57,A
367332950,2022-01-05T05:19:32,30.26418,-88.62087,5.2,142.0,511.0,GOOD SHEPHERD,,WDE3016,31,12,22,8,,57,A
367332950,2022-01-05T05:20:42,30.26283,-88.61973,5.0,150.0,511.0,GOOD SHEPHERD,,WDE3016,31,12,22,8,,57,A
367332950,2022-01-05T05:11:22,30.27375,-88.62835,5.2,146.0,511.0,GOOD SHEPHERD,,WDE3016,31,12,22,8,,57,A
367332950,2022-01-05T05:28:11,30.25540,-88.61128,5.4,112.0,511.0,GOOD SHEPHERD,,WDE3016,31,12,22,8,,57,A
367332950,2022-01-05T05:16:02,30.26830,-88.62400,5.2,139.0,511.0,GOOD SHEPHERD,,WDE3016,31,12,22,8,,57,A
367332950,2022-01-05T05:36:22,30.25343,-88.59745,5.4,91.0,511.0,GOOD SHEPHERD,,WDE3016,31,12,22,8,,57,A
367332950,2022-01-05T05:35:21,30.25352,-88.59922,5.4,91.0,511.0,GOOD SHEPHERD,,WDE3016,31,12,22,8,,57,A
367332950,2022-01-05T05:38:42,30.25355,-88.59348,5.3,86.0,511.0,GOOD SHEPHERD,,WDE3016,31,12,22,8,,57,A
367332950,2022-01-05T05:23:23,30.25970,-88.61740,5.1,149.0,511.0,GOOD SHEPHERD,,WDE3016,31,12,22,8,,57,A
367332950,2022-01-05T05:37:31,30.25357,-88.59553,5.3,89.0,511.0,GOOD SHEPHERD,,WDE3016,31,12,22,8,,57,A
367332950,2022-01-05T02:14:12,30.28480,-88.90587,4.7,88.0,511.0,GOOD SHEPHERD,,WDE3016,31,12,22,8,,57,A
367332950,2022-01-05T05:41:02,30.25405,-88.58957,5.3,77.0,511.0,GOOD SHEPHERD,,WDE3016,31,12,22,8,,57,A
367332950,2022-01-05T05:50:12,30.25448,-88.57437,5.4,79.0,511.0,GOOD SHEPHERD,,WDE3016,31,12,22,8,,57,A
367332950,2022-01-05T05:51:23,30.25480,-88.57240,5.1,85.0,511.0,GOOD SHEPHERD,,WDE3016,31,12,22,8,,57,A
367332950,2022-01-05T05:39:52,30.25380,-88.59153,5.2,86.0,511.0,GOOD SHEPHERD,,WDE3016,31,12,22,8,,57,A
367332950,2022-01-05T05:30:32,30.25400,-88.60755,5.3,103.0,511.0,GOOD SHEPHERD,,WDE3016,31,12,22,8,,57,A
367332950,2022-01-05T05:52:32,30.25458,-88.57058,4.9,105.0,511.0,GOOD SHEPHERD,,WDE3016,31,12,22,8,,57,A
367332950,2022-01-05T05:53:42,30.25418,-88.56878,4.8,93.0,511.0,GOOD SHEPHERD,,WDE3016,31,12,22,8,,57,A
367332950,2022-01-05T05:31:41,30.25387,-88.60557,5.4,94.0,511.0,GOOD SHEPHERD,,WDE3016,31,12,22,8,,57,A
367332950,2022-01-05T05:43:21,30.25452,-88.58575,5.1,71.0,511.0,GOOD SHEPHERD,,WDE3016,31,12,22,8,,57,A
367332950,2022-01-05T05:34:01,30.25345,-88.60152,5.4,95.0,511.0,GOOD SHEPHERD,,WDE3016,31,12,22,8,,57,A
367332950,2022-01-05T05:59:33,30.25488,-88.55935,5.2,85.0,511.0,GOOD SHEPHERD,,WDE3016,31,12,22,8,,57,A
367332950,2022-01-05T05:46:43,30.25465,-88.58030,5.2,93.0,511.0,GOOD SHEPHERD,,WDE3016,31,12,22,8,,57,A
367332950,2022-01-05T05:49:02,30.25432,-88.57640,5.3,91.0,511.0,GOOD SHEPHERD,,WDE3016,31,12,22,8,,57,A
367332950,2022-01-05T05:44:32,30.25465,-88.58393,5.0,88.0,511.0,GOOD SHEPHERD,,WDE3016,31,12,22,8,,57,A
367332950,2022-01-05T06:07:42,30.25500,-88.54627,4.9,98.0,511.0,GOOD SHEPHERD,,WDE3016,31,12,22,8,,57,A
367332950,2022-01-05T05:54:51,30.25445,-88.56708,5.0,81.0,511.0,GOOD SHEPHERD,,WDE3016,31,12,22,8,,57,A
367332950,2022-01-05T06:11:12,30.25452,-88.54045,5.3,94.0,511.0,GOOD SHEPHERD,,WDE3016,31,12,22,8,,57,A
367332950,2022-01-05T05:56:03,30.25477,-88.56513,5.1,83.0,511.0,GOOD SHEPHERD,,WDE3016,31,12,22,8,,57,A
367332950,2022-01-05T06:14:42,30.25450,-88.53470,4.9,84.0,511.0,GOOD SHEPHERD,,WDE3016,31,12,22,8,,57,A
367332950,2022-01-05T05:58:21,30.25500,-88.56132,5.1,92.0,511.0,GOOD SHEPHERD,,WDE3016,31,12,22,8,,57,A
367332950,2022-01-05T05:57:12,30.25490,-88.56328,5.2,85.0,511.0,GOOD SHEPHERD,,WDE3016,31,12,22,8,,57,A
367332950,2022-01-05T06:20:33,30.25427,-88.52567,4.6,91.0,511.0,GOOD SHEPHERD,,WDE3016,31,12,22,8,,57,A
367332950,2022-01-05T06:05:11,30.25507,-88.55027,5.2,72.0,511.0,GOOD SHEPHERD,,WDE3016,31,12,22,8,,57,A
367332950,2022-01-05T06:10:02,30.25462,-88.54250,5.3,91.0,511.0,GOOD SHEPHERD,,WDE3016,31,12,22,8,,57,A
367332950,2022-01-05T06:27:21,30.25395,-88.51642,4.1,83.0,511.0,GOOD SHEPHERD,,WDE3016,31,12,22,8,,57,A
367332950,2022-01-05T06:06:22,30.25505,-88.54845,4.9,96.0,511.0,GOOD SHEPHERD,,WDE3016,31,12,22,8,,57,A
367332950,2022-01-05T06:29:42,30.25450,-88.51335,4.1,75.0,511.0,GOOD SHEPHERD,,WDE3016,31,12,22,8,,57,A
367332950,2022-01-05T06:12:21,30.25450,-88.53848,5.3,84.0,511.0,GOOD SHEPHERD,,WDE3016,31,12,22,8,,57,A
367332950,2022-01-05T06:13:32,30.25468,-88.53655,5.0,94.0,511.0,GOOD SHEPHERD,,WDE3016,31,12,22,8,,57,A
367332950,2022-01-05T06:35:23,30.25555,-88.50603,4.0,89.0,511.0,GOOD SHEPHERD,,WDE3016,31,12,22,8,,57,A
367332950,2022-01-05T06:21:43,30.25418,-88.52402,4.3,94.0,511.0,GOOD SHEPHERD,,WDE3016,31,12,22,8,,57,A
367332950,2022-01-05T06:15:52,30.25443,-88.53282,5.1,94.0,511.0,GOOD SHEPHERD,,WDE3016,31,12,22,8,,57,A
367332950,2022-01-05T06:19:22,30.25430,-88.52743,4.7,93.0,511.0,GOOD SHEPHERD,,WDE3016,31,12,22,8,,57,A
367332950,2022-01-05T06:26:13,30.25387,-88.51792,4.1,90.0,511.0,GOOD SHEPHERD,,WDE3016,31,12,22,8,,57,A
367332950,2022-01-05T06:18:12,30.25443,-88.52913,4.7,92.0,511.0,GOOD SHEPHERD,,WDE3016,31,12,22,8,,57,A
367332950,2022-01-05T06:40:02,30.25485,-88.50013,4.0,101.0,511.0,GOOD SHEPHERD,,WDE3016,31,12,22,8,,57,A
367332950,2022-01-05T06:28:33,30.25418,-88.51485,4.1,78.0,511.0,GOOD SHEPHERD,,WDE3016,31,12,22,8,,57,A
367332950,2022-01-05T06:22:53,30.25407,-88.52240,4.2,94.0,511.0,GOOD SHEPHERD,,WDE3016,31,12,22,8,,57,A
367332950,2022-01-05T06:24:01,30.25397,-88.52087,4.2,93.0,511.0,GOOD SHEPHERD,,WDE3016,31,12,22,8,,57,A
367332950,2022-01-05T06:30:53,30.25483,-88.51182,4.1,75.0,511.0,GOOD SHEPHERD,,WDE3016,31,12,22,8,,57,A
367332950,2022-01-05T06:44:43,30.25497,-88.49423,3.9,86.0,511.0,GOOD SHEPHERD,,WDE3016,31,12,22,8,,57,A
367332950,2022-01-05T06:25:12,30.25390,-88.51923,4.2,92.0,511.0,GOOD SHEPHERD,,WDE3016,31,12,22,8,,57,A
367332950,2022-01-05T06:33:02,30.25533,-88.50907,4.0,80.0,511.0,GOOD SHEPHERD,,WDE3016,31,12,22,8,,57,A
367332950,2022-01-05T02:38:22,30.28618,-88.86947,4.6,91.0,511.0,GOOD SHEPHERD,,WDE3016,31,12,22,8,,57,A
367332950,2022-01-05T06:38:53,30.25513,-88.50162,4.0,101.0,511.0,GOOD SHEPHERD,,WDE3016,31,12,22,8,,57,A
367332950,2022-01-05T06:49:12,30.25558,-88.48893,3.5,80.0,511.0,GOOD SHEPHERD,,WDE3016,31,12,22,8,,57,A
367332950,2022-01-05T06:50:23,30.25575,-88.48758,3.8,79.0,511.0,GOOD SHEPHERD,,WDE3016,31,12,22,8,,57,A
367332950,2022-01-05T06:32:01,30.25512,-88.51037,4.0,78.0,511.0,GOOD SHEPHERD,,WDE3016,31,12,22,8,,57,A
367332950,2022-01-05T06:42:21,30.25503,-88.49718,3.8,90.0,511.0,GOOD SHEPHERD,,WDE3016,31,12,22,8,,57,A
367332950,2022-01-05T06:53:52,30.25627,-88.48335,3.8,91.0,511.0,GOOD SHEPHERD,,WDE3016,31,12,22,8,,57,A
367332950,2022-01-05T06:43:32,30.25493,-88.49573,3.9,92.0,511.0,GOOD SHEPHERD,,WDE3016,31,12,22,8,,57,A
367332950,2022-01-05T06:34:12,30.25548,-88.50762,4.0,84.0,511.0,GOOD SHEPHERD,,WDE3016,31,12,22,8,,57,A
367332950,2022-01-05T02:41:42,30.28640,-88.86442,4.8,82.0,511.0,GOOD SHEPHERD,,WDE3016,31,12,22,8,,57,A
367332950,2022-01-05T06:36:32,30.25552,-88.50460,4.0,92.0,511.0,GOOD SHEPHERD,,WDE3016,31,12,22,8,,57,A
367332950,2022-01-05T06:55:03,30.25635,-88.48188,3.8,80.0,511.0,GOOD SHEPHERD,,WDE3016,31,12,22,8,,57,A
367332950,2022-01-05T06:56:23,30.25675,-88.48030,3.8,67.0,511.0,GOOD SHEPHERD,,WDE3016,31,12,22,8,,57,A
367332950,2022-01-05T06:37:43,30.25538,-88.50308,4.0,99.0,511.0,GOOD SHEPHERD,,WDE3016,31,12,22,8,,57,A
367332950,2022-01-05T06:45:52,30.25507,-88.49282,4.0,84.0,511.0,GOOD SHEPHERD,,WDE3016,31,12,22,8,,57,A
367332950,2022-01-05T06:46:53,30.25507,-88.49155,3.8,94.0,511.0,GOOD SHEPHERD,,WDE3016,31,12,22,8,,57,A
367332950,2022-01-05T06:58:42,30.25818,-88.47805,3.6,40.0,511.0,GOOD SHEPHERD,,WDE3016,31,12,22,8,,57,A
367332950,2022-01-05T06:41:12,30.25490,-88.49867,3.9,81.0,511.0,GOOD SHEPHERD,,WDE3016,31,12,22,8,,57,A
367332950,2022-01-05T07:00:02,30.25898,-88.47688,3.5,56.0,511.0,GOOD SHEPHERD,,WDE3016,31,12,22,8,,57,A
367332950,2022-01-05T02:44:03,30.28658,-88.86080,4.8,86.0,511.0,GOOD SHEPHERD,,WDE3016,31,12,22,8,,57,A
367332950,2022-01-05T06:59:52,30.25890,-88.47707,3.5,53.0,511.0,GOOD SHEPHERD,,WDE3016,31,12,22,8,,57,A
367332950,2022-01-05T06:51:32,30.25607,-88.48618,3.9,73.0,511.0,GOOD SHEPHERD,,WDE3016,31,12,22,8,,57,A
367332950,2022-01-05T06:57:33,30.25733,-88.47902,3.9,58.0,511.0,GOOD SHEPHERD,,WDE3016,31,12,22,8,,57,A
367332950,2022-01-05T06:52:41,30.25630,-88.48480,3.7,87.0,511.0,GOOD SHEPHERD,,WDE3016,31,12,22,8,,57,A
367332950,2022-01-05T02:52:13,30.28803,-88.84828,4.7,77.0,511.0,GOOD SHEPHERD,,WDE3016,31,12,22,8,,57,A
367332950,2022-01-05T07:02:33,30.25955,-88.47422,3.6,82.0,511.0,GOOD SHEPHERD,,WDE3016,31,12,22,8,,57,A
367332950,2022-01-05T07:04:52,30.25992,-88.47143,3.7,86.0,511.0,GOOD SHEPHERD,,WDE3016,31,12,22,8,,57,A
367332950,2022-01-05T07:14:42,30.26035,-88.45965,3.7,98.0,511.0,GOOD SHEPHERD,,WDE3016,31,12,22,8,,57,A
367332950,2022-01-05T07:13:31,30.26052,-88.46102,3.7,88.0,511.0,GOOD SHEPHERD,,WDE3016,31,12,22,8,,57,A
367332950,2022-01-05T07:06:03,30.25987,-88.47007,3.6,96.0,511.0,GOOD SHEPHERD,,WDE3016,31,12,22,8,,57,A
367332950,2022-01-05T07:07:22,30.25978,-88.46853,3.8,89.0,511.0,GOOD SHEPHERD,,WDE3016,31,12,22,8,,57,A
367332950,2022-01-05T07:09:53,30.26002,-88.46542,3.9,77.0,511.0,GOOD SHEPHERD,,WDE3016,31,12,22,8,,57,A
367332950,2022-01-05T07:03:42,30.25977,-88.47287,3.7,80.0,511.0,GOOD SHEPHERD,,WDE3016,31,12,22,8,,57,A
367332950,2022-01-05T07:18:13,30.26138,-88.45595,3.6,51.0,511.0,GOOD SHEPHERD,,WDE3016,31,12,22,8,,57,A
367332950,2022-01-05T07:15:52,30.26028,-88.45827,3.7,87.0,511.0,GOOD SHEPHERD,,WDE3016,31,12,22,8,,57,A
367332950,2022-01-05T07:26:32,30.26200,-88.45055,1.6,99.0,511.0,GOOD SHEPHERD,,WDE3016,31,12,22,8,,57,A
367332950,2022-01-05T07:27:51,30.26192,-88.44990,1.5,93.0,511.0,GOOD SHEPHERD,,WDE3016,31,12,22,8,,57,A
367332950,2022-01-05T07:19:22,30.26193,-88.45492,3.1,66.0,511.0,GOOD SHEPHERD,,WDE3016,31,12,22,8,,57,A
367332950,2022-01-05T07:29:02,30.26192,-88.44932,1.5,86.0,511.0,GOOD SHEPHERD,,WDE3016,31,12,22,8,,57,A
367332950,2022-01-05T07:20:32,30.26217,-88.45398,2.3,78.0,511.0,GOOD SHEPHERD,,WDE3016,31,12,22,8,,57,A
367332950,2022-01-05T07:22:51,30.26223,-88.45247,1.8,95.0,511.0,GOOD SHEPHERD,,WDE3016,31,12,22,8,,57,A
367332950,2022-01-05T07:24:02,30.26215,-88.45183,1.7,99.0,511.0,GOOD SHEPHERD,,WDE3016,31,12,22,8,,57,A
367332950,2022-01-05T07:25:12,30.26208,-88.45123,1.7,94.0,511.0,GOOD SHEPHERD,,WDE3016,31,12,22,8,,57,A
367332950,2022-01-05T07:17:01,30.26062,-88.45703,3.5,56.0,511.0,GOOD SHEPHERD,,WDE3016,31,12,22,8,,57,A
367332950,2022-01-05T07:38:42,30.26023,-88.44408,1.4,108.0,511.0,GOOD SHEPHERD,,WDE3016,31,12,22,8,,57,A
367332950,2022-01-05T07:21:42,30.26225,-88.45318,2.0,86.0,511.0,GOOD SHEPHERD,,WDE3016,31,12,22,8,,57,A
367332950,2022-01-05T07:46:52,30.25965,-88.44155,1.0,98.0,511.0,GOOD SHEPHERD,,WDE3016,31,12,22,8,,57,A
367332950,2022-01-05T07:35:23,30.26073,-88.44568,1.7,110.0,511.0,GOOD SHEPHERD,,WDE3016,31,12,22,8,,57,A
367332950,2022-01-05T07:48:02,30.25958,-88.44128,0.6,109.0,511.0,GOOD SHEPHERD,,WDE3016,31,12,22,8,,57,A
367332950,2022-01-05T07:31:23,30.26162,-88.44783,2.1,114.0,511.0,GOOD SHEPHERD,,WDE3016,31,12,22,8,,57,A
367332950,2022-01-05T07:36:32,30.26057,-88.44507,1.7,107.0,511.0,GOOD SHEPHERD,,WDE3016,31,12,22,8,,57,A
367332950,2022-01-05T07:34:13,30.26095,-88.44632,1.8,113.0,511.0,GOOD SHEPHERD,,WDE3016,31,12,22,8,,57,A
367332950,2022-01-05T07:41:01,30.25997,-88.44300,1.7,107.0,511.0,GOOD SHEPHERD,,WDE3016,31,12,22,8,,57,A
367332950,2022-01-05T07:50:23,30.25947,-88.44112,0.4,91.0,511.0,GOOD SHEPHERD,,WDE3016,31,12,22,8,,57,A
367332950,2022-01-05T07:30:13,30.26192,-88.44857,2.2,106.0,511.0,GOOD SHEPHERD,,WDE3016,31,12,22,8,,57,A
367332950,2022-01-05T07:32:32,30.26133,-88.44717,1.9,119.0,511.0,GOOD SHEPHERD,,WDE3016,31,12,22,8,,57,A
367332950,2022-01-05T07:44:31,30.25963,-88.44205,0.2,180.0,511.0,GOOD SHEPHERD,,WDE3016,31,12,22,8,,57,A
367332950,2022-01-05T03:10:13,30.28997,-88.82065,5.0,85.0,511.0,GOOD SHEPHERD,,WDE3016,31,12,22,8,,57,A
367332950,2022-01-05T07:43:23,30.25967,-88.44212,0.4,108.0,511.0,GOOD SHEPHERD,,WDE3016,31,12,22,8,,57,A
367332950,2022-01-05T07:39:52,30.26013,-88.44358,1.5,97.0,511.0,GOOD SHEPHERD,,WDE3016,31,12,22,8,,57,A
367332950,2022-01-05T07:57:22,30.25950,-88.44077,0.2,2.0,511.0,GOOD SHEPHERD,,WDE3016,31,12,22,8,,57,A
367332950,2022-01-05T07:59:43,30.25942,-88.44085,0.2,220.0,511.0,GOOD SHEPHERD,,WDE3016,31,12,22,8,,57,A
367332950,2022-01-05T07:51:32,30.25937,-88.44083,0.9,126.0,511.0,GOOD SHEPHERD,,WDE3016,31,12,22,8,,57,A
367332950,2022-01-05T07:52:43,30.25927,-88.44070,0.3,129.0,511.0,GOOD SHEPHERD,,WDE3016,31,12,22,8,,57,A
367332950,2022-01-05T07:42:12,30.25978,-88.44238,1.6,113.0,511.0,GOOD SHEPHERD,,WDE3016,31,12,22,8,,57,A
367332950,2022-01-05T08:03:02,30.25913,-88.44083,0.2,172.0,511.0,GOOD SHEPHERD,,WDE3016,31,12,22,8,,57,A
367332950,2022-01-05T07:45:43,30.25958,-88.44203,0.7,69.0,511.0,GOOD SHEPHERD,,WDE3016,31,12,22,8,,57,A
367332950,2022-01-05T08:06:42,30.25880,-88.44092,0.6,183.0,511.0,GOOD SHEPHERD,,WDE3016,31,12,22,8,,57,A
367332950,2022-01-05T07:53:52,30.25923,-88.44063,0.2,293.0,511.0,GOOD SHEPHERD,,WDE3016,31,12,22,8,,57,A
367332950,2022-01-05T07:55:02,30.25930,-88.44070,0.2,3.0,511.0,GOOD SHEPHERD,,WDE3016,31,12,22,8,,57,A
367332950,2022-01-05T08:09:02,30.25855,-88.44087,0.1,250.0,511.0,GOOD SHEPHERD,,WDE3016,31,12,22,8,,57,A
367332950,2022-01-05T08:04:12,30.25912,-88.44083,0.1,89.0,511.0,GOOD SHEPHERD,,WDE3016,31,12,22,8,,57,A
367332950,2022-01-05T07:56:13,30.25940,-88.44073,0.6,321.0,511.0,GOOD SHEPHERD,,WDE3016,31,12,22,8,,57,A
367332950,2022-01-05T08:13:43,30.25828,-88.44228,2.1,256.0,511.0,GOOD SHEPHERD,,WDE3016,31,12,22,8,,57,A
367332950,2022-01-05T03:16:31,30.29040,-88.81072,4.9,89.0,511.0,GOOD SHEPHERD,,WDE3016,31,12,22,8,,57,A
367332950,2022-01-05T07:58:32,30.25950,-88.44082,0.2,193.0,511.0,GOOD SHEPHERD,,WDE3016,31,12,22,8,,57,A
367332950,2022-01-05T08:00:02,30.25940,-88.44083,0.3,145.0,511.0,GOOD SHEPHERD,,WDE3016,31,12,22,8,,57,A
367332950,2022-01-05T03:18:52,30.29037,-88.80698,4.9,91.0,511.0,GOOD SHEPHERD,,WDE3016,31,12,22,8,,57,A
367332950,2022-01-05T08:05:32,30.25900,-88.44085,0.6,191.0,511.0,GOOD SHEPHERD,,WDE3016,31,12,22,8,,57,A
367332950,2022-01-05T03:21:13,30.29027,-88.80325,4.9,86.0,511.0,GOOD SHEPHERD,,WDE3016,31,12,22,8,,57,A
367332950,2022-01-05T08:16:03,30.25795,-88.44407,2.6,259.0,511.0,GOOD SHEPHERD,,WDE3016,31,12,22,8,,57,A
367332950,2022-01-05T08:11:13,30.25852,-88.44108,0.7,263.0,511.0,GOOD SHEPHERD,,WDE3016,31,12,22,8,,57,A
367332950,2022-01-05T08:26:51,30.25698,-88.44618,1.4,208.0,511.0,GOOD SHEPHERD,,WDE3016,31,12,22,8,,57,A
367332950,2022-01-05T08:19:43,30.25820,-88.44508,5.0,58.0,511.0,GOOD SHEPHERD,,WDE3016,31,12,22,8,,57,A
367332950,2022-01-05T08:10:12,30.25855,-88.44095,0.4,244.0,511.0,GOOD SHEPHERD,,WDE3016,31,12,22,8,,57,A
367332950,2022-01-05T08:29:12,30.25620,-88.44678,1.6,216.0,511.0,GOOD SHEPHERD,,WDE3016,31,12,22,8,,57,A
367332950,2022-01-05T08:14:52,30.25812,-88.44308,2.4,258.0,511.0,GOOD SHEPHERD,,WDE3016,31,12,22,8,,57,A
367332950,2022-01-05T08:20:53,30.25810,-88.44457,2.0,244.0,511.0,GOOD SHEPHERD,,WDE3016,31,12,22,8,,57,A
367332950,2022-01-05T08:32:41,30.25497,-88.44798,1.7,219.0,511.0,GOOD SHEPHERD,,WDE3016,31,12,22,8,,57,A
367332950,2022-01-05T08:25:42,30.25738,-88.44593,1.3,198.0,511.0,GOOD SHEPHERD,,WDE3016,31,12,22,8,,57,A
367332950,2022-01-05T08:33:53,30.25453,-88.44840,1.7,222.0,511.0,GOOD SHEPHERD,,WDE3016,31,12,22,8,,57,A
367332950,2022-01-05T08:18:22,30.25758,-88.44553,2.1,258.0,511.0,GOOD SHEPHERD,,WDE3016,31,12,22,8,,57,A
367332950,2022-01-05T08:30:22,30.25580,-88.44717,1.6,218.0,511.0,GOOD SHEPHERD,,WDE3016,31,12,22,8,,57,A
367332950,2022-01-05T08:24:32,30.25768,-88.44577,0.9,226.0,511.0,GOOD SHEPHERD,,WDE3016,31,12,22,8,,57,A
367332950,2022-01-05T08:23:22,30.25785,-88.44542,1.1,256.0,511.0,GOOD SHEPHERD,,WDE3016,31,12,22,8,,57,A
367332950,2022-01-05T08:38:33,30.25363,-88.45063,1.8,257.0,511.0,GOOD SHEPHERD,,WDE3016,31,12,22,8,,57,A
367332950,2022-01-05T08:31:32,30.25538,-88.44755,1.7,221.0,511.0,GOOD SHEPHERD,,WDE3016,31,12,22,8,,57,A
367332950,2022-01-05T08:22:01,30.25797,-88.44498,1.0,253.0,511.0,GOOD SHEPHERD,,WDE3016,31,12,22,8,,57,A
367332950,2022-01-05T08:28:02,30.25660,-88.44647,1.5,214.0,511.0,GOOD SHEPHERD,,WDE3016,31,12,22,8,,57,A
367332950,2022-01-05T08:43:13,30.25297,-88.45222,0.5,220.0,511.0,GOOD SHEPHERD,,WDE3016,31,12,22,8,,57,A
367332950,2022-01-05T08:44:23,30.25285,-88.45235,0.5,218.0,511.0,GOOD SHEPHERD,,WDE3016,31,12,22,8,,57,A
367332950,2022-01-05T08:47:43,30.25243,-88.45285,0.9,218.0,511.0,GOOD SHEPHERD,,WDE3016,31,12,22,8,,57,A
367332950,2022-01-05T03:30:52,30.28708,-88.78897,5.0,102.0,511.0,GOOD SHEPHERD,,WDE3016,31,12,22,8,,57,A
367332950,2022-01-05T08:37:22,30.25375,-88.44998,1.7,255.0,511.0,GOOD SHEPHERD,,WDE3016,31,12,22,8,,57,A
367332950,2022-01-05T08:50:02,30.25188,-88.45328,1.2,220.0,511.0,GOOD SHEPHERD,,WDE3016,31,12,22,8,,57,A
367332950,2022-01-05T08:36:12,30.25392,-88.44938,1.6,243.0,511.0,GOOD SHEPHERD,,WDE3016,31,12,22,8,,57,A
367332950,2022-01-05T08:42:03,30.25307,-88.45210,0.7,239.0,511.0,GOOD SHEPHERD,,WDE3016,31,12,22,8,,57,A
367332950,2022-01-05T08:39:43,30.25345,-88.45125,1.8,247.0,511.0,GOOD SHEPHERD,,WDE3016,31,12,22,8,,57,A
367332950,2022-01-05T08:35:03,30.25420,-88.44887,1.6,233.0,511.0,GOOD SHEPHERD,,WDE3016,31,12,22,8,,57,A
367332950,2022-01-05T08:53:31,30.25103,-88.45417,0.9,233.0,511.0,GOOD SHEPHERD,,WDE3016,31,12,22,8,,57,A
367332950,2022-01-05T08:40:53,30.25323,-88.45180,1.2,242.0,511.0,GOOD SHEPHERD,,WDE3016,31,12,22,8,,57,A
367332950,2022-01-05T08:45:32,30.25273,-88.45248,0.5,230.0,511.0,GOOD SHEPHERD,,WDE3016,31,12,22,8,,57,A
367332950,2022-01-05T08:55:53,30.25078,-88.45460,0.5,231.0,511.0,GOOD SHEPHERD,,WDE3016,31,12,22,8,,57,A
367332950,2022-01-05T08:57:03,30.25068,-88.45465,0.3,168.0,511.0,GOOD SHEPHERD,,WDE3016,31,12,22,8,,57,A
367332950,2022-01-05T08:46:33,30.25263,-88.45262,0.7,231.0,511.0,GOOD SHEPHERD,,WDE3016,31,12,22,8,,57,A
367332950,2022-01-05T03:36:52,30.28588,-88.77942,5.2,97.0,511.0,GOOD SHEPHERD,,WDE3016,31,12,22,8,,57,A
367332950,2022-01-05T09:07:52,30.24965,-88.45532,0.9,256.0,511.0,GOOD SHEPHERD,,WDE3016,31,12,22,8,,57,A
367332950,2022-01-05T08:54:42,30.25090,-88.45440,0.7,241.0,511.0,GOOD SHEPHERD,,WDE3016,31,12,22,8,,57,A
367332950,2022-01-05T09:10:13,30.24955,-88.45612,1.3,264.0,511.0,GOOD SHEPHERD,,WDE3016,31,12,22,8,,57,A
367332950,2022-01-05T08:58:12,30.25060,-88.45455,0.5,116.0,511.0,GOOD SHEPHERD,,WDE3016,31,12,22,8,,57,A
367332950,2022-01-05T03:40:22,30.28573,-88.77362,5.2,88.0,511.0,GOOD SHEPHERD,,WDE3016,31,12,22,8,,57,A
367332950,2022-01-05T09:17:21,30.25002,-88.45915,2.2,281.0,511.0,GOOD SHEPHERD,,WDE3016,31,12,22,8,,57,A
367332950,2022-01-05T09:05:32,30.24997,-88.45477,0.8,224.0,511.0,GOOD SHEPHERD,,WDE3016,31,12,22,8,,57,A
367332950,2022-01-05T09:15:02,30.25000,-88.45803,1.1,284.0,511.0,GOOD SHEPHERD,,WDE3016,31,12,22,8,,57,A
367332950,2022-01-05T03:45:03,30.28573,-88.76592,5.1,92.0,511.0,GOOD SHEPHERD,,WDE3016,31,12,22,8,,57,A
367332950,2022-01-05T09:19:42,30.25123,-88.46033,2.8,324.0,511.0,GOOD SHEPHERD,,WDE3016,31,12,22,8,,57,A
367332950,2022-01-05T09:20:53,30.25192,-88.46115,2.9,299.0,511.0,GOOD SHEPHERD,,WDE3016,31,12,22,8,,57,A
367332950,2022-01-05T09:00:03,30.25048,-88.45438,0.3,146.0,511.0,GOOD SHEPHERD,,WDE3016,31,12,22,8,,57,A
367332950,2022-01-05T09:12:32,30.24965,-88.45707,1.3,292.0,511.0,GOOD SHEPHERD,,WDE3016,31,12,22,8,,57,A
367332950,2022-01-05T09:09:03,30.24960,-88.45565,1.1,261.0,511.0,GOOD SHEPHERD,,WDE3016,31,12,22,8,,57,A
367332950,2022-01-05T09:13:42,30.24983,-88.45750,1.4,292.0,511.0,GOOD SHEPHERD,,WDE3016,31,12,22,8,,57,A
367332950,2022-01-05T09:11:23,30.24953,-88.45662,1.3,274.0,511.0,GOOD SHEPHERD,,WDE3016,31,12,22,8,,57,A
367332950,2022-01-05T09:03:12,30.25023,-88.45445,0.4,209.0,511.0,GOOD SHEPHERD,,WDE3016,31,12,22,8,,57,A
367332950,2022-01-05T09:32:23,30.25213,-88.47587,4.3,270.0,511.0,GOOD SHEPHERD,,WDE3016,31,12,22,8,,57,A
367332950,2022-01-05T09:18:31,30.25053,-88.45975,2.5,316.0,511.0,GOOD SHEPHERD,,WDE3016,31,12,22,8,,57,A
367332950,2022-01-05T09:24:23,30.25222,-88.46505,4.0,269.0,511.0,GOOD SHEPHERD,,WDE3016,31,12,22,8,,57,A
367332950,2022-01-05T09:22:02,30.25212,-88.46227,3.3,278.0,511.0,GOOD SHEPHERD,,WDE3016,31,12,22,8,,57,A
367332950,2022-01-05T09:23:12,30.25227,-88.46357,3.7,271.0,511.0,GOOD SHEPHERD,,WDE3016,31,12,22,8,,57,A
367332950,2022-01-05T09:40:41,30.25265,-88.48923,5.4,275.0,511.0,GOOD SHEPHERD,,WDE3016,31,12,22,8,,57,A
367332950,2022-01-05T09:35:51,30.25222,-88.48113,5.1,267.0,511.0,GOOD SHEPHERD,,WDE3016,31,12,22,8,,57,A
367332950,2022-01-05T09:29:02,30.25217,-88.47122,4.2,278.0,511.0,GOOD SHEPHERD,,WDE3016,31,12,22,8,,57,A
367332950,2022-01-05T09:30:12,30.25220,-88.47288,4.3,272.0,511.0,GOOD SHEPHERD,,WDE3016,31,12,22,8,,57,A
367332950,2022-01-05T09:26:41,30.25210,-88.46810,4.1,275.0,511.0,GOOD SHEPHERD,,WDE3016,31,12,22,8,,57,A
367332950,2022-01-05T09:44:13,30.25295,-88.49533,5.2,276.0,511.0,GOOD SHEPHERD,,WDE3016,31,12,22,8,,57,A
367332950,2022-01-05T09:27:52,30.25213,-88.46967,4.2,264.0,511.0,GOOD SHEPHERD,,WDE3016,31,12,22,8,,57,A
367332950,2022-01-05T09:16:13,30.25007,-88.45840,1.1,276.0,511.0,GOOD SHEPHERD,,WDE3016,31,12,22,8,,57,A
367332950,2022-01-05T09:46:32,30.25348,-88.49922,5.4,274.0,511.0,GOOD SHEPHERD,,WDE3016,31,12,22,8,,57,A
367332950,2022-01-05T03:50:52,30.28548,-88.75643,5.1,89.0,511.0,GOOD SHEPHERD,,WDE3016,31,12,22,8,,57,A
367332950,2022-01-05T09:34:42,30.25227,-88.47923,4.9,276.0,511.0,GOOD SHEPHERD,,WDE3016,31,12,22,8,,57,A
367332950,2022-01-05T09:37:02,30.25227,-88.48312,5.2,270.0,511.0,GOOD SHEPHERD,,WDE3016,31,12,22,8,,57,A
367332950,2022-01-05T09:38:12,30.25220,-88.48502,5.2,272.0,511.0,GOOD SHEPHERD,,WDE3016,31,12,22,8,,57,A
367332950,2022-01-05T09:33:31,30.25220,-88.47747,4.5,265.0,511.0,GOOD SHEPHERD,,WDE3016,31,12,22,8,,57,A
367332950,2022-01-05T09:41:51,30.25270,-88.49125,5.5,270.0,511.0,GOOD SHEPHERD,,WDE3016,31,12,22,8,,57,A
367332950,2022-01-05T09:54:41,30.25343,-88.51358,5.4,268.0,511.0,GOOD SHEPHERD,,WDE3016,31,12,22,8,,57,A
367332950,2022-01-05T09:47:41,30.25357,-88.50117,5.5,268.0,511.0,GOOD SHEPHERD,,WDE3016,31,12,22,8,,57,A
367332950,2022-01-05T09:50:02,30.25360,-88.50530,5.4,276.0,511.0,GOOD SHEPHERD,,WDE3016,31,12,22,8,,57,A
367332950,2022-01-05T03:53:12,30.28548,-88.75262,5.0,94.0,511.0,GOOD SHEPHERD,,WDE3016,31,12,22,8,,57,A
367332950,2022-01-05T09:39:22,30.25238,-88.48700,5.2,279.0,511.0,GOOD SHEPHERD,,WDE3016,31,12,22,8,,57,A
367332950,2022-01-05T09:51:13,30.25370,-88.50733,5.4,275.0,511.0,GOOD SHEPHERD,,WDE3016,31,12,22,8,,57,A
367332950,2022-01-05T09:48:42,30.25350,-88.50297,5.5,268.0,511.0,GOOD SHEPHERD,,WDE3016,31,12,22,8,,57,A
367332950,2022-01-05T09:43:02,30.25290,-88.49333,5.4,278.0,511.0,GOOD SHEPHERD,,WDE3016,31,12,22,8,,57,A
367332950,2022-01-05T10:02:23,30.25398,-88.52437,4.6,261.0,511.0,GOOD SHEPHERD,,WDE3016,31,12,22,8,,57,A
367332950,2022-01-05T10:03:32,30.25372,-88.52618,4.9,261.0,511.0,GOOD SHEPHERD,,WDE3016,31,12,22,8,,57,A
367332950,2022-01-05T09:52:22,30.25375,-88.50948,5.7,266.0,511.0,GOOD SHEPHERD,,WDE3016,31,12,22,8,,57,A
367332950,2022-01-05T03:56:52,30.28512,-88.74673,5.0,97.0,511.0,GOOD SHEPHERD,,WDE3016,31,12,22,8,,57,A
367332950,2022-01-05T09:45:23,30.25333,-88.49720,5.2,279.0,511.0,GOOD SHEPHERD,,WDE3016,31,12,22,8,,57,A
367332950,2022-01-05T09:55:51,30.25347,-88.51555,5.3,269.0,511.0,GOOD SHEPHERD,,WDE3016,31,12,22,8,,57,A
367332950,2022-01-05T10:08:13,30.25345,-88.53372,5.1,268.0,511.0,GOOD SHEPHERD,,WDE3016,31,12,22,8,,57,A
367332950,2022-01-05T10:11:53,30.25360,-88.53957,4.8,282.0,511.0,GOOD SHEPHERD,,WDE3016,31,12,22,8,,57,A
367332950,2022-01-05T09:58:13,30.25280,-88.51927,4.2,277.0,511.0,GOOD SHEPHERD,,WDE3016,31,12,22,8,,57,A
367332950,2022-01-05T10:01:13,30.25418,-88.52273,4.2,270.0,511.0,GOOD SHEPHERD,,WDE3016,31,12,22,8,,57,A
367332950,2022-01-05T09:59:23,30.25337,-88.52060,4.0,306.0,511.0,GOOD SHEPHERD,,WDE3016,31,12,22,8,,57,A
367332950,2022-01-05T10:15:31,30.25455,-88.54487,4.8,277.0,511.0,GOOD SHEPHERD,,WDE3016,31,12,22,8,,57,A
367332950,2022-01-05T09:53:32,30.25358,-88.51155,5.6,263.0,511.0,GOOD SHEPHERD,,WDE3016,31,12,22,8,,57,A
367332950,2022-01-05T10:05:52,30.25363,-88.52985,5.1,267.0,511.0,GOOD SHEPHERD,,WDE3016,31,12,22,8,,57,A
367332950,2022-01-05T10:23:02,30.25577,-88.55623,4.6,287.0,511.0,GOOD SHEPHERD,,WDE3016,31,12,22,8,,57,A
367332950,2022-01-05T10:09:32,30.25347,-88.53590,5.1,266.0,511.0,GOOD SHEPHERD,,WDE3016,31,12,22,8,,57,A
367332950,2022-01-05T10:00:02,30.25382,-88.52125,4.1,306.0,511.0,GOOD SHEPHERD,,WDE3016,31,12,22,8,,57,A
367332950,2022-01-05T10:06:53,30.25350,-88.53152,5.1,265.0,511.0,GOOD SHEPHERD,,WDE3016,31,12,22,8,,57,A
367332950,2022-01-05T10:13:02,30.25372,-88.54137,4.9,273.0,511.0,GOOD SHEPHERD,,WDE3016,31,12,22,8,,57,A
367332950,2022-01-05T10:14:12,30.25418,-88.54297,4.5,286.0,511.0,GOOD SHEPHERD,,WDE3016,31,12,22,8,,57,A
367332950,2022-01-05T10:30:12,30.25580,-88.56662,4.5,258.0,511.0,GOOD SHEPHERD,,WDE3016,31,12,22,8,,57,A
367332950,2022-01-05T10:10:43,30.25333,-88.53782,4.9,271.0,511.0,GOOD SHEPHERD,,WDE3016,31,12,22,8,,57,A
367332950,2022-01-05T10:16:43,30.25467,-88.54678,4.9,277.0,511.0,GOOD SHEPHERD,,WDE3016,31,12,22,8,,57,A
367332950,2022-01-05T10:20:13,30.25510,-88.55200,4.8,274.0,511.0,GOOD SHEPHERD,,WDE3016,31,12,22,8,,57,A
367332950,2022-01-05T10:38:22,30.25385,-88.57805,4.7,259.0,511.0,GOOD SHEPHERD,,WDE3016,31,12,22,8,,57,A
367332950,2022-01-05T10:19:02,30.25510,-88.55022,4.8,261.0,511.0,GOOD SHEPHERD,,WDE3016,31,12,22,8,,57,A
367332950,2022-01-05T10:21:53,30.25528,-88.55457,4.8,278.0,511.0,GOOD SHEPHERD,,WDE3016,31,12,22,8,,57,A
367332950,2022-01-05T10:25:22,30.25550,-88.55962,4.7,272.0,511.0,GOOD SHEPHERD,,WDE3016,31,12,22,8,,57,A
367332950,2022-01-05T10:26:31,30.25540,-88.56137,4.9,266.0,511.0,GOOD SHEPHERD,,WDE3016,31,12,22,8,,57,A
367332950,2022-01-05T10:27:42,30.25537,-88.56328,4.7,275.0,511.0,GOOD SHEPHERD,,WDE3016,31,12,22,8,,57,A
367332950,2022-01-05T10:39:33,30.25355,-88.57982,4.7,259.0,511.0,GOOD SHEPHERD,,WDE3016,31,12,22,8,,57,A
367332950,2022-01-05T10:24:13,30.25562,-88.55790,4.7,255.0,511.0,GOOD SHEPHERD,,WDE3016,31,12,22,8,,57,A
367332950,2022-01-05T10:31:22,30.25573,-88.56825,4.3,278.0,511.0,GOOD SHEPHERD,,WDE3016,31,12,22,8,,57,A
367332950,2022-01-05T10:44:21,30.25307,-88.58623,4.1,271.0,511.0,GOOD SHEPHERD,,WDE3016,31,12,22,8,,57,A
367332950,2022-01-05T04:11:42,30.28517,-88.72273,5.1,92.0,511.0,GOOD SHEPHERD,,WDE3016,31,12,22,8,,57,A
367332950,2022-01-05T10:36:02,30.25435,-88.57460,4.6,258.0,511.0,GOOD SHEPHERD,,WDE3016,31,12,22,8,,57,A
367332950,2022-01-05T10:54:53,30.25312,-88.60058,4.4,275.0,511.0,GOOD SHEPHERD,,WDE3016,31,12,22,8,,57,A
367332950,2022-01-05T10:45:32,30.25325,-88.58777,4.2,277.0,511.0,GOOD SHEPHERD,,WDE3016,31,12,22,8,,57,A
367332950,2022-01-05T10:32:32,30.25568,-88.56982,4.2,248.0,511.0,GOOD SHEPHERD,,WDE3016,31,12,22,8,,57,A
367332950,2022-01-05T10:57:12,30.25413,-88.60347,4.2,299.0,511.0,GOOD SHEPHERD,,WDE3016,31,12,22,8,,57,A
367332950,2022-01-05T10:40:42,30.25355,-88.58145,4.3,281.0,511.0,GOOD SHEPHERD,,WDE3016,31,12,22,8,,57,A
367332950,2022-01-05T10:33:42,30.25512,-88.57137,4.6,242.0,511.0,GOOD SHEPHERD,,WDE3016,31,12,22,8,,57,A
367332950,2022-01-05T10:43:13,30.25322,-88.58472,4.2,256.0,511.0,GOOD SHEPHERD,,WDE3016,31,12,22,8,,57,A
367332950,2022-01-05T10:37:12,30.25407,-88.57632,4.7,261.0,511.0,GOOD SHEPHERD,,WDE3016,31,12,22,8,,57,A
367332950,2022-01-05T04:16:22,30.28498,-88.71517,4.5,106.0,511.0,GOOD SHEPHERD,,WDE3016,31,12,22,8,,57,A
367332950,2022-01-05T11:04:11,30.25707,-88.61227,4.1,301.0,511.0,GOOD SHEPHERD,,WDE3016,31,12,22,8,,57,A
367332950,2022-01-05T10:46:42,30.25307,-88.58933,4.3,255.0,511.0,GOOD SHEPHERD,,WDE3016,31,12,22,8,,57,A
367332950,2022-01-05T10:51:23,30.25290,-88.59570,4.4,266.0,511.0,GOOD SHEPHERD,,WDE3016,31,12,22,8,,57,A
367332950,2022-01-05T10:47:52,30.25272,-88.59100,4.3,260.0,511.0,GOOD SHEPHERD,,WDE3016,31,12,22,8,,57,A
367332950,2022-01-05T10:41:53,30.25372,-88.58298,4.0,260.0,511.0,GOOD SHEPHERD,,WDE3016,31,12,22,8,,57,A
367332950,2022-01-05T10:50:21,30.25297,-88.59427,4.3,271.0,511.0,GOOD SHEPHERD,,WDE3016,31,12,22,8,,57,A
367332950,2022-01-05T10:53:41,30.25298,-88.59893,4.4,272.0,511.0,GOOD SHEPHERD,,WDE3016,31,12,22,8,,57,A
367332950,2022-01-05T11:13:42,30.26555,-88.62028,4.2,326.0,511.0,GOOD SHEPHERD,,WDE3016,31,12,22,8,,57,A
367332950,2022-01-05T04:21:11,30.28470,-88.70748,5.2,83.0,511.0,GOOD SHEPHERD,,WDE3016,31,12,22,8,,57,A
367332950,2022-01-05T10:58:23,30.25480,-88.60490,4.2,298.0,511.0,GOOD SHEPHERD,,WDE3016,31,12,22,8,,57,A
367332950,2022-01-05T11:12:31,30.26435,-88.61943,4.2,327.0,511.0,GOOD SHEPHERD,,WDE3016,31,12,22,8,,57,A
367332950,2022-01-05T11:01:53,30.25608,-88.60933,4.2,287.0,511.0,GOOD SHEPHERD,,WDE3016,31,12,22,8,,57,A
367332950,2022-01-05T11:19:23,30.27100,-88.62495,4.4,322.0,511.0,GOOD SHEPHERD,,WDE3016,31,12,22,8,,57,A
367332950,2022-01-05T11:03:02,30.25653,-88.61085,4.2,289.0,511.0,GOOD SHEPHERD,,WDE3016,31,12,22,8,,57,A
367332950,2022-01-05T11:20:32,30.27215,-88.62587,4.3,321.0,511.0,GOOD SHEPHERD,,WDE3016,31,12,22,8,,57,A
367332950,2022-01-05T11:06:33,30.25877,-88.61468,4.2,306.0,511.0,GOOD SHEPHERD,,WDE3016,31,12,22,8,,57,A
367332950,2022-01-05T11:08:52,30.26075,-88.61675,4.2,322.0,511.0,GOOD SHEPHERD,,WDE3016,31,12,22,8,,57,A
367332950,2022-01-05T11:10:02,30.26187,-88.61762,4.2,324.0,511.0,GOOD SHEPHERD,,WDE3016,31,12,22,8,,57,A
367332950,2022-01-05T11:05:13,30.25777,-88.61335,4.1,310.0,511.0,GOOD SHEPHERD,,WDE3016,31,12,22,8,,57,A
367332950,2022-01-05T11:16:03,30.26782,-88.62207,4.3,324.0,511.0,GOOD SHEPHERD,,WDE3016,31,12,22,8,,57,A
367332950,2022-01-05T11:24:01,30.27562,-88.62870,4.4,325.0,511.0,GOOD SHEPHERD,,WDE3016,31,12,22,8,,57,A
367332950,2022-01-05T11:11:13,30.26303,-88.61848,4.2,329.0,511.0,GOOD SHEPHERD,,WDE3016,31,12,22,8,,57,A
367332950,2022-01-05T11:30:53,30.28042,-88.63503,4.4,285.0,511.0,GOOD SHEPHERD,,WDE3016,31,12,22,8,,57,A
367332950,2022-01-05T11:07:41,30.25967,-88.61578,4.1,320.0,511.0,GOOD SHEPHERD,,WDE3016,31,12,22,8,,57,A
367332950,2022-01-05T11:14:52,30.26670,-88.62115,4.2,328.0,511.0,GOOD SHEPHERD,,WDE3016,31,12,22,8,,57,A
367332950,2022-01-05T11:28:32,30.27937,-88.63212,3.9,287.0,511.0,GOOD SHEPHERD,,WDE3016,31,12,22,8,,57,A
367332950,2022-01-05T11:21:43,30.27330,-88.62692,4.3,327.0,511.0,GOOD SHEPHERD,,WDE3016,31,12,22,8,,57,A
367332950,2022-01-05T11:18:21,30.26998,-88.62408,4.4,320.0,511.0,GOOD SHEPHERD,,WDE3016,31,12,22,8,,57,A
367332950,2022-01-05T11:39:03,30.28107,-88.64635,4.0,248.0,511.0,GOOD SHEPHERD,,WDE3016,31,12,22,8,,57,A
367332950,2022-01-05T11:40:12,30.28117,-88.64773,3.8,281.0,511.0,GOOD SHEPHERD,,WDE3016,31,12,22,8,,57,A
367332950,2022-01-05T11:43:32,30.28147,-88.65220,4.5,267.0,511.0,GOOD SHEPHERD,,WDE3016,31,12,22,8,,57,A
367332950,2022-01-05T11:25:03,30.27672,-88.62935,4.3,334.0,511.0,GOOD SHEPHERD,,WDE3016,31,12,22,8,,57,A
367332950,2022-01-05T11:26:11,30.27800,-88.62997,4.3,339.0,511.0,GOOD SHEPHERD,,WDE3016,31,12,22,8,,57,A
367332950,2022-01-05T11:45:52,30.28168,-88.65562,4.6,271.0,511.0,GOOD SHEPHERD,,WDE3016,31,12,22,8,,57,A
367332950,2022-01-05T11:27:23,30.27905,-88.63082,3.5,300.0,511.0,GOOD SHEPHERD,,WDE3016,31,12,22,8,,57,A
367332950,2022-01-05T11:32:02,30.28063,-88.63672,4.5,275.0,511.0,GOOD SHEPHERD,,WDE3016,31,12,22,8,,57,A
367332950,2022-01-05T11:33:11,30.28070,-88.63835,4.6,270.0,511.0,GOOD SHEPHERD,,WDE3016,31,12,22,8,,57,A
367332950,2022-01-05T11:37:51,30.28168,-88.64493,4.2,255.0,511.0,GOOD SHEPHERD,,WDE3016,31,12,22,8,,57,A
367332950,2022-01-05T11:29:42,30.27997,-88.63348,4.2,298.0,511.0,GOOD SHEPHERD,,WDE3016,31,12,22,8,,57,A
367332950,2022-01-05T11:35:31,30.28115,-88.64173,4.4,291.0,511.0,GOOD SHEPHERD,,WDE3016,31,12,22,8,,57,A
367332950,2022-01-05T11:34:23,30.28082,-88.64013,4.6,275.0,511.0,GOOD SHEPHERD,,WDE3016,31,12,22,8,,57,A
367332950,2022-01-05T11:41:22,30.28128,-88.64922,4.2,278.0,511.0,GOOD SHEPHERD,,WDE3016,31,12,22,8,,57,A
367332950,2022-01-05T11:36:43,30.28162,-88.64333,4.5,284.0,511.0,GOOD SHEPHERD,,WDE3016,31,12,22,8,,57,A
367332950,2022-01-05T11:58:42,30.28170,-88.67542,4.7,282.0,511.0,GOOD SHEPHERD,,WDE3016,31,12,22,8,,57,A
367332950,2022-01-05T04:38:32,30.28295,-88.67883,5.0,100.0,511.0,GOOD SHEPHERD,,WDE3016,31,12,22,8,,57,A
367332950,2022-01-05T11:44:42,30.28165,-88.65387,4.5,272.0,511.0,GOOD SHEPHERD,,WDE3016,31,12,22,8,,57,A
367332950,2022-01-05T11:54:02,30.28140,-88.66822,5.0,261.0,511.0,GOOD SHEPHERD,,WDE3016,31,12,22,8,,57,A
367332950,2022-01-05T11:47:01,30.28162,-88.65733,4.8,265.0,511.0,GOOD SHEPHERD,,WDE3016,31,12,22,8,,57,A
367332950,2022-01-05T11:50:32,30.28155,-88.66270,4.8,277.0,511.0,GOOD SHEPHERD,,WDE3016,31,12,22,8,,57,A
367332950,2022-01-05T04:42:03,30.28257,-88.67310,5.3,90.0,511.0,GOOD SHEPHERD,,WDE3016,31,12,22,8,,57,A
367332950,2022-01-05T11:48:13,30.28145,-88.65918,4.6,271.0,511.0,GOOD SHEPHERD,,WDE3016,31,12,22,8,,57,A
367332950,2022-01-05T11:49:22,30.28143,-88.66090,4.8,268.0,511.0,GOOD SHEPHERD,,WDE3016,31,12,22,8,,57,A
367332950,2022-01-05T12:04:43,30.28150,-88.68492,4.9,254.0,511.0,GOOD SHEPHERD,,WDE3016,31,12,22,8,,57,A
367332950,2022-01-05T11:55:12,30.28128,-88.66998,4.7,275.0,511.0,GOOD SHEPHERD,,WDE3016,31,12,22,8,,57,A
367332950,2022-01-05T12:07:03,30.28138,-88.68853,4.9,270.0,511.0,GOOD SHEPHERD,,WDE3016,31,12,22,8,,57,A
367332950,2022-01-05T12:02:22,30.28225,-88.68122,5.1,271.0,511.0,GOOD SHEPHERD,,WDE3016,31,12,22,8,,57,A
367332950,2022-01-05T12:08:12,30.28145,-88.69033,5.1,274.0,511.0,GOOD SHEPHERD,,WDE3016,31,12,22,8,,57,A
367332950,2022-01-05T12:00:02,30.28198,-88.67745,4.9,279.0,511.0,GOOD SHEPHERD,,WDE3016,31,12,22,8,,57,A
367332950,2022-01-05T12:17:22,30.28200,-88.70543,5.3,274.0,511.0,GOOD SHEPHERD,,WDE3016,31,12,22,8,,57,A
367332950,2022-01-05T11:51:43,30.28163,-88.66450,4.9,270.0,511.0,GOOD SHEPHERD,,WDE3016,31,12,22,8,,57,A
367332950,2022-01-05T12:18:31,30.28215,-88.70745,5.3,274.0,511.0,GOOD SHEPHERD,,WDE3016,31,12,22,8,,57,A
367332950,2022-01-05T11:59:53,30.28195,-88.67725,4.9,279.0,511.0,GOOD SHEPHERD,,WDE3016,31,12,22,8,,57,A
367332950,2022-01-05T12:19:42,30.28230,-88.70945,5.3,275.0,511.0,GOOD SHEPHERD,,WDE3016,31,12,22,8,,57,A
367332950,2022-01-05T12:03:32,30.28205,-88.68313,5.1,254.0,511.0,GOOD SHEPHERD,,WDE3016,31,12,22,8,,57,A
367332950,2022-01-05T12:20:43,30.28243,-88.71115,5.3,276.0,511.0,GOOD SHEPHERD,,WDE3016,31,12,22,8,,57,A
367332950,2022-01-05T04:44:22,30.28242,-88.66913,5.3,90.0,511.0,GOOD SHEPHERD,,WDE3016,31,12,22,8,,57,A
367332950,2022-01-05T12:15:11,30.28172,-88.70180,5.1,277.0,511.0,GOOD SHEPHERD,,WDE3016,31,12,22,8,,57,A
367332950,2022-01-05T11:57:32,30.28153,-88.67360,4.9,267.0,511.0,GOOD SHEPHERD,,WDE3016,31,12,22,8,,57,A
367332950,2022-01-05T12:11:43,30.28185,-88.69622,5.3,267.0,511.0,GOOD SHEPHERD,,WDE3016,31,12,22,8,,57,A
367332950,2022-01-05T12:12:51,30.28152,-88.69808,5.2,255.0,511.0,GOOD SHEPHERD,,WDE3016,31,12,22,8,,57,A
367332950,2022-01-05T04:46:42,30.28250,-88.66520,5.1,96.0,511.0,GOOD SHEPHERD,,WDE3016,31,12,22,8,,57,A
367332950,2022-01-05T12:14:03,30.28143,-88.69997,4.8,279.0,511.0,GOOD SHEPHERD,,WDE3016,31,12,22,8,,57,A
367332950,2022-01-05T12:32:23,30.28403,-88.73092,5.3,278.0,511.0,GOOD SHEPHERD,,WDE3016,31,12,22,8,,57,A
367332950,2022-01-05T12:38:12,30.28445,-88.74058,5.1,262.0,511.0,GOOD SHEPHERD,,WDE3016,31,12,22,8,,57,A
367332950,2022-01-05T12:21:53,30.28257,-88.71315,5.4,270.0,511.0,GOOD SHEPHERD,,WDE3016,31,12,22,8,,57,A
367332950,2022-01-05T12:09:23,30.28162,-88.69233,5.2,276.0,511.0,GOOD SHEPHERD,,WDE3016,31,12,22,8,,57,A
367332950,2022-01-05T12:16:12,30.28187,-88.70345,5.2,275.0,511.0,GOOD SHEPHERD,,WDE3016,31,12,22,8,,57,A
367332950,2022-01-05T12:24:13,30.28282,-88.71708,5.2,281.0,511.0,GOOD SHEPHERD,,WDE3016,31,12,22,8,,57,A
367332950,2022-01-05T12:25:22,30.28305,-88.71903,5.3,274.0,511.0,GOOD SHEPHERD,,WDE3016,31,12,22,8,,57,A
367332950,2022-01-05T12:27:42,30.28348,-88.72293,5.3,276.0,511.0,GOOD SHEPHERD,,WDE3016,31,12,22,8,,57,A
367332950,2022-01-05T12:35:53,30.28457,-88.73680,5.2,277.0,511.0,GOOD SHEPHERD,,WDE3016,31,12,22,8,,57,A
367332950,2022-01-05T12:30:03,30.28368,-88.72698,5.3,275.0,511.0,GOOD SHEPHERD,,WDE3016,31,12,22,8,,57,A
367332950,2022-01-05T12:31:13,30.28385,-88.72897,5.3,275.0,511.0,GOOD SHEPHERD,,WDE3016,31,12,22,8,,57,A
367332950,2022-01-05T12:51:12,30.28315,-88.76208,5.3,267.0,511.0,GOOD SHEPHERD,,WDE3016,31,12,22,8,,57,A
367332950,2022-01-05T12:43:02,30.28390,-88.74857,5.1,268.0,511.0,GOOD SHEPHERD,,WDE3016,31,12,22,8,,57,A
367332950,2022-01-05T12:28:53,30.28355,-88.72493,5.4,271.0,511.0,GOOD SHEPHERD,,WDE3016,31,12,22,8,,57,A
367332950,2022-01-05T12:37:03,30.28467,-88.73870,5.1,267.0,511.0,GOOD SHEPHERD,,WDE3016,31,12,22,8,,57,A
367332950,2022-01-05T12:26:32,30.28325,-88.72098,5.3,278.0,511.0,GOOD SHEPHERD,,WDE3016,31,12,22,8,,57,A
367332950,2022-01-05T12:33:31,30.28427,-88.73287,5.3,274.0,511.0,GOOD SHEPHERD,,WDE3016,31,12,22,8,,57,A
367332950,2022-01-05T12:34:43,30.28437,-88.73485,5.2,273.0,511.0,GOOD SHEPHERD,,WDE3016,31,12,22,8,,57,A
367332950,2022-01-05T12:41:51,30.28397,-88.74665,5.2,263.0,511.0,GOOD SHEPHERD,,WDE3016,31,12,22,8,,57,A
367332950,2022-01-05T12:58:02,30.28265,-88.77362,5.1,277.0,511.0,GOOD SHEPHERD,,WDE3016,31,12,22,8,,57,A
367332950,2022-01-05T12:52:23,30.28302,-88.76412,5.3,264.0,511.0,GOOD SHEPHERD,,WDE3016,31,12,22,8,,57,A
367332950,2022-01-05T12:39:23,30.28437,-88.74258,5.1,269.0,511.0,GOOD SHEPHERD,,WDE3016,31,12,22,8,,57,A
367332950,2022-01-05T12:44:12,30.28372,-88.75047,5.2,259.0,511.0,GOOD SHEPHERD,,WDE3016,31,12,22,8,,57,A
367332950,2022-01-05T04:54:52,30.28215,-88.65152,5.3,91.0,511.0,GOOD SHEPHERD,,WDE3016,31,12,22,8,,57,A
367332950,2022-01-05T12:48:52,30.28322,-88.75820,5.2,267.0,511.0,GOOD SHEPHERD,,WDE3016,31,12,22,8,,57,A
367332950,2022-01-05T12:46:33,30.28347,-88.75433,5.1,266.0,511.0,GOOD SHEPHERD,,WDE3016,31,12,22,8,,57,A
367332950,2022-01-05T12:47:42,30.28338,-88.75627,5.2,266.0,511.0,GOOD SHEPHERD,,WDE3016,31,12,22,8,,57,A
367332950,2022-01-05T12:40:43,30.28423,-88.74478,5.2,261.0,511.0,GOOD SHEPHERD,,WDE3016,31,12,22,8,,57,A
367332950,2022-01-05T12:50:02,30.28322,-88.76010,5.2,270.0,511.0,GOOD SHEPHERD,,WDE3016,31,12,22,8,,57,A
367332950,2022-01-05T12:54:41,30.28290,-88.76800,5.3,268.0,511.0,GOOD SHEPHERD,,WDE3016,31,12,22,8,,57,A
367332950,2022-01-05T13:11:42,30.28177,-88.79650,5.3,265.0,511.0,GOOD SHEPHERD,,WDE3016,31,12,22,8,,57,A
367332950,2022-01-05T04:57:12,30.28190,-88.64767,5.3,95.0,511.0,GOOD SHEPHERD,,WDE3016,31,12,22,8,,57,A
367332950,2022-01-05T13:05:53,30.28213,-88.78662,5.3,266.0,511.0,GOOD SHEPHERD,,WDE3016,31,12,22,8,,57,A
367332950,2022-01-05T12:55:51,30.28280,-88.76997,5.3,263.0,511.0,GOOD SHEPHERD,,WDE3016,31,12,22,8,,57,A
367332950,2022-01-05T12:57:01,30.28262,-88.77197,5.3,265.0,511.0,GOOD SHEPHERD,,WDE3016,31,12,22,8,,57,A
367332950,2022-01-05T13:08:12,30.28228,-88.79053,5.2,270.0,511.0,GOOD SHEPHERD,,WDE3016,31,12,22,8,,57,A
367332950,2022-01-05T13:00:02,30.28277,-88.77690,5.2,265.0,511.0,GOOD SHEPHERD,,WDE3016,31,12,22,8,,57,A
367332950,2022-01-05T13:22:13,30.28122,-88.81463,5.5,266.0,511.0,GOOD SHEPHERD,,WDE3016,31,12,22,8,,57,A
367332950,2022-01-05T13:02:22,30.28258,-88.78078,5.2,262.0,511.0,GOOD SHEPHERD,,WDE3016,31,12,22,8,,57,A
367332950,2022-01-05T13:10:31,30.28193,-88.79445,5.4,260.0,511.0,GOOD SHEPHERD,,WDE3016,31,12,22,8,,57,A
367332950,2022-01-05T13:07:02,30.28220,-88.78857,5.1,278.0,511.0,GOOD SHEPHERD,,WDE3016,31,12,22,8,,57,A
367332950,2022-01-05T13:12:51,30.28160,-88.79847,5.4,266.0,511.0,GOOD SHEPHERD,,WDE3016,31,12,22,8,,57,A
367332950,2022-01-05T13:03:32,30.28237,-88.78265,5.2,265.0,511.0,GOOD SHEPHERD,,WDE3016,31,12,22,8,,57,A
367332950,2022-01-05T13:13:53,30.28163,-88.80018,5.3,271.0,511.0,GOOD SHEPHERD,,WDE3016,31,12,22,8,,57,A
367332950,2022-01-05T13:15:03,30.28163,-88.80225,5.4,267.0,511.0,GOOD SHEPHERD,,WDE3016,31,12,22,8,,57,A
367332950,2022-01-05T13:19:51,30.28137,-88.81055,5.4,265.0,511.0,GOOD SHEPHERD,,WDE3016,31,12,22,8,,57,A
367332950,2022-01-05T13:09:22,30.28222,-88.79252,5.3,263.0,511.0,GOOD SHEPHERD,,WDE3016,31,12,22,8,,57,A
367332950,2022-01-05T13:21:03,30.28130,-88.81258,5.4,268.0,511.0,GOOD SHEPHERD,,WDE3016,31,12,22,8,,57,A
367332950,2022-01-05T13:16:13,30.28147,-88.80427,5.5,262.0,511.0,GOOD SHEPHERD,,WDE3016,31,12,22,8,,57,A
367332950,2022-01-05T13:33:51,30.28158,-88.83462,5.3,273.0,511.0,GOOD SHEPHERD,,WDE3016,31,12,22,8,,57,A
367332950,2022-01-05T13:26:53,30.28098,-88.82275,5.4,274.0,511.0,GOOD SHEPHERD,,WDE3016,31,12,22,8,,57,A
367332950,2022-01-05T05:12:33,30.27228,-88.62738,5.1,143.0,511.0,GOOD SHEPHERD,,WDE3016,31,12,22,8,,57,A
367332950,2022-01-05T13:17:32,30.28132,-88.80652,5.3,271.0,511.0,GOOD SHEPHERD,,WDE3016,31,12,22,8,,57,A
367332950,2022-01-05T13:38:32,30.28143,-88.84283,5.5,270.0,511.0,GOOD SHEPHERD,,WDE3016,31,12,22,8,,57,A
367332950,2022-01-05T13:23:23,30.28103,-88.81670,5.4,265.0,511.0,GOOD SHEPHERD,,WDE3016,31,12,22,8,,57,A
367332950,2022-01-05T05:13:42,30.27102,-88.62620,5.1,141.0,511.0,GOOD SHEPHERD,,WDE3016,31,12,22,8,,57,A
367332950,2022-01-05T13:49:33,30.28045,-88.86245,5.6,266.0,511.0,GOOD SHEPHERD,,WDE3016,31,12,22,8,,57,A
367332950,2022-01-05T13:28:01,30.28107,-88.82477,5.4,273.0,511.0,GOOD SHEPHERD,,WDE3016,31,12,22,8,,57,A
367332950,2022-01-05T13:25:43,30.28085,-88.82078,5.3,273.0,511.0,GOOD SHEPHERD,,WDE3016,31,12,22,8,,57,A
367332950,2022-01-05T13:32:41,30.28168,-88.83260,5.4,264.0,511.0,GOOD SHEPHERD,,WDE3016,31,12,22,8,,57,A
367332950,2022-01-05T13:43:31,30.28103,-88.85165,5.6,267.0,511.0,GOOD SHEPHERD,,WDE3016,31,12,22,8,,57,A
367332950,2022-01-05T13:24:32,30.28092,-88.81868,5.5,265.0,511.0,GOOD SHEPHERD,,WDE3016,31,12,22,8,,57,A
367332950,2022-01-05T13:31:31,30.28168,-88.83060,5.3,274.0,511.0,GOOD SHEPHERD,,WDE3016,31,12,22,8,,57,A
367332950,2022-01-05T13:55:21,30.27967,-88.87270,5.6,265.0,511.0,GOOD SHEPHERD,,WDE3016,31,12,22,8,,57,A
367332950,2022-01-05T13:58:43,30.27912,-88.87865,5.5,264.0,511.0,GOOD SHEPHERD,,WDE3016,31,12,22,8,,57,A
367332950,2022-01-05T13:29:13,30.28133,-88.82670,5.3,276.0,511.0,GOOD SHEPHERD,,WDE3016,31,12,22,8,,57,A
367332950,2022-01-05T13:30:21,30.28148,-88.82867,5.2,280.0,511.0,GOOD SHEPHERD,,WDE3016,31,12,22,8,,57,A
367332950,2022-01-05T13:37:31,30.28143,-88.84098,5.5,269.0,511.0,GOOD SHEPHERD,,WDE3016,31,12,22,8,,57,A
367332950,2022-01-05T13:45:53,30.28087,-88.85587,5.6,266.0,511.0,GOOD SHEPHERD,,WDE3016,31,12,22,8,,57,A
367332950,2022-01-05T13:48:23,30.28060,-88.86032,5.6,266.0,511.0,GOOD SHEPHERD,,WDE3016,31,12,22,8,,57,A
367332950,2022-01-05T13:42:12,30.28107,-88.84928,5.5,268.0,511.0,GOOD SHEPHERD,,WDE3016,31,12,22,8,,57,A
367332950,2022-01-05T14:05:02,30.27827,-88.88967,5.5,265.0,511.0,GOOD SHEPHERD,,WDE3016,31,12,22,8,,57,A
367332950,2022-01-05T13:51:51,30.28017,-88.86647,5.5,265.0,511.0,GOOD SHEPHERD,,WDE3016,31,12,22,8,,57,A
367332950,2022-01-05T13:40:52,30.28123,-88.84688,5.6,265.0,511.0,GOOD SHEPHERD,,WDE3016,31,12,22,8,,57,A
367332950,2022-01-05T13:53:03,30.27998,-88.86865,5.6,265.0,511.0,GOOD SHEPHERD,,WDE3016,31,12,22,8,,57,A
367332950,2022-01-05T13:56:33,30.27950,-88.87487,5.6,263.0,511.0,GOOD SHEPHERD,,WDE3016,31,12,22,8,,57,A
367332950,2022-01-05T14:12:22,30.27752,-88.90232,5.3,269.0,511.0,GOOD SHEPHERD,,WDE3016,31,12,22,8,,57,A
367332950,2022-01-05T13:57:42,30.27928,-88.87687,5.5,267.0,511.0,GOOD SHEPHERD,,WDE3016,31,12,22,8,,57,A
367332950,2022-01-05T13:54:13,30.27980,-88.87072,5.5,263.0,511.0,GOOD SHEPHERD,,WDE3016,31,12,22,8,,57,A
367332950,2022-01-05T14:01:31,30.27873,-88.88360,5.5,263.0,511.0,GOOD SHEPHERD,,WDE3016,31,12,22,8,,57,A
367332950,2022-01-05T14:18:13,30.27717,-88.91228,5.2,265.0,511.0,GOOD SHEPHERD,,WDE3016,31,12,22,8,,57,A
367332950,2022-01-05T14:19:22,30.27713,-88.91417,5.2,268.0,511.0,GOOD SHEPHERD,,WDE3016,31,12,22,8,,57,A
367332950,2022-01-05T05:24:33,30.25837,-88.61622,5.1,135.0,511.0,GOOD SHEPHERD,,WDE3016,31,12,22,8,,57,A
367332950,2022-01-05T14:20:31,30.27710,-88.91613,5.2,269.0,511.0,GOOD SHEPHERD,,WDE3016,31,12,22,8,,57,A
367332950,2022-01-05T14:00:02,30.27898,-88.88098,5.5,261.0,511.0,GOOD SHEPHERD,,WDE3016,31,12,22,8,,57,A
367332950,2022-01-05T14:14:41,30.27745,-88.90630,5.3,268.0,511.0,GOOD SHEPHERD,,WDE3016,31,12,22,8,,57,A
367332950,2022-01-05T13:59:52,30.27902,-88.88070,5.5,262.0,511.0,GOOD SHEPHERD,,WDE3016,31,12,22,8,,57,A
367332950,2022-01-05T14:06:12,30.27803,-88.89172,5.4,264.0,511.0,GOOD SHEPHERD,,WDE3016,31,12,22,8,,57,A
367332950,2022-01-05T14:07:31,30.27783,-88.89398,5.4,265.0,511.0,GOOD SHEPHERD,,WDE3016,31,12,22,8,,57,A
367332950,2022-01-05T14:03:52,30.27842,-88.88768,5.5,262.0,511.0,GOOD SHEPHERD,,WDE3016,31,12,22,8,,57,A
367332950,2022-01-05T14:10:02,30.27755,-88.89832,5.4,267.0,511.0,GOOD SHEPHERD,,WDE3016,31,12,22,8,,57,A
367332950,2022-01-05T14:02:43,30.27855,-88.88562,5.5,266.0,511.0,GOOD SHEPHERD,,WDE3016,31,12,22,8,,57,A
367332950,2022-01-05T14:25:12,30.27692,-88.92377,5.1,267.0,511.0,GOOD SHEPHERD,,WDE3016,31,12,22,8,,57,A
367332950,2022-01-05T14:11:12,30.27753,-88.90035,5.3,270.0,511.0,GOOD SHEPHERD,,WDE3016,31,12,22,8,,57,A
367332950,2022-01-05T05:29:23,30.25468,-88.60937,5.4,116.0,511.0,GOOD SHEPHERD,,WDE3016,31,12,22,8,,57,A
367332950,2022-01-05T14:33:23,30.27620,-88.93670,4.9,262.0,511.0,GOOD SHEPHERD,,WDE3016,31,12,22,8,,57,A
367332950,2022-01-05T14:15:53,30.27738,-88.90832,5.3,266.0,511.0,GOOD SHEPHERD,,WDE3016,31,12,22,8,,57,A
367332950,2022-01-05T14:08:52,30.27767,-88.89633,5.4,265.0,511.0,GOOD SHEPHERD,,WDE3016,31,12,22,8,,57,A
367332950,2022-01-05T14:13:32,30.27748,-88.90433,5.3,268.0,511.0,GOOD SHEPHERD,,WDE3016,31,12,22,8,,57,A
367332950,2022-01-05T14:36:51,30.27652,-88.94205,4.9,271.0,511.0,GOOD SHEPHERD,,WDE3016,31,12,22,8,,57,A
367332950,2022-01-05T14:21:41,30.27713,-88.91805,5.1,272.0,511.0,GOOD SHEPHERD,,WDE3016,31,12,22,8,,57,A
367332950,2022-01-05T14:17:03,30.27732,-88.91027,5.3,268.0,511.0,GOOD SHEPHERD,,WDE3016,31,12,22,8,,57,A
367332950,2022-01-05T05:32:51,30.25362,-88.60353,5.4,93.0,511.0,GOOD SHEPHERD,,WDE3016,31,12,22,8,,57,A
367332950,2022-01-05T14:22:51,30.27718,-88.91992,5.1,266.0,511.0,GOOD SHEPHERD,,WDE3016,31,12,22,8,,57,A
367332950,2022-01-05T14:28:33,30.27675,-88.92918,5.1,265.0,511.0,GOOD SHEPHERD,,WDE3016,31,12,22,8,,57,A
367332950,2022-01-05T14:29:42,30.27678,-88.93105,4.9,277.0,511.0,GOOD SHEPHERD,,WDE3016,31,12,22,8,,57,A
367332950,2022-01-05T14:42:32,30.27703,-88.95112,5.0,277.0,511.0,GOOD SHEPHERD,,WDE3016,31,12,22,8,,57,A
367332950,2022-01-05T14:31:03,30.27657,-88.93313,4.9,256.0,511.0,GOOD SHEPHERD,,WDE3016,31,12,22,8,,57,A
367332950,2022-01-05T14:32:12,30.27637,-88.93488,4.9,261.0,511.0,GOOD SHEPHERD,,WDE3016,31,12,22,8,,57,A
367332950,2022-01-05T14:27:23,30.27687,-88.92730,5.1,268.0,511.0,GOOD SHEPHERD,,WDE3016,31,12,22,8,,57,A
367332950,2022-01-05T14:44:43,30.27728,-88.95455,5.0,271.0,511.0,GOOD SHEPHERD,,WDE3016,31,12,22,8,,57,A
367332950,2022-01-05T14:26:22,30.27692,-88.92567,5.1,270.0,511.0,GOOD SHEPHERD,,WDE3016,31,12,22,8,,57,A
367332950,2022-01-05T14:35:43,30.27650,-88.94027,4.8,278.0,511.0,GOOD SHEPHERD,,WDE3016,31,12,22,8,,57,A
367332950,2022-01-05T14:39:02,30.27667,-88.94548,5.0,273.0,511.0,GOOD SHEPHERD,,WDE3016,31,12,22,8,,57,A
367332950,2022-01-05T14:34:31,30.27628,-88.93847,4.7,279.0,511.0,GOOD SHEPHERD,,WDE3016,31,12,22,8,,57,A
367332950,2022-01-05T14:41:23,30.27687,-88.94927,5.0,275.0,511.0,GOOD SHEPHERD,,WDE3016,31,12,22,8,,57,A
367332950,2022-01-05T14:43:33,30.27720,-88.95268,5.0,275.0,511.0,GOOD SHEPHERD,,WDE3016,31,12,22,8,,57,A
367332950,2022-01-05T14:45:51,30.27763,-88.95620,4.5,296.0,511.0,GOOD SHEPHERD,,WDE3016,31,12,22,8,,57,A
367332950,2022-01-05T14:40:12,30.27672,-88.94738,5.0,273.0,511.0,GOOD SHEPHERD,,WDE3016,31,12,22,8,,57,A
367332950,2022-01-05T14:37:52,30.27657,-88.94363,5.0,271.0,511.0,GOOD SHEPHERD,,WDE3016,31,12,22,8,,57,A
367332950,2022-01-05T05:42:13,30.25420,-88.58760,5.2,86.0,511.0,GOOD SHEPHERD,,WDE3016,31,12,22,8,,57,A
367332950,2022-01-05T14:58:52,30.28045,-88.97573,4.9,266.0,511.0,GOOD SHEPHERD,,WDE3016,31,12,22,8,,57,A
367332950,2022-01-05T14:49:21,30.27860,-88.96127,4.8,281.0,511.0,GOOD SHEPHERD,,WDE3016,31,12,22,8,,57,A
367332950,2022-01-05T14:48:12,30.27832,-88.95953,4.7,283.0,511.0,GOOD SHEPHERD,,WDE3016,31,12,22,8,,57,A
367332950,2022-01-05T14:50:33,30.27898,-88.96307,4.7,290.0,511.0,GOOD SHEPHERD,,WDE3016,31,12,22,8,,57,A
367332950,2022-01-05T14:54:03,30.28010,-88.96825,4.8,288.0,511.0,GOOD SHEPHERD,,WDE3016,31,12,22,8,,57,A
367332950,2022-01-05T05:45:41,30.25472,-88.58202,5.1,89.0,511.0,GOOD SHEPHERD,,WDE3016,31,12,22,8,,57,A
367332950,2022-01-05T05:47:52,30.25447,-88.57837,5.3,96.0,511.0,GOOD SHEPHERD,,WDE3016,31,12,22,8,,57,A
367332950,2022-01-05T15:07:12,30.28097,-88.98862,4.7,271.0,511.0,GOOD SHEPHERD,,WDE3016,31,12,22,8,,57,A
367332950,2022-01-05T15:09:22,30.28105,-88.99193,4.6,268.0,511.0,GOOD SHEPHERD,,WDE3016,31,12,22,8,,57,A
367332950,2022-01-05T14:52:51,30.27968,-88.96647,4.8,280.0,511.0,GOOD SHEPHERD,,WDE3016,31,12,22,8,,57,A
367332950,2022-01-05T15:12:03,30.28102,-88.99585,4.6,267.0,511.0,GOOD SHEPHERD,,WDE3016,31,12,22,8,,57,A
367332950,2022-01-05T15:00:02,30.28055,-88.97758,4.8,278.0,511.0,GOOD SHEPHERD,,WDE3016,31,12,22,8,,57,A
367332950,2022-01-05T14:56:32,30.28052,-88.97205,4.9,272.0,511.0,GOOD SHEPHERD,,WDE3016,31,12,22,8,,57,A
367332950,2022-01-05T15:02:22,30.28077,-88.98115,4.9,272.0,511.0,GOOD SHEPHERD,,WDE3016,31,12,22,8,,57,A
367332950,2022-01-05T14:57:41,30.28053,-88.97388,4.9,269.0,511.0,GOOD SHEPHERD,,WDE3016,31,12,22,8,,57,A
367332950,2022-01-05T15:15:52,30.28097,-89.00137,4.5,271.0,511.0,GOOD SHEPHERD,,WDE3016,31,12,22,8,,57,A
367332950,2022-01-05T15:03:42,30.28082,-88.98322,4.9,272.0,511.0,GOOD SHEPHERD,,WDE3016,31,12,22,8,,57,A
367332950,2022-01-05T15:06:02,30.28097,-88.98687,4.8,269.0,511.0,GOOD SHEPHERD,,WDE3016,31,12,22,8,,57,A
367332950,2022-01-05T15:01:13,30.28070,-88.97935,4.9,275.0,511.0,GOOD SHEPHERD,,WDE3016,31,12,22,8,,57,A
367332950,2022-01-05T15:08:21,30.28102,-88.99037,4.6,274.0,511.0,GOOD SHEPHERD,,WDE3016,31,12,22,8,,57,A
367332950,2022-01-05T15:23:01,30.28117,-89.01163,4.3,275.0,511.0,GOOD SHEPHERD,,WDE3016,31,12,22,8,,57,A
367332950,2022-01-05T15:10:32,30.28108,-88.99360,4.6,272.0,511.0,GOOD SHEPHERD,,WDE3016,31,12,22,8,,57,A
367332950,2022-01-05T15:14:42,30.28100,-88.99972,4.6,270.0,511.0,GOOD SHEPHERD,,WDE3016,31,12,22,8,,57,A
367332950,2022-01-05T15:18:12,30.28097,-89.00480,4.5,265.0,511.0,GOOD SHEPHERD,,WDE3016,31,12,22,8,,57,A
367332950,2022-01-05T15:17:03,30.28103,-89.00312,4.5,271.0,511.0,GOOD SHEPHERD,,WDE3016,31,12,22,8,,57,A
367332950,2022-01-05T15:38:43,30.27935,-89.03368,4.2,266.0,511.0,GOOD SHEPHERD,,WDE3016,31,12,22,8,,57,A
367332950,2022-01-05T15:19:33,30.28088,-89.00673,4.5,266.0,511.0,GOOD SHEPHERD,,WDE3016,31,12,22,8,,57,A
367332950,2022-01-05T15:42:31,30.27882,-89.03893,4.4,265.0,511.0,GOOD SHEPHERD,,WDE3016,31,12,22,8,,57,A
367332950,2022-01-05T15:29:02,30.28097,-89.02002,4.4,263.0,511.0,GOOD SHEPHERD,,WDE3016,31,12,22,8,,57,A
367332950,2022-01-05T15:24:12,30.28120,-89.01327,4.4,266.0,511.0,GOOD SHEPHERD,,WDE3016,31,12,22,8,,57,A
367332950,2022-01-05T15:33:41,30.28025,-89.02683,4.5,263.0,511.0,GOOD SHEPHERD,,WDE3016,31,12,22,8,,57,A
367332950,2022-01-05T15:26:32,30.28122,-89.01652,4.4,266.0,511.0,GOOD SHEPHERD,,WDE3016,31,12,22,8,,57,A
367332950,2022-01-05T15:25:23,30.28123,-89.01495,4.4,271.0,511.0,GOOD SHEPHERD,,WDE3016,31,12,22,8,,57,A
367332950,2022-01-05T15:32:32,30.28042,-89.02512,4.6,264.0,511.0,GOOD SHEPHERD,,WDE3016,31,12,22,8,,57,A
367332950,2022-01-05T15:36:12,30.27980,-89.03030,4.3,262.0,511.0,GOOD SHEPHERD,,WDE3016,31,12,22,8,,57,A
367332950,2022-01-05T15:37:33,30.27948,-89.03208,4.3,258.0,511.0,GOOD SHEPHERD,,WDE3016,31,12,22,8,,57,A
367332950,2022-01-05T15:49:32,30.27848,-89.04865,4.3,267.0,511.0,GOOD SHEPHERD,,WDE3016,31,12,22,8,,57,A
367332950,2022-01-05T15:31:23,30.28062,-89.02342,4.7,262.0,511.0,GOOD SHEPHERD,,WDE3016,31,12,22,8,,57,A
367332950,2022-01-05T06:04:02,30.25465,-88.55213,5.3,82.0,511.0,GOOD SHEPHERD,,WDE3016,31,12,22,8,,57,A
367332950,2022-01-05T15:50:52,30.27845,-89.05048,4.4,268.0,511.0,GOOD SHEPHERD,,WDE3016,31,12,22,8,,57,A
367332950,2022-01-05T15:39:51,30.27922,-89.03523,4.3,263.0,511.0,GOOD SHEPHERD,,WDE3016,31,12,22,8,,57,A
367332950,2022-01-05T15:56:32,30.27787,-89.05847,4.4,268.0,511.0,GOOD SHEPHERD,,WDE3016,31,12,22,8,,57,A
367332950,2022-01-05T15:46:03,30.27862,-89.04383,4.3,272.0,511.0,GOOD SHEPHERD,,WDE3016,31,12,22,8,,57,A
367332950,2022-01-05T15:58:53,30.27760,-89.06178,4.3,267.0,511.0,GOOD SHEPHERD,,WDE3016,31,12,22,8,,57,A
367332950,2022-01-05T06:08:52,30.25468,-88.54447,5.1,96.0,511.0,GOOD SHEPHERD,,WDE3016,31,12,22,8,,57,A
367332950,2022-01-05T16:00:01,30.27765,-89.06332,4.3,274.0,511.0,GOOD SHEPHERD,,WDE3016,31,12,22,8,,57,A
367332950,2022-01-05T15:43:43,30.27872,-89.04058,4.4,264.0,511.0,GOOD SHEPHERD,,WDE3016,31,12,22,8,,57,A
367332950,2022-01-05T15:44:51,30.27860,-89.04218,4.3,265.0,511.0,GOOD SHEPHERD,,WDE3016,31,12,22,8,,57,A
367332950,2022-01-05T15:47:22,30.27858,-89.04565,4.3,267.0,511.0,GOOD SHEPHERD,,WDE3016,31,12,22,8,,57,A
367332950,2022-01-05T15:54:12,30.27810,-89.05517,4.4,265.0,511.0,GOOD SHEPHERD,,WDE3016,31,12,22,8,,57,A
367332950,2022-01-05T16:05:52,30.27747,-89.07140,4.3,269.0,511.0,GOOD SHEPHERD,,WDE3016,31,12,22,8,,57,A
367332950,2022-01-05T15:55:23,30.27797,-89.05685,4.4,261.0,511.0,GOOD SHEPHERD,,WDE3016,31,12,22,8,,57,A
367332950,2022-01-05T15:48:23,30.27855,-89.04700,4.3,268.0,511.0,GOOD SHEPHERD,,WDE3016,31,12,22,8,,57,A
367332950,2022-01-05T16:10:23,30.27758,-89.07747,4.3,267.0,511.0,GOOD SHEPHERD,,WDE3016,31,12,22,8,,57,A
367332950,2022-01-05T16:01:12,30.27768,-89.06495,4.3,272.0,511.0,GOOD SHEPHERD,,WDE3016,31,12,22,8,,57,A
367332950,2022-01-05T15:57:43,30.27777,-89.06010,4.4,262.0,511.0,GOOD SHEPHERD,,WDE3016,31,12,22,8,,57,A
367332950,2022-01-05T15:53:02,30.27827,-89.05352,4.4,260.0,511.0,GOOD SHEPHERD,,WDE3016,31,12,22,8,,57,A
367332950,2022-01-05T16:04:42,30.27753,-89.06980,4.3,264.0,511.0,GOOD SHEPHERD,,WDE3016,31,12,22,8,,57,A
367332950,2022-01-05T16:17:43,30.27717,-89.08723,4.2,261.0,511.0,GOOD SHEPHERD,,WDE3016,31,12,22,8,,57,A
367332950,2022-01-05T16:07:01,30.27753,-89.07293,4.2,277.0,511.0,GOOD SHEPHERD,,WDE3016,31,12,22,8,,57,A
367332950,2022-01-05T06:17:02,30.25455,-88.53097,4.8,94.0,511.0,GOOD SHEPHERD,,WDE3016,31,12,22,8,,57,A
367332950,2022-01-05T16:21:23,30.27692,-89.09208,4.1,265.0,511.0,GOOD SHEPHERD,,WDE3016,31,12,22,8,,57,A
367332950,2022-01-05T16:11:32,30.27755,-89.07900,4.2,275.0,511.0,GOOD SHEPHERD,,WDE3016,31,12,22,8,,57,A
367332950,2022-01-05T16:02:23,30.27772,-89.06657,4.4,270.0,511.0,GOOD SHEPHERD,,WDE3016,31,12,22,8,,57,A
367332950,2022-01-05T16:22:31,30.27680,-89.09363,4.2,265.0,511.0,GOOD SHEPHERD,,WDE3016,31,12,22,8,,57,A
367332950,2022-01-05T16:14:02,30.27755,-89.08238,4.1,260.0,511.0,GOOD SHEPHERD,,WDE3016,31,12,22,8,,57,A
367332950,2022-01-05T16:08:02,30.27765,-89.07427,4.2,272.0,511.0,GOOD SHEPHERD,,WDE3016,31,12,22,8,,57,A
367332950,2022-01-05T16:12:43,30.27768,-89.08067,4.2,272.0,511.0,GOOD SHEPHERD,,WDE3016,31,12,22,8,,57,A
367332950,2022-01-05T16:09:13,30.27763,-89.07588,4.3,267.0,511.0,GOOD SHEPHERD,,WDE3016,31,12,22,8,,57,A
367332950,2022-01-05T16:18:52,30.27708,-89.08872,4.1,266.0,511.0,GOOD SHEPHERD,,WDE3016,31,12,22,8,,57,A
367332950,2022-01-05T16:16:23,30.27738,-89.08548,4.2,265.0,511.0,GOOD SHEPHERD,,WDE3016,31,12,22,8,,57,A
367332950,2022-01-05T16:15:12,30.27743,-89.08392,4.1,270.0,511.0,GOOD SHEPHERD,,WDE3016,31,12,22,8,,57,A
367332950,2022-01-05T16:34:12,30.27778,-89.10853,4.0,274.0,511.0,GOOD SHEPHERD,,WDE3016,31,12,22,8,,57,A
367332950,2022-01-05T16:20:12,30.27700,-89.09048,4.1,266.0,511.0,GOOD SHEPHERD,,WDE3016,31,12,22,8,,57,A
367332950,2022-01-05T16:24:53,30.27667,-89.09670,4.1,272.0,511.0,GOOD SHEPHERD,,WDE3016,31,12,22,8,,57,A
367332950,2022-01-05T16:26:01,30.27670,-89.09820,4.1,270.0,511.0,GOOD SHEPHERD,,WDE3016,31,12,22,8,,57,A
367332950,2022-01-05T16:23:43,30.27668,-89.09517,4.1,266.0,511.0,GOOD SHEPHERD,,WDE3016,31,12,22,8,,57,A
367332950,2022-01-05T16:27:12,30.27682,-89.09975,4.1,274.0,511.0,GOOD SHEPHERD,,WDE3016,31,12,22,8,,57,A
367332950,2022-01-05T16:32:01,30.27762,-89.10577,3.9,281.0,511.0,GOOD SHEPHERD,,WDE3016,31,12,22,8,,57,A
367332950,2022-01-05T16:28:21,30.27685,-89.10127,4.1,266.0,511.0,GOOD SHEPHERD,,WDE3016,31,12,22,8,,57,A
367332950,2022-01-05T16:44:52,30.27740,-89.12143,3.8,275.0,511.0,GOOD SHEPHERD,,WDE3016,31,12,22,8,,57,A
367332950,2022-01-05T16:29:31,30.27687,-89.10272,3.9,279.0,511.0,GOOD SHEPHERD,,WDE3016,31,12,22,8,,57,A
367332950,2022-01-05T16:30:52,30.27728,-89.10433,4.0,286.0,511.0,GOOD SHEPHERD,,WDE3016,31,12,22,8,,57,A
367332950,2022-01-05T16:33:02,30.27767,-89.10703,4.0,272.0,511.0,GOOD SHEPHERD,,WDE3016,31,12,22,8,,57,A
367332950,2022-01-05T16:35:32,30.27783,-89.11025,4.1,270.0,511.0,GOOD SHEPHERD,,WDE3016,31,12,22,8,,57,A
367332950,2022-01-05T16:37:52,30.27782,-89.11333,4.1,269.0,511.0,GOOD SHEPHERD,,WDE3016,31,12,22,8,,57,A
367332950,2022-01-05T16:40:12,30.27822,-89.11627,3.9,273.0,511.0,GOOD SHEPHERD,,WDE3016,31,12,22,8,,57,A
367332950,2022-01-05T16:41:23,30.27783,-89.11755,3.6,237.0,511.0,GOOD SHEPHERD,,WDE3016,31,12,22,8,,57,A
367332950,2022-01-05T16:42:33,30.27735,-89.11873,3.6,253.0,511.0,GOOD SHEPHERD,,WDE3016,31,12,22,8,,57,A
367332950,2022-01-05T16:46:01,30.27748,-89.12288,4.0,272.0,511.0,GOOD SHEPHERD,,WDE3016,31,12,22,8,,57,A
367332950,2022-01-05T16:36:41,30.27785,-89.11175,4.1,270.0,511.0,GOOD SHEPHERD,,WDE3016,31,12,22,8,,57,A
367332950,2022-01-05T16:59:01,30.27807,-89.13972,4.1,271.0,511.0,GOOD SHEPHERD,,WDE3016,31,12,22,8,,57,A
367332950,2022-01-05T16:39:03,30.27800,-89.11485,4.0,284.0,511.0,GOOD SHEPHERD,,WDE3016,31,12,22,8,,57,A
367332950,2022-01-05T16:49:42,30.27760,-89.12763,4.0,271.0,511.0,GOOD SHEPHERD,,WDE3016,31,12,22,8,,57,A
367332950,2022-01-05T16:50:53,30.27782,-89.12917,4.0,279.0,511.0,GOOD SHEPHERD,,WDE3016,31,12,22,8,,57,A
367332950,2022-01-05T16:43:42,30.27732,-89.12003,3.6,272.0,511.0,GOOD SHEPHERD,,WDE3016,31,12,22,8,,57,A
367332950,2022-01-05T17:05:32,30.27823,-89.14832,4.2,276.0,511.0,GOOD SHEPHERD,,WDE3016,31,12,22,8,,57,A
367332950,2022-01-05T16:56:41,30.27797,-89.13662,4.1,271.0,511.0,GOOD SHEPHERD,,WDE3016,31,12,22,8,,57,A
367332950,2022-01-05T17:09:01,30.27685,-89.15242,4.1,239.0,511.0,GOOD SHEPHERD,,WDE3016,31,12,22,8,,57,A
367332950,2022-01-05T16:52:02,30.27787,-89.13067,4.0,264.0,511.0,GOOD SHEPHERD,,WDE3016,31,12,22,8,,57,A
367332950,2022-01-05T16:57:53,30.27802,-89.13822,4.1,273.0,511.0,GOOD SHEPHERD,,WDE3016,31,12,22,8,,57,A
367332950,2022-01-05T16:55:32,30.27792,-89.13512,4.1,273.0,511.0,GOOD SHEPHERD,,WDE3016,31,12,22,8,,57,A
367332950,2022-01-05T17:00:01,30.27813,-89.14107,4.1,273.0,511.0,GOOD SHEPHERD,,WDE3016,31,12,22,8,,57,A
367332950,2022-01-05T17:15:03,30.27280,-89.15902,4.2,239.0,511.0,GOOD SHEPHERD,,WDE3016,31,12,22,8,,57,A
367332950,2022-01-05T17:06:43,30.27803,-89.14980,3.8,245.0,511.0,GOOD SHEPHERD,,WDE3016,31,12,22,8,,57,A
367332950,2022-01-05T17:07:52,30.27747,-89.15108,4.0,244.0,511.0,GOOD SHEPHERD,,WDE3016,31,12,22,8,,57,A
367332950,2022-01-05T17:26:43,30.26688,-89.17292,4.0,246.0,511.0,GOOD SHEPHERD,,WDE3016,31,12,22,8,,57,A
367332950,2022-01-05T17:10:11,30.27607,-89.15372,4.2,231.0,511.0,GOOD SHEPHERD,,WDE3016,31,12,22,8,,57,A
367332950,2022-01-05T17:21:53,30.26922,-89.16723,4.1,251.0,511.0,GOOD SHEPHERD,,WDE3016,31,12,22,8,,57,A
367332950,2022-01-05T17:35:12,30.26108,-89.18078,3.8,219.0,511.0,GOOD SHEPHERD,,WDE3016,31,12,22,8,,57,A
367332950,2022-01-05T17:17:22,30.27145,-89.16178,4.3,244.0,511.0,GOOD SHEPHERD,,WDE3016,31,12,22,8,,57,A
367332950,2022-01-05T17:23:02,30.26882,-89.16868,4.1,250.0,511.0,GOOD SHEPHERD,,WDE3016,31,12,22,8,,57,A
367332950,2022-01-05T17:37:52,30.25902,-89.18313,3.9,222.0,511.0,GOOD SHEPHERD,,WDE3016,31,12,22,8,,57,A
367332950,2022-01-05T17:20:43,30.26967,-89.16580,4.1,248.0,511.0,GOOD SHEPHERD,,WDE3016,31,12,22,8,,57,A
367332950,2022-01-05T17:34:02,30.26193,-89.17982,3.7,234.0,511.0,GOOD SHEPHERD,,WDE3016,31,12,22,8,,57,A
367332950,2022-01-05T17:18:32,30.27080,-89.16320,4.2,240.0,511.0,GOOD SHEPHERD,,WDE3016,31,12,22,8,,57,A
367332950,2022-01-05T17:27:53,30.26637,-89.17430,4.0,242.0,511.0,GOOD SHEPHERD,,WDE3016,31,12,22,8,,57,A
367332950,2022-01-05T17:42:43,30.25593,-89.18752,3.2,258.0,511.0,GOOD SHEPHERD,,WDE3016,31,12,22,8,,57,A
367332950,2022-01-05T17:31:32,30.26380,-89.17772,3.9,226.0,511.0,GOOD SHEPHERD,,WDE3016,31,12,22,8,,57,A
367332950,2022-01-05T17:45:02,30.25518,-89.18965,2.9,204.0,511.0,GOOD SHEPHERD,,WDE3016,31,12,22,8,,57,A
367332950,2022-01-05T17:25:21,30.26755,-89.17137,4.0,238.0,511.0,GOOD SHEPHERD,,WDE3016,31,12,22,8,,57,A
367332950,2022-01-05T17:29:01,30.26565,-89.17537,3.9,226.0,511.0,GOOD SHEPHERD,,WDE3016,31,12,22,8,,57,A
367332950,2022-01-05T17:56:51,30.24650,-89.19747,3.7,225.0,511.0,GOOD SHEPHERD,,WDE3016,31,12,22,8,,57,A
367332950,2022-01-05T17:43:53,30.25577,-89.18877,3.3,254.0,511.0,GOOD SHEPHERD,,WDE3016,31,12,22,8,,57,A
367332950,2022-01-05T17:32:51,30.26272,-89.17875,3.7,230.0,511.0,GOOD SHEPHERD,,WDE3016,31,12,22,8,,57,A
367332950,2022-01-05T06:48:02,30.25522,-88.49018,3.6,67.0,511.0,GOOD SHEPHERD,,WDE3016,31,12,22,8,,57,A
367332950,2022-01-05T17:36:33,30.26007,-89.18197,3.9,228.0,511.0,GOOD SHEPHERD,,WDE3016,31,12,22,8,,57,A
367332950,2022-01-05T17:48:41,30.25223,-89.19142,3.6,220.0,511.0,GOOD SHEPHERD,,WDE3016,31,12,22,8,,57,A
367332950,2022-01-05T18:02:31,30.24228,-89.20240,3.9,226.0,511.0,GOOD SHEPHERD,,WDE3016,31,12,22,8,,57,A
367332950,2022-01-05T17:40:22,30.25740,-89.18560,3.8,230.0,511.0,GOOD SHEPHERD,,WDE3016,31,12,22,8,,57,A
367332950,2022-01-05T18:05:03,30.24040,-89.20475,3.9,226.0,511.0,GOOD SHEPHERD,,WDE3016,31,12,22,8,,57,A
367332950,2022-01-05T17:41:32,30.25647,-89.18647,3.7,217.0,511.0,GOOD SHEPHERD,,WDE3016,31,12,22,8,,57,A
367332950,2022-01-05T17:54:33,30.24837,-89.19585,3.5,213.0,511.0,GOOD SHEPHERD,,WDE3016,31,12,22,8,,57,A
367332950,2022-01-05T18:10:53,30.23618,-89.21020,4.0,228.0,511.0,GOOD SHEPHERD,,WDE3016,31,12,22,8,,57,A
367332950,2022-01-05T18:13:31,30.23437,-89.21298,4.2,233.0,511.0,GOOD SHEPHERD,,WDE3016,31,12,22,8,,57,A
367332950,2022-01-05T17:47:32,30.25318,-89.19065,3.4,217.0,511.0,GOOD SHEPHERD,,WDE3016,31,12,22,8,,57,A
367332950,2022-01-05T18:00:03,30.24417,-89.20028,3.8,228.0,511.0,GOOD SHEPHERD,,WDE3016,31,12,22,8,,57,A
367332950,2022-01-05T18:12:12,30.23525,-89.21153,4.1,232.0,511.0,GOOD SHEPHERD,,WDE3016,31,12,22,8,,57,A
367332950,2022-01-05T17:51:02,30.25100,-89.19365,3.6,241.0,511.0,GOOD SHEPHERD,,WDE3016,31,12,22,8,,57,A
367332950,2022-01-05T17:49:53,30.25150,-89.19245,3.5,244.0,511.0,GOOD SHEPHERD,,WDE3016,31,12,22,8,,57,A
367332950,2022-01-05T17:55:42,30.24737,-89.19652,3.6,216.0,511.0,GOOD SHEPHERD,,WDE3016,31,12,22,8,,57,A
367332950,2022-01-05T17:52:12,30.25035,-89.19473,3.5,227.0,511.0,GOOD SHEPHERD,,WDE3016,31,12,22,8,,57,A
367332950,2022-01-05T18:17:03,30.23200,-89.21695,4.4,236.0,511.0,GOOD SHEPHERD,,WDE3016,31,12,22,8,,57,A
367332950,2022-01-05T18:07:23,30.23875,-89.20690,3.9,226.0,511.0,GOOD SHEPHERD,,WDE3016,31,12,22,8,,57,A
367332950,2022-01-05T18:21:51,30.22848,-89.22228,4.4,225.0,511.0,GOOD SHEPHERD,,WDE3016,31,12,22,8,,57,A
367332950,2022-01-05T18:08:31,30.23792,-89.20797,3.9,226.0,511.0,GOOD SHEPHERD,,WDE3016,31,12,22,8,,57,A
367332950,2022-01-05T17:58:03,30.24563,-89.19852,3.8,223.0,511.0,GOOD SHEPHERD,,WDE3016,31,12,22,8,,57,A
367332950,2022-01-05T18:09:43,30.23705,-89.20912,4.0,228.0,511.0,GOOD SHEPHERD,,WDE3016,31,12,22,8,,57,A
367332950,2022-01-05T18:03:42,30.24138,-89.20347,3.9,226.0,511.0,GOOD SHEPHERD,,WDE3016,31,12,22,8,,57,A
367332950,2022-01-05T18:01:12,30.24328,-89.20130,3.8,221.0,511.0,GOOD SHEPHERD,,WDE3016,31,12,22,8,,57,A
367332950,2022-01-05T18:25:42,30.22555,-89.22622,4.1,236.0,511.0,GOOD SHEPHERD,,WDE3016,31,12,22,8,,57,A
367332950,2022-01-05T18:14:43,30.23355,-89.21425,4.2,234.0,511.0,GOOD SHEPHERD,,WDE3016,31,12,22,8,,57,A
367332950,2022-01-05T18:06:12,30.23960,-89.20580,3.9,232.0,511.0,GOOD SHEPHERD,,WDE3016,31,12,22,8,,57,A
367332950,2022-01-05T18:19:31,30.23033,-89.21982,4.3,229.0,511.0,GOOD SHEPHERD,,WDE3016,31,12,22,8,,57,A
367332950,2022-01-05T07:01:23,30.25942,-88.47550,3.4,81.0,511.0,GOOD SHEPHERD,,WDE3016,31,12,22,8,,57,A
367332950,2022-01-05T18:37:41,30.21758,-89.23962,4.2,238.0,511.0,GOOD SHEPHERD,,WDE3016,31,12,22,8,,57,A
367332950,2022-01-05T18:24:31,30.22635,-89.22495,4.1,234.0,511.0,GOOD SHEPHERD,,WDE3016,31,12,22,8,,57,A
367332950,2022-01-05T18:15:53,30.23277,-89.21558,4.3,236.0,511.0,GOOD SHEPHERD,,WDE3016,31,12,22,8,,57,A
367332950,2022-01-05T18:20:43,30.22947,-89.22110,4.3,234.0,511.0,GOOD SHEPHERD,,WDE3016,31,12,22,8,,57,A
367332950,2022-01-05T18:23:02,30.22760,-89.22358,4.3,229.0,511.0,GOOD SHEPHERD,,WDE3016,31,12,22,8,,57,A
367332950,2022-01-05T18:50:31,30.20953,-89.25310,3.9,235.0,511.0,GOOD SHEPHERD,,WDE3016,31,12,22,8,,57,A
367332950,2022-01-05T18:49:23,30.21027,-89.25190,4.0,231.0,511.0,GOOD SHEPHERD,,WDE3016,31,12,22,8,,57,A
367332950,2022-01-05T18:26:52,30.22482,-89.22750,4.1,236.0,511.0,GOOD SHEPHERD,,WDE3016,31,12,22,8,,57,A
367332950,2022-01-05T18:34:13,30.21982,-89.23570,4.3,236.0,511.0,GOOD SHEPHERD,,WDE3016,31,12,22,8,,57,A
367332950,2022-01-05T18:44:43,30.21325,-89.24705,3.9,243.0,511.0,GOOD SHEPHERD,,WDE3016,31,12,22,8,,57,A
367332950,2022-01-05T18:36:32,30.21830,-89.23830,4.2,235.0,511.0,GOOD SHEPHERD,,WDE3016,31,12,22,8,,57,A
367332950,2022-01-05T18:29:13,30.22320,-89.23008,4.3,231.0,511.0,GOOD SHEPHERD,,WDE3016,31,12,22,8,,57,A
367332950,2022-01-05T18:31:52,30.22137,-89.23303,4.3,235.0,511.0,GOOD SHEPHERD,,WDE3016,31,12,22,8,,57,A
367332950,2022-01-05T18:30:51,30.22203,-89.23190,4.3,233.0,511.0,GOOD SHEPHERD,,WDE3016,31,12,22,8,,57,A
367332950,2022-01-05T18:33:02,30.22062,-89.23440,4.2,237.0,511.0,GOOD SHEPHERD,,WDE3016,31,12,22,8,,57,A
367332950,2022-01-05T07:08:32,30.25983,-88.46705,3.8,91.0,511.0,GOOD SHEPHERD,,WDE3016,31,12,22,8,,57,A
367332950,2022-01-05T18:45:52,30.21253,-89.24825,3.9,236.0,511.0,GOOD SHEPHERD,,WDE3016,31,12,22,8,,57,A
367332950,2022-01-05T19:12:12,30.19685,-89.27568,4.1,235.0,511.0,GOOD SHEPHERD,,WDE3016,31,12,22,8,,57,A
367332950,2022-01-05T18:56:23,30.20593,-89.25930,4.0,238.0,511.0,GOOD SHEPHERD,,WDE3016,31,12,22,8,,57,A
367332950,2022-01-05T18:41:12,30.21535,-89.24343,4.0,230.0,511.0,GOOD SHEPHERD,,WDE3016,31,12,22,8,,57,A
367332950,2022-01-05T18:40:02,30.21612,-89.24218,4.0,236.0,511.0,GOOD SHEPHERD,,WDE3016,31,12,22,8,,57,A
367332950,2022-01-05T18:43:42,30.21385,-89.24603,3.9,236.0,511.0,GOOD SHEPHERD,,WDE3016,31,12,22,8,,57,A
367332950,2022-01-05T07:11:22,30.26028,-88.46362,3.8,79.0,511.0,GOOD SHEPHERD,,WDE3016,31,12,22,8,,57,A
367332950,2022-01-05T19:17:03,30.19363,-89.28080,3.9,239.0,511.0,GOOD SHEPHERD,,WDE3016,31,12,22,8,,57,A
367332950,2022-01-05T19:15:53,30.19445,-89.27970,4.1,229.0,511.0,GOOD SHEPHERD,,WDE3016,31,12,22,8,,57,A
367332950,2022-01-05T18:47:02,30.21182,-89.24952,4.0,231.0,511.0,GOOD SHEPHERD,,WDE3016,31,12,22,8,,57,A
367332950,2022-01-05T07:12:23,30.26040,-88.46242,3.8,84.0,511.0,GOOD SHEPHERD,,WDE3016,31,12,22,8,,57,A
367332950,2022-01-05T19:21:42,30.19073,-89.28592,4.2,238.0,511.0,GOOD SHEPHERD,,WDE3016,31,12,22,8,,57,A
367332950,2022-01-05T18:48:13,30.21102,-89.25075,4.0,235.0,511.0,GOOD SHEPHERD,,WDE3016,31,12,22,8,,57,A
367332950,2022-01-05T19:19:23,30.19220,-89.28335,4.1,237.0,511.0,GOOD SHEPHERD,,WDE3016,31,12,22,8,,57,A
367332950,2022-01-05T19:22:53,30.18993,-89.28723,4.2,231.0,511.0,GOOD SHEPHERD,,WDE3016,31,12,22,8,,57,A
367332950,2022-01-05T18:52:52,30.20805,-89.25548,3.9,236.0,511.0,GOOD SHEPHERD,,WDE3016,31,12,22,8,,57,A
367332950,2022-01-05T18:54:03,30.20732,-89.25678,4.0,232.0,511.0,GOOD SHEPHERD,,WDE3016,31,12,22,8,,57,A
367332950,2022-01-05T18:55:12,30.20663,-89.25798,4.0,239.0,511.0,GOOD SHEPHERD,,WDE3016,31,12,22,8,,57,A
367332950,2022-01-05T19:08:43,30.19913,-89.27205,3.9,238.0,511.0,GOOD SHEPHERD,,WDE3016,31,12,22,8,,57,A
367332950,2022-01-05T18:57:42,30.20515,-89.26072,4.0,236.0,511.0,GOOD SHEPHERD,,WDE3016,31,12,22,8,,57,A
367332950,2022-01-05T19:33:33,30.18333,-89.29908,4.1,247.0,511.0,GOOD SHEPHERD,,WDE3016,31,12,22,8,,57,A
367332950,2022-01-05T18:58:52,30.20442,-89.26195,4.0,236.0,511.0,GOOD SHEPHERD,,WDE3016,31,12,22,8,,57,A
367332950,2022-01-05T19:13:32,30.19600,-89.27712,4.1,234.0,511.0,GOOD SHEPHERD,,WDE3016,31,12,22,8,,57,A
367332950,2022-01-05T19:32:12,30.18395,-89.29750,4.1,240.0,511.0,GOOD SHEPHERD,,WDE3016,31,12,22,8,,57,A
367332950,2022-01-05T19:07:32,30.19985,-89.27082,3.9,237.0,511.0,GOOD SHEPHERD,,WDE3016,31,12,22,8,,57,A
367332950,2022-01-05T19:34:42,30.18273,-89.30047,4.1,242.0,511.0,GOOD SHEPHERD,,WDE3016,31,12,22,8,,57,A
367332950,2022-01-05T19:29:53,30.18532,-89.29500,4.2,228.0,511.0,GOOD SHEPHERD,,WDE3016,31,12,22,8,,57,A
367332950,2022-01-05T19:09:52,30.19838,-89.27325,3.9,230.0,511.0,GOOD SHEPHERD,,WDE3016,31,12,22,8,,57,A
367332950,2022-01-05T19:11:03,30.19757,-89.27440,4.1,232.0,511.0,GOOD SHEPHERD,,WDE3016,31,12,22,8,,57,A
367332950,2022-01-05T19:18:12,30.19297,-89.28208,3.9,230.0,511.0,GOOD SHEPHERD,,WDE3016,31,12,22,8,,57,A
367332950,2022-01-05T19:39:52,30.18152,-89.30683,3.9,276.0,511.0,GOOD SHEPHERD,,WDE3016,31,12,22,8,,57,A
367332950,2022-01-05T19:46:33,30.18163,-89.31532,4.0,273.0,511.0,GOOD SHEPHERD,,WDE3016,31,12,22,8,,57,A
367332950,2022-01-05T19:20:32,30.19147,-89.28460,4.2,236.0,511.0,GOOD SHEPHERD,,WDE3016,31,12,22,8,,57,A
367332950,2022-01-05T19:42:02,30.18152,-89.30957,4.0,270.0,511.0,GOOD SHEPHERD,,WDE3016,31,12,22,8,,57,A
367332950,2022-01-05T19:50:01,30.18142,-89.31975,4.0,262.0,511.0,GOOD SHEPHERD,,WDE3016,31,12,22,8,,57,A
367332950,2022-01-05T19:24:03,30.18913,-89.28848,4.2,235.0,511.0,GOOD SHEPHERD,,WDE3016,31,12,22,8,,57,A
367332950,2022-01-05T19:52:32,30.18125,-89.32293,4.0,274.0,511.0,GOOD SHEPHERD,,WDE3016,31,12,22,8,,57,A
367332950,2022-01-05T19:26:23,30.18762,-89.29110,4.2,237.0,511.0,GOOD SHEPHERD,,WDE3016,31,12,22,8,,57,A
367332950,2022-01-05T19:45:31,30.18157,-89.31400,4.0,271.0,511.0,GOOD SHEPHERD,,WDE3016,31,12,22,8,,57,A
367332950,2022-01-05T19:47:41,30.18167,-89.31677,3.9,266.0,511.0,GOOD SHEPHERD,,WDE3016,31,12,22,8,,57,A
367332950,2022-01-05T19:27:33,30.18682,-89.29238,4.1,236.0,511.0,GOOD SHEPHERD,,WDE3016,31,12,22,8,,57,A
367332950,2022-01-05T19:38:42,30.18150,-89.30540,4.0,258.0,511.0,GOOD SHEPHERD,,WDE3016,31,12,22,8,,57,A
367332950,2022-01-05T19:31:02,30.18457,-89.29618,4.0,244.0,511.0,GOOD SHEPHERD,,WDE3016,31,12,22,8,,57,A
367332950,2022-01-05T19:28:42,30.18613,-89.29373,4.2,238.0,511.0,GOOD SHEPHERD,,WDE3016,31,12,22,8,,57,A
367332950,2022-01-05T19:58:12,30.18122,-89.33000,3.9,264.0,511.0,GOOD SHEPHERD,,WDE3016,31,12,22,8,,57,A
367332950,2022-01-05T19:44:23,30.18158,-89.31263,4.0,266.0,511.0,GOOD SHEPHERD,,WDE3016,31,12,22,8,,57,A
367332950,2022-01-05T20:00:12,30.18123,-89.33250,3.9,268.0,511.0,GOOD SHEPHERD,,WDE3016,31,12,22,8,,57,A
367332950,2022-01-05T20:03:43,30.18113,-89.33687,3.9,271.0,511.0,GOOD SHEPHERD,,WDE3016,31,12,22,8,,57,A
367332950,2022-01-05T19:43:12,30.18162,-89.31108,4.0,276.0,511.0,GOOD SHEPHERD,,WDE3016,31,12,22,8,,57,A
367332950,2022-01-05T19:37:32,30.18188,-89.30400,4.0,250.0,511.0,GOOD SHEPHERD,,WDE3016,31,12,22,8,,57,A
367332950,2022-01-05T20:02:32,30.18112,-89.33537,3.9,269.0,511.0,GOOD SHEPHERD,,WDE3016,31,12,22,8,,57,A
367332950,2022-01-05T19:40:53,30.18157,-89.30812,4.0,268.0,511.0,GOOD SHEPHERD,,WDE3016,31,12,22,8,,57,A
367332950,2022-01-05T19:59:22,30.18123,-89.33142,3.9,271.0,511.0,GOOD SHEPHERD,,WDE3016,31,12,22,8,,57,A
367332950,2022-01-05T20:10:33,30.18122,-89.34535,3.8,269.0,511.0,GOOD SHEPHERD,,WDE3016,31,12,22,8,,57,A
367332950,2022-01-05T19:55:53,30.18142,-89.32708,3.9,270.0,511.0,GOOD SHEPHERD,,WDE3016,31,12,22,8,,57,A
367332950,2022-01-05T20:12:51,30.18128,-89.34813,3.7,279.0,511.0,GOOD SHEPHERD,,WDE3016,31,12,22,8,,57,A
367332950,2022-01-05T20:22:23,30.18135,-89.35880,3.4,273.0,511.0,GOOD SHEPHERD,,WDE3016,31,12,22,8,,57,A
367332950,2022-01-05T19:53:42,30.18147,-89.32437,3.9,275.0,511.0,GOOD SHEPHERD,,WDE3016,31,12,22,8,,57,A
367332950,2022-01-05T19:51:21,30.18125,-89.32143,4.0,264.0,511.0,GOOD SHEPHERD,,WDE3016,31,12,22,8,,57,A
367332950,2022-01-05T19:54:52,30.18145,-89.32582,3.8,270.0,511.0,GOOD SHEPHERD,,WDE3016,31,12,22,8,,57,A
367332950,2022-01-05T20:21:12,30.18140,-89.35755,3.3,267.0,511.0,GOOD SHEPHERD,,WDE3016,31,12,22,8,,57,A
367332950,2022-01-05T19:57:03,30.18135,-89.32852,3.9,266.0,511.0,GOOD SHEPHERD,,WDE3016,31,12,22,8,,57,A
367332950,2022-01-05T20:09:32,30.18122,-89.34408,3.8,272.0,511.0,GOOD SHEPHERD,,WDE3016,31,12,22,8,,57,A
367332950,2022-01-05T20:35:21,30.18070,-89.37318,3.7,270.0,511.0,GOOD SHEPHERD,,WDE3016,31,12,22,8,,57,A
367332950,2022-01-05T20:27:02,30.18118,-89.36375,3.4,260.0,511.0,GOOD SHEPHERD,,WDE3016,31,12,22,8,,57,A
367332950,2022-01-05T20:11:41,30.18120,-89.34673,3.8,268.0,511.0,GOOD SHEPHERD,,WDE3016,31,12,22,8,,57,A
367332950,2022-01-05T20:34:12,30.18072,-89.37180,3.7,264.0,511.0,GOOD SHEPHERD,,WDE3016,31,12,22,8,,57,A
367332950,2022-01-05T07:37:41,30.26038,-88.44450,1.6,111.0,511.0,GOOD SHEPHERD,,WDE3016,31,12,22,8,,57,A
367332950,2022-01-05T20:06:03,30.18105,-89.33978,3.9,267.0,511.0,GOOD SHEPHERD,,WDE3016,31,12,22,8,,57,A
367332950,2022-01-05T20:07:12,30.18102,-89.34123,3.9,270.0,511.0,GOOD SHEPHERD,,WDE3016,31,12,22,8,,57,A
367332950,2022-01-05T20:18:53,30.18148,-89.35508,3.5,284.0,511.0,GOOD SHEPHERD,,WDE3016,31,12,22,8,,57,A
367332950,2022-01-05T20:20:02,30.18145,-89.35630,3.3,259.0,511.0,GOOD SHEPHERD,,WDE3016,31,12,22,8,,57,A
367332950,2022-01-05T20:24:43,30.18130,-89.36127,3.4,264.0,511.0,GOOD SHEPHERD,,WDE3016,31,12,22,8,,57,A
367332950,2022-01-05T20:14:11,30.18143,-89.34970,3.6,271.0,511.0,GOOD SHEPHERD,,WDE3016,31,12,22,8,,57,A
367332950,2022-01-05T20:43:52,30.18073,-89.38322,3.8,267.0,511.0,GOOD SHEPHERD,,WDE3016,31,12,22,8,,57,A
367332950,2022-01-05T20:30:52,30.18093,-89.36792,3.5,262.0,511.0,GOOD SHEPHERD,,WDE3016,31,12,22,8,,57,A
367332950,2022-01-05T20:46:12,30.18095,-89.38602,3.7,273.0,511.0,GOOD SHEPHERD,,WDE3016,31,12,22,8,,57,A
367332950,2022-01-05T20:28:12,30.18118,-89.36498,3.3,264.0,511.0,GOOD SHEPHERD,,WDE3016,31,12,22,8,,57,A
367332950,2022-01-05T20:16:33,30.18145,-89.35245,3.6,275.0,511.0,GOOD SHEPHERD,,WDE3016,31,12,22,8,,57,A
367332950,2022-01-05T20:42:33,30.18072,-89.38167,3.7,273.0,511.0,GOOD SHEPHERD,,WDE3016,31,12,22,8,,57,A
367332950,2022-01-05T20:49:41,30.18117,-89.39008,3.6,284.0,511.0,GOOD SHEPHERD,,WDE3016,31,12,22,8,,57,A
367332950,2022-01-05T20:53:12,30.18158,-89.39415,3.7,267.0,511.0,GOOD SHEPHERD,,WDE3016,31,12,22,8,,57,A
367332950,2022-01-05T20:23:33,30.18138,-89.36003,3.3,262.0,511.0,GOOD SHEPHERD,,WDE3016,31,12,22,8,,57,A
367332950,2022-01-05T20:36:42,30.18070,-89.37480,3.7,272.0,511.0,GOOD SHEPHERD,,WDE3016,31,12,22,8,,57,A
367332950,2022-01-05T20:29:22,30.18100,-89.36625,3.4,266.0,511.0,GOOD SHEPHERD,,WDE3016,31,12,22,8,,57,A
367332950,2022-01-05T20:39:03,30.18060,-89.37760,3.7,271.0,511.0,GOOD SHEPHERD,,WDE3016,31,12,22,8,,57,A
367332950,2022-01-05T20:33:03,30.18078,-89.37042,3.7,271.0,511.0,GOOD SHEPHERD,,WDE3016,31,12,22,8,,57,A
367332950,2022-01-05T20:54:23,30.18165,-89.39557,3.8,277.0,511.0,GOOD SHEPHERD,,WDE3016,31,12,22,8,,57,A
367332950,2022-01-05T20:55:31,30.18177,-89.39697,3.8,278.0,511.0,GOOD SHEPHERD,,WDE3016,31,12,22,8,,57,A
367332950,2022-01-05T07:49:12,30.25950,-88.44117,0.2,125.0,511.0,GOOD SHEPHERD,,WDE3016,31,12,22,8,,57,A
367332950,2022-01-05T20:45:03,30.18078,-89.38465,3.8,273.0,511.0,GOOD SHEPHERD,,WDE3016,31,12,22,8,,57,A
367332950,2022-01-05T20:32:02,30.18082,-89.36925,3.7,265.0,511.0,GOOD SHEPHERD,,WDE3016,31,12,22,8,,57,A
367332950,2022-01-05T21:05:12,30.18027,-89.40917,4.3,257.0,511.0,GOOD SHEPHERD,,WDE3016,31,12,22,8,,57,A
367332950,2022-01-05T21:06:22,30.17993,-89.41077,4.3,255.0,511.0,GOOD SHEPHERD,,WDE3016,31,12,22,8,,57,A
367332950,2022-01-05T20:47:23,30.18098,-89.38743,3.7,273.0,511.0,GOOD SHEPHERD,,WDE3016,31,12,22,8,,57,A
367332950,2022-01-05T20:50:52,30.18135,-89.39142,3.6,272.0,511.0,GOOD SHEPHERD,,WDE3016,31,12,22,8,,57,A
367332950,2022-01-05T20:52:01,30.18150,-89.39280,3.7,279.0,511.0,GOOD SHEPHERD,,WDE3016,31,12,22,8,,57,A
367332950,2022-01-05T21:02:53,30.18093,-89.40613,4.1,256.0,511.0,GOOD SHEPHERD,,WDE3016,31,12,22,8,,57,A
367332950,2022-01-05T21:12:12,30.17785,-89.41860,4.5,255.0,511.0,GOOD SHEPHERD,,WDE3016,31,12,22,8,,57,A
367332950,2022-01-05T20:41:23,30.18067,-89.38028,3.6,273.0,511.0,GOOD SHEPHERD,,WDE3016,31,12,22,8,,57,A
367332950,2022-01-05T20:56:42,30.18178,-89.39835,3.8,262.0,511.0,GOOD SHEPHERD,,WDE3016,31,12,22,8,,57,A
367332950,2022-01-05T21:25:12,30.17313,-89.43748,4.9,249.0,511.0,GOOD SHEPHERD,,WDE3016,31,12,22,8,,57,A
367332950,2022-01-05T21:26:22,30.17267,-89.43923,4.9,254.0,511.0,GOOD SHEPHERD,,WDE3016,31,12,22,8,,57,A
367332950,2022-01-05T20:57:53,30.18172,-89.39978,3.8,274.0,511.0,GOOD SHEPHERD,,WDE3016,31,12,22,8,,57,A
367332950,2022-01-05T21:13:22,30.17743,-89.42025,4.5,249.0,511.0,GOOD SHEPHERD,,WDE3016,31,12,22,8,,57,A
367332950,2022-01-05T20:59:03,30.18158,-89.40122,3.8,257.0,511.0,GOOD SHEPHERD,,WDE3016,31,12,22,8,,57,A
367332950,2022-01-05T21:28:43,30.17185,-89.44283,4.9,257.0,511.0,GOOD SHEPHERD,,WDE3016,31,12,22,8,,57,A
367332950,2022-01-05T21:01:32,30.18117,-89.40437,4.1,261.0,511.0,GOOD SHEPHERD,,WDE3016,31,12,22,8,,57,A
367332950,2022-01-05T21:21:32,30.17470,-89.43213,4.8,256.0,511.0,GOOD SHEPHERD,,WDE3016,31,12,22,8,,57,A
367332950,2022-01-05T21:31:02,30.17125,-89.44640,4.9,259.0,511.0,GOOD SHEPHERD,,WDE3016,31,12,22,8,,57,A
367332950,2022-01-05T08:07:51,30.25863,-88.44087,0.4,157.0,511.0,GOOD SHEPHERD,,WDE3016,31,12,22,8,,57,A
367332950,2022-01-05T21:09:53,30.17858,-89.41545,4.4,252.0,511.0,GOOD SHEPHERD,,WDE3016,31,12,22,8,,57,A
367332950,2022-01-05T21:42:32,30.16585,-89.46313,4.9,254.0,511.0,GOOD SHEPHERD,,WDE3016,31,12,22,8,,57,A
367332950,2022-01-05T21:08:43,30.17902,-89.41385,4.4,251.0,511.0,GOOD SHEPHERD,,WDE3016,31,12,22,8,,57,A
367332950,2022-01-05T21:34:32,30.16995,-89.45157,4.7,252.0,511.0,GOOD SHEPHERD,,WDE3016,31,12,22,8,,57,A
367332950,2022-01-05T21:11:02,30.17828,-89.41705,4.4,256.0,511.0,GOOD SHEPHERD,,WDE3016,31,12,22,8,,57,A
367332950,2022-01-05T21:22:52,30.17420,-89.43412,4.8,251.0,511.0,GOOD SHEPHERD,,WDE3016,31,12,22,8,,57,A
367332950,2022-01-05T21:46:22,30.16380,-89.46888,5.2,243.0,511.0,GOOD SHEPHERD,,WDE3016,31,12,22,8,,57,A
367332950,2022-01-05T21:14:32,30.17695,-89.42183,4.5,254.0,511.0,GOOD SHEPHERD,,WDE3016,31,12,22,8,,57,A
367332950,2022-01-05T21:39:12,30.16780,-89.45835,4.8,244.0,511.0,GOOD SHEPHERD,,WDE3016,31,12,22,8,,57,A
367332950,2022-01-05T21:15:43,30.17655,-89.42355,4.6,254.0,511.0,GOOD SHEPHERD,,WDE3016,31,12,22,8,,57,A
367332950,2022-01-05T21:16:52,30.17617,-89.42518,4.6,256.0,511.0,GOOD SHEPHERD,,WDE3016,31,12,22,8,,57,A
367332950,2022-01-05T21:41:31,30.16640,-89.46162,5.1,239.0,511.0,GOOD SHEPHERD,,WDE3016,31,12,22,8,,57,A
367332950,2022-01-05T21:48:32,30.16212,-89.47192,5.0,238.0,511.0,GOOD SHEPHERD,,WDE3016,31,12,22,8,,57,A
367332950,2022-01-05T21:19:12,30.17552,-89.42867,4.8,255.0,511.0,GOOD SHEPHERD,,WDE3016,31,12,22,8,,57,A
367332950,2022-01-05T21:49:53,30.16130,-89.47382,5.0,244.0,511.0,GOOD SHEPHERD,,WDE3016,31,12,22,8,,57,A
367332950,2022-01-05T21:18:02,30.17585,-89.42693,4.7,257.0,511.0,GOOD SHEPHERD,,WDE3016,31,12,22,8,,57,A
367332950,2022-01-05T21:40:23,30.16712,-89.46002,5.0,243.0,511.0,GOOD SHEPHERD,,WDE3016,31,12,22,8,,57,A
367332950,2022-01-05T21:52:13,30.16012,-89.47717,4.7,248.0,511.0,GOOD SHEPHERD,,WDE3016,31,12,22,8,,57,A
367332950,2022-01-05T21:20:22,30.17517,-89.43042,4.8,255.0,511.0,GOOD SHEPHERD,,WDE3016,31,12,22,8,,57,A
367332950,2022-01-05T08:12:22,30.25843,-88.44152,1.5,257.0,511.0,GOOD SHEPHERD,,WDE3016,31,12,22,8,,57,A
367332950,2022-01-05T21:35:41,30.16943,-89.45327,4.8,250.0,511.0,GOOD SHEPHERD,,WDE3016,31,12,22,8,,57,A
367332950,2022-01-05T21:56:43,30.15995,-89.48357,4.3,271.0,511.0,GOOD SHEPHERD,,WDE3016,31,12,22,8,,57,A
367332950,2022-01-05T21:27:32,30.17227,-89.44105,4.9,256.0,511.0,GOOD SHEPHERD,,WDE3016,31,12,22,8,,57,A
367332950,2022-01-05T21:24:03,30.17372,-89.43582,4.8,249.0,511.0,GOOD SHEPHERD,,WDE3016,31,12,22,8,,57,A
367332950,2022-01-05T21:59:01,30.15953,-89.48678,4.5,261.0,511.0,GOOD SHEPHERD,,WDE3016,31,12,22,8,,57,A
367332950,2022-01-05T22:00:01,30.15933,-89.48822,4.5,262.0,511.0,GOOD SHEPHERD,,WDE3016,31,12,22,8,,57,A
367332950,2022-01-05T21:32:12,30.17088,-89.44820,4.9,259.0,511.0,GOOD SHEPHERD,,WDE3016,31,12,22,8,,57,A
367332950,2022-01-05T21:51:03,30.16067,-89.47550,4.8,250.0,511.0,GOOD SHEPHERD,,WDE3016,31,12,22,8,,57,A
367332950,2022-01-05T21:36:52,30.16900,-89.45498,4.8,254.0,511.0,GOOD SHEPHERD,,WDE3016,31,12,22,8,,57,A
367332950,2022-01-05T08:17:13,30.25778,-88.44490,2.2,259.0,511.0,GOOD SHEPHERD,,WDE3016,31,12,22,8,,57,A
367332950,2022-01-05T21:55:33,30.15970,-89.48197,4.3,280.0,511.0,GOOD SHEPHERD,,WDE3016,31,12,22,8,,57,A
367332950,2022-01-05T21:43:43,30.16535,-89.46488,5.0,249.0,511.0,GOOD SHEPHERD,,WDE3016,31,12,22,8,,57,A
367332950,2022-01-05T22:01:12,30.15905,-89.48992,4.5,258.0,511.0,GOOD SHEPHERD,,WDE3016,31,12,22,8,,57,A
367332950,2022-01-05T22:08:12,30.15757,-89.49977,4.4,266.0,511.0,GOOD SHEPHERD,,WDE3016,31,12,22,8,,57,A
367332950,2022-01-05T22:04:41,30.15817,-89.49483,4.5,261.0,511.0,GOOD SHEPHERD,,WDE3016,31,12,22,8,,57,A
367332950,2022-01-05T21:54:32,30.15967,-89.48052,4.6,261.0,511.0,GOOD SHEPHERD,,WDE3016,31,12,22,8,,57,A
367332950,2022-01-05T22:23:43,30.15297,-89.52117,4.4,256.0,511.0,GOOD SHEPHERD,,WDE3016,31,12,22,8,,57,A
367332950,2022-01-05T22:05:53,30.15803,-89.49655,4.5,265.0,511.0,GOOD SHEPHERD,,WDE3016,31,12,22,8,,57,A
367332950,2022-01-05T21:57:51,30.15977,-89.48513,4.4,260.0,511.0,GOOD SHEPHERD,,WDE3016,31,12,22,8,,57,A
367332950,2022-01-05T22:25:03,30.15258,-89.52300,4.4,252.0,511.0,GOOD SHEPHERD,,WDE3016,31,12,22,8,,57,A
367332950,2022-01-05T22:20:12,30.15400,-89.51642,4.4,257.0,511.0,GOOD SHEPHERD,,WDE3016,31,12,22,8,,57,A
367332950,2022-01-05T22:30:03,30.15108,-89.52968,4.3,263.0,511.0,GOOD SHEPHERD,,WDE3016,31,12,22,8,,57,A
367332950,2022-01-05T22:31:12,30.15095,-89.53117,4.1,253.0,511.0,GOOD SHEPHERD,,WDE3016,31,12,22,8,,57,A
367332950,2022-01-05T22:35:52,30.14953,-89.53722,4.1,258.0,511.0,GOOD SHEPHERD,,WDE3016,31,12,22,8,,57,A
367332950,2022-01-05T22:07:03,30.15778,-89.49812,4.5,256.0,511.0,GOOD SHEPHERD,,WDE3016,31,12,22,8,,57,A
367332950,2022-01-05T22:02:22,30.15878,-89.49155,4.5,254.0,511.0,GOOD SHEPHERD,,WDE3016,31,12,22,8,,57,A
367332950,2022-01-05T22:21:22,30.15370,-89.51800,4.4,257.0,511.0,GOOD SHEPHERD,,WDE3016,31,12,22,8,,57,A
367332950,2022-01-05T22:17:53,30.15473,-89.51325,4.4,259.0,511.0,GOOD SHEPHERD,,WDE3016,31,12,22,8,,57,A
367332950,2022-01-05T22:19:03,30.15433,-89.51485,4.4,252.0,511.0,GOOD SHEPHERD,,WDE3016,31,12,22,8,,57,A
367332950,2022-01-05T22:28:53,30.15142,-89.52810,4.4,256.0,511.0,GOOD SHEPHERD,,WDE3016,31,12,22,8,,57,A
367332950,2022-01-05T22:10:32,30.15713,-89.50305,4.4,251.0,511.0,GOOD SHEPHERD,,WDE3016,31,12,22,8,,57,A
367332950,2022-01-05T22:11:42,30.15670,-89.50472,4.5,253.0,511.0,GOOD SHEPHERD,,WDE3016,31,12,22,8,,57,A
367332950,2022-01-05T22:12:53,30.15628,-89.50630,4.5,255.0,511.0,GOOD SHEPHERD,,WDE3016,31,12,22,8,,57,A
367332950,2022-01-05T22:14:02,30.15593,-89.50793,4.5,253.0,511.0,GOOD SHEPHERD,,WDE3016,31,12,22,8,,57,A
367332950,2022-01-05T22:27:42,30.15175,-89.52650,4.3,256.0,511.0,GOOD SHEPHERD,,WDE3016,31,12,22,8,,57,A
367332950,2022-01-05T22:15:12,30.15553,-89.50953,4.5,252.0,511.0,GOOD SHEPHERD,,WDE3016,31,12,22,8,,57,A
367332950,2022-01-05T22:34:43,30.14990,-89.53573,4.2,256.0,511.0,GOOD SHEPHERD,,WDE3016,31,12,22,8,,57,A
367332950,2022-01-05T22:22:31,30.15330,-89.51955,4.4,257.0,511.0,GOOD SHEPHERD,,WDE3016,31,12,22,8,,57,A
367332950,2022-01-05T22:43:12,30.14800,-89.54662,3.9,258.0,511.0,GOOD SHEPHERD,,WDE3016,31,12,22,8,,57,A
367332950,2022-01-05T22:54:03,30.14648,-89.56023,4.2,259.0,511.0,GOOD SHEPHERD,,WDE3016,31,12,22,8,,57,A
367332950,2022-01-05T22:33:31,30.15020,-89.53418,4.2,255.0,511.0,GOOD SHEPHERD,,WDE3016,31,12,22,8,,57,A
367332950,2022-01-05T22:49:23,30.14698,-89.55422,3.9,270.0,511.0,GOOD SHEPHERD,,WDE3016,31,12,22,8,,57,A
367332950,2022-01-05T22:39:33,30.14878,-89.54200,4.1,264.0,511.0,GOOD SHEPHERD,,WDE3016,31,12,22,8,,57,A
367332950,2022-01-05T22:57:43,30.14560,-89.56507,4.1,255.0,511.0,GOOD SHEPHERD,,WDE3016,31,12,22,8,,57,A
367332950,2022-01-05T22:32:22,30.15055,-89.53265,4.2,256.0,511.0,GOOD SHEPHERD,,WDE3016,31,12,22,8,,57,A
367332950,2022-01-05T22:42:03,30.14827,-89.54520,4.0,258.0,511.0,GOOD SHEPHERD,,WDE3016,31,12,22,8,,57,A
367332950,2022-01-05T22:38:22,30.14903,-89.54045,4.1,257.0,511.0,GOOD SHEPHERD,,WDE3016,31,12,22,8,,57,A
367332950,2022-01-05T23:00:02,30.14517,-89.56807,4.1,257.0,511.0,GOOD SHEPHERD,,WDE3016,31,12,22,8,,57,A
367332950,2022-01-05T22:40:43,30.14853,-89.54347,4.1,254.0,511.0,GOOD SHEPHERD,,WDE3016,31,12,22,8,,57,A
367332950,2022-01-05T22:55:12,30.14622,-89.56177,4.2,259.0,511.0,GOOD SHEPHERD,,WDE3016,31,12,22,8,,57,A
367332950,2022-01-05T22:44:43,30.14773,-89.54847,3.8,262.0,511.0,GOOD SHEPHERD,,WDE3016,31,12,22,8,,57,A
367332950,2022-01-05T22:45:52,30.14755,-89.54992,3.9,259.0,511.0,GOOD SHEPHERD,,WDE3016,31,12,22,8,,57,A
367332950,2022-01-05T23:03:02,30.14445,-89.57193,4.1,259.0,511.0,GOOD SHEPHERD,,WDE3016,31,12,22,8,,57,A
367332950,2022-01-05T22:48:12,30.14718,-89.55275,3.9,258.0,511.0,GOOD SHEPHERD,,WDE3016,31,12,22,8,,57,A
367332950,2022-01-05T22:50:33,30.14692,-89.55568,4.0,265.0,511.0,GOOD SHEPHERD,,WDE3016,31,12,22,8,,57,A
367332950,2022-01-05T22:56:31,30.14587,-89.56355,4.2,255.0,511.0,GOOD SHEPHERD,,WDE3016,31,12,22,8,,57,A
367332950,2022-01-05T23:14:02,30.14258,-89.58640,4.0,262.0,511.0,GOOD SHEPHERD,,WDE3016,31,12,22,8,,57,A
367332950,2022-01-05T23:12:21,30.14287,-89.58418,4.2,257.0,511.0,GOOD SHEPHERD,,WDE3016,31,12,22,8,,57,A
367332950,2022-01-05T23:17:31,30.14265,-89.59090,4.2,267.0,511.0,GOOD SHEPHERD,,WDE3016,31,12,22,8,,57,A
367332950,2022-01-05T23:01:52,30.14475,-89.57043,4.1,260.0,511.0,GOOD SHEPHERD,,WDE3016,31,12,22,8,,57,A
367332950,2022-01-05T08:48:52,30.25217,-88.45303,1.1,212.0,511.0,GOOD SHEPHERD,,WDE3016,31,12,22,8,,57,A
367332950,2022-01-05T22:51:42,30.14688,-89.55722,4.1,264.0,511.0,GOOD SHEPHERD,,WDE3016,31,12,22,8,,57,A
367332950,2022-01-05T23:05:22,30.14408,-89.57498,4.1,265.0,511.0,GOOD SHEPHERD,,WDE3016,31,12,22,8,,57,A
367332950,2022-01-05T22:53:02,30.14665,-89.55893,4.1,263.0,511.0,GOOD SHEPHERD,,WDE3016,31,12,22,8,,57,A
367332950,2022-01-05T08:51:12,30.25155,-88.45360,1.3,217.0,511.0,GOOD SHEPHERD,,WDE3016,31,12,22,8,,57,A
367332950,2022-01-05T23:28:43,30.14335,-89.60590,4.3,278.0,511.0,GOOD SHEPHERD,,WDE3016,31,12,22,8,,57,A
367332950,2022-01-05T08:52:22,30.25125,-88.45387,1.1,225.0,511.0,GOOD SHEPHERD,,WDE3016,31,12,22,8,,57,A
367332950,2022-01-05T23:11:13,30.14308,-89.58268,4.2,261.0,511.0,GOOD SHEPHERD,,WDE3016,31,12,22,8,,57,A
367332950,2022-01-05T22:58:52,30.14530,-89.56658,4.1,264.0,511.0,GOOD SHEPHERD,,WDE3016,31,12,22,8,,57,A
367332950,2022-01-05T23:32:11,30.14388,-89.61078,4.5,278.0,511.0,GOOD SHEPHERD,,WDE3016,31,12,22,8,,57,A
367332950,2022-01-05T23:15:12,30.14260,-89.58785,4.0,274.0,511.0,GOOD SHEPHERD,,WDE3016,31,12,22,8,,57,A
367332950,2022-01-05T23:16:22,30.14268,-89.58933,4.0,269.0,511.0,GOOD SHEPHERD,,WDE3016,31,12,22,8,,57,A
367332950,2022-01-05T23:42:42,30.14578,-89.62433,3.7,278.0,511.0,GOOD SHEPHERD,,WDE3016,31,12,22,8,,57,A
367332950,2022-01-05T23:37:23,30.14498,-89.61797,4.0,283.0,511.0,GOOD SHEPHERD,,WDE3016,31,12,22,8,,57,A
367332950,2022-01-05T23:22:22,30.14248,-89.59747,4.1,273.0,511.0,GOOD SHEPHERD,,WDE3016,31,12,22,8,,57,A
367332950,2022-01-05T23:41:23,30.14550,-89.62282,3.7,279.0,511.0,GOOD SHEPHERD,,WDE3016,31,12,22,8,,57,A
367332950,2022-01-05T23:10:03,30.14328,-89.58115,4.2,262.0,511.0,GOOD SHEPHERD,,WDE3016,31,12,22,8,,57,A
367332950,2022-01-05T23:25:02,30.14275,-89.60097,4.1,278.0,511.0,GOOD SHEPHERD,,WDE3016,31,12,22,8,,57,A
367332950,2022-01-05T23:26:22,30.14295,-89.60263,4.2,276.0,511.0,GOOD SHEPHERD,,WDE3016,31,12,22,8,,57,A
367332950,2022-01-05T23:45:01,30.14613,-89.62705,3.7,283.0,511.0,GOOD SHEPHERD,,WDE3016,31,12,22,8,,57,A
367332950,2022-01-05T23:29:52,30.14350,-89.60750,4.5,275.0,511.0,GOOD SHEPHERD,,WDE3016,31,12,22,8,,57,A
367332950,2022-01-05T23:46:32,30.14652,-89.62887,3.8,281.0,511.0,GOOD SHEPHERD,,WDE3016,31,12,22,8,,57,A
367332950,2022-01-05T23:47:51,30.14670,-89.63052,3.8,267.0,511.0,GOOD SHEPHERD,,WDE3016,31,12,22,8,,57,A
367332950,2022-01-05T23:49:01,30.14642,-89.63178,3.5,259.0,511.0,GOOD SHEPHERD,,WDE3016,31,12,22,8,,57,A
367332950,2022-01-05T23:31:02,30.14363,-89.60917,4.5,275.0,511.0,GOOD SHEPHERD,,WDE3016,31,12,22,8,,57,A
367332950,2022-01-05T08:59:23,30.25052,-88.45445,0.4,136.0,511.0,GOOD SHEPHERD,,WDE3016,31,12,22,8,,57,A
367332950,2022-01-05T23:50:11,30.14632,-89.63315,3.7,266.0,511.0,GOOD SHEPHERD,,WDE3016,31,12,22,8,,57,A
367332950,2022-01-05T23:33:23,30.14417,-89.61250,4.5,280.0,511.0,GOOD SHEPHERD,,WDE3016,31,12,22,8,,57,A
367332950,2022-01-05T23:19:52,30.14253,-89.59410,4.3,265.0,511.0,GOOD SHEPHERD,,WDE3016,31,12,22,8,,57,A
367332950,2022-01-05T23:36:02,30.14472,-89.61618,4.3,277.0,511.0,GOOD SHEPHERD,,WDE3016,31,12,22,8,,57,A
367332950,2022-01-05T23:52:22,30.14588,-89.63583,4.0,256.0,511.0,GOOD SHEPHERD,,WDE3016,31,12,22,8,,57,A
367332950,2022-01-05T23:23:43,30.14255,-89.59925,4.2,270.0,511.0,GOOD SHEPHERD,,WDE3016,31,12,22,8,,57,A
367332950,2022-01-05T23:38:33,30.14512,-89.61943,3.9,275.0,511.0,GOOD SHEPHERD,,WDE3016,31,12,22,8,,57,A
367332950,2022-01-05T09:04:23,30.25012,-88.45455,0.6,231.0,511.0,GOOD SHEPHERD,,WDE3016,31,12,22,8,,57,A
367332950,2022-01-05T23:43:51,30.14588,-89.62573,3.7,279.0,511.0,GOOD SHEPHERD,,WDE3016,31,12,22,8,,57,A
367332950,2022-01-05T09:06:43,30.24977,-88.45500,0.9,231.0,511.0,GOOD SHEPHERD,,WDE3016,31,12,22,8,,57,A
367332950,2022-01-05T23:34:32,30.14440,-89.61412,4.5,280.0,511.0,GOOD SHEPHERD,,WDE3016,31,12,22,8,,57,A
367332950,2022-01-05T23:51:12,30.14618,-89.63440,3.9,259.0,511.0,GOOD SHEPHERD,,WDE3016,31,12,22,8,,57,A
367332950,2022-01-05T23:40:02,30.14528,-89.62125,3.8,277.0,511.0,GOOD SHEPHERD,,WDE3016,31,12,22,8,,57,A
367332950,2022-01-05T23:53:31,30.14548,-89.63725,4.0,246.0,511.0,GOOD SHEPHERD,,WDE3016,31,12,22,8,,57,A
367332950,2022-01-05T23:54:53,30.14473,-89.63875,4.1,240.0,511.0,GOOD SHEPHERD,,WDE3016,31,12,22,8,,57,A
367332950,2022-01-05T23:57:22,30.14338,-89.64152,4.0,240.0,511.0,GOOD SHEPHERD,,WDE3016,31,12,22,8,,57,A
367332950,2022-01-05T23:58:41,30.14260,-89.64310,4.3,238.0,511.0,GOOD SHEPHERD,,WDE3016,31,12,22,8,,57,A
367332950,2022-01-05T09:25:32,30.25215,-88.46655,4.2,262.0,511.0,GOOD SHEPHERD,,WDE3016,31,12,22,8,,57,A
367332950,2022-01-05T09:31:22,30.25220,-88.47445,4.3,267.0,511.0,GOOD SHEPHERD,,WDE3016,31,12,22,8,,57,A
367332950,2022-01-05T09:57:02,30.25303,-88.51753,5.3,250.0,511.0,GOOD SHEPHERD,,WDE3016,31,12,22,8,,57,A
367332950,2022-01-05T10:04:41,30.25363,-88.52800,4.9,270.0,511.0,GOOD SHEPHERD,,WDE3016,31,12,22,8,,57,A
367332950,2022-01-05T10:17:53,30.25512,-88.54843,4.7,287.0,511.0,GOOD SHEPHERD,,WDE3016,31,12,22,8,,57,A
367332950,2022-01-05T10:29:01,30.25593,-88.56498,4.3,285.0,511.0,GOOD SHEPHERD,,WDE3016,31,12,22,8,,57,A
367332950,2022-01-05T10:34:51,30.25463,-88.57290,4.5,255.0,511.0,GOOD SHEPHERD,,WDE3016,31,12,22,8,,57,A
367332950,2022-01-05T10:49:03,30.25280,-88.59252,4.1,274.0,511.0,GOOD SHEPHERD,,WDE3016,31,12,22,8,,57,A
367332950,2022-01-05T10:52:33,30.25292,-88.59730,4.4,271.0,511.0,GOOD SHEPHERD,,WDE3016,31,12,22,8,,57,A
367332950,2022-01-05T10:56:03,30.25347,-88.60217,4.1,298.0,511.0,GOOD SHEPHERD,,WDE3016,31,12,22,8,,57,A
367332950,2022-01-05T10:59:33,30.25532,-88.60633,4.2,287.0,511.0,GOOD SHEPHERD,,WDE3016,31,12,22,8,,57,A
367332950,2022-01-05T11:00:03,30.25547,-88.60698,4.2,285.0,511.0,GOOD SHEPHERD,,WDE3016,31,12,22,8,,57,A
367332950,2022-01-05T11:17:12,30.26892,-88.62308,4.3,319.0,511.0,GOOD SHEPHERD,,WDE3016,31,12,22,8,,57,A
367332950,2022-01-05T11:22:52,30.27447,-88.62773,4.3,324.0,511.0,GOOD SHEPHERD,,WDE3016,31,12,22,8,,57,A
367332950,2022-01-05T11:42:31,30.28153,-88.65078,4.4,273.0,511.0,GOOD SHEPHERD,,WDE3016,31,12,22,8,,57,A
367332950,2022-01-05T11:52:53,30.28158,-88.66635,5.0,267.0,511.0,GOOD SHEPHERD,,WDE3016,31,12,22,8,,57,A
367332950,2022-01-05T11:56:22,30.28147,-88.67183,4.8,277.0,511.0,GOOD SHEPHERD,,WDE3016,31,12,22,8,,57,A
367332950,2022-01-05T12:01:13,30.28218,-88.67937,5.1,273.0,511.0,GOOD SHEPHERD,,WDE3016,31,12,22,8,,57,A
367332950,2022-01-05T12:05:53,30.28142,-88.68668,4.7,274.0,511.0,GOOD SHEPHERD,,WDE3016,31,12,22,8,,57,A
367332950,2022-01-05T12:10:31,30.28182,-88.69422,5.2,276.0,511.0,GOOD SHEPHERD,,WDE3016,31,12,22,8,,57,A
367332950,2022-01-05T12:23:03,30.28255,-88.71512,5.3,273.0,511.0,GOOD SHEPHERD,,WDE3016,31,12,22,8,,57,A
367332950,2022-01-05T12:45:23,30.28360,-88.75240,5.1,270.0,511.0,GOOD SHEPHERD,,WDE3016,31,12,22,8,,57,A
367332950,2022-01-05T12:53:32,30.28292,-88.76603,5.3,268.0,511.0,GOOD SHEPHERD,,WDE3016,31,12,22,8,,57,A
367332950,2022-01-05T12:59:22,30.28283,-88.77580,5.1,267.0,511.0,GOOD SHEPHERD,,WDE3016,31,12,22,8,,57,A
367332950,2022-01-05T13:01:12,30.28267,-88.77883,5.2,269.0,511.0,GOOD SHEPHERD,,WDE3016,31,12,22,8,,57,A
367332950,2022-01-05T13:04:42,30.28223,-88.78470,5.3,265.0,511.0,GOOD SHEPHERD,,WDE3016,31,12,22,8,,57,A
367332950,2022-01-05T13:18:42,30.28143,-88.80855,5.4,272.0,511.0,GOOD SHEPHERD,,WDE3016,31,12,22,8,,57,A
367332950,2022-01-05T13:35:03,30.28155,-88.83670,5.4,265.0,511.0,GOOD SHEPHERD,,WDE3016,31,12,22,8,,57,A
367332950,2022-01-05T13:36:12,30.28147,-88.83873,5.4,268.0,511.0,GOOD SHEPHERD,,WDE3016,31,12,22,8,,57,A
367332950,2022-01-05T13:39:42,30.28135,-88.84483,5.5,266.0,511.0,GOOD SHEPHERD,,WDE3016,31,12,22,8,,57,A
367332950,2022-01-05T13:44:42,30.28093,-88.85373,5.6,267.0,511.0,GOOD SHEPHERD,,WDE3016,31,12,22,8,,57,A
367332950,2022-01-05T13:47:12,30.28073,-88.85823,5.6,264.0,511.0,GOOD SHEPHERD,,WDE3016,31,12,22,8,,57,A
367332950,2022-01-05T13:50:42,30.28032,-88.86445,5.6,263.0,511.0,GOOD SHEPHERD,,WDE3016,31,12,22,8,,57,A
367332950,2022-01-05T14:24:03,30.27702,-88.92187,5.1,266.0,511.0,GOOD SHEPHERD,,WDE3016,31,12,22,8,,57,A
367332950,2022-01-05T14:47:02,30.27798,-88.95787,4.6,284.0,511.0,GOOD SHEPHERD,,WDE3016,31,12,22,8,,57,A
367332950,2022-01-05T14:51:42,30.27940,-88.96475,4.8,282.0,511.0,GOOD SHEPHERD,,WDE3016,31,12,22,8,,57,A
367332950,2022-01-05T14:55:23,30.28042,-88.97030,4.8,275.0,511.0,GOOD SHEPHERD,,WDE3016,31,12,22,8,,57,A
367332950,2022-01-05T15:04:52,30.28088,-88.98503,4.8,274.0,511.0,GOOD SHEPHERD,,WDE3016,31,12,22,8,,57,A
367332950,2022-01-05T15:13:32,30.28100,-88.99797,4.5,269.0,511.0,GOOD SHEPHERD,,WDE3016,31,12,22,8,,57,A
367332950,2022-01-05T15:20:42,30.28087,-89.00843,4.5,268.0,511.0,GOOD SHEPHERD,,WDE3016,31,12,22,8,,57,A
367332950,2022-01-05T15:21:52,30.28092,-89.01002,4.3,279.0,511.0,GOOD SHEPHERD,,WDE3016,31,12,22,8,,57,A
367332950,2022-01-05T15:27:43,30.28113,-89.01822,4.4,267.0,511.0,GOOD SHEPHERD,,WDE3016,31,12,22,8,,57,A
367332950,2022-01-05T15:30:13,30.28080,-89.02173,4.5,261.0,511.0,GOOD SHEPHERD,,WDE3016,31,12,22,8,,57,A
367332950,2022-01-05T15:34:51,30.28003,-89.02847,4.4,261.0,511.0,GOOD SHEPHERD,,WDE3016,31,12,22,8,,57,A
367332950,2022-01-05T15:41:01,30.27898,-89.03683,4.3,262.0,511.0,GOOD SHEPHERD,,WDE3016,31,12,22,8,,57,A
367332950,2022-01-05T15:51:53,30.27842,-89.05195,4.4,267.0,511.0,GOOD SHEPHERD,,WDE3016,31,12,22,8,,57,A
367332950,2022-01-05T16:03:33,30.27767,-89.06818,4.4,265.0,511.0,GOOD SHEPHERD,,WDE3016,31,12,22,8,,57,A
367332950,2022-01-05T16:47:12,30.27755,-89.12445,4.0,276.0,511.0,GOOD SHEPHERD,,WDE3016,31,12,22,8,,57,A
367332950,2022-01-05T16:48:32,30.27767,-89.12613,4.1,271.0,511.0,GOOD SHEPHERD,,WDE3016,31,12,22,8,,57,A
367332950,2022-01-05T16:53:11,30.27782,-89.13208,4.0,272.0,511.0,GOOD SHEPHERD,,WDE3016,31,12,22,8,,57,A
367332950,2022-01-05T16:54:22,30.27787,-89.13360,4.0,269.0,511.0,GOOD SHEPHERD,,WDE3016,31,12,22,8,,57,A
367332950,2022-01-05T17:04:23,30.27812,-89.14682,4.2,268.0,511.0,GOOD SHEPHERD,,WDE3016,31,12,22,8,,57,A
367332950,2022-01-05T17:11:31,30.27512,-89.15513,4.2,233.0,511.0,GOOD SHEPHERD,,WDE3016,31,12,22,8,,57,A
367332950,2022-01-05T17:12:43,30.27423,-89.15642,4.2,233.0,511.0,GOOD SHEPHERD,,WDE3016,31,12,22,8,,57,A
367332950,2022-01-05T17:13:53,30.27353,-89.15772,4.2,237.0,511.0,GOOD SHEPHERD,,WDE3016,31,12,22,8,,57,A
367332950,2022-01-05T17:16:12,30.27210,-89.16038,4.3,238.0,511.0,GOOD SHEPHERD,,WDE3016,31,12,22,8,,57,A
367332950,2022-01-05T17:19:33,30.27025,-89.16442,4.2,241.0,511.0,GOOD SHEPHERD,,WDE3016,31,12,22,8,,57,A
367332950,2022-01-05T17:24:12,30.26823,-89.17008,4.0,240.0,511.0,GOOD SHEPHERD,,WDE3016,31,12,22,8,,57,A
367332950,2022-01-05T17:30:12,30.26475,-89.17642,3.9,226.0,511.0,GOOD SHEPHERD,,WDE3016,31,12,22,8,,57,A
367332950,2022-01-05T17:39:02,30.25820,-89.18417,3.9,231.0,511.0,GOOD SHEPHERD,,WDE3016,31,12,22,8,,57,A
367332950,2022-01-05T17:46:22,30.25407,-89.18997,3.2,204.0,511.0,GOOD SHEPHERD,,WDE3016,31,12,22,8,,57,A
367332950,2022-01-05T17:53:23,30.24933,-89.19528,3.5,191.0,511.0,GOOD SHEPHERD,,WDE3016,31,12,22,8,,57,A
367332950,2022-01-05T17:59:12,30.24475,-89.19950,3.8,229.0,511.0,GOOD SHEPHERD,,WDE3016,31,12,22,8,,57,A
367332950,2022-01-05T18:18:12,30.23118,-89.21827,4.4,236.0,511.0,GOOD SHEPHERD,,WDE3016,31,12,22,8,,57,A
367332950,2022-01-05T18:28:02,30.22403,-89.22883,4.3,240.0,511.0,GOOD SHEPHERD,,WDE3016,31,12,22,8,,57,A
367332950,2022-01-05T18:35:22,30.21907,-89.23703,4.3,234.0,511.0,GOOD SHEPHERD,,WDE3016,31,12,22,8,,57,A
367332950,2022-01-05T18:38:53,30.21682,-89.24097,4.1,244.0,511.0,GOOD SHEPHERD,,WDE3016,31,12,22,8,,57,A
367332950,2022-01-05T18:42:23,30.21467,-89.24473,3.9,232.0,511.0,GOOD SHEPHERD,,WDE3016,31,12,22,8,,57,A
367332950,2022-01-05T18:51:42,30.20880,-89.25428,3.9,237.0,511.0,GOOD SHEPHERD,,WDE3016,31,12,22,8,,57,A
367332950,2022-01-05T19:14:43,30.19520,-89.27842,4.2,233.0,511.0,GOOD SHEPHERD,,WDE3016,31,12,22,8,,57,A
367332950,2022-01-05T19:25:13,30.18832,-89.28973,4.2,234.0,511.0,GOOD SHEPHERD,,WDE3016,31,12,22,8,,57,A
367332950,2022-01-05T19:36:13,30.18225,-89.30233,4.0,259.0,511.0,GOOD SHEPHERD,,WDE3016,31,12,22,8,,57,A
367332950,2022-01-05T19:48:52,30.18153,-89.31828,4.0,265.0,511.0,GOOD SHEPHERD,,WDE3016,31,12,22,8,,57,A
367332950,2022-01-05T20:01:22,30.18118,-89.33393,3.9,265.0,511.0,GOOD SHEPHERD,,WDE3016,31,12,22,8,,57,A
367332950,2022-01-05T20:04:52,30.18108,-89.33833,3.9,267.0,511.0,GOOD SHEPHERD,,WDE3016,31,12,22,8,,57,A
367332950,2022-01-05T20:08:22,30.18110,-89.34270,3.9,276.0,511.0,GOOD SHEPHERD,,WDE3016,31,12,22,8,,57,A
367332950,2022-01-05T20:15:22,30.18143,-89.35110,3.6,266.0,511.0,GOOD SHEPHERD,,WDE3016,31,12,22,8,,57,A
367332950,2022-01-05T20:17:42,30.18142,-89.35372,3.6,265.0,511.0,GOOD SHEPHERD,,WDE3016,31,12,22,8,,57,A
367332950,2022-01-05T20:25:52,30.18130,-89.36252,3.4,270.0,511.0,GOOD SHEPHERD,,WDE3016,31,12,22,8,,57,A
367332950,2022-01-05T20:37:51,30.18072,-89.37618,3.7,264.0,511.0,GOOD SHEPHERD,,WDE3016,31,12,22,8,,57,A
367332950,2022-01-05T20:40:12,30.18073,-89.37897,3.5,265.0,511.0,GOOD SHEPHERD,,WDE3016,31,12,22,8,,57,A
367332950,2022-01-05T20:48:33,30.18100,-89.38878,3.7,271.0,511.0,GOOD SHEPHERD,,WDE3016,31,12,22,8,,57,A
367332950,2022-01-05T21:04:03,30.18062,-89.40763,4.2,254.0,511.0,GOOD SHEPHERD,,WDE3016,31,12,22,8,,57,A
367332950,2022-01-05T21:07:32,30.17953,-89.41232,4.4,249.0,511.0,GOOD SHEPHERD,,WDE3016,31,12,22,8,,57,A
367332950,2022-01-05T21:29:52,30.17152,-89.44462,4.9,257.0,511.0,GOOD SHEPHERD,,WDE3016,31,12,22,8,,57,A
367332950,2022-01-05T21:33:22,30.17050,-89.44992,4.7,249.0,511.0,GOOD SHEPHERD,,WDE3016,31,12,22,8,,57,A
367332950,2022-01-05T21:38:01,30.16847,-89.45668,4.8,249.0,511.0,GOOD SHEPHERD,,WDE3016,31,12,22,8,,57,A
367332950,2022-01-05T21:45:03,30.16463,-89.46692,5.1,244.0,511.0,GOOD SHEPHERD,,WDE3016,31,12,22,8,,57,A
367332950,2022-01-05T21:47:23,30.16308,-89.47040,5.2,237.0,511.0,GOOD SHEPHERD,,WDE3016,31,12,22,8,,57,A
367332950,2022-01-05T21:53:21,30.15987,-89.47883,4.5,265.0,511.0,GOOD SHEPHERD,,WDE3016,31,12,22,8,,57,A
367332950,2022-01-05T22:03:31,30.15847,-89.49320,4.5,257.0,511.0,GOOD SHEPHERD,,WDE3016,31,12,22,8,,57,A
367332950,2022-01-05T22:09:21,30.15740,-89.50140,4.5,266.0,511.0,GOOD SHEPHERD,,WDE3016,31,12,22,8,,57,A
367332950,2022-01-05T22:16:43,30.15508,-89.51167,4.5,255.0,511.0,GOOD SHEPHERD,,WDE3016,31,12,22,8,,57,A
367332950,2022-01-05T22:26:12,30.15210,-89.52447,4.1,257.0,511.0,GOOD SHEPHERD,,WDE3016,31,12,22,8,,57,A
367332950,2022-01-05T22:37:12,30.14927,-89.53895,4.1,260.0,511.0,GOOD SHEPHERD,,WDE3016,31,12,22,8,,57,A
367332950,2022-01-05T22:47:02,30.14738,-89.55130,3.9,262.0,511.0,GOOD SHEPHERD,,WDE3016,31,12,22,8,,57,A
367332950,2022-01-05T23:04:11,30.14417,-89.57343,4.1,256.0,511.0,GOOD SHEPHERD,,WDE3016,31,12,22,8,,57,A
367332950,2022-01-05T23:06:32,30.14393,-89.57648,4.1,262.0,511.0,GOOD SHEPHERD,,WDE3016,31,12,22,8,,57,A
367332950,2022-01-05T23:07:42,30.14368,-89.57803,4.2,258.0,511.0,GOOD SHEPHERD,,WDE3016,31,12,22,8,,57,A
367332950,2022-01-05T23:08:53,30.14345,-89.57958,4.2,263.0,511.0,GOOD SHEPHERD,,WDE3016,31,12,22,8,,57,A
367332950,2022-01-05T23:18:51,30.14262,-89.59272,4.3,265.0,511.0,GOOD SHEPHERD,,WDE3016,31,12,22,8,,57,A
367332950,2022-01-05T23:21:12,30.14248,-89.59593,4.2,264.0,511.0,GOOD SHEPHERD,,WDE3016,31,12,22,8,,57,A
367332950,2022-01-05T23:27:32,30.14312,-89.60425,4.3,276.0,511.0,GOOD SHEPHERD,,WDE3016,31,12,22,8,,57,A
367332950,2022-01-05T23:56:13,30.14393,-89.64027,4.0,239.0,511.0,GOOD SHEPHERD,,WDE3016,31,12,22,8,,57,A
367332950,2022-01-05T23:59:52,30.14185,-89.64452,4.5,241.0,511.0,GOOD SHEPHERD,,WDE3016,31,12,22,8,,57,A
367332950,2022-01-06T00:00:02,30.14175,-89.64470,4.5,239.0,511.0,GOOD SHEPHERD,,WDE3016,31,12,22,8,,57,A
367332950,2022-01-06T00:01:32,30.14072,-89.64650,4.5,238.0,511.0,GOOD SHEPHERD,,WDE3016,31,12,22,8,,57,A
367332950,2022-01-06T00:02:43,30.14005,-89.64795,4.0,239.0,511.0,GOOD SHEPHERD,,WDE3016,31,12,22,8,,57,A
367332950,2022-01-06T00:03:51,30.13930,-89.64903,3.7,230.0,511.0,GOOD SHEPHERD,,WDE3016,31,12,22,8,,57,A
367332950,2022-01-06T00:06:31,30.13782,-89.65168,3.8,238.0,511.0,GOOD SHEPHERD,,WDE3016,31,12,22,8,,57,A
367332950,2022-01-06T00:05:02,30.13863,-89.65017,3.7,237.0,511.0,GOOD SHEPHERD,,WDE3016,31,12,22,8,,57,A
367332950,2022-01-06T00:07:43,30.13715,-89.65297,3.8,238.0,511.0,GOOD SHEPHERD,,WDE3016,31,12,22,8,,57,A
367332950,2022-01-06T00:08:52,30.13655,-89.65418,3.8,243.0,511.0,GOOD SHEPHERD,,WDE3016,31,12,22,8,,57,A
367332950,2022-01-06T00:13:32,30.13405,-89.65890,3.6,239.0,511.0,GOOD SHEPHERD,,WDE3016,31,12,22,8,,57,A
367332950,2022-01-06T00:10:02,30.13593,-89.65543,3.8,241.0,511.0,GOOD SHEPHERD,,WDE3016,31,12,22,8,,57,A
367332950,2022-01-06T00:14:43,30.13342,-89.66012,3.6,238.0,511.0,GOOD SHEPHERD,,WDE3016,31,12,22,8,,57,A
367332950,2022-01-06T00:12:31,30.13457,-89.65793,3.7,237.0,511.0,GOOD SHEPHERD,,WDE3016,31,12,22,8,,57,A
367332950,2022-01-06T00:11:21,30.13522,-89.65682,3.7,237.0,511.0,GOOD SHEPHERD,,WDE3016,31,12,22,8,,57,A
367332950,2022-01-06T00:18:12,30.13158,-89.66345,3.5,243.0,511.0,GOOD SHEPHERD,,WDE3016,31,12,22,8,,57,A
367332950,2022-01-06T00:15:53,30.13285,-89.66123,3.5,240.0,511.0,GOOD SHEPHERD,,WDE3016,31,12,22,8,,57,A
367332950,2022-01-06T00:17:01,30.13217,-89.66227,3.5,234.0,511.0,GOOD SHEPHERD,,WDE3016,31,12,22,8,,57,A
367332950,2022-01-06T00:23:01,30.12915,-89.66812,3.6,238.0,511.0,GOOD SHEPHERD,,WDE3016,31,12,22,8,,57,A
367332950,2022-01-06T00:19:23,30.13108,-89.66457,3.5,240.0,511.0,GOOD SHEPHERD,,WDE3016,31,12,22,8,,57,A
367332950,2022-01-06T00:20:42,30.13038,-89.66583,3.6,236.0,511.0,GOOD SHEPHERD,,WDE3016,31,12,22,8,,57,A
367332950,2022-01-06T00:26:23,30.12743,-89.67140,3.7,236.0,511.0,GOOD SHEPHERD,,WDE3016,31,12,22,8,,57,A
367332950,2022-01-06T00:25:12,30.12803,-89.67023,3.6,241.0,511.0,GOOD SHEPHERD,,WDE3016,31,12,22,8,,57,A
367332950,2022-01-06T00:24:02,30.12863,-89.66908,3.5,237.0,511.0,GOOD SHEPHERD,,WDE3016,31,12,22,8,,57,A
367332950,2022-01-06T00:21:53,30.12973,-89.66697,3.6,237.0,511.0,GOOD SHEPHERD,,WDE3016,31,12,22,8,,57,A
367332950,2022-01-06T00:27:53,30.12663,-89.67288,3.6,242.0,511.0,GOOD SHEPHERD,,WDE3016,31,12,22,8,,57,A
367332950,2022-01-06T00:31:31,30.12475,-89.67640,3.5,243.0,511.0,GOOD SHEPHERD,,WDE3016,31,12,22,8,,57,A
367332950,2022-01-06T00:30:13,30.12545,-89.67520,3.6,233.0,511.0,GOOD SHEPHERD,,WDE3016,31,12,22,8,,57,A
367332950,2022-01-06T00:34:02,30.12345,-89.67898,3.8,239.0,511.0,GOOD SHEPHERD,,WDE3016,31,12,22,8,,57,A
367332950,2022-01-06T00:32:43,30.12415,-89.67762,3.6,239.0,511.0,GOOD SHEPHERD,,WDE3016,31,12,22,8,,57,A
367332950,2022-01-06T00:35:12,30.12283,-89.68017,3.8,238.0,511.0,GOOD SHEPHERD,,WDE3016,31,12,22,8,,57,A
367332950,2022-01-06T00:36:22,30.12223,-89.68142,3.8,241.0,511.0,GOOD SHEPHERD,,WDE3016,31,12,22,8,,57,A
367332950,2022-01-06T00:29:03,30.12608,-89.67402,3.6,238.0,511.0,GOOD SHEPHERD,,WDE3016,31,12,22,8,,57,A
367332950,2022-01-06T00:40:03,30.12030,-89.68528,3.6,241.0,511.0,GOOD SHEPHERD,,WDE3016,31,12,22,8,,57,A
367332950,2022-01-06T00:37:32,30.12162,-89.68267,3.8,239.0,511.0,GOOD SHEPHERD,,WDE3016,31,12,22,8,,57,A
367332950,2022-01-06T00:38:52,30.12090,-89.68407,3.8,239.0,511.0,GOOD SHEPHERD,,WDE3016,31,12,22,8,,57,A
367332950,2022-01-06T00:42:42,30.11890,-89.68787,3.5,239.0,511.0,GOOD SHEPHERD,,WDE3016,31,12,22,8,,57,A
367332950,2022-01-06T00:44:03,30.11818,-89.68923,3.7,238.0,511.0,GOOD SHEPHERD,,WDE3016,31,12,22,8,,57,A
367332950,2022-01-06T00:41:12,30.11972,-89.68645,3.6,235.0,511.0,GOOD SHEPHERD,,WDE3016,31,12,22,8,,57,A
367332950,2022-01-06T00:48:43,30.11573,-89.69375,3.7,239.0,511.0,GOOD SHEPHERD,,WDE3016,31,12,22,8,,57,A
367332950,2022-01-06T00:45:13,30.11755,-89.69032,3.5,237.0,511.0,GOOD SHEPHERD,,WDE3016,31,12,22,8,,57,A
367332950,2022-01-06T00:47:33,30.11633,-89.69262,3.7,237.0,511.0,GOOD SHEPHERD,,WDE3016,31,12,22,8,,57,A
367332950,2022-01-06T00:49:52,30.11512,-89.69492,3.7,237.0,511.0,GOOD SHEPHERD,,WDE3016,31,12,22,8,,57,A
367332950,2022-01-06T00:46:22,30.11697,-89.69143,3.6,236.0,511.0,GOOD SHEPHERD,,WDE3016,31,12,22,8,,57,A
367332950,2022-01-06T00:51:02,30.11447,-89.69610,3.6,237.0,511.0,GOOD SHEPHERD,,WDE3016,31,12,22,8,,57,A
367332950,2022-01-06T00:57:13,30.11053,-89.70338,4.7,235.0,511.0,GOOD SHEPHERD,,WDE3016,31,12,22,8,,57,A
367332950,2022-01-06T00:52:22,30.11377,-89.69745,3.8,242.0,511.0,GOOD SHEPHERD,,WDE3016,31,12,22,8,,57,A
367332950,2022-01-06T00:53:33,30.11317,-89.69883,4.3,241.0,511.0,GOOD SHEPHERD,,WDE3016,31,12,22,8,,57,A
367332950,2022-01-06T01:02:33,30.10665,-89.71037,4.6,235.0,511.0,GOOD SHEPHERD,,WDE3016,31,12,22,8,,57,A
367332950,2022-01-06T00:54:52,30.11223,-89.70050,4.7,235.0,511.0,GOOD SHEPHERD,,WDE3016,31,12,22,8,,57,A
367332950,2022-01-06T01:00:12,30.10833,-89.70733,5.0,237.0,511.0,GOOD SHEPHERD,,WDE3016,31,12,22,8,,57,A
367332950,2022-01-06T01:05:02,30.10502,-89.71345,4.5,239.0,511.0,GOOD SHEPHERD,,WDE3016,31,12,22,8,,57,A
367332950,2022-01-06T00:56:02,30.11140,-89.70193,4.7,239.0,511.0,GOOD SHEPHERD,,WDE3016,31,12,22,8,,57,A
367332950,2022-01-06T01:06:13,30.10423,-89.71495,4.5,237.0,511.0,GOOD SHEPHERD,,WDE3016,31,12,22,8,,57,A
367332950,2022-01-06T00:58:22,30.10970,-89.70493,4.9,238.0,511.0,GOOD SHEPHERD,,WDE3016,31,12,22,8,,57,A
367332950,2022-01-06T01:07:32,30.10337,-89.71655,4.7,237.0,511.0,GOOD SHEPHERD,,WDE3016,31,12,22,8,,57,A
367332950,2022-01-06T01:11:32,30.10068,-89.72150,4.4,239.0,511.0,GOOD SHEPHERD,,WDE3016,31,12,22,8,,57,A
367332950,2022-01-06T01:01:21,30.10750,-89.70888,4.8,240.0,511.0,GOOD SHEPHERD,,WDE3016,31,12,22,8,,57,A
367332950,2022-01-06T01:08:43,30.10257,-89.71807,4.6,238.0,511.0,GOOD SHEPHERD,,WDE3016,31,12,22,8,,57,A
367332950,2022-01-06T01:15:23,30.09817,-89.72613,4.5,236.0,511.0,GOOD SHEPHERD,,WDE3016,31,12,22,8,,57,A
367332950,2022-01-06T00:59:33,30.10882,-89.70648,5.0,235.0,511.0,GOOD SHEPHERD,,WDE3016,31,12,22,8,,57,A
367332950,2022-01-06T01:03:42,30.10583,-89.71182,4.6,238.0,511.0,GOOD SHEPHERD,,WDE3016,31,12,22,8,,57,A
367332950,2022-01-06T01:13:53,30.09915,-89.72433,4.4,234.0,511.0,GOOD SHEPHERD,,WDE3016,31,12,22,8,,57,A
367332950,2022-01-06T01:17:43,30.09667,-89.72893,4.4,235.0,511.0,GOOD SHEPHERD,,WDE3016,31,12,22,8,,57,A
367332950,2022-01-06T01:20:01,30.09522,-89.73160,4.3,237.0,511.0,GOOD SHEPHERD,,WDE3016,31,12,22,8,,57,A
367332950,2022-01-06T01:23:33,30.09293,-89.73568,4.3,236.0,511.0,GOOD SHEPHERD,,WDE3016,31,12,22,8,,57,A
367332950,2022-01-06T01:18:52,30.09593,-89.73027,4.3,238.0,511.0,GOOD SHEPHERD,,WDE3016,31,12,22,8,,57,A
367332950,2022-01-06T01:28:23,30.08998,-89.74117,4.0,238.0,511.0,GOOD SHEPHERD,,WDE3016,31,12,22,8,,57,A
367332950,2022-01-06T01:22:22,30.09365,-89.73437,4.3,237.0,511.0,GOOD SHEPHERD,,WDE3016,31,12,22,8,,57,A
367332950,2022-01-06T01:29:33,30.08932,-89.74247,4.1,238.0,511.0,GOOD SHEPHERD,,WDE3016,31,12,22,8,,57,A
367332950,2022-01-06T01:27:11,30.09068,-89.73985,4.1,234.0,511.0,GOOD SHEPHERD,,WDE3016,31,12,22,8,,57,A
367332950,2022-01-06T01:24:42,30.09218,-89.73707,4.3,237.0,511.0,GOOD SHEPHERD,,WDE3016,31,12,22,8,,57,A
367332950,2022-01-06T01:33:13,30.08720,-89.74627,3.6,239.0,511.0,GOOD SHEPHERD,,WDE3016,31,12,22,8,,57,A
367332950,2022-01-06T01:10:22,30.10143,-89.72003,4.6,237.0,511.0,GOOD SHEPHERD,,WDE3016,31,12,22,8,,57,A
367332950,2022-01-06T01:35:53,30.08587,-89.74900,3.7,240.0,511.0,GOOD SHEPHERD,,WDE3016,31,12,22,8,,57,A
367332950,2022-01-06T01:12:43,30.09992,-89.72295,4.5,237.0,511.0,GOOD SHEPHERD,,WDE3016,31,12,22,8,,57,A
367332950,2022-01-06T01:16:32,30.09738,-89.72753,4.4,237.0,511.0,GOOD SHEPHERD,,WDE3016,31,12,22,8,,57,A
367332950,2022-01-06T01:40:32,30.08340,-89.75357,3.6,234.0,511.0,GOOD SHEPHERD,,WDE3016,31,12,22,8,,57,A
367332950,2022-01-06T01:41:33,30.08282,-89.75452,3.6,235.0,511.0,GOOD SHEPHERD,,WDE3016,31,12,22,8,,57,A
367332950,2022-01-06T01:39:31,30.08393,-89.75255,3.6,239.0,511.0,GOOD SHEPHERD,,WDE3016,31,12,22,8,,57,A
367332950,2022-01-06T01:34:33,30.08655,-89.74763,3.7,239.0,511.0,GOOD SHEPHERD,,WDE3016,31,12,22,8,,57,A
367332950,2022-01-06T01:21:12,30.09450,-89.73303,4.3,237.0,511.0,GOOD SHEPHERD,,WDE3016,31,12,22,8,,57,A
367332950,2022-01-06T01:46:23,30.08020,-89.75925,3.6,237.0,511.0,GOOD SHEPHERD,,WDE3016,31,12,22,8,,57,A
367332950,2022-01-06T01:37:03,30.08523,-89.75010,3.6,235.0,511.0,GOOD SHEPHERD,,WDE3016,31,12,22,8,,57,A
367332950,2022-01-06T01:38:13,30.08458,-89.75128,3.6,242.0,511.0,GOOD SHEPHERD,,WDE3016,31,12,22,8,,57,A
367332950,2022-01-06T01:48:42,30.07903,-89.76145,3.6,233.0,511.0,GOOD SHEPHERD,,WDE3016,31,12,22,8,,57,A
367332950,2022-01-06T01:26:03,30.09138,-89.73862,4.2,240.0,511.0,GOOD SHEPHERD,,WDE3016,31,12,22,8,,57,A
367332950,2022-01-06T01:44:03,30.08145,-89.75700,3.6,240.0,511.0,GOOD SHEPHERD,,WDE3016,31,12,22,8,,57,A
367332950,2022-01-06T01:58:01,30.07392,-89.77048,3.5,240.0,511.0,GOOD SHEPHERD,,WDE3016,31,12,22,8,,57,A
367332950,2022-01-06T01:59:12,30.07328,-89.77162,3.6,237.0,511.0,GOOD SHEPHERD,,WDE3016,31,12,22,8,,57,A
367332950,2022-01-06T01:49:52,30.07845,-89.76260,3.5,236.0,511.0,GOOD SHEPHERD,,WDE3016,31,12,22,8,,57,A
367332950,2022-01-06T01:53:23,30.07653,-89.76597,3.6,236.0,511.0,GOOD SHEPHERD,,WDE3016,31,12,22,8,,57,A
367332950,2022-01-06T01:54:32,30.07592,-89.76707,3.7,232.0,511.0,GOOD SHEPHERD,,WDE3016,31,12,22,8,,57,A
367332950,2022-01-06T01:30:53,30.08850,-89.74387,4.0,235.0,511.0,GOOD SHEPHERD,,WDE3016,31,12,22,8,,57,A
367332950,2022-01-06T02:03:43,30.07092,-89.77603,3.7,238.0,511.0,GOOD SHEPHERD,,WDE3016,31,12,22,8,,57,A
367332950,2022-01-06T01:32:03,30.08782,-89.74505,3.7,241.0,511.0,GOOD SHEPHERD,,WDE3016,31,12,22,8,,57,A
367332950,2022-01-06T02:05:02,30.07022,-89.77733,3.6,238.0,511.0,GOOD SHEPHERD,,WDE3016,31,12,22,8,,57,A
367332950,2022-01-06T01:55:43,30.07522,-89.76827,3.7,237.0,511.0,GOOD SHEPHERD,,WDE3016,31,12,22,8,,57,A
367332950,2022-01-06T02:08:32,30.06837,-89.78077,3.6,239.0,511.0,GOOD SHEPHERD,,WDE3016,31,12,22,8,,57,A
367332950,2022-01-06T02:09:52,30.06765,-89.78208,3.6,238.0,511.0,GOOD SHEPHERD,,WDE3016,31,12,22,8,,57,A
367332950,2022-01-06T02:11:02,30.06703,-89.78322,3.6,235.0,511.0,GOOD SHEPHERD,,WDE3016,31,12,22,8,,57,A
367332950,2022-01-06T01:56:53,30.07453,-89.76940,3.7,234.0,511.0,GOOD SHEPHERD,,WDE3016,31,12,22,8,,57,A
367332950,2022-01-06T02:02:23,30.07160,-89.77475,3.6,236.0,511.0,GOOD SHEPHERD,,WDE3016,31,12,22,8,,57,A
367332950,2022-01-06T02:01:12,30.07228,-89.77358,3.6,237.0,511.0,GOOD SHEPHERD,,WDE3016,31,12,22,8,,57,A
367332950,2022-01-06T01:42:52,30.08207,-89.75583,3.6,239.0,511.0,GOOD SHEPHERD,,WDE3016,31,12,22,8,,57,A
367332950,2022-01-06T01:47:32,30.07968,-89.76037,3.5,239.0,511.0,GOOD SHEPHERD,,WDE3016,31,12,22,8,,57,A
367332950,2022-01-06T02:07:22,30.06898,-89.77963,3.6,241.0,511.0,GOOD SHEPHERD,,WDE3016,31,12,22,8,,57,A
367332950,2022-01-06T02:18:12,30.06268,-89.79145,5.1,238.0,511.0,GOOD SHEPHERD,,WDE3016,31,12,22,8,,57,A
367332950,2022-01-06T01:51:03,30.07782,-89.76372,3.6,239.0,511.0,GOOD SHEPHERD,,WDE3016,31,12,22,8,,57,A
367332950,2022-01-06T02:06:12,30.06960,-89.77845,3.6,236.0,511.0,GOOD SHEPHERD,,WDE3016,31,12,22,8,,57,A
367332950,2022-01-06T02:14:32,30.06523,-89.78682,4.1,239.0,511.0,GOOD SHEPHERD,,WDE3016,31,12,22,8,,57,A
367332950,2022-01-06T02:23:12,30.05890,-89.79840,4.9,237.0,511.0,GOOD SHEPHERD,,WDE3016,31,12,22,8,,57,A
367332950,2022-01-06T01:45:12,30.08085,-89.75810,3.6,238.0,511.0,GOOD SHEPHERD,,WDE3016,31,12,22,8,,57,A
367332950,2022-01-06T02:25:32,30.05730,-89.80150,4.9,241.0,511.0,GOOD SHEPHERD,,WDE3016,31,12,22,8,,57,A
367332950,2022-01-06T02:17:11,30.06342,-89.79013,4.9,237.0,511.0,GOOD SHEPHERD,,WDE3016,31,12,22,8,,57,A
367332950,2022-01-06T02:28:21,30.05537,-89.80533,4.8,235.0,511.0,GOOD SHEPHERD,,WDE3016,31,12,22,8,,57,A
367332950,2022-01-06T01:52:13,30.07718,-89.76485,3.5,238.0,511.0,GOOD SHEPHERD,,WDE3016,31,12,22,8,,57,A
367332950,2022-01-06T02:20:41,30.06075,-89.79488,5.2,234.0,511.0,GOOD SHEPHERD,,WDE3016,31,12,22,8,,57,A
367332950,2022-01-06T02:27:03,30.05628,-89.80358,4.8,243.0,511.0,GOOD SHEPHERD,,WDE3016,31,12,22,8,,57,A
367332950,2022-01-06T02:35:22,30.05073,-89.81460,4.7,243.0,511.0,GOOD SHEPHERD,,WDE3016,31,12,22,8,,57,A
367332950,2022-01-06T02:40:22,30.04748,-89.82105,4.6,236.0,511.0,GOOD SHEPHERD,,WDE3016,31,12,22,8,,57,A
367332950,2022-01-06T02:36:32,30.05000,-89.81613,4.7,239.0,511.0,GOOD SHEPHERD,,WDE3016,31,12,22,8,,57,A
367332950,2022-01-06T02:30:51,30.05370,-89.80857,4.8,239.0,511.0,GOOD SHEPHERD,,WDE3016,31,12,22,8,,57,A
367332950,2022-01-06T02:42:43,30.04607,-89.82415,4.8,237.0,511.0,GOOD SHEPHERD,,WDE3016,31,12,22,8,,57,A
367332950,2022-01-06T02:45:03,30.04433,-89.82718,4.9,241.0,511.0,GOOD SHEPHERD,,WDE3016,31,12,22,8,,57,A
367332950,2022-01-06T02:46:12,30.04355,-89.82885,5.1,242.0,511.0,GOOD SHEPHERD,,WDE3016,31,12,22,8,,57,A
367332950,2022-01-06T02:33:12,30.05212,-89.81175,4.8,244.0,511.0,GOOD SHEPHERD,,WDE3016,31,12,22,8,,57,A
367332950,2022-01-06T02:00:02,30.07290,-89.77240,3.5,242.0,511.0,GOOD SHEPHERD,,WDE3016,31,12,22,8,,57,A
367332950,2022-01-06T02:12:12,30.06647,-89.78433,3.6,237.0,511.0,GOOD SHEPHERD,,WDE3016,31,12,22,8,,57,A
367332950,2022-01-06T02:13:22,30.06588,-89.78555,3.8,240.0,511.0,GOOD SHEPHERD,,WDE3016,31,12,22,8,,57,A
367332950,2022-01-06T02:29:22,30.05468,-89.80662,4.7,237.0,511.0,GOOD SHEPHERD,,WDE3016,31,12,22,8,,57,A
367332950,2022-01-06T02:38:53,30.04845,-89.81915,4.6,240.0,511.0,GOOD SHEPHERD,,WDE3016,31,12,22,8,,57,A
367332950,2022-01-06T02:37:42,30.04922,-89.81760,4.6,239.0,511.0,GOOD SHEPHERD,,WDE3016,31,12,22,8,,57,A
367332950,2022-01-06T02:47:22,30.04278,-89.83055,5.2,242.0,511.0,GOOD SHEPHERD,,WDE3016,31,12,22,8,,57,A
367332950,2022-01-06T02:53:11,30.03913,-89.83917,5.2,244.0,511.0,GOOD SHEPHERD,,WDE3016,31,12,22,8,,57,A
367332950,2022-01-06T02:34:13,30.05152,-89.81305,4.8,240.0,511.0,GOOD SHEPHERD,,WDE3016,31,12,22,8,,57,A
367332950,2022-01-06T02:50:52,30.04052,-89.83572,5.1,245.0,511.0,GOOD SHEPHERD,,WDE3016,31,12,22,8,,57,A
367332950,2022-01-06T02:43:52,30.04513,-89.82558,4.9,234.0,511.0,GOOD SHEPHERD,,WDE3016,31,12,22,8,,57,A
367332950,2022-01-06T02:24:22,30.05807,-89.79992,4.9,239.0,511.0,GOOD SHEPHERD,,WDE3016,31,12,22,8,,57,A
367332950,2022-01-06T02:41:32,30.04675,-89.82255,4.7,243.0,511.0,GOOD SHEPHERD,,WDE3016,31,12,22,8,,57,A
367332950,2022-01-06T02:56:42,30.03697,-89.84453,5.3,244.0,511.0,GOOD SHEPHERD,,WDE3016,31,12,22,8,,57,A
367332950,2022-01-06T02:52:03,30.03987,-89.83747,5.2,245.0,511.0,GOOD SHEPHERD,,WDE3016,31,12,22,8,,57,A
367332950,2022-01-06T02:15:41,30.06448,-89.78823,4.6,237.0,511.0,GOOD SHEPHERD,,WDE3016,31,12,22,8,,57,A
367332950,2022-01-06T02:58:52,30.03562,-89.84787,5.4,245.0,511.0,GOOD SHEPHERD,,WDE3016,31,12,22,8,,57,A
367332950,2022-01-06T03:07:03,30.03082,-89.86063,5.4,247.0,511.0,GOOD SHEPHERD,,WDE3016,31,12,22,8,,57,A
367332950,2022-01-06T02:48:33,30.04198,-89.83228,5.2,243.0,511.0,GOOD SHEPHERD,,WDE3016,31,12,22,8,,57,A
367332950,2022-01-06T03:05:33,30.03158,-89.85817,5.2,252.0,511.0,GOOD SHEPHERD,,WDE3016,31,12,22,8,,57,A
367332950,2022-01-06T03:14:22,30.02623,-89.87160,4.0,243.0,511.0,GOOD SHEPHERD,,WDE3016,31,12,22,8,,57,A
367332950,2022-01-06T02:32:03,30.05287,-89.81018,4.8,239.0,511.0,GOOD SHEPHERD,,WDE3016,31,12,22,8,,57,A
367332950,2022-01-06T03:08:12,30.03010,-89.86248,5.4,243.0,511.0,GOOD SHEPHERD,,WDE3016,31,12,22,8,,57,A
367332950,2022-01-06T02:19:22,30.06178,-89.79308,5.1,238.0,511.0,GOOD SHEPHERD,,WDE3016,31,12,22,8,,57,A
367332950,2022-01-06T02:55:22,30.03778,-89.84250,5.2,247.0,511.0,GOOD SHEPHERD,,WDE3016,31,12,22,8,,57,A
367332950,2022-01-06T03:10:33,30.02853,-89.86615,5.6,243.0,511.0,GOOD SHEPHERD,,WDE3016,31,12,22,8,,57,A
367332950,2022-01-06T03:04:13,30.03227,-89.85612,5.1,249.0,511.0,GOOD SHEPHERD,,WDE3016,31,12,22,8,,57,A
367332950,2022-01-06T03:19:31,30.02407,-89.87673,3.2,244.0,511.0,GOOD SHEPHERD,,WDE3016,31,12,22,8,,57,A
367332950,2022-01-06T02:21:51,30.05987,-89.79658,5.2,239.0,511.0,GOOD SHEPHERD,,WDE3016,31,12,22,8,,57,A
367332950,2022-01-06T02:57:43,30.03633,-89.84608,5.4,244.0,511.0,GOOD SHEPHERD,,WDE3016,31,12,22,8,,57,A
367332950,2022-01-06T03:26:32,30.02152,-89.88270,2.7,243.0,511.0,GOOD SHEPHERD,,WDE3016,31,12,22,8,,57,A
367332950,2022-01-06T03:21:51,30.02322,-89.87883,3.0,246.0,511.0,GOOD SHEPHERD,,WDE3016,31,12,22,8,,57,A
367332950,2022-01-06T03:31:01,30.02002,-89.88628,2.8,242.0,511.0,GOOD SHEPHERD,,WDE3016,31,12,22,8,,57,A
367332950,2022-01-06T03:15:42,30.02558,-89.87303,3.7,242.0,511.0,GOOD SHEPHERD,,WDE3016,31,12,22,8,,57,A
367332950,2022-01-06T03:23:03,30.02277,-89.87983,3.0,241.0,511.0,GOOD SHEPHERD,,WDE3016,31,12,22,8,,57,A
367332950,2022-01-06T02:54:12,30.03850,-89.84073,5.2,242.0,511.0,GOOD SHEPHERD,,WDE3016,31,12,22,8,,57,A
367332950,2022-01-06T03:33:43,30.01917,-89.88838,2.6,245.0,511.0,GOOD SHEPHERD,,WDE3016,31,12,22,8,,57,A
367332950,2022-01-06T03:41:02,30.01738,-89.89332,2.1,244.0,511.0,GOOD SHEPHERD,,WDE3016,31,12,22,8,,57,A
367332950,2022-01-06T03:36:13,30.01850,-89.89020,2.3,247.0,511.0,GOOD SHEPHERD,,WDE3016,31,12,22,8,,57,A
367332950,2022-01-06T03:38:33,30.01795,-89.89173,2.2,252.0,511.0,GOOD SHEPHERD,,WDE3016,31,12,22,8,,57,A
367332950,2022-01-06T03:44:33,30.01665,-89.89543,2.0,246.0,511.0,GOOD SHEPHERD,,WDE3016,31,12,22,8,,57,A
367332950,2022-01-06T03:49:12,30.01578,-89.89810,1.8,248.0,511.0,GOOD SHEPHERD,,WDE3016,31,12,22,8,,57,A
367332950,2022-01-06T03:09:23,30.02933,-89.86427,5.5,244.0,511.0,GOOD SHEPHERD,,WDE3016,31,12,22,8,,57,A
367332950,2022-01-06T03:51:32,30.01535,-89.89925,1.7,252.0,511.0,GOOD SHEPHERD,,WDE3016,31,12,22,8,,57,A
367332950,2022-01-06T03:11:52,30.02768,-89.86823,5.4,245.0,511.0,GOOD SHEPHERD,,WDE3016,31,12,22,8,,57,A
367332950,2022-01-06T03:32:12,30.01962,-89.88725,2.8,245.0,511.0,GOOD SHEPHERD,,WDE3016,31,12,22,8,,57,A
367332950,2022-01-06T03:37:22,30.01822,-89.89095,2.3,246.0,511.0,GOOD SHEPHERD,,WDE3016,31,12,22,8,,57,A
367332950,2022-01-06T02:49:42,30.04128,-89.83400,5.1,244.0,511.0,GOOD SHEPHERD,,WDE3016,31,12,22,8,,57,A
367332950,2022-01-06T03:39:53,30.01768,-89.89262,2.1,245.0,511.0,GOOD SHEPHERD,,WDE3016,31,12,22,8,,57,A
367332950,2022-01-06T03:56:33,30.01372,-89.90295,3.5,236.0,511.0,GOOD SHEPHERD,,WDE3016,31,12,22,8,,57,A
367332950,2022-01-06T03:50:21,30.01555,-89.89867,1.7,244.0,511.0,GOOD SHEPHERD,,WDE3016,31,12,22,8,,57,A
367332950,2022-01-06T04:04:43,30.01280,-89.90700,1.4,303.0,511.0,GOOD SHEPHERD,,WDE3016,31,12,22,8,,57,A
367332950,2022-01-06T03:59:02,30.01235,-89.90460,2.5,232.0,511.0,GOOD SHEPHERD,,WDE3016,31,12,22,8,,57,A
367332950,2022-01-06T04:00:02,30.01212,-89.90528,1.8,261.0,511.0,GOOD SHEPHERD,,WDE3016,31,12,22,8,,57,A
367332950,2022-01-06T04:12:52,30.01362,-89.90795,0.4,216.0,511.0,GOOD SHEPHERD,,WDE3016,31,12,22,8,,57,A
367332950,2022-01-06T03:24:11,30.02235,-89.88077,2.9,242.0,511.0,GOOD SHEPHERD,,WDE3016,31,12,22,8,,57,A
367332950,2022-01-06T04:03:32,30.01255,-89.90652,1.3,301.0,511.0,GOOD SHEPHERD,,WDE3016,31,12,22,8,,57,A
367332950,2022-01-06T03:27:41,30.02115,-89.88362,2.7,245.0,511.0,GOOD SHEPHERD,,WDE3016,31,12,22,8,,57,A
367332950,2022-01-06T04:11:33,30.01370,-89.90780,0.4,266.0,511.0,GOOD SHEPHERD,,WDE3016,31,12,22,8,,57,A
367332950,2022-01-06T04:05:44,30.01308,-89.90732,1.4,330.0,511.0,GOOD SHEPHERD,,WDE3016,31,12,22,8,,57,A
367332950,2022-01-06T03:57:53,30.01303,-89.90388,3.0,218.0,511.0,GOOD SHEPHERD,,WDE3016,31,12,22,8,,57,A
367332950,2022-01-06T04:08:02,30.01357,-89.90742,0.2,176.0,511.0,GOOD SHEPHERD,,WDE3016,31,12,22,8,,57,A
367332950,2022-01-06T04:09:11,30.01360,-89.90743,0.3,352.0,511.0,GOOD SHEPHERD,,WDE3016,31,12,22,8,,57,A
367332950,2022-01-06T04:17:12,30.01327,-89.90777,0.5,198.0,511.0,GOOD SHEPHERD,,WDE3016,31,12,22,8,,57,A
367332950,2022-01-06T04:15:32,30.01350,-89.90775,0.6,122.0,511.0,GOOD SHEPHERD,,WDE3016,31,12,22,8,,57,A
367332950,2022-01-06T04:06:52,30.01348,-89.90748,1.0,353.0,511.0,GOOD SHEPHERD,,WDE3016,31,12,22,8,,57,A
367332950,2022-01-06T04:30:22,30.01285,-89.90910,0.1,134.0,511.0,GOOD SHEPHERD,,WDE3016,31,12,22,8,,57,A
367332950,2022-01-06T04:23:02,30.01277,-89.90898,0.4,264.0,511.0,GOOD SHEPHERD,,WDE3016,31,12,22,8,,57,A
367332950,2022-01-06T04:18:23,30.01320,-89.90793,0.8,291.0,511.0,GOOD SHEPHERD,,WDE3016,31,12,22,8,,57,A
367332950,2022-01-06T04:32:52,30.01283,-89.90912,0.1,184.0,511.0,GOOD SHEPHERD,,WDE3016,31,12,22,8,,57,A
367332950,2022-01-06T04:10:32,30.01367,-89.90767,0.6,295.0,511.0,GOOD SHEPHERD,,WDE3016,31,12,22,8,,57,A
367332950,2022-01-06T03:13:01,30.02698,-89.86993,4.7,244.0,511.0,GOOD SHEPHERD,,WDE3016,31,12,22,8,,57,A
367332950,2022-01-06T04:26:32,30.01283,-89.90910,0.1,19.0,511.0,GOOD SHEPHERD,,WDE3016,31,12,22,8,,57,A
367332950,2022-01-06T03:45:41,30.01642,-89.89613,2.0,253.0,511.0,GOOD SHEPHERD,,WDE3016,31,12,22,8,,57,A
367332950,2022-01-06T03:17:01,30.02503,-89.87442,3.4,245.0,511.0,GOOD SHEPHERD,,WDE3016,31,12,22,8,,57,A
367332950,2022-01-06T03:18:22,30.02452,-89.87570,3.3,244.0,511.0,GOOD SHEPHERD,,WDE3016,31,12,22,8,,57,A
367332950,2022-01-06T04:25:22,30.01280,-89.90910,0.1,353.0,511.0,GOOD SHEPHERD,,WDE3016,31,12,22,8,,57,A
367332950,2022-01-06T03:46:52,30.01622,-89.89685,1.9,247.0,511.0,GOOD SHEPHERD,,WDE3016,31,12,22,8,,57,A
367332950,2022-01-06T04:31:32,30.01285,-89.90910,0.0,319.0,511.0,GOOD SHEPHERD,,WDE3016,31,12,22,8,,57,A
367332950,2022-01-06T03:20:43,30.02362,-89.87782,3.1,243.0,511.0,GOOD SHEPHERD,,WDE3016,31,12,22,8,,57,A
367332950,2022-01-06T04:19:42,30.01308,-89.90825,0.8,235.0,511.0,GOOD SHEPHERD,,WDE3016,31,12,22,8,,57,A
367332950,2022-01-06T03:48:01,30.01597,-89.89743,1.8,246.0,511.0,GOOD SHEPHERD,,WDE3016,31,12,22,8,,57,A
367332950,2022-01-06T04:20:43,30.01293,-89.90843,0.9,227.0,511.0,GOOD SHEPHERD,,WDE3016,31,12,22,8,,57,A
367332950,2022-01-06T04:21:52,30.01282,-89.90875,0.9,253.0,511.0,GOOD SHEPHERD,,WDE3016,31,12,22,8,,57,A
367332950,2022-01-06T03:25:23,30.02195,-89.88177,2.9,247.0,511.0,GOOD SHEPHERD,,WDE3016,31,12,22,8,,57,A
367332950,2022-01-06T04:45:02,30.01270,-89.90990,0.0,272.0,511.0,GOOD SHEPHERD,,WDE3016,31,12,22,8,,57,A
367332950,2022-01-06T04:37:23,30.01270,-89.90983,0.4,273.0,511.0,GOOD SHEPHERD,,WDE3016,31,12,22,8,,57,A
367332950,2022-01-06T04:46:32,30.01270,-89.90988,0.0,272.0,511.0,GOOD SHEPHERD,,WDE3016,31,12,22,8,,57,A
367332950,2022-01-06T03:28:42,30.02082,-89.88443,2.8,244.0,511.0,GOOD SHEPHERD,,WDE3016,31,12,22,8,,57,A
367332950,2022-01-06T03:29:53,30.02042,-89.88540,2.8,243.0,511.0,GOOD SHEPHERD,,WDE3016,31,12,22,8,,57,A
367332950,2022-01-06T04:35:01,30.01272,-89.90932,0.7,249.0,511.0,GOOD SHEPHERD,,WDE3016,31,12,22,8,,57,A
367332950,2022-01-06T04:47:43,30.01270,-89.90990,0.0,272.0,511.0,GOOD SHEPHERD,,WDE3016,31,12,22,8,,57,A
367332950,2022-01-06T04:27:52,30.01287,-89.90905,0.0,37.0,511.0,GOOD SHEPHERD,,WDE3016,31,12,22,8,,57,A
367332950,2022-01-06T04:42:23,30.01270,-89.90992,0.0,272.0,511.0,GOOD SHEPHERD,,WDE3016,31,12,22,8,,57,A
367332950,2022-01-06T04:01:13,30.01217,-89.90577,1.2,288.0,511.0,GOOD SHEPHERD,,WDE3016,31,12,22,8,,57,A
367332950,2022-01-06T04:53:52,30.01270,-89.90990,0.0,272.0,511.0,GOOD SHEPHERD,,WDE3016,31,12,22,8,,57,A
367332950,2022-01-06T04:36:12,30.01270,-89.90963,0.7,272.0,511.0,GOOD SHEPHERD,,WDE3016,31,12,22,8,,57,A
367332950,2022-01-06T04:43:32,30.01270,-89.90992,0.0,272.0,511.0,GOOD SHEPHERD,,WDE3016,31,12,22,8,,57,A
367332950,2022-01-06T04:57:22,30.01270,-89.90990,0.0,272.0,511.0,GOOD SHEPHERD,,WDE3016,31,12,22,8,,57,A
367332950,2022-01-06T04:38:52,30.01270,-89.90990,0.0,272.0,511.0,GOOD SHEPHERD,,WDE3016,31,12,22,8,,57,A
367332950,2022-01-06T04:59:43,30.01270,-89.90990,0.0,272.0,511.0,GOOD SHEPHERD,,WDE3016,31,12,22,8,,57,A
367332950,2022-01-06T04:40:01,30.01270,-89.90988,0.0,272.0,511.0,GOOD SHEPHERD,,WDE3016,31,12,22,8,,57,A
367332950,2022-01-06T04:58:31,30.01270,-89.90990,0.0,272.0,511.0,GOOD SHEPHERD,,WDE3016,31,12,22,8,,57,A
367332950,2022-01-06T04:55:02,30.01270,-89.90990,0.0,272.0,511.0,GOOD SHEPHERD,,WDE3016,31,12,22,8,,57,A
367332950,2022-01-06T05:02:31,30.01270,-89.90990,0.0,272.0,511.0,GOOD SHEPHERD,,WDE3016,31,12,22,8,,57,A
367332950,2022-01-06T04:48:52,30.01270,-89.90990,0.0,272.0,511.0,GOOD SHEPHERD,,WDE3016,31,12,22,8,,57,A
367332950,2022-01-06T03:34:51,30.01883,-89.88922,2.4,246.0,511.0,GOOD SHEPHERD,,WDE3016,31,12,22,8,,57,A
367332950,2022-01-06T04:52:51,30.01270,-89.90990,0.0,272.0,511.0,GOOD SHEPHERD,,WDE3016,31,12,22,8,,57,A
367332950,2022-01-06T05:01:22,30.01270,-89.90990,0.0,272.0,511.0,GOOD SHEPHERD,,WDE3016,31,12,22,8,,57,A
367332950,2022-01-06T05:05:03,30.01270,-89.90990,0.0,272.0,511.0,GOOD SHEPHERD,,WDE3016,31,12,22,8,,57,A
367332950,2022-01-06T05:06:12,30.01270,-89.90987,0.1,61.0,511.0,GOOD SHEPHERD,,WDE3016,31,12,22,8,,57,A
367332950,2022-01-06T05:12:13,30.01270,-89.90978,0.4,62.0,511.0,GOOD SHEPHERD,,WDE3016,31,12,22,8,,57,A
367332950,2022-01-06T03:42:12,30.01713,-89.89397,2.1,248.0,511.0,GOOD SHEPHERD,,WDE3016,31,12,22,8,,57,A
367332950,2022-01-06T05:07:22,30.01268,-89.90985,0.2,136.0,511.0,GOOD SHEPHERD,,WDE3016,31,12,22,8,,57,A
367332950,2022-01-06T05:13:31,30.01270,-89.90958,0.4,93.0,511.0,GOOD SHEPHERD,,WDE3016,31,12,22,8,,57,A
367332950,2022-01-06T03:43:23,30.01690,-89.89473,2.0,250.0,511.0,GOOD SHEPHERD,,WDE3016,31,12,22,8,,57,A
367332950,2022-01-06T05:17:02,30.01268,-89.90932,0.2,123.0,511.0,GOOD SHEPHERD,,WDE3016,31,12,22,8,,57,A
367332950,2022-01-06T05:09:53,30.01265,-89.90982,0.0,149.0,511.0,GOOD SHEPHERD,,WDE3016,31,12,22,8,,57,A
367332950,2022-01-06T04:56:12,30.01270,-89.90988,0.0,272.0,511.0,GOOD SHEPHERD,,WDE3016,31,12,22,8,,57,A
367332950,2022-01-06T05:21:52,30.01272,-89.90917,0.1,128.0,511.0,GOOD SHEPHERD,,WDE3016,31,12,22,8,,57,A
367332950,2022-01-06T05:20:42,30.01272,-89.90915,0.0,127.0,511.0,GOOD SHEPHERD,,WDE3016,31,12,22,8,,57,A
367332950,2022-01-06T04:24:13,30.01277,-89.90907,0.1,296.0,511.0,GOOD SHEPHERD,,WDE3016,31,12,22,8,,57,A
367332950,2022-01-06T03:53:21,30.01500,-89.90015,1.8,248.0,511.0,GOOD SHEPHERD,,WDE3016,31,12,22,8,,57,A
367332950,2022-01-06T03:54:32,30.01472,-89.90090,2.7,244.0,511.0,GOOD SHEPHERD,,WDE3016,31,12,22,8,,57,A
367332950,2022-01-06T05:28:42,30.01273,-89.90865,0.5,59.0,511.0,GOOD SHEPHERD,,WDE3016,31,12,22,8,,57,A
367332950,2022-01-06T05:18:22,30.01270,-89.90923,0.3,53.0,511.0,GOOD SHEPHERD,,WDE3016,31,12,22,8,,57,A
367332950,2022-01-06T05:19:31,30.01273,-89.90918,0.1,132.0,511.0,GOOD SHEPHERD,,WDE3016,31,12,22,8,,57,A
367332950,2022-01-06T05:37:12,30.01297,-89.90778,0.2,182.0,511.0,GOOD SHEPHERD,,WDE3016,31,12,22,8,,57,A
367332950,2022-01-06T04:33:53,30.01278,-89.90915,0.3,237.0,511.0,GOOD SHEPHERD,,WDE3016,31,12,22,8,,57,A
367332950,2022-01-06T05:23:02,30.01270,-89.90913,0.1,126.0,511.0,GOOD SHEPHERD,,WDE3016,31,12,22,8,,57,A
367332950,2022-01-06T04:02:22,30.01233,-89.90615,1.2,302.0,511.0,GOOD SHEPHERD,,WDE3016,31,12,22,8,,57,A
367332950,2022-01-06T05:24:13,30.01267,-89.90910,0.1,124.0,511.0,GOOD SHEPHERD,,WDE3016,31,12,22,8,,57,A
367332950,2022-01-06T05:39:32,30.01283,-89.90790,0.1,274.0,511.0,GOOD SHEPHERD,,WDE3016,31,12,22,8,,57,A
367332950,2022-01-06T05:43:21,30.01247,-89.90840,0.7,191.0,511.0,GOOD SHEPHERD,,WDE3016,31,12,22,8,,57,A
367332950,2022-01-06T05:40:52,30.01282,-89.90793,0.6,236.0,511.0,GOOD SHEPHERD,,WDE3016,31,12,22,8,,57,A
367332950,2022-01-06T05:30:12,30.01290,-89.90842,0.6,38.0,511.0,GOOD SHEPHERD,,WDE3016,31,12,22,8,,57,A
367332950,2022-01-06T05:44:23,30.01227,-89.90838,0.7,132.0,511.0,GOOD SHEPHERD,,WDE3016,31,12,22,8,,57,A
367332950,2022-01-06T05:33:42,30.01280,-89.90798,0.3,65.0,511.0,GOOD SHEPHERD,,WDE3016,31,12,22,8,,57,A
367332950,2022-01-06T05:45:42,30.01230,-89.90802,1.0,68.0,511.0,GOOD SHEPHERD,,WDE3016,31,12,22,8,,57,A
367332950,2022-01-06T05:36:02,30.01300,-89.90782,0.3,60.0,511.0,GOOD SHEPHERD,,WDE3016,31,12,22,8,,57,A
367332950,2022-01-06T05:48:02,30.01298,-89.90763,1.4,16.0,511.0,GOOD SHEPHERD,,WDE3016,31,12,22,8,,57,A
367332950,2022-01-06T05:26:22,30.01265,-89.90897,0.3,81.0,511.0,GOOD SHEPHERD,,WDE3016,31,12,22,8,,57,A
367332950,2022-01-06T05:49:23,30.01343,-89.90760,1.0,350.0,511.0,GOOD SHEPHERD,,WDE3016,31,12,22,8,,57,A
367332950,2022-01-06T05:38:21,30.01287,-89.90785,0.5,227.0,511.0,GOOD SHEPHERD,,WDE3016,31,12,22,8,,57,A
367332950,2022-01-06T05:31:21,30.01300,-89.90832,0.4,100.0,511.0,GOOD SHEPHERD,,WDE3016,31,12,22,8,,57,A
367332950,2022-01-06T04:14:22,30.01353,-89.90795,0.2,95.0,511.0,GOOD SHEPHERD,,WDE3016,31,12,22,8,,57,A
367332950,2022-01-06T05:34:52,30.01288,-89.90792,0.5,35.0,511.0,GOOD SHEPHERD,,WDE3016,31,12,22,8,,57,A
367332950,2022-01-06T05:58:23,30.01318,-89.90763,0.2,57.0,511.0,GOOD SHEPHERD,,WDE3016,31,12,22,8,,57,A
367332950,2022-01-06T06:01:12,30.01287,-89.90723,0.6,150.0,511.0,GOOD SHEPHERD,,WDE3016,31,12,22,8,,57,A
367332950,2022-01-06T06:02:21,30.01277,-89.90707,0.7,107.0,511.0,GOOD SHEPHERD,,WDE3016,31,12,22,8,,57,A
367332950,2022-01-06T05:59:32,30.01313,-89.90747,0.8,137.0,511.0,GOOD SHEPHERD,,WDE3016,31,12,22,8,,57,A
367332950,2022-01-06T05:50:32,30.01357,-89.90780,0.5,254.0,511.0,GOOD SHEPHERD,,WDE3016,31,12,22,8,,57,A
367332950,2022-01-06T06:04:43,30.01278,-89.90692,1.6,297.0,511.0,GOOD SHEPHERD,,WDE3016,31,12,22,8,,57,A
367332950,2022-01-06T05:52:52,30.01330,-89.90778,0.5,133.0,511.0,GOOD SHEPHERD,,WDE3016,31,12,22,8,,57,A
367332950,2022-01-06T05:00:03,30.01270,-89.90990,0.0,272.0,511.0,GOOD SHEPHERD,,WDE3016,31,12,22,8,,57,A
367332950,2022-01-06T06:09:23,30.01542,-89.90777,2.1,6.0,511.0,GOOD SHEPHERD,,WDE3016,31,12,22,8,,57,A
367332950,2022-01-06T06:00:03,30.01305,-89.90740,0.8,147.0,511.0,GOOD SHEPHERD,,WDE3016,31,12,22,8,,57,A
367332950,2022-01-06T06:10:42,30.01613,-89.90765,1.8,16.0,511.0,GOOD SHEPHERD,,WDE3016,31,12,22,8,,57,A
367332950,2022-01-06T06:13:02,30.01697,-89.90725,1.1,21.0,511.0,GOOD SHEPHERD,,WDE3016,31,12,22,8,,57,A
367332950,2022-01-06T05:54:02,30.01317,-89.90763,0.6,139.0,511.0,GOOD SHEPHERD,,WDE3016,31,12,22,8,,57,A
367332950,2022-01-06T06:14:23,30.01727,-89.90708,0.4,38.0,511.0,GOOD SHEPHERD,,WDE3016,31,12,22,8,,57,A
367332950,2022-01-06T06:16:43,30.01765,-89.90722,0.2,39.0,511.0,GOOD SHEPHERD,,WDE3016,31,12,22,8,,57,A
367332950,2022-01-06T06:18:12,30.01783,-89.90740,0.6,315.0,511.0,GOOD SHEPHERD,,WDE3016,31,12,22,8,,57,A
367332950,2022-01-06T04:29:12,30.01287,-89.90910,0.1,249.0,511.0,GOOD SHEPHERD,,WDE3016,31,12,22,8,,57,A
367332950,2022-01-06T05:08:33,30.01265,-89.90982,0.1,152.0,511.0,GOOD SHEPHERD,,WDE3016,31,12,22,8,,57,A
367332950,2022-01-06T06:21:33,30.01797,-89.90765,0.4,295.0,511.0,GOOD SHEPHERD,,WDE3016,31,12,22,8,,57,A
367332950,2022-01-06T06:20:32,30.01792,-89.90755,0.2,304.0,511.0,GOOD SHEPHERD,,WDE3016,31,12,22,8,,57,A
367332950,2022-01-06T06:03:32,30.01277,-89.90683,0.5,121.0,511.0,GOOD SHEPHERD,,WDE3016,31,12,22,8,,57,A
367332950,2022-01-06T05:11:12,30.01265,-89.90982,0.0,149.0,511.0,GOOD SHEPHERD,,WDE3016,31,12,22,8,,57,A
367332950,2022-01-06T06:29:42,30.01807,-89.90822,0.3,87.0,511.0,GOOD SHEPHERD,,WDE3016,31,12,22,8,,57,A
367332950,2022-01-06T06:27:13,30.01807,-89.90830,0.0,284.0,511.0,GOOD SHEPHERD,,WDE3016,31,12,22,8,,57,A
367332950,2022-01-06T06:05:52,30.01337,-89.90737,2.6,351.0,511.0,GOOD SHEPHERD,,WDE3016,31,12,22,8,,57,A
367332950,2022-01-06T06:15:32,30.01745,-89.90725,0.8,337.0,511.0,GOOD SHEPHERD,,WDE3016,31,12,22,8,,57,A
367332950,2022-01-06T06:30:52,30.01805,-89.90798,0.7,98.0,511.0,GOOD SHEPHERD,,WDE3016,31,12,22,8,,57,A
367332950,2022-01-06T06:08:12,30.01485,-89.90760,1.6,358.0,511.0,GOOD SHEPHERD,,WDE3016,31,12,22,8,,57,A
367332950,2022-01-06T04:41:12,30.01270,-89.90990,0.0,272.0,511.0,GOOD SHEPHERD,,WDE3016,31,12,22,8,,57,A
367332950,2022-01-06T06:35:41,30.01682,-89.90757,2.5,153.0,511.0,GOOD SHEPHERD,,WDE3016,31,12,22,8,,57,A
367332950,2022-01-06T05:15:52,30.01273,-89.90933,0.2,144.0,511.0,GOOD SHEPHERD,,WDE3016,31,12,22,8,,57,A
367332950,2022-01-06T06:37:52,30.01547,-89.90717,2.4,186.0,511.0,GOOD SHEPHERD,,WDE3016,31,12,22,8,,57,A
367332950,2022-01-06T06:38:53,30.01475,-89.90728,2.7,187.0,511.0,GOOD SHEPHERD,,WDE3016,31,12,22,8,,57,A
367332950,2022-01-06T06:26:03,30.01807,-89.90828,0.3,266.0,511.0,GOOD SHEPHERD,,WDE3016,31,12,22,8,,57,A
367332950,2022-01-06T06:40:03,30.01387,-89.90717,2.9,166.0,511.0,GOOD SHEPHERD,,WDE3016,31,12,22,8,,57,A
367332950,2022-01-06T06:23:52,30.01805,-89.90795,0.7,281.0,511.0,GOOD SHEPHERD,,WDE3016,31,12,22,8,,57,A
367332950,2022-01-06T06:25:02,30.01807,-89.90817,0.5,269.0,511.0,GOOD SHEPHERD,,WDE3016,31,12,22,8,,57,A
367332950,2022-01-06T06:41:12,30.01297,-89.90723,2.6,208.0,511.0,GOOD SHEPHERD,,WDE3016,31,12,22,8,,57,A
367332950,2022-01-06T06:42:33,30.01252,-89.90820,3.0,254.0,511.0,GOOD SHEPHERD,,WDE3016,31,12,22,8,,57,A
367332950,2022-01-06T06:19:23,30.01792,-89.90755,0.0,222.0,511.0,GOOD SHEPHERD,,WDE3016,31,12,22,8,,57,A
367332950,2022-01-06T06:46:03,30.01160,-89.91223,4.1,258.0,511.0,GOOD SHEPHERD,,WDE3016,31,12,22,8,,57,A
367332950,2022-01-06T06:49:32,30.01063,-89.91668,4.1,262.0,511.0,GOOD SHEPHERD,,WDE3016,31,12,22,8,,57,A
367332950,2022-01-06T06:32:02,30.01808,-89.90782,0.3,301.0,511.0,GOOD SHEPHERD,,WDE3016,31,12,22,8,,57,A
367332950,2022-01-06T06:47:12,30.01125,-89.91372,4.1,250.0,511.0,GOOD SHEPHERD,,WDE3016,31,12,22,8,,57,A
367332950,2022-01-06T04:50:22,30.01270,-89.90990,0.0,272.0,511.0,GOOD SHEPHERD,,WDE3016,31,12,22,8,,57,A
367332950,2022-01-06T06:33:13,30.01807,-89.90807,0.8,251.0,511.0,GOOD SHEPHERD,,WDE3016,31,12,22,8,,57,A
367332950,2022-01-06T06:48:21,30.01095,-89.91522,4.1,257.0,511.0,GOOD SHEPHERD,,WDE3016,31,12,22,8,,57,A
367332950,2022-01-06T04:51:43,30.01270,-89.90990,0.0,272.0,511.0,GOOD SHEPHERD,,WDE3016,31,12,22,8,,57,A
367332950,2022-01-06T06:55:33,30.00892,-89.92385,3.9,252.0,511.0,GOOD SHEPHERD,,WDE3016,31,12,22,8,,57,A
367332950,2022-01-06T06:43:41,30.01223,-89.90940,3.6,253.0,511.0,GOOD SHEPHERD,,WDE3016,31,12,22,8,,57,A
367332950,2022-01-06T06:44:53,30.01187,-89.91077,3.9,254.0,511.0,GOOD SHEPHERD,,WDE3016,31,12,22,8,,57,A
367332950,2022-01-06T06:28:23,30.01807,-89.90827,0.1,93.0,511.0,GOOD SHEPHERD,,WDE3016,31,12,22,8,,57,A
367332950,2022-01-06T06:59:22,30.00775,-89.92832,3.8,254.0,511.0,GOOD SHEPHERD,,WDE3016,31,12,22,8,,57,A
367332950,2022-01-06T05:32:32,30.01283,-89.90815,0.7,137.0,511.0,GOOD SHEPHERD,,WDE3016,31,12,22,8,,57,A
367332950,2022-01-06T07:01:11,30.00725,-89.93045,3.7,255.0,511.0,GOOD SHEPHERD,,WDE3016,31,12,22,8,,57,A
367332950,2022-01-06T07:08:32,30.00500,-89.93893,3.8,252.0,511.0,GOOD SHEPHERD,,WDE3016,31,12,22,8,,57,A
367332950,2022-01-06T07:10:12,30.00452,-89.94093,3.8,255.0,511.0,GOOD SHEPHERD,,WDE3016,31,12,22,8,,57,A
367332950,2022-01-06T07:14:01,30.00347,-89.94547,3.7,256.0,511.0,GOOD SHEPHERD,,WDE3016,31,12,22,8,,57,A
367332950,2022-01-06T05:03:43,30.01270,-89.90990,0.0,272.0,511.0,GOOD SHEPHERD,,WDE3016,31,12,22,8,,57,A
367332950,2022-01-06T07:16:21,30.00293,-89.94812,3.7,259.0,511.0,GOOD SHEPHERD,,WDE3016,31,12,22,8,,57,A
367332950,2022-01-06T05:42:12,30.01265,-89.90823,0.9,244.0,511.0,GOOD SHEPHERD,,WDE3016,31,12,22,8,,57,A
367332950,2022-01-06T07:21:03,30.00212,-89.95360,3.7,257.0,511.0,GOOD SHEPHERD,,WDE3016,31,12,22,8,,57,A
367332950,2022-01-06T06:53:11,30.00962,-89.92105,3.9,255.0,511.0,GOOD SHEPHERD,,WDE3016,31,12,22,8,,57,A
367332950,2022-01-06T07:27:03,30.00133,-89.96055,3.6,257.0,511.0,GOOD SHEPHERD,,WDE3016,31,12,22,8,,57,A
367332950,2022-01-06T06:54:12,30.00932,-89.92223,3.9,256.0,511.0,GOOD SHEPHERD,,WDE3016,31,12,22,8,,57,A
367332950,2022-01-06T05:14:42,30.01273,-89.90942,0.4,57.0,511.0,GOOD SHEPHERD,,WDE3016,31,12,22,8,,57,A
367332950,2022-01-06T07:29:22,30.00108,-89.96323,3.6,265.0,511.0,GOOD SHEPHERD,,WDE3016,31,12,22,8,,57,A
367332950,2022-01-06T07:31:42,30.00088,-89.96592,3.7,266.0,511.0,GOOD SHEPHERD,,WDE3016,31,12,22,8,,57,A
367332950,2022-01-06T07:33:03,30.00078,-89.96753,3.7,265.0,511.0,GOOD SHEPHERD,,WDE3016,31,12,22,8,,57,A
367332950,2022-01-06T07:38:43,30.00033,-89.97415,3.6,256.0,511.0,GOOD SHEPHERD,,WDE3016,31,12,22,8,,57,A
367332950,2022-01-06T05:55:13,30.01308,-89.90763,0.3,282.0,511.0,GOOD SHEPHERD,,WDE3016,31,12,22,8,,57,A
367332950,2022-01-06T07:22:32,30.00192,-89.95528,3.7,266.0,511.0,GOOD SHEPHERD,,WDE3016,31,12,22,8,,57,A
367332950,2022-01-06T05:57:22,30.01313,-89.90765,0.2,30.0,511.0,GOOD SHEPHERD,,WDE3016,31,12,22,8,,57,A
367332950,2022-01-06T07:23:42,30.00173,-89.95670,3.7,262.0,511.0,GOOD SHEPHERD,,WDE3016,31,12,22,8,,57,A
367332950,2022-01-06T07:24:51,30.00160,-89.95803,3.7,259.0,511.0,GOOD SHEPHERD,,WDE3016,31,12,22,8,,57,A
367332950,2022-01-06T07:39:52,30.00022,-89.97550,3.6,265.0,511.0,GOOD SHEPHERD,,WDE3016,31,12,22,8,,57,A
367332950,2022-01-06T07:11:42,30.00407,-89.94272,3.8,254.0,511.0,GOOD SHEPHERD,,WDE3016,31,12,22,8,,57,A
367332950,2022-01-06T05:25:21,30.01265,-89.90905,0.2,95.0,511.0,GOOD SHEPHERD,,WDE3016,31,12,22,8,,57,A
367332950,2022-01-06T07:45:42,29.99960,-89.98228,3.6,265.0,511.0,GOOD SHEPHERD,,WDE3016,31,12,22,8,,57,A
367332950,2022-01-06T07:28:12,30.00122,-89.96190,3.6,265.0,511.0,GOOD SHEPHERD,,WDE3016,31,12,22,8,,57,A
367332950,2022-01-06T07:43:22,29.99985,-89.97960,3.7,267.0,511.0,GOOD SHEPHERD,,WDE3016,31,12,22,8,,57,A
367332950,2022-01-06T05:27:33,30.01268,-89.90882,0.5,80.0,511.0,GOOD SHEPHERD,,WDE3016,31,12,22,8,,57,A
367332950,2022-01-06T07:49:22,29.99920,-89.98652,3.7,264.0,511.0,GOOD SHEPHERD,,WDE3016,31,12,22,8,,57,A
367332950,2022-01-06T07:19:52,30.00227,-89.95223,3.7,265.0,511.0,GOOD SHEPHERD,,WDE3016,31,12,22,8,,57,A
367332950,2022-01-06T07:36:32,30.00053,-89.97165,3.7,266.0,511.0,GOOD SHEPHERD,,WDE3016,31,12,22,8,,57,A
367332950,2022-01-06T07:37:42,30.00045,-89.97300,3.6,271.0,511.0,GOOD SHEPHERD,,WDE3016,31,12,22,8,,57,A
367332950,2022-01-06T07:25:52,30.00145,-89.95922,3.6,266.0,511.0,GOOD SHEPHERD,,WDE3016,31,12,22,8,,57,A
367332950,2022-01-06T07:57:43,29.99853,-89.99623,3.7,277.0,511.0,GOOD SHEPHERD,,WDE3016,31,12,22,8,,57,A
367332950,2022-01-06T07:55:23,29.99853,-89.99353,3.7,264.0,511.0,GOOD SHEPHERD,,WDE3016,31,12,22,8,,57,A
367332950,2022-01-06T07:48:11,29.99935,-89.98513,3.6,258.0,511.0,GOOD SHEPHERD,,WDE3016,31,12,22,8,,57,A
367332950,2022-01-06T08:07:12,29.99735,-90.00663,3.7,262.0,511.0,GOOD SHEPHERD,,WDE3016,31,12,22,8,,57,A
367332950,2022-01-06T08:05:51,29.99748,-90.00507,3.7,263.0,511.0,GOOD SHEPHERD,,WDE3016,31,12,22,8,,57,A
367332950,2022-01-06T07:50:32,29.99903,-89.98785,3.7,263.0,511.0,GOOD SHEPHERD,,WDE3016,31,12,22,8,,57,A
367332950,2022-01-06T07:52:53,29.99878,-89.99060,3.6,270.0,511.0,GOOD SHEPHERD,,WDE3016,31,12,22,8,,57,A
367332950,2022-01-06T05:46:52,30.01255,-89.90780,1.3,22.0,511.0,GOOD SHEPHERD,,WDE3016,31,12,22,8,,57,A
367332950,2022-01-06T06:22:42,30.01800,-89.90775,0.4,291.0,511.0,GOOD SHEPHERD,,WDE3016,31,12,22,8,,57,A
367332950,2022-01-06T08:13:02,29.99582,-90.01243,2.9,249.0,511.0,GOOD SHEPHERD,,WDE3016,31,12,22,8,,57,A
367332950,2022-01-06T08:16:22,29.99447,-90.01437,2.1,223.0,511.0,GOOD SHEPHERD,,WDE3016,31,12,22,8,,57,A
367332950,2022-01-06T07:44:32,29.99978,-89.98093,3.7,267.0,511.0,GOOD SHEPHERD,,WDE3016,31,12,22,8,,57,A
367332950,2022-01-06T05:51:42,30.01343,-89.90787,0.5,173.0,511.0,GOOD SHEPHERD,,WDE3016,31,12,22,8,,57,A
367332950,2022-01-06T08:01:12,29.99762,-89.99953,3.4,265.0,511.0,GOOD SHEPHERD,,WDE3016,31,12,22,8,,57,A
367332950,2022-01-06T07:46:52,29.99950,-89.98362,3.6,257.0,511.0,GOOD SHEPHERD,,WDE3016,31,12,22,8,,57,A
367332950,2022-01-06T08:22:13,29.99423,-90.01507,1.4,243.0,511.0,GOOD SHEPHERD,,WDE3016,31,12,22,8,,57,A
367332950,2022-01-06T07:51:42,29.99892,-89.98923,3.7,262.0,511.0,GOOD SHEPHERD,,WDE3016,31,12,22,8,,57,A
367332950,2022-01-06T05:56:21,30.01310,-89.90767,0.1,304.0,511.0,GOOD SHEPHERD,,WDE3016,31,12,22,8,,57,A
367332950,2022-01-06T08:17:33,29.99397,-90.01485,1.9,215.0,511.0,GOOD SHEPHERD,,WDE3016,31,12,22,8,,57,A
367332950,2022-01-06T06:34:32,30.01753,-89.90802,2.2,150.0,511.0,GOOD SHEPHERD,,WDE3016,31,12,22,8,,57,A
367332950,2022-01-06T08:19:53,29.99370,-90.01490,1.1,21.0,511.0,GOOD SHEPHERD,,WDE3016,31,12,22,8,,57,A
367332950,2022-01-06T08:21:02,29.99418,-90.01475,1.2,8.0,511.0,GOOD SHEPHERD,,WDE3016,31,12,22,8,,57,A
367332950,2022-01-06T08:15:12,29.99498,-90.01387,2.1,219.0,511.0,GOOD SHEPHERD,,WDE3016,31,12,22,8,,57,A
367332950,2022-01-06T08:11:52,29.99617,-90.01138,3.0,247.0,511.0,GOOD SHEPHERD,,WDE3016,31,12,22,8,,57,A
367332950,2022-01-06T08:32:52,29.99332,-90.01477,0.3,107.0,511.0,GOOD SHEPHERD,,WDE3016,31,12,22,8,,57,A
367332950,2022-01-06T08:34:03,29.99328,-90.01462,0.5,110.0,511.0,GOOD SHEPHERD,,WDE3016,31,12,22,8,,57,A
367332950,2022-01-06T08:00:01,29.99778,-89.99830,3.2,251.0,511.0,GOOD SHEPHERD,,WDE3016,31,12,22,8,,57,A
367332950,2022-01-06T06:07:03,30.01423,-89.90750,2.4,349.0,511.0,GOOD SHEPHERD,,WDE3016,31,12,22,8,,57,A
367332950,2022-01-06T08:02:22,29.99757,-90.00087,3.7,268.0,511.0,GOOD SHEPHERD,,WDE3016,31,12,22,8,,57,A
367332950,2022-01-06T08:37:42,29.99293,-90.01408,0.6,140.0,511.0,GOOD SHEPHERD,,WDE3016,31,12,22,8,,57,A
367332950,2022-01-06T08:18:42,29.99363,-90.01507,0.5,167.0,511.0,GOOD SHEPHERD,,WDE3016,31,12,22,8,,57,A
367332950,2022-01-06T08:30:33,29.99335,-90.01492,0.1,128.0,511.0,GOOD SHEPHERD,,WDE3016,31,12,22,8,,57,A
367332950,2022-01-06T06:11:52,30.01660,-89.90738,1.4,28.0,511.0,GOOD SHEPHERD,,WDE3016,31,12,22,8,,57,A
367332950,2022-01-06T08:38:52,29.99288,-90.01405,0.1,322.0,511.0,GOOD SHEPHERD,,WDE3016,31,12,22,8,,57,A
367332950,2022-01-06T08:44:32,29.99292,-90.01393,0.1,77.0,511.0,GOOD SHEPHERD,,WDE3016,31,12,22,8,,57,A
367332950,2022-01-06T08:28:21,29.99340,-90.01478,0.3,249.0,511.0,GOOD SHEPHERD,,WDE3016,31,12,22,8,,57,A
367332950,2022-01-06T06:52:02,30.00997,-89.91965,3.9,260.0,511.0,GOOD SHEPHERD,,WDE3016,31,12,22,8,,57,A
367332950,2022-01-06T08:14:03,29.99548,-90.01327,2.6,236.0,511.0,GOOD SHEPHERD,,WDE3016,31,12,22,8,,57,A
367332950,2022-01-06T08:40:01,29.99295,-90.01410,0.2,327.0,511.0,GOOD SHEPHERD,,WDE3016,31,12,22,8,,57,A
367332950,2022-01-06T08:31:43,29.99335,-90.01485,0.2,98.0,511.0,GOOD SHEPHERD,,WDE3016,31,12,22,8,,57,A
367332950,2022-01-06T08:49:02,29.99212,-90.01580,2.8,198.0,511.0,GOOD SHEPHERD,,WDE3016,31,12,22,8,,57,A
367332950,2022-01-06T08:43:23,29.99292,-90.01393,0.1,96.0,511.0,GOOD SHEPHERD,,WDE3016,31,12,22,8,,57,A
367332950,2022-01-06T08:50:13,29.99192,-90.01572,0.1,132.0,511.0,GOOD SHEPHERD,,WDE3016,31,12,22,8,,57,A
367332950,2022-01-06T08:51:21,29.99192,-90.01568,0.0,13.0,511.0,GOOD SHEPHERD,,WDE3016,31,12,22,8,,57,A
367332950,2022-01-06T06:56:42,30.00853,-89.92522,3.9,254.0,511.0,GOOD SHEPHERD,,WDE3016,31,12,22,8,,57,A
367332950,2022-01-06T08:54:42,29.99192,-90.01570,0.0,357.0,511.0,GOOD SHEPHERD,,WDE3016,31,12,22,8,,57,A
367332950,2022-01-06T09:00:02,29.99205,-90.01575,0.3,25.0,511.0,GOOD SHEPHERD,,WDE3016,31,12,22,8,,57,A
367332950,2022-01-06T08:45:42,29.99292,-90.01392,0.0,266.0,511.0,GOOD SHEPHERD,,WDE3016,31,12,22,8,,57,A
367332950,2022-01-06T08:41:12,29.99293,-90.01407,0.2,102.0,511.0,GOOD SHEPHERD,,WDE3016,31,12,22,8,,57,A
367332950,2022-01-06T09:05:12,29.99258,-90.01582,0.7,52.0,511.0,GOOD SHEPHERD,,WDE3016,31,12,22,8,,57,A
367332950,2022-01-06T08:46:43,29.99290,-90.01393,0.1,273.0,511.0,GOOD SHEPHERD,,WDE3016,31,12,22,8,,57,A
367332950,2022-01-06T08:35:23,29.99318,-90.01442,0.6,120.0,511.0,GOOD SHEPHERD,,WDE3016,31,12,22,8,,57,A
367332950,2022-01-06T07:12:52,30.00378,-89.94407,3.8,255.0,511.0,GOOD SHEPHERD,,WDE3016,31,12,22,8,,57,A
367332950,2022-01-06T08:53:32,29.99193,-90.01568,0.0,357.0,511.0,GOOD SHEPHERD,,WDE3016,31,12,22,8,,57,A
367332950,2022-01-06T09:07:33,29.99278,-90.01542,0.4,75.0,511.0,GOOD SHEPHERD,,WDE3016,31,12,22,8,,57,A
367332950,2022-01-06T08:36:32,29.99308,-90.01425,0.6,130.0,511.0,GOOD SHEPHERD,,WDE3016,31,12,22,8,,57,A
367332950,2022-01-06T08:57:11,29.99193,-90.01577,0.2,103.0,511.0,GOOD SHEPHERD,,WDE3016,31,12,22,8,,57,A
367332950,2022-01-06T09:01:43,29.99218,-90.01603,0.6,289.0,511.0,GOOD SHEPHERD,,WDE3016,31,12,22,8,,57,A
367332950,2022-01-06T09:02:52,29.99228,-90.01612,0.5,340.0,511.0,GOOD SHEPHERD,,WDE3016,31,12,22,8,,57,A
367332950,2022-01-06T07:18:42,30.00248,-89.95080,3.7,259.0,511.0,GOOD SHEPHERD,,WDE3016,31,12,22,8,,57,A
367332950,2022-01-06T09:18:13,29.99282,-90.01498,0.3,250.0,511.0,GOOD SHEPHERD,,WDE3016,31,12,22,8,,57,A
367332950,2022-01-06T06:50:53,30.01028,-89.91827,3.7,248.0,511.0,GOOD SHEPHERD,,WDE3016,31,12,22,8,,57,A
367332950,2022-01-06T09:12:33,29.99278,-90.01503,0.1,243.0,511.0,GOOD SHEPHERD,,WDE3016,31,12,22,8,,57,A
367332950,2022-01-06T09:23:53,29.99277,-90.01510,0.0,246.0,511.0,GOOD SHEPHERD,,WDE3016,31,12,22,8,,57,A
367332950,2022-01-06T06:58:03,30.00815,-89.92683,3.8,251.0,511.0,GOOD SHEPHERD,,WDE3016,31,12,22,8,,57,A
367332950,2022-01-06T07:00:02,30.00757,-89.92912,3.7,253.0,511.0,GOOD SHEPHERD,,WDE3016,31,12,22,8,,57,A
367332950,2022-01-06T09:40:22,29.99282,-90.01498,0.1,71.0,511.0,GOOD SHEPHERD,,WDE3016,31,12,22,8,,57,A
367332950,2022-01-06T09:13:42,29.99282,-90.01498,0.4,61.0,511.0,GOOD SHEPHERD,,WDE3016,31,12,22,8,,57,A
367332950,2022-01-06T08:58:23,29.99197,-90.01573,0.3,45.0,511.0,GOOD SHEPHERD,,WDE3016,31,12,22,8,,57,A
367332950,2022-01-06T08:59:32,29.99200,-90.01572,0.3,277.0,511.0,GOOD SHEPHERD,,WDE3016,31,12,22,8,,57,A
367332950,2022-01-06T09:17:03,29.99285,-90.01492,0.2,235.0,511.0,GOOD SHEPHERD,,WDE3016,31,12,22,8,,57,A
367332950,2022-01-06T07:34:12,30.00070,-89.96888,3.7,263.0,511.0,GOOD SHEPHERD,,WDE3016,31,12,22,8,,57,A
367332950,2022-01-06T07:35:22,30.00062,-89.97030,3.7,265.0,511.0,GOOD SHEPHERD,,WDE3016,31,12,22,8,,57,A
367332950,2022-01-06T09:04:02,29.99245,-90.01605,0.5,44.0,511.0,GOOD SHEPHERD,,WDE3016,31,12,22,8,,57,A
367332950,2022-01-06T09:47:32,29.99282,-90.01493,0.0,259.0,511.0,GOOD SHEPHERD,,WDE3016,31,12,22,8,,57,A
367332950,2022-01-06T09:48:53,29.99282,-90.01497,0.0,259.0,511.0,GOOD SHEPHERD,,WDE3016,31,12,22,8,,57,A
367332950,2022-01-06T09:36:33,29.99283,-90.01498,0.1,251.0,511.0,GOOD SHEPHERD,,WDE3016,31,12,22,8,,57,A
367332950,2022-01-06T09:37:51,29.99282,-90.01498,0.1,230.0,511.0,GOOD SHEPHERD,,WDE3016,31,12,22,8,,57,A
367332950,2022-01-06T07:40:53,30.00008,-89.97662,3.7,262.0,511.0,GOOD SHEPHERD,,WDE3016,31,12,22,8,,57,A
367332950,2022-01-06T09:28:33,29.99282,-90.01502,0.1,65.0,511.0,GOOD SHEPHERD,,WDE3016,31,12,22,8,,57,A
367332950,2022-01-06T07:42:12,29.99999,-89.97828,3.7,265.8,511.0,GOOD SHEPHERD,,WDE3016,31,12,22,8,,57,A
367332950,2022-01-06T09:42:53,29.99285,-90.01492,0.1,44.0,511.0,GOOD SHEPHERD,,WDE3016,31,12,22,8,,57,A
367332950,2022-01-06T09:26:13,29.99280,-90.01508,0.1,67.0,511.0,GOOD SHEPHERD,,WDE3016,31,12,22,8,,57,A
367332950,2022-01-06T07:15:12,30.00318,-89.94675,3.7,253.0,511.0,GOOD SHEPHERD,,WDE3016,31,12,22,8,,57,A
367332950,2022-01-06T09:55:42,29.99283,-90.01497,0.0,259.0,511.0,GOOD SHEPHERD,,WDE3016,31,12,22,8,,57,A
367332950,2022-01-06T09:34:22,29.99285,-90.01492,0.1,230.0,511.0,GOOD SHEPHERD,,WDE3016,31,12,22,8,,57,A
367332950,2022-01-06T07:17:31,30.00265,-89.94945,3.7,257.0,511.0,GOOD SHEPHERD,,WDE3016,31,12,22,8,,57,A
367332950,2022-01-06T09:11:12,29.99278,-90.01505,0.3,92.0,511.0,GOOD SHEPHERD,,WDE3016,31,12,22,8,,57,A
367332950,2022-01-06T09:50:03,29.99282,-90.01497,0.0,259.0,511.0,GOOD SHEPHERD,,WDE3016,31,12,22,8,,57,A
367332950,2022-01-06T09:44:03,29.99285,-90.01493,0.0,47.0,511.0,GOOD SHEPHERD,,WDE3016,31,12,22,8,,57,A
367332950,2022-01-06T09:56:52,29.99283,-90.01495,0.0,259.0,511.0,GOOD SHEPHERD,,WDE3016,31,12,22,8,,57,A
367332950,2022-01-06T10:09:22,29.99193,-90.01562,0.5,29.0,511.0,GOOD SHEPHERD,,WDE3016,31,12,22,8,,57,A
367332950,2022-01-06T09:52:13,29.99283,-90.01495,0.0,259.0,511.0,GOOD SHEPHERD,,WDE3016,31,12,22,8,,57,A
367332950,2022-01-06T09:20:33,29.99277,-90.01510,0.1,247.0,511.0,GOOD SHEPHERD,,WDE3016,31,12,22,8,,57,A
367332950,2022-01-06T07:54:03,29.99863,-89.99197,3.7,259.0,511.0,GOOD SHEPHERD,,WDE3016,31,12,22,8,,57,A
367332950,2022-01-06T07:30:32,30.00097,-89.96455,3.7,265.0,511.0,GOOD SHEPHERD,,WDE3016,31,12,22,8,,57,A
367332950,2022-01-06T07:56:32,29.99838,-89.99485,3.7,268.0,511.0,GOOD SHEPHERD,,WDE3016,31,12,22,8,,57,A
367332950,2022-01-06T09:22:52,29.99277,-90.01510,0.0,246.0,511.0,GOOD SHEPHERD,,WDE3016,31,12,22,8,,57,A
367332950,2022-01-06T10:14:02,29.99317,-90.01447,0.2,280.0,511.0,GOOD SHEPHERD,,WDE3016,31,12,22,8,,57,A
367332950,2022-01-06T07:58:51,29.99828,-89.99728,2.9,235.0,511.0,GOOD SHEPHERD,,WDE3016,31,12,22,8,,57,A
367332950,2022-01-06T09:45:12,29.99283,-90.01493,0.0,275.0,511.0,GOOD SHEPHERD,,WDE3016,31,12,22,8,,57,A
367332950,2022-01-06T10:03:33,29.99187,-90.01562,0.2,201.0,511.0,GOOD SHEPHERD,,WDE3016,31,12,22,8,,57,A
367332950,2022-01-06T10:04:42,29.99192,-90.01560,0.2,6.0,511.0,GOOD SHEPHERD,,WDE3016,31,12,22,8,,57,A
367332950,2022-01-06T10:17:33,29.99337,-90.01448,0.6,3.0,511.0,GOOD SHEPHERD,,WDE3016,31,12,22,8,,57,A
367332950,2022-01-06T09:53:22,29.99282,-90.01497,0.0,259.0,511.0,GOOD SHEPHERD,,WDE3016,31,12,22,8,,57,A
367332950,2022-01-06T09:29:43,29.99285,-90.01495,0.5,66.0,511.0,GOOD SHEPHERD,,WDE3016,31,12,22,8,,57,A
367332950,2022-01-06T09:32:02,29.99288,-90.01487,0.0,242.0,511.0,GOOD SHEPHERD,,WDE3016,31,12,22,8,,57,A
367332950,2022-01-06T08:04:43,29.99757,-90.00370,3.7,262.0,511.0,GOOD SHEPHERD,,WDE3016,31,12,22,8,,57,A
367332950,2022-01-06T10:00:03,29.99282,-90.01503,1.0,228.0,511.0,GOOD SHEPHERD,,WDE3016,31,12,22,8,,57,A
367332950,2022-01-06T08:08:23,29.99718,-90.00800,3.5,255.0,511.0,GOOD SHEPHERD,,WDE3016,31,12,22,8,,57,A
367332950,2022-01-06T09:59:23,29.99287,-90.01493,0.2,110.0,511.0,GOOD SHEPHERD,,WDE3016,31,12,22,8,,57,A
367332950,2022-01-06T10:18:42,29.99353,-90.01448,0.5,332.0,511.0,GOOD SHEPHERD,,WDE3016,31,12,22,8,,57,A
367332950,2022-01-06T10:10:33,29.99317,-90.01485,6.4,42.0,511.0,GOOD SHEPHERD,,WDE3016,31,12,22,8,,57,A
367332950,2022-01-06T09:41:32,29.99283,-90.01498,0.1,66.0,511.0,GOOD SHEPHERD,,WDE3016,31,12,22,8,,57,A
367332950,2022-01-06T10:29:33,29.99347,-90.01437,0.6,176.0,511.0,GOOD SHEPHERD,,WDE3016,31,12,22,8,,57,A
367332950,2022-01-06T10:23:21,29.99307,-90.01460,0.7,57.0,511.0,GOOD SHEPHERD,,WDE3016,31,12,22,8,,57,A
367332950,2022-01-06T10:11:41,29.99318,-90.01432,0.3,197.0,511.0,GOOD SHEPHERD,,WDE3016,31,12,22,8,,57,A
367332950,2022-01-06T09:46:22,29.99283,-90.01495,0.0,259.0,511.0,GOOD SHEPHERD,,WDE3016,31,12,22,8,,57,A
367332950,2022-01-06T10:32:53,29.99335,-90.01460,0.1,176.0,511.0,GOOD SHEPHERD,,WDE3016,31,12,22,8,,57,A
367332950,2022-01-06T10:12:52,29.99317,-90.01435,0.3,291.0,511.0,GOOD SHEPHERD,,WDE3016,31,12,22,8,,57,A
367332950,2022-01-06T10:34:01,29.99332,-90.01462,0.1,164.0,511.0,GOOD SHEPHERD,,WDE3016,31,12,22,8,,57,A
367332950,2022-01-06T10:35:12,29.99333,-90.01455,0.3,58.0,511.0,GOOD SHEPHERD,,WDE3016,31,12,22,8,,57,A
367332950,2022-01-06T10:24:32,29.99335,-90.01448,0.9,12.0,511.0,GOOD SHEPHERD,,WDE3016,31,12,22,8,,57,A
367332950,2022-01-06T09:58:03,29.99285,-90.01498,0.1,5.0,511.0,GOOD SHEPHERD,,WDE3016,31,12,22,8,,57,A
367332950,2022-01-06T10:43:32,29.99325,-90.01460,0.2,235.0,511.0,GOOD SHEPHERD,,WDE3016,31,12,22,8,,57,A
367332950,2022-01-06T10:45:51,29.99332,-90.01443,0.3,56.0,511.0,GOOD SHEPHERD,,WDE3016,31,12,22,8,,57,A
367332950,2022-01-06T10:53:02,29.99328,-90.01463,0.6,122.0,511.0,GOOD SHEPHERD,,WDE3016,31,12,22,8,,57,A
367332950,2022-01-06T10:49:22,29.99362,-90.01432,0.6,294.0,511.0,GOOD SHEPHERD,,WDE3016,31,12,22,8,,57,A
367332950,2022-01-06T08:03:32,29.99758,-90.00225,3.8,271.0,511.0,GOOD SHEPHERD,,WDE3016,31,12,22,8,,57,A
367332950,2022-01-06T10:01:12,29.99253,-90.01550,1.8,226.0,511.0,GOOD SHEPHERD,,WDE3016,31,12,22,8,,57,A
367332950,2022-01-06T08:25:52,29.99347,-90.01490,0.7,124.0,511.0,GOOD SHEPHERD,,WDE3016,31,12,22,8,,57,A
367332950,2022-01-06T10:51:42,29.99350,-90.01472,0.6,185.0,511.0,GOOD SHEPHERD,,WDE3016,31,12,22,8,,57,A
367332950,2022-01-06T10:25:53,29.99368,-90.01445,0.8,5.0,511.0,GOOD SHEPHERD,,WDE3016,31,12,22,8,,57,A
367332950,2022-01-06T10:36:22,29.99342,-90.01442,0.6,55.0,511.0,GOOD SHEPHERD,,WDE3016,31,12,22,8,,57,A
367332950,2022-01-06T10:27:02,29.99382,-90.01455,0.4,270.0,511.0,GOOD SHEPHERD,,WDE3016,31,12,22,8,,57,A
367332950,2022-01-06T11:00:02,29.99380,-90.01423,0.3,281.0,511.0,GOOD SHEPHERD,,WDE3016,31,12,22,8,,57,A
367332950,2022-01-06T10:38:43,29.99362,-90.01420,0.7,34.0,511.0,GOOD SHEPHERD,,WDE3016,31,12,22,8,,57,A
367332950,2022-01-06T10:39:52,29.99365,-90.01415,0.4,164.0,511.0,GOOD SHEPHERD,,WDE3016,31,12,22,8,,57,A
367332950,2022-01-06T08:09:32,29.99687,-90.00923,3.4,252.0,511.0,GOOD SHEPHERD,,WDE3016,31,12,22,8,,57,A
367332950,2022-01-06T11:01:12,29.99375,-90.01437,0.4,231.0,511.0,GOOD SHEPHERD,,WDE3016,31,12,22,8,,57,A
367332950,2022-01-06T10:58:51,29.99370,-90.01413,0.8,312.0,511.0,GOOD SHEPHERD,,WDE3016,31,12,22,8,,57,A
367332950,2022-01-06T08:10:42,29.99652,-90.01035,3.1,249.0,511.0,GOOD SHEPHERD,,WDE3016,31,12,22,8,,57,A
367332950,2022-01-06T11:02:23,29.99365,-90.01448,0.3,256.0,511.0,GOOD SHEPHERD,,WDE3016,31,12,22,8,,57,A
367332950,2022-01-06T10:31:43,29.99338,-90.01462,0.2,254.0,511.0,GOOD SHEPHERD,,WDE3016,31,12,22,8,,57,A
367332950,2022-01-06T11:05:53,29.99347,-90.01445,0.3,166.0,511.0,GOOD SHEPHERD,,WDE3016,31,12,22,8,,57,A
367332950,2022-01-06T11:03:32,29.99363,-90.01450,0.1,237.0,511.0,GOOD SHEPHERD,,WDE3016,31,12,22,8,,57,A
367332950,2022-01-06T11:04:43,29.99357,-90.01447,0.3,153.0,511.0,GOOD SHEPHERD,,WDE3016,31,12,22,8,,57,A
367332950,2022-01-06T11:08:12,29.99335,-90.01443,0.1,240.0,511.0,GOOD SHEPHERD,,WDE3016,31,12,22,8,,57,A
367332950,2022-01-06T10:16:22,29.99322,-90.01447,0.2,342.0,511.0,GOOD SHEPHERD,,WDE3016,31,12,22,8,,57,A
367332950,2022-01-06T10:47:02,29.99342,-90.01437,0.4,31.0,511.0,GOOD SHEPHERD,,WDE3016,31,12,22,8,,57,A
367332950,2022-01-06T10:21:02,29.99333,-90.01503,1.2,197.0,511.0,GOOD SHEPHERD,,WDE3016,31,12,22,8,,57,A
367332950,2022-01-06T10:48:12,29.99352,-90.01420,0.4,35.0,511.0,GOOD SHEPHERD,,WDE3016,31,12,22,8,,57,A
367332950,2022-01-06T10:55:22,29.99337,-90.01435,0.4,30.0,511.0,GOOD SHEPHERD,,WDE3016,31,12,22,8,,57,A
367332950,2022-01-06T08:23:23,29.99388,-90.01523,1.1,170.0,511.0,GOOD SHEPHERD,,WDE3016,31,12,22,8,,57,A
367332950,2022-01-06T10:22:13,29.99312,-90.01492,0.8,96.0,511.0,GOOD SHEPHERD,,WDE3016,31,12,22,8,,57,A
367332950,2022-01-06T10:42:12,29.99333,-90.01445,0.6,235.0,511.0,GOOD SHEPHERD,,WDE3016,31,12,22,8,,57,A
367332950,2022-01-06T10:44:43,29.99327,-90.01455,0.4,69.0,511.0,GOOD SHEPHERD,,WDE3016,31,12,22,8,,57,A
367332950,2022-01-06T08:24:32,29.99365,-90.01510,0.7,157.0,511.0,GOOD SHEPHERD,,WDE3016,31,12,22,8,,57,A
367332950,2022-01-06T08:27:03,29.99342,-90.01475,0.5,158.0,511.0,GOOD SHEPHERD,,WDE3016,31,12,22,8,,57,A
367332950,2022-01-06T11:14:03,29.99347,-90.01497,0.3,296.0,511.0,GOOD SHEPHERD,,WDE3016,31,12,22,8,,57,A
367332950,2022-01-06T08:29:22,29.99337,-90.01488,0.2,267.0,511.0,GOOD SHEPHERD,,WDE3016,31,12,22,8,,57,A
367332950,2022-01-06T10:56:32,29.99342,-90.01417,0.5,84.0,511.0,GOOD SHEPHERD,,WDE3016,31,12,22,8,,57,A
367332950,2022-01-06T08:47:52,29.99298,-90.01465,4.2,248.0,511.0,GOOD SHEPHERD,,WDE3016,31,12,22,8,,57,A
367332950,2022-01-06T11:22:12,29.99347,-90.01502,0.9,227.0,511.0,GOOD SHEPHERD,,WDE3016,31,12,22,8,,57,A
367332950,2022-01-06T10:30:42,29.99338,-90.01452,0.4,273.0,511.0,GOOD SHEPHERD,,WDE3016,31,12,22,8,,57,A
367332950,2022-01-06T11:10:32,29.99328,-90.01470,0.4,251.0,511.0,GOOD SHEPHERD,,WDE3016,31,12,22,8,,57,A
367332950,2022-01-06T08:52:22,29.99193,-90.01570,0.0,357.0,511.0,GOOD SHEPHERD,,WDE3016,31,12,22,8,,57,A
367332950,2022-01-06T10:57:42,29.99350,-90.01400,0.5,41.0,511.0,GOOD SHEPHERD,,WDE3016,31,12,22,8,,57,A
367332950,2022-01-06T11:31:23,29.99267,-90.01598,0.6,201.0,511.0,GOOD SHEPHERD,,WDE3016,31,12,22,8,,57,A
367332950,2022-01-06T08:42:13,29.99293,-90.01402,0.2,99.0,511.0,GOOD SHEPHERD,,WDE3016,31,12,22,8,,57,A
367332950,2022-01-06T10:41:02,29.99348,-90.01422,0.8,225.0,511.0,GOOD SHEPHERD,,WDE3016,31,12,22,8,,57,A
367332950,2022-01-06T11:12:52,29.99340,-90.01487,0.3,328.0,511.0,GOOD SHEPHERD,,WDE3016,31,12,22,8,,57,A
367332950,2022-01-06T11:38:23,29.99250,-90.01613,0.8,55.0,511.0,GOOD SHEPHERD,,WDE3016,31,12,22,8,,57,A
367332950,2022-01-06T10:50:31,29.99363,-90.01457,0.8,259.0,511.0,GOOD SHEPHERD,,WDE3016,31,12,22,8,,57,A
367332950,2022-01-06T08:56:02,29.99193,-90.01572,0.2,304.0,511.0,GOOD SHEPHERD,,WDE3016,31,12,22,8,,57,A
367332950,2022-01-06T10:54:12,29.99327,-90.01445,0.4,72.0,511.0,GOOD SHEPHERD,,WDE3016,31,12,22,8,,57,A
367332950,2022-01-06T11:44:12,29.99332,-90.01432,1.2,62.0,511.0,GOOD SHEPHERD,,WDE3016,31,12,22,8,,57,A
367332950,2022-01-06T09:06:31,29.99273,-90.01553,1.1,56.0,511.0,GOOD SHEPHERD,,WDE3016,31,12,22,8,,57,A
367332950,2022-01-06T11:46:22,29.99372,-90.01405,0.7,340.0,511.0,GOOD SHEPHERD,,WDE3016,31,12,22,8,,57,A
367332950,2022-01-06T11:26:43,29.99298,-90.01568,0.1,232.0,511.0,GOOD SHEPHERD,,WDE3016,31,12,22,8,,57,A
367332950,2022-01-06T11:49:52,29.99357,-90.01448,0.8,202.0,511.0,GOOD SHEPHERD,,WDE3016,31,12,22,8,,57,A
367332950,2022-01-06T11:16:22,29.99352,-90.01503,0.2,24.0,511.0,GOOD SHEPHERD,,WDE3016,31,12,22,8,,57,A
367332950,2022-01-06T11:51:01,29.99330,-90.01463,0.8,210.0,511.0,GOOD SHEPHERD,,WDE3016,31,12,22,8,,57,A
367332950,2022-01-06T11:21:02,29.99355,-90.01477,0.5,268.0,511.0,GOOD SHEPHERD,,WDE3016,31,12,22,8,,57,A
367332950,2022-01-06T09:14:43,29.99288,-90.01490,0.4,50.0,511.0,GOOD SHEPHERD,,WDE3016,31,12,22,8,,57,A
367332950,2022-01-06T11:39:33,29.99262,-90.01583,1.0,66.0,511.0,GOOD SHEPHERD,,WDE3016,31,12,22,8,,57,A
367332950,2022-01-06T11:24:31,29.99315,-90.01545,0.7,228.0,511.0,GOOD SHEPHERD,,WDE3016,31,12,22,8,,57,A
367332950,2022-01-06T09:08:43,29.99283,-90.01525,0.4,57.0,511.0,GOOD SHEPHERD,,WDE3016,31,12,22,8,,57,A
367332950,2022-01-06T11:07:02,29.99340,-90.01443,0.2,166.0,511.0,GOOD SHEPHERD,,WDE3016,31,12,22,8,,57,A
367332950,2022-01-06T11:36:02,29.99220,-90.01638,0.3,19.0,511.0,GOOD SHEPHERD,,WDE3016,31,12,22,8,,57,A
367332950,2022-01-06T09:09:53,29.99280,-90.01512,0.4,106.0,511.0,GOOD SHEPHERD,,WDE3016,31,12,22,8,,57,A
367332950,2022-01-06T09:19:22,29.99280,-90.01505,0.1,247.0,511.0,GOOD SHEPHERD,,WDE3016,31,12,22,8,,57,A
367332950,2022-01-06T11:59:52,29.99303,-90.01382,0.2,182.0,511.0,GOOD SHEPHERD,,WDE3016,31,12,22,8,,57,A
367332950,2022-01-06T11:45:13,29.99348,-90.01403,0.8,42.0,511.0,GOOD SHEPHERD,,WDE3016,31,12,22,8,,57,A
367332950,2022-01-06T11:29:03,29.99287,-90.01580,0.4,230.0,511.0,GOOD SHEPHERD,,WDE3016,31,12,22,8,,57,A
367332950,2022-01-06T12:06:21,29.99315,-90.01435,0.6,265.0,511.0,GOOD SHEPHERD,,WDE3016,31,12,22,8,,57,A
367332950,2022-01-06T12:04:02,29.99308,-90.01405,0.6,299.0,511.0,GOOD SHEPHERD,,WDE3016,31,12,22,8,,57,A
367332950,2022-01-06T11:30:12,29.99280,-90.01590,0.4,232.0,511.0,GOOD SHEPHERD,,WDE3016,31,12,22,8,,57,A
367332950,2022-01-06T09:15:53,29.99290,-90.01487,0.1,244.0,511.0,GOOD SHEPHERD,,WDE3016,31,12,22,8,,57,A
367332950,2022-01-06T09:25:03,29.99277,-90.01510,0.1,64.0,511.0,GOOD SHEPHERD,,WDE3016,31,12,22,8,,57,A
367332950,2022-01-06T11:33:42,29.99228,-90.01627,0.6,218.0,511.0,GOOD SHEPHERD,,WDE3016,31,12,22,8,,57,A
367332950,2022-01-06T11:34:53,29.99217,-90.01638,0.3,231.0,511.0,GOOD SHEPHERD,,WDE3016,31,12,22,8,,57,A
367332950,2022-01-06T12:13:02,29.99305,-90.01443,0.4,82.0,511.0,GOOD SHEPHERD,,WDE3016,31,12,22,8,,57,A
367332950,2022-01-06T09:27:22,29.99280,-90.01505,0.1,61.0,511.0,GOOD SHEPHERD,,WDE3016,31,12,22,8,,57,A
367332950,2022-01-06T09:21:42,29.99277,-90.01512,0.0,246.0,511.0,GOOD SHEPHERD,,WDE3016,31,12,22,8,,57,A
367332950,2022-01-06T11:52:02,29.99318,-90.01460,0.4,131.0,511.0,GOOD SHEPHERD,,WDE3016,31,12,22,8,,57,A
367332950,2022-01-06T12:16:22,29.99300,-90.01403,0.4,119.0,511.0,GOOD SHEPHERD,,WDE3016,31,12,22,8,,57,A
367332950,2022-01-06T11:23:23,29.99330,-90.01527,0.8,227.0,511.0,GOOD SHEPHERD,,WDE3016,31,12,22,8,,57,A
367332950,2022-01-06T11:40:42,29.99280,-90.01552,1.0,55.0,511.0,GOOD SHEPHERD,,WDE3016,31,12,22,8,,57,A
367332950,2022-01-06T11:58:42,29.99303,-90.01390,0.5,54.0,511.0,GOOD SHEPHERD,,WDE3016,31,12,22,8,,57,A
367332950,2022-01-06T11:53:12,29.99317,-90.01452,0.3,109.0,511.0,GOOD SHEPHERD,,WDE3016,31,12,22,8,,57,A
367332950,2022-01-06T12:20:53,29.99295,-90.01383,0.1,332.0,511.0,GOOD SHEPHERD,,WDE3016,31,12,22,8,,57,A
367332950,2022-01-06T12:18:41,29.99292,-90.01383,0.0,34.0,511.0,GOOD SHEPHERD,,WDE3016,31,12,22,8,,57,A
367332950,2022-01-06T12:19:42,29.99292,-90.01382,0.0,34.0,511.0,GOOD SHEPHERD,,WDE3016,31,12,22,8,,57,A
367332950,2022-01-06T12:02:52,29.99298,-90.01395,0.2,18.0,511.0,GOOD SHEPHERD,,WDE3016,31,12,22,8,,57,A
367332950,2022-01-06T09:35:32,29.99283,-90.01495,0.1,239.0,511.0,GOOD SHEPHERD,,WDE3016,31,12,22,8,,57,A
367332950,2022-01-06T09:30:53,29.99290,-90.01483,0.2,71.0,511.0,GOOD SHEPHERD,,WDE3016,31,12,22,8,,57,A
367332950,2022-01-06T12:22:02,29.99297,-90.01387,0.1,269.0,511.0,GOOD SHEPHERD,,WDE3016,31,12,22,8,,57,A
367332950,2022-01-06T12:05:13,29.99313,-90.01418,0.3,285.0,511.0,GOOD SHEPHERD,,WDE3016,31,12,22,8,,57,A
367332950,2022-01-06T12:27:52,29.99292,-90.01407,0.2,121.0,511.0,GOOD SHEPHERD,,WDE3016,31,12,22,8,,57,A
367332950,2022-01-06T11:57:41,29.99297,-90.01402,0.1,114.0,511.0,GOOD SHEPHERD,,WDE3016,31,12,22,8,,57,A
367332950,2022-01-06T09:33:12,29.99288,-90.01488,0.1,233.0,511.0,GOOD SHEPHERD,,WDE3016,31,12,22,8,,57,A
367332950,2022-01-06T11:48:42,29.99373,-90.01428,0.5,211.0,511.0,GOOD SHEPHERD,,WDE3016,31,12,22,8,,57,A
367332950,2022-01-06T12:29:02,29.99288,-90.01400,0.2,102.0,511.0,GOOD SHEPHERD,,WDE3016,31,12,22,8,,57,A
367332950,2022-01-06T12:07:23,29.99313,-90.01453,0.4,291.0,511.0,GOOD SHEPHERD,,WDE3016,31,12,22,8,,57,A
367332950,2022-01-06T11:32:33,29.99247,-90.01613,0.8,213.0,511.0,GOOD SHEPHERD,,WDE3016,31,12,22,8,,57,A
367332950,2022-01-06T12:30:12,29.99292,-90.01393,0.2,56.0,511.0,GOOD SHEPHERD,,WDE3016,31,12,22,8,,57,A
367332950,2022-01-06T12:32:42,29.99292,-90.01392,0.1,283.0,511.0,GOOD SHEPHERD,,WDE3016,31,12,22,8,,57,A
367332950,2022-01-06T12:01:42,29.99302,-90.01398,0.1,286.0,511.0,GOOD SHEPHERD,,WDE3016,31,12,22,8,,57,A
367332950,2022-01-06T12:09:33,29.99317,-90.01463,0.1,201.0,511.0,GOOD SHEPHERD,,WDE3016,31,12,22,8,,57,A
367332950,2022-01-06T09:39:03,29.99282,-90.01502,0.0,230.0,511.0,GOOD SHEPHERD,,WDE3016,31,12,22,8,,57,A
367332950,2022-01-06T12:36:12,29.99300,-90.01422,0.4,314.0,511.0,GOOD SHEPHERD,,WDE3016,31,12,22,8,,57,A
367332950,2022-01-06T12:17:31,29.99293,-90.01390,0.4,123.0,511.0,GOOD SHEPHERD,,WDE3016,31,12,22,8,,57,A
367332950,2022-01-06T12:41:03,29.99420,-90.01347,1.5,38.0,511.0,GOOD SHEPHERD,,WDE3016,31,12,22,8,,57,A
367332950,2022-01-06T12:43:13,29.99478,-90.01282,1.3,48.0,511.0,GOOD SHEPHERD,,WDE3016,31,12,22,8,,57,A
367332950,2022-01-06T12:49:03,29.99595,-90.01073,1.3,73.0,511.0,GOOD SHEPHERD,,WDE3016,31,12,22,8,,57,A
367332950,2022-01-06T12:11:52,29.99305,-90.01462,0.3,128.0,511.0,GOOD SHEPHERD,,WDE3016,31,12,22,8,,57,A
367332950,2022-01-06T09:51:12,29.99282,-90.01495,0.0,259.0,511.0,GOOD SHEPHERD,,WDE3016,31,12,22,8,,57,A
367332950,2022-01-06T12:52:31,29.99625,-90.00975,0.6,29.0,511.0,GOOD SHEPHERD,,WDE3016,31,12,22,8,,57,A
367332950,2022-01-06T12:15:13,29.99305,-90.01413,0.4,106.0,511.0,GOOD SHEPHERD,,WDE3016,31,12,22,8,,57,A
367332950,2022-01-06T12:54:52,29.99648,-90.00947,0.5,54.0,511.0,GOOD SHEPHERD,,WDE3016,31,12,22,8,,57,A
367332950,2022-01-06T09:54:32,29.99282,-90.01497,0.0,259.0,511.0,GOOD SHEPHERD,,WDE3016,31,12,22,8,,57,A
367332950,2022-01-06T12:57:23,29.99670,-90.00913,0.6,54.0,511.0,GOOD SHEPHERD,,WDE3016,31,12,22,8,,57,A
367332950,2022-01-06T12:00:02,29.99302,-90.01385,0.3,190.0,511.0,GOOD SHEPHERD,,WDE3016,31,12,22,8,,57,A
367332950,2022-01-06T12:59:42,29.99692,-90.00878,0.4,31.0,511.0,GOOD SHEPHERD,,WDE3016,31,12,22,8,,57,A
367332950,2022-01-06T13:02:32,29.99715,-90.00887,0.3,302.0,511.0,GOOD SHEPHERD,,WDE3016,31,12,22,8,,57,A
367332950,2022-01-06T12:25:33,29.99300,-90.01413,0.1,242.0,511.0,GOOD SHEPHERD,,WDE3016,31,12,22,8,,57,A
367332950,2022-01-06T10:02:23,29.99207,-90.01562,1.1,172.0,511.0,GOOD SHEPHERD,,WDE3016,31,12,22,8,,57,A
367332950,2022-01-06T12:31:21,29.99292,-90.01388,0.1,234.0,511.0,GOOD SHEPHERD,,WDE3016,31,12,22,8,,57,A
367332950,2022-01-06T10:07:03,29.99195,-90.01558,0.0,30.0,511.0,GOOD SHEPHERD,,WDE3016,31,12,22,8,,57,A
367332950,2022-01-06T13:09:52,29.99665,-90.00987,0.1,90.0,511.0,GOOD SHEPHERD,,WDE3016,31,12,22,8,,57,A
367332950,2022-01-06T12:38:43,29.99348,-90.01410,1.1,24.0,511.0,GOOD SHEPHERD,,WDE3016,31,12,22,8,,57,A
367332950,2022-01-06T12:44:21,29.99505,-90.01245,1.3,50.0,511.0,GOOD SHEPHERD,,WDE3016,31,12,22,8,,57,A
367332950,2022-01-06T10:05:53,29.99195,-90.01558,0.0,30.0,511.0,GOOD SHEPHERD,,WDE3016,31,12,22,8,,57,A
367332950,2022-01-06T10:08:13,29.99193,-90.01555,0.0,30.0,511.0,GOOD SHEPHERD,,WDE3016,31,12,22,8,,57,A
367332950,2022-01-06T12:46:43,29.99562,-90.01160,1.4,58.0,511.0,GOOD SHEPHERD,,WDE3016,31,12,22,8,,57,A
367332950,2022-01-06T12:35:02,29.99295,-90.01410,0.3,289.0,511.0,GOOD SHEPHERD,,WDE3016,31,12,22,8,,57,A
367332950,2022-01-06T13:20:33,29.99640,-90.00898,0.1,128.0,511.0,GOOD SHEPHERD,,WDE3016,31,12,22,8,,57,A
367332950,2022-01-06T12:51:22,29.99608,-90.00992,0.8,65.0,511.0,GOOD SHEPHERD,,WDE3016,31,12,22,8,,57,A
367332950,2022-01-06T12:39:52,29.99383,-90.01383,1.4,43.0,511.0,GOOD SHEPHERD,,WDE3016,31,12,22,8,,57,A
367332950,2022-01-06T13:21:43,29.99638,-90.00900,0.1,134.0,511.0,GOOD SHEPHERD,,WDE3016,31,12,22,8,,57,A
367332950,2022-01-06T12:53:41,29.99638,-90.00962,0.5,44.0,511.0,GOOD SHEPHERD,,WDE3016,31,12,22,8,,57,A
367332950,2022-01-06T12:56:02,29.99658,-90.00932,0.5,55.0,511.0,GOOD SHEPHERD,,WDE3016,31,12,22,8,,57,A
367332950,2022-01-06T10:15:13,29.99317,-90.01452,0.1,36.0,511.0,GOOD SHEPHERD,,WDE3016,31,12,22,8,,57,A
367332950,2022-01-06T12:24:23,29.99302,-90.01405,0.3,283.0,511.0,GOOD SHEPHERD,,WDE3016,31,12,22,8,,57,A
367332950,2022-01-06T10:19:53,29.99358,-90.01473,0.6,244.0,511.0,GOOD SHEPHERD,,WDE3016,31,12,22,8,,57,A
367332950,2022-01-06T12:26:42,29.99297,-90.01413,0.2,141.0,511.0,GOOD SHEPHERD,,WDE3016,31,12,22,8,,57,A
367332950,2022-01-06T13:39:22,29.99638,-90.00898,0.0,134.0,511.0,GOOD SHEPHERD,,WDE3016,31,12,22,8,,57,A
367332950,2022-01-06T12:58:32,29.99680,-90.00895,0.6,57.0,511.0,GOOD SHEPHERD,,WDE3016,31,12,22,8,,57,A
367332950,2022-01-06T13:06:23,29.99695,-90.00970,0.6,217.0,511.0,GOOD SHEPHERD,,WDE3016,31,12,22,8,,57,A
367332950,2022-01-06T10:28:21,29.99368,-90.01448,0.8,137.0,511.0,GOOD SHEPHERD,,WDE3016,31,12,22,8,,57,A
367332950,2022-01-06T13:01:23,29.99708,-90.00878,0.3,333.0,511.0,GOOD SHEPHERD,,WDE3016,31,12,22,8,,57,A
367332950,2022-01-06T13:41:51,29.99638,-90.00898,0.0,134.0,511.0,GOOD SHEPHERD,,WDE3016,31,12,22,8,,57,A
367332950,2022-01-06T13:11:42,29.99665,-90.00973,0.3,94.0,511.0,GOOD SHEPHERD,,WDE3016,31,12,22,8,,57,A
367332950,2022-01-06T13:04:03,29.99718,-90.00922,0.9,264.0,511.0,GOOD SHEPHERD,,WDE3016,31,12,22,8,,57,A
367332950,2022-01-06T13:12:51,29.99663,-90.00960,0.4,100.0,511.0,GOOD SHEPHERD,,WDE3016,31,12,22,8,,57,A
367332950,2022-01-06T13:49:02,29.99637,-90.00900,0.0,134.0,511.0,GOOD SHEPHERD,,WDE3016,31,12,22,8,,57,A
367332950,2022-01-06T13:17:02,29.99653,-90.00920,0.3,117.0,511.0,GOOD SHEPHERD,,WDE3016,31,12,22,8,,57,A
367332950,2022-01-06T13:18:13,29.99648,-90.00913,0.3,122.0,511.0,GOOD SHEPHERD,,WDE3016,31,12,22,8,,57,A
367332950,2022-01-06T10:37:32,29.99350,-90.01430,0.3,44.0,511.0,GOOD SHEPHERD,,WDE3016,31,12,22,8,,57,A
367332950,2022-01-06T12:42:12,29.99455,-90.01308,1.3,44.0,511.0,GOOD SHEPHERD,,WDE3016,31,12,22,8,,57,A
367332950,2022-01-06T13:15:23,29.99658,-90.00933,0.3,110.0,511.0,GOOD SHEPHERD,,WDE3016,31,12,22,8,,57,A
367332950,2022-01-06T13:56:02,29.99647,-90.00915,0.1,302.0,511.0,GOOD SHEPHERD,,WDE3016,31,12,22,8,,57,A
367332950,2022-01-06T13:19:22,29.99643,-90.00903,0.2,126.0,511.0,GOOD SHEPHERD,,WDE3016,31,12,22,8,,57,A
367332950,2022-01-06T13:32:12,29.99638,-90.00902,0.0,134.0,511.0,GOOD SHEPHERD,,WDE3016,31,12,22,8,,57,A
367332950,2022-01-06T13:26:12,29.99637,-90.00900,0.0,134.0,511.0,GOOD SHEPHERD,,WDE3016,31,12,22,8,,57,A
367332950,2022-01-06T13:34:33,29.99638,-90.00898,0.0,134.0,511.0,GOOD SHEPHERD,,WDE3016,31,12,22,8,,57,A
367332950,2022-01-06T13:36:53,29.99640,-90.00902,0.0,134.0,511.0,GOOD SHEPHERD,,WDE3016,31,12,22,8,,57,A
367332950,2022-01-06T13:27:23,29.99637,-90.00897,0.0,134.0,511.0,GOOD SHEPHERD,,WDE3016,31,12,22,8,,57,A
367332950,2022-01-06T13:29:42,29.99638,-90.00900,0.0,134.0,511.0,GOOD SHEPHERD,,WDE3016,31,12,22,8,,57,A
367332950,2022-01-06T14:11:32,29.99648,-90.00915,0.0,304.0,511.0,GOOD SHEPHERD,,WDE3016,31,12,22,8,,57,A
367332950,2022-01-06T13:35:42,29.99638,-90.00898,0.0,134.0,511.0,GOOD SHEPHERD,,WDE3016,31,12,22,8,,57,A
367332950,2022-01-06T13:38:13,29.99638,-90.00898,0.0,134.0,511.0,GOOD SHEPHERD,,WDE3016,31,12,22,8,,57,A
367332950,2022-01-06T14:20:02,29.99650,-90.00923,0.0,304.0,511.0,GOOD SHEPHERD,,WDE3016,31,12,22,8,,57,A
367332950,2022-01-06T13:05:22,29.99708,-90.00952,0.7,237.0,511.0,GOOD SHEPHERD,,WDE3016,31,12,22,8,,57,A
367332950,2022-01-06T14:21:12,29.99652,-90.00920,0.0,304.0,511.0,GOOD SHEPHERD,,WDE3016,31,12,22,8,,57,A
367332950,2022-01-06T13:40:33,29.99638,-90.00898,0.0,134.0,511.0,GOOD SHEPHERD,,WDE3016,31,12,22,8,,57,A
367332950,2022-01-06T13:43:03,29.99638,-90.00900,0.0,134.0,511.0,GOOD SHEPHERD,,WDE3016,31,12,22,8,,57,A
367332950,2022-01-06T13:07:33,29.99680,-90.00982,0.5,217.0,511.0,GOOD SHEPHERD,,WDE3016,31,12,22,8,,57,A
367332950,2022-01-06T13:54:53,29.99643,-90.00910,0.1,306.0,511.0,GOOD SHEPHERD,,WDE3016,31,12,22,8,,57,A
367332950,2022-01-06T13:46:33,29.99638,-90.00900,0.0,134.0,511.0,GOOD SHEPHERD,,WDE3016,31,12,22,8,,57,A
367332950,2022-01-06T14:27:32,29.99645,-90.00910,0.1,121.0,511.0,GOOD SHEPHERD,,WDE3016,31,12,22,8,,57,A
367332950,2022-01-06T14:28:41,29.99643,-90.00907,0.1,124.0,511.0,GOOD SHEPHERD,,WDE3016,31,12,22,8,,57,A
367332950,2022-01-06T13:51:21,29.99637,-90.00900,0.1,308.0,511.0,GOOD SHEPHERD,,WDE3016,31,12,22,8,,57,A
367332950,2022-01-06T14:29:51,29.99640,-90.00903,0.1,125.0,511.0,GOOD SHEPHERD,,WDE3016,31,12,22,8,,57,A
367332950,2022-01-06T13:52:33,29.99640,-90.00902,0.1,310.0,511.0,GOOD SHEPHERD,,WDE3016,31,12,22,8,,57,A
367332950,2022-01-06T13:53:42,29.99642,-90.00903,0.1,306.0,511.0,GOOD SHEPHERD,,WDE3016,31,12,22,8,,57,A
367332950,2022-01-06T11:09:23,29.99333,-90.01453,0.5,233.0,511.0,GOOD SHEPHERD,,WDE3016,31,12,22,8,,57,A
367332950,2022-01-06T11:11:43,29.99328,-90.01478,0.3,312.0,511.0,GOOD SHEPHERD,,WDE3016,31,12,22,8,,57,A
367332950,2022-01-06T14:08:02,29.99647,-90.00917,0.0,304.0,511.0,GOOD SHEPHERD,,WDE3016,31,12,22,8,,57,A
367332950,2022-01-06T14:01:22,29.99650,-90.00920,0.0,304.0,511.0,GOOD SHEPHERD,,WDE3016,31,12,22,8,,57,A
367332950,2022-01-06T14:38:02,29.99628,-90.00903,0.4,312.0,511.0,GOOD SHEPHERD,,WDE3016,31,12,22,8,,57,A
367332950,2022-01-06T13:22:51,29.99638,-90.00900,0.0,134.0,511.0,GOOD SHEPHERD,,WDE3016,31,12,22,8,,57,A
367332950,2022-01-06T11:15:12,29.99348,-90.01502,0.1,307.0,511.0,GOOD SHEPHERD,,WDE3016,31,12,22,8,,57,A
367332950,2022-01-06T11:17:31,29.99358,-90.01493,0.5,83.0,511.0,GOOD SHEPHERD,,WDE3016,31,12,22,8,,57,A
367332950,2022-01-06T11:18:42,29.99358,-90.01478,0.1,333.0,511.0,GOOD SHEPHERD,,WDE3016,31,12,22,8,,57,A
367332950,2022-01-06T11:19:53,29.99357,-90.01470,0.5,107.0,511.0,GOOD SHEPHERD,,WDE3016,31,12,22,8,,57,A
367332950,2022-01-06T14:10:22,29.99647,-90.00917,0.0,304.0,511.0,GOOD SHEPHERD,,WDE3016,31,12,22,8,,57,A
367332950,2022-01-06T14:48:52,29.99642,-90.00923,0.1,304.0,511.0,GOOD SHEPHERD,,WDE3016,31,12,22,8,,57,A
367332950,2022-01-06T14:47:43,29.99640,-90.00920,0.1,306.0,511.0,GOOD SHEPHERD,,WDE3016,31,12,22,8,,57,A
367332950,2022-01-06T14:13:53,29.99648,-90.00918,0.0,304.0,511.0,GOOD SHEPHERD,,WDE3016,31,12,22,8,,57,A
367332950,2022-01-06T14:16:23,29.99650,-90.00920,0.0,304.0,511.0,GOOD SHEPHERD,,WDE3016,31,12,22,8,,57,A
367332950,2022-01-06T11:25:32,29.99303,-90.01560,0.4,231.0,511.0,GOOD SHEPHERD,,WDE3016,31,12,22,8,,57,A
367332950,2022-01-06T14:51:22,29.99645,-90.00927,0.0,302.0,511.0,GOOD SHEPHERD,,WDE3016,31,12,22,8,,57,A
367332950,2022-01-06T14:17:32,29.99650,-90.00922,0.0,304.0,511.0,GOOD SHEPHERD,,WDE3016,31,12,22,8,,57,A
367332950,2022-01-06T14:25:12,29.99648,-90.00917,0.1,113.0,511.0,GOOD SHEPHERD,,WDE3016,31,12,22,8,,57,A
367332950,2022-01-06T11:27:52,29.99295,-90.01572,0.3,209.0,511.0,GOOD SHEPHERD,,WDE3016,31,12,22,8,,57,A
367332950,2022-01-06T14:26:22,29.99647,-90.00912,0.1,118.0,511.0,GOOD SHEPHERD,,WDE3016,31,12,22,8,,57,A
367332950,2022-01-06T14:23:32,29.99650,-90.00920,0.1,112.0,511.0,GOOD SHEPHERD,,WDE3016,31,12,22,8,,57,A
367332950,2022-01-06T14:57:22,29.99645,-90.00927,0.0,302.0,511.0,GOOD SHEPHERD,,WDE3016,31,12,22,8,,57,A
367332950,2022-01-06T13:44:12,29.99637,-90.00900,0.0,134.0,511.0,GOOD SHEPHERD,,WDE3016,31,12,22,8,,57,A
367332950,2022-01-06T13:45:23,29.99638,-90.00900,0.0,134.0,511.0,GOOD SHEPHERD,,WDE3016,31,12,22,8,,57,A
367332950,2022-01-06T15:02:33,29.99647,-90.00930,0.1,120.0,511.0,GOOD SHEPHERD,,WDE3016,31,12,22,8,,57,A
367332950,2022-01-06T11:37:12,29.99233,-90.01632,0.6,31.0,511.0,GOOD SHEPHERD,,WDE3016,31,12,22,8,,57,A
367332950,2022-01-06T15:06:03,29.99642,-90.00922,0.0,120.0,511.0,GOOD SHEPHERD,,WDE3016,31,12,22,8,,57,A
367332950,2022-01-06T14:32:12,29.99633,-90.00893,0.2,131.0,511.0,GOOD SHEPHERD,,WDE3016,31,12,22,8,,57,A
367332950,2022-01-06T14:34:31,29.99622,-90.00885,0.2,157.0,511.0,GOOD SHEPHERD,,WDE3016,31,12,22,8,,57,A
367332950,2022-01-06T14:42:53,29.99640,-90.00922,0.0,306.0,511.0,GOOD SHEPHERD,,WDE3016,31,12,22,8,,57,A
367332950,2022-01-06T11:41:53,29.99298,-90.01517,1.2,64.0,511.0,GOOD SHEPHERD,,WDE3016,31,12,22,8,,57,A
367332950,2022-01-06T15:11:52,29.99647,-90.00930,0.1,301.0,511.0,GOOD SHEPHERD,,WDE3016,31,12,22,8,,57,A
367332950,2022-01-06T11:43:03,29.99317,-90.01475,1.3,61.0,511.0,GOOD SHEPHERD,,WDE3016,31,12,22,8,,57,A
367332950,2022-01-06T14:45:22,29.99637,-90.00915,0.0,119.0,511.0,GOOD SHEPHERD,,WDE3016,31,12,22,8,,57,A
367332950,2022-01-06T14:41:42,29.99642,-90.00918,0.1,307.0,511.0,GOOD SHEPHERD,,WDE3016,31,12,22,8,,57,A
367332950,2022-01-06T13:57:12,29.99648,-90.00917,0.1,302.0,511.0,GOOD SHEPHERD,,WDE3016,31,12,22,8,,57,A
367332950,2022-01-06T14:46:31,29.99638,-90.00917,0.1,309.0,511.0,GOOD SHEPHERD,,WDE3016,31,12,22,8,,57,A
367332950,2022-01-06T15:13:02,29.99648,-90.00930,0.1,299.0,511.0,GOOD SHEPHERD,,WDE3016,31,12,22,8,,57,A
367332950,2022-01-06T11:47:33,29.99383,-90.01418,0.4,275.0,511.0,GOOD SHEPHERD,,WDE3016,31,12,22,8,,57,A
367332950,2022-01-06T14:03:12,29.99650,-90.00917,0.0,304.0,511.0,GOOD SHEPHERD,,WDE3016,31,12,22,8,,57,A
367332950,2022-01-06T14:04:22,29.99648,-90.00918,0.0,304.0,511.0,GOOD SHEPHERD,,WDE3016,31,12,22,8,,57,A
367332950,2022-01-06T14:05:32,29.99648,-90.00915,0.0,304.0,511.0,GOOD SHEPHERD,,WDE3016,31,12,22,8,,57,A
367332950,2022-01-06T15:17:02,29.99650,-90.00937,0.0,299.0,511.0,GOOD SHEPHERD,,WDE3016,31,12,22,8,,57,A
367332950,2022-01-06T14:50:12,29.99645,-90.00925,0.1,299.0,511.0,GOOD SHEPHERD,,WDE3016,31,12,22,8,,57,A
367332950,2022-01-06T11:54:22,29.99312,-90.01437,0.5,109.0,511.0,GOOD SHEPHERD,,WDE3016,31,12,22,8,,57,A
367332950,2022-01-06T11:56:33,29.99300,-90.01403,0.3,112.0,511.0,GOOD SHEPHERD,,WDE3016,31,12,22,8,,57,A
367332950,2022-01-06T15:24:02,29.99645,-90.00927,0.1,119.0,511.0,GOOD SHEPHERD,,WDE3016,31,12,22,8,,57,A
367332950,2022-01-06T14:53:41,29.99645,-90.00925,0.0,302.0,511.0,GOOD SHEPHERD,,WDE3016,31,12,22,8,,57,A
367332950,2022-01-06T11:55:32,29.99305,-90.01417,0.5,124.0,511.0,GOOD SHEPHERD,,WDE3016,31,12,22,8,,57,A
367332950,2022-01-06T14:59:41,29.99647,-90.00930,0.0,302.0,511.0,GOOD SHEPHERD,,WDE3016,31,12,22,8,,57,A
367332950,2022-01-06T14:12:42,29.99648,-90.00915,0.0,304.0,511.0,GOOD SHEPHERD,,WDE3016,31,12,22,8,,57,A
367332950,2022-01-06T14:54:51,29.99645,-90.00927,0.0,302.0,511.0,GOOD SHEPHERD,,WDE3016,31,12,22,8,,57,A
367332950,2022-01-06T15:04:51,29.99643,-90.00925,0.1,120.0,511.0,GOOD SHEPHERD,,WDE3016,31,12,22,8,,57,A
367332950,2022-01-06T14:58:33,29.99647,-90.00928,0.0,302.0,511.0,GOOD SHEPHERD,,WDE3016,31,12,22,8,,57,A
367332950,2022-01-06T15:36:53,29.99635,-90.00913,0.1,307.0,511.0,GOOD SHEPHERD,,WDE3016,31,12,22,8,,57,A
367332950,2022-01-06T12:08:32,29.99318,-90.01460,0.2,274.0,511.0,GOOD SHEPHERD,,WDE3016,31,12,22,8,,57,A
367332950,2022-01-06T15:39:22,29.99640,-90.00917,0.1,303.0,511.0,GOOD SHEPHERD,,WDE3016,31,12,22,8,,57,A
367332950,2022-01-06T15:07:12,29.99642,-90.00920,0.1,304.0,511.0,GOOD SHEPHERD,,WDE3016,31,12,22,8,,57,A
367332950,2022-01-06T12:10:42,29.99313,-90.01467,0.3,165.0,511.0,GOOD SHEPHERD,,WDE3016,31,12,22,8,,57,A
367332950,2022-01-06T12:14:03,29.99305,-90.01432,0.4,84.0,511.0,GOOD SHEPHERD,,WDE3016,31,12,22,8,,57,A
367332950,2022-01-06T15:18:12,29.99650,-90.00937,0.0,299.0,511.0,GOOD SHEPHERD,,WDE3016,31,12,22,8,,57,A
367332950,2022-01-06T15:19:21,29.99650,-90.00938,0.0,299.0,511.0,GOOD SHEPHERD,,WDE3016,31,12,22,8,,57,A
367332950,2022-01-06T14:33:22,29.99628,-90.00887,0.2,143.0,511.0,GOOD SHEPHERD,,WDE3016,31,12,22,8,,57,A
367332950,2022-01-06T15:22:51,29.99647,-90.00932,0.1,118.0,511.0,GOOD SHEPHERD,,WDE3016,31,12,22,8,,57,A
367332950,2022-01-06T12:23:12,29.99298,-90.01397,0.3,287.0,511.0,GOOD SHEPHERD,,WDE3016,31,12,22,8,,57,A
367332950,2022-01-06T15:53:32,29.99635,-90.00912,0.1,129.0,511.0,GOOD SHEPHERD,,WDE3016,31,12,22,8,,57,A
367332950,2022-01-06T15:29:52,29.99638,-90.00915,0.1,125.0,511.0,GOOD SHEPHERD,,WDE3016,31,12,22,8,,57,A
367332950,2022-01-06T15:28:42,29.99640,-90.00918,0.1,124.0,511.0,GOOD SHEPHERD,,WDE3016,31,12,22,8,,57,A
367332950,2022-01-06T15:33:32,29.99633,-90.00908,0.0,132.0,511.0,GOOD SHEPHERD,,WDE3016,31,12,22,8,,57,A
367332950,2022-01-06T12:37:21,29.99315,-90.01422,0.7,7.0,511.0,GOOD SHEPHERD,,WDE3016,31,12,22,8,,57,A
367332950,2022-01-06T15:35:52,29.99635,-90.00912,0.1,309.0,511.0,GOOD SHEPHERD,,WDE3016,31,12,22,8,,57,A
367332950,2022-01-06T16:00:01,29.99632,-90.00908,0.0,132.0,511.0,GOOD SHEPHERD,,WDE3016,31,12,22,8,,57,A
367332950,2022-01-06T14:52:32,29.99645,-90.00928,0.0,302.0,511.0,GOOD SHEPHERD,,WDE3016,31,12,22,8,,57,A
367332950,2022-01-06T16:01:12,29.99633,-90.00908,0.0,132.0,511.0,GOOD SHEPHERD,,WDE3016,31,12,22,8,,57,A
367332950,2022-01-06T16:02:32,29.99633,-90.00908,0.0,132.0,511.0,GOOD SHEPHERD,,WDE3016,31,12,22,8,,57,A
367332950,2022-01-06T15:38:12,29.99638,-90.00917,0.1,305.0,511.0,GOOD SHEPHERD,,WDE3016,31,12,22,8,,57,A
367332950,2022-01-06T15:34:42,29.99633,-90.00907,0.0,132.0,511.0,GOOD SHEPHERD,,WDE3016,31,12,22,8,,57,A
367332950,2022-01-06T15:00:12,29.99647,-90.00930,0.0,302.0,511.0,GOOD SHEPHERD,,WDE3016,31,12,22,8,,57,A
367332950,2022-01-06T12:45:31,29.99533,-90.01205,1.4,50.0,511.0,GOOD SHEPHERD,,WDE3016,31,12,22,8,,57,A
367332950,2022-01-06T15:51:12,29.99640,-90.00920,0.1,124.0,511.0,GOOD SHEPHERD,,WDE3016,31,12,22,8,,57,A
367332950,2022-01-06T16:16:42,29.99632,-90.00907,0.0,132.0,511.0,GOOD SHEPHERD,,WDE3016,31,12,22,8,,57,A
367332950,2022-01-06T15:47:33,29.99647,-90.00932,0.0,296.0,511.0,GOOD SHEPHERD,,WDE3016,31,12,22,8,,57,A
367332950,2022-01-06T12:33:52,29.99293,-90.01400,0.2,267.0,511.0,GOOD SHEPHERD,,WDE3016,31,12,22,8,,57,A
367332950,2022-01-06T15:03:43,29.99645,-90.00928,0.1,121.0,511.0,GOOD SHEPHERD,,WDE3016,31,12,22,8,,57,A
367332950,2022-01-06T15:08:23,29.99643,-90.00925,0.1,303.0,511.0,GOOD SHEPHERD,,WDE3016,31,12,22,8,,57,A
367332950,2022-01-06T16:21:22,29.99630,-90.00903,0.0,132.0,511.0,GOOD SHEPHERD,,WDE3016,31,12,22,8,,57,A
367332950,2022-01-06T15:09:31,29.99645,-90.00925,0.1,302.0,511.0,GOOD SHEPHERD,,WDE3016,31,12,22,8,,57,A
367332950,2022-01-06T15:10:42,29.99647,-90.00928,0.0,303.0,511.0,GOOD SHEPHERD,,WDE3016,31,12,22,8,,57,A
367332950,2022-01-06T15:54:42,29.99633,-90.00907,0.1,131.0,511.0,GOOD SHEPHERD,,WDE3016,31,12,22,8,,57,A
367332950,2022-01-06T16:24:43,29.99628,-90.00900,0.0,132.0,511.0,GOOD SHEPHERD,,WDE3016,31,12,22,8,,57,A
367332950,2022-01-06T15:14:13,29.99648,-90.00933,0.1,297.0,511.0,GOOD SHEPHERD,,WDE3016,31,12,22,8,,57,A
367332950,2022-01-06T15:57:03,29.99632,-90.00907,0.0,132.0,511.0,GOOD SHEPHERD,,WDE3016,31,12,22,8,,57,A
367332950,2022-01-06T15:55:52,29.99632,-90.00907,0.0,132.0,511.0,GOOD SHEPHERD,,WDE3016,31,12,22,8,,57,A
367332950,2022-01-06T13:00:02,29.99695,-90.00877,0.4,19.0,511.0,GOOD SHEPHERD,,WDE3016,31,12,22,8,,57,A
367332950,2022-01-06T16:03:41,29.99632,-90.00908,0.0,132.0,511.0,GOOD SHEPHERD,,WDE3016,31,12,22,8,,57,A
367332950,2022-01-06T16:29:32,29.99627,-90.00898,0.0,132.0,511.0,GOOD SHEPHERD,,WDE3016,31,12,22,8,,57,A
367332950,2022-01-06T15:21:42,29.99648,-90.00935,0.1,117.0,511.0,GOOD SHEPHERD,,WDE3016,31,12,22,8,,57,A
367332950,2022-01-06T12:47:52,29.99580,-90.01120,1.3,65.0,511.0,GOOD SHEPHERD,,WDE3016,31,12,22,8,,57,A
367332950,2022-01-06T16:06:01,29.99633,-90.00908,0.0,132.0,511.0,GOOD SHEPHERD,,WDE3016,31,12,22,8,,57,A
367332950,2022-01-06T16:07:02,29.99633,-90.00905,0.0,132.0,511.0,GOOD SHEPHERD,,WDE3016,31,12,22,8,,57,A
367332950,2022-01-06T12:50:13,29.99602,-90.01027,1.2,81.0,511.0,GOOD SHEPHERD,,WDE3016,31,12,22,8,,57,A
367332950,2022-01-06T16:14:22,29.99632,-90.00905,0.0,132.0,511.0,GOOD SHEPHERD,,WDE3016,31,12,22,8,,57,A
367332950,2022-01-06T16:09:22,29.99633,-90.00908,0.0,132.0,511.0,GOOD SHEPHERD,,WDE3016,31,12,22,8,,57,A
367332950,2022-01-06T16:41:03,29.99625,-90.00902,0.0,132.0,511.0,GOOD SHEPHERD,,WDE3016,31,12,22,8,,57,A
367332950,2022-01-06T15:32:12,29.99633,-90.00907,0.1,131.0,511.0,GOOD SHEPHERD,,WDE3016,31,12,22,8,,57,A
367332950,2022-01-06T16:36:23,29.99625,-90.00897,0.0,132.0,511.0,GOOD SHEPHERD,,WDE3016,31,12,22,8,,57,A
367332950,2022-01-06T16:10:42,29.99633,-90.00907,0.0,132.0,511.0,GOOD SHEPHERD,,WDE3016,31,12,22,8,,57,A
367332950,2022-01-06T16:12:02,29.99633,-90.00907,0.0,132.0,511.0,GOOD SHEPHERD,,WDE3016,31,12,22,8,,57,A
367332950,2022-01-06T16:44:33,29.99627,-90.00903,0.0,132.0,511.0,GOOD SHEPHERD,,WDE3016,31,12,22,8,,57,A
367332950,2022-01-06T16:22:32,29.99628,-90.00905,0.0,132.0,511.0,GOOD SHEPHERD,,WDE3016,31,12,22,8,,57,A
367332950,2022-01-06T15:41:43,29.99643,-90.00925,0.1,301.0,511.0,GOOD SHEPHERD,,WDE3016,31,12,22,8,,57,A
367332950,2022-01-06T15:42:53,29.99645,-90.00927,0.1,300.0,511.0,GOOD SHEPHERD,,WDE3016,31,12,22,8,,57,A
367332950,2022-01-06T16:54:02,29.99627,-90.00900,0.1,132.0,511.0,GOOD SHEPHERD,,WDE3016,31,12,22,8,,57,A
367332950,2022-01-06T16:52:52,29.99628,-90.00902,0.1,128.0,511.0,GOOD SHEPHERD,,WDE3016,31,12,22,8,,57,A
367332950,2022-01-06T16:33:02,29.99627,-90.00898,0.0,132.0,511.0,GOOD SHEPHERD,,WDE3016,31,12,22,8,,57,A
367332950,2022-01-06T15:48:42,29.99645,-90.00930,0.1,119.0,511.0,GOOD SHEPHERD,,WDE3016,31,12,22,8,,57,A
367332950,2022-01-06T13:25:02,29.99637,-90.00897,0.0,134.0,511.0,GOOD SHEPHERD,,WDE3016,31,12,22,8,,57,A
367332950,2022-01-06T16:28:23,29.99627,-90.00900,0.0,132.0,511.0,GOOD SHEPHERD,,WDE3016,31,12,22,8,,57,A
367332950,2022-01-06T16:32:01,29.99627,-90.00898,0.0,132.0,511.0,GOOD SHEPHERD,,WDE3016,31,12,22,8,,57,A
367332950,2022-01-06T17:04:22,29.99638,-90.00918,0.3,307.0,511.0,GOOD SHEPHERD,,WDE3016,31,12,22,8,,57,A
367332950,2022-01-06T17:00:01,29.99620,-90.00895,0.1,322.0,511.0,GOOD SHEPHERD,,WDE3016,31,12,22,8,,57,A
367332950,2022-01-06T17:03:01,29.99632,-90.00910,0.3,312.0,511.0,GOOD SHEPHERD,,WDE3016,31,12,22,8,,57,A
367332950,2022-01-06T17:06:41,29.99647,-90.00932,0.2,298.0,511.0,GOOD SHEPHERD,,WDE3016,31,12,22,8,,57,A
367332950,2022-01-06T16:35:13,29.99625,-90.00900,0.0,132.0,511.0,GOOD SHEPHERD,,WDE3016,31,12,22,8,,57,A
367332950,2022-01-06T17:07:43,29.99650,-90.00940,0.2,295.0,511.0,GOOD SHEPHERD,,WDE3016,31,12,22,8,,57,A
367332950,2022-01-06T13:08:42,29.99665,-90.00985,0.4,186.0,511.0,GOOD SHEPHERD,,WDE3016,31,12,22,8,,57,A
367332950,2022-01-06T16:37:31,29.99625,-90.00900,0.0,132.0,511.0,GOOD SHEPHERD,,WDE3016,31,12,22,8,,57,A
367332950,2022-01-06T16:42:12,29.99627,-90.00902,0.0,132.0,511.0,GOOD SHEPHERD,,WDE3016,31,12,22,8,,57,A
367332950,2022-01-06T16:46:52,29.99628,-90.00905,0.0,132.0,511.0,GOOD SHEPHERD,,WDE3016,31,12,22,8,,57,A
367332950,2022-01-06T17:13:32,29.99643,-90.00923,0.4,120.0,511.0,GOOD SHEPHERD,,WDE3016,31,12,22,8,,57,A
367332950,2022-01-06T13:14:12,29.99660,-90.00947,0.3,106.0,511.0,GOOD SHEPHERD,,WDE3016,31,12,22,8,,57,A
367332950,2022-01-06T17:18:13,29.99633,-90.00908,0.1,312.0,511.0,GOOD SHEPHERD,,WDE3016,31,12,22,8,,57,A
367332950,2022-01-06T16:45:42,29.99628,-90.00903,0.0,132.0,511.0,GOOD SHEPHERD,,WDE3016,31,12,22,8,,57,A
367332950,2022-01-06T17:23:12,29.99637,-90.00917,0.1,122.0,511.0,GOOD SHEPHERD,,WDE3016,31,12,22,8,,57,A
367332950,2022-01-06T16:51:42,29.99630,-90.00905,0.0,132.0,511.0,GOOD SHEPHERD,,WDE3016,31,12,22,8,,57,A
367332950,2022-01-06T13:23:52,29.99638,-90.00900,0.0,134.0,511.0,GOOD SHEPHERD,,WDE3016,31,12,22,8,,57,A
367332950,2022-01-06T17:27:52,29.99628,-90.00903,0.1,317.0,511.0,GOOD SHEPHERD,,WDE3016,31,12,22,8,,57,A
367332950,2022-01-06T16:56:12,29.99622,-90.00897,0.1,135.0,511.0,GOOD SHEPHERD,,WDE3016,31,12,22,8,,57,A
367332950,2022-01-06T16:59:52,29.99618,-90.00892,0.1,323.0,511.0,GOOD SHEPHERD,,WDE3016,31,12,22,8,,57,A
367332950,2022-01-06T13:50:12,29.99637,-90.00900,0.0,134.0,511.0,GOOD SHEPHERD,,WDE3016,31,12,22,8,,57,A
367332950,2022-01-06T16:58:42,29.99617,-90.00892,0.0,137.0,511.0,GOOD SHEPHERD,,WDE3016,31,12,22,8,,57,A
367332950,2022-01-06T17:01:52,29.99627,-90.00900,0.2,315.0,511.0,GOOD SHEPHERD,,WDE3016,31,12,22,8,,57,A
367332950,2022-01-06T16:19:01,29.99632,-90.00907,0.0,132.0,511.0,GOOD SHEPHERD,,WDE3016,31,12,22,8,,57,A
367332950,2022-01-06T17:32:23,29.99640,-90.00918,0.2,307.0,511.0,GOOD SHEPHERD,,WDE3016,31,12,22,8,,57,A
367332950,2022-01-06T13:28:32,29.99637,-90.00900,0.0,134.0,511.0,GOOD SHEPHERD,,WDE3016,31,12,22,8,,57,A
367332950,2022-01-06T13:30:51,29.99638,-90.00898,0.0,134.0,511.0,GOOD SHEPHERD,,WDE3016,31,12,22,8,,57,A
367332950,2022-01-06T13:33:23,29.99638,-90.00902,0.0,134.0,511.0,GOOD SHEPHERD,,WDE3016,31,12,22,8,,57,A
367332950,2022-01-06T13:58:22,29.99650,-90.00922,0.0,304.0,511.0,GOOD SHEPHERD,,WDE3016,31,12,22,8,,57,A
367332950,2022-01-06T17:40:22,29.99655,-90.00957,0.0,286.0,511.0,GOOD SHEPHERD,,WDE3016,31,12,22,8,,57,A
367332950,2022-01-06T16:25:52,29.99628,-90.00898,0.0,132.0,511.0,GOOD SHEPHERD,,WDE3016,31,12,22,8,,57,A
367332950,2022-01-06T16:27:02,29.99627,-90.00898,0.0,132.0,511.0,GOOD SHEPHERD,,WDE3016,31,12,22,8,,57,A
367332950,2022-01-06T17:12:22,29.99650,-90.00940,0.4,113.0,511.0,GOOD SHEPHERD,,WDE3016,31,12,22,8,,57,A
367332950,2022-01-06T17:41:42,29.99655,-90.00957,0.1,106.0,511.0,GOOD SHEPHERD,,WDE3016,31,12,22,8,,57,A
367332950,2022-01-06T16:30:53,29.99627,-90.00900,0.0,132.0,511.0,GOOD SHEPHERD,,WDE3016,31,12,22,8,,57,A
367332950,2022-01-06T17:44:03,29.99652,-90.00943,0.2,110.0,511.0,GOOD SHEPHERD,,WDE3016,31,12,22,8,,57,A
367332950,2022-01-06T17:15:52,29.99633,-90.00910,0.1,124.0,511.0,GOOD SHEPHERD,,WDE3016,31,12,22,8,,57,A
367332950,2022-01-06T16:34:03,29.99625,-90.00898,0.0,132.0,511.0,GOOD SHEPHERD,,WDE3016,31,12,22,8,,57,A
367332950,2022-01-06T17:17:02,29.99633,-90.00907,0.0,125.0,511.0,GOOD SHEPHERD,,WDE3016,31,12,22,8,,57,A
367332950,2022-01-06T14:06:53,29.99648,-90.00917,0.0,304.0,511.0,GOOD SHEPHERD,,WDE3016,31,12,22,8,,57,A
367332950,2022-01-06T17:14:43,29.99637,-90.00915,0.3,126.0,511.0,GOOD SHEPHERD,,WDE3016,31,12,22,8,,57,A
367332950,2022-01-06T17:51:02,29.99637,-90.00915,0.0,122.0,511.0,GOOD SHEPHERD,,WDE3016,31,12,22,8,,57,A
367332950,2022-01-06T13:47:43,29.99638,-90.00900,0.0,134.0,511.0,GOOD SHEPHERD,,WDE3016,31,12,22,8,,57,A
367332950,2022-01-06T17:52:13,29.99638,-90.00918,0.1,305.0,511.0,GOOD SHEPHERD,,WDE3016,31,12,22,8,,57,A
367332950,2022-01-06T17:54:43,29.99645,-90.00930,0.2,300.0,511.0,GOOD SHEPHERD,,WDE3016,31,12,22,8,,57,A
367332950,2022-01-06T16:39:53,29.99625,-90.00900,0.0,132.0,511.0,GOOD SHEPHERD,,WDE3016,31,12,22,8,,57,A
367332950,2022-01-06T17:53:23,29.99642,-90.00923,0.2,304.0,511.0,GOOD SHEPHERD,,WDE3016,31,12,22,8,,57,A
367332950,2022-01-06T17:57:03,29.99652,-90.00940,0.2,295.0,511.0,GOOD SHEPHERD,,WDE3016,31,12,22,8,,57,A
367332950,2022-01-06T17:58:23,29.99652,-90.00945,0.1,293.0,511.0,GOOD SHEPHERD,,WDE3016,31,12,22,8,,57,A
367332950,2022-01-06T14:18:51,29.99650,-90.00920,0.0,304.0,511.0,GOOD SHEPHERD,,WDE3016,31,12,22,8,,57,A
367332950,2022-01-06T17:31:22,29.99638,-90.00917,0.2,308.0,511.0,GOOD SHEPHERD,,WDE3016,31,12,22,8,,57,A
367332950,2022-01-06T17:26:43,29.99627,-90.00900,0.0,128.0,511.0,GOOD SHEPHERD,,WDE3016,31,12,22,8,,57,A
367332950,2022-01-06T16:48:12,29.99630,-90.00905,0.0,132.0,511.0,GOOD SHEPHERD,,WDE3016,31,12,22,8,,57,A
367332950,2022-01-06T16:49:23,29.99630,-90.00903,0.0,132.0,511.0,GOOD SHEPHERD,,WDE3016,31,12,22,8,,57,A
367332950,2022-01-06T18:01:33,29.99648,-90.00935,0.2,114.0,511.0,GOOD SHEPHERD,,WDE3016,31,12,22,8,,57,A
367332950,2022-01-06T17:33:31,29.99642,-90.00925,0.1,303.0,511.0,GOOD SHEPHERD,,WDE3016,31,12,22,8,,57,A
367332950,2022-01-06T14:22:21,29.99650,-90.00922,0.0,304.0,511.0,GOOD SHEPHERD,,WDE3016,31,12,22,8,,57,A
367332950,2022-01-06T18:05:02,29.99638,-90.00913,0.1,121.0,511.0,GOOD SHEPHERD,,WDE3016,31,12,22,8,,57,A
367332950,2022-01-06T17:39:12,29.99653,-90.00953,0.2,290.0,511.0,GOOD SHEPHERD,,WDE3016,31,12,22,8,,57,A
367332950,2022-01-06T18:08:33,29.99643,-90.00923,0.1,305.0,511.0,GOOD SHEPHERD,,WDE3016,31,12,22,8,,57,A
367332950,2022-01-06T17:42:52,29.99653,-90.00953,0.1,106.0,511.0,GOOD SHEPHERD,,WDE3016,31,12,22,8,,57,A
367332950,2022-01-06T18:10:51,29.99645,-90.00928,0.1,306.0,511.0,GOOD SHEPHERD,,WDE3016,31,12,22,8,,57,A
367332950,2022-01-06T17:46:22,29.99645,-90.00930,0.2,118.0,511.0,GOOD SHEPHERD,,WDE3016,31,12,22,8,,57,A
367332950,2022-01-06T17:47:32,29.99642,-90.00923,0.2,120.0,511.0,GOOD SHEPHERD,,WDE3016,31,12,22,8,,57,A
367332950,2022-01-06T14:09:13,29.99647,-90.00917,0.0,304.0,511.0,GOOD SHEPHERD,,WDE3016,31,12,22,8,,57,A
367332950,2022-01-06T17:49:52,29.99637,-90.00915,0.1,125.0,511.0,GOOD SHEPHERD,,WDE3016,31,12,22,8,,57,A
367332950,2022-01-06T14:39:03,29.99633,-90.00910,0.3,311.0,511.0,GOOD SHEPHERD,,WDE3016,31,12,22,8,,57,A
367332950,2022-01-06T17:45:13,29.99648,-90.00938,0.2,114.0,511.0,GOOD SHEPHERD,,WDE3016,31,12,22,8,,57,A
367332950,2022-01-06T17:10:02,29.99653,-90.00945,0.0,297.0,511.0,GOOD SHEPHERD,,WDE3016,31,12,22,8,,57,A
367332950,2022-01-06T14:15:02,29.99648,-90.00917,0.0,304.0,511.0,GOOD SHEPHERD,,WDE3016,31,12,22,8,,57,A
367332950,2022-01-06T18:26:13,29.99652,-90.00945,0.1,296.0,511.0,GOOD SHEPHERD,,WDE3016,31,12,22,8,,57,A
367332950,2022-01-06T17:55:53,29.99648,-90.00933,0.2,298.0,511.0,GOOD SHEPHERD,,WDE3016,31,12,22,8,,57,A
367332950,2022-01-06T17:19:23,29.99635,-90.00913,0.1,307.0,511.0,GOOD SHEPHERD,,WDE3016,31,12,22,8,,57,A
367332950,2022-01-06T18:36:22,29.99637,-90.00915,0.5,126.0,511.0,GOOD SHEPHERD,,WDE3016,31,12,22,8,,57,A
367332950,2022-01-06T17:20:32,29.99637,-90.00915,0.1,311.0,511.0,GOOD SHEPHERD,,WDE3016,31,12,22,8,,57,A
367332950,2022-01-06T18:33:41,29.99652,-90.00945,0.3,111.0,511.0,GOOD SHEPHERD,,WDE3016,31,12,22,8,,57,A
367332950,2022-01-06T17:24:31,29.99633,-90.00910,0.2,127.0,511.0,GOOD SHEPHERD,,WDE3016,31,12,22,8,,57,A
367332950,2022-01-06T14:56:02,29.99645,-90.00927,0.0,302.0,511.0,GOOD SHEPHERD,,WDE3016,31,12,22,8,,57,A
367332950,2022-01-06T18:12:13,29.99645,-90.00928,0.0,306.0,511.0,GOOD SHEPHERD,,WDE3016,31,12,22,8,,57,A
367332950,2022-01-06T17:30:11,29.99633,-90.00912,0.2,311.0,511.0,GOOD SHEPHERD,,WDE3016,31,12,22,8,,57,A
367332950,2022-01-06T18:49:53,29.99690,-90.00798,0.2,114.0,511.0,GOOD SHEPHERD,,WDE3016,31,12,22,8,,57,A
367332950,2022-01-06T17:35:42,29.99647,-90.00935,0.2,298.0,511.0,GOOD SHEPHERD,,WDE3016,31,12,22,8,,57,A
367332950,2022-01-06T17:38:03,29.99652,-90.00945,0.2,292.0,511.0,GOOD SHEPHERD,,WDE3016,31,12,22,8,,57,A
367332950,2022-01-06T18:16:43,29.99642,-90.00922,0.1,122.0,511.0,GOOD SHEPHERD,,WDE3016,31,12,22,8,,57,A
367332950,2022-01-06T14:31:02,29.99637,-90.00898,0.2,128.0,511.0,GOOD SHEPHERD,,WDE3016,31,12,22,8,,57,A
367332950,2022-01-06T18:17:53,29.99640,-90.00920,0.0,121.0,511.0,GOOD SHEPHERD,,WDE3016,31,12,22,8,,57,A
367332950,2022-01-06T18:19:03,29.99642,-90.00922,0.1,303.0,511.0,GOOD SHEPHERD,,WDE3016,31,12,22,8,,57,A
367332950,2022-01-06T18:20:13,29.99643,-90.00925,0.1,303.0,511.0,GOOD SHEPHERD,,WDE3016,31,12,22,8,,57,A
367332950,2022-01-06T18:30:52,29.99655,-90.00952,0.1,290.0,511.0,GOOD SHEPHERD,,WDE3016,31,12,22,8,,57,A
367332950,2022-01-06T18:57:03,29.99590,-90.01230,2.6,247.0,511.0,GOOD SHEPHERD,,WDE3016,31,12,22,8,,57,A
367332950,2022-01-06T18:23:53,29.99652,-90.00940,0.1,296.0,511.0,GOOD SHEPHERD,,WDE3016,31,12,22,8,,57,A
367332950,2022-01-06T14:35:42,29.99620,-90.00887,0.1,278.0,511.0,GOOD SHEPHERD,,WDE3016,31,12,22,8,,57,A
367332950,2022-01-06T14:36:52,29.99622,-90.00893,0.2,297.0,511.0,GOOD SHEPHERD,,WDE3016,31,12,22,8,,57,A
367332950,2022-01-06T18:27:23,29.99653,-90.00947,0.0,297.0,511.0,GOOD SHEPHERD,,WDE3016,31,12,22,8,,57,A
367332950,2022-01-06T17:48:43,29.99638,-90.00918,0.1,122.0,511.0,GOOD SHEPHERD,,WDE3016,31,12,22,8,,57,A
367332950,2022-01-06T14:40:31,29.99638,-90.00917,0.2,308.0,511.0,GOOD SHEPHERD,,WDE3016,31,12,22,8,,57,A
367332950,2022-01-06T18:29:33,29.99655,-90.00950,0.0,297.0,511.0,GOOD SHEPHERD,,WDE3016,31,12,22,8,,57,A
367332950,2022-01-06T18:32:02,29.99655,-90.00953,0.0,292.0,511.0,GOOD SHEPHERD,,WDE3016,31,12,22,8,,57,A
367332950,2022-01-06T18:41:01,29.99633,-90.00910,0.2,311.0,511.0,GOOD SHEPHERD,,WDE3016,31,12,22,8,,57,A
367332950,2022-01-06T19:16:12,29.98003,-90.02218,2.7,195.0,511.0,GOOD SHEPHERD,,WDE3016,31,12,22,8,,57,A
367332950,2022-01-06T14:44:02,29.99638,-90.00918,0.1,122.0,511.0,GOOD SHEPHERD,,WDE3016,31,12,22,8,,57,A
367332950,2022-01-06T18:44:23,29.99647,-90.00930,0.2,299.0,511.0,GOOD SHEPHERD,,WDE3016,31,12,22,8,,57,A
367332950,2022-01-06T19:18:31,29.97885,-90.02250,1.4,187.0,511.0,GOOD SHEPHERD,,WDE3016,31,12,22,8,,57,A
367332950,2022-01-06T15:20:33,29.99650,-90.00937,0.1,113.0,511.0,GOOD SHEPHERD,,WDE3016,31,12,22,8,,57,A
367332950,2022-01-06T18:46:42,29.99662,-90.00917,1.2,53.0,511.0,GOOD SHEPHERD,,WDE3016,31,12,22,8,,57,A
367332950,2022-01-06T18:47:43,29.99683,-90.00872,1.8,63.0,511.0,GOOD SHEPHERD,,WDE3016,31,12,22,8,,57,A
367332950,2022-01-06T15:25:12,29.99645,-90.00927,0.1,122.0,511.0,GOOD SHEPHERD,,WDE3016,31,12,22,8,,57,A
367332950,2022-01-06T18:48:52,29.99700,-90.00817,1.2,93.0,511.0,GOOD SHEPHERD,,WDE3016,31,12,22,8,,57,A
367332950,2022-01-06T18:00:22,29.99650,-90.00943,0.2,110.0,511.0,GOOD SHEPHERD,,WDE3016,31,12,22,8,,57,A
367332950,2022-01-06T18:42:03,29.99637,-90.00915,0.2,307.0,511.0,GOOD SHEPHERD,,WDE3016,31,12,22,8,,57,A
367332950,2022-01-06T15:27:33,29.99642,-90.00922,0.1,122.0,511.0,GOOD SHEPHERD,,WDE3016,31,12,22,8,,57,A
367332950,2022-01-06T15:31:02,29.99637,-90.00912,0.1,128.0,511.0,GOOD SHEPHERD,,WDE3016,31,12,22,8,,57,A
367332950,2022-01-06T19:23:01,29.97780,-90.02298,0.4,262.0,511.0,GOOD SHEPHERD,,WDE3016,31,12,22,8,,57,A
367332950,2022-01-06T19:33:31,29.97723,-90.02353,0.0,267.0,511.0,GOOD SHEPHERD,,WDE3016,31,12,22,8,,57,A
367332950,2022-01-06T18:09:42,29.99645,-90.00927,0.1,304.0,511.0,GOOD SHEPHERD,,WDE3016,31,12,22,8,,57,A
367332950,2022-01-06T15:01:23,29.99647,-90.00932,0.0,302.0,511.0,GOOD SHEPHERD,,WDE3016,31,12,22,8,,57,A
367332950,2022-01-06T18:59:21,29.99502,-90.01395,2.7,229.0,511.0,GOOD SHEPHERD,,WDE3016,31,12,22,8,,57,A
367332950,2022-01-06T19:38:13,29.97728,-90.02357,0.1,162.0,511.0,GOOD SHEPHERD,,WDE3016,31,12,22,8,,57,A
367332950,2022-01-06T19:42:42,29.97712,-90.02338,0.1,165.0,511.0,GOOD SHEPHERD,,WDE3016,31,12,22,8,,57,A
367332950,2022-01-06T19:00:03,29.99475,-90.01450,3.0,238.0,511.0,GOOD SHEPHERD,,WDE3016,31,12,22,8,,57,A
367332950,2022-01-06T19:10:22,29.98613,-90.02022,4.3,198.0,511.0,GOOD SHEPHERD,,WDE3016,31,12,22,8,,57,A
367332950,2022-01-06T18:22:32,29.99648,-90.00935,0.2,297.0,511.0,GOOD SHEPHERD,,WDE3016,31,12,22,8,,57,A
367332950,2022-01-06T19:39:21,29.97722,-90.02350,0.4,130.0,511.0,GOOD SHEPHERD,,WDE3016,31,12,22,8,,57,A
367332950,2022-01-06T19:41:32,29.97713,-90.02340,0.1,148.0,511.0,GOOD SHEPHERD,,WDE3016,31,12,22,8,,57,A
367332950,2022-01-06T19:15:02,29.98097,-90.02192,3.6,193.0,511.0,GOOD SHEPHERD,,WDE3016,31,12,22,8,,57,A
367332950,2022-01-06T18:25:02,29.99652,-90.00943,0.1,297.0,511.0,GOOD SHEPHERD,,WDE3016,31,12,22,8,,57,A
367332950,2022-01-06T19:08:02,29.98875,-90.01927,4.2,194.0,511.0,GOOD SHEPHERD,,WDE3016,31,12,22,8,,57,A
367332950,2022-01-06T15:44:03,29.99645,-90.00927,0.1,298.0,511.0,GOOD SHEPHERD,,WDE3016,31,12,22,8,,57,A
367332950,2022-01-06T19:20:43,29.97813,-90.02267,1.0,202.0,511.0,GOOD SHEPHERD,,WDE3016,31,12,22,8,,57,A
367332950,2022-01-06T15:15:22,29.99650,-90.00935,0.1,295.0,511.0,GOOD SHEPHERD,,WDE3016,31,12,22,8,,57,A
367332950,2022-01-06T19:21:53,29.97788,-90.02283,0.7,205.0,511.0,GOOD SHEPHERD,,WDE3016,31,12,22,8,,57,A
367332950,2022-01-06T19:54:03,29.97668,-90.02352,0.1,118.0,511.0,GOOD SHEPHERD,,WDE3016,31,12,22,8,,57,A
367332950,2022-01-06T19:13:51,29.98223,-90.02153,4.1,195.0,511.0,GOOD SHEPHERD,,WDE3016,31,12,22,8,,57,A
367332950,2022-01-06T19:24:11,29.97775,-90.02310,0.2,245.0,511.0,GOOD SHEPHERD,,WDE3016,31,12,22,8,,57,A
367332950,2022-01-06T18:37:32,29.99630,-90.00905,0.2,132.0,511.0,GOOD SHEPHERD,,WDE3016,31,12,22,8,,57,A
367332950,2022-01-06T18:38:42,29.99627,-90.00902,0.0,132.0,511.0,GOOD SHEPHERD,,WDE3016,31,12,22,8,,57,A
367332950,2022-01-06T19:19:42,29.97843,-90.02257,1.2,190.0,511.0,GOOD SHEPHERD,,WDE3016,31,12,22,8,,57,A
367332950,2022-01-06T15:58:12,29.99632,-90.00907,0.0,132.0,511.0,GOOD SHEPHERD,,WDE3016,31,12,22,8,,57,A
367332950,2022-01-06T19:31:13,29.97725,-90.02352,0.0,267.0,511.0,GOOD SHEPHERD,,WDE3016,31,12,22,8,,57,A
367332950,2022-01-06T15:26:22,29.99643,-90.00922,0.1,119.0,511.0,GOOD SHEPHERD,,WDE3016,31,12,22,8,,57,A
367332950,2022-01-06T19:32:22,29.97725,-90.02353,0.0,267.0,511.0,GOOD SHEPHERD,,WDE3016,31,12,22,8,,57,A
367332950,2022-01-06T15:59:22,29.99632,-90.00907,0.0,132.0,511.0,GOOD SHEPHERD,,WDE3016,31,12,22,8,,57,A
367332950,2022-01-06T19:34:42,29.97725,-90.02355,0.0,267.0,511.0,GOOD SHEPHERD,,WDE3016,31,12,22,8,,57,A
367332950,2022-01-06T20:00:02,29.97668,-90.02353,0.0,115.0,511.0,GOOD SHEPHERD,,WDE3016,31,12,22,8,,57,A
367332950,2022-01-06T18:45:32,29.99648,-90.00933,0.1,32.0,511.0,GOOD SHEPHERD,,WDE3016,31,12,22,8,,57,A
367332950,2022-01-06T20:03:33,29.97665,-90.02348,0.4,120.0,511.0,GOOD SHEPHERD,,WDE3016,31,12,22,8,,57,A
367332950,2022-01-06T20:09:32,29.97652,-90.02365,2.3,195.0,511.0,GOOD SHEPHERD,,WDE3016,31,12,22,8,,57,A
367332950,2022-01-06T20:10:43,29.97562,-90.02387,3.1,187.0,511.0,GOOD SHEPHERD,,WDE3016,31,12,22,8,,57,A
367332950,2022-01-06T19:40:22,29.97717,-90.02340,0.2,136.0,511.0,GOOD SHEPHERD,,WDE3016,31,12,22,8,,57,A
367332950,2022-01-06T20:06:02,29.97672,-90.02350,0.5,17.0,511.0,GOOD SHEPHERD,,WDE3016,31,12,22,8,,57,A
367332950,2022-01-06T20:07:12,29.97695,-90.02335,0.8,15.0,511.0,GOOD SHEPHERD,,WDE3016,31,12,22,8,,57,A
367332950,2022-01-06T19:43:52,29.97705,-90.02338,0.3,183.0,511.0,GOOD SHEPHERD,,WDE3016,31,12,22,8,,57,A
367332950,2022-01-06T18:52:21,29.99672,-90.00880,1.9,260.0,511.0,GOOD SHEPHERD,,WDE3016,31,12,22,8,,57,A
367332950,2022-01-06T15:40:33,29.99642,-90.00923,0.1,302.0,511.0,GOOD SHEPHERD,,WDE3016,31,12,22,8,,57,A
367332950,2022-01-06T16:04:52,29.99632,-90.00908,0.0,132.0,511.0,GOOD SHEPHERD,,WDE3016,31,12,22,8,,57,A
367332950,2022-01-06T19:48:32,29.97662,-90.02342,0.1,125.0,511.0,GOOD SHEPHERD,,WDE3016,31,12,22,8,,57,A
367332950,2022-01-06T18:55:51,29.99628,-90.01142,2.5,246.0,511.0,GOOD SHEPHERD,,WDE3016,31,12,22,8,,57,A
367332950,2022-01-06T19:47:23,29.97665,-90.02347,0.2,119.0,511.0,GOOD SHEPHERD,,WDE3016,31,12,22,8,,57,A
367332950,2022-01-06T18:58:11,29.99552,-90.01315,2.7,241.0,511.0,GOOD SHEPHERD,,WDE3016,31,12,22,8,,57,A
367332950,2022-01-06T16:08:12,29.99633,-90.00908,0.0,132.0,511.0,GOOD SHEPHERD,,WDE3016,31,12,22,8,,57,A
367332950,2022-01-06T19:45:02,29.97695,-90.02340,0.4,190.0,511.0,GOOD SHEPHERD,,WDE3016,31,12,22,8,,57,A
367332950,2022-01-06T19:55:13,29.97668,-90.02353,0.0,115.0,511.0,GOOD SHEPHERD,,WDE3016,31,12,22,8,,57,A
367332950,2022-01-06T15:45:12,29.99647,-90.00928,0.0,296.0,511.0,GOOD SHEPHERD,,WDE3016,31,12,22,8,,57,A
367332950,2022-01-06T15:46:22,29.99647,-90.00932,0.0,296.0,511.0,GOOD SHEPHERD,,WDE3016,31,12,22,8,,57,A
367332950,2022-01-06T19:51:53,29.97665,-90.02347,0.3,303.0,511.0,GOOD SHEPHERD,,WDE3016,31,12,22,8,,57,A
367332950,2022-01-06T20:26:53,29.96628,-90.02668,0.9,195.0,511.0,GOOD SHEPHERD,,WDE3016,31,12,22,8,,57,A
367332950,2022-01-06T19:50:52,29.97660,-90.02340,0.2,307.0,511.0,GOOD SHEPHERD,,WDE3016,31,12,22,8,,57,A
367332950,2022-01-06T19:59:33,29.97670,-90.02355,0.0,115.0,511.0,GOOD SHEPHERD,,WDE3016,31,12,22,8,,57,A
367332950,2022-01-06T20:01:12,29.97670,-90.02355,0.0,115.0,511.0,GOOD SHEPHERD,,WDE3016,31,12,22,8,,57,A
367332950,2022-01-06T15:49:53,29.99643,-90.00925,0.1,121.0,511.0,GOOD SHEPHERD,,WDE3016,31,12,22,8,,57,A
367332950,2022-01-06T20:32:01,29.96588,-90.02683,0.1,193.0,511.0,GOOD SHEPHERD,,WDE3016,31,12,22,8,,57,A
367332950,2022-01-06T19:57:22,29.97668,-90.02353,0.0,115.0,511.0,GOOD SHEPHERD,,WDE3016,31,12,22,8,,57,A
367332950,2022-01-06T15:52:22,29.99638,-90.00913,0.1,126.0,511.0,GOOD SHEPHERD,,WDE3016,31,12,22,8,,57,A
367332950,2022-01-06T20:04:43,29.97663,-90.02343,0.1,307.0,511.0,GOOD SHEPHERD,,WDE3016,31,12,22,8,,57,A
367332950,2022-01-06T19:56:21,29.97668,-90.02353,0.0,115.0,511.0,GOOD SHEPHERD,,WDE3016,31,12,22,8,,57,A
367332950,2022-01-06T20:29:12,29.96595,-90.02682,0.1,199.0,511.0,GOOD SHEPHERD,,WDE3016,31,12,22,8,,57,A
367332950,2022-01-06T19:58:32,29.97668,-90.02355,0.0,115.0,511.0,GOOD SHEPHERD,,WDE3016,31,12,22,8,,57,A
367332950,2022-01-06T16:20:12,29.99630,-90.00903,0.0,132.0,511.0,GOOD SHEPHERD,,WDE3016,31,12,22,8,,57,A
367332950,2022-01-06T20:39:23,29.96587,-90.02685,0.0,232.0,511.0,GOOD SHEPHERD,,WDE3016,31,12,22,8,,57,A
367332950,2022-01-06T20:33:12,29.96587,-90.02685,0.0,180.0,511.0,GOOD SHEPHERD,,WDE3016,31,12,22,8,,57,A
367332950,2022-01-06T20:14:12,29.97230,-90.02472,3.4,196.0,511.0,GOOD SHEPHERD,,WDE3016,31,12,22,8,,57,A
367332950,2022-01-06T20:13:02,29.97347,-90.02437,3.6,194.0,511.0,GOOD SHEPHERD,,WDE3016,31,12,22,8,,57,A
367332950,2022-01-06T20:45:12,29.96588,-90.02685,0.1,12.0,511.0,GOOD SHEPHERD,,WDE3016,31,12,22,8,,57,A
367332950,2022-01-06T19:28:52,29.97735,-90.02348,0.4,198.0,511.0,GOOD SHEPHERD,,WDE3016,31,12,22,8,,57,A
367332950,2022-01-06T20:47:32,29.96587,-90.02685,0.0,199.0,511.0,GOOD SHEPHERD,,WDE3016,31,12,22,8,,57,A
367332950,2022-01-06T20:15:13,29.97155,-90.02498,2.6,197.0,511.0,GOOD SHEPHERD,,WDE3016,31,12,22,8,,57,A
367332950,2022-01-06T20:17:33,29.97020,-90.02540,2.0,193.0,511.0,GOOD SHEPHERD,,WDE3016,31,12,22,8,,57,A
367332950,2022-01-06T20:18:42,29.96962,-90.02553,1.9,192.0,511.0,GOOD SHEPHERD,,WDE3016,31,12,22,8,,57,A
367332950,2022-01-06T20:19:53,29.96910,-90.02570,1.0,212.0,511.0,GOOD SHEPHERD,,WDE3016,31,12,22,8,,57,A
367332950,2022-01-06T20:28:01,29.96603,-90.02677,0.7,195.0,511.0,GOOD SHEPHERD,,WDE3016,31,12,22,8,,57,A
367332950,2022-01-06T20:22:13,29.96797,-90.02613,1.8,199.0,511.0,GOOD SHEPHERD,,WDE3016,31,12,22,8,,57,A
367332950,2022-01-06T21:01:53,29.95743,-90.02750,3.6,161.0,511.0,GOOD SHEPHERD,,WDE3016,31,12,22,8,,57,A
367332950,2022-01-06T20:24:32,29.96697,-90.02648,1.4,195.0,511.0,GOOD SHEPHERD,,WDE3016,31,12,22,8,,57,A
367332950,2022-01-06T20:25:42,29.96657,-90.02658,1.1,196.0,511.0,GOOD SHEPHERD,,WDE3016,31,12,22,8,,57,A
367332950,2022-01-06T16:13:12,29.99633,-90.00908,0.0,132.0,511.0,GOOD SHEPHERD,,WDE3016,31,12,22,8,,57,A
367332950,2022-01-06T16:15:31,29.99632,-90.00907,0.0,132.0,511.0,GOOD SHEPHERD,,WDE3016,31,12,22,8,,57,A
367332950,2022-01-06T21:04:13,29.95555,-90.02737,2.3,206.0,511.0,GOOD SHEPHERD,,WDE3016,31,12,22,8,,57,A
367332950,2022-01-06T16:17:51,29.99632,-90.00907,0.0,132.0,511.0,GOOD SHEPHERD,,WDE3016,31,12,22,8,,57,A
367332950,2022-01-06T20:41:42,29.96587,-90.02683,0.0,226.0,511.0,GOOD SHEPHERD,,WDE3016,31,12,22,8,,57,A
367332950,2022-01-06T16:43:23,29.99627,-90.00902,0.0,132.0,511.0,GOOD SHEPHERD,,WDE3016,31,12,22,8,,57,A
367332950,2022-01-06T19:46:11,29.97678,-90.02343,0.6,195.0,511.0,GOOD SHEPHERD,,WDE3016,31,12,22,8,,57,A
367332950,2022-01-06T20:34:23,29.96587,-90.02682,0.0,180.0,511.0,GOOD SHEPHERD,,WDE3016,31,12,22,8,,57,A
367332950,2022-01-06T20:35:43,29.96587,-90.02682,0.0,180.0,511.0,GOOD SHEPHERD,,WDE3016,31,12,22,8,,57,A
367332950,2022-01-06T21:12:23,29.95465,-90.03312,3.1,245.0,511.0,GOOD SHEPHERD,,WDE3016,31,12,22,8,,57,A
367332950,2022-01-06T20:40:32,29.96587,-90.02687,0.0,226.0,511.0,GOOD SHEPHERD,,WDE3016,31,12,22,8,,57,A
367332950,2022-01-06T21:15:51,29.95487,-90.03612,2.9,282.0,511.0,GOOD SHEPHERD,,WDE3016,31,12,22,8,,57,A
367332950,2022-01-06T16:50:33,29.99630,-90.00907,0.0,132.0,511.0,GOOD SHEPHERD,,WDE3016,31,12,22,8,,57,A
367332950,2022-01-06T16:23:42,29.99628,-90.00903,0.0,132.0,511.0,GOOD SHEPHERD,,WDE3016,31,12,22,8,,57,A
367332950,2022-01-06T21:19:23,29.95575,-90.03937,3.1,278.0,511.0,GOOD SHEPHERD,,WDE3016,31,12,22,8,,57,A
367332950,2022-01-06T16:55:11,29.99623,-90.00897,0.1,134.0,511.0,GOOD SHEPHERD,,WDE3016,31,12,22,8,,57,A
367332950,2022-01-06T20:51:03,29.96533,-90.02703,1.5,199.0,511.0,GOOD SHEPHERD,,WDE3016,31,12,22,8,,57,A
367332950,2022-01-06T20:52:13,29.96483,-90.02718,1.7,196.0,511.0,GOOD SHEPHERD,,WDE3016,31,12,22,8,,57,A
367332950,2022-01-06T20:54:31,29.96360,-90.02762,2.1,199.0,511.0,GOOD SHEPHERD,,WDE3016,31,12,22,8,,57,A
367332950,2022-01-06T20:55:41,29.96287,-90.02787,2.3,195.0,511.0,GOOD SHEPHERD,,WDE3016,31,12,22,8,,57,A
367332950,2022-01-06T21:36:52,29.95545,-90.05660,2.6,192.0,511.0,GOOD SHEPHERD,,WDE3016,31,12,22,8,,57,A
367332950,2022-01-06T21:30:52,29.95732,-90.05105,4.3,270.0,511.0,GOOD SHEPHERD,,WDE3016,31,12,22,8,,57,A
367332950,2022-01-06T17:08:53,29.99652,-90.00945,0.1,293.0,511.0,GOOD SHEPHERD,,WDE3016,31,12,22,8,,57,A
367332950,2022-01-06T20:08:22,29.97702,-90.02353,0.8,225.0,511.0,GOOD SHEPHERD,,WDE3016,31,12,22,8,,57,A
367332950,2022-01-06T21:06:32,29.95552,-90.02868,2.3,274.0,511.0,GOOD SHEPHERD,,WDE3016,31,12,22,8,,57,A
367332950,2022-01-06T20:11:52,29.97457,-90.02405,3.4,193.0,511.0,GOOD SHEPHERD,,WDE3016,31,12,22,8,,57,A
367332950,2022-01-06T16:38:42,29.99625,-90.00900,0.0,132.0,511.0,GOOD SHEPHERD,,WDE3016,31,12,22,8,,57,A
367332950,2022-01-06T21:05:23,29.95542,-90.02787,1.8,264.0,511.0,GOOD SHEPHERD,,WDE3016,31,12,22,8,,57,A
367332950,2022-01-06T21:41:32,29.95235,-90.05718,2.3,177.0,511.0,GOOD SHEPHERD,,WDE3016,31,12,22,8,,57,A
367332950,2022-01-06T21:49:33,29.94687,-90.05802,2.8,219.0,511.0,GOOD SHEPHERD,,WDE3016,31,12,22,8,,57,A
367332950,2022-01-06T21:54:23,29.94305,-90.05987,3.1,187.0,511.0,GOOD SHEPHERD,,WDE3016,31,12,22,8,,57,A
367332950,2022-01-06T21:13:32,29.95460,-90.03407,2.6,275.0,511.0,GOOD SHEPHERD,,WDE3016,31,12,22,8,,57,A
367332950,2022-01-06T21:20:33,29.95603,-90.04047,3.1,286.0,511.0,GOOD SHEPHERD,,WDE3016,31,12,22,8,,57,A
367332950,2022-01-06T17:25:42,29.99628,-90.00905,0.1,131.0,511.0,GOOD SHEPHERD,,WDE3016,31,12,22,8,,57,A
367332950,2022-01-06T21:17:01,29.95517,-90.03717,3.0,282.0,511.0,GOOD SHEPHERD,,WDE3016,31,12,22,8,,57,A
367332950,2022-01-06T21:27:23,29.95740,-90.04687,3.3,268.0,511.0,GOOD SHEPHERD,,WDE3016,31,12,22,8,,57,A
367332950,2022-01-06T21:23:01,29.95683,-90.04275,3.0,291.0,511.0,GOOD SHEPHERD,,WDE3016,31,12,22,8,,57,A
367332950,2022-01-06T17:36:52,29.99650,-90.00938,0.2,295.0,511.0,GOOD SHEPHERD,,WDE3016,31,12,22,8,,57,A
367332950,2022-01-06T21:38:02,29.95463,-90.05690,2.5,190.0,511.0,GOOD SHEPHERD,,WDE3016,31,12,22,8,,57,A
367332950,2022-01-06T20:38:13,29.96587,-90.02685,0.0,232.0,511.0,GOOD SHEPHERD,,WDE3016,31,12,22,8,,57,A
367332950,2022-01-06T16:57:32,29.99618,-90.00890,0.1,139.0,511.0,GOOD SHEPHERD,,WDE3016,31,12,22,8,,57,A
367332950,2022-01-06T22:11:42,29.92997,-90.06163,2.7,213.0,511.0,GOOD SHEPHERD,,WDE3016,31,12,22,8,,57,A
367332950,2022-01-06T22:12:51,29.92922,-90.06213,2.7,207.0,511.0,GOOD SHEPHERD,,WDE3016,31,12,22,8,,57,A
367332950,2022-01-06T21:39:13,29.95387,-90.05712,2.4,188.0,511.0,GOOD SHEPHERD,,WDE3016,31,12,22,8,,57,A
367332950,2022-01-06T20:44:03,29.96585,-90.02687,0.1,15.0,511.0,GOOD SHEPHERD,,WDE3016,31,12,22,8,,57,A
367332950,2022-01-06T21:33:13,29.95725,-90.05423,4.1,268.0,511.0,GOOD SHEPHERD,,WDE3016,31,12,22,8,,57,A
367332950,2022-01-06T22:16:21,29.92707,-90.06377,2.6,220.0,511.0,GOOD SHEPHERD,,WDE3016,31,12,22,8,,57,A
367332950,2022-01-06T22:17:32,29.92640,-90.06438,2.7,218.0,511.0,GOOD SHEPHERD,,WDE3016,31,12,22,8,,57,A
367332950,2022-01-06T17:05:31,29.99643,-90.00927,0.2,302.0,511.0,GOOD SHEPHERD,,WDE3016,31,12,22,8,,57,A
367332950,2022-01-06T22:22:13,29.92395,-90.06703,2.4,233.0,511.0,GOOD SHEPHERD,,WDE3016,31,12,22,8,,57,A
367332950,2022-01-06T20:48:43,29.96585,-90.02683,0.1,199.0,511.0,GOOD SHEPHERD,,WDE3016,31,12,22,8,,57,A
367332950,2022-01-06T21:45:02,29.94985,-90.05687,2.6,175.0,511.0,GOOD SHEPHERD,,WDE3016,31,12,22,8,,57,A
367332950,2022-01-06T20:49:53,29.96570,-90.02690,0.8,191.0,511.0,GOOD SHEPHERD,,WDE3016,31,12,22,8,,57,A
367332950,2022-01-06T21:40:23,29.95308,-90.05717,2.4,179.0,511.0,GOOD SHEPHERD,,WDE3016,31,12,22,8,,57,A
367332950,2022-01-06T21:46:12,29.94903,-90.05690,2.5,179.0,511.0,GOOD SHEPHERD,,WDE3016,31,12,22,8,,57,A
367332950,2022-01-06T20:53:22,29.96427,-90.02737,1.9,195.0,511.0,GOOD SHEPHERD,,WDE3016,31,12,22,8,,57,A
367332950,2022-01-06T17:59:32,29.99652,-90.00947,0.1,108.0,511.0,GOOD SHEPHERD,,WDE3016,31,12,22,8,,57,A
367332950,2022-01-06T21:56:43,29.94112,-90.06002,3.0,180.0,511.0,GOOD SHEPHERD,,WDE3016,31,12,22,8,,57,A
367332950,2022-01-06T21:48:23,29.94757,-90.05745,2.6,209.0,511.0,GOOD SHEPHERD,,WDE3016,31,12,22,8,,57,A
367332950,2022-01-06T17:11:12,29.99653,-90.00945,0.0,297.0,511.0,GOOD SHEPHERD,,WDE3016,31,12,22,8,,57,A
367332950,2022-01-06T21:53:02,29.94423,-90.05970,3.2,191.0,511.0,GOOD SHEPHERD,,WDE3016,31,12,22,8,,57,A
367332950,2022-01-06T18:06:13,29.99640,-90.00917,0.1,315.0,511.0,GOOD SHEPHERD,,WDE3016,31,12,22,8,,57,A
367332950,2022-01-06T21:59:03,29.93922,-90.05987,2.9,175.0,511.0,GOOD SHEPHERD,,WDE3016,31,12,22,8,,57,A
367332950,2022-01-06T18:07:23,29.99642,-90.00917,0.1,307.0,511.0,GOOD SHEPHERD,,WDE3016,31,12,22,8,,57,A
367332950,2022-01-06T22:24:23,29.92318,-90.06843,2.3,238.0,511.0,GOOD SHEPHERD,,WDE3016,31,12,22,8,,57,A
367332950,2022-01-06T22:03:33,29.93562,-90.05962,2.8,180.0,511.0,GOOD SHEPHERD,,WDE3016,31,12,22,8,,57,A
367332950,2022-01-06T22:00:02,29.93838,-90.05978,2.4,174.0,511.0,GOOD SHEPHERD,,WDE3016,31,12,22,8,,57,A
367332950,2022-01-06T22:37:02,29.91867,-90.07695,2.5,246.0,511.0,GOOD SHEPHERD,,WDE3016,31,12,22,8,,57,A
367332950,2022-01-06T22:01:13,29.93742,-90.05967,2.9,181.0,511.0,GOOD SHEPHERD,,WDE3016,31,12,22,8,,57,A
367332950,2022-01-06T21:11:13,29.95517,-90.03205,3.3,231.0,511.0,GOOD SHEPHERD,,WDE3016,31,12,22,8,,57,A
367332950,2022-01-06T18:13:23,29.99645,-90.00925,0.0,306.0,511.0,GOOD SHEPHERD,,WDE3016,31,12,22,8,,57,A
367332950,2022-01-06T22:07:02,29.93298,-90.05997,2.6,199.0,511.0,GOOD SHEPHERD,,WDE3016,31,12,22,8,,57,A
367332950,2022-01-06T18:14:32,29.99645,-90.00925,0.0,306.0,511.0,GOOD SHEPHERD,,WDE3016,31,12,22,8,,57,A
367332950,2022-01-06T17:21:52,29.99638,-90.00915,0.0,308.0,511.0,GOOD SHEPHERD,,WDE3016,31,12,22,8,,57,A
367332950,2022-01-06T21:14:33,29.95468,-90.03490,2.7,282.0,511.0,GOOD SHEPHERD,,WDE3016,31,12,22,8,,57,A
367332950,2022-01-06T22:41:42,29.91750,-90.08037,2.5,251.0,511.0,GOOD SHEPHERD,,WDE3016,31,12,22,8,,57,A
367332950,2022-01-06T22:42:52,29.91720,-90.08125,2.4,249.0,511.0,GOOD SHEPHERD,,WDE3016,31,12,22,8,,57,A
367332950,2022-01-06T21:18:12,29.95552,-90.03825,3.0,286.0,511.0,GOOD SHEPHERD,,WDE3016,31,12,22,8,,57,A
367332950,2022-01-06T18:21:23,29.99645,-90.00930,0.2,300.0,511.0,GOOD SHEPHERD,,WDE3016,31,12,22,8,,57,A
367332950,2022-01-06T22:53:23,29.91440,-90.08933,2.7,245.0,511.0,GOOD SHEPHERD,,WDE3016,31,12,22,8,,57,A
367332950,2022-01-06T22:09:22,29.93135,-90.06050,2.5,212.0,511.0,GOOD SHEPHERD,,WDE3016,31,12,22,8,,57,A
367332950,2022-01-06T21:21:53,29.95648,-90.04172,3.1,297.0,511.0,GOOD SHEPHERD,,WDE3016,31,12,22,8,,57,A
367332950,2022-01-06T17:29:03,29.99630,-90.00905,0.2,314.0,511.0,GOOD SHEPHERD,,WDE3016,31,12,22,8,,57,A
367332950,2022-01-06T21:25:13,29.95722,-90.04475,3.0,272.0,511.0,GOOD SHEPHERD,,WDE3016,31,12,22,8,,57,A
367332950,2022-01-06T22:26:43,29.92215,-90.06988,2.6,230.0,511.0,GOOD SHEPHERD,,WDE3016,31,12,22,8,,57,A
367332950,2022-01-06T22:27:52,29.92163,-90.07060,2.5,231.0,511.0,GOOD SHEPHERD,,WDE3016,31,12,22,8,,57,A
367332950,2022-01-06T22:19:51,29.92515,-90.06573,2.6,224.0,511.0,GOOD SHEPHERD,,WDE3016,31,12,22,8,,57,A
367332950,2022-01-06T22:21:01,29.92455,-90.06637,2.5,221.0,511.0,GOOD SHEPHERD,,WDE3016,31,12,22,8,,57,A
367332950,2022-01-06T22:57:03,29.91342,-90.09230,2.7,249.0,511.0,GOOD SHEPHERD,,WDE3016,31,12,22,8,,57,A
367332950,2022-01-06T22:31:23,29.92043,-90.07298,2.5,241.0,511.0,GOOD SHEPHERD,,WDE3016,31,12,22,8,,57,A
367332950,2022-01-06T17:34:32,29.99645,-90.00930,0.2,302.0,511.0,GOOD SHEPHERD,,WDE3016,31,12,22,8,,57,A
367332950,2022-01-06T23:02:03,29.91265,-90.09645,2.8,259.0,511.0,GOOD SHEPHERD,,WDE3016,31,12,22,8,,57,A
367332950,2022-01-06T22:29:02,29.92115,-90.07138,2.5,232.0,511.0,GOOD SHEPHERD,,WDE3016,31,12,22,8,,57,A
367332950,2022-01-06T21:35:33,29.95635,-90.05627,2.6,211.0,511.0,GOOD SHEPHERD,,WDE3016,31,12,22,8,,57,A
367332950,2022-01-06T23:05:52,29.91202,-90.09970,2.7,260.0,511.0,GOOD SHEPHERD,,WDE3016,31,12,22,8,,57,A
367332950,2022-01-06T22:32:32,29.91997,-90.07378,2.4,237.0,511.0,GOOD SHEPHERD,,WDE3016,31,12,22,8,,57,A
367332950,2022-01-06T18:39:53,29.99630,-90.00905,0.1,314.0,511.0,GOOD SHEPHERD,,WDE3016,31,12,22,8,,57,A
367332950,2022-01-06T23:09:52,29.91132,-90.10305,2.7,252.0,511.0,GOOD SHEPHERD,,WDE3016,31,12,22,8,,57,A
367332950,2022-01-06T18:43:12,29.99642,-90.00923,0.3,303.0,511.0,GOOD SHEPHERD,,WDE3016,31,12,22,8,,57,A
367332950,2022-01-06T22:46:33,29.91633,-90.08398,2.6,250.0,511.0,GOOD SHEPHERD,,WDE3016,31,12,22,8,,57,A
367332950,2022-01-06T21:42:43,29.95155,-90.05717,2.5,172.0,511.0,GOOD SHEPHERD,,WDE3016,31,12,22,8,,57,A
367332950,2022-01-06T22:50:01,29.91537,-90.08673,2.7,246.0,511.0,GOOD SHEPHERD,,WDE3016,31,12,22,8,,57,A
367332950,2022-01-06T22:45:12,29.91663,-90.08293,2.5,248.0,511.0,GOOD SHEPHERD,,WDE3016,31,12,22,8,,57,A
367332950,2022-01-06T22:47:42,29.91603,-90.08483,2.7,248.0,511.0,GOOD SHEPHERD,,WDE3016,31,12,22,8,,57,A
367332950,2022-01-06T22:48:52,29.91572,-90.08585,2.7,250.0,511.0,GOOD SHEPHERD,,WDE3016,31,12,22,8,,57,A
367332950,2022-01-06T21:51:52,29.94525,-90.05937,3.2,204.0,511.0,GOOD SHEPHERD,,WDE3016,31,12,22,8,,57,A
367332950,2022-01-06T18:51:11,29.99682,-90.00820,1.2,246.0,511.0,GOOD SHEPHERD,,WDE3016,31,12,22,8,,57,A
367332950,2022-01-06T23:22:32,29.91075,-90.11415,2.8,266.0,511.0,GOOD SHEPHERD,,WDE3016,31,12,22,8,,57,A
367332950,2022-01-06T18:53:32,29.99660,-90.00963,2.3,254.0,511.0,GOOD SHEPHERD,,WDE3016,31,12,22,8,,57,A
367332950,2022-01-06T22:55:43,29.91373,-90.09122,2.7,249.0,511.0,GOOD SHEPHERD,,WDE3016,31,12,22,8,,57,A
367332950,2022-01-06T18:54:42,29.99648,-90.01052,2.4,254.0,511.0,GOOD SHEPHERD,,WDE3016,31,12,22,8,,57,A
367332950,2022-01-06T22:59:22,29.91290,-90.09418,2.6,258.0,511.0,GOOD SHEPHERD,,WDE3016,31,12,22,8,,57,A
367332950,2022-01-06T23:00:51,29.91283,-90.09537,2.7,262.0,511.0,GOOD SHEPHERD,,WDE3016,31,12,22,8,,57,A
367332950,2022-01-06T22:54:33,29.91408,-90.09030,2.7,242.0,511.0,GOOD SHEPHERD,,WDE3016,31,12,22,8,,57,A
367332950,2022-01-06T23:45:03,29.91775,-90.13558,2.7,328.0,511.0,GOOD SHEPHERD,,WDE3016,31,12,22,8,,57,A
367332950,2022-01-06T23:03:13,29.91242,-90.09738,2.8,250.0,511.0,GOOD SHEPHERD,,WDE3016,31,12,22,8,,57,A
367332950,2022-01-06T22:58:12,29.91315,-90.09323,2.6,252.0,511.0,GOOD SHEPHERD,,WDE3016,31,12,22,8,,57,A
367332950,2022-01-06T22:02:22,29.93655,-90.05962,2.9,181.0,511.0,GOOD SHEPHERD,,WDE3016,31,12,22,8,,57,A
367332950,2022-01-06T23:07:13,29.91172,-90.10082,2.7,254.0,511.0,GOOD SHEPHERD,,WDE3016,31,12,22,8,,57,A
367332950,2022-01-06T23:08:32,29.91147,-90.10192,2.7,258.0,511.0,GOOD SHEPHERD,,WDE3016,31,12,22,8,,57,A
367332950,2022-01-06T22:05:52,29.93383,-90.05977,2.7,180.0,511.0,GOOD SHEPHERD,,WDE3016,31,12,22,8,,57,A
367332950,2022-01-06T23:39:02,29.91413,-90.13115,4.2,294.0,511.0,GOOD SHEPHERD,,WDE3016,31,12,22,8,,57,A
367332950,2022-01-06T22:08:12,29.93213,-90.06017,2.6,202.0,511.0,GOOD SHEPHERD,,WDE3016,31,12,22,8,,57,A
367332950,2022-01-06T23:04:43,29.91215,-90.09870,2.8,259.0,511.0,GOOD SHEPHERD,,WDE3016,31,12,22,8,,57,A
367332950,2022-01-06T22:10:32,29.93065,-90.06105,2.6,218.0,511.0,GOOD SHEPHERD,,WDE3016,31,12,22,8,,57,A
367332950,2022-01-06T23:15:52,29.91082,-90.10807,2.8,262.0,511.0,GOOD SHEPHERD,,WDE3016,31,12,22,8,,57,A
367332950,2022-01-06T23:42:41,29.91607,-90.13477,2.9,326.0,511.0,GOOD SHEPHERD,,WDE3016,31,12,22,8,,57,A
367332950,2022-01-06T18:03:42,29.99640,-90.00920,0.2,122.0,511.0,GOOD SHEPHERD,,WDE3016,31,12,22,8,,57,A
367332950,2022-01-06T23:46:12,29.91843,-90.13617,2.7,318.0,511.0,GOOD SHEPHERD,,WDE3016,31,12,22,8,,57,A
367332950,2022-01-06T23:47:22,29.91907,-90.13680,2.6,312.0,511.0,GOOD SHEPHERD,,WDE3016,31,12,22,8,,57,A
367332950,2022-01-06T23:11:03,29.91108,-90.10407,2.6,261.0,511.0,GOOD SHEPHERD,,WDE3016,31,12,22,8,,57,A
367332950,2022-01-06T19:17:23,29.97933,-90.02243,1.7,193.0,511.0,GOOD SHEPHERD,,WDE3016,31,12,22,8,,57,A
367332950,2022-01-06T23:20:22,29.91073,-90.11223,2.9,272.0,511.0,GOOD SHEPHERD,,WDE3016,31,12,22,8,,57,A
367332950,2022-01-06T22:15:12,29.92772,-90.06315,2.6,215.0,511.0,GOOD SHEPHERD,,WDE3016,31,12,22,8,,57,A
367332950,2022-01-06T23:23:33,29.91075,-90.11507,2.9,273.0,511.0,GOOD SHEPHERD,,WDE3016,31,12,22,8,,57,A
367332950,2022-01-06T23:17:03,29.91080,-90.10915,2.8,262.0,511.0,GOOD SHEPHERD,,WDE3016,31,12,22,8,,57,A
367332950,2022-01-06T23:24:52,29.91087,-90.11630,2.9,279.0,511.0,GOOD SHEPHERD,,WDE3016,31,12,22,8,,57,A
367332950,2022-01-06T23:27:13,29.91105,-90.11855,3.1,276.0,511.0,GOOD SHEPHERD,,WDE3016,31,12,22,8,,57,A
367332950,2022-01-06T23:57:53,29.92587,-90.14002,2.5,349.0,511.0,GOOD SHEPHERD,,WDE3016,31,12,22,8,,57,A
367332950,2022-01-06T23:21:23,29.91077,-90.11317,2.7,272.0,511.0,GOOD SHEPHERD,,WDE3016,31,12,22,8,,57,A
367332950,2022-01-06T23:30:51,29.91170,-90.12208,3.2,283.0,511.0,GOOD SHEPHERD,,WDE3016,31,12,22,8,,57,A
367332950,2022-01-06T22:23:22,29.92355,-90.06777,2.4,238.0,511.0,GOOD SHEPHERD,,WDE3016,31,12,22,8,,57,A
367332950,2022-01-06T19:25:22,29.97772,-90.02317,0.2,230.0,511.0,GOOD SHEPHERD,,WDE3016,31,12,22,8,,57,A
367332950,2022-01-06T19:27:43,29.97748,-90.02342,0.4,205.0,511.0,GOOD SHEPHERD,,WDE3016,31,12,22,8,,57,A
367332950,2022-01-06T23:26:03,29.91095,-90.11745,3.0,277.0,511.0,GOOD SHEPHERD,,WDE3016,31,12,22,8,,57,A
367332950,2022-01-06T23:28:23,29.91122,-90.11967,3.1,277.0,511.0,GOOD SHEPHERD,,WDE3016,31,12,22,8,,57,A
367332950,2022-01-06T22:30:13,29.92078,-90.07215,2.5,245.0,511.0,GOOD SHEPHERD,,WDE3016,31,12,22,8,,57,A
367332950,2022-01-06T23:38:01,29.91370,-90.12987,4.1,290.0,511.0,GOOD SHEPHERD,,WDE3016,31,12,22,8,,57,A
367332950,2022-01-06T22:33:41,29.91965,-90.07457,2.4,244.0,511.0,GOOD SHEPHERD,,WDE3016,31,12,22,8,,57,A
367332950,2022-01-06T22:35:52,29.91900,-90.07607,2.4,251.0,511.0,GOOD SHEPHERD,,WDE3016,31,12,22,8,,57,A
367332950,2022-01-06T18:28:31,29.99653,-90.00948,0.0,297.0,511.0,GOOD SHEPHERD,,WDE3016,31,12,22,8,,57,A
367332950,2022-01-06T23:36:53,29.91322,-90.12848,3.9,288.0,511.0,GOOD SHEPHERD,,WDE3016,31,12,22,8,,57,A
367332950,2022-01-06T19:35:52,29.97728,-90.02357,0.2,332.0,511.0,GOOD SHEPHERD,,WDE3016,31,12,22,8,,57,A
367332950,2022-01-06T23:40:03,29.91460,-90.13238,4.2,291.0,511.0,GOOD SHEPHERD,,WDE3016,31,12,22,8,,57,A
367332950,2022-01-06T23:41:22,29.91523,-90.13388,3.7,299.0,511.0,GOOD SHEPHERD,,WDE3016,31,12,22,8,,57,A
367332950,2022-01-06T18:35:01,29.99647,-90.00932,0.4,117.0,511.0,GOOD SHEPHERD,,WDE3016,31,12,22,8,,57,A
367332950,2022-01-06T23:49:42,29.92040,-90.13790,2.5,334.0,511.0,GOOD SHEPHERD,,WDE3016,31,12,22,8,,57,A
367332950,2022-01-06T23:54:22,29.92345,-90.13933,2.6,346.0,511.0,GOOD SHEPHERD,,WDE3016,31,12,22,8,,57,A
367332950,2022-01-06T23:48:32,29.91970,-90.13740,2.5,325.0,511.0,GOOD SHEPHERD,,WDE3016,31,12,22,8,,57,A
367332950,2022-01-06T23:56:43,29.92508,-90.13980,2.5,346.0,511.0,GOOD SHEPHERD,,WDE3016,31,12,22,8,,57,A
367332950,2022-01-06T23:55:33,29.92428,-90.13962,2.5,347.0,511.0,GOOD SHEPHERD,,WDE3016,31,12,22,8,,57,A
367332950,2022-01-06T19:53:02,29.97668,-90.02355,0.1,299.0,511.0,GOOD SHEPHERD,,WDE3016,31,12,22,8,,57,A
367332950,2022-01-06T20:02:22,29.97670,-90.02357,0.0,115.0,511.0,GOOD SHEPHERD,,WDE3016,31,12,22,8,,57,A
367332950,2022-01-06T19:09:12,29.98745,-90.01972,4.2,198.0,511.0,GOOD SHEPHERD,,WDE3016,31,12,22,8,,57,A
367332950,2022-01-06T23:18:11,29.91072,-90.11018,2.8,268.0,511.0,GOOD SHEPHERD,,WDE3016,31,12,22,8,,57,A
367332950,2022-01-06T19:11:32,29.98480,-90.02068,4.2,198.0,511.0,GOOD SHEPHERD,,WDE3016,31,12,22,8,,57,A
367332950,2022-01-06T23:19:21,29.91070,-90.11128,3.0,270.0,511.0,GOOD SHEPHERD,,WDE3016,31,12,22,8,,57,A
367332950,2022-01-06T19:12:42,29.98350,-90.02110,4.2,197.0,511.0,GOOD SHEPHERD,,WDE3016,31,12,22,8,,57,A
367332950,2022-01-06T23:29:32,29.91145,-90.12075,3.1,282.0,511.0,GOOD SHEPHERD,,WDE3016,31,12,22,8,,57,A
367332950,2022-01-06T20:21:03,29.96852,-90.02588,1.7,194.0,511.0,GOOD SHEPHERD,,WDE3016,31,12,22,8,,57,A
367332950,2022-01-06T19:26:33,29.97760,-90.02328,0.7,229.0,511.0,GOOD SHEPHERD,,WDE3016,31,12,22,8,,57,A
367332950,2022-01-06T19:30:01,29.97725,-90.02350,0.2,211.0,511.0,GOOD SHEPHERD,,WDE3016,31,12,22,8,,57,A
367332950,2022-01-06T20:30:53,29.96590,-90.02683,0.0,210.0,511.0,GOOD SHEPHERD,,WDE3016,31,12,22,8,,57,A
367332950,2022-01-06T23:50:53,29.92113,-90.13833,2.5,333.0,511.0,GOOD SHEPHERD,,WDE3016,31,12,22,8,,57,A
367332950,2022-01-06T19:37:03,29.97732,-90.02358,0.0,338.0,511.0,GOOD SHEPHERD,,WDE3016,31,12,22,8,,57,A
367332950,2022-01-06T20:42:51,29.96585,-90.02687,0.0,226.0,511.0,GOOD SHEPHERD,,WDE3016,31,12,22,8,,57,A
367332950,2022-01-06T19:49:42,29.97660,-90.02338,0.1,126.0,511.0,GOOD SHEPHERD,,WDE3016,31,12,22,8,,57,A
367332950,2022-01-06T20:56:42,29.96223,-90.02805,2.5,192.0,511.0,GOOD SHEPHERD,,WDE3016,31,12,22,8,,57,A
367332950,2022-01-06T20:57:53,29.96125,-90.02838,3.5,193.0,511.0,GOOD SHEPHERD,,WDE3016,31,12,22,8,,57,A
367332950,2022-01-06T20:59:02,29.96000,-90.02853,4.0,174.0,511.0,GOOD SHEPHERD,,WDE3016,31,12,22,8,,57,A
367332950,2022-01-06T21:07:42,29.95575,-90.02945,2.2,299.0,511.0,GOOD SHEPHERD,,WDE3016,31,12,22,8,,57,A
367332950,2022-01-06T21:08:53,29.95605,-90.03025,2.4,273.0,511.0,GOOD SHEPHERD,,WDE3016,31,12,22,8,,57,A
367332950,2022-01-06T21:10:02,29.95570,-90.03108,2.9,232.0,511.0,GOOD SHEPHERD,,WDE3016,31,12,22,8,,57,A
367332950,2022-01-06T20:16:22,29.97085,-90.02520,2.1,195.0,511.0,GOOD SHEPHERD,,WDE3016,31,12,22,8,,57,A
367332950,2022-01-06T20:23:22,29.96743,-90.02630,1.7,194.0,511.0,GOOD SHEPHERD,,WDE3016,31,12,22,8,,57,A
367332950,2022-01-06T21:24:03,29.95710,-90.04367,2.9,281.0,511.0,GOOD SHEPHERD,,WDE3016,31,12,22,8,,57,A
367332950,2022-01-06T21:26:22,29.95742,-90.04582,3.0,274.0,511.0,GOOD SHEPHERD,,WDE3016,31,12,22,8,,57,A
367332950,2022-01-06T20:37:02,29.96588,-90.02685,0.0,232.0,511.0,GOOD SHEPHERD,,WDE3016,31,12,22,8,,57,A
367332950,2022-01-06T21:32:02,29.95732,-90.05268,4.3,268.0,511.0,GOOD SHEPHERD,,WDE3016,31,12,22,8,,57,A
367332950,2022-01-06T21:34:23,29.95697,-90.05557,3.4,251.0,511.0,GOOD SHEPHERD,,WDE3016,31,12,22,8,,57,A
367332950,2022-01-06T20:46:23,29.96588,-90.02685,0.0,12.0,511.0,GOOD SHEPHERD,,WDE3016,31,12,22,8,,57,A
367332950,2022-01-06T21:43:52,29.95070,-90.05702,2.7,169.0,511.0,GOOD SHEPHERD,,WDE3016,31,12,22,8,,57,A
367332950,2022-01-06T21:47:22,29.94822,-90.05710,2.6,194.0,511.0,GOOD SHEPHERD,,WDE3016,31,12,22,8,,57,A
367332950,2022-01-06T21:03:02,29.95645,-90.02730,2.7,169.0,511.0,GOOD SHEPHERD,,WDE3016,31,12,22,8,,57,A
367332950,2022-01-06T21:57:52,29.94017,-90.05995,2.9,172.0,511.0,GOOD SHEPHERD,,WDE3016,31,12,22,8,,57,A
367332950,2022-01-06T21:28:32,29.95740,-90.04818,3.5,268.0,511.0,GOOD SHEPHERD,,WDE3016,31,12,22,8,,57,A
367332950,2022-01-06T21:29:42,29.95730,-90.04952,3.8,267.0,511.0,GOOD SHEPHERD,,WDE3016,31,12,22,8,,57,A
367332950,2022-01-06T22:18:42,29.92578,-90.06508,2.7,228.0,511.0,GOOD SHEPHERD,,WDE3016,31,12,22,8,,57,A
367332950,2022-01-06T21:50:42,29.94610,-90.05873,3.0,215.0,511.0,GOOD SHEPHERD,,WDE3016,31,12,22,8,,57,A
367332950,2022-01-06T21:55:33,29.94205,-90.05998,3.0,186.0,511.0,GOOD SHEPHERD,,WDE3016,31,12,22,8,,57,A
367332950,2022-01-06T22:38:12,29.91835,-90.07778,2.5,245.0,511.0,GOOD SHEPHERD,,WDE3016,31,12,22,8,,57,A
367332950,2022-01-06T22:39:21,29.91805,-90.07863,2.5,246.0,511.0,GOOD SHEPHERD,,WDE3016,31,12,22,8,,57,A
367332950,2022-01-06T22:40:32,29.91775,-90.07952,2.5,247.0,511.0,GOOD SHEPHERD,,WDE3016,31,12,22,8,,57,A
367332950,2022-01-06T22:04:43,29.93470,-90.05967,2.7,186.0,511.0,GOOD SHEPHERD,,WDE3016,31,12,22,8,,57,A
367332950,2022-01-06T22:14:03,29.92843,-90.06263,2.7,204.0,511.0,GOOD SHEPHERD,,WDE3016,31,12,22,8,,57,A
367332950,2022-01-06T22:51:02,29.91505,-90.08753,2.7,245.0,511.0,GOOD SHEPHERD,,WDE3016,31,12,22,8,,57,A
367332950,2022-01-06T22:25:32,29.92268,-90.06917,2.5,232.0,511.0,GOOD SHEPHERD,,WDE3016,31,12,22,8,,57,A
367332950,2022-01-06T22:34:42,29.91933,-90.07528,2.5,240.0,511.0,GOOD SHEPHERD,,WDE3016,31,12,22,8,,57,A
367332950,2022-01-06T23:12:12,29.91103,-90.10502,2.6,270.0,511.0,GOOD SHEPHERD,,WDE3016,31,12,22,8,,57,A
367332950,2022-01-06T22:44:02,29.91693,-90.08210,2.4,249.0,511.0,GOOD SHEPHERD,,WDE3016,31,12,22,8,,57,A
367332950,2022-01-06T22:52:13,29.91475,-90.08843,2.7,249.0,511.0,GOOD SHEPHERD,,WDE3016,31,12,22,8,,57,A
367332950,2022-01-06T23:32:01,29.91197,-90.12325,3.4,285.0,511.0,GOOD SHEPHERD,,WDE3016,31,12,22,8,,57,A
367332950,2022-01-06T23:34:12,29.91238,-90.12557,3.3,285.0,511.0,GOOD SHEPHERD,,WDE3016,31,12,22,8,,57,A
367332950,2022-01-06T23:35:32,29.91275,-90.12698,3.5,287.0,511.0,GOOD SHEPHERD,,WDE3016,31,12,22,8,,57,A
367332950,2022-01-06T23:13:32,29.91105,-90.10612,2.5,261.0,511.0,GOOD SHEPHERD,,WDE3016,31,12,22,8,,57,A
367332950,2022-01-06T23:14:42,29.91098,-90.10703,2.8,261.0,511.0,GOOD SHEPHERD,,WDE3016,31,12,22,8,,57,A
367332950,2022-01-06T23:43:52,29.91692,-90.13520,2.8,342.0,511.0,GOOD SHEPHERD,,WDE3016,31,12,22,8,,57,A
367332950,2022-01-06T23:52:02,29.92187,-90.13870,2.5,337.0,511.0,GOOD SHEPHERD,,WDE3016,31,12,22,8,,57,A
367332950,2022-01-06T23:33:02,29.91217,-90.12435,3.3,283.0,511.0,GOOD SHEPHERD,,WDE3016,31,12,22,8,,57,A
367332950,2022-01-06T23:53:12,29.92267,-90.13905,2.6,340.0,511.0,GOOD SHEPHERD,,WDE3016,31,12,22,8,,57,A
367332950,2022-01-06T23:59:02,29.92668,-90.14012,2.6,353.0,511.0,GOOD SHEPHERD,,WDE3016,31,12,22,8,,57,A
