367492940,2022-01-01T00:01:18,47.26270,-122.35948,0.1,217.9,511.0,FELLOWSHIP,IMO0000000,WDF8248,37,,25,7,,,B
367492940,2022-01-01T00:04:18,47.26271,-122.35944,0.0,217.0,511.0,FELLOWSHIP,IMO0000000,WDF8248,37,,25,7,,,B
367492940,2022-01-01T00:10:19,47.26274,-122.35942,0.1,217.0,511.0,FELLOWSHIP,IMO0000000,WDF8248,37,,25,7,,,B
367492940,2022-01-01T00:07:19,47.26271,-122.35944,0.1,217.0,511.0,FELLOWSHIP,IMO0000000,WDF8248,37,,25,7,,,B
367492940,2022-01-01T00:16:19,47.26273,-122.35943,0.4,321.3,511.0,FELLOWSHIP,IMO0000000,WDF8248,37,,25,7,,,B
367492940,2022-01-01T00:13:18,47.26270,-122.35944,0.7,217.0,511.0,FELLOWSHIP,IMO0000000,WDF8248,37,,25,7,,,B
367492940,2022-01-01T00:19:18,47.26270,-122.35948,0.2,321.3,511.0,FELLOWSHIP,IMO0000000,WDF8248,37,,25,7,,,B
367492940,2022-01-01T00:22:18,47.26278,-122.35925,0.1,321.3,511.0,FELLOWSHIP,IMO0000000,WDF8248,37,,25,7,,,B
367492940,2022-01-01T00:25:18,47.26276,-122.35940,1.2,321.3,511.0,FELLOWSHIP,IMO0000000,WDF8248,37,,25,7,,,B
367492940,2022-01-01T00:34:19,47.26271,-122.35942,0.2,321.3,511.0,FELLOWSHIP,IMO0000000,WDF8248,37,,25,7,,,B
367492940,2022-01-01T00:37:19,47.26275,-122.35946,0.0,321.3,511.0,FELLOWSHIP,IMO0000000,WDF8248,37,,25,7,,,B
367492940,2022-01-01T00:40:19,47.26275,-122.35948,0.2,321.3,511.0,FELLOWSHIP,IMO0000000,WDF8248,37,,25,7,,,B
367492940,2022-01-01T00:43:19,47.26271,-122.35945,0.2,321.3,511.0,FELLOWSHIP,IMO0000000,WDF8248,37,,25,7,,,B
367492940,2022-01-01T00:46:19,47.26273,-122.35944,0.1,321.3,511.0,FELLOWSHIP,IMO0000000,WDF8248,37,,25,7,,,B
367492940,2022-01-01T00:49:18,47.26270,-122.35945,0.1,321.3,511.0,FELLOWSHIP,IMO0000000,WDF8248,37,,25,7,,,B
367492940,2022-01-01T00:55:18,47.26272,-122.35943,0.4,321.3,511.0,FELLOWSHIP,IMO0000000,WDF8248,37,,25,7,,,B
367492940,2022-01-01T00:52:19,47.26273,-122.35944,0.1,321.3,511.0,FELLOWSHIP,IMO0000000,WDF8248,37,,25,7,,,B
367492940,2022-01-01T01:01:19,47.26266,-122.35948,0.1,321.3,511.0,FELLOWSHIP,IMO0000000,WDF8248,37,,25,7,,,B
367492940,2022-01-01T01:04:20,47.26273,-122.35946,0.2,321.3,511.0,FELLOWSHIP,IMO0000000,WDF8248,37,,25,7,,,B
367492940,2022-01-01T01:10:19,47.26272,-122.35945,0.3,321.3,511.0,FELLOWSHIP,IMO0000000,WDF8248,37,,25,7,,,B
367492940,2022-01-01T01:13:20,47.26270,-122.35945,0.1,321.3,511.0,FELLOWSHIP,IMO0000000,WDF8248,37,,25,7,,,B
367492940,2022-01-01T01:22:18,47.26264,-122.35953,0.3,321.3,511.0,FELLOWSHIP,IMO0000000,WDF8248,37,,25,7,,,B
367492940,2022-01-01T01:19:19,47.26272,-122.35946,0.2,321.3,511.0,FELLOWSHIP,IMO0000000,WDF8248,37,,25,7,,,B
367492940,2022-01-01T01:28:18,47.26271,-122.35944,0.1,321.3,511.0,FELLOWSHIP,IMO0000000,WDF8248,37,,25,7,,,B
367492940,2022-01-01T00:58:19,47.26269,-122.35948,0.2,321.3,511.0,FELLOWSHIP,IMO0000000,WDF8248,37,,25,7,,,B
367492940,2022-01-01T01:49:18,47.26270,-122.35948,0.1,321.3,511.0,FELLOWSHIP,IMO0000000,WDF8248,37,,25,7,,,B
367492940,2022-01-01T01:46:19,47.26271,-122.35943,0.3,321.3,511.0,FELLOWSHIP,IMO0000000,WDF8248,37,,25,7,,,B
367492940,2022-01-01T01:52:18,47.26271,-122.35946,0.1,321.3,511.0,FELLOWSHIP,IMO0000000,WDF8248,37,,25,7,,,B
367492940,2022-01-01T01:55:18,47.26272,-122.35946,0.1,321.3,511.0,FELLOWSHIP,IMO0000000,WDF8248,37,,25,7,,,B
367492940,2022-01-01T02:01:21,47.26271,-122.35951,0.4,321.3,511.0,FELLOWSHIP,IMO0000000,WDF8248,37,,25,7,,,B
367492940,2022-01-01T01:58:19,47.26271,-122.35947,0.1,321.3,511.0,FELLOWSHIP,IMO0000000,WDF8248,37,,25,7,,,B
367492940,2022-01-01T02:04:18,47.26269,-122.35951,0.3,321.3,511.0,FELLOWSHIP,IMO0000000,WDF8248,37,,25,7,,,B
367492940,2022-01-01T02:10:19,47.26272,-122.35943,0.2,321.3,511.0,FELLOWSHIP,IMO0000000,WDF8248,37,,25,7,,,B
367492940,2022-01-01T02:16:18,47.26270,-122.35947,0.5,321.3,511.0,FELLOWSHIP,IMO0000000,WDF8248,37,,25,7,,,B
367492940,2022-01-01T02:13:18,47.26272,-122.35944,0.1,321.3,511.0,FELLOWSHIP,IMO0000000,WDF8248,37,,25,7,,,B
367492940,2022-01-01T02:22:18,47.26276,-122.35949,0.3,353.9,511.0,FELLOWSHIP,IMO0000000,WDF8248,37,,25,7,,,B
367492940,2022-01-01T02:28:19,47.26269,-122.35944,0.1,353.9,511.0,FELLOWSHIP,IMO0000000,WDF8248,37,,25,7,,,B
367492940,2022-01-01T02:37:18,47.26271,-122.35946,0.2,353.9,511.0,FELLOWSHIP,IMO0000000,WDF8248,37,,25,7,,,B
367492940,2022-01-01T02:49:19,47.26267,-122.35948,0.1,353.9,511.0,FELLOWSHIP,IMO0000000,WDF8248,37,,25,7,,,B
367492940,2022-01-01T02:34:19,47.26271,-122.35942,0.3,353.9,511.0,FELLOWSHIP,IMO0000000,WDF8248,37,,25,7,,,B
367492940,2022-01-01T02:52:19,47.26270,-122.35946,0.0,353.9,511.0,FELLOWSHIP,IMO0000000,WDF8248,37,,25,7,,,B
367492940,2022-01-01T02:40:22,47.26270,-122.35946,0.2,353.9,511.0,FELLOWSHIP,IMO0000000,WDF8248,37,,25,7,,,B
367492940,2022-01-01T03:04:19,47.26287,-122.35939,1.8,14.4,511.0,FELLOWSHIP,IMO0000000,WDF8248,37,,25,7,,,B
367492940,2022-01-01T02:55:19,47.26270,-122.35946,0.1,353.9,511.0,FELLOWSHIP,IMO0000000,WDF8248,37,,25,7,,,B
367492940,2022-01-01T02:58:18,47.26273,-122.35946,0.1,353.9,511.0,FELLOWSHIP,IMO0000000,WDF8248,37,,25,7,,,B
367492940,2022-01-01T03:10:49,47.26270,-122.35944,0.1,12.5,511.0,FELLOWSHIP,IMO0000000,WDF8248,37,,25,7,,,B
367492940,2022-01-01T03:19:48,47.26268,-122.35951,0.2,12.5,511.0,FELLOWSHIP,IMO0000000,WDF8248,37,,25,7,,,B
367492940,2022-01-01T01:40:20,47.26272,-122.35945,0.1,321.3,511.0,FELLOWSHIP,IMO0000000,WDF8248,37,,25,7,,,B
367492940,2022-01-01T03:07:18,47.26267,-122.35948,0.4,12.5,511.0,FELLOWSHIP,IMO0000000,WDF8248,37,,25,7,,,B
367492940,2022-01-01T03:05:49,47.26268,-122.35947,0.5,12.5,511.0,FELLOWSHIP,IMO0000000,WDF8248,37,,25,7,,,B
367492940,2022-01-01T03:16:49,47.26269,-122.35947,0.0,12.5,511.0,FELLOWSHIP,IMO0000000,WDF8248,37,,25,7,,,B
367492940,2022-01-01T10:47:49,47.26273,-122.35942,0.2,12.5,511.0,FELLOWSHIP,IMO0000000,WDF8248,37,,25,7,,,B
367492940,2022-01-01T04:04:48,47.26268,-122.35947,0.2,12.5,511.0,FELLOWSHIP,IMO0000000,WDF8248,37,,25,7,,,B
367492940,2022-01-01T04:16:50,47.26270,-122.35945,0.1,12.5,511.0,FELLOWSHIP,IMO0000000,WDF8248,37,,25,7,,,B
367492940,2022-01-01T04:07:49,47.26270,-122.35945,0.1,12.5,511.0,FELLOWSHIP,IMO0000000,WDF8248,37,,25,7,,,B
367492940,2022-01-01T04:10:48,47.26271,-122.35945,0.2,12.5,511.0,FELLOWSHIP,IMO0000000,WDF8248,37,,25,7,,,B
367492940,2022-01-01T04:22:48,47.26272,-122.35944,0.5,12.5,511.0,FELLOWSHIP,IMO0000000,WDF8248,37,,25,7,,,B
367492940,2022-01-01T04:01:48,47.26271,-122.35948,0.1,12.5,511.0,FELLOWSHIP,IMO0000000,WDF8248,37,,25,7,,,B
367492940,2022-01-01T04:19:49,47.26269,-122.35944,0.0,12.5,511.0,FELLOWSHIP,IMO0000000,WDF8248,37,,25,7,,,B
367492940,2022-01-01T04:25:49,47.26270,-122.35947,0.3,12.5,511.0,FELLOWSHIP,IMO0000000,WDF8248,37,,25,7,,,B
367492940,2022-01-01T04:37:50,47.26271,-122.35944,0.5,12.5,511.0,FELLOWSHIP,IMO0000000,WDF8248,37,,25,7,,,B
367492940,2022-01-01T04:34:48,47.26269,-122.35946,0.0,12.5,511.0,FELLOWSHIP,IMO0000000,WDF8248,37,,25,7,,,B
367492940,2022-01-01T04:28:48,47.26270,-122.35946,0.1,12.5,511.0,FELLOWSHIP,IMO0000000,WDF8248,37,,25,7,,,B
367492940,2022-01-01T02:25:18,47.26270,-122.35943,0.2,353.9,511.0,FELLOWSHIP,IMO0000000,WDF8248,37,,25,7,,,B
367492940,2022-01-01T04:46:49,47.26271,-122.35944,0.2,12.5,511.0,FELLOWSHIP,IMO0000000,WDF8248,37,,25,7,,,B
367492940,2022-01-01T04:52:49,47.26271,-122.35945,0.0,12.5,511.0,FELLOWSHIP,IMO0000000,WDF8248,37,,25,7,,,B
367492940,2022-01-01T04:43:49,47.26273,-122.35941,0.1,12.5,511.0,FELLOWSHIP,IMO0000000,WDF8248,37,,25,7,,,B
367492940,2022-01-01T04:40:48,47.26271,-122.35955,0.3,12.5,511.0,FELLOWSHIP,IMO0000000,WDF8248,37,,25,7,,,B
367492940,2022-01-01T04:58:48,47.26269,-122.35944,0.1,12.5,511.0,FELLOWSHIP,IMO0000000,WDF8248,37,,25,7,,,B
367492940,2022-01-01T04:49:48,47.26271,-122.35944,0.0,12.5,511.0,FELLOWSHIP,IMO0000000,WDF8248,37,,25,7,,,B
367492940,2022-01-01T05:07:51,47.26275,-122.35943,0.3,12.5,511.0,FELLOWSHIP,IMO0000000,WDF8248,37,,25,7,,,B
367492940,2022-01-01T05:01:48,47.26271,-122.35945,0.0,12.5,511.0,FELLOWSHIP,IMO0000000,WDF8248,37,,25,7,,,B
367492940,2022-01-01T05:04:48,47.26270,-122.35944,0.3,12.5,511.0,FELLOWSHIP,IMO0000000,WDF8248,37,,25,7,,,B
367492940,2022-01-01T05:10:50,47.26272,-122.35942,0.0,12.5,511.0,FELLOWSHIP,IMO0000000,WDF8248,37,,25,7,,,B
367492940,2022-01-01T05:13:48,47.26272,-122.35946,0.2,12.5,511.0,FELLOWSHIP,IMO0000000,WDF8248,37,,25,7,,,B
367492940,2022-01-01T05:16:50,47.26272,-122.35946,0.0,12.5,511.0,FELLOWSHIP,IMO0000000,WDF8248,37,,25,7,,,B
367492940,2022-01-01T05:34:49,47.26273,-122.35943,0.5,12.5,511.0,FELLOWSHIP,IMO0000000,WDF8248,37,,25,7,,,B
367492940,2022-01-01T05:28:48,47.26274,-122.35945,0.2,12.5,511.0,FELLOWSHIP,IMO0000000,WDF8248,37,,25,7,,,B
367492940,2022-01-01T05:37:48,47.26272,-122.35947,0.2,12.5,511.0,FELLOWSHIP,IMO0000000,WDF8248,37,,25,7,,,B
367492940,2022-01-01T05:49:48,47.26266,-122.35944,0.3,12.5,511.0,FELLOWSHIP,IMO0000000,WDF8248,37,,25,7,,,B
367492940,2022-01-01T05:46:51,47.26269,-122.35946,0.1,12.5,511.0,FELLOWSHIP,IMO0000000,WDF8248,37,,25,7,,,B
367492940,2022-01-01T05:55:48,47.26270,-122.35946,0.4,12.5,511.0,FELLOWSHIP,IMO0000000,WDF8248,37,,25,7,,,B
367492940,2022-01-01T06:01:50,47.26269,-122.35947,0.2,12.5,511.0,FELLOWSHIP,IMO0000000,WDF8248,37,,25,7,,,B
367492940,2022-01-01T03:01:23,47.26274,-122.35943,0.2,353.9,511.0,FELLOWSHIP,IMO0000000,WDF8248,37,,25,7,,,B
367492940,2022-01-01T06:04:50,47.26269,-122.35944,0.1,12.5,511.0,FELLOWSHIP,IMO0000000,WDF8248,37,,25,7,,,B
367492940,2022-01-01T06:28:43,47.26270,-122.35949,0.5,53.5,511.0,FELLOWSHIP,IMO0000000,WDF8248,37,,25,7,,,B
367492940,2022-01-01T06:13:49,47.26268,-122.35945,0.4,12.5,511.0,FELLOWSHIP,IMO0000000,WDF8248,37,,25,7,,,B
367492940,2022-01-01T05:58:50,47.26270,-122.35949,0.5,12.5,511.0,FELLOWSHIP,IMO0000000,WDF8248,37,,25,7,,,B
367492940,2022-01-01T06:35:45,47.26273,-122.35948,0.4,53.5,511.0,FELLOWSHIP,IMO0000000,WDF8248,37,,25,7,,,B
367492940,2022-01-01T06:16:50,47.26270,-122.35945,0.0,12.5,511.0,FELLOWSHIP,IMO0000000,WDF8248,37,,25,7,,,B
367492940,2022-01-01T06:19:48,47.26269,-122.35947,0.2,224.0,511.0,FELLOWSHIP,IMO0000000,WDF8248,37,,25,7,,,B
367492940,2022-01-01T06:22:50,47.26270,-122.35946,0.6,224.0,511.0,FELLOWSHIP,IMO0000000,WDF8248,37,,25,7,,,B
367492940,2022-01-01T06:25:48,47.26273,-122.35947,0.3,224.0,511.0,FELLOWSHIP,IMO0000000,WDF8248,37,,25,7,,,B
367492940,2022-01-01T06:10:50,47.26270,-122.35947,0.1,12.5,511.0,FELLOWSHIP,IMO0000000,WDF8248,37,,25,7,,,B
367492940,2022-01-01T06:27:14,47.26272,-122.35947,0.4,213.7,511.0,FELLOWSHIP,IMO0000000,WDF8248,37,,25,7,,,B
367492940,2022-01-01T06:38:43,47.26262,-122.35947,0.1,53.5,511.0,FELLOWSHIP,IMO0000000,WDF8248,37,,25,7,,,B
367492940,2022-01-01T03:13:50,47.26271,-122.35947,0.1,12.5,511.0,FELLOWSHIP,IMO0000000,WDF8248,37,,25,7,,,B
367492940,2022-01-01T06:44:45,47.26271,-122.35945,0.5,53.5,511.0,FELLOWSHIP,IMO0000000,WDF8248,37,,25,7,,,B
367492940,2022-01-01T07:08:44,47.26269,-122.35949,0.0,53.5,511.0,FELLOWSHIP,IMO0000000,WDF8248,37,,25,7,,,B
367492940,2022-01-01T06:41:43,47.26272,-122.35944,0.2,53.5,511.0,FELLOWSHIP,IMO0000000,WDF8248,37,,25,7,,,B
367492940,2022-01-01T06:59:43,47.26271,-122.35953,0.0,53.5,511.0,FELLOWSHIP,IMO0000000,WDF8248,37,,25,7,,,B
367492940,2022-01-01T06:47:45,47.26274,-122.35947,0.1,53.5,511.0,FELLOWSHIP,IMO0000000,WDF8248,37,,25,7,,,B
367492940,2022-01-01T06:53:45,47.26273,-122.35944,0.2,53.5,511.0,FELLOWSHIP,IMO0000000,WDF8248,37,,25,7,,,B
367492940,2022-01-01T06:56:47,47.26272,-122.35949,0.3,53.5,511.0,FELLOWSHIP,IMO0000000,WDF8248,37,,25,7,,,B
367492940,2022-01-01T07:11:43,47.26270,-122.35945,0.5,53.5,511.0,FELLOWSHIP,IMO0000000,WDF8248,37,,25,7,,,B
367492940,2022-01-01T07:02:44,47.26274,-122.35943,0.3,53.5,511.0,FELLOWSHIP,IMO0000000,WDF8248,37,,25,7,,,B
367492940,2022-01-01T07:17:45,47.26271,-122.35940,0.1,53.5,511.0,FELLOWSHIP,IMO0000000,WDF8248,37,,25,7,,,B
367492940,2022-01-01T07:56:45,47.26270,-122.35944,0.2,172.8,511.0,FELLOWSHIP,IMO0000000,WDF8248,37,,25,7,,,B
367492940,2022-01-01T07:20:43,47.26271,-122.35945,0.2,172.8,511.0,FELLOWSHIP,IMO0000000,WDF8248,37,,25,7,,,B
367492940,2022-01-01T07:41:43,47.26271,-122.35947,0.1,172.8,511.0,FELLOWSHIP,IMO0000000,WDF8248,37,,25,7,,,B
367492940,2022-01-01T07:35:44,47.26269,-122.35943,0.1,172.8,511.0,FELLOWSHIP,IMO0000000,WDF8248,37,,25,7,,,B
367492940,2022-01-01T07:23:44,47.26270,-122.35945,0.1,172.8,511.0,FELLOWSHIP,IMO0000000,WDF8248,37,,25,7,,,B
367492940,2022-01-01T07:38:44,47.26272,-122.35946,0.0,172.8,511.0,FELLOWSHIP,IMO0000000,WDF8248,37,,25,7,,,B
367492940,2022-01-01T08:05:43,47.26272,-122.35944,0.0,172.8,511.0,FELLOWSHIP,IMO0000000,WDF8248,37,,25,7,,,B
367492940,2022-01-01T07:26:44,47.26272,-122.35947,0.2,172.8,511.0,FELLOWSHIP,IMO0000000,WDF8248,37,,25,7,,,B
367492940,2022-01-01T07:53:44,47.26272,-122.35942,0.1,172.8,511.0,FELLOWSHIP,IMO0000000,WDF8248,37,,25,7,,,B
367492940,2022-01-01T08:23:45,47.26269,-122.35948,0.2,172.8,511.0,FELLOWSHIP,IMO0000000,WDF8248,37,,25,7,,,B
367492940,2022-01-01T08:08:45,47.26270,-122.35947,0.2,172.8,511.0,FELLOWSHIP,IMO0000000,WDF8248,37,,25,7,,,B
367492940,2022-01-01T07:47:44,47.26272,-122.35949,0.3,172.8,511.0,FELLOWSHIP,IMO0000000,WDF8248,37,,25,7,,,B
367492940,2022-01-01T08:38:44,47.26267,-122.35948,0.2,172.8,511.0,FELLOWSHIP,IMO0000000,WDF8248,37,,25,7,,,B
367492940,2022-01-01T07:59:43,47.26270,-122.35949,0.3,172.8,511.0,FELLOWSHIP,IMO0000000,WDF8248,37,,25,7,,,B
367492940,2022-01-01T08:02:45,47.26271,-122.35948,0.2,172.8,511.0,FELLOWSHIP,IMO0000000,WDF8248,37,,25,7,,,B
367492940,2022-01-01T08:14:45,47.26270,-122.35949,0.3,172.8,511.0,FELLOWSHIP,IMO0000000,WDF8248,37,,25,7,,,B
367492940,2022-01-01T08:11:43,47.26274,-122.35946,0.2,172.8,511.0,FELLOWSHIP,IMO0000000,WDF8248,37,,25,7,,,B
367492940,2022-01-01T08:20:44,47.26271,-122.35948,0.2,172.8,511.0,FELLOWSHIP,IMO0000000,WDF8248,37,,25,7,,,B
367492940,2022-01-01T08:26:44,47.26271,-122.35946,0.5,172.8,511.0,FELLOWSHIP,IMO0000000,WDF8248,37,,25,7,,,B
367492940,2022-01-01T08:53:44,47.26270,-122.35950,0.0,328.1,511.0,FELLOWSHIP,IMO0000000,WDF8248,37,,25,7,,,B
367492940,2022-01-01T08:35:43,47.26270,-122.35942,0.2,172.8,511.0,FELLOWSHIP,IMO0000000,WDF8248,37,,25,7,,,B
367492940,2022-01-01T08:59:44,47.26270,-122.35948,0.2,328.1,511.0,FELLOWSHIP,IMO0000000,WDF8248,37,,25,7,,,B
367492940,2022-01-01T08:50:44,47.26270,-122.35948,0.1,328.1,511.0,FELLOWSHIP,IMO0000000,WDF8248,37,,25,7,,,B
367492940,2022-01-01T09:23:44,47.26272,-122.35946,0.0,248.2,511.0,FELLOWSHIP,IMO0000000,WDF8248,37,,25,7,,,B
367492940,2022-01-01T09:11:47,47.26266,-122.35934,0.1,328.1,511.0,FELLOWSHIP,IMO0000000,WDF8248,37,,25,7,,,B
367492940,2022-01-01T08:41:46,47.26269,-122.35945,0.3,172.8,511.0,FELLOWSHIP,IMO0000000,WDF8248,37,,25,7,,,B
367492940,2022-01-01T04:13:48,47.26270,-122.35944,0.3,12.5,511.0,FELLOWSHIP,IMO0000000,WDF8248,37,,25,7,,,B
367492940,2022-01-01T09:17:43,47.26274,-122.35947,0.1,328.1,511.0,FELLOWSHIP,IMO0000000,WDF8248,37,,25,7,,,B
367492940,2022-01-01T09:08:45,47.26268,-122.35943,0.1,328.1,511.0,FELLOWSHIP,IMO0000000,WDF8248,37,,25,7,,,B
367492940,2022-01-01T09:47:43,47.26268,-122.35945,0.1,341.9,511.0,FELLOWSHIP,IMO0000000,WDF8248,37,,25,7,,,B
367492940,2022-01-01T09:20:43,47.26270,-122.35947,0.1,248.2,511.0,FELLOWSHIP,IMO0000000,WDF8248,37,,25,7,,,B
367492940,2022-01-01T10:17:45,47.26271,-122.35944,0.1,341.9,511.0,FELLOWSHIP,IMO0000000,WDF8248,37,,25,7,,,B
367492940,2022-01-01T09:41:43,47.26268,-122.35944,0.2,341.9,511.0,FELLOWSHIP,IMO0000000,WDF8248,37,,25,7,,,B
367492940,2022-01-01T09:53:43,47.26269,-122.35945,0.1,341.9,511.0,FELLOWSHIP,IMO0000000,WDF8248,37,,25,7,,,B
367492940,2022-01-01T09:50:45,47.26270,-122.35944,0.0,341.9,511.0,FELLOWSHIP,IMO0000000,WDF8248,37,,25,7,,,B
367492940,2022-01-01T10:02:44,47.26270,-122.35944,0.0,341.9,511.0,FELLOWSHIP,IMO0000000,WDF8248,37,,25,7,,,B
367492940,2022-01-01T10:08:44,47.26272,-122.35947,0.1,341.9,511.0,FELLOWSHIP,IMO0000000,WDF8248,37,,25,7,,,B
367492940,2022-01-01T09:59:44,47.26269,-122.35946,0.1,341.9,511.0,FELLOWSHIP,IMO0000000,WDF8248,37,,25,7,,,B
367492940,2022-01-01T10:05:43,47.26270,-122.35943,0.4,341.9,511.0,FELLOWSHIP,IMO0000000,WDF8248,37,,25,7,,,B
367492940,2022-01-01T09:56:44,47.26270,-122.35946,0.0,341.9,511.0,FELLOWSHIP,IMO0000000,WDF8248,37,,25,7,,,B
367492940,2022-01-01T10:14:44,47.26272,-122.35947,0.1,341.9,511.0,FELLOWSHIP,IMO0000000,WDF8248,37,,25,7,,,B
367492940,2022-01-01T10:29:43,47.26271,-122.35945,0.1,341.9,511.0,FELLOWSHIP,IMO0000000,WDF8248,37,,25,7,,,B
367492940,2022-01-01T10:32:44,47.26272,-122.35950,0.1,341.9,511.0,FELLOWSHIP,IMO0000000,WDF8248,37,,25,7,,,B
367492940,2022-01-01T11:07:09,47.26266,-122.35941,0.4,157.4,511.0,FELLOWSHIP,IMO0000000,WDF8248,37,,25,7,,,B
367492940,2022-01-01T10:26:45,47.26271,-122.35944,0.1,341.9,511.0,FELLOWSHIP,IMO0000000,WDF8248,37,,25,7,,,B
367492940,2022-01-01T10:23:44,47.26271,-122.35946,0.0,341.9,511.0,FELLOWSHIP,IMO0000000,WDF8248,37,,25,7,,,B
367492940,2022-01-01T10:35:43,47.26273,-122.35947,0.1,341.9,511.0,FELLOWSHIP,IMO0000000,WDF8248,37,,25,7,,,B
367492940,2022-01-01T10:44:47,47.26271,-122.35948,0.1,341.9,511.0,FELLOWSHIP,IMO0000000,WDF8248,37,,25,7,,,B
367492940,2022-01-01T10:53:45,47.26268,-122.35945,0.2,341.9,511.0,FELLOWSHIP,IMO0000000,WDF8248,37,,25,7,,,B
367492940,2022-01-01T10:38:44,47.26271,-122.35948,0.2,341.9,511.0,FELLOWSHIP,IMO0000000,WDF8248,37,,25,7,,,B
367492940,2022-01-01T04:55:48,47.26270,-122.35945,0.1,12.5,511.0,FELLOWSHIP,IMO0000000,WDF8248,37,,25,7,,,B
367492940,2022-01-01T10:56:43,47.26270,-122.35942,0.2,341.9,511.0,FELLOWSHIP,IMO0000000,WDF8248,37,,25,7,,,B
367492940,2022-01-01T11:05:43,47.26278,-122.35947,0.2,341.9,511.0,FELLOWSHIP,IMO0000000,WDF8248,37,,25,7,,,B
367492940,2022-01-01T10:59:43,47.26269,-122.35946,0.1,341.9,511.0,FELLOWSHIP,IMO0000000,WDF8248,37,,25,7,,,B
367492940,2022-01-01T11:08:10,47.26266,-122.35933,0.2,157.4,511.0,FELLOWSHIP,IMO0000000,WDF8248,37,,25,7,,,B
367492940,2022-01-01T11:12:39,47.26269,-122.35943,0.2,157.4,511.0,FELLOWSHIP,IMO0000000,WDF8248,37,,25,7,,,B
367492940,2022-01-01T11:09:39,47.26270,-122.35940,0.3,157.4,511.0,FELLOWSHIP,IMO0000000,WDF8248,37,,25,7,,,B
367492940,2022-01-01T10:47:43,47.26271,-122.35942,0.3,341.9,511.0,FELLOWSHIP,IMO0000000,WDF8248,37,,25,7,,,B
367492940,2022-01-01T11:21:39,47.26261,-122.35946,0.6,157.4,511.0,FELLOWSHIP,IMO0000000,WDF8248,37,,25,7,,,B
367492940,2022-01-01T11:18:39,47.26271,-122.35944,0.2,157.4,511.0,FELLOWSHIP,IMO0000000,WDF8248,37,,25,7,,,B
367492940,2022-01-01T11:24:38,47.26272,-122.35944,0.1,157.4,511.0,FELLOWSHIP,IMO0000000,WDF8248,37,,25,7,,,B
367492940,2022-01-01T11:27:39,47.26268,-122.35943,0.1,157.4,511.0,FELLOWSHIP,IMO0000000,WDF8248,37,,25,7,,,B
367492940,2022-01-01T11:57:39,47.26270,-122.35944,0.0,157.4,511.0,FELLOWSHIP,IMO0000000,WDF8248,37,,25,7,,,B
367492940,2022-01-01T11:02:43,47.26269,-122.35946,0.3,341.9,511.0,FELLOWSHIP,IMO0000000,WDF8248,37,,25,7,,,B
367492940,2022-01-01T11:36:38,47.26269,-122.35946,0.2,157.4,511.0,FELLOWSHIP,IMO0000000,WDF8248,37,,25,7,,,B
367492940,2022-01-01T11:42:39,47.26269,-122.35945,0.3,157.4,511.0,FELLOWSHIP,IMO0000000,WDF8248,37,,25,7,,,B
367492940,2022-01-01T11:39:39,47.26269,-122.35946,0.1,157.4,511.0,FELLOWSHIP,IMO0000000,WDF8248,37,,25,7,,,B
367492940,2022-01-01T11:15:39,47.26269,-122.35945,0.1,157.4,511.0,FELLOWSHIP,IMO0000000,WDF8248,37,,25,7,,,B
367492940,2022-01-01T11:45:38,47.26270,-122.35945,0.1,157.4,511.0,FELLOWSHIP,IMO0000000,WDF8248,37,,25,7,,,B
367492940,2022-01-01T11:54:39,47.26270,-122.35947,0.3,157.4,511.0,FELLOWSHIP,IMO0000000,WDF8248,37,,25,7,,,B
367492940,2022-01-01T12:09:39,47.26272,-122.35945,0.1,157.4,511.0,FELLOWSHIP,IMO0000000,WDF8248,37,,25,7,,,B
367492940,2022-01-01T11:33:38,47.26271,-122.35944,0.5,157.4,511.0,FELLOWSHIP,IMO0000000,WDF8248,37,,25,7,,,B
367492940,2022-01-01T05:22:48,47.26269,-122.35948,0.2,12.5,511.0,FELLOWSHIP,IMO0000000,WDF8248,37,,25,7,,,B
367492940,2022-01-01T12:06:39,47.26268,-122.35946,0.4,157.4,511.0,FELLOWSHIP,IMO0000000,WDF8248,37,,25,7,,,B
367492940,2022-01-01T11:48:39,47.26270,-122.35945,0.1,157.4,511.0,FELLOWSHIP,IMO0000000,WDF8248,37,,25,7,,,B
367492940,2022-01-01T13:00:39,47.26272,-122.35943,0.0,157.4,511.0,FELLOWSHIP,IMO0000000,WDF8248,37,,25,7,,,B
367492940,2022-01-01T12:36:41,47.26273,-122.35944,0.1,157.4,511.0,FELLOWSHIP,IMO0000000,WDF8248,37,,25,7,,,B
367492940,2022-01-01T12:27:38,47.26268,-122.35945,0.1,157.4,511.0,FELLOWSHIP,IMO0000000,WDF8248,37,,25,7,,,B
367492940,2022-01-01T13:15:39,47.26270,-122.35943,0.2,157.4,511.0,FELLOWSHIP,IMO0000000,WDF8248,37,,25,7,,,B
367492940,2022-01-01T12:33:39,47.26269,-122.35944,0.1,157.4,511.0,FELLOWSHIP,IMO0000000,WDF8248,37,,25,7,,,B
367492940,2022-01-01T12:42:39,47.26270,-122.35945,0.1,157.4,511.0,FELLOWSHIP,IMO0000000,WDF8248,37,,25,7,,,B
367492940,2022-01-01T12:48:39,47.26270,-122.35946,0.4,157.4,511.0,FELLOWSHIP,IMO0000000,WDF8248,37,,25,7,,,B
367492940,2022-01-01T13:09:42,47.26268,-122.35945,0.1,157.4,511.0,FELLOWSHIP,IMO0000000,WDF8248,37,,25,7,,,B
367492940,2022-01-01T13:03:39,47.26270,-122.35944,0.1,157.4,511.0,FELLOWSHIP,IMO0000000,WDF8248,37,,25,7,,,B
367492940,2022-01-01T12:51:40,47.26270,-122.35946,0.4,157.4,511.0,FELLOWSHIP,IMO0000000,WDF8248,37,,25,7,,,B
367492940,2022-01-01T13:06:39,47.26269,-122.35944,0.1,157.4,511.0,FELLOWSHIP,IMO0000000,WDF8248,37,,25,7,,,B
367492940,2022-01-01T14:03:39,47.26272,-122.35942,0.3,157.4,511.0,FELLOWSHIP,IMO0000000,WDF8248,37,,25,7,,,B
367492940,2022-01-01T06:07:48,47.26273,-122.35947,0.0,12.5,511.0,FELLOWSHIP,IMO0000000,WDF8248,37,,25,7,,,B
367492940,2022-01-01T14:36:00,47.26270,-122.35944,0.4,20.7,511.0,FELLOWSHIP,IMO0000000,WDF8248,37,,25,7,,,B
367492940,2022-01-01T13:48:39,47.26270,-122.35946,0.3,157.4,511.0,FELLOWSHIP,IMO0000000,WDF8248,37,,25,7,,,B
367492940,2022-01-01T13:42:39,47.26268,-122.35947,0.3,157.4,511.0,FELLOWSHIP,IMO0000000,WDF8248,37,,25,7,,,B
367492940,2022-01-01T13:39:40,47.26270,-122.35943,0.1,157.4,511.0,FELLOWSHIP,IMO0000000,WDF8248,37,,25,7,,,B
367492940,2022-01-01T13:51:38,47.26277,-122.35936,0.3,157.4,511.0,FELLOWSHIP,IMO0000000,WDF8248,37,,25,7,,,B
367492940,2022-01-01T14:12:05,47.26271,-122.35946,0.3,209.1,511.0,FELLOWSHIP,IMO0000000,WDF8248,37,,25,7,,,B
367492940,2022-01-01T14:11:04,47.26264,-122.35952,0.2,209.1,511.0,FELLOWSHIP,IMO0000000,WDF8248,37,,25,7,,,B
367492940,2022-01-01T14:09:39,47.26271,-122.35948,0.1,157.4,511.0,FELLOWSHIP,IMO0000000,WDF8248,37,,25,7,,,B
367492940,2022-01-01T14:06:39,47.26271,-122.35945,0.0,157.4,511.0,FELLOWSHIP,IMO0000000,WDF8248,37,,25,7,,,B
367492940,2022-01-01T14:20:04,47.26275,-122.35942,0.1,297.9,511.0,FELLOWSHIP,IMO0000000,WDF8248,37,,25,7,,,B
367492940,2022-01-01T14:30:29,47.26277,-122.35941,0.3,20.7,511.0,FELLOWSHIP,IMO0000000,WDF8248,37,,25,7,,,B
367492940,2022-01-01T14:32:03,47.26268,-122.35944,0.0,20.7,511.0,FELLOWSHIP,IMO0000000,WDF8248,37,,25,7,,,B
367492940,2022-01-01T14:23:04,47.26271,-122.35944,0.1,203.0,511.0,FELLOWSHIP,IMO0000000,WDF8248,37,,25,7,,,B
367492940,2022-01-01T14:17:06,47.26280,-122.35945,0.4,297.9,511.0,FELLOWSHIP,IMO0000000,WDF8248,37,,25,7,,,B
367492940,2022-01-01T14:26:04,47.26272,-122.35943,0.4,203.0,511.0,FELLOWSHIP,IMO0000000,WDF8248,37,,25,7,,,B
367492940,2022-01-01T14:45:00,47.26272,-122.35946,0.2,20.7,511.0,FELLOWSHIP,IMO0000000,WDF8248,37,,25,7,,,B
367492940,2022-01-01T14:57:00,47.26270,-122.35944,0.1,20.7,511.0,FELLOWSHIP,IMO0000000,WDF8248,37,,25,7,,,B
367492940,2022-01-01T14:48:00,47.26269,-122.35944,0.2,20.7,511.0,FELLOWSHIP,IMO0000000,WDF8248,37,,25,7,,,B
367492940,2022-01-01T15:00:00,47.26266,-122.35948,0.4,20.7,511.0,FELLOWSHIP,IMO0000000,WDF8248,37,,25,7,,,B
367492940,2022-01-01T15:54:02,47.26269,-122.35949,0.1,59.7,511.0,FELLOWSHIP,IMO0000000,WDF8248,37,,25,7,,,B
367492940,2022-01-01T15:06:01,47.26268,-122.35946,0.2,20.8,511.0,FELLOWSHIP,IMO0000000,WDF8248,37,,25,7,,,B
367492940,2022-01-01T15:14:59,47.26272,-122.35947,0.0,20.8,511.0,FELLOWSHIP,IMO0000000,WDF8248,37,,25,7,,,B
367492940,2022-01-01T14:51:00,47.26273,-122.35945,0.3,20.7,511.0,FELLOWSHIP,IMO0000000,WDF8248,37,,25,7,,,B
367492940,2022-01-01T15:33:00,47.26276,-122.35940,0.1,20.8,511.0,FELLOWSHIP,IMO0000000,WDF8248,37,,25,7,,,B
367492940,2022-01-01T15:51:00,47.26268,-122.35944,0.1,20.8,511.0,FELLOWSHIP,IMO0000000,WDF8248,37,,25,7,,,B
367492940,2022-01-01T15:21:00,47.26273,-122.35947,0.2,20.8,511.0,FELLOWSHIP,IMO0000000,WDF8248,37,,25,7,,,B
367492940,2022-01-01T15:57:00,47.26270,-122.35938,0.3,59.7,511.0,FELLOWSHIP,IMO0000000,WDF8248,37,,25,7,,,B
367492940,2022-01-01T15:27:00,47.26269,-122.35947,0.1,20.8,511.0,FELLOWSHIP,IMO0000000,WDF8248,37,,25,7,,,B
367492940,2022-01-01T16:48:01,47.26272,-122.35947,0.1,59.7,511.0,FELLOWSHIP,IMO0000000,WDF8248,37,,25,7,,,B
367492940,2022-01-01T16:57:00,47.26271,-122.35947,0.1,59.7,511.0,FELLOWSHIP,IMO0000000,WDF8248,37,,25,7,,,B
367492940,2022-01-01T15:39:00,47.26267,-122.35943,0.1,20.8,511.0,FELLOWSHIP,IMO0000000,WDF8248,37,,25,7,,,B
367492940,2022-01-01T16:09:01,47.26273,-122.35944,0.1,59.7,511.0,FELLOWSHIP,IMO0000000,WDF8248,37,,25,7,,,B
367492940,2022-01-01T16:15:00,47.26271,-122.35944,0.2,59.7,511.0,FELLOWSHIP,IMO0000000,WDF8248,37,,25,7,,,B
367492940,2022-01-01T17:09:00,47.26271,-122.35946,0.0,59.7,511.0,FELLOWSHIP,IMO0000000,WDF8248,37,,25,7,,,B
367492940,2022-01-01T16:32:59,47.26270,-122.35944,0.1,59.7,511.0,FELLOWSHIP,IMO0000000,WDF8248,37,,25,7,,,B
367492940,2022-01-01T17:24:04,47.26272,-122.35943,0.6,59.7,511.0,FELLOWSHIP,IMO0000000,WDF8248,37,,25,7,,,B
367492940,2022-01-01T16:36:00,47.26269,-122.35946,0.0,59.7,511.0,FELLOWSHIP,IMO0000000,WDF8248,37,,25,7,,,B
367492940,2022-01-01T16:24:00,47.26269,-122.35945,0.1,59.7,511.0,FELLOWSHIP,IMO0000000,WDF8248,37,,25,7,,,B
367492940,2022-01-01T17:03:01,47.26273,-122.35944,0.3,59.7,511.0,FELLOWSHIP,IMO0000000,WDF8248,37,,25,7,,,B
367492940,2022-01-01T17:12:00,47.26272,-122.35941,0.1,59.7,511.0,FELLOWSHIP,IMO0000000,WDF8248,37,,25,7,,,B
367492940,2022-01-01T17:00:00,47.26272,-122.35947,0.1,59.7,511.0,FELLOWSHIP,IMO0000000,WDF8248,37,,25,7,,,B
367492940,2022-01-01T17:06:02,47.26273,-122.35946,0.3,59.7,511.0,FELLOWSHIP,IMO0000000,WDF8248,37,,25,7,,,B
367492940,2022-01-01T07:32:44,47.26273,-122.35946,0.0,172.8,511.0,FELLOWSHIP,IMO0000000,WDF8248,37,,25,7,,,B
367492940,2022-01-01T17:21:00,47.26270,-122.35946,0.1,59.7,511.0,FELLOWSHIP,IMO0000000,WDF8248,37,,25,7,,,B
367492940,2022-01-01T17:39:00,47.26272,-122.35945,0.1,9.5,511.0,FELLOWSHIP,IMO0000000,WDF8248,37,,25,7,,,B
367492940,2022-01-01T18:21:00,47.26267,-122.35944,0.1,271.9,511.0,FELLOWSHIP,IMO0000000,WDF8248,37,,25,7,,,B
367492940,2022-01-01T17:50:59,47.26271,-122.35944,0.0,271.9,511.0,FELLOWSHIP,IMO0000000,WDF8248,37,,25,7,,,B
367492940,2022-01-01T17:15:01,47.26272,-122.35942,0.0,59.7,511.0,FELLOWSHIP,IMO0000000,WDF8248,37,,25,7,,,B
367492940,2022-01-01T17:56:59,47.26272,-122.35944,0.2,271.9,511.0,FELLOWSHIP,IMO0000000,WDF8248,37,,25,7,,,B
367492940,2022-01-01T07:44:43,47.26270,-122.35945,0.3,172.8,511.0,FELLOWSHIP,IMO0000000,WDF8248,37,,25,7,,,B
367492940,2022-01-01T18:09:00,47.26275,-122.35945,0.1,271.9,511.0,FELLOWSHIP,IMO0000000,WDF8248,37,,25,7,,,B
367492940,2022-01-01T17:41:59,47.26271,-122.35945,0.1,9.5,511.0,FELLOWSHIP,IMO0000000,WDF8248,37,,25,7,,,B
367492940,2022-01-01T18:27:00,47.26269,-122.35956,0.6,271.9,511.0,FELLOWSHIP,IMO0000000,WDF8248,37,,25,7,,,B
367492940,2022-01-01T18:12:00,47.26273,-122.35946,0.3,271.9,511.0,FELLOWSHIP,IMO0000000,WDF8248,37,,25,7,,,B
367492940,2022-01-01T18:15:02,47.26271,-122.35944,0.2,271.9,511.0,FELLOWSHIP,IMO0000000,WDF8248,37,,25,7,,,B
367492940,2022-01-01T18:18:01,47.26272,-122.35947,0.2,271.9,511.0,FELLOWSHIP,IMO0000000,WDF8248,37,,25,7,,,B
367492940,2022-01-01T19:16:57,47.26272,-122.35946,0.3,311.7,511.0,FELLOWSHIP,IMO0000000,WDF8248,37,,25,7,,,B
367492940,2022-01-01T19:22:56,47.26274,-122.35947,0.4,311.7,511.0,FELLOWSHIP,IMO0000000,WDF8248,37,,25,7,,,B
367492940,2022-01-01T18:43:55,47.26274,-122.35944,0.6,209.5,511.0,FELLOWSHIP,IMO0000000,WDF8248,37,,25,7,,,B
367492940,2022-01-01T18:36:25,47.26272,-122.35944,0.2,271.9,511.0,FELLOWSHIP,IMO0000000,WDF8248,37,,25,7,,,B
367492940,2022-01-01T18:40:55,47.26273,-122.35945,0.3,209.5,511.0,FELLOWSHIP,IMO0000000,WDF8248,37,,25,7,,,B
367492940,2022-01-01T18:46:56,47.26273,-122.35945,1.3,233.0,511.0,FELLOWSHIP,IMO0000000,WDF8248,37,,25,7,,,B
367492940,2022-01-01T18:24:00,47.26273,-122.35942,0.2,271.9,511.0,FELLOWSHIP,IMO0000000,WDF8248,37,,25,7,,,B
367492940,2022-01-01T18:34:58,47.26265,-122.35960,0.7,271.9,511.0,FELLOWSHIP,IMO0000000,WDF8248,37,,25,7,,,B
367492940,2022-01-01T19:52:56,47.26270,-122.35944,0.1,311.7,511.0,FELLOWSHIP,IMO0000000,WDF8248,37,,25,7,,,B
367492940,2022-01-01T18:37:26,47.26274,-122.35940,0.2,271.9,511.0,FELLOWSHIP,IMO0000000,WDF8248,37,,25,7,,,B
367492940,2022-01-01T19:19:57,47.26273,-122.35948,0.0,311.7,511.0,FELLOWSHIP,IMO0000000,WDF8248,37,,25,7,,,B
367492940,2022-01-01T19:10:58,47.26271,-122.35948,0.1,311.7,511.0,FELLOWSHIP,IMO0000000,WDF8248,37,,25,7,,,B
367492940,2022-01-01T19:28:56,47.26277,-122.35947,0.6,311.7,511.0,FELLOWSHIP,IMO0000000,WDF8248,37,,25,7,,,B
367492940,2022-01-01T19:34:55,47.26272,-122.35944,0.2,311.7,511.0,FELLOWSHIP,IMO0000000,WDF8248,37,,25,7,,,B
367492940,2022-01-01T19:07:58,47.26270,-122.35946,0.4,233.0,511.0,FELLOWSHIP,IMO0000000,WDF8248,37,,25,7,,,B
367492940,2022-01-01T19:37:58,47.26269,-122.35944,0.2,311.7,511.0,FELLOWSHIP,IMO0000000,WDF8248,37,,25,7,,,B
367492940,2022-01-01T08:29:44,47.26272,-122.35947,0.2,172.8,511.0,FELLOWSHIP,IMO0000000,WDF8248,37,,25,7,,,B
367492940,2022-01-01T19:58:57,47.26271,-122.35944,0.2,311.7,511.0,FELLOWSHIP,IMO0000000,WDF8248,37,,25,7,,,B
367492940,2022-01-01T08:32:43,47.26269,-122.35946,0.4,172.8,511.0,FELLOWSHIP,IMO0000000,WDF8248,37,,25,7,,,B
367492940,2022-01-01T20:28:55,47.26270,-122.35944,0.1,207.6,511.0,FELLOWSHIP,IMO0000000,WDF8248,37,,25,7,,,B
367492940,2022-01-01T20:10:55,47.26264,-122.35942,0.5,311.7,511.0,FELLOWSHIP,IMO0000000,WDF8248,37,,25,7,,,B
367492940,2022-01-01T08:44:45,47.26271,-122.35946,0.1,172.8,511.0,FELLOWSHIP,IMO0000000,WDF8248,37,,25,7,,,B
367492940,2022-01-01T20:37:55,47.26272,-122.35944,0.3,207.6,511.0,FELLOWSHIP,IMO0000000,WDF8248,37,,25,7,,,B
367492940,2022-01-01T20:16:55,47.26270,-122.35947,0.4,342.2,511.0,FELLOWSHIP,IMO0000000,WDF8248,37,,25,7,,,B
367492940,2022-01-01T08:47:45,47.26270,-122.35947,0.3,328.1,511.0,FELLOWSHIP,IMO0000000,WDF8248,37,,25,7,,,B
367492940,2022-01-01T20:34:56,47.26273,-122.35949,0.4,207.6,511.0,FELLOWSHIP,IMO0000000,WDF8248,37,,25,7,,,B
367492940,2022-01-01T20:22:55,47.26277,-122.35948,0.2,207.6,511.0,FELLOWSHIP,IMO0000000,WDF8248,37,,25,7,,,B
367492940,2022-01-01T20:31:57,47.26268,-122.35947,0.3,207.6,511.0,FELLOWSHIP,IMO0000000,WDF8248,37,,25,7,,,B
367492940,2022-01-01T20:40:55,47.26270,-122.35944,0.2,207.6,511.0,FELLOWSHIP,IMO0000000,WDF8248,37,,25,7,,,B
367492940,2022-01-01T21:46:56,47.26270,-122.35944,0.1,15.5,511.0,FELLOWSHIP,IMO0000000,WDF8248,37,,25,7,,,B
367492940,2022-01-01T20:52:56,47.26275,-122.35944,0.5,207.6,511.0,FELLOWSHIP,IMO0000000,WDF8248,37,,25,7,,,B
367492940,2022-01-01T20:58:56,47.26271,-122.35947,0.2,207.6,511.0,FELLOWSHIP,IMO0000000,WDF8248,37,,25,7,,,B
367492940,2022-01-01T20:46:55,47.26271,-122.35945,0.1,207.6,511.0,FELLOWSHIP,IMO0000000,WDF8248,37,,25,7,,,B
367492940,2022-01-01T21:16:55,47.26267,-122.35948,0.7,207.6,511.0,FELLOWSHIP,IMO0000000,WDF8248,37,,25,7,,,B
367492940,2022-01-01T09:05:47,47.26269,-122.35947,0.1,328.1,511.0,FELLOWSHIP,IMO0000000,WDF8248,37,,25,7,,,B
367492940,2022-01-01T22:04:56,47.26271,-122.35942,0.3,15.5,511.0,FELLOWSHIP,IMO0000000,WDF8248,37,,25,7,,,B
367492940,2022-01-01T20:43:55,47.26272,-122.35943,0.1,207.6,511.0,FELLOWSHIP,IMO0000000,WDF8248,37,,25,7,,,B
367492940,2022-01-01T21:01:57,47.26270,-122.35944,0.2,207.6,511.0,FELLOWSHIP,IMO0000000,WDF8248,37,,25,7,,,B
367492940,2022-01-01T21:04:55,47.26269,-122.35943,0.2,207.6,511.0,FELLOWSHIP,IMO0000000,WDF8248,37,,25,7,,,B
367492940,2022-01-01T21:19:55,47.26269,-122.35945,0.7,203.7,511.0,FELLOWSHIP,IMO0000000,WDF8248,37,,25,7,,,B
367492940,2022-01-01T21:07:56,47.26269,-122.35941,0.4,207.6,511.0,FELLOWSHIP,IMO0000000,WDF8248,37,,25,7,,,B
367492940,2022-01-01T09:14:44,47.26270,-122.35944,0.0,328.1,511.0,FELLOWSHIP,IMO0000000,WDF8248,37,,25,7,,,B
367492940,2022-01-01T21:22:58,47.26274,-122.35944,0.3,203.7,511.0,FELLOWSHIP,IMO0000000,WDF8248,37,,25,7,,,B
367492940,2022-01-01T22:22:56,47.26269,-122.35940,0.2,113.7,511.0,FELLOWSHIP,IMO0000000,WDF8248,37,,25,7,,,B
367492940,2022-01-01T20:55:57,47.26269,-122.35948,0.3,207.6,511.0,FELLOWSHIP,IMO0000000,WDF8248,37,,25,7,,,B
367492940,2022-01-01T22:25:57,47.26272,-122.35953,0.1,113.7,511.0,FELLOWSHIP,IMO0000000,WDF8248,37,,25,7,,,B
367492940,2022-01-01T21:10:55,47.26268,-122.35946,0.1,207.6,511.0,FELLOWSHIP,IMO0000000,WDF8248,37,,25,7,,,B
367492940,2022-01-01T21:34:57,47.26270,-122.35946,0.2,203.7,511.0,FELLOWSHIP,IMO0000000,WDF8248,37,,25,7,,,B
367492940,2022-01-01T09:29:43,47.26268,-122.35943,0.3,341.9,511.0,FELLOWSHIP,IMO0000000,WDF8248,37,,25,7,,,B
367492940,2022-01-01T21:58:56,47.26270,-122.35944,0.1,15.5,511.0,FELLOWSHIP,IMO0000000,WDF8248,37,,25,7,,,B
367492940,2022-01-01T21:40:55,47.26270,-122.35945,0.2,15.5,511.0,FELLOWSHIP,IMO0000000,WDF8248,37,,25,7,,,B
367492940,2022-01-01T21:28:55,47.26270,-122.35942,0.1,203.7,511.0,FELLOWSHIP,IMO0000000,WDF8248,37,,25,7,,,B
367492940,2022-01-01T21:49:56,47.26271,-122.35946,0.1,15.5,511.0,FELLOWSHIP,IMO0000000,WDF8248,37,,25,7,,,B
367492940,2022-01-01T22:52:56,47.26275,-122.35950,0.2,113.7,511.0,FELLOWSHIP,IMO0000000,WDF8248,37,,25,7,,,B
367492940,2022-01-01T22:10:57,47.26270,-122.35942,0.7,113.7,511.0,FELLOWSHIP,IMO0000000,WDF8248,37,,25,7,,,B
367492940,2022-01-01T09:35:43,47.26267,-122.35945,0.2,341.9,511.0,FELLOWSHIP,IMO0000000,WDF8248,37,,25,7,,,B
367492940,2022-01-01T22:16:58,47.26269,-122.35945,0.1,113.7,511.0,FELLOWSHIP,IMO0000000,WDF8248,37,,25,7,,,B
367492940,2022-01-01T23:10:55,47.26275,-122.35949,0.2,113.7,511.0,FELLOWSHIP,IMO0000000,WDF8248,37,,25,7,,,B
367492940,2022-01-01T23:16:55,47.26272,-122.35946,0.2,113.7,511.0,FELLOWSHIP,IMO0000000,WDF8248,37,,25,7,,,B
367492940,2022-01-01T21:43:56,47.26271,-122.35946,0.1,15.5,511.0,FELLOWSHIP,IMO0000000,WDF8248,37,,25,7,,,B
367492940,2022-01-01T22:19:56,47.26269,-122.35948,0.1,113.7,511.0,FELLOWSHIP,IMO0000000,WDF8248,37,,25,7,,,B
367492940,2022-01-01T22:28:55,47.26270,-122.35946,0.2,113.7,511.0,FELLOWSHIP,IMO0000000,WDF8248,37,,25,7,,,B
367492940,2022-01-01T22:49:56,47.26270,-122.35944,0.1,113.7,511.0,FELLOWSHIP,IMO0000000,WDF8248,37,,25,7,,,B
367492940,2022-01-01T23:01:57,47.26269,-122.35944,0.2,113.7,511.0,FELLOWSHIP,IMO0000000,WDF8248,37,,25,7,,,B
367492940,2022-01-01T23:07:56,47.26270,-122.35946,0.1,113.7,511.0,FELLOWSHIP,IMO0000000,WDF8248,37,,25,7,,,B
367492940,2022-01-01T22:34:55,47.26270,-122.35947,0.2,113.7,511.0,FELLOWSHIP,IMO0000000,WDF8248,37,,25,7,,,B
367492940,2022-01-01T23:04:57,47.26269,-122.35943,0.0,113.7,511.0,FELLOWSHIP,IMO0000000,WDF8248,37,,25,7,,,B
367492940,2022-01-01T23:22:55,47.26268,-122.35944,0.2,113.7,511.0,FELLOWSHIP,IMO0000000,WDF8248,37,,25,7,,,B
367492940,2022-01-01T22:46:55,47.26270,-122.35943,0.5,113.7,511.0,FELLOWSHIP,IMO0000000,WDF8248,37,,25,7,,,B
367492940,2022-01-01T23:19:56,47.26270,-122.35946,0.4,113.7,511.0,FELLOWSHIP,IMO0000000,WDF8248,37,,25,7,,,B
367492940,2022-01-01T23:34:56,47.26270,-122.35943,0.1,113.7,511.0,FELLOWSHIP,IMO0000000,WDF8248,37,,25,7,,,B
367492940,2022-01-01T23:46:56,47.26270,-122.35941,0.1,113.7,511.0,FELLOWSHIP,IMO0000000,WDF8248,37,,25,7,,,B
367492940,2022-01-01T22:55:57,47.26273,-122.35944,0.3,113.7,511.0,FELLOWSHIP,IMO0000000,WDF8248,37,,25,7,,,B
367492940,2022-01-01T22:58:56,47.26270,-122.35943,0.1,113.7,511.0,FELLOWSHIP,IMO0000000,WDF8248,37,,25,7,,,B
367492940,2022-01-01T23:40:56,47.26272,-122.35944,0.0,113.7,511.0,FELLOWSHIP,IMO0000000,WDF8248,37,,25,7,,,B
367492940,2022-01-01T10:20:44,47.26270,-122.35945,0.1,341.9,511.0,FELLOWSHIP,IMO0000000,WDF8248,37,,25,7,,,B
367492940,2022-01-01T23:28:56,47.26267,-122.35938,0.3,113.7,511.0,FELLOWSHIP,IMO0000000,WDF8248,37,,25,7,,,B
367492940,2022-01-01T23:43:55,47.26273,-122.35944,0.6,113.7,511.0,FELLOWSHIP,IMO0000000,WDF8248,37,,25,7,,,B
367492940,2022-01-01T23:37:56,47.26269,-122.35945,0.2,113.7,511.0,FELLOWSHIP,IMO0000000,WDF8248,37,,25,7,,,B
367492940,2022-01-01T23:58:56,47.26267,-122.35957,0.1,212.9,511.0,FELLOWSHIP,IMO0000000,WDF8248,37,,25,7,,,B
367492940,2022-01-01T12:00:40,47.26271,-122.35946,0.2,157.4,511.0,FELLOWSHIP,IMO0000000,WDF8248,37,,25,7,,,B
367492940,2022-01-01T12:03:39,47.26269,-122.35946,0.1,157.4,511.0,FELLOWSHIP,IMO0000000,WDF8248,37,,25,7,,,B
367492940,2022-01-01T12:12:39,47.26270,-122.35948,0.2,157.4,511.0,FELLOWSHIP,IMO0000000,WDF8248,37,,25,7,,,B
367492940,2022-01-01T12:18:39,47.26268,-122.35946,0.1,157.4,511.0,FELLOWSHIP,IMO0000000,WDF8248,37,,25,7,,,B
367492940,2022-01-01T12:54:39,47.26270,-122.35947,0.5,157.4,511.0,FELLOWSHIP,IMO0000000,WDF8248,37,,25,7,,,B
367492940,2022-01-01T13:24:38,47.26271,-122.35946,0.1,157.4,511.0,FELLOWSHIP,IMO0000000,WDF8248,37,,25,7,,,B
367492940,2022-01-01T14:14:05,47.26273,-122.35944,0.1,209.1,511.0,FELLOWSHIP,IMO0000000,WDF8248,37,,25,7,,,B
367492940,2022-01-01T14:39:00,47.26267,-122.35945,0.3,20.7,511.0,FELLOWSHIP,IMO0000000,WDF8248,37,,25,7,,,B
367492940,2022-01-01T15:48:00,47.26269,-122.35945,0.1,20.8,511.0,FELLOWSHIP,IMO0000000,WDF8248,37,,25,7,,,B
367492940,2022-01-01T16:06:01,47.26267,-122.35942,0.1,59.7,511.0,FELLOWSHIP,IMO0000000,WDF8248,37,,25,7,,,B
367492940,2022-01-01T16:27:00,47.26271,-122.35944,0.1,59.7,511.0,FELLOWSHIP,IMO0000000,WDF8248,37,,25,7,,,B
367492940,2022-01-01T16:51:00,47.26270,-122.35946,0.0,59.7,511.0,FELLOWSHIP,IMO0000000,WDF8248,37,,25,7,,,B
367492940,2022-01-01T18:33:00,47.26271,-122.35930,0.1,271.9,511.0,FELLOWSHIP,IMO0000000,WDF8248,37,,25,7,,,B
367492940,2022-01-01T18:52:55,47.26272,-122.35944,0.3,233.0,511.0,FELLOWSHIP,IMO0000000,WDF8248,37,,25,7,,,B
367492940,2022-01-01T18:55:55,47.26271,-122.35946,0.0,233.0,511.0,FELLOWSHIP,IMO0000000,WDF8248,37,,25,7,,,B
367492940,2022-01-01T19:04:56,47.26269,-122.35943,0.5,233.0,511.0,FELLOWSHIP,IMO0000000,WDF8248,37,,25,7,,,B
367492940,2022-01-01T19:43:56,47.26268,-122.35944,0.1,311.7,511.0,FELLOWSHIP,IMO0000000,WDF8248,37,,25,7,,,B
367492940,2022-01-01T19:46:55,47.26268,-122.35942,0.1,311.7,511.0,FELLOWSHIP,IMO0000000,WDF8248,37,,25,7,,,B
367492940,2022-01-01T21:52:55,47.26270,-122.35942,0.2,15.5,511.0,FELLOWSHIP,IMO0000000,WDF8248,37,,25,7,,,B
367492940,2022-01-01T22:13:55,47.26270,-122.35943,0.2,113.7,511.0,FELLOWSHIP,IMO0000000,WDF8248,37,,25,7,,,B
367492940,2022-01-01T22:40:55,47.26273,-122.35949,0.0,113.7,511.0,FELLOWSHIP,IMO0000000,WDF8248,37,,25,7,,,B
367492940,2022-01-01T23:13:57,47.26272,-122.35945,0.3,113.7,511.0,FELLOWSHIP,IMO0000000,WDF8248,37,,25,7,,,B
367492940,2022-01-02T00:01:57,47.26273,-122.35943,0.2,212.9,511.0,FELLOWSHIP,IMO0000000,WDF8248,37,,25,7,,,B
367492940,2022-01-02T00:04:55,47.26271,-122.35945,0.2,212.9,511.0,FELLOWSHIP,IMO0000000,WDF8248,37,,25,7,,,B
367492940,2022-01-02T00:10:55,47.26270,-122.35953,0.5,16.6,511.0,FELLOWSHIP,IMO0000000,WDF8248,37,,25,7,,,B
367492940,2022-01-02T00:13:55,47.26274,-122.35940,1.0,16.6,511.0,FELLOWSHIP,IMO0000000,WDF8248,37,,25,7,,,B
367492940,2022-01-02T00:15:50,47.26277,-122.35938,0.5,298.6,511.0,FELLOWSHIP,IMO0000000,WDF8248,37,,25,7,,,B
367492940,2022-01-02T00:17:22,47.26267,-122.35947,0.7,298.6,511.0,FELLOWSHIP,IMO0000000,WDF8248,37,,25,7,,,B
367492940,2022-01-02T00:07:55,47.26272,-122.35945,0.0,212.9,511.0,FELLOWSHIP,IMO0000000,WDF8248,37,,25,7,,,B
367492940,2022-01-02T00:21:20,47.26270,-122.35942,0.4,344.8,511.0,FELLOWSHIP,IMO0000000,WDF8248,37,,25,7,,,B
367492940,2022-01-02T00:24:20,47.26269,-122.35950,0.3,27.7,511.0,FELLOWSHIP,IMO0000000,WDF8248,37,,25,7,,,B
367492940,2022-01-02T00:36:21,47.26279,-122.35948,0.1,27.7,511.0,FELLOWSHIP,IMO0000000,WDF8248,37,,25,7,,,B
367492940,2022-01-02T00:33:20,47.26277,-122.35942,0.1,27.7,511.0,FELLOWSHIP,IMO0000000,WDF8248,37,,25,7,,,B
367492940,2022-01-02T00:45:22,47.26271,-122.35946,0.0,27.7,511.0,FELLOWSHIP,IMO0000000,WDF8248,37,,25,7,,,B
367492940,2022-01-02T00:48:23,47.26270,-122.35947,0.2,27.7,511.0,FELLOWSHIP,IMO0000000,WDF8248,37,,25,7,,,B
367492940,2022-01-02T00:51:22,47.26275,-122.35944,0.2,27.7,511.0,FELLOWSHIP,IMO0000000,WDF8248,37,,25,7,,,B
367492940,2022-01-02T00:54:23,47.26275,-122.35942,0.2,27.7,511.0,FELLOWSHIP,IMO0000000,WDF8248,37,,25,7,,,B
367492940,2022-01-02T00:57:21,47.26272,-122.35945,0.7,27.7,511.0,FELLOWSHIP,IMO0000000,WDF8248,37,,25,7,,,B
367492940,2022-01-02T01:00:22,47.26270,-122.35945,0.2,27.7,511.0,FELLOWSHIP,IMO0000000,WDF8248,37,,25,7,,,B
367492940,2022-01-02T01:09:21,47.26269,-122.35948,0.2,27.7,511.0,FELLOWSHIP,IMO0000000,WDF8248,37,,25,7,,,B
367492940,2022-01-02T01:06:21,47.26273,-122.35945,0.1,27.7,511.0,FELLOWSHIP,IMO0000000,WDF8248,37,,25,7,,,B
367492940,2022-01-02T01:15:22,47.26273,-122.35948,0.3,27.7,511.0,FELLOWSHIP,IMO0000000,WDF8248,37,,25,7,,,B
367492940,2022-01-02T01:18:20,47.26270,-122.35944,0.2,27.7,511.0,FELLOWSHIP,IMO0000000,WDF8248,37,,25,7,,,B
367492940,2022-01-02T01:27:21,47.26269,-122.35943,0.1,27.7,511.0,FELLOWSHIP,IMO0000000,WDF8248,37,,25,7,,,B
367492940,2022-01-02T01:36:21,47.26271,-122.35946,0.1,27.7,511.0,FELLOWSHIP,IMO0000000,WDF8248,37,,25,7,,,B
367492940,2022-01-02T01:33:20,47.26270,-122.35946,0.2,27.7,511.0,FELLOWSHIP,IMO0000000,WDF8248,37,,25,7,,,B
367492940,2022-01-02T00:42:21,47.26274,-122.35945,0.1,27.7,511.0,FELLOWSHIP,IMO0000000,WDF8248,37,,25,7,,,B
367492940,2022-01-02T01:48:20,47.26270,-122.35946,0.0,27.7,511.0,FELLOWSHIP,IMO0000000,WDF8248,37,,25,7,,,B
367492940,2022-01-02T01:57:21,47.26270,-122.35950,0.2,27.7,511.0,FELLOWSHIP,IMO0000000,WDF8248,37,,25,7,,,B
367492940,2022-01-02T01:51:22,47.26272,-122.35945,0.1,27.7,511.0,FELLOWSHIP,IMO0000000,WDF8248,37,,25,7,,,B
367492940,2022-01-02T01:54:21,47.26271,-122.35950,0.2,27.7,511.0,FELLOWSHIP,IMO0000000,WDF8248,37,,25,7,,,B
367492940,2022-01-02T02:03:20,47.26269,-122.35947,0.3,27.7,511.0,FELLOWSHIP,IMO0000000,WDF8248,37,,25,7,,,B
367492940,2022-01-02T02:12:20,47.26274,-122.35950,0.1,27.7,511.0,FELLOWSHIP,IMO0000000,WDF8248,37,,25,7,,,B
367492940,2022-01-02T02:09:21,47.26273,-122.35944,0.5,27.7,511.0,FELLOWSHIP,IMO0000000,WDF8248,37,,25,7,,,B
367492940,2022-01-02T02:21:23,47.26269,-122.35944,0.8,127.8,511.0,FELLOWSHIP,IMO0000000,WDF8248,37,,25,7,,,B
367492940,2022-01-02T02:24:20,47.26268,-122.35942,0.2,127.8,511.0,FELLOWSHIP,IMO0000000,WDF8248,37,,25,7,,,B
367492940,2022-01-02T02:42:22,47.26275,-122.35948,0.1,127.8,511.0,FELLOWSHIP,IMO0000000,WDF8248,37,,25,7,,,B
367492940,2022-01-02T02:33:20,47.26273,-122.35945,0.2,127.8,511.0,FELLOWSHIP,IMO0000000,WDF8248,37,,25,7,,,B
367492940,2022-01-02T02:39:20,47.26272,-122.35941,0.4,127.8,511.0,FELLOWSHIP,IMO0000000,WDF8248,37,,25,7,,,B
367492940,2022-01-02T02:36:21,47.26268,-122.35946,0.1,127.8,511.0,FELLOWSHIP,IMO0000000,WDF8248,37,,25,7,,,B
367492940,2022-01-02T02:51:22,47.26270,-122.35945,0.1,127.8,511.0,FELLOWSHIP,IMO0000000,WDF8248,37,,25,7,,,B
367492940,2022-01-02T02:45:20,47.26269,-122.35947,0.3,127.8,511.0,FELLOWSHIP,IMO0000000,WDF8248,37,,25,7,,,B
367492940,2022-01-02T01:21:21,47.26274,-122.35951,0.2,27.7,511.0,FELLOWSHIP,IMO0000000,WDF8248,37,,25,7,,,B
367492940,2022-01-02T02:54:21,47.26273,-122.35946,0.0,127.8,511.0,FELLOWSHIP,IMO0000000,WDF8248,37,,25,7,,,B
367492940,2022-01-02T02:57:20,47.26274,-122.35944,0.2,173.5,511.0,FELLOWSHIP,IMO0000000,WDF8248,37,,25,7,,,B
367492940,2022-01-02T03:00:47,47.26279,-122.35946,0.8,180.7,511.0,FELLOWSHIP,IMO0000000,WDF8248,37,,25,7,,,B
367492940,2022-01-02T01:30:22,47.26271,-122.35947,0.1,27.7,511.0,FELLOWSHIP,IMO0000000,WDF8248,37,,25,7,,,B
367492940,2022-01-02T03:02:47,47.26266,-122.35954,0.4,180.7,511.0,FELLOWSHIP,IMO0000000,WDF8248,37,,25,7,,,B
367492940,2022-01-02T03:04:42,47.26267,-122.35953,0.1,207.3,511.0,FELLOWSHIP,IMO0000000,WDF8248,37,,25,7,,,B
367492940,2022-01-02T03:06:12,47.26278,-122.35942,0.2,207.3,511.0,FELLOWSHIP,IMO0000000,WDF8248,37,,25,7,,,B
367492940,2022-01-02T03:22:41,47.26271,-122.35947,0.8,207.3,511.0,FELLOWSHIP,IMO0000000,WDF8248,37,,25,7,,,B
367492940,2022-01-02T01:39:20,47.26272,-122.35948,0.1,27.7,511.0,FELLOWSHIP,IMO0000000,WDF8248,37,,25,7,,,B
367492940,2022-01-02T01:42:21,47.26272,-122.35944,0.3,27.7,511.0,FELLOWSHIP,IMO0000000,WDF8248,37,,25,7,,,B
367492940,2022-01-02T03:16:41,47.26271,-122.35949,0.3,207.3,511.0,FELLOWSHIP,IMO0000000,WDF8248,37,,25,7,,,B
367492940,2022-01-02T01:45:21,47.26272,-122.35946,0.1,27.7,511.0,FELLOWSHIP,IMO0000000,WDF8248,37,,25,7,,,B
367492940,2022-01-02T03:28:45,47.26270,-122.35944,0.2,207.3,511.0,FELLOWSHIP,IMO0000000,WDF8248,37,,25,7,,,B
367492940,2022-01-02T03:37:42,47.26272,-122.35948,0.7,207.3,511.0,FELLOWSHIP,IMO0000000,WDF8248,37,,25,7,,,B
367492940,2022-01-02T03:40:41,47.26272,-122.35952,0.1,207.3,511.0,FELLOWSHIP,IMO0000000,WDF8248,37,,25,7,,,B
367492940,2022-01-02T03:43:43,47.26272,-122.35949,0.2,207.3,511.0,FELLOWSHIP,IMO0000000,WDF8248,37,,25,7,,,B
367492940,2022-01-02T03:46:42,47.26270,-122.35944,0.1,207.3,511.0,FELLOWSHIP,IMO0000000,WDF8248,37,,25,7,,,B
367492940,2022-01-02T03:52:43,47.26263,-122.35944,0.2,207.3,511.0,FELLOWSHIP,IMO0000000,WDF8248,37,,25,7,,,B
367492940,2022-01-02T04:01:41,47.26270,-122.35944,0.2,207.3,511.0,FELLOWSHIP,IMO0000000,WDF8248,37,,25,7,,,B
367492940,2022-01-02T03:49:43,47.26267,-122.35944,0.3,207.3,511.0,FELLOWSHIP,IMO0000000,WDF8248,37,,25,7,,,B
367492940,2022-01-02T04:07:43,47.26269,-122.35947,0.2,207.3,511.0,FELLOWSHIP,IMO0000000,WDF8248,37,,25,7,,,B
367492940,2022-01-02T03:58:42,47.26268,-122.35943,0.1,207.3,511.0,FELLOWSHIP,IMO0000000,WDF8248,37,,25,7,,,B
367492940,2022-01-02T03:55:44,47.26268,-122.35944,0.2,207.3,511.0,FELLOWSHIP,IMO0000000,WDF8248,37,,25,7,,,B
367492940,2022-01-02T04:13:41,47.26268,-122.35943,0.1,207.3,511.0,FELLOWSHIP,IMO0000000,WDF8248,37,,25,7,,,B
367492940,2022-01-02T04:19:42,47.26271,-122.35943,0.1,207.3,511.0,FELLOWSHIP,IMO0000000,WDF8248,37,,25,7,,,B
367492940,2022-01-02T04:16:41,47.26268,-122.35945,0.2,207.3,511.0,FELLOWSHIP,IMO0000000,WDF8248,37,,25,7,,,B
367492940,2022-01-02T04:31:43,47.26270,-122.35947,0.1,207.3,511.0,FELLOWSHIP,IMO0000000,WDF8248,37,,25,7,,,B
367492940,2022-01-02T04:34:41,47.26272,-122.35947,0.4,207.3,511.0,FELLOWSHIP,IMO0000000,WDF8248,37,,25,7,,,B
367492940,2022-01-02T04:22:42,47.26271,-122.35949,0.2,207.3,511.0,FELLOWSHIP,IMO0000000,WDF8248,37,,25,7,,,B
367492940,2022-01-02T04:37:41,47.26270,-122.35946,0.2,207.3,511.0,FELLOWSHIP,IMO0000000,WDF8248,37,,25,7,,,B
367492940,2022-01-02T04:46:43,47.26270,-122.35944,0.1,207.3,511.0,FELLOWSHIP,IMO0000000,WDF8248,37,,25,7,,,B
367492940,2022-01-02T04:52:42,47.26270,-122.35945,0.1,207.3,511.0,FELLOWSHIP,IMO0000000,WDF8248,37,,25,7,,,B
367492940,2022-01-02T04:43:43,47.26269,-122.35946,0.0,207.3,511.0,FELLOWSHIP,IMO0000000,WDF8248,37,,25,7,,,B
367492940,2022-01-02T05:04:42,47.26272,-122.35946,0.3,207.3,511.0,FELLOWSHIP,IMO0000000,WDF8248,37,,25,7,,,B
367492940,2022-01-02T05:07:44,47.26273,-122.35947,0.1,207.3,511.0,FELLOWSHIP,IMO0000000,WDF8248,37,,25,7,,,B
367492940,2022-01-02T02:27:20,47.26271,-122.35944,0.1,127.8,511.0,FELLOWSHIP,IMO0000000,WDF8248,37,,25,7,,,B
367492940,2022-01-02T05:10:43,47.26270,-122.35945,0.0,207.3,511.0,FELLOWSHIP,IMO0000000,WDF8248,37,,25,7,,,B
367492940,2022-01-02T04:58:45,47.26272,-122.35943,0.1,207.3,511.0,FELLOWSHIP,IMO0000000,WDF8248,37,,25,7,,,B
367492940,2022-01-02T05:19:42,47.26272,-122.35944,0.0,207.3,511.0,FELLOWSHIP,IMO0000000,WDF8248,37,,25,7,,,B
367492940,2022-01-02T05:13:42,47.26272,-122.35944,0.1,207.3,511.0,FELLOWSHIP,IMO0000000,WDF8248,37,,25,7,,,B
367492940,2022-01-02T05:16:41,47.26269,-122.35944,0.6,207.3,511.0,FELLOWSHIP,IMO0000000,WDF8248,37,,25,7,,,B
367492940,2022-01-02T05:25:41,47.26272,-122.35943,0.3,207.3,511.0,FELLOWSHIP,IMO0000000,WDF8248,37,,25,7,,,B
367492940,2022-01-02T05:39:08,47.26271,-122.35944,0.6,207.3,511.0,FELLOWSHIP,IMO0000000,WDF8248,37,,25,7,,,B
367492940,2022-01-02T05:22:41,47.26268,-122.35945,0.0,207.3,511.0,FELLOWSHIP,IMO0000000,WDF8248,37,,25,7,,,B
367492940,2022-01-02T05:36:37,47.26270,-122.35941,0.2,207.3,511.0,FELLOWSHIP,IMO0000000,WDF8248,37,,25,7,,,B
367492940,2022-01-02T05:28:41,47.26270,-122.35944,0.1,207.3,511.0,FELLOWSHIP,IMO0000000,WDF8248,37,,25,7,,,B
367492940,2022-01-02T05:48:37,47.26272,-122.35942,0.4,207.3,511.0,FELLOWSHIP,IMO0000000,WDF8248,37,,25,7,,,B
367492940,2022-01-02T05:51:40,47.26270,-122.35945,0.1,207.3,511.0,FELLOWSHIP,IMO0000000,WDF8248,37,,25,7,,,B
367492940,2022-01-02T05:37:38,47.26270,-122.35940,0.1,207.3,511.0,FELLOWSHIP,IMO0000000,WDF8248,37,,25,7,,,B
367492940,2022-01-02T05:54:37,47.26265,-122.35947,0.5,207.3,511.0,FELLOWSHIP,IMO0000000,WDF8248,37,,25,7,,,B
367492940,2022-01-02T06:03:38,47.26271,-122.35946,0.1,207.3,511.0,FELLOWSHIP,IMO0000000,WDF8248,37,,25,7,,,B
367492940,2022-01-02T05:45:39,47.26267,-122.35944,0.6,207.3,511.0,FELLOWSHIP,IMO0000000,WDF8248,37,,25,7,,,B
367492940,2022-01-02T06:00:38,47.26270,-122.35943,0.1,207.3,511.0,FELLOWSHIP,IMO0000000,WDF8248,37,,25,7,,,B
367492940,2022-01-02T06:09:37,47.26278,-122.35943,0.1,207.3,511.0,FELLOWSHIP,IMO0000000,WDF8248,37,,25,7,,,B
367492940,2022-01-02T06:06:37,47.26273,-122.35946,0.4,207.3,511.0,FELLOWSHIP,IMO0000000,WDF8248,37,,25,7,,,B
367492940,2022-01-02T06:15:38,47.26270,-122.35943,0.0,207.3,511.0,FELLOWSHIP,IMO0000000,WDF8248,37,,25,7,,,B
367492940,2022-01-02T06:12:38,47.26273,-122.35944,0.1,207.3,511.0,FELLOWSHIP,IMO0000000,WDF8248,37,,25,7,,,B
367492940,2022-01-02T05:57:37,47.26266,-122.35944,0.2,207.3,511.0,FELLOWSHIP,IMO0000000,WDF8248,37,,25,7,,,B
367492940,2022-01-02T06:21:38,47.26276,-122.35944,0.3,207.3,511.0,FELLOWSHIP,IMO0000000,WDF8248,37,,25,7,,,B
367492940,2022-01-02T06:27:37,47.26267,-122.35946,0.7,207.3,511.0,FELLOWSHIP,IMO0000000,WDF8248,37,,25,7,,,B
367492940,2022-01-02T06:33:38,47.26260,-122.35950,0.2,207.3,511.0,FELLOWSHIP,IMO0000000,WDF8248,37,,25,7,,,B
367492940,2022-01-02T06:36:38,47.26265,-122.35943,0.4,207.3,511.0,FELLOWSHIP,IMO0000000,WDF8248,37,,25,7,,,B
367492940,2022-01-02T06:18:38,47.26270,-122.35945,0.1,207.3,511.0,FELLOWSHIP,IMO0000000,WDF8248,37,,25,7,,,B
367492940,2022-01-02T03:07:42,47.26273,-122.35944,0.1,207.3,511.0,FELLOWSHIP,IMO0000000,WDF8248,37,,25,7,,,B
367492940,2022-01-02T06:45:37,47.26273,-122.35945,0.1,207.3,511.0,FELLOWSHIP,IMO0000000,WDF8248,37,,25,7,,,B
367492940,2022-01-02T06:42:38,47.26275,-122.35947,0.3,207.3,511.0,FELLOWSHIP,IMO0000000,WDF8248,37,,25,7,,,B
367492940,2022-01-02T06:54:38,47.26269,-122.35945,0.4,359.0,511.0,FELLOWSHIP,IMO0000000,WDF8248,37,,25,7,,,B
367492940,2022-01-02T06:48:37,47.26271,-122.35946,0.4,207.3,511.0,FELLOWSHIP,IMO0000000,WDF8248,37,,25,7,,,B
367492940,2022-01-02T06:51:40,47.26272,-122.35948,0.1,207.3,511.0,FELLOWSHIP,IMO0000000,WDF8248,37,,25,7,,,B
367492940,2022-01-02T07:00:37,47.26281,-122.35950,0.3,2.4,511.0,FELLOWSHIP,IMO0000000,WDF8248,37,,25,7,,,B
367492940,2022-01-02T03:19:45,47.26270,-122.35948,0.2,207.3,511.0,FELLOWSHIP,IMO0000000,WDF8248,37,,25,7,,,B
367492940,2022-01-02T06:39:38,47.26276,-122.35944,0.2,207.3,511.0,FELLOWSHIP,IMO0000000,WDF8248,37,,25,7,,,B
367492940,2022-01-02T07:13:33,47.26269,-122.35944,0.3,42.0,511.0,FELLOWSHIP,IMO0000000,WDF8248,37,,25,7,,,B
367492940,2022-01-02T07:11:03,47.26276,-122.35933,0.1,42.0,511.0,FELLOWSHIP,IMO0000000,WDF8248,37,,25,7,,,B
367492940,2022-01-02T07:12:05,47.26270,-122.35946,0.1,42.0,511.0,FELLOWSHIP,IMO0000000,WDF8248,37,,25,7,,,B
367492940,2022-01-02T06:57:38,47.26273,-122.35943,0.1,359.0,511.0,FELLOWSHIP,IMO0000000,WDF8248,37,,25,7,,,B
367492940,2022-01-02T07:23:05,47.26270,-122.35946,0.1,42.0,511.0,FELLOWSHIP,IMO0000000,WDF8248,37,,25,7,,,B
367492940,2022-01-02T07:26:03,47.26272,-122.35946,0.0,42.0,511.0,FELLOWSHIP,IMO0000000,WDF8248,37,,25,7,,,B
367492940,2022-01-02T07:09:38,47.26270,-122.35943,0.3,11.3,511.0,FELLOWSHIP,IMO0000000,WDF8248,37,,25,7,,,B
367492940,2022-01-02T07:32:05,47.26271,-122.35941,0.4,42.0,511.0,FELLOWSHIP,IMO0000000,WDF8248,37,,25,7,,,B
367492940,2022-01-02T07:41:04,47.26271,-122.35944,0.1,42.0,511.0,FELLOWSHIP,IMO0000000,WDF8248,37,,25,7,,,B
367492940,2022-01-02T03:34:43,47.26270,-122.35944,0.5,207.3,511.0,FELLOWSHIP,IMO0000000,WDF8248,37,,25,7,,,B
367492940,2022-01-02T07:56:03,47.26271,-122.35948,0.1,42.0,511.0,FELLOWSHIP,IMO0000000,WDF8248,37,,25,7,,,B
367492940,2022-01-02T07:38:03,47.26270,-122.35945,0.5,42.0,511.0,FELLOWSHIP,IMO0000000,WDF8248,37,,25,7,,,B
367492940,2022-01-02T08:05:03,47.26269,-122.35947,0.0,42.0,511.0,FELLOWSHIP,IMO0000000,WDF8248,37,,25,7,,,B
367492940,2022-01-02T07:44:03,47.26271,-122.35948,0.1,42.0,511.0,FELLOWSHIP,IMO0000000,WDF8248,37,,25,7,,,B
367492940,2022-01-02T08:14:06,47.26269,-122.35947,0.4,42.0,511.0,FELLOWSHIP,IMO0000000,WDF8248,37,,25,7,,,B
367492940,2022-01-02T07:47:07,47.26273,-122.35947,0.2,42.0,511.0,FELLOWSHIP,IMO0000000,WDF8248,37,,25,7,,,B
367492940,2022-01-02T07:53:04,47.26271,-122.35950,0.1,42.0,511.0,FELLOWSHIP,IMO0000000,WDF8248,37,,25,7,,,B
367492940,2022-01-02T08:26:03,47.26272,-122.35952,0.2,42.0,511.0,FELLOWSHIP,IMO0000000,WDF8248,37,,25,7,,,B
367492940,2022-01-02T08:20:03,47.26269,-122.35946,0.2,42.0,511.0,FELLOWSHIP,IMO0000000,WDF8248,37,,25,7,,,B
367492940,2022-01-02T08:17:04,47.26268,-122.35947,0.1,42.0,511.0,FELLOWSHIP,IMO0000000,WDF8248,37,,25,7,,,B
367492940,2022-01-02T08:32:03,47.26268,-122.35946,0.2,42.0,511.0,FELLOWSHIP,IMO0000000,WDF8248,37,,25,7,,,B
367492940,2022-01-02T08:08:04,47.26273,-122.35946,0.3,42.0,511.0,FELLOWSHIP,IMO0000000,WDF8248,37,,25,7,,,B
367492940,2022-01-02T08:11:04,47.26270,-122.35948,0.4,42.0,511.0,FELLOWSHIP,IMO0000000,WDF8248,37,,25,7,,,B
367492940,2022-01-02T08:38:03,47.26270,-122.35945,0.1,42.0,511.0,FELLOWSHIP,IMO0000000,WDF8248,37,,25,7,,,B
367492940,2022-01-02T08:29:03,47.26270,-122.35943,0.2,42.0,511.0,FELLOWSHIP,IMO0000000,WDF8248,37,,25,7,,,B
367492940,2022-01-02T08:44:03,47.26273,-122.35949,0.2,42.0,511.0,FELLOWSHIP,IMO0000000,WDF8248,37,,25,7,,,B
367492940,2022-01-02T09:02:04,47.26270,-122.35948,0.2,42.0,511.0,FELLOWSHIP,IMO0000000,WDF8248,37,,25,7,,,B
367492940,2022-01-02T08:41:06,47.26270,-122.35947,0.1,42.0,511.0,FELLOWSHIP,IMO0000000,WDF8248,37,,25,7,,,B
367492940,2022-01-02T08:47:03,47.26272,-122.35948,0.2,42.0,511.0,FELLOWSHIP,IMO0000000,WDF8248,37,,25,7,,,B
367492940,2022-01-02T08:50:06,47.26270,-122.35948,0.1,42.0,511.0,FELLOWSHIP,IMO0000000,WDF8248,37,,25,7,,,B
367492940,2022-01-02T08:53:03,47.26269,-122.35949,0.0,42.0,511.0,FELLOWSHIP,IMO0000000,WDF8248,37,,25,7,,,B
367492940,2022-01-02T09:26:04,47.26270,-122.35945,0.3,193.6,511.0,FELLOWSHIP,IMO0000000,WDF8248,37,,25,7,,,B
367492940,2022-01-02T08:56:05,47.26270,-122.35947,0.2,42.0,511.0,FELLOWSHIP,IMO0000000,WDF8248,37,,25,7,,,B
367492940,2022-01-02T09:29:03,47.26270,-122.35949,0.1,193.6,511.0,FELLOWSHIP,IMO0000000,WDF8248,37,,25,7,,,B
367492940,2022-01-02T09:35:04,47.26269,-122.35945,0.1,193.6,511.0,FELLOWSHIP,IMO0000000,WDF8248,37,,25,7,,,B
367492940,2022-01-02T09:23:05,47.26268,-122.35946,0.1,193.6,511.0,FELLOWSHIP,IMO0000000,WDF8248,37,,25,7,,,B
367492940,2022-01-02T09:05:03,47.26268,-122.35948,1.5,42.0,511.0,FELLOWSHIP,IMO0000000,WDF8248,37,,25,7,,,B
367492940,2022-01-02T09:20:03,47.26271,-122.35946,0.1,193.6,511.0,FELLOWSHIP,IMO0000000,WDF8248,37,,25,7,,,B
367492940,2022-01-02T09:44:03,47.26270,-122.35945,0.0,193.6,511.0,FELLOWSHIP,IMO0000000,WDF8248,37,,25,7,,,B
367492940,2022-01-02T09:59:05,47.26272,-122.35945,0.1,86.0,511.0,FELLOWSHIP,IMO0000000,WDF8248,37,,25,7,,,B
367492940,2022-01-02T09:38:03,47.26271,-122.35945,0.2,193.6,511.0,FELLOWSHIP,IMO0000000,WDF8248,37,,25,7,,,B
367492940,2022-01-02T04:25:43,47.26270,-122.35944,0.1,207.3,511.0,FELLOWSHIP,IMO0000000,WDF8248,37,,25,7,,,B
367492940,2022-01-02T10:05:03,47.26274,-122.35947,0.2,86.0,511.0,FELLOWSHIP,IMO0000000,WDF8248,37,,25,7,,,B
367492940,2022-01-02T04:28:43,47.26270,-122.35943,0.1,207.3,511.0,FELLOWSHIP,IMO0000000,WDF8248,37,,25,7,,,B
367492940,2022-01-02T09:56:03,47.26270,-122.35946,0.2,193.6,511.0,FELLOWSHIP,IMO0000000,WDF8248,37,,25,7,,,B
367492940,2022-01-02T09:32:03,47.26268,-122.35946,0.1,193.6,511.0,FELLOWSHIP,IMO0000000,WDF8248,37,,25,7,,,B
367492940,2022-01-02T09:50:03,47.26270,-122.35944,0.0,193.6,511.0,FELLOWSHIP,IMO0000000,WDF8248,37,,25,7,,,B
367492940,2022-01-02T09:41:03,47.26270,-122.35945,0.0,193.6,511.0,FELLOWSHIP,IMO0000000,WDF8248,37,,25,7,,,B
367492940,2022-01-02T10:14:04,47.26272,-122.35944,0.0,86.0,511.0,FELLOWSHIP,IMO0000000,WDF8248,37,,25,7,,,B
367492940,2022-01-02T10:08:06,47.26273,-122.35946,0.1,86.0,511.0,FELLOWSHIP,IMO0000000,WDF8248,37,,25,7,,,B
367492940,2022-01-02T10:20:03,47.26270,-122.35946,0.1,86.0,511.0,FELLOWSHIP,IMO0000000,WDF8248,37,,25,7,,,B
367492940,2022-01-02T09:53:03,47.26270,-122.35945,0.1,193.6,511.0,FELLOWSHIP,IMO0000000,WDF8248,37,,25,7,,,B
367492940,2022-01-02T10:32:03,47.26270,-122.35947,0.5,86.0,511.0,FELLOWSHIP,IMO0000000,WDF8248,37,,25,7,,,B
367492940,2022-01-02T10:35:03,47.26273,-122.35950,0.1,86.0,511.0,FELLOWSHIP,IMO0000000,WDF8248,37,,25,7,,,B
367492940,2022-01-02T04:40:42,47.26269,-122.35942,0.4,207.3,511.0,FELLOWSHIP,IMO0000000,WDF8248,37,,25,7,,,B
367492940,2022-01-02T10:38:04,47.26271,-122.35944,0.3,86.0,511.0,FELLOWSHIP,IMO0000000,WDF8248,37,,25,7,,,B
367492940,2022-01-02T10:29:04,47.26271,-122.35947,0.1,86.0,511.0,FELLOWSHIP,IMO0000000,WDF8248,37,,25,7,,,B
367492940,2022-01-02T10:41:03,47.26271,-122.35948,0.3,86.0,511.0,FELLOWSHIP,IMO0000000,WDF8248,37,,25,7,,,B
367492940,2022-01-02T10:44:04,47.26270,-122.35943,0.2,86.0,511.0,FELLOWSHIP,IMO0000000,WDF8248,37,,25,7,,,B
367492940,2022-01-02T10:11:04,47.26275,-122.35945,0.1,86.0,511.0,FELLOWSHIP,IMO0000000,WDF8248,37,,25,7,,,B
367492940,2022-01-02T10:23:04,47.26272,-122.35944,0.2,86.0,511.0,FELLOWSHIP,IMO0000000,WDF8248,37,,25,7,,,B
367492940,2022-01-02T04:49:42,47.26270,-122.35944,0.0,207.3,511.0,FELLOWSHIP,IMO0000000,WDF8248,37,,25,7,,,B
367492940,2022-01-02T10:26:03,47.26271,-122.35944,0.1,86.0,511.0,FELLOWSHIP,IMO0000000,WDF8248,37,,25,7,,,B
367492940,2022-01-02T04:55:43,47.26270,-122.35944,0.0,207.3,511.0,FELLOWSHIP,IMO0000000,WDF8248,37,,25,7,,,B
367492940,2022-01-02T11:17:04,47.26270,-122.35947,0.4,86.0,511.0,FELLOWSHIP,IMO0000000,WDF8248,37,,25,7,,,B
367492940,2022-01-02T05:01:42,47.26269,-122.35946,0.2,207.3,511.0,FELLOWSHIP,IMO0000000,WDF8248,37,,25,7,,,B
367492940,2022-01-02T10:50:03,47.26271,-122.35949,0.2,86.0,511.0,FELLOWSHIP,IMO0000000,WDF8248,37,,25,7,,,B
367492940,2022-01-02T11:14:05,47.26269,-122.35946,0.1,86.0,511.0,FELLOWSHIP,IMO0000000,WDF8248,37,,25,7,,,B
367492940,2022-01-02T11:38:04,47.26271,-122.35946,0.1,86.0,511.0,FELLOWSHIP,IMO0000000,WDF8248,37,,25,7,,,B
367492940,2022-01-02T11:05:03,47.26270,-122.35936,0.0,86.0,511.0,FELLOWSHIP,IMO0000000,WDF8248,37,,25,7,,,B
367492940,2022-01-02T11:44:05,47.26270,-122.35947,0.1,191.7,511.0,FELLOWSHIP,IMO0000000,WDF8248,37,,25,7,,,B
367492940,2022-01-02T11:11:04,47.26268,-122.35945,0.1,86.0,511.0,FELLOWSHIP,IMO0000000,WDF8248,37,,25,7,,,B
367492940,2022-01-02T11:26:03,47.26274,-122.35946,0.5,86.0,511.0,FELLOWSHIP,IMO0000000,WDF8248,37,,25,7,,,B
367492940,2022-01-02T11:20:03,47.26271,-122.35943,0.0,86.0,511.0,FELLOWSHIP,IMO0000000,WDF8248,37,,25,7,,,B
367492940,2022-01-02T11:35:04,47.26271,-122.35946,0.1,86.0,511.0,FELLOWSHIP,IMO0000000,WDF8248,37,,25,7,,,B
367492940,2022-01-02T12:14:05,47.26270,-122.35948,0.2,130.5,511.0,FELLOWSHIP,IMO0000000,WDF8248,37,,25,7,,,B
367492940,2022-01-02T11:32:03,47.26271,-122.35946,0.0,86.0,511.0,FELLOWSHIP,IMO0000000,WDF8248,37,,25,7,,,B
367492940,2022-01-02T11:50:03,47.26272,-122.35946,0.1,130.5,511.0,FELLOWSHIP,IMO0000000,WDF8248,37,,25,7,,,B
367492940,2022-01-02T11:56:04,47.26271,-122.35947,0.2,130.5,511.0,FELLOWSHIP,IMO0000000,WDF8248,37,,25,7,,,B
367492940,2022-01-02T12:35:03,47.26273,-122.35946,0.1,130.5,511.0,FELLOWSHIP,IMO0000000,WDF8248,37,,25,7,,,B
367492940,2022-01-02T05:31:43,47.26270,-122.35943,0.2,207.3,511.0,FELLOWSHIP,IMO0000000,WDF8248,37,,25,7,,,B
367492940,2022-01-02T12:20:04,47.26273,-122.35944,0.2,130.5,511.0,FELLOWSHIP,IMO0000000,WDF8248,37,,25,7,,,B
367492940,2022-01-02T12:08:03,47.26272,-122.35947,0.1,130.5,511.0,FELLOWSHIP,IMO0000000,WDF8248,37,,25,7,,,B
367492940,2022-01-02T05:34:42,47.26270,-122.35943,0.2,207.3,511.0,FELLOWSHIP,IMO0000000,WDF8248,37,,25,7,,,B
367492940,2022-01-02T12:02:03,47.26273,-122.35948,0.1,130.5,511.0,FELLOWSHIP,IMO0000000,WDF8248,37,,25,7,,,B
367492940,2022-01-02T12:32:04,47.26272,-122.35945,0.1,130.5,511.0,FELLOWSHIP,IMO0000000,WDF8248,37,,25,7,,,B
367492940,2022-01-02T12:56:04,47.26270,-122.35945,0.1,130.5,511.0,FELLOWSHIP,IMO0000000,WDF8248,37,,25,7,,,B
367492940,2022-01-02T12:23:03,47.26271,-122.35945,0.5,130.5,511.0,FELLOWSHIP,IMO0000000,WDF8248,37,,25,7,,,B
367492940,2022-01-02T12:59:07,47.26271,-122.35948,0.1,130.5,511.0,FELLOWSHIP,IMO0000000,WDF8248,37,,25,7,,,B
367492940,2022-01-02T12:26:03,47.26275,-122.35944,0.2,130.5,511.0,FELLOWSHIP,IMO0000000,WDF8248,37,,25,7,,,B
367492940,2022-01-02T12:41:03,47.26269,-122.35947,0.2,130.5,511.0,FELLOWSHIP,IMO0000000,WDF8248,37,,25,7,,,B
367492940,2022-01-02T12:44:03,47.26268,-122.35948,0.0,130.5,511.0,FELLOWSHIP,IMO0000000,WDF8248,37,,25,7,,,B
367492940,2022-01-02T12:50:03,47.26268,-122.35959,0.2,130.5,511.0,FELLOWSHIP,IMO0000000,WDF8248,37,,25,7,,,B
367492940,2022-01-02T13:35:04,47.26270,-122.35946,0.3,130.5,511.0,FELLOWSHIP,IMO0000000,WDF8248,37,,25,7,,,B
367492940,2022-01-02T12:53:04,47.26267,-122.35948,0.2,130.5,511.0,FELLOWSHIP,IMO0000000,WDF8248,37,,25,7,,,B
367492940,2022-01-02T13:26:05,47.26272,-122.35944,0.2,130.5,511.0,FELLOWSHIP,IMO0000000,WDF8248,37,,25,7,,,B
367492940,2022-01-02T13:05:04,47.26267,-122.35946,0.1,130.5,511.0,FELLOWSHIP,IMO0000000,WDF8248,37,,25,7,,,B
367492940,2022-01-02T13:02:06,47.26274,-122.35946,0.1,130.5,511.0,FELLOWSHIP,IMO0000000,WDF8248,37,,25,7,,,B
367492940,2022-01-02T13:08:03,47.26268,-122.35947,0.3,130.5,511.0,FELLOWSHIP,IMO0000000,WDF8248,37,,25,7,,,B
367492940,2022-01-02T13:17:03,47.26274,-122.35944,0.2,130.5,511.0,FELLOWSHIP,IMO0000000,WDF8248,37,,25,7,,,B
367492940,2022-01-02T13:59:03,47.26271,-122.35946,0.2,38.8,511.0,FELLOWSHIP,IMO0000000,WDF8248,37,,25,7,,,B
367492940,2022-01-02T13:50:05,47.26270,-122.35946,0.3,38.8,511.0,FELLOWSHIP,IMO0000000,WDF8248,37,,25,7,,,B
367492940,2022-01-02T14:11:05,47.26278,-122.35944,0.5,38.8,511.0,FELLOWSHIP,IMO0000000,WDF8248,37,,25,7,,,B
367492940,2022-01-02T13:38:03,47.26269,-122.35945,0.1,130.5,511.0,FELLOWSHIP,IMO0000000,WDF8248,37,,25,7,,,B
367492940,2022-01-02T14:14:04,47.26267,-122.35946,0.2,157.1,511.0,FELLOWSHIP,IMO0000000,WDF8248,37,,25,7,,,B
367492940,2022-01-02T13:44:04,47.26272,-122.35945,0.1,130.5,511.0,FELLOWSHIP,IMO0000000,WDF8248,37,,25,7,,,B
367492940,2022-01-02T14:08:04,47.26270,-122.35943,0.2,38.8,511.0,FELLOWSHIP,IMO0000000,WDF8248,37,,25,7,,,B
367492940,2022-01-02T14:23:06,47.26269,-122.35945,0.6,157.1,511.0,FELLOWSHIP,IMO0000000,WDF8248,37,,25,7,,,B
367492940,2022-01-02T14:20:05,47.26270,-122.35946,0.1,157.1,511.0,FELLOWSHIP,IMO0000000,WDF8248,37,,25,7,,,B
367492940,2022-01-02T06:24:37,47.26271,-122.35951,0.3,207.3,511.0,FELLOWSHIP,IMO0000000,WDF8248,37,,25,7,,,B
367492940,2022-01-02T14:17:05,47.26267,-122.35947,0.1,157.1,511.0,FELLOWSHIP,IMO0000000,WDF8248,37,,25,7,,,B
367492940,2022-01-02T14:05:03,47.26270,-122.35943,0.5,38.8,511.0,FELLOWSHIP,IMO0000000,WDF8248,37,,25,7,,,B
367492940,2022-01-02T13:56:04,47.26271,-122.35946,0.2,38.8,511.0,FELLOWSHIP,IMO0000000,WDF8248,37,,25,7,,,B
367492940,2022-01-02T14:32:03,47.26266,-122.35947,0.1,35.0,511.0,FELLOWSHIP,IMO0000000,WDF8248,37,,25,7,,,B
367492940,2022-01-02T14:35:03,47.26268,-122.35948,0.1,135.9,511.0,FELLOWSHIP,IMO0000000,WDF8248,37,,25,7,,,B
367492940,2022-01-02T14:02:03,47.26271,-122.35945,0.1,38.8,511.0,FELLOWSHIP,IMO0000000,WDF8248,37,,25,7,,,B
367492940,2022-01-02T14:41:03,47.26278,-122.35947,0.3,135.9,511.0,FELLOWSHIP,IMO0000000,WDF8248,37,,25,7,,,B
367492940,2022-01-02T14:53:03,47.26269,-122.35946,0.1,135.9,511.0,FELLOWSHIP,IMO0000000,WDF8248,37,,25,7,,,B
367492940,2022-01-02T14:56:04,47.26270,-122.35947,0.2,135.9,511.0,FELLOWSHIP,IMO0000000,WDF8248,37,,25,7,,,B
367492940,2022-01-02T14:59:03,47.26268,-122.35948,0.6,135.9,511.0,FELLOWSHIP,IMO0000000,WDF8248,37,,25,7,,,B
367492940,2022-01-02T14:38:04,47.26270,-122.35948,0.1,135.9,511.0,FELLOWSHIP,IMO0000000,WDF8248,37,,25,7,,,B
367492940,2022-01-02T15:08:03,47.26267,-122.35946,0.3,135.9,511.0,FELLOWSHIP,IMO0000000,WDF8248,37,,25,7,,,B
367492940,2022-01-02T14:26:03,47.26265,-122.35946,0.0,51.0,511.0,FELLOWSHIP,IMO0000000,WDF8248,37,,25,7,,,B
367492940,2022-01-02T15:26:03,47.26265,-122.35946,0.2,135.9,511.0,FELLOWSHIP,IMO0000000,WDF8248,37,,25,7,,,B
367492940,2022-01-02T14:47:04,47.26275,-122.35945,0.1,135.9,511.0,FELLOWSHIP,IMO0000000,WDF8248,37,,25,7,,,B
367492940,2022-01-02T15:44:03,47.26268,-122.35947,0.1,135.9,511.0,FELLOWSHIP,IMO0000000,WDF8248,37,,25,7,,,B
367492940,2022-01-02T15:11:03,47.26272,-122.35946,0.0,135.9,511.0,FELLOWSHIP,IMO0000000,WDF8248,37,,25,7,,,B
367492940,2022-01-02T15:47:03,47.26268,-122.35944,0.4,135.9,511.0,FELLOWSHIP,IMO0000000,WDF8248,37,,25,7,,,B
367492940,2022-01-02T15:14:04,47.26272,-122.35947,0.1,135.9,511.0,FELLOWSHIP,IMO0000000,WDF8248,37,,25,7,,,B
367492940,2022-01-02T15:17:05,47.26277,-122.35949,0.1,135.9,511.0,FELLOWSHIP,IMO0000000,WDF8248,37,,25,7,,,B
367492940,2022-01-02T15:59:04,47.26270,-122.35946,0.1,135.9,511.0,FELLOWSHIP,IMO0000000,WDF8248,37,,25,7,,,B
367492940,2022-01-02T15:20:05,47.26269,-122.35945,0.0,135.9,511.0,FELLOWSHIP,IMO0000000,WDF8248,37,,25,7,,,B
367492940,2022-01-02T15:23:05,47.26267,-122.35947,0.1,135.9,511.0,FELLOWSHIP,IMO0000000,WDF8248,37,,25,7,,,B
367492940,2022-01-02T16:11:04,47.26270,-122.35946,0.0,135.9,511.0,FELLOWSHIP,IMO0000000,WDF8248,37,,25,7,,,B
367492940,2022-01-02T07:03:37,47.26271,-122.35946,0.3,11.3,511.0,FELLOWSHIP,IMO0000000,WDF8248,37,,25,7,,,B
367492940,2022-01-02T16:14:03,47.26270,-122.35945,0.0,135.9,511.0,FELLOWSHIP,IMO0000000,WDF8248,37,,25,7,,,B
367492940,2022-01-02T15:29:04,47.26268,-122.35944,0.1,135.9,511.0,FELLOWSHIP,IMO0000000,WDF8248,37,,25,7,,,B
367492940,2022-01-02T15:35:03,47.26269,-122.35944,0.0,135.9,511.0,FELLOWSHIP,IMO0000000,WDF8248,37,,25,7,,,B
367492940,2022-01-02T15:53:03,47.26270,-122.35944,0.2,135.9,511.0,FELLOWSHIP,IMO0000000,WDF8248,37,,25,7,,,B
367492940,2022-01-02T15:41:05,47.26268,-122.35950,0.2,135.9,511.0,FELLOWSHIP,IMO0000000,WDF8248,37,,25,7,,,B
367492940,2022-01-02T15:56:04,47.26270,-122.35945,0.1,135.9,511.0,FELLOWSHIP,IMO0000000,WDF8248,37,,25,7,,,B
367492940,2022-01-02T16:35:04,47.26271,-122.35947,0.1,135.9,511.0,FELLOWSHIP,IMO0000000,WDF8248,37,,25,7,,,B
367492940,2022-01-02T16:26:03,47.26269,-122.35944,0.1,135.9,511.0,FELLOWSHIP,IMO0000000,WDF8248,37,,25,7,,,B
367492940,2022-01-02T16:08:03,47.26271,-122.35943,0.2,135.9,511.0,FELLOWSHIP,IMO0000000,WDF8248,37,,25,7,,,B
367492940,2022-01-02T16:29:03,47.26269,-122.35945,0.1,135.9,511.0,FELLOWSHIP,IMO0000000,WDF8248,37,,25,7,,,B
367492940,2022-01-02T15:50:03,47.26269,-122.35946,0.3,135.9,511.0,FELLOWSHIP,IMO0000000,WDF8248,37,,25,7,,,B
367492940,2022-01-02T16:02:03,47.26268,-122.35943,0.1,135.9,511.0,FELLOWSHIP,IMO0000000,WDF8248,37,,25,7,,,B
367492940,2022-01-02T16:17:03,47.26270,-122.35945,0.1,135.9,511.0,FELLOWSHIP,IMO0000000,WDF8248,37,,25,7,,,B
367492940,2022-01-02T07:17:03,47.26270,-122.35942,0.2,42.0,511.0,FELLOWSHIP,IMO0000000,WDF8248,37,,25,7,,,B
367492940,2022-01-02T16:44:03,47.26269,-122.35945,0.2,135.9,511.0,FELLOWSHIP,IMO0000000,WDF8248,37,,25,7,,,B
367492940,2022-01-02T16:56:03,47.26271,-122.35944,0.1,135.9,511.0,FELLOWSHIP,IMO0000000,WDF8248,37,,25,7,,,B
367492940,2022-01-02T16:05:07,47.26272,-122.35949,0.3,135.9,511.0,FELLOWSHIP,IMO0000000,WDF8248,37,,25,7,,,B
367492940,2022-01-02T07:20:04,47.26270,-122.35936,0.1,42.0,511.0,FELLOWSHIP,IMO0000000,WDF8248,37,,25,7,,,B
367492940,2022-01-02T17:02:03,47.26273,-122.35946,0.1,135.9,511.0,FELLOWSHIP,IMO0000000,WDF8248,37,,25,7,,,B
367492940,2022-01-02T16:47:03,47.26268,-122.35943,0.3,135.9,511.0,FELLOWSHIP,IMO0000000,WDF8248,37,,25,7,,,B
367492940,2022-01-02T17:14:03,47.26270,-122.35947,0.1,135.9,511.0,FELLOWSHIP,IMO0000000,WDF8248,37,,25,7,,,B
367492940,2022-01-02T16:41:03,47.26271,-122.35944,0.0,135.9,511.0,FELLOWSHIP,IMO0000000,WDF8248,37,,25,7,,,B
367492940,2022-01-02T17:05:04,47.26270,-122.35946,0.1,135.9,511.0,FELLOWSHIP,IMO0000000,WDF8248,37,,25,7,,,B
367492940,2022-01-02T07:35:04,47.26275,-122.35946,0.2,42.0,511.0,FELLOWSHIP,IMO0000000,WDF8248,37,,25,7,,,B
367492940,2022-01-02T17:11:03,47.26270,-122.35944,0.0,135.9,511.0,FELLOWSHIP,IMO0000000,WDF8248,37,,25,7,,,B
367492940,2022-01-02T17:32:03,47.26272,-122.35943,0.2,135.9,511.0,FELLOWSHIP,IMO0000000,WDF8248,37,,25,7,,,B
367492940,2022-01-02T16:50:04,47.26269,-122.35944,0.2,135.9,511.0,FELLOWSHIP,IMO0000000,WDF8248,37,,25,7,,,B
367492940,2022-01-02T17:35:03,47.26271,-122.35945,0.1,135.9,511.0,FELLOWSHIP,IMO0000000,WDF8248,37,,25,7,,,B
367492940,2022-01-02T17:41:03,47.26275,-122.35946,0.4,168.7,511.0,FELLOWSHIP,IMO0000000,WDF8248,37,,25,7,,,B
367492940,2022-01-02T16:53:03,47.26271,-122.35941,0.3,135.9,511.0,FELLOWSHIP,IMO0000000,WDF8248,37,,25,7,,,B
367492940,2022-01-02T17:44:03,47.26272,-122.35944,0.1,168.7,511.0,FELLOWSHIP,IMO0000000,WDF8248,37,,25,7,,,B
367492940,2022-01-02T17:47:05,47.26271,-122.35946,0.1,168.7,511.0,FELLOWSHIP,IMO0000000,WDF8248,37,,25,7,,,B
367492940,2022-01-02T17:29:03,47.26266,-122.35948,0.3,135.9,511.0,FELLOWSHIP,IMO0000000,WDF8248,37,,25,7,,,B
367492940,2022-01-02T17:20:03,47.26271,-122.35944,0.3,135.9,511.0,FELLOWSHIP,IMO0000000,WDF8248,37,,25,7,,,B
367492940,2022-01-02T17:17:03,47.26272,-122.35945,0.1,135.9,511.0,FELLOWSHIP,IMO0000000,WDF8248,37,,25,7,,,B
367492940,2022-01-02T17:23:03,47.26271,-122.35943,0.4,135.9,511.0,FELLOWSHIP,IMO0000000,WDF8248,37,,25,7,,,B
367492940,2022-01-02T18:20:03,47.26273,-122.35946,0.0,245.4,511.0,FELLOWSHIP,IMO0000000,WDF8248,37,,25,7,,,B
367492940,2022-01-02T17:50:03,47.26272,-122.35946,0.0,168.7,511.0,FELLOWSHIP,IMO0000000,WDF8248,37,,25,7,,,B
367492940,2022-01-02T17:56:03,47.26272,-122.35946,0.5,168.7,511.0,FELLOWSHIP,IMO0000000,WDF8248,37,,25,7,,,B
367492940,2022-01-02T17:53:04,47.26272,-122.35946,0.1,168.7,511.0,FELLOWSHIP,IMO0000000,WDF8248,37,,25,7,,,B
367492940,2022-01-02T17:59:06,47.26271,-122.35945,0.0,168.7,511.0,FELLOWSHIP,IMO0000000,WDF8248,37,,25,7,,,B
367492940,2022-01-02T18:23:03,47.26275,-122.35938,0.1,245.4,511.0,FELLOWSHIP,IMO0000000,WDF8248,37,,25,7,,,B
367492940,2022-01-02T18:05:03,47.26276,-122.35944,0.8,7.3,511.0,FELLOWSHIP,IMO0000000,WDF8248,37,,25,7,,,B
367492940,2022-01-02T18:26:03,47.26271,-122.35945,0.2,245.4,511.0,FELLOWSHIP,IMO0000000,WDF8248,37,,25,7,,,B
367492940,2022-01-02T18:29:03,47.26270,-122.35946,0.2,245.4,511.0,FELLOWSHIP,IMO0000000,WDF8248,37,,25,7,,,B
367492940,2022-01-02T18:32:03,47.26272,-122.35945,0.4,245.4,511.0,FELLOWSHIP,IMO0000000,WDF8248,37,,25,7,,,B
367492940,2022-01-02T18:11:05,47.26274,-122.35943,0.2,245.4,511.0,FELLOWSHIP,IMO0000000,WDF8248,37,,25,7,,,B
367492940,2022-01-02T18:50:04,47.26271,-122.35944,0.1,32.0,511.0,FELLOWSHIP,IMO0000000,WDF8248,37,,25,7,,,B
367492940,2022-01-02T18:02:05,47.26277,-122.35946,0.4,1.3,511.0,FELLOWSHIP,IMO0000000,WDF8248,37,,25,7,,,B
367492940,2022-01-02T18:44:07,47.26276,-122.35941,0.2,32.0,511.0,FELLOWSHIP,IMO0000000,WDF8248,37,,25,7,,,B
367492940,2022-01-02T18:08:04,47.26274,-122.35947,0.1,245.4,511.0,FELLOWSHIP,IMO0000000,WDF8248,37,,25,7,,,B
367492940,2022-01-02T18:38:05,47.26273,-122.35943,0.1,25.8,511.0,FELLOWSHIP,IMO0000000,WDF8248,37,,25,7,,,B
367492940,2022-01-02T19:23:04,47.26271,-122.35943,0.3,32.0,511.0,FELLOWSHIP,IMO0000000,WDF8248,37,,25,7,,,B
367492940,2022-01-02T18:35:03,47.26270,-122.35945,0.4,274.6,511.0,FELLOWSHIP,IMO0000000,WDF8248,37,,25,7,,,B
367492940,2022-01-02T19:32:03,47.26270,-122.35946,0.1,32.0,511.0,FELLOWSHIP,IMO0000000,WDF8248,37,,25,7,,,B
367492940,2022-01-02T19:17:04,47.26271,-122.35944,0.0,32.0,511.0,FELLOWSHIP,IMO0000000,WDF8248,37,,25,7,,,B
367492940,2022-01-02T19:38:03,47.26270,-122.35947,0.2,32.0,511.0,FELLOWSHIP,IMO0000000,WDF8248,37,,25,7,,,B
367492940,2022-01-02T19:05:04,47.26275,-122.35946,0.6,32.0,511.0,FELLOWSHIP,IMO0000000,WDF8248,37,,25,7,,,B
367492940,2022-01-02T18:56:03,47.26273,-122.35949,0.2,32.0,511.0,FELLOWSHIP,IMO0000000,WDF8248,37,,25,7,,,B
367492940,2022-01-02T19:50:04,47.26271,-122.35947,0.2,70.5,511.0,FELLOWSHIP,IMO0000000,WDF8248,37,,25,7,,,B
367492940,2022-01-02T19:26:05,47.26276,-122.35948,0.3,32.0,511.0,FELLOWSHIP,IMO0000000,WDF8248,37,,25,7,,,B
367492940,2022-01-02T19:53:03,47.26271,-122.35945,0.2,70.5,511.0,FELLOWSHIP,IMO0000000,WDF8248,37,,25,7,,,B
367492940,2022-01-02T18:59:03,47.26273,-122.35940,0.1,32.0,511.0,FELLOWSHIP,IMO0000000,WDF8248,37,,25,7,,,B
367492940,2022-01-02T19:20:04,47.26271,-122.35944,0.2,32.0,511.0,FELLOWSHIP,IMO0000000,WDF8248,37,,25,7,,,B
367492940,2022-01-02T19:44:03,47.26270,-122.35946,0.3,70.5,511.0,FELLOWSHIP,IMO0000000,WDF8248,37,,25,7,,,B
367492940,2022-01-02T20:08:04,47.26269,-122.35943,0.3,47.4,511.0,FELLOWSHIP,IMO0000000,WDF8248,37,,25,7,,,B
367492940,2022-01-02T20:15:00,47.26271,-122.35946,0.1,28.0,511.0,FELLOWSHIP,IMO0000000,WDF8248,37,,25,7,,,B
367492940,2022-01-02T19:14:03,47.26272,-122.35945,0.1,32.0,511.0,FELLOWSHIP,IMO0000000,WDF8248,37,,25,7,,,B
367492940,2022-01-02T19:56:07,47.26271,-122.35948,0.2,70.5,511.0,FELLOWSHIP,IMO0000000,WDF8248,37,,25,7,,,B
367492940,2022-01-02T20:05:06,47.26272,-122.35943,0.2,118.1,511.0,FELLOWSHIP,IMO0000000,WDF8248,37,,25,7,,,B
367492940,2022-01-02T19:29:03,47.26268,-122.35943,0.0,32.0,511.0,FELLOWSHIP,IMO0000000,WDF8248,37,,25,7,,,B
367492940,2022-01-02T19:35:03,47.26270,-122.35944,0.2,32.0,511.0,FELLOWSHIP,IMO0000000,WDF8248,37,,25,7,,,B
367492940,2022-01-02T20:37:30,47.26270,-122.35946,0.2,141.4,511.0,FELLOWSHIP,IMO0000000,WDF8248,37,,25,7,,,B
367492940,2022-01-02T19:41:04,47.26270,-122.35944,0.0,32.0,511.0,FELLOWSHIP,IMO0000000,WDF8248,37,,25,7,,,B
367492940,2022-01-02T20:40:33,47.26270,-122.35945,0.3,141.4,511.0,FELLOWSHIP,IMO0000000,WDF8248,37,,25,7,,,B
367492940,2022-01-02T20:02:04,47.26271,-122.35947,0.3,118.1,511.0,FELLOWSHIP,IMO0000000,WDF8248,37,,25,7,,,B
367492940,2022-01-02T20:31:30,47.26270,-122.35947,0.0,141.4,511.0,FELLOWSHIP,IMO0000000,WDF8248,37,,25,7,,,B
367492940,2022-01-02T19:59:03,47.26271,-122.35945,0.5,70.5,511.0,FELLOWSHIP,IMO0000000,WDF8248,37,,25,7,,,B
367492940,2022-01-02T20:58:32,47.26270,-122.35946,0.1,141.4,511.0,FELLOWSHIP,IMO0000000,WDF8248,37,,25,7,,,B
367492940,2022-01-02T20:46:31,47.26271,-122.35948,0.2,141.4,511.0,FELLOWSHIP,IMO0000000,WDF8248,37,,25,7,,,B
367492940,2022-01-02T20:49:30,47.26271,-122.35950,0.7,141.4,511.0,FELLOWSHIP,IMO0000000,WDF8248,37,,25,7,,,B
367492940,2022-01-02T08:59:05,47.26270,-122.35946,0.0,42.0,511.0,FELLOWSHIP,IMO0000000,WDF8248,37,,25,7,,,B
367492940,2022-01-02T20:55:32,47.26271,-122.35946,0.1,141.4,511.0,FELLOWSHIP,IMO0000000,WDF8248,37,,25,7,,,B
367492940,2022-01-02T20:43:33,47.26270,-122.35947,0.4,141.4,511.0,FELLOWSHIP,IMO0000000,WDF8248,37,,25,7,,,B
367492940,2022-01-02T21:07:30,47.26268,-122.35945,0.3,141.4,511.0,FELLOWSHIP,IMO0000000,WDF8248,37,,25,7,,,B
367492940,2022-01-02T21:04:31,47.26267,-122.35945,0.1,141.4,511.0,FELLOWSHIP,IMO0000000,WDF8248,37,,25,7,,,B
367492940,2022-01-02T21:13:30,47.26270,-122.35945,0.2,141.4,511.0,FELLOWSHIP,IMO0000000,WDF8248,37,,25,7,,,B
367492940,2022-01-02T21:25:31,47.26270,-122.35946,0.1,74.8,511.0,FELLOWSHIP,IMO0000000,WDF8248,37,,25,7,,,B
367492940,2022-01-02T21:19:32,47.26270,-122.35944,0.3,74.8,511.0,FELLOWSHIP,IMO0000000,WDF8248,37,,25,7,,,B
367492940,2022-01-02T21:32:56,47.26268,-122.35945,0.2,98.8,511.0,FELLOWSHIP,IMO0000000,WDF8248,37,,25,7,,,B
367492940,2022-01-02T09:14:04,47.26271,-122.35943,0.0,147.9,511.0,FELLOWSHIP,IMO0000000,WDF8248,37,,25,7,,,B
367492940,2022-01-02T09:17:03,47.26272,-122.35950,0.5,193.6,511.0,FELLOWSHIP,IMO0000000,WDF8248,37,,25,7,,,B
367492940,2022-01-02T21:01:33,47.26268,-122.35945,0.2,141.4,511.0,FELLOWSHIP,IMO0000000,WDF8248,37,,25,7,,,B
367492940,2022-01-02T21:16:30,47.26269,-122.35944,0.2,74.8,511.0,FELLOWSHIP,IMO0000000,WDF8248,37,,25,7,,,B
367492940,2022-01-02T21:41:26,47.26271,-122.35946,0.2,37.2,511.0,FELLOWSHIP,IMO0000000,WDF8248,37,,25,7,,,B
367492940,2022-01-02T21:33:58,47.26268,-122.35944,0.2,140.9,511.0,FELLOWSHIP,IMO0000000,WDF8248,37,,25,7,,,B
367492940,2022-01-02T21:28:31,47.26272,-122.35943,0.2,74.8,511.0,FELLOWSHIP,IMO0000000,WDF8248,37,,25,7,,,B
367492940,2022-01-02T21:38:26,47.26270,-122.35945,0.2,37.2,511.0,FELLOWSHIP,IMO0000000,WDF8248,37,,25,7,,,B
367492940,2022-01-02T21:44:28,47.26272,-122.35947,0.2,37.2,511.0,FELLOWSHIP,IMO0000000,WDF8248,37,,25,7,,,B
367492940,2022-01-02T21:56:26,47.26270,-122.35943,0.1,37.2,511.0,FELLOWSHIP,IMO0000000,WDF8248,37,,25,7,,,B
367492940,2022-01-02T22:14:27,47.26269,-122.35945,0.1,37.2,511.0,FELLOWSHIP,IMO0000000,WDF8248,37,,25,7,,,B
367492940,2022-01-02T22:17:26,47.26269,-122.35946,0.2,37.2,511.0,FELLOWSHIP,IMO0000000,WDF8248,37,,25,7,,,B
367492940,2022-01-02T21:50:27,47.26271,-122.35943,0.1,37.2,511.0,FELLOWSHIP,IMO0000000,WDF8248,37,,25,7,,,B
367492940,2022-01-02T21:53:26,47.26272,-122.35944,0.0,37.2,511.0,FELLOWSHIP,IMO0000000,WDF8248,37,,25,7,,,B
367492940,2022-01-02T22:05:26,47.26271,-122.35941,0.9,37.2,511.0,FELLOWSHIP,IMO0000000,WDF8248,37,,25,7,,,B
367492940,2022-01-02T22:29:28,47.26265,-122.35939,0.2,57.2,511.0,FELLOWSHIP,IMO0000000,WDF8248,37,,25,7,,,B
367492940,2022-01-02T22:02:27,47.26269,-122.35944,0.6,37.2,511.0,FELLOWSHIP,IMO0000000,WDF8248,37,,25,7,,,B
367492940,2022-01-02T22:44:27,47.26271,-122.35946,0.2,57.2,511.0,FELLOWSHIP,IMO0000000,WDF8248,37,,25,7,,,B
367492940,2022-01-02T22:41:27,47.26270,-122.35947,0.0,57.2,511.0,FELLOWSHIP,IMO0000000,WDF8248,37,,25,7,,,B
367492940,2022-01-02T22:47:27,47.26276,-122.35959,0.4,57.2,511.0,FELLOWSHIP,IMO0000000,WDF8248,37,,25,7,,,B
367492940,2022-01-02T22:08:27,47.26268,-122.35943,0.4,37.2,511.0,FELLOWSHIP,IMO0000000,WDF8248,37,,25,7,,,B
367492940,2022-01-02T22:11:29,47.26268,-122.35944,0.2,37.2,511.0,FELLOWSHIP,IMO0000000,WDF8248,37,,25,7,,,B
367492940,2022-01-02T23:20:26,47.26272,-122.35944,0.0,57.2,511.0,FELLOWSHIP,IMO0000000,WDF8248,37,,25,7,,,B
367492940,2022-01-02T22:20:26,47.26273,-122.35958,0.2,37.2,511.0,FELLOWSHIP,IMO0000000,WDF8248,37,,25,7,,,B
367492940,2022-01-02T23:05:27,47.26271,-122.35948,0.1,57.2,511.0,FELLOWSHIP,IMO0000000,WDF8248,37,,25,7,,,B
367492940,2022-01-02T23:08:27,47.26270,-122.35947,0.0,57.2,511.0,FELLOWSHIP,IMO0000000,WDF8248,37,,25,7,,,B
367492940,2022-01-02T22:50:27,47.26273,-122.35951,0.3,57.2,511.0,FELLOWSHIP,IMO0000000,WDF8248,37,,25,7,,,B
367492940,2022-01-02T22:53:27,47.26270,-122.35951,1.0,57.2,511.0,FELLOWSHIP,IMO0000000,WDF8248,37,,25,7,,,B
367492940,2022-01-02T22:59:26,47.26267,-122.35942,0.3,57.2,511.0,FELLOWSHIP,IMO0000000,WDF8248,37,,25,7,,,B
367492940,2022-01-02T22:38:27,47.26271,-122.35949,0.1,57.2,511.0,FELLOWSHIP,IMO0000000,WDF8248,37,,25,7,,,B
367492940,2022-01-02T23:44:26,47.26273,-122.35944,0.3,57.2,511.0,FELLOWSHIP,IMO0000000,WDF8248,37,,25,7,,,B
367492940,2022-01-02T23:50:27,47.26268,-122.35952,1.1,52.6,511.0,FELLOWSHIP,IMO0000000,WDF8248,37,,25,7,,,B
367492940,2022-01-02T23:53:31,47.26272,-122.35950,0.3,52.6,511.0,FELLOWSHIP,IMO0000000,WDF8248,37,,25,7,,,B
367492940,2022-01-02T23:14:28,47.26270,-122.35947,0.2,57.2,511.0,FELLOWSHIP,IMO0000000,WDF8248,37,,25,7,,,B
367492940,2022-01-02T23:26:27,47.26270,-122.35946,0.0,57.2,511.0,FELLOWSHIP,IMO0000000,WDF8248,37,,25,7,,,B
367492940,2022-01-02T10:02:03,47.26273,-122.35950,0.3,86.0,511.0,FELLOWSHIP,IMO0000000,WDF8248,37,,25,7,,,B
367492940,2022-01-02T23:02:26,47.26268,-122.35945,0.2,57.2,511.0,FELLOWSHIP,IMO0000000,WDF8248,37,,25,7,,,B
367492940,2022-01-02T23:47:28,47.26273,-122.35945,0.2,57.2,511.0,FELLOWSHIP,IMO0000000,WDF8248,37,,25,7,,,B
367492940,2022-01-02T23:23:26,47.26269,-122.35943,0.5,57.2,511.0,FELLOWSHIP,IMO0000000,WDF8248,37,,25,7,,,B
367492940,2022-01-02T23:35:27,47.26274,-122.35944,0.1,57.2,511.0,FELLOWSHIP,IMO0000000,WDF8248,37,,25,7,,,B
367492940,2022-01-02T23:11:26,47.26271,-122.35946,0.2,57.2,511.0,FELLOWSHIP,IMO0000000,WDF8248,37,,25,7,,,B
367492940,2022-01-02T23:32:26,47.26272,-122.35944,0.2,57.2,511.0,FELLOWSHIP,IMO0000000,WDF8248,37,,25,7,,,B
367492940,2022-01-02T23:41:26,47.26270,-122.35944,0.0,57.2,511.0,FELLOWSHIP,IMO0000000,WDF8248,37,,25,7,,,B
367492940,2022-01-02T23:59:26,47.26273,-122.35944,0.1,52.6,511.0,FELLOWSHIP,IMO0000000,WDF8248,37,,25,7,,,B
367492940,2022-01-02T10:47:05,47.26269,-122.35944,0.2,86.0,511.0,FELLOWSHIP,IMO0000000,WDF8248,37,,25,7,,,B
367492940,2022-01-02T10:56:04,47.26269,-122.35945,0.2,86.0,511.0,FELLOWSHIP,IMO0000000,WDF8248,37,,25,7,,,B
367492940,2022-01-02T13:14:03,47.26271,-122.35944,0.0,130.5,511.0,FELLOWSHIP,IMO0000000,WDF8248,37,,25,7,,,B
367492940,2022-01-02T13:20:04,47.26272,-122.35946,0.1,130.5,511.0,FELLOWSHIP,IMO0000000,WDF8248,37,,25,7,,,B
367492940,2022-01-02T13:29:04,47.26269,-122.35941,0.1,130.5,511.0,FELLOWSHIP,IMO0000000,WDF8248,37,,25,7,,,B
367492940,2022-01-02T13:32:04,47.26269,-122.35944,0.1,130.5,511.0,FELLOWSHIP,IMO0000000,WDF8248,37,,25,7,,,B
367492940,2022-01-02T13:41:03,47.26271,-122.35944,0.1,130.5,511.0,FELLOWSHIP,IMO0000000,WDF8248,37,,25,7,,,B
367492940,2022-01-02T14:29:03,47.26270,-122.35945,0.4,51.0,511.0,FELLOWSHIP,IMO0000000,WDF8248,37,,25,7,,,B
367492940,2022-01-02T14:44:03,47.26272,-122.35945,0.2,135.9,511.0,FELLOWSHIP,IMO0000000,WDF8248,37,,25,7,,,B
367492940,2022-01-02T15:02:03,47.26268,-122.35948,0.1,135.9,511.0,FELLOWSHIP,IMO0000000,WDF8248,37,,25,7,,,B
367492940,2022-01-02T15:32:03,47.26265,-122.35944,0.0,135.9,511.0,FELLOWSHIP,IMO0000000,WDF8248,37,,25,7,,,B
367492940,2022-01-02T15:38:03,47.26270,-122.35946,0.2,135.9,511.0,FELLOWSHIP,IMO0000000,WDF8248,37,,25,7,,,B
367492940,2022-01-02T16:20:03,47.26268,-122.35946,0.1,135.9,511.0,FELLOWSHIP,IMO0000000,WDF8248,37,,25,7,,,B
367492940,2022-01-02T16:23:03,47.26271,-122.35944,0.1,135.9,511.0,FELLOWSHIP,IMO0000000,WDF8248,37,,25,7,,,B
367492940,2022-01-02T16:38:03,47.26270,-122.35947,0.2,135.9,511.0,FELLOWSHIP,IMO0000000,WDF8248,37,,25,7,,,B
367492940,2022-01-02T17:26:03,47.26270,-122.35944,0.9,135.9,511.0,FELLOWSHIP,IMO0000000,WDF8248,37,,25,7,,,B
367492940,2022-01-02T18:17:03,47.26274,-122.35946,0.2,245.4,511.0,FELLOWSHIP,IMO0000000,WDF8248,37,,25,7,,,B
367492940,2022-01-02T19:02:07,47.26272,-122.35944,0.6,32.0,511.0,FELLOWSHIP,IMO0000000,WDF8248,37,,25,7,,,B
367492940,2022-01-02T19:11:03,47.26273,-122.35946,0.3,32.0,511.0,FELLOWSHIP,IMO0000000,WDF8248,37,,25,7,,,B
367492940,2022-01-02T20:13:30,47.26274,-122.35942,0.7,28.0,511.0,FELLOWSHIP,IMO0000000,WDF8248,37,,25,7,,,B
367492940,2022-01-02T20:16:32,47.26269,-122.35944,0.2,28.0,511.0,FELLOWSHIP,IMO0000000,WDF8248,37,,25,7,,,B
367492940,2022-01-02T20:19:30,47.26272,-122.35947,0.4,28.0,511.0,FELLOWSHIP,IMO0000000,WDF8248,37,,25,7,,,B
367492940,2022-01-02T20:22:32,47.26270,-122.35946,0.8,141.4,511.0,FELLOWSHIP,IMO0000000,WDF8248,37,,25,7,,,B
367492940,2022-01-02T20:28:31,47.26273,-122.35944,0.3,141.4,511.0,FELLOWSHIP,IMO0000000,WDF8248,37,,25,7,,,B
367492940,2022-01-02T20:34:30,47.26270,-122.35946,0.0,141.4,511.0,FELLOWSHIP,IMO0000000,WDF8248,37,,25,7,,,B
367492940,2022-01-02T21:22:31,47.26272,-122.35946,0.3,74.8,511.0,FELLOWSHIP,IMO0000000,WDF8248,37,,25,7,,,B
367492940,2022-01-02T21:34:59,47.26270,-122.35943,0.7,37.2,511.0,FELLOWSHIP,IMO0000000,WDF8248,37,,25,7,,,B
367492940,2022-01-02T22:56:26,47.26271,-122.35944,0.2,57.2,511.0,FELLOWSHIP,IMO0000000,WDF8248,37,,25,7,,,B
367492940,2022-01-02T23:17:27,47.26269,-122.35943,0.1,57.2,511.0,FELLOWSHIP,IMO0000000,WDF8248,37,,25,7,,,B
367492940,2022-01-03T00:02:26,47.26271,-122.35946,0.4,207.9,511.0,FELLOWSHIP,IMO0000000,WDF8248,37,,25,7,,,B
367492940,2022-01-03T00:06:24,47.26277,-122.35934,0.3,342.2,511.0,FELLOWSHIP,IMO0000000,WDF8248,37,,25,7,,,B
367492940,2022-01-03T00:10:19,47.26275,-122.35938,0.6,29.8,511.0,FELLOWSHIP,IMO0000000,WDF8248,37,,25,7,,,B
367492940,2022-01-03T00:12:19,47.26270,-122.35947,0.2,29.8,511.0,FELLOWSHIP,IMO0000000,WDF8248,37,,25,7,,,B
367492940,2022-01-03T00:08:52,47.26269,-122.35947,1.8,3.3,511.0,FELLOWSHIP,IMO0000000,WDF8248,37,,25,7,,,B
367492940,2022-01-03T00:16:17,47.26272,-122.35941,0.1,124.7,511.0,FELLOWSHIP,IMO0000000,WDF8248,37,,25,7,,,B
367492940,2022-01-03T00:34:17,47.26273,-122.35934,0.3,124.7,511.0,FELLOWSHIP,IMO0000000,WDF8248,37,,25,7,,,B
367492940,2022-01-03T00:37:18,47.26278,-122.35943,0.1,124.7,511.0,FELLOWSHIP,IMO0000000,WDF8248,37,,25,7,,,B
367492940,2022-01-03T00:40:18,47.26272,-122.35945,0.2,124.7,511.0,FELLOWSHIP,IMO0000000,WDF8248,37,,25,7,,,B
367492940,2022-01-03T00:43:17,47.26270,-122.35946,0.2,124.7,511.0,FELLOWSHIP,IMO0000000,WDF8248,37,,25,7,,,B
367492940,2022-01-03T00:52:20,47.26269,-122.35945,0.1,124.7,511.0,FELLOWSHIP,IMO0000000,WDF8248,37,,25,7,,,B
367492940,2022-01-03T00:46:18,47.26275,-122.35946,0.1,124.7,511.0,FELLOWSHIP,IMO0000000,WDF8248,37,,25,7,,,B
367492940,2022-01-03T00:58:18,47.26268,-122.35946,0.3,124.7,511.0,FELLOWSHIP,IMO0000000,WDF8248,37,,25,7,,,B
367492940,2022-01-03T00:28:18,47.26275,-122.35944,0.1,124.7,511.0,FELLOWSHIP,IMO0000000,WDF8248,37,,25,7,,,B
367492940,2022-01-03T01:01:18,47.26270,-122.35945,0.1,124.7,511.0,FELLOWSHIP,IMO0000000,WDF8248,37,,25,7,,,B
367492940,2022-01-03T01:04:18,47.26270,-122.35943,0.3,124.7,511.0,FELLOWSHIP,IMO0000000,WDF8248,37,,25,7,,,B
367492940,2022-01-03T01:10:18,47.26271,-122.35944,0.1,124.7,511.0,FELLOWSHIP,IMO0000000,WDF8248,37,,25,7,,,B
367492940,2022-01-03T01:07:17,47.26273,-122.35947,0.2,124.7,511.0,FELLOWSHIP,IMO0000000,WDF8248,37,,25,7,,,B
367492940,2022-01-03T01:13:18,47.26268,-122.35947,0.1,124.7,511.0,FELLOWSHIP,IMO0000000,WDF8248,37,,25,7,,,B
367492940,2022-01-03T01:16:19,47.26275,-122.35948,0.3,124.7,511.0,FELLOWSHIP,IMO0000000,WDF8248,37,,25,7,,,B
367492940,2022-01-03T01:25:17,47.26270,-122.35945,0.2,124.7,511.0,FELLOWSHIP,IMO0000000,WDF8248,37,,25,7,,,B
367492940,2022-01-03T01:19:19,47.26275,-122.35950,0.2,124.7,511.0,FELLOWSHIP,IMO0000000,WDF8248,37,,25,7,,,B
367492940,2022-01-03T01:28:19,47.26270,-122.35944,0.0,124.7,511.0,FELLOWSHIP,IMO0000000,WDF8248,37,,25,7,,,B
367492940,2022-01-03T01:34:17,47.26272,-122.35947,0.1,124.7,511.0,FELLOWSHIP,IMO0000000,WDF8248,37,,25,7,,,B
367492940,2022-01-03T01:37:17,47.26271,-122.35947,0.0,124.7,511.0,FELLOWSHIP,IMO0000000,WDF8248,37,,25,7,,,B
367492940,2022-01-03T01:46:17,47.26271,-122.35947,0.1,124.7,511.0,FELLOWSHIP,IMO0000000,WDF8248,37,,25,7,,,B
367492940,2022-01-03T01:43:19,47.26270,-122.35944,0.1,124.7,511.0,FELLOWSHIP,IMO0000000,WDF8248,37,,25,7,,,B
367492940,2022-01-03T01:49:19,47.26272,-122.35947,0.3,124.7,511.0,FELLOWSHIP,IMO0000000,WDF8248,37,,25,7,,,B
367492940,2022-01-03T01:52:17,47.26271,-122.35944,0.4,124.7,511.0,FELLOWSHIP,IMO0000000,WDF8248,37,,25,7,,,B
367492940,2022-01-03T02:07:17,47.26273,-122.35948,0.0,67.9,511.0,FELLOWSHIP,IMO0000000,WDF8248,37,,25,7,,,B
367492940,2022-01-03T02:01:17,47.26274,-122.35942,0.6,67.9,511.0,FELLOWSHIP,IMO0000000,WDF8248,37,,25,7,,,B
367492940,2022-01-03T02:10:17,47.26272,-122.35953,0.2,67.9,511.0,FELLOWSHIP,IMO0000000,WDF8248,37,,25,7,,,B
367492940,2022-01-03T01:55:18,47.26271,-122.35948,0.4,124.7,511.0,FELLOWSHIP,IMO0000000,WDF8248,37,,25,7,,,B
367492940,2022-01-03T01:58:18,47.26270,-122.35946,0.1,124.7,511.0,FELLOWSHIP,IMO0000000,WDF8248,37,,25,7,,,B
367492940,2022-01-03T02:04:17,47.26274,-122.35943,0.2,67.9,511.0,FELLOWSHIP,IMO0000000,WDF8248,37,,25,7,,,B
367492940,2022-01-03T02:13:17,47.26272,-122.35954,0.3,15.3,511.0,FELLOWSHIP,IMO0000000,WDF8248,37,,25,7,,,B
367492940,2022-01-03T02:25:18,47.26271,-122.35941,0.1,15.3,511.0,FELLOWSHIP,IMO0000000,WDF8248,37,,25,7,,,B
367492940,2022-01-03T02:34:22,47.26270,-122.35942,0.4,15.3,511.0,FELLOWSHIP,IMO0000000,WDF8248,37,,25,7,,,B
367492940,2022-01-03T02:22:18,47.26273,-122.35943,0.1,15.3,511.0,FELLOWSHIP,IMO0000000,WDF8248,37,,25,7,,,B
367492940,2022-01-03T02:40:18,47.26272,-122.35947,0.2,15.3,511.0,FELLOWSHIP,IMO0000000,WDF8248,37,,25,7,,,B
367492940,2022-01-03T02:28:18,47.26273,-122.35942,0.2,15.3,511.0,FELLOWSHIP,IMO0000000,WDF8248,37,,25,7,,,B
367492940,2022-01-03T02:31:18,47.26270,-122.35947,0.3,15.3,511.0,FELLOWSHIP,IMO0000000,WDF8248,37,,25,7,,,B
367492940,2022-01-03T03:02:16,47.26277,-122.35945,0.1,33.6,511.0,FELLOWSHIP,IMO0000000,WDF8248,37,,25,7,,,B
367492940,2022-01-03T02:37:17,47.26268,-122.35947,0.2,15.3,511.0,FELLOWSHIP,IMO0000000,WDF8248,37,,25,7,,,B
367492940,2022-01-03T02:46:17,47.26271,-122.35946,0.1,15.3,511.0,FELLOWSHIP,IMO0000000,WDF8248,37,,25,7,,,B
367492940,2022-01-03T02:52:17,47.26272,-122.35948,0.3,15.3,511.0,FELLOWSHIP,IMO0000000,WDF8248,37,,25,7,,,B
367492940,2022-01-03T03:10:13,47.26274,-122.35947,0.5,33.6,511.0,FELLOWSHIP,IMO0000000,WDF8248,37,,25,7,,,B
367492940,2022-01-03T03:00:12,47.26274,-122.35942,0.1,36.3,511.0,FELLOWSHIP,IMO0000000,WDF8248,37,,25,7,,,B
367492940,2022-01-03T01:40:17,47.26272,-122.35945,0.1,124.7,511.0,FELLOWSHIP,IMO0000000,WDF8248,37,,25,7,,,B
367492940,2022-01-03T03:03:43,47.26271,-122.35946,0.1,33.6,511.0,FELLOWSHIP,IMO0000000,WDF8248,37,,25,7,,,B
367492940,2022-01-03T03:19:14,47.26275,-122.35954,0.2,33.6,511.0,FELLOWSHIP,IMO0000000,WDF8248,37,,25,7,,,B
367492940,2022-01-03T02:59:44,47.26270,-122.35946,0.1,187.0,511.0,FELLOWSHIP,IMO0000000,WDF8248,37,,25,7,,,B
367492940,2022-01-03T03:01:14,47.26280,-122.35941,0.8,33.6,511.0,FELLOWSHIP,IMO0000000,WDF8248,37,,25,7,,,B
367492940,2022-01-03T03:37:13,47.26270,-122.35947,0.1,33.6,511.0,FELLOWSHIP,IMO0000000,WDF8248,37,,25,7,,,B
367492940,2022-01-03T03:31:14,47.26273,-122.35942,0.1,33.6,511.0,FELLOWSHIP,IMO0000000,WDF8248,37,,25,7,,,B
367492940,2022-01-03T03:40:13,47.26270,-122.35945,0.3,33.6,511.0,FELLOWSHIP,IMO0000000,WDF8248,37,,25,7,,,B
367492940,2022-01-03T03:28:15,47.26269,-122.35944,0.3,33.6,511.0,FELLOWSHIP,IMO0000000,WDF8248,37,,25,7,,,B
367492940,2022-01-03T03:43:13,47.26269,-122.35947,0.2,33.6,511.0,FELLOWSHIP,IMO0000000,WDF8248,37,,25,7,,,B
367492940,2022-01-03T03:46:13,47.26266,-122.35941,0.2,33.6,511.0,FELLOWSHIP,IMO0000000,WDF8248,37,,25,7,,,B
367492940,2022-01-03T03:52:12,47.26269,-122.35943,0.2,33.6,511.0,FELLOWSHIP,IMO0000000,WDF8248,37,,25,7,,,B
367492940,2022-01-03T04:13:15,47.26270,-122.35943,0.4,33.6,511.0,FELLOWSHIP,IMO0000000,WDF8248,37,,25,7,,,B
367492940,2022-01-03T03:55:14,47.26268,-122.35949,0.3,33.6,511.0,FELLOWSHIP,IMO0000000,WDF8248,37,,25,7,,,B
367492940,2022-01-03T04:16:12,47.26269,-122.35946,0.1,33.6,511.0,FELLOWSHIP,IMO0000000,WDF8248,37,,25,7,,,B
367492940,2022-01-03T03:49:13,47.26263,-122.35946,0.5,33.6,511.0,FELLOWSHIP,IMO0000000,WDF8248,37,,25,7,,,B
367492940,2022-01-03T04:07:12,47.26271,-122.35948,0.1,33.6,511.0,FELLOWSHIP,IMO0000000,WDF8248,37,,25,7,,,B
367492940,2022-01-03T04:10:14,47.26268,-122.35944,0.3,33.6,511.0,FELLOWSHIP,IMO0000000,WDF8248,37,,25,7,,,B
367492940,2022-01-03T02:16:18,47.26271,-122.35939,0.1,15.3,511.0,FELLOWSHIP,IMO0000000,WDF8248,37,,25,7,,,B
367492940,2022-01-03T04:37:12,47.26272,-122.35948,0.0,33.6,511.0,FELLOWSHIP,IMO0000000,WDF8248,37,,25,7,,,B
367492940,2022-01-03T04:25:13,47.26271,-122.35942,0.1,33.6,511.0,FELLOWSHIP,IMO0000000,WDF8248,37,,25,7,,,B
367492940,2022-01-03T04:34:14,47.26271,-122.35946,0.4,33.6,511.0,FELLOWSHIP,IMO0000000,WDF8248,37,,25,7,,,B
367492940,2022-01-03T04:31:14,47.26274,-122.35949,0.2,33.6,511.0,FELLOWSHIP,IMO0000000,WDF8248,37,,25,7,,,B
367492940,2022-01-03T04:43:13,47.26273,-122.35942,0.0,33.6,511.0,FELLOWSHIP,IMO0000000,WDF8248,37,,25,7,,,B
367492940,2022-01-03T04:49:13,47.26272,-122.35941,0.3,33.6,511.0,FELLOWSHIP,IMO0000000,WDF8248,37,,25,7,,,B
367492940,2022-01-03T04:46:13,47.26269,-122.35944,0.0,33.6,511.0,FELLOWSHIP,IMO0000000,WDF8248,37,,25,7,,,B
367492940,2022-01-03T04:55:14,47.26271,-122.35943,0.1,33.6,511.0,FELLOWSHIP,IMO0000000,WDF8248,37,,25,7,,,B
367492940,2022-01-03T05:04:14,47.26274,-122.35945,0.2,33.6,511.0,FELLOWSHIP,IMO0000000,WDF8248,37,,25,7,,,B
367492940,2022-01-03T05:07:13,47.26271,-122.35943,0.0,33.6,511.0,FELLOWSHIP,IMO0000000,WDF8248,37,,25,7,,,B
367492940,2022-01-03T05:13:16,47.26270,-122.35948,0.3,33.6,511.0,FELLOWSHIP,IMO0000000,WDF8248,37,,25,7,,,B
367492940,2022-01-03T12:49:16,47.26271,-122.35943,0.2,33.6,511.0,FELLOWSHIP,IMO0000000,WDF8248,37,,25,7,,,B
367492940,2022-01-03T06:00:11,47.26273,-122.35947,0.7,45.7,511.0,FELLOWSHIP,IMO0000000,WDF8248,37,,25,7,,,B
367492940,2022-01-03T06:15:12,47.26272,-122.35946,0.1,45.7,511.0,FELLOWSHIP,IMO0000000,WDF8248,37,,25,7,,,B
367492940,2022-01-03T02:55:18,47.26271,-122.35947,0.2,15.3,511.0,FELLOWSHIP,IMO0000000,WDF8248,37,,25,7,,,B
367492940,2022-01-03T02:58:17,47.26272,-122.35941,0.3,53.6,511.0,FELLOWSHIP,IMO0000000,WDF8248,37,,25,7,,,B
367492940,2022-01-03T06:09:09,47.26270,-122.35944,0.4,45.7,511.0,FELLOWSHIP,IMO0000000,WDF8248,37,,25,7,,,B
367492940,2022-01-03T06:06:09,47.26281,-122.35942,0.3,45.7,511.0,FELLOWSHIP,IMO0000000,WDF8248,37,,25,7,,,B
367492940,2022-01-03T06:33:10,47.26271,-122.35947,0.2,208.0,511.0,FELLOWSHIP,IMO0000000,WDF8248,37,,25,7,,,B
367492940,2022-01-03T03:07:15,47.26272,-122.35946,0.0,33.6,511.0,FELLOWSHIP,IMO0000000,WDF8248,37,,25,7,,,B
367492940,2022-01-03T06:12:09,47.26272,-122.35945,0.1,45.7,511.0,FELLOWSHIP,IMO0000000,WDF8248,37,,25,7,,,B
367492940,2022-01-03T06:18:10,47.26273,-122.35945,0.4,208.0,511.0,FELLOWSHIP,IMO0000000,WDF8248,37,,25,7,,,B
367492940,2022-01-03T06:21:09,47.26272,-122.35944,0.9,208.0,511.0,FELLOWSHIP,IMO0000000,WDF8248,37,,25,7,,,B
367492940,2022-01-03T06:24:09,47.26272,-122.35944,0.1,208.0,511.0,FELLOWSHIP,IMO0000000,WDF8248,37,,25,7,,,B
367492940,2022-01-03T06:27:09,47.26288,-122.35916,0.2,208.0,511.0,FELLOWSHIP,IMO0000000,WDF8248,37,,25,7,,,B
367492940,2022-01-03T06:45:09,47.26274,-122.35948,0.0,208.0,511.0,FELLOWSHIP,IMO0000000,WDF8248,37,,25,7,,,B
367492940,2022-01-03T07:06:10,47.26272,-122.35946,0.2,36.3,511.0,FELLOWSHIP,IMO0000000,WDF8248,37,,25,7,,,B
367492940,2022-01-03T03:13:13,47.26273,-122.35951,0.1,33.6,511.0,FELLOWSHIP,IMO0000000,WDF8248,37,,25,7,,,B
367492940,2022-01-03T06:42:11,47.26273,-122.35944,0.0,208.0,511.0,FELLOWSHIP,IMO0000000,WDF8248,37,,25,7,,,B
367492940,2022-01-03T06:57:09,47.26270,-122.35947,0.5,59.4,511.0,FELLOWSHIP,IMO0000000,WDF8248,37,,25,7,,,B
367492940,2022-01-03T07:09:10,47.26270,-122.35945,0.1,36.3,511.0,FELLOWSHIP,IMO0000000,WDF8248,37,,25,7,,,B
367492940,2022-01-03T07:03:10,47.26270,-122.35948,0.6,36.3,511.0,FELLOWSHIP,IMO0000000,WDF8248,37,,25,7,,,B
367492940,2022-01-03T07:15:09,47.26272,-122.35945,0.1,36.3,511.0,FELLOWSHIP,IMO0000000,WDF8248,37,,25,7,,,B
367492940,2022-01-03T07:18:10,47.26270,-122.35946,0.1,36.3,511.0,FELLOWSHIP,IMO0000000,WDF8248,37,,25,7,,,B
367492940,2022-01-03T07:24:10,47.26274,-122.35948,0.1,36.3,511.0,FELLOWSHIP,IMO0000000,WDF8248,37,,25,7,,,B
367492940,2022-01-03T07:21:09,47.26272,-122.35946,0.2,36.3,511.0,FELLOWSHIP,IMO0000000,WDF8248,37,,25,7,,,B
367492940,2022-01-03T07:33:10,47.26272,-122.35946,0.1,36.3,511.0,FELLOWSHIP,IMO0000000,WDF8248,37,,25,7,,,B
367492940,2022-01-03T07:39:09,47.26272,-122.35947,0.2,36.3,511.0,FELLOWSHIP,IMO0000000,WDF8248,37,,25,7,,,B
367492940,2022-01-03T07:42:11,47.26270,-122.35947,0.1,36.3,511.0,FELLOWSHIP,IMO0000000,WDF8248,37,,25,7,,,B
367492940,2022-01-03T08:43:05,47.26271,-122.35946,0.1,0.9,511.0,FELLOWSHIP,IMO0000000,WDF8248,37,,25,7,,,B
367492940,2022-01-03T04:01:13,47.26268,-122.35946,1.2,33.6,511.0,FELLOWSHIP,IMO0000000,WDF8248,37,,25,7,,,B
367492940,2022-01-03T08:25:05,47.26282,-122.35947,0.8,10.9,511.0,FELLOWSHIP,IMO0000000,WDF8248,37,,25,7,,,B
367492940,2022-01-03T08:15:09,47.26270,-122.35944,0.1,161.5,511.0,FELLOWSHIP,IMO0000000,WDF8248,37,,25,7,,,B
367492940,2022-01-03T04:04:13,47.26269,-122.35950,0.5,33.6,511.0,FELLOWSHIP,IMO0000000,WDF8248,37,,25,7,,,B
367492940,2022-01-03T08:31:05,47.26270,-122.35944,0.1,10.9,511.0,FELLOWSHIP,IMO0000000,WDF8248,37,,25,7,,,B
367492940,2022-01-03T08:18:09,47.26270,-122.35945,0.1,161.5,511.0,FELLOWSHIP,IMO0000000,WDF8248,37,,25,7,,,B
367492940,2022-01-03T08:27:36,47.26273,-122.35945,0.4,10.9,511.0,FELLOWSHIP,IMO0000000,WDF8248,37,,25,7,,,B
367492940,2022-01-03T08:49:08,47.26271,-122.35948,0.1,0.9,511.0,FELLOWSHIP,IMO0000000,WDF8248,37,,25,7,,,B
367492940,2022-01-03T08:40:05,47.26273,-122.35950,1.2,0.9,511.0,FELLOWSHIP,IMO0000000,WDF8248,37,,25,7,,,B
367492940,2022-01-03T08:21:09,47.26272,-122.35949,0.5,161.5,511.0,FELLOWSHIP,IMO0000000,WDF8248,37,,25,7,,,B
367492940,2022-01-03T08:46:05,47.26272,-122.35946,0.2,0.9,511.0,FELLOWSHIP,IMO0000000,WDF8248,37,,25,7,,,B
367492940,2022-01-03T04:19:12,47.26272,-122.35946,0.1,33.6,511.0,FELLOWSHIP,IMO0000000,WDF8248,37,,25,7,,,B
367492940,2022-01-03T08:58:07,47.26270,-122.35946,0.1,0.9,511.0,FELLOWSHIP,IMO0000000,WDF8248,37,,25,7,,,B
367492940,2022-01-03T08:52:06,47.26270,-122.35944,0.2,0.9,511.0,FELLOWSHIP,IMO0000000,WDF8248,37,,25,7,,,B
367492940,2022-01-03T09:40:06,47.26270,-122.35943,0.2,277.5,511.0,FELLOWSHIP,IMO0000000,WDF8248,37,,25,7,,,B
367492940,2022-01-03T09:01:05,47.26272,-122.35944,1.0,0.9,511.0,FELLOWSHIP,IMO0000000,WDF8248,37,,25,7,,,B
367492940,2022-01-03T09:52:05,47.26270,-122.35946,0.5,277.5,511.0,FELLOWSHIP,IMO0000000,WDF8248,37,,25,7,,,B
367492940,2022-01-03T09:10:05,47.26271,-122.35944,0.1,0.9,511.0,FELLOWSHIP,IMO0000000,WDF8248,37,,25,7,,,B
367492940,2022-01-03T09:07:08,47.26270,-122.35946,0.1,0.9,511.0,FELLOWSHIP,IMO0000000,WDF8248,37,,25,7,,,B
367492940,2022-01-03T09:22:05,47.26271,-122.35945,0.4,277.5,511.0,FELLOWSHIP,IMO0000000,WDF8248,37,,25,7,,,B
367492940,2022-01-03T09:16:06,47.26271,-122.35946,0.4,277.5,511.0,FELLOWSHIP,IMO0000000,WDF8248,37,,25,7,,,B
367492940,2022-01-03T09:13:05,47.26272,-122.35946,0.4,277.5,511.0,FELLOWSHIP,IMO0000000,WDF8248,37,,25,7,,,B
367492940,2022-01-03T09:19:06,47.26269,-122.35944,0.1,277.5,511.0,FELLOWSHIP,IMO0000000,WDF8248,37,,25,7,,,B
367492940,2022-01-03T09:04:05,47.26269,-122.35945,0.1,0.9,511.0,FELLOWSHIP,IMO0000000,WDF8248,37,,25,7,,,B
367492940,2022-01-03T09:31:05,47.26270,-122.35943,0.2,277.5,511.0,FELLOWSHIP,IMO0000000,WDF8248,37,,25,7,,,B
367492940,2022-01-03T09:34:05,47.26271,-122.35944,0.2,277.5,511.0,FELLOWSHIP,IMO0000000,WDF8248,37,,25,7,,,B
367492940,2022-01-03T09:43:05,47.26270,-122.35944,0.1,277.5,511.0,FELLOWSHIP,IMO0000000,WDF8248,37,,25,7,,,B
367492940,2022-01-03T09:28:05,47.26268,-122.35947,0.5,277.5,511.0,FELLOWSHIP,IMO0000000,WDF8248,37,,25,7,,,B
367492940,2022-01-03T09:49:06,47.26270,-122.35945,0.1,277.5,511.0,FELLOWSHIP,IMO0000000,WDF8248,37,,25,7,,,B
367492940,2022-01-03T04:52:13,47.26270,-122.35945,0.0,33.6,511.0,FELLOWSHIP,IMO0000000,WDF8248,37,,25,7,,,B
367492940,2022-01-03T09:37:05,47.26270,-122.35945,0.0,277.5,511.0,FELLOWSHIP,IMO0000000,WDF8248,37,,25,7,,,B
367492940,2022-01-03T09:58:09,47.26272,-122.35951,0.3,71.3,511.0,FELLOWSHIP,IMO0000000,WDF8248,37,,25,7,,,B
367492940,2022-01-03T10:01:06,47.26273,-122.35945,0.1,71.3,511.0,FELLOWSHIP,IMO0000000,WDF8248,37,,25,7,,,B
367492940,2022-01-03T09:46:06,47.26270,-122.35945,0.1,277.5,511.0,FELLOWSHIP,IMO0000000,WDF8248,37,,25,7,,,B
367492940,2022-01-03T10:10:05,47.26274,-122.35943,0.1,71.3,511.0,FELLOWSHIP,IMO0000000,WDF8248,37,,25,7,,,B
367492940,2022-01-03T10:13:07,47.26271,-122.35946,0.1,71.3,511.0,FELLOWSHIP,IMO0000000,WDF8248,37,,25,7,,,B
367492940,2022-01-03T10:07:05,47.26274,-122.35945,0.2,71.3,511.0,FELLOWSHIP,IMO0000000,WDF8248,37,,25,7,,,B
367492940,2022-01-03T10:16:05,47.26270,-122.35946,0.1,71.3,511.0,FELLOWSHIP,IMO0000000,WDF8248,37,,25,7,,,B
367492940,2022-01-03T10:19:06,47.26273,-122.35947,0.1,71.3,511.0,FELLOWSHIP,IMO0000000,WDF8248,37,,25,7,,,B
367492940,2022-01-03T10:04:05,47.26274,-122.35944,0.2,71.3,511.0,FELLOWSHIP,IMO0000000,WDF8248,37,,25,7,,,B
367492940,2022-01-03T10:22:05,47.26270,-122.35945,0.1,71.3,511.0,FELLOWSHIP,IMO0000000,WDF8248,37,,25,7,,,B
367492940,2022-01-03T11:15:01,47.26271,-122.35946,0.0,142.7,511.0,FELLOWSHIP,IMO0000000,WDF8248,37,,25,7,,,B
367492940,2022-01-03T10:40:06,47.26270,-122.35948,0.2,71.3,511.0,FELLOWSHIP,IMO0000000,WDF8248,37,,25,7,,,B
367492940,2022-01-03T10:28:05,47.26272,-122.35945,0.3,71.3,511.0,FELLOWSHIP,IMO0000000,WDF8248,37,,25,7,,,B
367492940,2022-01-03T10:37:05,47.26270,-122.35946,0.4,71.3,511.0,FELLOWSHIP,IMO0000000,WDF8248,37,,25,7,,,B
367492940,2022-01-03T10:46:08,47.26270,-122.35950,0.2,71.3,511.0,FELLOWSHIP,IMO0000000,WDF8248,37,,25,7,,,B
367492940,2022-01-03T11:36:00,47.26270,-122.35943,0.3,142.7,511.0,FELLOWSHIP,IMO0000000,WDF8248,37,,25,7,,,B
367492940,2022-01-03T10:52:06,47.26270,-122.35947,0.1,71.3,511.0,FELLOWSHIP,IMO0000000,WDF8248,37,,25,7,,,B
367492940,2022-01-03T10:58:05,47.26277,-122.35949,1.2,71.3,511.0,FELLOWSHIP,IMO0000000,WDF8248,37,,25,7,,,B
367492940,2022-01-03T10:49:05,47.26270,-122.35941,0.1,71.3,511.0,FELLOWSHIP,IMO0000000,WDF8248,37,,25,7,,,B
367492940,2022-01-03T11:00:31,47.26261,-122.35936,0.5,142.7,511.0,FELLOWSHIP,IMO0000000,WDF8248,37,,25,7,,,B
367492940,2022-01-03T11:09:03,47.26272,-122.35945,0.1,142.7,511.0,FELLOWSHIP,IMO0000000,WDF8248,37,,25,7,,,B
367492940,2022-01-03T11:06:00,47.26269,-122.35949,0.3,142.7,511.0,FELLOWSHIP,IMO0000000,WDF8248,37,,25,7,,,B
367492940,2022-01-03T11:03:00,47.26270,-122.35943,0.5,142.7,511.0,FELLOWSHIP,IMO0000000,WDF8248,37,,25,7,,,B
367492940,2022-01-03T11:01:32,47.26268,-122.35947,0.6,142.7,511.0,FELLOWSHIP,IMO0000000,WDF8248,37,,25,7,,,B
367492940,2022-01-03T11:12:02,47.26271,-122.35944,0.2,142.7,511.0,FELLOWSHIP,IMO0000000,WDF8248,37,,25,7,,,B
367492940,2022-01-03T11:27:01,47.26271,-122.35946,0.1,142.7,511.0,FELLOWSHIP,IMO0000000,WDF8248,37,,25,7,,,B
367492940,2022-01-03T11:33:00,47.26270,-122.35941,0.3,142.7,511.0,FELLOWSHIP,IMO0000000,WDF8248,37,,25,7,,,B
367492940,2022-01-03T11:39:03,47.26268,-122.35947,0.2,142.7,511.0,FELLOWSHIP,IMO0000000,WDF8248,37,,25,7,,,B
367492940,2022-01-03T12:21:01,47.26271,-122.35946,0.2,46.4,511.0,FELLOWSHIP,IMO0000000,WDF8248,37,,25,7,,,B
367492940,2022-01-03T11:30:02,47.26271,-122.35946,0.2,142.7,511.0,FELLOWSHIP,IMO0000000,WDF8248,37,,25,7,,,B
367492940,2022-01-03T12:03:00,47.26269,-122.35946,0.3,142.7,511.0,FELLOWSHIP,IMO0000000,WDF8248,37,,25,7,,,B
367492940,2022-01-03T06:03:10,47.26262,-122.35941,0.3,45.7,511.0,FELLOWSHIP,IMO0000000,WDF8248,37,,25,7,,,B
367492940,2022-01-03T11:45:00,47.26271,-122.35946,0.1,142.7,511.0,FELLOWSHIP,IMO0000000,WDF8248,37,,25,7,,,B
367492940,2022-01-03T12:09:00,47.26271,-122.35944,0.3,46.4,511.0,FELLOWSHIP,IMO0000000,WDF8248,37,,25,7,,,B
367492940,2022-01-03T12:12:00,47.26273,-122.35943,0.7,46.4,511.0,FELLOWSHIP,IMO0000000,WDF8248,37,,25,7,,,B
367492940,2022-01-03T13:03:00,47.26271,-122.35948,0.1,46.4,511.0,FELLOWSHIP,IMO0000000,WDF8248,37,,25,7,,,B
367492940,2022-01-03T12:15:02,47.26274,-122.35942,0.3,46.4,511.0,FELLOWSHIP,IMO0000000,WDF8248,37,,25,7,,,B
367492940,2022-01-03T13:15:00,47.26273,-122.35945,0.0,46.4,511.0,FELLOWSHIP,IMO0000000,WDF8248,37,,25,7,,,B
367492940,2022-01-03T12:33:00,47.26273,-122.35945,0.4,46.4,511.0,FELLOWSHIP,IMO0000000,WDF8248,37,,25,7,,,B
367492940,2022-01-03T12:24:02,47.26273,-122.35944,0.1,46.4,511.0,FELLOWSHIP,IMO0000000,WDF8248,37,,25,7,,,B
367492940,2022-01-03T12:51:01,47.26273,-122.35946,0.2,46.4,511.0,FELLOWSHIP,IMO0000000,WDF8248,37,,25,7,,,B
367492940,2022-01-03T12:27:03,47.26273,-122.35944,0.1,46.4,511.0,FELLOWSHIP,IMO0000000,WDF8248,37,,25,7,,,B
367492940,2022-01-03T13:27:01,47.26270,-122.35945,0.2,46.4,511.0,FELLOWSHIP,IMO0000000,WDF8248,37,,25,7,,,B
367492940,2022-01-03T12:30:00,47.26272,-122.35944,0.2,46.4,511.0,FELLOWSHIP,IMO0000000,WDF8248,37,,25,7,,,B
367492940,2022-01-03T12:48:03,47.26274,-122.35948,0.0,46.4,511.0,FELLOWSHIP,IMO0000000,WDF8248,37,,25,7,,,B
367492940,2022-01-03T12:42:00,47.26273,-122.35945,0.1,46.4,511.0,FELLOWSHIP,IMO0000000,WDF8248,37,,25,7,,,B
367492940,2022-01-03T12:45:00,47.26270,-122.35948,0.3,46.4,511.0,FELLOWSHIP,IMO0000000,WDF8248,37,,25,7,,,B
367492940,2022-01-03T12:54:02,47.26272,-122.35946,0.1,46.4,511.0,FELLOWSHIP,IMO0000000,WDF8248,37,,25,7,,,B
367492940,2022-01-03T13:00:00,47.26270,-122.35948,0.2,46.4,511.0,FELLOWSHIP,IMO0000000,WDF8248,37,,25,7,,,B
367492940,2022-01-03T06:36:10,47.26268,-122.35944,0.0,208.0,511.0,FELLOWSHIP,IMO0000000,WDF8248,37,,25,7,,,B
367492940,2022-01-03T12:57:00,47.26273,-122.35946,0.0,46.4,511.0,FELLOWSHIP,IMO0000000,WDF8248,37,,25,7,,,B
367492940,2022-01-03T06:39:11,47.26275,-122.35947,0.1,208.0,511.0,FELLOWSHIP,IMO0000000,WDF8248,37,,25,7,,,B
367492940,2022-01-03T13:12:00,47.26273,-122.35943,0.3,46.4,511.0,FELLOWSHIP,IMO0000000,WDF8248,37,,25,7,,,B
367492940,2022-01-03T13:24:01,47.26271,-122.35943,0.1,46.4,511.0,FELLOWSHIP,IMO0000000,WDF8248,37,,25,7,,,B
367492940,2022-01-03T13:33:01,47.26270,-122.35944,0.0,46.4,511.0,FELLOWSHIP,IMO0000000,WDF8248,37,,25,7,,,B
367492940,2022-01-03T13:21:01,47.26272,-122.35947,0.2,46.4,511.0,FELLOWSHIP,IMO0000000,WDF8248,37,,25,7,,,B
367492940,2022-01-03T13:45:01,47.26269,-122.35944,0.6,46.4,511.0,FELLOWSHIP,IMO0000000,WDF8248,37,,25,7,,,B
367492940,2022-01-03T13:48:00,47.26271,-122.35947,0.3,46.4,511.0,FELLOWSHIP,IMO0000000,WDF8248,37,,25,7,,,B
367492940,2022-01-03T13:42:02,47.26279,-122.35943,0.3,46.4,511.0,FELLOWSHIP,IMO0000000,WDF8248,37,,25,7,,,B
367492940,2022-01-03T06:51:09,47.26274,-122.35952,0.9,59.4,511.0,FELLOWSHIP,IMO0000000,WDF8248,37,,25,7,,,B
367492940,2022-01-03T14:00:00,47.26269,-122.35942,0.2,46.4,511.0,FELLOWSHIP,IMO0000000,WDF8248,37,,25,7,,,B
367492940,2022-01-03T06:54:10,47.26268,-122.35949,0.7,59.4,511.0,FELLOWSHIP,IMO0000000,WDF8248,37,,25,7,,,B
367492940,2022-01-03T14:07:26,47.26292,-122.35946,2.3,357.8,511.0,FELLOWSHIP,IMO0000000,WDF8248,37,,25,7,,,B
367492940,2022-01-03T14:10:27,47.26272,-122.35946,0.3,348.3,511.0,FELLOWSHIP,IMO0000000,WDF8248,37,,25,7,,,B
367492940,2022-01-03T14:16:58,47.26270,-122.35944,0.1,348.3,511.0,FELLOWSHIP,IMO0000000,WDF8248,37,,25,7,,,B
367492940,2022-01-03T14:25:56,47.26271,-122.35946,0.2,217.1,511.0,FELLOWSHIP,IMO0000000,WDF8248,37,,25,7,,,B
367492940,2022-01-03T14:37:56,47.26275,-122.35946,0.2,190.7,511.0,FELLOWSHIP,IMO0000000,WDF8248,37,,25,7,,,B
367492940,2022-01-03T14:58:56,47.26271,-122.35945,0.2,110.6,511.0,FELLOWSHIP,IMO0000000,WDF8248,37,,25,7,,,B
367492940,2022-01-03T15:37:58,47.26269,-122.35946,0.0,59.5,511.0,FELLOWSHIP,IMO0000000,WDF8248,37,,25,7,,,B
367492940,2022-01-03T14:40:58,47.26273,-122.35946,0.0,190.7,511.0,FELLOWSHIP,IMO0000000,WDF8248,37,,25,7,,,B
367492940,2022-01-03T14:49:56,47.26268,-122.35946,0.0,190.7,511.0,FELLOWSHIP,IMO0000000,WDF8248,37,,25,7,,,B
367492940,2022-01-03T14:55:57,47.26273,-122.35942,0.2,110.6,511.0,FELLOWSHIP,IMO0000000,WDF8248,37,,25,7,,,B
367492940,2022-01-03T15:04:57,47.26274,-122.35946,0.2,59.5,511.0,FELLOWSHIP,IMO0000000,WDF8248,37,,25,7,,,B
367492940,2022-01-03T15:01:56,47.26275,-122.35943,0.6,72.6,511.0,FELLOWSHIP,IMO0000000,WDF8248,37,,25,7,,,B
367492940,2022-01-03T15:25:57,47.26268,-122.35947,0.1,59.5,511.0,FELLOWSHIP,IMO0000000,WDF8248,37,,25,7,,,B
367492940,2022-01-03T15:10:57,47.26273,-122.35946,0.1,59.5,511.0,FELLOWSHIP,IMO0000000,WDF8248,37,,25,7,,,B
367492940,2022-01-03T15:16:57,47.26271,-122.35945,0.0,59.5,511.0,FELLOWSHIP,IMO0000000,WDF8248,37,,25,7,,,B
367492940,2022-01-03T15:34:56,47.26269,-122.35949,0.0,59.5,511.0,FELLOWSHIP,IMO0000000,WDF8248,37,,25,7,,,B
367492940,2022-01-03T16:16:57,47.26270,-122.35945,0.1,59.5,511.0,FELLOWSHIP,IMO0000000,WDF8248,37,,25,7,,,B
367492940,2022-01-03T15:40:58,47.26270,-122.35946,0.1,59.5,511.0,FELLOWSHIP,IMO0000000,WDF8248,37,,25,7,,,B
367492940,2022-01-03T16:01:56,47.26272,-122.35946,0.1,59.5,511.0,FELLOWSHIP,IMO0000000,WDF8248,37,,25,7,,,B
367492940,2022-01-03T16:04:57,47.26272,-122.35946,0.5,59.5,511.0,FELLOWSHIP,IMO0000000,WDF8248,37,,25,7,,,B
367492940,2022-01-03T16:34:56,47.26270,-122.35947,0.1,72.1,511.0,FELLOWSHIP,IMO0000000,WDF8248,37,,25,7,,,B
367492940,2022-01-03T16:10:56,47.26271,-122.35946,0.1,59.5,511.0,FELLOWSHIP,IMO0000000,WDF8248,37,,25,7,,,B
367492940,2022-01-03T16:13:56,47.26270,-122.35946,0.1,59.5,511.0,FELLOWSHIP,IMO0000000,WDF8248,37,,25,7,,,B
367492940,2022-01-03T15:52:57,47.26269,-122.35946,0.1,59.5,511.0,FELLOWSHIP,IMO0000000,WDF8248,37,,25,7,,,B
367492940,2022-01-03T15:49:57,47.26270,-122.35944,0.1,59.5,511.0,FELLOWSHIP,IMO0000000,WDF8248,37,,25,7,,,B
367492940,2022-01-03T16:55:58,47.26272,-122.35949,0.1,72.1,511.0,FELLOWSHIP,IMO0000000,WDF8248,37,,25,7,,,B
367492940,2022-01-03T15:46:56,47.26268,-122.35947,0.1,59.5,511.0,FELLOWSHIP,IMO0000000,WDF8248,37,,25,7,,,B
367492940,2022-01-03T15:58:58,47.26272,-122.35942,0.5,59.5,511.0,FELLOWSHIP,IMO0000000,WDF8248,37,,25,7,,,B
367492940,2022-01-03T16:40:57,47.26271,-122.35947,0.2,72.1,511.0,FELLOWSHIP,IMO0000000,WDF8248,37,,25,7,,,B
367492940,2022-01-03T17:21:54,47.26273,-122.35942,0.8,72.1,511.0,FELLOWSHIP,IMO0000000,WDF8248,37,,25,7,,,B
367492940,2022-01-03T23:59:09,47.26270,-122.35944,0.3,36.3,511.0,FELLOWSHIP,IMO0000000,WDF8248,37,,25,7,,,B
367492940,2022-01-03T16:57:55,47.26273,-122.35950,0.3,72.1,511.0,FELLOWSHIP,IMO0000000,WDF8248,37,,25,7,,,B
367492940,2022-01-03T16:37:57,47.26270,-122.35945,0.1,72.1,511.0,FELLOWSHIP,IMO0000000,WDF8248,37,,25,7,,,B
367492940,2022-01-03T16:22:57,47.26271,-122.35945,0.1,72.1,511.0,FELLOWSHIP,IMO0000000,WDF8248,37,,25,7,,,B
367492940,2022-01-03T16:31:58,47.26270,-122.35946,0.1,72.1,511.0,FELLOWSHIP,IMO0000000,WDF8248,37,,25,7,,,B
367492940,2022-01-03T16:52:58,47.26272,-122.35947,0.7,72.1,511.0,FELLOWSHIP,IMO0000000,WDF8248,37,,25,7,,,B
367492940,2022-01-03T16:46:58,47.26270,-122.35948,0.2,72.1,511.0,FELLOWSHIP,IMO0000000,WDF8248,37,,25,7,,,B
367492940,2022-01-03T16:59:26,47.26273,-122.35947,0.1,72.1,511.0,FELLOWSHIP,IMO0000000,WDF8248,37,,25,7,,,B
367492940,2022-01-03T17:00:56,47.26273,-122.35948,0.0,72.1,511.0,FELLOWSHIP,IMO0000000,WDF8248,37,,25,7,,,B
367492940,2022-01-03T16:43:57,47.26270,-122.35944,0.2,72.1,511.0,FELLOWSHIP,IMO0000000,WDF8248,37,,25,7,,,B
367492940,2022-01-03T17:03:54,47.26272,-122.35943,0.3,72.1,511.0,FELLOWSHIP,IMO0000000,WDF8248,37,,25,7,,,B
367492940,2022-01-03T08:03:09,47.26272,-122.35945,0.1,161.5,511.0,FELLOWSHIP,IMO0000000,WDF8248,37,,25,7,,,B
367492940,2022-01-03T17:12:55,47.26270,-122.35943,0.3,72.1,511.0,FELLOWSHIP,IMO0000000,WDF8248,37,,25,7,,,B
367492940,2022-01-03T17:24:55,47.26274,-122.35941,0.3,72.1,511.0,FELLOWSHIP,IMO0000000,WDF8248,37,,25,7,,,B
367492940,2022-01-03T18:06:54,47.26270,-122.35946,0.2,7.5,511.0,FELLOWSHIP,IMO0000000,WDF8248,37,,25,7,,,B
367492940,2022-01-03T18:21:53,47.26270,-122.35949,0.3,7.5,511.0,FELLOWSHIP,IMO0000000,WDF8248,37,,25,7,,,B
367492940,2022-01-03T17:39:53,47.26268,-122.35944,0.0,72.1,511.0,FELLOWSHIP,IMO0000000,WDF8248,37,,25,7,,,B
367492940,2022-01-03T17:42:55,47.26269,-122.35943,0.1,72.1,511.0,FELLOWSHIP,IMO0000000,WDF8248,37,,25,7,,,B
367492940,2022-01-03T17:33:54,47.26275,-122.35948,0.5,72.1,511.0,FELLOWSHIP,IMO0000000,WDF8248,37,,25,7,,,B
367492940,2022-01-03T17:45:54,47.26272,-122.35944,0.0,72.1,511.0,FELLOWSHIP,IMO0000000,WDF8248,37,,25,7,,,B
367492940,2022-01-03T17:54:54,47.26271,-122.35944,0.2,5.2,511.0,FELLOWSHIP,IMO0000000,WDF8248,37,,25,7,,,B
367492940,2022-01-03T17:27:55,47.26272,-122.35944,0.0,72.1,511.0,FELLOWSHIP,IMO0000000,WDF8248,37,,25,7,,,B
367492940,2022-01-03T17:48:53,47.26270,-122.35944,0.1,5.2,511.0,FELLOWSHIP,IMO0000000,WDF8248,37,,25,7,,,B
367492940,2022-01-03T17:36:53,47.26275,-122.35945,0.3,72.1,511.0,FELLOWSHIP,IMO0000000,WDF8248,37,,25,7,,,B
367492940,2022-01-03T18:18:53,47.26272,-122.35945,0.5,7.5,511.0,FELLOWSHIP,IMO0000000,WDF8248,37,,25,7,,,B
367492940,2022-01-03T18:09:53,47.26272,-122.35945,0.3,7.5,511.0,FELLOWSHIP,IMO0000000,WDF8248,37,,25,7,,,B
367492940,2022-01-03T18:12:54,47.26271,-122.35945,0.1,7.5,511.0,FELLOWSHIP,IMO0000000,WDF8248,37,,25,7,,,B
367492940,2022-01-03T08:26:35,47.26275,-122.35947,0.5,10.9,511.0,FELLOWSHIP,IMO0000000,WDF8248,37,,25,7,,,B
367492940,2022-01-03T18:03:53,47.26276,-122.35943,0.9,7.5,511.0,FELLOWSHIP,IMO0000000,WDF8248,37,,25,7,,,B
367492940,2022-01-03T18:00:55,47.26272,-122.35945,0.1,5.2,511.0,FELLOWSHIP,IMO0000000,WDF8248,37,,25,7,,,B
367492940,2022-01-03T19:13:20,47.26270,-122.35945,0.3,193.4,511.0,FELLOWSHIP,IMO0000000,WDF8248,37,,25,7,,,B
367492940,2022-01-03T19:16:22,47.26271,-122.35944,0.1,193.4,511.0,FELLOWSHIP,IMO0000000,WDF8248,37,,25,7,,,B
367492940,2022-01-03T18:33:55,47.26269,-122.35947,0.1,161.0,511.0,FELLOWSHIP,IMO0000000,WDF8248,37,,25,7,,,B
367492940,2022-01-03T19:24:47,47.26273,-122.35946,0.8,193.4,511.0,FELLOWSHIP,IMO0000000,WDF8248,37,,25,7,,,B
367492940,2022-01-03T18:36:55,47.26270,-122.35944,1.0,161.0,511.0,FELLOWSHIP,IMO0000000,WDF8248,37,,25,7,,,B
367492940,2022-01-03T18:38:51,47.26274,-122.35947,0.4,193.4,511.0,FELLOWSHIP,IMO0000000,WDF8248,37,,25,7,,,B
367492940,2022-01-03T08:34:05,47.26269,-122.35946,0.2,10.9,511.0,FELLOWSHIP,IMO0000000,WDF8248,37,,25,7,,,B
367492940,2022-01-03T18:40:20,47.26273,-122.35947,0.2,193.4,511.0,FELLOWSHIP,IMO0000000,WDF8248,37,,25,7,,,B
367492940,2022-01-03T18:27:54,47.26273,-122.35948,0.1,7.5,511.0,FELLOWSHIP,IMO0000000,WDF8248,37,,25,7,,,B
367492940,2022-01-03T18:52:22,47.26271,-122.35946,0.1,193.4,511.0,FELLOWSHIP,IMO0000000,WDF8248,37,,25,7,,,B
367492940,2022-01-03T18:24:55,47.26270,-122.35944,0.2,7.5,511.0,FELLOWSHIP,IMO0000000,WDF8248,37,,25,7,,,B
367492940,2022-01-03T19:04:22,47.26273,-122.35949,0.1,193.4,511.0,FELLOWSHIP,IMO0000000,WDF8248,37,,25,7,,,B
367492940,2022-01-03T20:05:40,47.26272,-122.35944,0.2,281.6,511.0,FELLOWSHIP,IMO0000000,WDF8248,37,,25,7,,,B
367492940,2022-01-03T20:07:09,47.26269,-122.35945,0.2,281.6,511.0,FELLOWSHIP,IMO0000000,WDF8248,37,,25,7,,,B
367492940,2022-01-03T18:49:20,47.26272,-122.35941,0.5,193.4,511.0,FELLOWSHIP,IMO0000000,WDF8248,37,,25,7,,,B
367492940,2022-01-03T18:58:20,47.26269,-122.35946,0.2,193.4,511.0,FELLOWSHIP,IMO0000000,WDF8248,37,,25,7,,,B
367492940,2022-01-03T19:19:20,47.26269,-122.35945,0.4,193.4,511.0,FELLOWSHIP,IMO0000000,WDF8248,37,,25,7,,,B
367492940,2022-01-03T19:01:20,47.26273,-122.35941,0.3,193.4,511.0,FELLOWSHIP,IMO0000000,WDF8248,37,,25,7,,,B
367492940,2022-01-03T19:23:18,47.26268,-122.35945,0.3,193.4,511.0,FELLOWSHIP,IMO0000000,WDF8248,37,,25,7,,,B
367492940,2022-01-03T19:38:17,47.26270,-122.35943,0.1,193.4,511.0,FELLOWSHIP,IMO0000000,WDF8248,37,,25,7,,,B
367492940,2022-01-03T20:34:05,47.26271,-122.35944,0.0,333.2,511.0,FELLOWSHIP,IMO0000000,WDF8248,37,,25,7,,,B
367492940,2022-01-03T19:26:17,47.26270,-122.35944,0.3,193.4,511.0,FELLOWSHIP,IMO0000000,WDF8248,37,,25,7,,,B
367492940,2022-01-03T20:02:13,47.26269,-122.35944,0.3,170.1,511.0,FELLOWSHIP,IMO0000000,WDF8248,37,,25,7,,,B
367492940,2022-01-03T19:29:17,47.26270,-122.35943,0.2,193.4,511.0,FELLOWSHIP,IMO0000000,WDF8248,37,,25,7,,,B
367492940,2022-01-03T19:35:17,47.26272,-122.35943,0.1,193.4,511.0,FELLOWSHIP,IMO0000000,WDF8248,37,,25,7,,,B
367492940,2022-01-03T19:41:17,47.26271,-122.35944,0.2,193.4,511.0,FELLOWSHIP,IMO0000000,WDF8248,37,,25,7,,,B
367492940,2022-01-03T20:52:05,47.26270,-122.35944,0.4,10.2,511.0,FELLOWSHIP,IMO0000000,WDF8248,37,,25,7,,,B
367492940,2022-01-03T20:25:05,47.26269,-122.35946,0.2,333.2,511.0,FELLOWSHIP,IMO0000000,WDF8248,37,,25,7,,,B
367492940,2022-01-03T19:58:43,47.26271,-122.35947,0.1,170.1,511.0,FELLOWSHIP,IMO0000000,WDF8248,37,,25,7,,,B
367492940,2022-01-03T20:04:08,47.26273,-122.35944,0.2,281.6,511.0,FELLOWSHIP,IMO0000000,WDF8248,37,,25,7,,,B
367492940,2022-01-03T19:56:12,47.26277,-122.35947,1.0,165.7,511.0,FELLOWSHIP,IMO0000000,WDF8248,37,,25,7,,,B
367492940,2022-01-03T19:57:42,47.26270,-122.35947,0.5,170.1,511.0,FELLOWSHIP,IMO0000000,WDF8248,37,,25,7,,,B
367492940,2022-01-03T20:19:04,47.26268,-122.35943,0.3,333.2,511.0,FELLOWSHIP,IMO0000000,WDF8248,37,,25,7,,,B
367492940,2022-01-03T20:09:35,47.26271,-122.35946,0.5,281.6,511.0,FELLOWSHIP,IMO0000000,WDF8248,37,,25,7,,,B
367492940,2022-01-03T20:28:05,47.26270,-122.35946,0.1,333.2,511.0,FELLOWSHIP,IMO0000000,WDF8248,37,,25,7,,,B
367492940,2022-01-03T20:12:35,47.26270,-122.35943,0.2,190.2,511.0,FELLOWSHIP,IMO0000000,WDF8248,37,,25,7,,,B
367492940,2022-01-03T20:31:06,47.26270,-122.35946,0.3,333.2,511.0,FELLOWSHIP,IMO0000000,WDF8248,37,,25,7,,,B
367492940,2022-01-03T20:16:05,47.26278,-122.35950,0.1,190.2,511.0,FELLOWSHIP,IMO0000000,WDF8248,37,,25,7,,,B
367492940,2022-01-03T21:37:05,47.26269,-122.35946,0.2,357.3,511.0,FELLOWSHIP,IMO0000000,WDF8248,37,,25,7,,,B
367492940,2022-01-03T20:40:05,47.26267,-122.35947,0.3,333.2,511.0,FELLOWSHIP,IMO0000000,WDF8248,37,,25,7,,,B
367492940,2022-01-03T20:55:07,47.26275,-122.35947,0.4,10.2,511.0,FELLOWSHIP,IMO0000000,WDF8248,37,,25,7,,,B
367492940,2022-01-03T20:43:07,47.26272,-122.35942,0.7,333.2,511.0,FELLOWSHIP,IMO0000000,WDF8248,37,,25,7,,,B
367492940,2022-01-03T21:01:04,47.26268,-122.35944,0.1,10.2,511.0,FELLOWSHIP,IMO0000000,WDF8248,37,,25,7,,,B
367492940,2022-01-03T21:58:07,47.26271,-122.35945,0.2,357.3,511.0,FELLOWSHIP,IMO0000000,WDF8248,37,,25,7,,,B
367492940,2022-01-03T20:49:05,47.26270,-122.35948,0.1,10.2,511.0,FELLOWSHIP,IMO0000000,WDF8248,37,,25,7,,,B
367492940,2022-01-03T21:10:05,47.26271,-122.35945,0.2,10.2,511.0,FELLOWSHIP,IMO0000000,WDF8248,37,,25,7,,,B
367492940,2022-01-03T21:07:05,47.26270,-122.35944,0.2,10.2,511.0,FELLOWSHIP,IMO0000000,WDF8248,37,,25,7,,,B
367492940,2022-01-03T20:46:05,47.26275,-122.35944,0.5,10.2,511.0,FELLOWSHIP,IMO0000000,WDF8248,37,,25,7,,,B
367492940,2022-01-03T20:58:05,47.26270,-122.35944,0.1,10.2,511.0,FELLOWSHIP,IMO0000000,WDF8248,37,,25,7,,,B
367492940,2022-01-03T22:10:04,47.26270,-122.35947,0.0,357.3,511.0,FELLOWSHIP,IMO0000000,WDF8248,37,,25,7,,,B
367492940,2022-01-03T22:13:06,47.26269,-122.35941,0.1,357.3,511.0,FELLOWSHIP,IMO0000000,WDF8248,37,,25,7,,,B
367492940,2022-01-03T21:19:05,47.26265,-122.35949,0.4,246.0,511.0,FELLOWSHIP,IMO0000000,WDF8248,37,,25,7,,,B
367492940,2022-01-03T21:28:04,47.26278,-122.35946,0.3,357.3,511.0,FELLOWSHIP,IMO0000000,WDF8248,37,,25,7,,,B
367492940,2022-01-03T21:46:04,47.26270,-122.35944,0.1,357.3,511.0,FELLOWSHIP,IMO0000000,WDF8248,37,,25,7,,,B
367492940,2022-01-03T21:13:05,47.26270,-122.35946,0.2,10.2,511.0,FELLOWSHIP,IMO0000000,WDF8248,37,,25,7,,,B
367492940,2022-01-03T09:55:05,47.26273,-122.35945,0.2,71.3,511.0,FELLOWSHIP,IMO0000000,WDF8248,37,,25,7,,,B
367492940,2022-01-03T21:22:04,47.26268,-122.35944,0.4,306.6,511.0,FELLOWSHIP,IMO0000000,WDF8248,37,,25,7,,,B
367492940,2022-01-03T21:55:05,47.26271,-122.35944,0.3,357.3,511.0,FELLOWSHIP,IMO0000000,WDF8248,37,,25,7,,,B
367492940,2022-01-03T21:40:05,47.26271,-122.35941,0.2,357.3,511.0,FELLOWSHIP,IMO0000000,WDF8248,37,,25,7,,,B
367492940,2022-01-03T21:34:04,47.26268,-122.35945,0.1,357.3,511.0,FELLOWSHIP,IMO0000000,WDF8248,37,,25,7,,,B
367492940,2022-01-03T21:43:05,47.26272,-122.35945,0.2,357.3,511.0,FELLOWSHIP,IMO0000000,WDF8248,37,,25,7,,,B
367492940,2022-01-03T23:07:08,47.26272,-122.35947,0.2,77.5,511.0,FELLOWSHIP,IMO0000000,WDF8248,37,,25,7,,,B
367492940,2022-01-03T22:19:05,47.26270,-122.35942,0.1,357.3,511.0,FELLOWSHIP,IMO0000000,WDF8248,37,,25,7,,,B
367492940,2022-01-03T22:25:04,47.26270,-122.35942,0.2,357.3,511.0,FELLOWSHIP,IMO0000000,WDF8248,37,,25,7,,,B
367492940,2022-01-03T22:01:05,47.26272,-122.35941,0.2,357.3,511.0,FELLOWSHIP,IMO0000000,WDF8248,37,,25,7,,,B
367492940,2022-01-03T22:16:04,47.26269,-122.35947,0.1,357.3,511.0,FELLOWSHIP,IMO0000000,WDF8248,37,,25,7,,,B
367492940,2022-01-03T22:34:04,47.26269,-122.35948,0.1,357.3,511.0,FELLOWSHIP,IMO0000000,WDF8248,37,,25,7,,,B
367492940,2022-01-03T22:43:05,47.26273,-122.35944,0.6,77.5,511.0,FELLOWSHIP,IMO0000000,WDF8248,37,,25,7,,,B
367492940,2022-01-03T22:55:06,47.26269,-122.35944,0.1,77.5,511.0,FELLOWSHIP,IMO0000000,WDF8248,37,,25,7,,,B
367492940,2022-01-03T22:58:06,47.26269,-122.35947,0.1,77.5,511.0,FELLOWSHIP,IMO0000000,WDF8248,37,,25,7,,,B
367492940,2022-01-03T22:22:06,47.26270,-122.35941,0.1,357.3,511.0,FELLOWSHIP,IMO0000000,WDF8248,37,,25,7,,,B
367492940,2022-01-03T22:49:04,47.26273,-122.35951,0.8,77.5,511.0,FELLOWSHIP,IMO0000000,WDF8248,37,,25,7,,,B
367492940,2022-01-03T10:34:05,47.26271,-122.35949,0.1,71.3,511.0,FELLOWSHIP,IMO0000000,WDF8248,37,,25,7,,,B
367492940,2022-01-03T22:40:05,47.26270,-122.35946,0.1,77.5,511.0,FELLOWSHIP,IMO0000000,WDF8248,37,,25,7,,,B
367492940,2022-01-03T23:01:04,47.26270,-122.35946,0.2,77.5,511.0,FELLOWSHIP,IMO0000000,WDF8248,37,,25,7,,,B
367492940,2022-01-03T23:25:04,47.26271,-122.35944,0.2,77.5,511.0,FELLOWSHIP,IMO0000000,WDF8248,37,,25,7,,,B
367492940,2022-01-03T23:13:06,47.26270,-122.35945,0.2,77.5,511.0,FELLOWSHIP,IMO0000000,WDF8248,37,,25,7,,,B
367492940,2022-01-03T23:19:06,47.26270,-122.35947,0.1,77.5,511.0,FELLOWSHIP,IMO0000000,WDF8248,37,,25,7,,,B
367492940,2022-01-03T23:55:04,47.26271,-122.35949,0.2,38.9,511.0,FELLOWSHIP,IMO0000000,WDF8248,37,,25,7,,,B
367492940,2022-01-03T23:31:06,47.26272,-122.35945,0.1,77.5,511.0,FELLOWSHIP,IMO0000000,WDF8248,37,,25,7,,,B
367492940,2022-01-03T23:43:04,47.26268,-122.35949,0.3,77.5,511.0,FELLOWSHIP,IMO0000000,WDF8248,37,,25,7,,,B
367492940,2022-01-03T23:46:06,47.26271,-122.35937,0.2,77.5,511.0,FELLOWSHIP,IMO0000000,WDF8248,37,,25,7,,,B
367492940,2022-01-03T23:49:04,47.26276,-122.35945,0.3,47.2,511.0,FELLOWSHIP,IMO0000000,WDF8248,37,,25,7,,,B
367492940,2022-01-03T11:42:00,47.26272,-122.35943,0.1,142.7,511.0,FELLOWSHIP,IMO0000000,WDF8248,37,,25,7,,,B
367492940,2022-01-03T12:00:00,47.26272,-122.35947,0.1,142.7,511.0,FELLOWSHIP,IMO0000000,WDF8248,37,,25,7,,,B
367492940,2022-01-03T12:06:00,47.26273,-122.35948,0.8,142.7,511.0,FELLOWSHIP,IMO0000000,WDF8248,37,,25,7,,,B
367492940,2022-01-03T12:18:00,47.26271,-122.35945,0.2,46.4,511.0,FELLOWSHIP,IMO0000000,WDF8248,37,,25,7,,,B
367492940,2022-01-03T13:18:00,47.26273,-122.35949,0.1,46.4,511.0,FELLOWSHIP,IMO0000000,WDF8248,37,,25,7,,,B
367492940,2022-01-03T13:30:00,47.26270,-122.35944,0.0,46.4,511.0,FELLOWSHIP,IMO0000000,WDF8248,37,,25,7,,,B
367492940,2022-01-03T13:57:02,47.26271,-122.35947,0.1,46.4,511.0,FELLOWSHIP,IMO0000000,WDF8248,37,,25,7,,,B
367492940,2022-01-03T14:22:57,47.26271,-122.35944,0.0,225.8,511.0,FELLOWSHIP,IMO0000000,WDF8248,37,,25,7,,,B
367492940,2022-01-03T14:28:56,47.26272,-122.35946,0.1,206.8,511.0,FELLOWSHIP,IMO0000000,WDF8248,37,,25,7,,,B
367492940,2022-01-03T14:34:56,47.26273,-122.35945,0.1,190.7,511.0,FELLOWSHIP,IMO0000000,WDF8248,37,,25,7,,,B
367492940,2022-01-03T15:07:56,47.26273,-122.35946,0.1,59.5,511.0,FELLOWSHIP,IMO0000000,WDF8248,37,,25,7,,,B
367492940,2022-01-03T15:28:57,47.26301,-122.35951,0.3,59.5,511.0,FELLOWSHIP,IMO0000000,WDF8248,37,,25,7,,,B
367492940,2022-01-03T16:25:57,47.26271,-122.35946,0.0,72.1,511.0,FELLOWSHIP,IMO0000000,WDF8248,37,,25,7,,,B
367492940,2022-01-03T16:49:57,47.26271,-122.35945,0.1,72.1,511.0,FELLOWSHIP,IMO0000000,WDF8248,37,,25,7,,,B
367492940,2022-01-03T17:06:56,47.26270,-122.35946,0.1,72.1,511.0,FELLOWSHIP,IMO0000000,WDF8248,37,,25,7,,,B
367492940,2022-01-03T17:18:54,47.26270,-122.35943,0.1,72.1,511.0,FELLOWSHIP,IMO0000000,WDF8248,37,,25,7,,,B
367492940,2022-01-03T17:51:55,47.26271,-122.35945,0.2,5.2,511.0,FELLOWSHIP,IMO0000000,WDF8248,37,,25,7,,,B
367492940,2022-01-03T19:07:20,47.26272,-122.35942,0.1,193.4,511.0,FELLOWSHIP,IMO0000000,WDF8248,37,,25,7,,,B
367492940,2022-01-03T19:44:16,47.26271,-122.35944,0.3,193.4,511.0,FELLOWSHIP,IMO0000000,WDF8248,37,,25,7,,,B
367492940,2022-01-03T19:50:16,47.26271,-122.35945,0.2,193.4,511.0,FELLOWSHIP,IMO0000000,WDF8248,37,,25,7,,,B
367492940,2022-01-03T20:11:06,47.26276,-122.35941,0.1,190.2,511.0,FELLOWSHIP,IMO0000000,WDF8248,37,,25,7,,,B
367492940,2022-01-03T20:22:04,47.26269,-122.35943,0.0,333.2,511.0,FELLOWSHIP,IMO0000000,WDF8248,37,,25,7,,,B
367492940,2022-01-03T20:37:04,47.26271,-122.35946,0.2,333.2,511.0,FELLOWSHIP,IMO0000000,WDF8248,37,,25,7,,,B
367492940,2022-01-03T21:25:04,47.26271,-122.35947,0.4,306.6,511.0,FELLOWSHIP,IMO0000000,WDF8248,37,,25,7,,,B
367492940,2022-01-03T21:31:07,47.26272,-122.35946,0.3,357.3,511.0,FELLOWSHIP,IMO0000000,WDF8248,37,,25,7,,,B
367492940,2022-01-03T21:49:08,47.26271,-122.35944,0.1,357.3,511.0,FELLOWSHIP,IMO0000000,WDF8248,37,,25,7,,,B
367492940,2022-01-03T22:07:06,47.26270,-122.35943,0.2,357.3,511.0,FELLOWSHIP,IMO0000000,WDF8248,37,,25,7,,,B
367492940,2022-01-03T22:28:06,47.26271,-122.35947,0.1,357.3,511.0,FELLOWSHIP,IMO0000000,WDF8248,37,,25,7,,,B
367492940,2022-01-03T23:37:04,47.26270,-122.35948,0.1,77.5,511.0,FELLOWSHIP,IMO0000000,WDF8248,37,,25,7,,,B
367492940,2022-01-04T00:00:00,47.26271,-122.35946,0.1,142.7,511.0,FELLOWSHIP,IMO0000000,WDF8248,37,,25,7,,,B
367492940,2022-01-04T00:01:04,47.26266,-122.35958,0.6,219.1,511.0,FELLOWSHIP,IMO0000000,WDF8248,37,,25,7,,,B
367492940,2022-01-04T00:04:05,47.26263,-122.35959,1.7,219.3,511.0,FELLOWSHIP,IMO0000000,WDF8248,37,,25,7,,,B
367492940,2022-01-04T00:05:31,47.26262,-122.35966,2.0,219.3,511.0,FELLOWSHIP,IMO0000000,WDF8248,37,,25,7,,,B
367492940,2022-01-04T00:07:01,47.26270,-122.35944,0.3,219.3,511.0,FELLOWSHIP,IMO0000000,WDF8248,37,,25,7,,,B
367492940,2022-01-04T00:08:30,47.26275,-122.35933,0.2,93.8,511.0,FELLOWSHIP,IMO0000000,WDF8248,37,,25,7,,,B
367492940,2022-01-04T00:10:33,47.26275,-122.35942,0.7,93.8,511.0,FELLOWSHIP,IMO0000000,WDF8248,37,,25,7,,,B
367492940,2022-01-04T00:09:32,47.26267,-122.35951,0.8,93.8,511.0,FELLOWSHIP,IMO0000000,WDF8248,37,,25,7,,,B
367492940,2022-01-04T00:17:30,47.26273,-122.35944,0.3,93.8,511.0,FELLOWSHIP,IMO0000000,WDF8248,37,,25,7,,,B
367492940,2022-01-04T00:14:32,47.26272,-122.35944,0.4,93.8,511.0,FELLOWSHIP,IMO0000000,WDF8248,37,,25,7,,,B
367492940,2022-01-04T00:20:31,47.26268,-122.35953,0.1,93.8,511.0,FELLOWSHIP,IMO0000000,WDF8248,37,,25,7,,,B
367492940,2022-01-04T00:32:30,47.26270,-122.35948,0.4,93.8,511.0,FELLOWSHIP,IMO0000000,WDF8248,37,,25,7,,,B
367492940,2022-01-04T00:23:31,47.26277,-122.35940,0.2,93.8,511.0,FELLOWSHIP,IMO0000000,WDF8248,37,,25,7,,,B
367492940,2022-01-04T00:35:32,47.26272,-122.35946,0.2,93.8,511.0,FELLOWSHIP,IMO0000000,WDF8248,37,,25,7,,,B
367492940,2022-01-04T00:26:30,47.26272,-122.35945,0.4,93.8,511.0,FELLOWSHIP,IMO0000000,WDF8248,37,,25,7,,,B
367492940,2022-01-04T00:47:31,47.26268,-122.35950,0.1,93.8,511.0,FELLOWSHIP,IMO0000000,WDF8248,37,,25,7,,,B
367492940,2022-01-04T00:41:30,47.26275,-122.35943,0.3,93.8,511.0,FELLOWSHIP,IMO0000000,WDF8248,37,,25,7,,,B
367492940,2022-01-04T00:29:31,47.26269,-122.35947,0.2,93.8,511.0,FELLOWSHIP,IMO0000000,WDF8248,37,,25,7,,,B
367492940,2022-01-04T00:44:30,47.26275,-122.35947,0.7,93.8,511.0,FELLOWSHIP,IMO0000000,WDF8248,37,,25,7,,,B
367492940,2022-01-04T00:38:30,47.26269,-122.35946,0.1,93.8,511.0,FELLOWSHIP,IMO0000000,WDF8248,37,,25,7,,,B
367492940,2022-01-04T00:53:31,47.26272,-122.35947,0.2,93.8,511.0,FELLOWSHIP,IMO0000000,WDF8248,37,,25,7,,,B
367492940,2022-01-04T01:02:30,47.26272,-122.35945,0.4,93.8,511.0,FELLOWSHIP,IMO0000000,WDF8248,37,,25,7,,,B
367492940,2022-01-04T00:56:30,47.26274,-122.35950,0.3,93.8,511.0,FELLOWSHIP,IMO0000000,WDF8248,37,,25,7,,,B
367492940,2022-01-04T00:59:30,47.26272,-122.35943,0.2,93.8,511.0,FELLOWSHIP,IMO0000000,WDF8248,37,,25,7,,,B
367492940,2022-01-04T01:05:30,47.26272,-122.35946,0.1,93.8,511.0,FELLOWSHIP,IMO0000000,WDF8248,37,,25,7,,,B
367492940,2022-01-04T01:14:30,47.26272,-122.35950,0.9,93.8,511.0,FELLOWSHIP,IMO0000000,WDF8248,37,,25,7,,,B
367492940,2022-01-04T01:08:30,47.26270,-122.35945,0.1,93.8,511.0,FELLOWSHIP,IMO0000000,WDF8248,37,,25,7,,,B
367492940,2022-01-04T01:17:31,47.26273,-122.35946,0.0,93.8,511.0,FELLOWSHIP,IMO0000000,WDF8248,37,,25,7,,,B
367492940,2022-01-04T01:35:30,47.26273,-122.35946,0.0,93.8,511.0,FELLOWSHIP,IMO0000000,WDF8248,37,,25,7,,,B
367492940,2022-01-04T01:23:31,47.26270,-122.35947,0.1,93.8,511.0,FELLOWSHIP,IMO0000000,WDF8248,37,,25,7,,,B
367492940,2022-01-04T01:26:31,47.26272,-122.35946,0.1,93.8,511.0,FELLOWSHIP,IMO0000000,WDF8248,37,,25,7,,,B
367492940,2022-01-04T01:20:32,47.26273,-122.35949,0.3,93.8,511.0,FELLOWSHIP,IMO0000000,WDF8248,37,,25,7,,,B
367492940,2022-01-04T01:32:30,47.26272,-122.35948,0.1,93.8,511.0,FELLOWSHIP,IMO0000000,WDF8248,37,,25,7,,,B
367492940,2022-01-04T01:29:30,47.26272,-122.35946,0.1,93.8,511.0,FELLOWSHIP,IMO0000000,WDF8248,37,,25,7,,,B
367492940,2022-01-04T01:41:33,47.26271,-122.35947,0.0,93.8,511.0,FELLOWSHIP,IMO0000000,WDF8248,37,,25,7,,,B
367492940,2022-01-04T01:38:30,47.26272,-122.35946,0.1,93.8,511.0,FELLOWSHIP,IMO0000000,WDF8248,37,,25,7,,,B
367492940,2022-01-04T01:59:30,47.26275,-122.35944,0.1,93.8,511.0,FELLOWSHIP,IMO0000000,WDF8248,37,,25,7,,,B
367492940,2022-01-04T02:05:30,47.26272,-122.35950,0.3,93.8,511.0,FELLOWSHIP,IMO0000000,WDF8248,37,,25,7,,,B
367492940,2022-01-04T02:08:30,47.26279,-122.35951,0.7,93.8,511.0,FELLOWSHIP,IMO0000000,WDF8248,37,,25,7,,,B
367492940,2022-01-04T01:47:31,47.26271,-122.35947,0.2,93.8,511.0,FELLOWSHIP,IMO0000000,WDF8248,37,,25,7,,,B
367492940,2022-01-04T01:53:32,47.26271,-122.35946,0.1,93.8,511.0,FELLOWSHIP,IMO0000000,WDF8248,37,,25,7,,,B
367492940,2022-01-04T02:11:30,47.26273,-122.35943,0.1,93.8,511.0,FELLOWSHIP,IMO0000000,WDF8248,37,,25,7,,,B
367492940,2022-01-04T02:02:30,47.26275,-122.35942,0.2,93.8,511.0,FELLOWSHIP,IMO0000000,WDF8248,37,,25,7,,,B
367492940,2022-01-04T01:56:31,47.26274,-122.35943,0.1,93.8,511.0,FELLOWSHIP,IMO0000000,WDF8248,37,,25,7,,,B
367492940,2022-01-04T02:44:30,47.26270,-122.35949,0.2,93.8,511.0,FELLOWSHIP,IMO0000000,WDF8248,37,,25,7,,,B
367492940,2022-01-04T02:41:32,47.26272,-122.35947,0.1,93.8,511.0,FELLOWSHIP,IMO0000000,WDF8248,37,,25,7,,,B
367492940,2022-01-04T01:44:30,47.26273,-122.35949,0.1,93.8,511.0,FELLOWSHIP,IMO0000000,WDF8248,37,,25,7,,,B
367492940,2022-01-04T02:53:30,47.26271,-122.35943,0.1,121.2,511.0,FELLOWSHIP,IMO0000000,WDF8248,37,,25,7,,,B
367492940,2022-01-04T02:26:31,47.26271,-122.35950,0.2,93.8,511.0,FELLOWSHIP,IMO0000000,WDF8248,37,,25,7,,,B
367492940,2022-01-04T02:29:32,47.26273,-122.35944,0.2,93.8,511.0,FELLOWSHIP,IMO0000000,WDF8248,37,,25,7,,,B
367492940,2022-01-04T02:47:31,47.26268,-122.35951,0.1,93.8,511.0,FELLOWSHIP,IMO0000000,WDF8248,37,,25,7,,,B
367492940,2022-01-04T03:11:30,47.26272,-122.35940,0.2,121.2,511.0,FELLOWSHIP,IMO0000000,WDF8248,37,,25,7,,,B
367492940,2022-01-04T02:56:30,47.26274,-122.35941,0.1,121.2,511.0,FELLOWSHIP,IMO0000000,WDF8248,37,,25,7,,,B
367492940,2022-01-04T03:14:30,47.26277,-122.35957,0.2,121.2,511.0,FELLOWSHIP,IMO0000000,WDF8248,37,,25,7,,,B
367492940,2022-01-04T03:05:30,47.26270,-122.35945,0.7,121.2,511.0,FELLOWSHIP,IMO0000000,WDF8248,37,,25,7,,,B
367492940,2022-01-04T03:35:32,47.26272,-122.35947,0.0,202.2,511.0,FELLOWSHIP,IMO0000000,WDF8248,37,,25,7,,,B
367492940,2022-01-04T02:14:30,47.26271,-122.35947,0.3,93.8,511.0,FELLOWSHIP,IMO0000000,WDF8248,37,,25,7,,,B
367492940,2022-01-04T03:23:31,47.26273,-122.35945,0.2,121.2,511.0,FELLOWSHIP,IMO0000000,WDF8248,37,,25,7,,,B
367492940,2022-01-04T03:02:32,47.26271,-122.35944,0.0,121.2,511.0,FELLOWSHIP,IMO0000000,WDF8248,37,,25,7,,,B
367492940,2022-01-04T03:29:31,47.26271,-122.35942,0.7,202.2,511.0,FELLOWSHIP,IMO0000000,WDF8248,37,,25,7,,,B
367492940,2022-01-04T03:20:31,47.26271,-122.35944,0.4,121.2,511.0,FELLOWSHIP,IMO0000000,WDF8248,37,,25,7,,,B
367492940,2022-01-04T03:41:30,47.26270,-122.35945,0.8,202.2,511.0,FELLOWSHIP,IMO0000000,WDF8248,37,,25,7,,,B
367492940,2022-01-04T03:38:30,47.26271,-122.35946,0.1,202.2,511.0,FELLOWSHIP,IMO0000000,WDF8248,37,,25,7,,,B
367492940,2022-01-04T03:56:31,47.26270,-122.35942,0.1,103.7,511.0,FELLOWSHIP,IMO0000000,WDF8248,37,,25,7,,,B
367492940,2022-01-04T03:59:30,47.26269,-122.35948,0.1,103.7,511.0,FELLOWSHIP,IMO0000000,WDF8248,37,,25,7,,,B
367492940,2022-01-04T04:23:30,47.26269,-122.35946,0.1,103.7,511.0,FELLOWSHIP,IMO0000000,WDF8248,37,,25,7,,,B
367492940,2022-01-04T03:53:32,47.26270,-122.35947,0.4,202.2,511.0,FELLOWSHIP,IMO0000000,WDF8248,37,,25,7,,,B
367492940,2022-01-04T03:47:30,47.26270,-122.35943,0.3,202.2,511.0,FELLOWSHIP,IMO0000000,WDF8248,37,,25,7,,,B
367492940,2022-01-04T04:41:31,47.26270,-122.35946,0.1,103.7,511.0,FELLOWSHIP,IMO0000000,WDF8248,37,,25,7,,,B
367492940,2022-01-04T04:17:33,47.26269,-122.35945,0.0,103.7,511.0,FELLOWSHIP,IMO0000000,WDF8248,37,,25,7,,,B
367492940,2022-01-04T03:08:30,47.26272,-122.35947,0.6,121.2,511.0,FELLOWSHIP,IMO0000000,WDF8248,37,,25,7,,,B
367492940,2022-01-04T04:05:31,47.26270,-122.35940,0.2,103.7,511.0,FELLOWSHIP,IMO0000000,WDF8248,37,,25,7,,,B
367492940,2022-01-04T04:11:32,47.26272,-122.35946,0.0,103.7,511.0,FELLOWSHIP,IMO0000000,WDF8248,37,,25,7,,,B
367492940,2022-01-04T04:29:30,47.26269,-122.35948,0.2,103.7,511.0,FELLOWSHIP,IMO0000000,WDF8248,37,,25,7,,,B
367492940,2022-01-04T05:02:32,47.26269,-122.35944,0.1,103.7,511.0,FELLOWSHIP,IMO0000000,WDF8248,37,,25,7,,,B
367492940,2022-01-04T05:41:30,47.26270,-122.35944,0.4,103.7,511.0,FELLOWSHIP,IMO0000000,WDF8248,37,,25,7,,,B
367492940,2022-01-04T05:17:30,47.26270,-122.35942,0.3,103.7,511.0,FELLOWSHIP,IMO0000000,WDF8248,37,,25,7,,,B
367492940,2022-01-04T05:29:31,47.26270,-122.35942,0.4,103.7,511.0,FELLOWSHIP,IMO0000000,WDF8248,37,,25,7,,,B
367492940,2022-01-04T05:23:31,47.26270,-122.35944,0.1,103.7,511.0,FELLOWSHIP,IMO0000000,WDF8248,37,,25,7,,,B
367492940,2022-01-04T05:11:31,47.26271,-122.35944,0.1,103.7,511.0,FELLOWSHIP,IMO0000000,WDF8248,37,,25,7,,,B
367492940,2022-01-04T05:50:30,47.26270,-122.35946,0.1,103.7,511.0,FELLOWSHIP,IMO0000000,WDF8248,37,,25,7,,,B
367492940,2022-01-04T06:08:30,47.26274,-122.35946,0.1,103.7,511.0,FELLOWSHIP,IMO0000000,WDF8248,37,,25,7,,,B
367492940,2022-01-04T06:11:30,47.26269,-122.35953,0.2,103.7,511.0,FELLOWSHIP,IMO0000000,WDF8248,37,,25,7,,,B
367492940,2022-01-04T05:53:30,47.26270,-122.35945,0.0,103.7,511.0,FELLOWSHIP,IMO0000000,WDF8248,37,,25,7,,,B
367492940,2022-01-04T05:35:31,47.26270,-122.35944,0.1,103.7,511.0,FELLOWSHIP,IMO0000000,WDF8248,37,,25,7,,,B
367492940,2022-01-04T06:14:31,47.26268,-122.35948,0.1,185.4,511.0,FELLOWSHIP,IMO0000000,WDF8248,37,,25,7,,,B
367492940,2022-01-04T06:05:30,47.26276,-122.35942,0.3,103.7,511.0,FELLOWSHIP,IMO0000000,WDF8248,37,,25,7,,,B
367492940,2022-01-04T06:50:30,47.26276,-122.35939,1.4,178.1,511.0,FELLOWSHIP,IMO0000000,WDF8248,37,,25,7,,,B
367492940,2022-01-04T05:56:32,47.26272,-122.35948,0.2,103.7,511.0,FELLOWSHIP,IMO0000000,WDF8248,37,,25,7,,,B
367492940,2022-01-04T06:32:30,47.26273,-122.35946,0.1,93.9,511.0,FELLOWSHIP,IMO0000000,WDF8248,37,,25,7,,,B
367492940,2022-01-04T04:35:30,47.26270,-122.35944,0.2,103.7,511.0,FELLOWSHIP,IMO0000000,WDF8248,37,,25,7,,,B
367492940,2022-01-04T06:26:31,47.26272,-122.35943,0.1,93.9,511.0,FELLOWSHIP,IMO0000000,WDF8248,37,,25,7,,,B
367492940,2022-01-04T06:38:32,47.26273,-122.35942,0.1,141.5,511.0,FELLOWSHIP,IMO0000000,WDF8248,37,,25,7,,,B
367492940,2022-01-04T06:44:30,47.26273,-122.35951,0.5,141.5,511.0,FELLOWSHIP,IMO0000000,WDF8248,37,,25,7,,,B
367492940,2022-01-04T23:59:31,47.26272,-122.35943,0.0,103.7,511.0,FELLOWSHIP,IMO0000000,WDF8248,37,,25,7,,,B
367492940,2022-01-04T07:13:26,47.26268,-122.35946,0.4,351.9,511.0,FELLOWSHIP,IMO0000000,WDF8248,37,,25,7,,,B
367492940,2022-01-04T07:14:27,47.26269,-122.35944,0.1,351.9,511.0,FELLOWSHIP,IMO0000000,WDF8248,37,,25,7,,,B
367492940,2022-01-04T07:15:58,47.26272,-122.35945,0.1,351.9,511.0,FELLOWSHIP,IMO0000000,WDF8248,37,,25,7,,,B
367492940,2022-01-04T07:25:27,47.26275,-122.35950,0.5,351.9,511.0,FELLOWSHIP,IMO0000000,WDF8248,37,,25,7,,,B
367492940,2022-01-04T06:35:30,47.26271,-122.35944,0.4,141.5,511.0,FELLOWSHIP,IMO0000000,WDF8248,37,,25,7,,,B
367492940,2022-01-04T06:41:31,47.26273,-122.35945,0.4,141.5,511.0,FELLOWSHIP,IMO0000000,WDF8248,37,,25,7,,,B
367492940,2022-01-04T07:46:26,47.26272,-122.35950,0.1,351.9,511.0,FELLOWSHIP,IMO0000000,WDF8248,37,,25,7,,,B
367492940,2022-01-04T05:14:30,47.26271,-122.35945,0.3,103.7,511.0,FELLOWSHIP,IMO0000000,WDF8248,37,,25,7,,,B
367492940,2022-01-04T06:56:31,47.26270,-122.35945,0.1,33.1,511.0,FELLOWSHIP,IMO0000000,WDF8248,37,,25,7,,,B
367492940,2022-01-04T07:37:26,47.26267,-122.35943,0.3,351.9,511.0,FELLOWSHIP,IMO0000000,WDF8248,37,,25,7,,,B
367492940,2022-01-04T08:01:27,47.26273,-122.35946,0.1,351.9,511.0,FELLOWSHIP,IMO0000000,WDF8248,37,,25,7,,,B
367492940,2022-01-04T08:04:26,47.26270,-122.35948,0.1,351.9,511.0,FELLOWSHIP,IMO0000000,WDF8248,37,,25,7,,,B
367492940,2022-01-04T07:11:31,47.26272,-122.35947,0.3,33.1,511.0,FELLOWSHIP,IMO0000000,WDF8248,37,,25,7,,,B
367492940,2022-01-04T08:07:28,47.26270,-122.35947,0.1,351.9,511.0,FELLOWSHIP,IMO0000000,WDF8248,37,,25,7,,,B
367492940,2022-01-04T07:34:27,47.26269,-122.35944,0.3,351.9,511.0,FELLOWSHIP,IMO0000000,WDF8248,37,,25,7,,,B
367492940,2022-01-04T08:16:27,47.26273,-122.35947,0.5,351.9,511.0,FELLOWSHIP,IMO0000000,WDF8248,37,,25,7,,,B
367492940,2022-01-04T07:28:28,47.26271,-122.35946,0.1,351.9,511.0,FELLOWSHIP,IMO0000000,WDF8248,37,,25,7,,,B
367492940,2022-01-04T07:55:26,47.26271,-122.35946,0.1,351.9,511.0,FELLOWSHIP,IMO0000000,WDF8248,37,,25,7,,,B
367492940,2022-01-04T07:22:26,47.26272,-122.35945,0.1,351.9,511.0,FELLOWSHIP,IMO0000000,WDF8248,37,,25,7,,,B
367492940,2022-01-04T08:19:26,47.26268,-122.35946,0.1,351.9,511.0,FELLOWSHIP,IMO0000000,WDF8248,37,,25,7,,,B
367492940,2022-01-04T07:58:27,47.26273,-122.35945,0.1,351.9,511.0,FELLOWSHIP,IMO0000000,WDF8248,37,,25,7,,,B
367492940,2022-01-04T10:01:27,47.26275,-122.35945,0.8,234.1,511.0,FELLOWSHIP,IMO0000000,WDF8248,37,,25,7,,,B
367492940,2022-01-04T05:59:31,47.26266,-122.35946,0.4,103.7,511.0,FELLOWSHIP,IMO0000000,WDF8248,37,,25,7,,,B
367492940,2022-01-04T09:34:27,47.26268,-122.35946,0.1,234.1,511.0,FELLOWSHIP,IMO0000000,WDF8248,37,,25,7,,,B
367492940,2022-01-04T08:22:26,47.26272,-122.35941,0.4,255.6,511.0,FELLOWSHIP,IMO0000000,WDF8248,37,,25,7,,,B
367492940,2022-01-04T10:22:26,47.26270,-122.35945,0.1,234.1,511.0,FELLOWSHIP,IMO0000000,WDF8248,37,,25,7,,,B
367492940,2022-01-04T09:37:26,47.26270,-122.35943,0.1,234.1,511.0,FELLOWSHIP,IMO0000000,WDF8248,37,,25,7,,,B
367492940,2022-01-04T10:31:26,47.26270,-122.35940,0.5,234.1,511.0,FELLOWSHIP,IMO0000000,WDF8248,37,,25,7,,,B
367492940,2022-01-04T08:25:27,47.26270,-122.35945,0.2,255.6,511.0,FELLOWSHIP,IMO0000000,WDF8248,37,,25,7,,,B
367492940,2022-01-04T10:07:29,47.26270,-122.35947,0.1,234.1,511.0,FELLOWSHIP,IMO0000000,WDF8248,37,,25,7,,,B
367492940,2022-01-04T10:28:28,47.26271,-122.35949,0.3,234.1,511.0,FELLOWSHIP,IMO0000000,WDF8248,37,,25,7,,,B
367492940,2022-01-04T06:20:30,47.26270,-122.35944,0.5,195.6,511.0,FELLOWSHIP,IMO0000000,WDF8248,37,,25,7,,,B
367492940,2022-01-04T10:25:26,47.26270,-122.35945,0.1,234.1,511.0,FELLOWSHIP,IMO0000000,WDF8248,37,,25,7,,,B
367492940,2022-01-04T06:23:30,47.26275,-122.35947,0.1,93.9,511.0,FELLOWSHIP,IMO0000000,WDF8248,37,,25,7,,,B
367492940,2022-01-04T10:55:26,47.26276,-122.35947,0.9,234.1,511.0,FELLOWSHIP,IMO0000000,WDF8248,37,,25,7,,,B
367492940,2022-01-04T10:13:26,47.26269,-122.35946,0.1,234.1,511.0,FELLOWSHIP,IMO0000000,WDF8248,37,,25,7,,,B
367492940,2022-01-04T10:58:27,47.26269,-122.35946,0.4,234.1,511.0,FELLOWSHIP,IMO0000000,WDF8248,37,,25,7,,,B
367492940,2022-01-04T11:04:26,47.26278,-122.35947,0.1,234.1,511.0,FELLOWSHIP,IMO0000000,WDF8248,37,,25,7,,,B
367492940,2022-01-04T10:19:27,47.26271,-122.35946,0.2,234.1,511.0,FELLOWSHIP,IMO0000000,WDF8248,37,,25,7,,,B
367492940,2022-01-04T10:43:26,47.26269,-122.35945,0.3,234.1,511.0,FELLOWSHIP,IMO0000000,WDF8248,37,,25,7,,,B
367492940,2022-01-04T09:55:27,47.26272,-122.35945,0.2,234.1,511.0,FELLOWSHIP,IMO0000000,WDF8248,37,,25,7,,,B
367492940,2022-01-04T11:13:26,47.26273,-122.35944,0.1,234.1,511.0,FELLOWSHIP,IMO0000000,WDF8248,37,,25,7,,,B
367492940,2022-01-04T10:49:27,47.26268,-122.35948,0.3,234.1,511.0,FELLOWSHIP,IMO0000000,WDF8248,37,,25,7,,,B
367492940,2022-01-04T10:10:28,47.26272,-122.35946,0.1,234.1,511.0,FELLOWSHIP,IMO0000000,WDF8248,37,,25,7,,,B
367492940,2022-01-04T06:53:30,47.26267,-122.35947,0.2,33.1,511.0,FELLOWSHIP,IMO0000000,WDF8248,37,,25,7,,,B
367492940,2022-01-04T11:01:26,47.26268,-122.35945,0.3,234.1,511.0,FELLOWSHIP,IMO0000000,WDF8248,37,,25,7,,,B
367492940,2022-01-04T11:10:26,47.26271,-122.35943,0.1,234.1,511.0,FELLOWSHIP,IMO0000000,WDF8248,37,,25,7,,,B
367492940,2022-01-04T11:43:28,47.26274,-122.35943,0.2,8.7,511.0,FELLOWSHIP,IMO0000000,WDF8248,37,,25,7,,,B
367492940,2022-01-04T11:25:28,47.26273,-122.35949,0.1,234.1,511.0,FELLOWSHIP,IMO0000000,WDF8248,37,,25,7,,,B
367492940,2022-01-04T11:28:26,47.26272,-122.35948,0.1,234.1,511.0,FELLOWSHIP,IMO0000000,WDF8248,37,,25,7,,,B
367492940,2022-01-04T11:55:26,47.26272,-122.35945,0.1,8.7,511.0,FELLOWSHIP,IMO0000000,WDF8248,37,,25,7,,,B
367492940,2022-01-04T10:40:26,47.26271,-122.35944,0.1,234.1,511.0,FELLOWSHIP,IMO0000000,WDF8248,37,,25,7,,,B
367492940,2022-01-04T11:40:27,47.26275,-122.35945,0.2,8.7,511.0,FELLOWSHIP,IMO0000000,WDF8248,37,,25,7,,,B
367492940,2022-01-04T12:07:26,47.26268,-122.35942,0.1,8.7,511.0,FELLOWSHIP,IMO0000000,WDF8248,37,,25,7,,,B
367492940,2022-01-04T11:46:27,47.26272,-122.35946,0.1,8.7,511.0,FELLOWSHIP,IMO0000000,WDF8248,37,,25,7,,,B
367492940,2022-01-04T11:52:26,47.26275,-122.35947,0.4,8.7,511.0,FELLOWSHIP,IMO0000000,WDF8248,37,,25,7,,,B
367492940,2022-01-04T12:25:26,47.26273,-122.35946,0.2,8.7,511.0,FELLOWSHIP,IMO0000000,WDF8248,37,,25,7,,,B
367492940,2022-01-04T11:31:26,47.26273,-122.35946,0.1,8.7,511.0,FELLOWSHIP,IMO0000000,WDF8248,37,,25,7,,,B
367492940,2022-01-04T11:49:28,47.26272,-122.35945,0.7,8.7,511.0,FELLOWSHIP,IMO0000000,WDF8248,37,,25,7,,,B
367492940,2022-01-04T12:10:27,47.26268,-122.35945,0.2,8.7,511.0,FELLOWSHIP,IMO0000000,WDF8248,37,,25,7,,,B
367492940,2022-01-04T12:13:26,47.26272,-122.35944,0.1,8.7,511.0,FELLOWSHIP,IMO0000000,WDF8248,37,,25,7,,,B
367492940,2022-01-04T12:01:27,47.26272,-122.35944,0.1,8.7,511.0,FELLOWSHIP,IMO0000000,WDF8248,37,,25,7,,,B
367492940,2022-01-04T11:34:27,47.26271,-122.35944,0.1,8.7,511.0,FELLOWSHIP,IMO0000000,WDF8248,37,,25,7,,,B
367492940,2022-01-04T11:37:26,47.26272,-122.35943,0.0,8.7,511.0,FELLOWSHIP,IMO0000000,WDF8248,37,,25,7,,,B
367492940,2022-01-04T12:16:27,47.26270,-122.35945,0.2,8.7,511.0,FELLOWSHIP,IMO0000000,WDF8248,37,,25,7,,,B
367492940,2022-01-04T13:10:26,47.26273,-122.35944,0.0,8.7,511.0,FELLOWSHIP,IMO0000000,WDF8248,37,,25,7,,,B
367492940,2022-01-04T13:13:26,47.26272,-122.35945,0.1,8.7,511.0,FELLOWSHIP,IMO0000000,WDF8248,37,,25,7,,,B
367492940,2022-01-04T07:52:28,47.26271,-122.35946,0.0,351.9,511.0,FELLOWSHIP,IMO0000000,WDF8248,37,,25,7,,,B
367492940,2022-01-04T12:37:27,47.26269,-122.35946,0.4,8.7,511.0,FELLOWSHIP,IMO0000000,WDF8248,37,,25,7,,,B
367492940,2022-01-04T12:55:29,47.26272,-122.35946,0.0,8.7,511.0,FELLOWSHIP,IMO0000000,WDF8248,37,,25,7,,,B
367492940,2022-01-04T12:04:29,47.26271,-122.35946,0.1,8.7,511.0,FELLOWSHIP,IMO0000000,WDF8248,37,,25,7,,,B
367492940,2022-01-04T08:28:26,47.26270,-122.35947,0.0,255.6,511.0,FELLOWSHIP,IMO0000000,WDF8248,37,,25,7,,,B
367492940,2022-01-04T13:25:27,47.26271,-122.35943,0.0,8.7,511.0,FELLOWSHIP,IMO0000000,WDF8248,37,,25,7,,,B
367492940,2022-01-04T12:28:26,47.26271,-122.35952,0.2,8.7,511.0,FELLOWSHIP,IMO0000000,WDF8248,37,,25,7,,,B
367492940,2022-01-04T13:22:26,47.26273,-122.35943,0.0,8.7,511.0,FELLOWSHIP,IMO0000000,WDF8248,37,,25,7,,,B
367492940,2022-01-04T13:37:26,47.26271,-122.35942,0.6,8.7,511.0,FELLOWSHIP,IMO0000000,WDF8248,37,,25,7,,,B
367492940,2022-01-04T14:01:26,47.26270,-122.35949,0.2,281.8,511.0,FELLOWSHIP,IMO0000000,WDF8248,37,,25,7,,,B
367492940,2022-01-04T13:28:26,47.26270,-122.35940,0.1,8.7,511.0,FELLOWSHIP,IMO0000000,WDF8248,37,,25,7,,,B
367492940,2022-01-04T13:43:29,47.26272,-122.35946,0.4,28.8,511.0,FELLOWSHIP,IMO0000000,WDF8248,37,,25,7,,,B
367492940,2022-01-04T14:16:27,47.26272,-122.35944,0.1,12.1,511.0,FELLOWSHIP,IMO0000000,WDF8248,37,,25,7,,,B
367492940,2022-01-04T09:49:26,47.26270,-122.35945,0.1,234.1,511.0,FELLOWSHIP,IMO0000000,WDF8248,37,,25,7,,,B
367492940,2022-01-04T14:22:26,47.26273,-122.35946,0.2,12.1,511.0,FELLOWSHIP,IMO0000000,WDF8248,37,,25,7,,,B
367492940,2022-01-04T14:25:27,47.26274,-122.35944,0.3,68.0,511.0,FELLOWSHIP,IMO0000000,WDF8248,37,,25,7,,,B
367492940,2022-01-04T13:58:26,47.26271,-122.35947,0.2,281.8,511.0,FELLOWSHIP,IMO0000000,WDF8248,37,,25,7,,,B
367492940,2022-01-04T12:58:26,47.26270,-122.35947,0.1,8.7,511.0,FELLOWSHIP,IMO0000000,WDF8248,37,,25,7,,,B
367492940,2022-01-04T14:04:28,47.26277,-122.35947,0.3,281.8,511.0,FELLOWSHIP,IMO0000000,WDF8248,37,,25,7,,,B
367492940,2022-01-04T13:04:27,47.26276,-122.35942,0.3,8.7,511.0,FELLOWSHIP,IMO0000000,WDF8248,37,,25,7,,,B
367492940,2022-01-04T13:34:27,47.26270,-122.35948,0.1,8.7,511.0,FELLOWSHIP,IMO0000000,WDF8248,37,,25,7,,,B
367492940,2022-01-04T14:10:26,47.26272,-122.35944,0.1,12.1,511.0,FELLOWSHIP,IMO0000000,WDF8248,37,,25,7,,,B
367492940,2022-01-04T13:46:27,47.26272,-122.35943,0.1,28.8,511.0,FELLOWSHIP,IMO0000000,WDF8248,37,,25,7,,,B
367492940,2022-01-04T14:34:27,47.26272,-122.35945,0.3,68.0,511.0,FELLOWSHIP,IMO0000000,WDF8248,37,,25,7,,,B
367492940,2022-01-04T15:07:26,47.26275,-122.35948,0.2,42.8,511.0,FELLOWSHIP,IMO0000000,WDF8248,37,,25,7,,,B
367492940,2022-01-04T13:31:29,47.26272,-122.35943,0.0,8.7,511.0,FELLOWSHIP,IMO0000000,WDF8248,37,,25,7,,,B
367492940,2022-01-04T10:34:27,47.26270,-122.35948,0.4,234.1,511.0,FELLOWSHIP,IMO0000000,WDF8248,37,,25,7,,,B
367492940,2022-01-04T15:13:26,47.26272,-122.35945,0.2,42.8,511.0,FELLOWSHIP,IMO0000000,WDF8248,37,,25,7,,,B
367492940,2022-01-04T10:37:27,47.26270,-122.35944,0.1,234.1,511.0,FELLOWSHIP,IMO0000000,WDF8248,37,,25,7,,,B
367492940,2022-01-04T15:19:26,47.26270,-122.35941,0.3,42.8,511.0,FELLOWSHIP,IMO0000000,WDF8248,37,,25,7,,,B
367492940,2022-01-04T13:49:26,47.26274,-122.35943,0.1,28.8,511.0,FELLOWSHIP,IMO0000000,WDF8248,37,,25,7,,,B
367492940,2022-01-04T15:37:26,47.26271,-122.35947,0.1,42.8,511.0,FELLOWSHIP,IMO0000000,WDF8248,37,,25,7,,,B
367492940,2022-01-04T15:16:26,47.26278,-122.35938,0.5,42.8,511.0,FELLOWSHIP,IMO0000000,WDF8248,37,,25,7,,,B
367492940,2022-01-04T14:07:26,47.26274,-122.35942,0.2,281.8,511.0,FELLOWSHIP,IMO0000000,WDF8248,37,,25,7,,,B
367492940,2022-01-04T11:07:26,47.26270,-122.35945,0.2,234.1,511.0,FELLOWSHIP,IMO0000000,WDF8248,37,,25,7,,,B
367492940,2022-01-04T15:25:26,47.26270,-122.35942,0.0,42.8,511.0,FELLOWSHIP,IMO0000000,WDF8248,37,,25,7,,,B
367492940,2022-01-04T15:58:26,47.26271,-122.35947,0.3,42.8,511.0,FELLOWSHIP,IMO0000000,WDF8248,37,,25,7,,,B
367492940,2022-01-04T15:01:26,47.26274,-122.35944,0.2,42.8,511.0,FELLOWSHIP,IMO0000000,WDF8248,37,,25,7,,,B
367492940,2022-01-04T11:16:26,47.26273,-122.35946,0.1,234.1,511.0,FELLOWSHIP,IMO0000000,WDF8248,37,,25,7,,,B
367492940,2022-01-04T16:13:26,47.26271,-122.35947,0.1,42.8,511.0,FELLOWSHIP,IMO0000000,WDF8248,37,,25,7,,,B
367492940,2022-01-04T16:07:27,47.26270,-122.35946,0.0,42.8,511.0,FELLOWSHIP,IMO0000000,WDF8248,37,,25,7,,,B
367492940,2022-01-04T14:28:26,47.26273,-122.35943,0.3,68.0,511.0,FELLOWSHIP,IMO0000000,WDF8248,37,,25,7,,,B
367492940,2022-01-04T11:19:27,47.26273,-122.35944,0.1,234.1,511.0,FELLOWSHIP,IMO0000000,WDF8248,37,,25,7,,,B
367492940,2022-01-04T11:22:28,47.26276,-122.35950,0.0,234.1,511.0,FELLOWSHIP,IMO0000000,WDF8248,37,,25,7,,,B
367492940,2022-01-04T22:01:26,47.26275,-122.35946,0.3,68.0,511.0,FELLOWSHIP,IMO0000000,WDF8248,37,,25,7,,,B
367492940,2022-01-04T15:52:26,47.26272,-122.35946,0.2,42.8,511.0,FELLOWSHIP,IMO0000000,WDF8248,37,,25,7,,,B
367492940,2022-01-04T15:28:27,47.26269,-122.35945,0.0,42.8,511.0,FELLOWSHIP,IMO0000000,WDF8248,37,,25,7,,,B
367492940,2022-01-04T16:04:28,47.26272,-122.35947,0.1,42.8,511.0,FELLOWSHIP,IMO0000000,WDF8248,37,,25,7,,,B
367492940,2022-01-04T16:25:28,47.26270,-122.35946,0.1,42.8,511.0,FELLOWSHIP,IMO0000000,WDF8248,37,,25,7,,,B
367492940,2022-01-04T16:46:26,47.26272,-122.35948,0.0,42.8,511.0,FELLOWSHIP,IMO0000000,WDF8248,37,,25,7,,,B
367492940,2022-01-04T16:16:26,47.26271,-122.35946,0.1,42.8,511.0,FELLOWSHIP,IMO0000000,WDF8248,37,,25,7,,,B
367492940,2022-01-04T16:37:26,47.26270,-122.35947,0.0,42.8,511.0,FELLOWSHIP,IMO0000000,WDF8248,37,,25,7,,,B
367492940,2022-01-04T16:55:26,47.26272,-122.35948,0.3,42.8,511.0,FELLOWSHIP,IMO0000000,WDF8248,37,,25,7,,,B
367492940,2022-01-04T15:04:27,47.26272,-122.35944,0.1,42.8,511.0,FELLOWSHIP,IMO0000000,WDF8248,37,,25,7,,,B
367492940,2022-01-04T16:34:26,47.26271,-122.35947,0.1,42.8,511.0,FELLOWSHIP,IMO0000000,WDF8248,37,,25,7,,,B
367492940,2022-01-04T17:13:26,47.26270,-122.35947,0.2,42.8,511.0,FELLOWSHIP,IMO0000000,WDF8248,37,,25,7,,,B
367492940,2022-01-04T16:49:27,47.26271,-122.35945,0.3,42.8,511.0,FELLOWSHIP,IMO0000000,WDF8248,37,,25,7,,,B
367492940,2022-01-04T15:22:26,47.26264,-122.35952,0.2,42.8,511.0,FELLOWSHIP,IMO0000000,WDF8248,37,,25,7,,,B
367492940,2022-01-04T17:25:26,47.26274,-122.35947,0.1,42.8,511.0,FELLOWSHIP,IMO0000000,WDF8248,37,,25,7,,,B
367492940,2022-01-04T16:52:27,47.26272,-122.35949,0.3,42.8,511.0,FELLOWSHIP,IMO0000000,WDF8248,37,,25,7,,,B
367492940,2022-01-04T12:19:26,47.26273,-122.35944,0.1,8.7,511.0,FELLOWSHIP,IMO0000000,WDF8248,37,,25,7,,,B
367492940,2022-01-04T17:37:26,47.26272,-122.35948,0.1,20.6,511.0,FELLOWSHIP,IMO0000000,WDF8248,37,,25,7,,,B
367492940,2022-01-04T17:22:26,47.26267,-122.35946,0.4,42.8,511.0,FELLOWSHIP,IMO0000000,WDF8248,37,,25,7,,,B
367492940,2022-01-04T17:01:27,47.26272,-122.35944,0.3,42.8,511.0,FELLOWSHIP,IMO0000000,WDF8248,37,,25,7,,,B
367492940,2022-01-04T17:07:26,47.26269,-122.35947,0.0,42.8,511.0,FELLOWSHIP,IMO0000000,WDF8248,37,,25,7,,,B
367492940,2022-01-04T17:10:26,47.26271,-122.35946,0.1,42.8,511.0,FELLOWSHIP,IMO0000000,WDF8248,37,,25,7,,,B
367492940,2022-01-04T15:43:26,47.26269,-122.35944,0.1,42.8,511.0,FELLOWSHIP,IMO0000000,WDF8248,37,,25,7,,,B
367492940,2022-01-04T17:40:28,47.26274,-122.35947,0.1,20.6,511.0,FELLOWSHIP,IMO0000000,WDF8248,37,,25,7,,,B
367492940,2022-01-04T12:49:26,47.26272,-122.35946,0.2,8.7,511.0,FELLOWSHIP,IMO0000000,WDF8248,37,,25,7,,,B
367492940,2022-01-04T17:49:26,47.26271,-122.35946,0.0,20.6,511.0,FELLOWSHIP,IMO0000000,WDF8248,37,,25,7,,,B
367492940,2022-01-04T15:49:26,47.26270,-122.35943,0.0,42.8,511.0,FELLOWSHIP,IMO0000000,WDF8248,37,,25,7,,,B
367492940,2022-01-04T17:31:27,47.26274,-122.35949,0.1,20.6,511.0,FELLOWSHIP,IMO0000000,WDF8248,37,,25,7,,,B
367492940,2022-01-04T17:34:26,47.26275,-122.35946,0.4,20.6,511.0,FELLOWSHIP,IMO0000000,WDF8248,37,,25,7,,,B
367492940,2022-01-04T13:01:26,47.26273,-122.35949,0.4,8.7,511.0,FELLOWSHIP,IMO0000000,WDF8248,37,,25,7,,,B
367492940,2022-01-04T18:01:27,47.26271,-122.35947,0.3,20.6,511.0,FELLOWSHIP,IMO0000000,WDF8248,37,,25,7,,,B
367492940,2022-01-04T18:04:26,47.26272,-122.35944,0.1,20.6,511.0,FELLOWSHIP,IMO0000000,WDF8248,37,,25,7,,,B
367492940,2022-01-04T17:43:26,47.26271,-122.35946,0.0,20.6,511.0,FELLOWSHIP,IMO0000000,WDF8248,37,,25,7,,,B
367492940,2022-01-04T16:10:27,47.26270,-122.35946,0.1,42.8,511.0,FELLOWSHIP,IMO0000000,WDF8248,37,,25,7,,,B
367492940,2022-01-04T17:16:26,47.26270,-122.35946,0.3,42.8,511.0,FELLOWSHIP,IMO0000000,WDF8248,37,,25,7,,,B
367492940,2022-01-04T16:22:29,47.26270,-122.35947,0.1,42.8,511.0,FELLOWSHIP,IMO0000000,WDF8248,37,,25,7,,,B
367492940,2022-01-04T13:19:28,47.26272,-122.35944,0.1,8.7,511.0,FELLOWSHIP,IMO0000000,WDF8248,37,,25,7,,,B
367492940,2022-01-04T16:28:26,47.26271,-122.35947,0.1,42.8,511.0,FELLOWSHIP,IMO0000000,WDF8248,37,,25,7,,,B
367492940,2022-01-04T18:51:52,47.26271,-122.35944,0.3,200.1,511.0,FELLOWSHIP,IMO0000000,WDF8248,37,,25,7,,,B
367492940,2022-01-04T18:33:52,47.26258,-122.35946,0.2,200.1,511.0,FELLOWSHIP,IMO0000000,WDF8248,37,,25,7,,,B
367492940,2022-01-04T18:19:26,47.26270,-122.35944,0.1,20.6,511.0,FELLOWSHIP,IMO0000000,WDF8248,37,,25,7,,,B
367492940,2022-01-04T16:43:26,47.26271,-122.35952,0.1,42.8,511.0,FELLOWSHIP,IMO0000000,WDF8248,37,,25,7,,,B
367492940,2022-01-04T17:52:26,47.26269,-122.35946,0.0,20.6,511.0,FELLOWSHIP,IMO0000000,WDF8248,37,,25,7,,,B
367492940,2022-01-04T18:39:52,47.26268,-122.35945,0.6,200.1,511.0,FELLOWSHIP,IMO0000000,WDF8248,37,,25,7,,,B
367492940,2022-01-04T18:36:51,47.26272,-122.35944,0.2,200.1,511.0,FELLOWSHIP,IMO0000000,WDF8248,37,,25,7,,,B
367492940,2022-01-04T13:52:27,47.26272,-122.35945,0.3,28.8,511.0,FELLOWSHIP,IMO0000000,WDF8248,37,,25,7,,,B
367492940,2022-01-04T16:58:27,47.26270,-122.35946,0.2,42.8,511.0,FELLOWSHIP,IMO0000000,WDF8248,37,,25,7,,,B
367492940,2022-01-04T19:30:52,47.26272,-122.35944,0.3,200.1,511.0,FELLOWSHIP,IMO0000000,WDF8248,37,,25,7,,,B
367492940,2022-01-04T18:48:54,47.26270,-122.35945,0.1,200.1,511.0,FELLOWSHIP,IMO0000000,WDF8248,37,,25,7,,,B
367492940,2022-01-04T17:04:26,47.26270,-122.35946,0.0,42.8,511.0,FELLOWSHIP,IMO0000000,WDF8248,37,,25,7,,,B
367492940,2022-01-04T18:07:26,47.26275,-122.35944,0.3,20.6,511.0,FELLOWSHIP,IMO0000000,WDF8248,37,,25,7,,,B
367492940,2022-01-04T19:21:52,47.26273,-122.35948,0.2,200.1,511.0,FELLOWSHIP,IMO0000000,WDF8248,37,,25,7,,,B
367492940,2022-01-04T18:57:53,47.26274,-122.35942,0.2,200.1,511.0,FELLOWSHIP,IMO0000000,WDF8248,37,,25,7,,,B
367492940,2022-01-04T19:45:51,47.26272,-122.35948,0.1,200.1,511.0,FELLOWSHIP,IMO0000000,WDF8248,37,,25,7,,,B
367492940,2022-01-04T14:13:27,47.26271,-122.35946,0.5,12.1,511.0,FELLOWSHIP,IMO0000000,WDF8248,37,,25,7,,,B
367492940,2022-01-04T19:33:51,47.26271,-122.35944,0.2,200.1,511.0,FELLOWSHIP,IMO0000000,WDF8248,37,,25,7,,,B
367492940,2022-01-04T18:28:27,47.26277,-122.35944,1.0,253.4,511.0,FELLOWSHIP,IMO0000000,WDF8248,37,,25,7,,,B
367492940,2022-01-04T17:19:27,47.26266,-122.35945,0.2,42.8,511.0,FELLOWSHIP,IMO0000000,WDF8248,37,,25,7,,,B
367492940,2022-01-04T19:42:51,47.26271,-122.35945,0.3,200.1,511.0,FELLOWSHIP,IMO0000000,WDF8248,37,,25,7,,,B
367492940,2022-01-04T19:15:51,47.26269,-122.35948,0.3,200.1,511.0,FELLOWSHIP,IMO0000000,WDF8248,37,,25,7,,,B
367492940,2022-01-04T19:51:51,47.26275,-122.35953,0.5,200.1,511.0,FELLOWSHIP,IMO0000000,WDF8248,37,,25,7,,,B
367492940,2022-01-04T17:28:26,47.26271,-122.35947,0.2,20.6,511.0,FELLOWSHIP,IMO0000000,WDF8248,37,,25,7,,,B
367492940,2022-01-04T20:08:47,47.26274,-122.35946,0.1,346.1,511.0,FELLOWSHIP,IMO0000000,WDF8248,37,,25,7,,,B
367492940,2022-01-04T19:36:52,47.26269,-122.35943,0.1,200.1,511.0,FELLOWSHIP,IMO0000000,WDF8248,37,,25,7,,,B
367492940,2022-01-04T19:39:51,47.26271,-122.35945,0.2,200.1,511.0,FELLOWSHIP,IMO0000000,WDF8248,37,,25,7,,,B
367492940,2022-01-04T19:00:53,47.26271,-122.35946,0.1,200.1,511.0,FELLOWSHIP,IMO0000000,WDF8248,37,,25,7,,,B
367492940,2022-01-04T20:36:17,47.26266,-122.35947,0.2,346.1,511.0,FELLOWSHIP,IMO0000000,WDF8248,37,,25,7,,,B
367492940,2022-01-04T19:09:51,47.26272,-122.35944,0.1,200.1,511.0,FELLOWSHIP,IMO0000000,WDF8248,37,,25,7,,,B
367492940,2022-01-04T17:55:27,47.26271,-122.35948,0.1,20.6,511.0,FELLOWSHIP,IMO0000000,WDF8248,37,,25,7,,,B
367492940,2022-01-04T20:07:17,47.26273,-122.35943,0.2,346.1,511.0,FELLOWSHIP,IMO0000000,WDF8248,37,,25,7,,,B
367492940,2022-01-04T20:54:17,47.26269,-122.35945,0.1,346.1,511.0,FELLOWSHIP,IMO0000000,WDF8248,37,,25,7,,,B
367492940,2022-01-04T20:12:16,47.26270,-122.35943,0.2,346.1,511.0,FELLOWSHIP,IMO0000000,WDF8248,37,,25,7,,,B
367492940,2022-01-04T20:24:18,47.26271,-122.35946,0.1,346.1,511.0,FELLOWSHIP,IMO0000000,WDF8248,37,,25,7,,,B
367492940,2022-01-04T20:27:17,47.26268,-122.35944,0.2,346.1,511.0,FELLOWSHIP,IMO0000000,WDF8248,37,,25,7,,,B
367492940,2022-01-04T21:06:17,47.26276,-122.35943,0.4,346.1,511.0,FELLOWSHIP,IMO0000000,WDF8248,37,,25,7,,,B
367492940,2022-01-04T21:18:17,47.26274,-122.35944,0.3,8.5,511.0,FELLOWSHIP,IMO0000000,WDF8248,37,,25,7,,,B
367492940,2022-01-04T18:31:26,47.26271,-122.35943,0.2,253.4,511.0,FELLOWSHIP,IMO0000000,WDF8248,37,,25,7,,,B
367492940,2022-01-04T19:48:51,47.26271,-122.35948,0.2,200.1,511.0,FELLOWSHIP,IMO0000000,WDF8248,37,,25,7,,,B
367492940,2022-01-04T15:31:26,47.26268,-122.35948,0.1,42.8,511.0,FELLOWSHIP,IMO0000000,WDF8248,37,,25,7,,,B
367492940,2022-01-04T18:35:22,47.26275,-122.35937,0.2,200.1,511.0,FELLOWSHIP,IMO0000000,WDF8248,37,,25,7,,,B
367492940,2022-01-04T20:45:17,47.26273,-122.35946,0.3,346.1,511.0,FELLOWSHIP,IMO0000000,WDF8248,37,,25,7,,,B
367492940,2022-01-04T20:51:17,47.26271,-122.35945,0.3,346.1,511.0,FELLOWSHIP,IMO0000000,WDF8248,37,,25,7,,,B
367492940,2022-01-04T19:57:52,47.26272,-122.35945,0.3,200.1,511.0,FELLOWSHIP,IMO0000000,WDF8248,37,,25,7,,,B
367492940,2022-01-04T20:00:51,47.26271,-122.35947,0.2,309.4,511.0,FELLOWSHIP,IMO0000000,WDF8248,37,,25,7,,,B
367492940,2022-01-04T20:48:17,47.26268,-122.35946,0.1,346.1,511.0,FELLOWSHIP,IMO0000000,WDF8248,37,,25,7,,,B
367492940,2022-01-04T21:36:17,47.26270,-122.35946,0.2,195.6,511.0,FELLOWSHIP,IMO0000000,WDF8248,37,,25,7,,,B
367492940,2022-01-04T21:00:19,47.26267,-122.35942,0.1,346.1,511.0,FELLOWSHIP,IMO0000000,WDF8248,37,,25,7,,,B
367492940,2022-01-04T21:42:19,47.26271,-122.35945,0.1,195.6,511.0,FELLOWSHIP,IMO0000000,WDF8248,37,,25,7,,,B
367492940,2022-01-04T20:15:17,47.26270,-122.35945,0.3,346.1,511.0,FELLOWSHIP,IMO0000000,WDF8248,37,,25,7,,,B
367492940,2022-01-04T16:01:26,47.26271,-122.35948,0.3,42.8,511.0,FELLOWSHIP,IMO0000000,WDF8248,37,,25,7,,,B
367492940,2022-01-04T19:03:51,47.26273,-122.35944,0.0,200.1,511.0,FELLOWSHIP,IMO0000000,WDF8248,37,,25,7,,,B
367492940,2022-01-04T21:27:20,47.26272,-122.35947,0.3,195.6,511.0,FELLOWSHIP,IMO0000000,WDF8248,37,,25,7,,,B
367492940,2022-01-04T19:12:53,47.26269,-122.35944,0.1,200.1,511.0,FELLOWSHIP,IMO0000000,WDF8248,37,,25,7,,,B
367492940,2022-01-04T21:30:18,47.26270,-122.35948,0.1,195.6,511.0,FELLOWSHIP,IMO0000000,WDF8248,37,,25,7,,,B
367492940,2022-01-04T20:39:16,47.26272,-122.35943,0.1,346.1,511.0,FELLOWSHIP,IMO0000000,WDF8248,37,,25,7,,,B
367492940,2022-01-04T22:06:17,47.26269,-122.35945,0.2,195.6,511.0,FELLOWSHIP,IMO0000000,WDF8248,37,,25,7,,,B
367492940,2022-01-04T20:42:18,47.26270,-122.35947,0.1,346.1,511.0,FELLOWSHIP,IMO0000000,WDF8248,37,,25,7,,,B
367492940,2022-01-04T16:19:26,47.26270,-122.35944,0.0,42.8,511.0,FELLOWSHIP,IMO0000000,WDF8248,37,,25,7,,,B
367492940,2022-01-04T22:24:18,47.26269,-122.35940,0.2,89.4,511.0,FELLOWSHIP,IMO0000000,WDF8248,37,,25,7,,,B
367492940,2022-01-04T19:27:52,47.26269,-122.35947,0.1,200.1,511.0,FELLOWSHIP,IMO0000000,WDF8248,37,,25,7,,,B
367492940,2022-01-04T21:33:16,47.26270,-122.35946,0.0,195.6,511.0,FELLOWSHIP,IMO0000000,WDF8248,37,,25,7,,,B
367492940,2022-01-04T16:31:26,47.26272,-122.35946,0.1,42.8,511.0,FELLOWSHIP,IMO0000000,WDF8248,37,,25,7,,,B
367492940,2022-01-04T22:46:19,47.26276,-122.35953,0.1,95.9,511.0,FELLOWSHIP,IMO0000000,WDF8248,37,,25,7,,,B
367492940,2022-01-04T21:12:17,47.26271,-122.35943,0.1,8.5,511.0,FELLOWSHIP,IMO0000000,WDF8248,37,,25,7,,,B
367492940,2022-01-04T22:48:19,47.26272,-122.35949,0.1,95.9,511.0,FELLOWSHIP,IMO0000000,WDF8248,37,,25,7,,,B
367492940,2022-01-04T22:03:17,47.26269,-122.35946,0.0,195.6,511.0,FELLOWSHIP,IMO0000000,WDF8248,37,,25,7,,,B
367492940,2022-01-04T22:30:16,47.26266,-122.35935,1.2,95.9,511.0,FELLOWSHIP,IMO0000000,WDF8248,37,,25,7,,,B
367492940,2022-01-04T23:06:16,47.26272,-122.35945,0.1,95.9,511.0,FELLOWSHIP,IMO0000000,WDF8248,37,,25,7,,,B
367492940,2022-01-04T22:21:17,47.26269,-122.35943,0.0,89.4,511.0,FELLOWSHIP,IMO0000000,WDF8248,37,,25,7,,,B
367492940,2022-01-04T23:15:18,47.26284,-122.35960,0.1,95.9,511.0,FELLOWSHIP,IMO0000000,WDF8248,37,,25,7,,,B
367492940,2022-01-04T23:18:15,47.26270,-122.35946,0.1,95.9,511.0,FELLOWSHIP,IMO0000000,WDF8248,37,,25,7,,,B
367492940,2022-01-04T21:54:17,47.26268,-122.35944,0.6,195.6,511.0,FELLOWSHIP,IMO0000000,WDF8248,37,,25,7,,,B
367492940,2022-01-04T23:00:19,47.26268,-122.35946,0.1,95.9,511.0,FELLOWSHIP,IMO0000000,WDF8248,37,,25,7,,,B
367492940,2022-01-04T20:21:16,47.26272,-122.35938,0.5,346.1,511.0,FELLOWSHIP,IMO0000000,WDF8248,37,,25,7,,,B
367492940,2022-01-04T22:09:19,47.26269,-122.35943,0.3,195.6,511.0,FELLOWSHIP,IMO0000000,WDF8248,37,,25,7,,,B
367492940,2022-01-04T22:51:17,47.26270,-122.35944,0.1,95.9,511.0,FELLOWSHIP,IMO0000000,WDF8248,37,,25,7,,,B
367492940,2022-01-04T22:54:16,47.26270,-122.35945,0.1,95.9,511.0,FELLOWSHIP,IMO0000000,WDF8248,37,,25,7,,,B
367492940,2022-01-04T23:52:13,47.26273,-122.35945,0.2,247.4,511.0,FELLOWSHIP,IMO0000000,WDF8248,37,,25,7,,,B
367492940,2022-01-04T23:43:13,47.26267,-122.35951,0.3,245.6,511.0,FELLOWSHIP,IMO0000000,WDF8248,37,,25,7,,,B
367492940,2022-01-04T23:25:13,47.26271,-122.35945,0.1,95.9,511.0,FELLOWSHIP,IMO0000000,WDF8248,37,,25,7,,,B
367492940,2022-01-04T23:28:13,47.26273,-122.35947,0.1,33.0,511.0,FELLOWSHIP,IMO0000000,WDF8248,37,,25,7,,,B
367492940,2022-01-04T22:33:17,47.26269,-122.35944,0.1,95.9,511.0,FELLOWSHIP,IMO0000000,WDF8248,37,,25,7,,,B
367492940,2022-01-04T23:16:45,47.26270,-122.35945,0.4,95.9,511.0,FELLOWSHIP,IMO0000000,WDF8248,37,,25,7,,,B
367492940,2022-01-04T23:40:13,47.26268,-122.35952,0.5,294.0,511.0,FELLOWSHIP,IMO0000000,WDF8248,37,,25,7,,,B
367492940,2022-01-04T23:58:13,47.26268,-122.35953,0.8,241.1,511.0,FELLOWSHIP,IMO0000000,WDF8248,37,,25,7,,,B
367492940,2022-01-04T18:10:26,47.26271,-122.35946,0.0,20.6,511.0,FELLOWSHIP,IMO0000000,WDF8248,37,,25,7,,,B
367492940,2022-01-04T23:22:14,47.26271,-122.35946,0.0,95.9,511.0,FELLOWSHIP,IMO0000000,WDF8248,37,,25,7,,,B
367492940,2022-01-04T18:25:26,47.26268,-122.35948,0.2,20.6,511.0,FELLOWSHIP,IMO0000000,WDF8248,37,,25,7,,,B
367492940,2022-01-04T23:46:15,47.26273,-122.35944,0.1,245.6,511.0,FELLOWSHIP,IMO0000000,WDF8248,37,,25,7,,,B
367492940,2022-01-04T23:55:13,47.26272,-122.35946,0.8,247.4,511.0,FELLOWSHIP,IMO0000000,WDF8248,37,,25,7,,,B
367492940,2022-01-04T18:45:53,47.26269,-122.35948,0.7,200.1,511.0,FELLOWSHIP,IMO0000000,WDF8248,37,,25,7,,,B
367492940,2022-01-04T22:00:17,47.26269,-122.35944,0.2,195.6,511.0,FELLOWSHIP,IMO0000000,WDF8248,37,,25,7,,,B
367492940,2022-01-04T22:12:19,47.26269,-122.35948,0.8,195.6,511.0,FELLOWSHIP,IMO0000000,WDF8248,37,,25,7,,,B
367492940,2022-01-04T22:18:19,47.26269,-122.35948,0.0,89.4,511.0,FELLOWSHIP,IMO0000000,WDF8248,37,,25,7,,,B
367492940,2022-01-04T22:27:18,47.26267,-122.35955,0.1,89.4,511.0,FELLOWSHIP,IMO0000000,WDF8248,37,,25,7,,,B
367492940,2022-01-04T20:18:19,47.26270,-122.35946,0.1,346.1,511.0,FELLOWSHIP,IMO0000000,WDF8248,37,,25,7,,,B
367492940,2022-01-04T21:24:18,47.26275,-122.35944,0.1,195.6,511.0,FELLOWSHIP,IMO0000000,WDF8248,37,,25,7,,,B
367492940,2022-01-04T21:39:17,47.26270,-122.35942,0.2,195.6,511.0,FELLOWSHIP,IMO0000000,WDF8248,37,,25,7,,,B
367492940,2022-01-04T22:42:17,47.26270,-122.35946,0.1,95.9,511.0,FELLOWSHIP,IMO0000000,WDF8248,37,,25,7,,,B
367492940,2022-01-04T22:45:17,47.26275,-122.35953,0.5,95.9,511.0,FELLOWSHIP,IMO0000000,WDF8248,37,,25,7,,,B
367492940,2022-01-04T23:09:18,47.26272,-122.35942,0.7,95.9,511.0,FELLOWSHIP,IMO0000000,WDF8248,37,,25,7,,,B
367492940,2022-01-04T23:49:14,47.26272,-122.35948,0.2,247.4,511.0,FELLOWSHIP,IMO0000000,WDF8248,37,,25,7,,,B
367492940,2022-01-05T00:00:09,47.26259,-122.35962,1.2,230.8,511.0,FELLOWSHIP,IMO0000000,WDF8248,37,,25,7,,,B
367492940,2022-01-05T00:02:08,47.26278,-122.35940,0.2,229.0,511.0,FELLOWSHIP,IMO0000000,WDF8248,37,,25,7,,,B
367492940,2022-01-05T00:06:08,47.26266,-122.35945,0.2,229.0,511.0,FELLOWSHIP,IMO0000000,WDF8248,37,,25,7,,,B
367492940,2022-01-05T00:09:09,47.26275,-122.35940,0.0,229.0,511.0,FELLOWSHIP,IMO0000000,WDF8248,37,,25,7,,,B
367492940,2022-01-05T00:12:12,47.26279,-122.35935,0.2,229.0,511.0,FELLOWSHIP,IMO0000000,WDF8248,37,,25,7,,,B
367492940,2022-01-05T00:18:09,47.26274,-122.35943,0.1,229.0,511.0,FELLOWSHIP,IMO0000000,WDF8248,37,,25,7,,,B
367492940,2022-01-05T00:21:08,47.26271,-122.35946,0.1,229.0,511.0,FELLOWSHIP,IMO0000000,WDF8248,37,,25,7,,,B
367492940,2022-01-05T00:24:09,47.26270,-122.35949,0.5,229.0,511.0,FELLOWSHIP,IMO0000000,WDF8248,37,,25,7,,,B
367492940,2022-01-05T00:39:09,47.26272,-122.35944,0.4,229.0,511.0,FELLOWSHIP,IMO0000000,WDF8248,37,,25,7,,,B
367492940,2022-01-05T00:42:11,47.26273,-122.35944,0.2,229.0,511.0,FELLOWSHIP,IMO0000000,WDF8248,37,,25,7,,,B
367492940,2022-01-05T00:45:08,47.26268,-122.35946,0.2,229.0,511.0,FELLOWSHIP,IMO0000000,WDF8248,37,,25,7,,,B
367492940,2022-01-05T00:48:09,47.26267,-122.35946,0.4,229.0,511.0,FELLOWSHIP,IMO0000000,WDF8248,37,,25,7,,,B
367492940,2022-01-05T00:54:09,47.26267,-122.35945,0.4,229.0,511.0,FELLOWSHIP,IMO0000000,WDF8248,37,,25,7,,,B
367492940,2022-01-05T00:57:08,47.26263,-122.35938,0.3,229.0,511.0,FELLOWSHIP,IMO0000000,WDF8248,37,,25,7,,,B
367492940,2022-01-05T00:51:08,47.26275,-122.35944,0.1,229.0,511.0,FELLOWSHIP,IMO0000000,WDF8248,37,,25,7,,,B
367492940,2022-01-05T01:00:10,47.26273,-122.35941,0.3,229.0,511.0,FELLOWSHIP,IMO0000000,WDF8248,37,,25,7,,,B
367492940,2022-01-05T01:03:08,47.26268,-122.35945,0.1,229.0,511.0,FELLOWSHIP,IMO0000000,WDF8248,37,,25,7,,,B
367492940,2022-01-05T00:27:10,47.26270,-122.35949,0.3,229.0,511.0,FELLOWSHIP,IMO0000000,WDF8248,37,,25,7,,,B
367492940,2022-01-05T01:09:08,47.26275,-122.35953,0.2,229.0,511.0,FELLOWSHIP,IMO0000000,WDF8248,37,,25,7,,,B
367492940,2022-01-05T01:06:08,47.26271,-122.35946,0.0,229.0,511.0,FELLOWSHIP,IMO0000000,WDF8248,37,,25,7,,,B
367492940,2022-01-05T01:12:08,47.26274,-122.35949,0.6,229.0,511.0,FELLOWSHIP,IMO0000000,WDF8248,37,,25,7,,,B
367492940,2022-01-05T01:18:09,47.26270,-122.35946,0.1,229.0,511.0,FELLOWSHIP,IMO0000000,WDF8248,37,,25,7,,,B
367492940,2022-01-05T01:21:08,47.26270,-122.35945,0.1,229.0,511.0,FELLOWSHIP,IMO0000000,WDF8248,37,,25,7,,,B
367492940,2022-01-05T01:15:11,47.26272,-122.35948,0.1,229.0,511.0,FELLOWSHIP,IMO0000000,WDF8248,37,,25,7,,,B
367492940,2022-01-05T01:27:11,47.26271,-122.35944,0.1,229.0,511.0,FELLOWSHIP,IMO0000000,WDF8248,37,,25,7,,,B
367492940,2022-01-05T01:39:10,47.26272,-122.35945,0.1,229.0,511.0,FELLOWSHIP,IMO0000000,WDF8248,37,,25,7,,,B
367492940,2022-01-05T01:42:09,47.26271,-122.35944,0.3,229.0,511.0,FELLOWSHIP,IMO0000000,WDF8248,37,,25,7,,,B
367492940,2022-01-05T01:45:08,47.26272,-122.35948,0.3,229.0,511.0,FELLOWSHIP,IMO0000000,WDF8248,37,,25,7,,,B
367492940,2022-01-05T01:54:08,47.26273,-122.35944,0.0,229.0,511.0,FELLOWSHIP,IMO0000000,WDF8248,37,,25,7,,,B
367492940,2022-01-05T01:48:09,47.26270,-122.35942,1.0,229.0,511.0,FELLOWSHIP,IMO0000000,WDF8248,37,,25,7,,,B
367492940,2022-01-05T02:00:10,47.26271,-122.35948,0.6,229.0,511.0,FELLOWSHIP,IMO0000000,WDF8248,37,,25,7,,,B
367492940,2022-01-05T02:06:08,47.26278,-122.35948,0.3,229.0,511.0,FELLOWSHIP,IMO0000000,WDF8248,37,,25,7,,,B
367492940,2022-01-05T02:12:09,47.26268,-122.35942,0.0,229.0,511.0,FELLOWSHIP,IMO0000000,WDF8248,37,,25,7,,,B
367492940,2022-01-05T02:18:10,47.26270,-122.35944,0.2,229.0,511.0,FELLOWSHIP,IMO0000000,WDF8248,37,,25,7,,,B
367492940,2022-01-05T02:24:09,47.26268,-122.35943,0.3,229.0,511.0,FELLOWSHIP,IMO0000000,WDF8248,37,,25,7,,,B
367492940,2022-01-05T02:27:08,47.26271,-122.35942,0.2,229.0,511.0,FELLOWSHIP,IMO0000000,WDF8248,37,,25,7,,,B
367492940,2022-01-05T02:36:08,47.26270,-122.35946,0.0,229.0,511.0,FELLOWSHIP,IMO0000000,WDF8248,37,,25,7,,,B
367492940,2022-01-05T02:39:08,47.26271,-122.35945,0.0,229.0,511.0,FELLOWSHIP,IMO0000000,WDF8248,37,,25,7,,,B
367492940,2022-01-05T02:42:10,47.26271,-122.35944,0.1,229.0,511.0,FELLOWSHIP,IMO0000000,WDF8248,37,,25,7,,,B
367492940,2022-01-05T02:54:10,47.26272,-122.35947,0.2,229.0,511.0,FELLOWSHIP,IMO0000000,WDF8248,37,,25,7,,,B
367492940,2022-01-05T02:48:09,47.26272,-122.35937,0.2,229.0,511.0,FELLOWSHIP,IMO0000000,WDF8248,37,,25,7,,,B
367492940,2022-01-05T02:51:08,47.26269,-122.35950,0.1,229.0,511.0,FELLOWSHIP,IMO0000000,WDF8248,37,,25,7,,,B
367492940,2022-01-05T02:57:10,47.26273,-122.35943,0.0,229.0,511.0,FELLOWSHIP,IMO0000000,WDF8248,37,,25,7,,,B
367492940,2022-01-05T03:06:08,47.26272,-122.35949,0.1,229.0,511.0,FELLOWSHIP,IMO0000000,WDF8248,37,,25,7,,,B
367492940,2022-01-05T03:09:09,47.26273,-122.35934,0.5,229.0,511.0,FELLOWSHIP,IMO0000000,WDF8248,37,,25,7,,,B
367492940,2022-01-05T03:18:09,47.26274,-122.35944,0.2,229.0,511.0,FELLOWSHIP,IMO0000000,WDF8248,37,,25,7,,,B
367492940,2022-01-05T03:21:08,47.26272,-122.35943,0.5,229.0,511.0,FELLOWSHIP,IMO0000000,WDF8248,37,,25,7,,,B
367492940,2022-01-05T03:12:09,47.26269,-122.35946,0.6,229.0,511.0,FELLOWSHIP,IMO0000000,WDF8248,37,,25,7,,,B
367492940,2022-01-05T01:24:08,47.26270,-122.35946,0.1,229.0,511.0,FELLOWSHIP,IMO0000000,WDF8248,37,,25,7,,,B
367492940,2022-01-05T03:24:09,47.26271,-122.35941,0.3,229.0,511.0,FELLOWSHIP,IMO0000000,WDF8248,37,,25,7,,,B
367492940,2022-01-05T03:39:09,47.26267,-122.35941,0.9,356.3,511.0,FELLOWSHIP,IMO0000000,WDF8248,37,,25,7,,,B
367492940,2022-01-05T03:36:08,47.26266,-122.35942,0.5,229.0,511.0,FELLOWSHIP,IMO0000000,WDF8248,37,,25,7,,,B
367492940,2022-01-05T03:57:08,47.26270,-122.35942,0.1,36.7,511.0,FELLOWSHIP,IMO0000000,WDF8248,37,,25,7,,,B
367492940,2022-01-05T03:45:09,47.26269,-122.35946,0.1,356.3,511.0,FELLOWSHIP,IMO0000000,WDF8248,37,,25,7,,,B
367492940,2022-01-05T04:00:09,47.26268,-122.35944,0.1,36.7,511.0,FELLOWSHIP,IMO0000000,WDF8248,37,,25,7,,,B
367492940,2022-01-05T04:03:09,47.26268,-122.35944,0.2,36.7,511.0,FELLOWSHIP,IMO0000000,WDF8248,37,,25,7,,,B
367492940,2022-01-05T04:15:08,47.26268,-122.35944,0.1,56.2,511.0,FELLOWSHIP,IMO0000000,WDF8248,37,,25,7,,,B
367492940,2022-01-05T04:21:09,47.26270,-122.35946,0.1,56.2,511.0,FELLOWSHIP,IMO0000000,WDF8248,37,,25,7,,,B
367492940,2022-01-05T04:06:10,47.26271,-122.35950,0.1,36.7,511.0,FELLOWSHIP,IMO0000000,WDF8248,37,,25,7,,,B
367492940,2022-01-05T04:24:09,47.26273,-122.35950,0.0,56.2,511.0,FELLOWSHIP,IMO0000000,WDF8248,37,,25,7,,,B
367492940,2022-01-05T04:18:10,47.26270,-122.35945,0.1,56.2,511.0,FELLOWSHIP,IMO0000000,WDF8248,37,,25,7,,,B
367492940,2022-01-05T04:33:09,47.26270,-122.35942,0.1,56.2,511.0,FELLOWSHIP,IMO0000000,WDF8248,37,,25,7,,,B
367492940,2022-01-05T23:59:10,47.26271,-122.35943,0.0,56.2,511.0,FELLOWSHIP,IMO0000000,WDF8248,37,,25,7,,,B
367492940,2022-01-05T05:03:36,47.26267,-122.35951,0.5,188.5,511.0,FELLOWSHIP,IMO0000000,WDF8248,37,,25,7,,,B
367492940,2022-01-05T05:00:10,47.26271,-122.35945,0.1,56.2,511.0,FELLOWSHIP,IMO0000000,WDF8248,37,,25,7,,,B
367492940,2022-01-05T05:02:35,47.26272,-122.35947,0.7,188.5,511.0,FELLOWSHIP,IMO0000000,WDF8248,37,,25,7,,,B
367492940,2022-01-05T23:59:35,47.26271,-122.35943,0.3,270.6,511.0,FELLOWSHIP,IMO0000000,WDF8248,37,,25,7,,,B
367492940,2022-01-05T05:08:35,47.26270,-122.35953,0.1,188.5,511.0,FELLOWSHIP,IMO0000000,WDF8248,37,,25,7,,,B
367492940,2022-01-05T05:05:05,47.26267,-122.35947,0.2,188.5,511.0,FELLOWSHIP,IMO0000000,WDF8248,37,,25,7,,,B
367492940,2022-01-05T02:15:08,47.26271,-122.35943,0.2,229.0,511.0,FELLOWSHIP,IMO0000000,WDF8248,37,,25,7,,,B
367492940,2022-01-05T06:02:35,47.26271,-122.35943,0.3,270.6,511.0,FELLOWSHIP,IMO0000000,WDF8248,37,,25,7,,,B
367492940,2022-01-05T06:14:01,47.26279,-122.35944,0.7,83.6,511.0,FELLOWSHIP,IMO0000000,WDF8248,37,,25,7,,,B
367492940,2022-01-05T06:08:36,47.26267,-122.35948,0.5,16.6,511.0,FELLOWSHIP,IMO0000000,WDF8248,37,,25,7,,,B
367492940,2022-01-05T06:23:31,47.26270,-122.35946,0.3,83.6,511.0,FELLOWSHIP,IMO0000000,WDF8248,37,,25,7,,,B
367492940,2022-01-05T06:05:35,47.26271,-122.35943,0.1,270.6,511.0,FELLOWSHIP,IMO0000000,WDF8248,37,,25,7,,,B
367492940,2022-01-05T06:12:05,47.26267,-122.35946,0.0,14.6,511.0,FELLOWSHIP,IMO0000000,WDF8248,37,,25,7,,,B
367492940,2022-01-05T06:17:33,47.26271,-122.35943,0.5,83.6,511.0,FELLOWSHIP,IMO0000000,WDF8248,37,,25,7,,,B
367492940,2022-01-05T06:41:33,47.26263,-122.35968,1.8,83.6,511.0,FELLOWSHIP,IMO0000000,WDF8248,37,,25,7,,,B
367492940,2022-01-05T06:43:29,47.26277,-122.35953,0.4,216.8,511.0,FELLOWSHIP,IMO0000000,WDF8248,37,,25,7,,,B
367492940,2022-01-05T06:29:31,47.26274,-122.35944,0.1,83.6,511.0,FELLOWSHIP,IMO0000000,WDF8248,37,,25,7,,,B
367492940,2022-01-05T06:35:32,47.26273,-122.35943,0.9,83.6,511.0,FELLOWSHIP,IMO0000000,WDF8248,37,,25,7,,,B
367492940,2022-01-05T06:47:59,47.26267,-122.35946,0.1,216.8,511.0,FELLOWSHIP,IMO0000000,WDF8248,37,,25,7,,,B
367492940,2022-01-05T02:45:08,47.26269,-122.35951,0.3,229.0,511.0,FELLOWSHIP,IMO0000000,WDF8248,37,,25,7,,,B
367492940,2022-01-05T06:54:00,47.26268,-122.35947,0.1,216.8,511.0,FELLOWSHIP,IMO0000000,WDF8248,37,,25,7,,,B
367492940,2022-01-05T06:58:25,47.26282,-122.35917,1.0,67.1,511.0,FELLOWSHIP,IMO0000000,WDF8248,37,,25,7,,,B
367492940,2022-01-05T06:59:55,47.26270,-122.35948,0.1,67.1,511.0,FELLOWSHIP,IMO0000000,WDF8248,37,,25,7,,,B
367492940,2022-01-05T07:01:24,47.26270,-122.35946,0.6,67.1,511.0,FELLOWSHIP,IMO0000000,WDF8248,37,,25,7,,,B
367492940,2022-01-05T07:07:24,47.26270,-122.35945,0.6,67.1,511.0,FELLOWSHIP,IMO0000000,WDF8248,37,,25,7,,,B
367492940,2022-01-05T07:16:24,47.26271,-122.35944,0.1,114.9,511.0,FELLOWSHIP,IMO0000000,WDF8248,37,,25,7,,,B
367492940,2022-01-05T03:00:09,47.26271,-122.35945,0.1,229.0,511.0,FELLOWSHIP,IMO0000000,WDF8248,37,,25,7,,,B
367492940,2022-01-05T07:28:24,47.26272,-122.35947,0.2,114.9,511.0,FELLOWSHIP,IMO0000000,WDF8248,37,,25,7,,,B
367492940,2022-01-05T07:25:24,47.26271,-122.35949,0.2,114.9,511.0,FELLOWSHIP,IMO0000000,WDF8248,37,,25,7,,,B
367492940,2022-01-05T07:37:24,47.26270,-122.35944,0.1,114.9,511.0,FELLOWSHIP,IMO0000000,WDF8248,37,,25,7,,,B
367492940,2022-01-05T07:43:27,47.26273,-122.35950,0.2,114.9,511.0,FELLOWSHIP,IMO0000000,WDF8248,37,,25,7,,,B
367492940,2022-01-05T07:52:24,47.26271,-122.35946,0.1,114.9,511.0,FELLOWSHIP,IMO0000000,WDF8248,37,,25,7,,,B
367492940,2022-01-05T08:01:24,47.26270,-122.35946,0.4,114.9,511.0,FELLOWSHIP,IMO0000000,WDF8248,37,,25,7,,,B
367492940,2022-01-05T08:04:24,47.26269,-122.35947,0.1,114.9,511.0,FELLOWSHIP,IMO0000000,WDF8248,37,,25,7,,,B
367492940,2022-01-05T08:13:24,47.26272,-122.35945,0.1,114.9,511.0,FELLOWSHIP,IMO0000000,WDF8248,37,,25,7,,,B
367492940,2022-01-05T07:55:26,47.26271,-122.35947,0.1,114.9,511.0,FELLOWSHIP,IMO0000000,WDF8248,37,,25,7,,,B
367492940,2022-01-05T08:19:24,47.26270,-122.35944,0.4,114.9,511.0,FELLOWSHIP,IMO0000000,WDF8248,37,,25,7,,,B
367492940,2022-01-05T08:10:25,47.26271,-122.35945,0.2,114.9,511.0,FELLOWSHIP,IMO0000000,WDF8248,37,,25,7,,,B
367492940,2022-01-05T08:07:25,47.26268,-122.35946,0.2,114.9,511.0,FELLOWSHIP,IMO0000000,WDF8248,37,,25,7,,,B
367492940,2022-01-05T08:16:24,47.26268,-122.35943,0.6,114.9,511.0,FELLOWSHIP,IMO0000000,WDF8248,37,,25,7,,,B
367492940,2022-01-05T08:25:24,47.26269,-122.35946,0.1,114.9,511.0,FELLOWSHIP,IMO0000000,WDF8248,37,,25,7,,,B
367492940,2022-01-05T08:55:25,47.26268,-122.35948,0.3,114.9,511.0,FELLOWSHIP,IMO0000000,WDF8248,37,,25,7,,,B
367492940,2022-01-05T08:37:26,47.26270,-122.35947,0.1,114.9,511.0,FELLOWSHIP,IMO0000000,WDF8248,37,,25,7,,,B
367492940,2022-01-05T08:43:25,47.26269,-122.35945,0.2,114.9,511.0,FELLOWSHIP,IMO0000000,WDF8248,37,,25,7,,,B
367492940,2022-01-05T08:46:24,47.26271,-122.35948,0.0,114.9,511.0,FELLOWSHIP,IMO0000000,WDF8248,37,,25,7,,,B
367492940,2022-01-05T08:49:24,47.26268,-122.35945,0.2,114.9,511.0,FELLOWSHIP,IMO0000000,WDF8248,37,,25,7,,,B
367492940,2022-01-05T09:07:24,47.26271,-122.35946,0.2,193.6,511.0,FELLOWSHIP,IMO0000000,WDF8248,37,,25,7,,,B
367492940,2022-01-05T09:01:24,47.26270,-122.35946,0.1,114.9,511.0,FELLOWSHIP,IMO0000000,WDF8248,37,,25,7,,,B
367492940,2022-01-05T09:13:25,47.26271,-122.35945,0.7,193.6,511.0,FELLOWSHIP,IMO0000000,WDF8248,37,,25,7,,,B
367492940,2022-01-05T03:48:11,47.26269,-122.35945,0.3,356.3,511.0,FELLOWSHIP,IMO0000000,WDF8248,37,,25,7,,,B
367492940,2022-01-05T09:19:24,47.26268,-122.35945,0.0,193.6,511.0,FELLOWSHIP,IMO0000000,WDF8248,37,,25,7,,,B
367492940,2022-01-05T09:16:24,47.26271,-122.35949,0.2,193.6,511.0,FELLOWSHIP,IMO0000000,WDF8248,37,,25,7,,,B
367492940,2022-01-05T09:25:24,47.26270,-122.35946,0.1,193.6,511.0,FELLOWSHIP,IMO0000000,WDF8248,37,,25,7,,,B
367492940,2022-01-05T09:28:24,47.26268,-122.35945,0.3,193.6,511.0,FELLOWSHIP,IMO0000000,WDF8248,37,,25,7,,,B
367492940,2022-01-05T03:51:09,47.26268,-122.35938,0.6,36.7,511.0,FELLOWSHIP,IMO0000000,WDF8248,37,,25,7,,,B
367492940,2022-01-05T09:43:24,47.26269,-122.35945,0.0,193.6,511.0,FELLOWSHIP,IMO0000000,WDF8248,37,,25,7,,,B
367492940,2022-01-05T17:14:50,47.26273,-122.35947,0.1,291.7,511.0,FELLOWSHIP,IMO0000000,WDF8248,37,,25,7,,,B
367492940,2022-01-05T23:59:52,47.26273,-122.35944,0.5,291.7,511.0,FELLOWSHIP,IMO0000000,WDF8248,37,,25,7,,,B
367492940,2022-01-05T09:48:51,47.26273,-122.35950,0.3,291.7,511.0,FELLOWSHIP,IMO0000000,WDF8248,37,,25,7,,,B
367492940,2022-01-05T10:03:50,47.26270,-122.35946,0.0,291.7,511.0,FELLOWSHIP,IMO0000000,WDF8248,37,,25,7,,,B
367492940,2022-01-05T10:09:52,47.26270,-122.35946,0.2,291.7,511.0,FELLOWSHIP,IMO0000000,WDF8248,37,,25,7,,,B
367492940,2022-01-05T10:15:51,47.26270,-122.35947,0.1,291.7,511.0,FELLOWSHIP,IMO0000000,WDF8248,37,,25,7,,,B
367492940,2022-01-05T10:21:50,47.26273,-122.35948,0.1,291.7,511.0,FELLOWSHIP,IMO0000000,WDF8248,37,,25,7,,,B
367492940,2022-01-05T10:24:50,47.26270,-122.35947,0.1,291.7,511.0,FELLOWSHIP,IMO0000000,WDF8248,37,,25,7,,,B
367492940,2022-01-05T10:18:50,47.26270,-122.35945,0.0,291.7,511.0,FELLOWSHIP,IMO0000000,WDF8248,37,,25,7,,,B
367492940,2022-01-05T10:27:51,47.26270,-122.35952,0.2,291.7,511.0,FELLOWSHIP,IMO0000000,WDF8248,37,,25,7,,,B
367492940,2022-01-05T10:48:50,47.26268,-122.35946,0.4,291.7,511.0,FELLOWSHIP,IMO0000000,WDF8248,37,,25,7,,,B
367492940,2022-01-05T04:12:08,47.26269,-122.35943,0.2,56.2,511.0,FELLOWSHIP,IMO0000000,WDF8248,37,,25,7,,,B
367492940,2022-01-05T10:39:50,47.26268,-122.35947,0.3,291.7,511.0,FELLOWSHIP,IMO0000000,WDF8248,37,,25,7,,,B
367492940,2022-01-05T10:36:50,47.26265,-122.35942,0.6,291.7,511.0,FELLOWSHIP,IMO0000000,WDF8248,37,,25,7,,,B
367492940,2022-01-05T10:45:50,47.26268,-122.35945,0.3,291.7,511.0,FELLOWSHIP,IMO0000000,WDF8248,37,,25,7,,,B
367492940,2022-01-05T10:54:50,47.26266,-122.35945,0.8,291.7,511.0,FELLOWSHIP,IMO0000000,WDF8248,37,,25,7,,,B
367492940,2022-01-05T11:00:50,47.26270,-122.35941,0.3,291.7,511.0,FELLOWSHIP,IMO0000000,WDF8248,37,,25,7,,,B
367492940,2022-01-05T10:42:51,47.26268,-122.35943,0.2,291.7,511.0,FELLOWSHIP,IMO0000000,WDF8248,37,,25,7,,,B
367492940,2022-01-05T10:57:50,47.26264,-122.35946,0.2,291.7,511.0,FELLOWSHIP,IMO0000000,WDF8248,37,,25,7,,,B
367492940,2022-01-05T11:09:50,47.26272,-122.35946,0.1,291.7,511.0,FELLOWSHIP,IMO0000000,WDF8248,37,,25,7,,,B
367492940,2022-01-05T10:51:50,47.26264,-122.35941,0.1,291.7,511.0,FELLOWSHIP,IMO0000000,WDF8248,37,,25,7,,,B
367492940,2022-01-05T11:06:50,47.26272,-122.35943,0.0,291.7,511.0,FELLOWSHIP,IMO0000000,WDF8248,37,,25,7,,,B
367492940,2022-01-05T11:03:52,47.26263,-122.35941,0.3,291.7,511.0,FELLOWSHIP,IMO0000000,WDF8248,37,,25,7,,,B
367492940,2022-01-05T11:18:51,47.26270,-122.35946,0.0,291.7,511.0,FELLOWSHIP,IMO0000000,WDF8248,37,,25,7,,,B
367492940,2022-01-05T11:33:50,47.26269,-122.35944,0.0,230.8,511.0,FELLOWSHIP,IMO0000000,WDF8248,37,,25,7,,,B
367492940,2022-01-05T11:21:50,47.26268,-122.35946,0.3,291.7,511.0,FELLOWSHIP,IMO0000000,WDF8248,37,,25,7,,,B
367492940,2022-01-05T11:24:50,47.26265,-122.35944,0.1,291.7,511.0,FELLOWSHIP,IMO0000000,WDF8248,37,,25,7,,,B
367492940,2022-01-05T11:36:53,47.26273,-122.35947,0.2,230.8,511.0,FELLOWSHIP,IMO0000000,WDF8248,37,,25,7,,,B
367492940,2022-01-05T11:42:50,47.26272,-122.35949,0.1,230.8,511.0,FELLOWSHIP,IMO0000000,WDF8248,37,,25,7,,,B
367492940,2022-01-05T11:39:50,47.26272,-122.35950,0.3,230.8,511.0,FELLOWSHIP,IMO0000000,WDF8248,37,,25,7,,,B
367492940,2022-01-05T12:00:50,47.26271,-122.35940,0.1,230.8,511.0,FELLOWSHIP,IMO0000000,WDF8248,37,,25,7,,,B
367492940,2022-01-05T11:48:51,47.26270,-122.35945,0.3,230.8,511.0,FELLOWSHIP,IMO0000000,WDF8248,37,,25,7,,,B
367492940,2022-01-05T11:51:50,47.26268,-122.35943,0.1,230.8,511.0,FELLOWSHIP,IMO0000000,WDF8248,37,,25,7,,,B
367492940,2022-01-05T11:45:52,47.26269,-122.35943,0.2,230.8,511.0,FELLOWSHIP,IMO0000000,WDF8248,37,,25,7,,,B
367492940,2022-01-05T12:06:51,47.26272,-122.35942,0.4,230.8,511.0,FELLOWSHIP,IMO0000000,WDF8248,37,,25,7,,,B
367492940,2022-01-05T12:03:51,47.26270,-122.35949,0.2,230.8,511.0,FELLOWSHIP,IMO0000000,WDF8248,37,,25,7,,,B
367492940,2022-01-05T12:21:52,47.26272,-122.35946,0.4,230.8,511.0,FELLOWSHIP,IMO0000000,WDF8248,37,,25,7,,,B
367492940,2022-01-05T12:18:50,47.26272,-122.35944,0.2,230.8,511.0,FELLOWSHIP,IMO0000000,WDF8248,37,,25,7,,,B
367492940,2022-01-05T12:09:50,47.26272,-122.35944,0.0,230.8,511.0,FELLOWSHIP,IMO0000000,WDF8248,37,,25,7,,,B
367492940,2022-01-05T12:15:50,47.26273,-122.35944,0.1,230.8,511.0,FELLOWSHIP,IMO0000000,WDF8248,37,,25,7,,,B
367492940,2022-01-05T12:12:50,47.26272,-122.35944,0.2,230.8,511.0,FELLOWSHIP,IMO0000000,WDF8248,37,,25,7,,,B
367492940,2022-01-05T12:48:50,47.26275,-122.35946,0.1,230.8,511.0,FELLOWSHIP,IMO0000000,WDF8248,37,,25,7,,,B
367492940,2022-01-05T12:36:51,47.26268,-122.35952,0.3,230.8,511.0,FELLOWSHIP,IMO0000000,WDF8248,37,,25,7,,,B
367492940,2022-01-05T12:27:50,47.26272,-122.35946,0.3,230.8,511.0,FELLOWSHIP,IMO0000000,WDF8248,37,,25,7,,,B
367492940,2022-01-05T12:39:50,47.26273,-122.35947,0.3,230.8,511.0,FELLOWSHIP,IMO0000000,WDF8248,37,,25,7,,,B
367492940,2022-01-05T12:57:50,47.26272,-122.35949,0.3,230.8,511.0,FELLOWSHIP,IMO0000000,WDF8248,37,,25,7,,,B
367492940,2022-01-05T12:42:51,47.26273,-122.35948,0.1,230.8,511.0,FELLOWSHIP,IMO0000000,WDF8248,37,,25,7,,,B
367492940,2022-01-05T12:45:50,47.26270,-122.35946,0.2,230.8,511.0,FELLOWSHIP,IMO0000000,WDF8248,37,,25,7,,,B
367492940,2022-01-05T12:51:50,47.26270,-122.35947,0.1,230.8,511.0,FELLOWSHIP,IMO0000000,WDF8248,37,,25,7,,,B
367492940,2022-01-05T13:09:51,47.26271,-122.35944,0.1,230.8,511.0,FELLOWSHIP,IMO0000000,WDF8248,37,,25,7,,,B
367492940,2022-01-05T12:54:51,47.26268,-122.35947,0.3,230.8,511.0,FELLOWSHIP,IMO0000000,WDF8248,37,,25,7,,,B
367492940,2022-01-05T13:00:50,47.26273,-122.35948,0.0,230.8,511.0,FELLOWSHIP,IMO0000000,WDF8248,37,,25,7,,,B
367492940,2022-01-05T23:59:50,47.26270,-122.35942,0.1,230.8,511.0,FELLOWSHIP,IMO0000000,WDF8248,37,,25,7,,,B
367492940,2022-01-05T13:15:50,47.26271,-122.35943,0.1,230.8,511.0,FELLOWSHIP,IMO0000000,WDF8248,37,,25,7,,,B
367492940,2022-01-05T05:14:35,47.26271,-122.35946,0.1,270.6,511.0,FELLOWSHIP,IMO0000000,WDF8248,37,,25,7,,,B
367492940,2022-01-05T14:01:41,47.26273,-122.35948,0.3,7.1,511.0,FELLOWSHIP,IMO0000000,WDF8248,37,,25,7,,,B
367492940,2022-01-05T14:00:13,47.26279,-122.35947,0.6,7.1,511.0,FELLOWSHIP,IMO0000000,WDF8248,37,,25,7,,,B
367492940,2022-01-05T14:20:12,47.26273,-122.35947,0.1,6.8,511.0,FELLOWSHIP,IMO0000000,WDF8248,37,,25,7,,,B
367492940,2022-01-05T14:11:12,47.26271,-122.35946,0.2,14.4,511.0,FELLOWSHIP,IMO0000000,WDF8248,37,,25,7,,,B
367492940,2022-01-05T14:14:12,47.26270,-122.35946,0.2,14.4,511.0,FELLOWSHIP,IMO0000000,WDF8248,37,,25,7,,,B
367492940,2022-01-05T21:47:11,47.26273,-122.35946,0.1,6.8,511.0,FELLOWSHIP,IMO0000000,WDF8248,37,,25,7,,,B
367492940,2022-01-05T15:17:13,47.26270,-122.35948,0.4,6.5,511.0,FELLOWSHIP,IMO0000000,WDF8248,37,,25,7,,,B
367492940,2022-01-05T15:08:12,47.26268,-122.35944,0.3,6.5,511.0,FELLOWSHIP,IMO0000000,WDF8248,37,,25,7,,,B
367492940,2022-01-05T15:29:12,47.26270,-122.35945,0.1,6.5,511.0,FELLOWSHIP,IMO0000000,WDF8248,37,,25,7,,,B
367492940,2022-01-05T15:20:12,47.26276,-122.35948,0.4,6.5,511.0,FELLOWSHIP,IMO0000000,WDF8248,37,,25,7,,,B
367492940,2022-01-05T15:50:12,47.26271,-122.35944,0.1,78.7,511.0,FELLOWSHIP,IMO0000000,WDF8248,37,,25,7,,,B
367492940,2022-01-05T15:41:11,47.26270,-122.35945,0.2,57.5,511.0,FELLOWSHIP,IMO0000000,WDF8248,37,,25,7,,,B
367492940,2022-01-05T15:38:14,47.26270,-122.35948,0.1,6.5,511.0,FELLOWSHIP,IMO0000000,WDF8248,37,,25,7,,,B
367492940,2022-01-05T15:44:13,47.26271,-122.35947,0.0,78.7,511.0,FELLOWSHIP,IMO0000000,WDF8248,37,,25,7,,,B
367492940,2022-01-05T15:47:11,47.26270,-122.35946,0.2,78.7,511.0,FELLOWSHIP,IMO0000000,WDF8248,37,,25,7,,,B
367492940,2022-01-05T23:59:12,47.26272,-122.35943,0.1,79.5,511.0,FELLOWSHIP,IMO0000000,WDF8248,37,,25,7,,,B
367492940,2022-01-05T16:08:11,47.26271,-122.35947,0.1,79.9,511.0,FELLOWSHIP,IMO0000000,WDF8248,37,,25,7,,,B
367492940,2022-01-05T16:20:14,47.26268,-122.35947,0.0,79.9,511.0,FELLOWSHIP,IMO0000000,WDF8248,37,,25,7,,,B
367492940,2022-01-05T16:05:13,47.26271,-122.35944,0.1,79.9,511.0,FELLOWSHIP,IMO0000000,WDF8248,37,,25,7,,,B
367492940,2022-01-05T16:26:11,47.26270,-122.35945,0.2,79.9,511.0,FELLOWSHIP,IMO0000000,WDF8248,37,,25,7,,,B
367492940,2022-01-05T16:17:11,47.26270,-122.35944,0.1,79.9,511.0,FELLOWSHIP,IMO0000000,WDF8248,37,,25,7,,,B
367492940,2022-01-05T16:11:16,47.26271,-122.35946,0.1,79.9,511.0,FELLOWSHIP,IMO0000000,WDF8248,37,,25,7,,,B
367492940,2022-01-05T16:14:11,47.26270,-122.35946,0.1,79.9,511.0,FELLOWSHIP,IMO0000000,WDF8248,37,,25,7,,,B
367492940,2022-01-05T16:23:12,47.26271,-122.35947,0.2,79.9,511.0,FELLOWSHIP,IMO0000000,WDF8248,37,,25,7,,,B
367492940,2022-01-05T16:47:13,47.26270,-122.35946,0.1,79.9,511.0,FELLOWSHIP,IMO0000000,WDF8248,37,,25,7,,,B
367492940,2022-01-05T16:41:11,47.26272,-122.35946,0.1,79.9,511.0,FELLOWSHIP,IMO0000000,WDF8248,37,,25,7,,,B
367492940,2022-01-05T17:02:14,47.26269,-122.35947,0.1,22.2,511.0,FELLOWSHIP,IMO0000000,WDF8248,37,,25,7,,,B
367492940,2022-01-05T16:38:11,47.26270,-122.35949,0.1,79.9,511.0,FELLOWSHIP,IMO0000000,WDF8248,37,,25,7,,,B
367492940,2022-01-05T16:50:12,47.26269,-122.35946,0.2,79.9,511.0,FELLOWSHIP,IMO0000000,WDF8248,37,,25,7,,,B
367492940,2022-01-05T06:26:33,47.26271,-122.35941,0.1,83.6,511.0,FELLOWSHIP,IMO0000000,WDF8248,37,,25,7,,,B
367492940,2022-01-05T16:44:12,47.26271,-122.35949,0.2,79.9,511.0,FELLOWSHIP,IMO0000000,WDF8248,37,,25,7,,,B
367492940,2022-01-05T16:56:12,47.26271,-122.35945,0.2,22.2,511.0,FELLOWSHIP,IMO0000000,WDF8248,37,,25,7,,,B
367492940,2022-01-05T16:53:12,47.26270,-122.35949,0.1,22.2,511.0,FELLOWSHIP,IMO0000000,WDF8248,37,,25,7,,,B
367492940,2022-01-05T17:08:12,47.26270,-122.35943,0.3,22.2,511.0,FELLOWSHIP,IMO0000000,WDF8248,37,,25,7,,,B
367492940,2022-01-05T17:32:12,47.26269,-122.35946,0.2,22.2,511.0,FELLOWSHIP,IMO0000000,WDF8248,37,,25,7,,,B
367492940,2022-01-05T17:14:12,47.26268,-122.35947,0.6,22.2,511.0,FELLOWSHIP,IMO0000000,WDF8248,37,,25,7,,,B
367492940,2022-01-05T17:26:12,47.26273,-122.35947,0.1,22.2,511.0,FELLOWSHIP,IMO0000000,WDF8248,37,,25,7,,,B
367492940,2022-01-05T17:29:12,47.26272,-122.35949,0.2,22.2,511.0,FELLOWSHIP,IMO0000000,WDF8248,37,,25,7,,,B
367492940,2022-01-05T17:44:12,47.26271,-122.35946,0.1,22.2,511.0,FELLOWSHIP,IMO0000000,WDF8248,37,,25,7,,,B
367492940,2022-01-05T17:59:11,47.26268,-122.35945,0.4,22.2,511.0,FELLOWSHIP,IMO0000000,WDF8248,37,,25,7,,,B
367492940,2022-01-05T17:53:12,47.26273,-122.35946,0.3,22.2,511.0,FELLOWSHIP,IMO0000000,WDF8248,37,,25,7,,,B
367492940,2022-01-05T18:05:11,47.26272,-122.35944,0.2,22.2,511.0,FELLOWSHIP,IMO0000000,WDF8248,37,,25,7,,,B
367492940,2022-01-05T18:02:13,47.26273,-122.35946,0.3,22.2,511.0,FELLOWSHIP,IMO0000000,WDF8248,37,,25,7,,,B
367492940,2022-01-05T17:56:11,47.26269,-122.35947,0.3,22.2,511.0,FELLOWSHIP,IMO0000000,WDF8248,37,,25,7,,,B
367492940,2022-01-05T18:08:11,47.26271,-122.35947,0.0,22.2,511.0,FELLOWSHIP,IMO0000000,WDF8248,37,,25,7,,,B
367492940,2022-01-05T19:14:14,47.26274,-122.35948,0.2,351.3,511.0,FELLOWSHIP,IMO0000000,WDF8248,37,,25,7,,,B
367492940,2022-01-05T19:23:12,47.26267,-122.35942,0.1,351.3,511.0,FELLOWSHIP,IMO0000000,WDF8248,37,,25,7,,,B
367492940,2022-01-05T07:13:25,47.26273,-122.35948,0.1,67.1,511.0,FELLOWSHIP,IMO0000000,WDF8248,37,,25,7,,,B
367492940,2022-01-05T19:17:12,47.26275,-122.35948,0.0,351.3,511.0,FELLOWSHIP,IMO0000000,WDF8248,37,,25,7,,,B
367492940,2022-01-05T07:19:25,47.26272,-122.35946,0.3,114.9,511.0,FELLOWSHIP,IMO0000000,WDF8248,37,,25,7,,,B
367492940,2022-01-05T19:08:13,47.26272,-122.35945,0.2,351.3,511.0,FELLOWSHIP,IMO0000000,WDF8248,37,,25,7,,,B
367492940,2022-01-05T19:38:12,47.26272,-122.35947,0.1,351.3,511.0,FELLOWSHIP,IMO0000000,WDF8248,37,,25,7,,,B
367492940,2022-01-05T07:22:25,47.26271,-122.35947,0.1,114.9,511.0,FELLOWSHIP,IMO0000000,WDF8248,37,,25,7,,,B
367492940,2022-01-05T19:35:12,47.26269,-122.35944,0.5,351.3,511.0,FELLOWSHIP,IMO0000000,WDF8248,37,,25,7,,,B
367492940,2022-01-05T19:20:12,47.26271,-122.35943,0.1,351.3,511.0,FELLOWSHIP,IMO0000000,WDF8248,37,,25,7,,,B
367492940,2022-01-05T19:41:12,47.26272,-122.35951,0.2,351.3,511.0,FELLOWSHIP,IMO0000000,WDF8248,37,,25,7,,,B
367492940,2022-01-05T19:44:12,47.26274,-122.35951,0.2,351.3,511.0,FELLOWSHIP,IMO0000000,WDF8248,37,,25,7,,,B
367492940,2022-01-05T19:59:15,47.26269,-122.35944,0.3,342.5,511.0,FELLOWSHIP,IMO0000000,WDF8248,37,,25,7,,,B
367492940,2022-01-05T19:50:11,47.26272,-122.35946,0.1,351.3,511.0,FELLOWSHIP,IMO0000000,WDF8248,37,,25,7,,,B
367492940,2022-01-05T20:20:12,47.26268,-122.35946,0.1,170.1,511.0,FELLOWSHIP,IMO0000000,WDF8248,37,,25,7,,,B
367492940,2022-01-05T20:02:13,47.26269,-122.35947,0.5,342.5,511.0,FELLOWSHIP,IMO0000000,WDF8248,37,,25,7,,,B
367492940,2022-01-05T20:14:12,47.26270,-122.35946,0.3,170.1,511.0,FELLOWSHIP,IMO0000000,WDF8248,37,,25,7,,,B
367492940,2022-01-05T20:41:12,47.26270,-122.35944,0.6,170.1,511.0,FELLOWSHIP,IMO0000000,WDF8248,37,,25,7,,,B
367492940,2022-01-05T20:08:12,47.26270,-122.35943,0.1,342.5,511.0,FELLOWSHIP,IMO0000000,WDF8248,37,,25,7,,,B
367492940,2022-01-05T20:17:13,47.26271,-122.35946,0.1,170.1,511.0,FELLOWSHIP,IMO0000000,WDF8248,37,,25,7,,,B
367492940,2022-01-05T07:40:24,47.26271,-122.35946,0.1,114.9,511.0,FELLOWSHIP,IMO0000000,WDF8248,37,,25,7,,,B
367492940,2022-01-05T20:32:12,47.26272,-122.35945,0.3,170.1,511.0,FELLOWSHIP,IMO0000000,WDF8248,37,,25,7,,,B
367492940,2022-01-05T20:50:12,47.26272,-122.35946,0.0,170.1,511.0,FELLOWSHIP,IMO0000000,WDF8248,37,,25,7,,,B
367492940,2022-01-05T20:38:12,47.26267,-122.35951,0.2,170.1,511.0,FELLOWSHIP,IMO0000000,WDF8248,37,,25,7,,,B
367492940,2022-01-05T20:56:12,47.26268,-122.35944,0.1,170.1,511.0,FELLOWSHIP,IMO0000000,WDF8248,37,,25,7,,,B
367492940,2022-01-05T20:29:12,47.26270,-122.35945,0.1,170.1,511.0,FELLOWSHIP,IMO0000000,WDF8248,37,,25,7,,,B
367492940,2022-01-05T20:44:12,47.26268,-122.35947,0.0,170.1,511.0,FELLOWSHIP,IMO0000000,WDF8248,37,,25,7,,,B
367492940,2022-01-05T21:05:13,47.26271,-122.35945,0.1,33.7,511.0,FELLOWSHIP,IMO0000000,WDF8248,37,,25,7,,,B
367492940,2022-01-05T20:53:12,47.26267,-122.35946,0.4,170.1,511.0,FELLOWSHIP,IMO0000000,WDF8248,37,,25,7,,,B
367492940,2022-01-05T21:11:13,47.26277,-122.35942,0.8,33.7,511.0,FELLOWSHIP,IMO0000000,WDF8248,37,,25,7,,,B
367492940,2022-01-05T21:02:12,47.26271,-122.35944,0.1,84.7,511.0,FELLOWSHIP,IMO0000000,WDF8248,37,,25,7,,,B
367492940,2022-01-05T21:17:12,47.26273,-122.35944,0.1,33.7,511.0,FELLOWSHIP,IMO0000000,WDF8248,37,,25,7,,,B
367492940,2022-01-05T21:26:12,47.26270,-122.35946,0.3,183.8,511.0,FELLOWSHIP,IMO0000000,WDF8248,37,,25,7,,,B
367492940,2022-01-05T21:20:13,47.26270,-122.35946,0.3,160.3,511.0,FELLOWSHIP,IMO0000000,WDF8248,37,,25,7,,,B
367492940,2022-01-05T21:23:13,47.26270,-122.35946,0.1,183.8,511.0,FELLOWSHIP,IMO0000000,WDF8248,37,,25,7,,,B
367492940,2022-01-05T21:41:12,47.26270,-122.35945,0.0,183.8,511.0,FELLOWSHIP,IMO0000000,WDF8248,37,,25,7,,,B
367492940,2022-01-05T22:02:12,47.26270,-122.35944,0.2,183.8,511.0,FELLOWSHIP,IMO0000000,WDF8248,37,,25,7,,,B
367492940,2022-01-05T21:35:14,47.26272,-122.35945,0.4,183.8,511.0,FELLOWSHIP,IMO0000000,WDF8248,37,,25,7,,,B
367492940,2022-01-05T22:05:14,47.26270,-122.35945,0.2,183.8,511.0,FELLOWSHIP,IMO0000000,WDF8248,37,,25,7,,,B
367492940,2022-01-05T21:50:12,47.26272,-122.35946,0.6,183.8,511.0,FELLOWSHIP,IMO0000000,WDF8248,37,,25,7,,,B
367492940,2022-01-05T21:38:13,47.26268,-122.35944,0.0,183.8,511.0,FELLOWSHIP,IMO0000000,WDF8248,37,,25,7,,,B
367492940,2022-01-05T21:44:13,47.26269,-122.35945,0.1,183.8,511.0,FELLOWSHIP,IMO0000000,WDF8248,37,,25,7,,,B
367492940,2022-01-05T22:17:12,47.26270,-122.35944,0.1,183.8,511.0,FELLOWSHIP,IMO0000000,WDF8248,37,,25,7,,,B
367492940,2022-01-05T22:23:12,47.26270,-122.35957,0.1,183.8,511.0,FELLOWSHIP,IMO0000000,WDF8248,37,,25,7,,,B
367492940,2022-01-05T21:59:14,47.26271,-122.35946,0.0,183.8,511.0,FELLOWSHIP,IMO0000000,WDF8248,37,,25,7,,,B
367492940,2022-01-05T21:53:14,47.26277,-122.35948,0.4,183.8,511.0,FELLOWSHIP,IMO0000000,WDF8248,37,,25,7,,,B
367492940,2022-01-05T08:22:26,47.26273,-122.35948,0.7,114.9,511.0,FELLOWSHIP,IMO0000000,WDF8248,37,,25,7,,,B
367492940,2022-01-05T08:28:25,47.26270,-122.35947,0.1,114.9,511.0,FELLOWSHIP,IMO0000000,WDF8248,37,,25,7,,,B
367492940,2022-01-05T22:41:14,47.26260,-122.35942,1.2,164.1,511.0,FELLOWSHIP,IMO0000000,WDF8248,37,,25,7,,,B
367492940,2022-01-05T22:29:12,47.26268,-122.35944,0.2,183.8,511.0,FELLOWSHIP,IMO0000000,WDF8248,37,,25,7,,,B
367492940,2022-01-05T22:42:42,47.26272,-122.35950,0.3,164.1,511.0,FELLOWSHIP,IMO0000000,WDF8248,37,,25,7,,,B
367492940,2022-01-05T22:26:11,47.26270,-122.35948,0.1,183.8,511.0,FELLOWSHIP,IMO0000000,WDF8248,37,,25,7,,,B
367492940,2022-01-05T22:56:42,47.26270,-122.35946,0.2,164.1,511.0,FELLOWSHIP,IMO0000000,WDF8248,37,,25,7,,,B
367492940,2022-01-05T22:32:12,47.26272,-122.35951,0.0,183.8,511.0,FELLOWSHIP,IMO0000000,WDF8248,37,,25,7,,,B
367492940,2022-01-05T22:38:11,47.26271,-122.35948,0.1,183.8,511.0,FELLOWSHIP,IMO0000000,WDF8248,37,,25,7,,,B
367492940,2022-01-05T23:08:42,47.26270,-122.35947,0.3,164.1,511.0,FELLOWSHIP,IMO0000000,WDF8248,37,,25,7,,,B
367492940,2022-01-05T08:40:24,47.26270,-122.35949,0.0,114.9,511.0,FELLOWSHIP,IMO0000000,WDF8248,37,,25,7,,,B
367492940,2022-01-05T22:53:43,47.26270,-122.35945,0.2,164.1,511.0,FELLOWSHIP,IMO0000000,WDF8248,37,,25,7,,,B
367492940,2022-01-05T22:50:42,47.26269,-122.35947,0.1,164.1,511.0,FELLOWSHIP,IMO0000000,WDF8248,37,,25,7,,,B
367492940,2022-01-05T23:11:43,47.26269,-122.35946,0.4,164.1,511.0,FELLOWSHIP,IMO0000000,WDF8248,37,,25,7,,,B
367492940,2022-01-05T23:02:42,47.26269,-122.35946,0.2,164.1,511.0,FELLOWSHIP,IMO0000000,WDF8248,37,,25,7,,,B
367492940,2022-01-05T23:23:45,47.26273,-122.35943,0.1,164.1,511.0,FELLOWSHIP,IMO0000000,WDF8248,37,,25,7,,,B
367492940,2022-01-05T23:17:42,47.26269,-122.35944,0.1,164.1,511.0,FELLOWSHIP,IMO0000000,WDF8248,37,,25,7,,,B
367492940,2022-01-05T23:20:42,47.26276,-122.35945,0.3,164.1,511.0,FELLOWSHIP,IMO0000000,WDF8248,37,,25,7,,,B
367492940,2022-01-05T23:52:38,47.26269,-122.35946,0.6,202.5,511.0,FELLOWSHIP,IMO0000000,WDF8248,37,,25,7,,,B
367492940,2022-01-05T23:51:12,47.26270,-122.35944,0.7,39.0,511.0,FELLOWSHIP,IMO0000000,WDF8248,37,,25,7,,,B
367492940,2022-01-05T23:39:39,47.26270,-122.35942,0.4,77.6,511.0,FELLOWSHIP,IMO0000000,WDF8248,37,,25,7,,,B
367492940,2022-01-05T23:41:38,47.26272,-122.35946,0.1,52.0,511.0,FELLOWSHIP,IMO0000000,WDF8248,37,,25,7,,,B
367492940,2022-01-05T23:45:08,47.26264,-122.35950,0.2,39.0,511.0,FELLOWSHIP,IMO0000000,WDF8248,37,,25,7,,,B
367492940,2022-01-05T23:48:09,47.26273,-122.35944,0.0,39.0,511.0,FELLOWSHIP,IMO0000000,WDF8248,37,,25,7,,,B
367492940,2022-01-05T23:54:09,47.26268,-122.35958,0.7,202.5,511.0,FELLOWSHIP,IMO0000000,WDF8248,37,,25,7,,,B
367492940,2022-01-05T23:55:34,47.26272,-122.35951,0.8,149.7,511.0,FELLOWSHIP,IMO0000000,WDF8248,37,,25,7,,,B
367492940,2022-01-05T23:57:35,47.26271,-122.35935,0.8,227.0,511.0,FELLOWSHIP,IMO0000000,WDF8248,37,,25,7,,,B
367492940,2022-01-05T23:59:04,47.26274,-122.35943,0.7,227.0,511.0,FELLOWSHIP,IMO0000000,WDF8248,37,,25,7,,,B
367492940,2022-01-05T09:22:24,47.26269,-122.35946,0.1,193.6,511.0,FELLOWSHIP,IMO0000000,WDF8248,37,,25,7,,,B
367492940,2022-01-05T09:37:25,47.26271,-122.35946,0.1,193.6,511.0,FELLOWSHIP,IMO0000000,WDF8248,37,,25,7,,,B
367492940,2022-01-05T11:15:51,47.26269,-122.35945,0.1,291.7,511.0,FELLOWSHIP,IMO0000000,WDF8248,37,,25,7,,,B
367492940,2022-01-05T11:54:51,47.26266,-122.35949,0.2,230.8,511.0,FELLOWSHIP,IMO0000000,WDF8248,37,,25,7,,,B
367492940,2022-01-05T12:33:50,47.26271,-122.35946,0.1,230.8,511.0,FELLOWSHIP,IMO0000000,WDF8248,37,,25,7,,,B
367492940,2022-01-05T13:06:50,47.26271,-122.35945,0.1,230.8,511.0,FELLOWSHIP,IMO0000000,WDF8248,37,,25,7,,,B
367492940,2022-01-05T14:08:13,47.26273,-122.35946,0.1,14.4,511.0,FELLOWSHIP,IMO0000000,WDF8248,37,,25,7,,,B
367492940,2022-01-05T15:02:12,47.26270,-122.35945,0.1,6.5,511.0,FELLOWSHIP,IMO0000000,WDF8248,37,,25,7,,,B
367492940,2022-01-05T15:05:11,47.26269,-122.35944,0.0,6.5,511.0,FELLOWSHIP,IMO0000000,WDF8248,37,,25,7,,,B
367492940,2022-01-05T15:14:12,47.26268,-122.35949,0.4,6.5,511.0,FELLOWSHIP,IMO0000000,WDF8248,37,,25,7,,,B
367492940,2022-01-05T15:23:11,47.26272,-122.35942,0.0,6.5,511.0,FELLOWSHIP,IMO0000000,WDF8248,37,,25,7,,,B
367492940,2022-01-05T15:26:11,47.26270,-122.35945,0.2,6.5,511.0,FELLOWSHIP,IMO0000000,WDF8248,37,,25,7,,,B
367492940,2022-01-05T15:32:11,47.26269,-122.35944,0.1,6.5,511.0,FELLOWSHIP,IMO0000000,WDF8248,37,,25,7,,,B
367492940,2022-01-05T15:53:11,47.26271,-122.35947,0.2,78.7,511.0,FELLOWSHIP,IMO0000000,WDF8248,37,,25,7,,,B
367492940,2022-01-05T16:02:13,47.26271,-122.35944,0.1,79.9,511.0,FELLOWSHIP,IMO0000000,WDF8248,37,,25,7,,,B
367492940,2022-01-05T17:50:13,47.26273,-122.35946,0.2,22.2,511.0,FELLOWSHIP,IMO0000000,WDF8248,37,,25,7,,,B
367492940,2022-01-05T23:59:12,47.26272,-122.35947,0.6,22.2,511.0,FELLOWSHIP,IMO0000000,WDF8248,37,,25,7,,,B
367492940,2022-01-05T19:26:12,47.26269,-122.35944,0.0,351.3,511.0,FELLOWSHIP,IMO0000000,WDF8248,37,,25,7,,,B
367492940,2022-01-05T19:56:12,47.26267,-122.35943,0.1,342.5,511.0,FELLOWSHIP,IMO0000000,WDF8248,37,,25,7,,,B
367492940,2022-01-05T21:08:13,47.26272,-122.35944,0.1,33.7,511.0,FELLOWSHIP,IMO0000000,WDF8248,37,,25,7,,,B
367492940,2022-01-05T21:56:11,47.26272,-122.35945,0.1,183.8,511.0,FELLOWSHIP,IMO0000000,WDF8248,37,,25,7,,,B
367492940,2022-01-05T22:08:11,47.26269,-122.35944,0.3,183.8,511.0,FELLOWSHIP,IMO0000000,WDF8248,37,,25,7,,,B
367492940,2022-01-05T22:14:11,47.26271,-122.35952,0.1,183.8,511.0,FELLOWSHIP,IMO0000000,WDF8248,37,,25,7,,,B
367492940,2022-01-05T22:44:12,47.26273,-122.35951,0.2,164.1,511.0,FELLOWSHIP,IMO0000000,WDF8248,37,,25,7,,,B
367492940,2022-01-05T23:32:42,47.26273,-122.35942,0.3,164.1,511.0,FELLOWSHIP,IMO0000000,WDF8248,37,,25,7,,,B
367492940,2022-01-06T00:02:03,47.26272,-122.35943,0.3,227.0,511.0,FELLOWSHIP,IMO0000000,WDF8248,37,,25,7,,,B
367492940,2022-01-06T00:08:03,47.26273,-122.35942,0.8,227.0,511.0,FELLOWSHIP,IMO0000000,WDF8248,37,,25,7,,,B
367492940,2022-01-06T00:11:04,47.26269,-122.35955,0.2,227.0,511.0,FELLOWSHIP,IMO0000000,WDF8248,37,,25,7,,,B
367492940,2022-01-06T00:14:03,47.26272,-122.35952,0.2,227.0,511.0,FELLOWSHIP,IMO0000000,WDF8248,37,,25,7,,,B
367492940,2022-01-06T00:20:03,47.26272,-122.35950,0.3,227.0,511.0,FELLOWSHIP,IMO0000000,WDF8248,37,,25,7,,,B
367492940,2022-01-06T00:26:03,47.26271,-122.35946,0.0,227.0,511.0,FELLOWSHIP,IMO0000000,WDF8248,37,,25,7,,,B
367492940,2022-01-06T00:38:04,47.26273,-122.35943,0.0,218.3,511.0,FELLOWSHIP,IMO0000000,WDF8248,37,,25,7,,,B
367492940,2022-01-06T00:50:03,47.26272,-122.35944,0.4,218.3,511.0,FELLOWSHIP,IMO0000000,WDF8248,37,,25,7,,,B
367492940,2022-01-06T00:47:04,47.26268,-122.35944,0.1,218.3,511.0,FELLOWSHIP,IMO0000000,WDF8248,37,,25,7,,,B
367492940,2022-01-06T00:53:04,47.26274,-122.35946,0.0,218.3,511.0,FELLOWSHIP,IMO0000000,WDF8248,37,,25,7,,,B
367492940,2022-01-06T00:59:04,47.26273,-122.35943,0.6,218.3,511.0,FELLOWSHIP,IMO0000000,WDF8248,37,,25,7,,,B
367492940,2022-01-06T00:56:06,47.26266,-122.35946,0.2,218.3,511.0,FELLOWSHIP,IMO0000000,WDF8248,37,,25,7,,,B
367492940,2022-01-06T01:02:03,47.26271,-122.35946,0.3,218.3,511.0,FELLOWSHIP,IMO0000000,WDF8248,37,,25,7,,,B
367492940,2022-01-06T01:08:03,47.26274,-122.35952,0.5,218.3,511.0,FELLOWSHIP,IMO0000000,WDF8248,37,,25,7,,,B
367492940,2022-01-06T01:17:03,47.26270,-122.35946,0.1,218.3,511.0,FELLOWSHIP,IMO0000000,WDF8248,37,,25,7,,,B
367492940,2022-01-06T01:23:03,47.26271,-122.35944,0.1,218.3,511.0,FELLOWSHIP,IMO0000000,WDF8248,37,,25,7,,,B
367492940,2022-01-06T01:26:04,47.26271,-122.35944,0.1,218.3,511.0,FELLOWSHIP,IMO0000000,WDF8248,37,,25,7,,,B
367492940,2022-01-06T01:41:06,47.26269,-122.35946,0.1,218.3,511.0,FELLOWSHIP,IMO0000000,WDF8248,37,,25,7,,,B
367492940,2022-01-06T01:20:04,47.26270,-122.35945,0.1,218.3,511.0,FELLOWSHIP,IMO0000000,WDF8248,37,,25,7,,,B
367492940,2022-01-06T01:38:04,47.26271,-122.35943,0.1,218.3,511.0,FELLOWSHIP,IMO0000000,WDF8248,37,,25,7,,,B
367492940,2022-01-06T01:50:04,47.26272,-122.35941,0.2,218.3,511.0,FELLOWSHIP,IMO0000000,WDF8248,37,,25,7,,,B
367492940,2022-01-06T01:59:06,47.26275,-122.35953,0.7,218.3,511.0,FELLOWSHIP,IMO0000000,WDF8248,37,,25,7,,,B
367492940,2022-01-06T02:02:04,47.26271,-122.35942,0.2,218.3,511.0,FELLOWSHIP,IMO0000000,WDF8248,37,,25,7,,,B
367492940,2022-01-06T01:56:04,47.26269,-122.35948,0.5,218.3,511.0,FELLOWSHIP,IMO0000000,WDF8248,37,,25,7,,,B
367492940,2022-01-06T02:05:05,47.26270,-122.35943,1.2,218.3,511.0,FELLOWSHIP,IMO0000000,WDF8248,37,,25,7,,,B
367492940,2022-01-06T01:47:06,47.26269,-122.35949,0.1,218.3,511.0,FELLOWSHIP,IMO0000000,WDF8248,37,,25,7,,,B
367492940,2022-01-06T02:17:04,47.26269,-122.35945,0.2,178.8,511.0,FELLOWSHIP,IMO0000000,WDF8248,37,,25,7,,,B
367492940,2022-01-06T02:11:03,47.26273,-122.35944,0.3,178.8,511.0,FELLOWSHIP,IMO0000000,WDF8248,37,,25,7,,,B
367492940,2022-01-06T02:14:03,47.26271,-122.35941,0.4,178.8,511.0,FELLOWSHIP,IMO0000000,WDF8248,37,,25,7,,,B
367492940,2022-01-06T02:32:04,47.26273,-122.35943,0.1,178.8,511.0,FELLOWSHIP,IMO0000000,WDF8248,37,,25,7,,,B
367492940,2022-01-06T02:38:03,47.26273,-122.35943,0.1,178.8,511.0,FELLOWSHIP,IMO0000000,WDF8248,37,,25,7,,,B
367492940,2022-01-06T02:20:04,47.26268,-122.35945,0.1,178.8,511.0,FELLOWSHIP,IMO0000000,WDF8248,37,,25,7,,,B
367492940,2022-01-06T02:26:05,47.26269,-122.35947,0.1,178.8,511.0,FELLOWSHIP,IMO0000000,WDF8248,37,,25,7,,,B
367492940,2022-01-06T02:08:04,47.26269,-122.35944,0.1,178.8,511.0,FELLOWSHIP,IMO0000000,WDF8248,37,,25,7,,,B
367492940,2022-01-06T02:35:04,47.26273,-122.35944,0.1,178.8,511.0,FELLOWSHIP,IMO0000000,WDF8248,37,,25,7,,,B
367492940,2022-01-06T02:41:03,47.26277,-122.35941,0.1,178.8,511.0,FELLOWSHIP,IMO0000000,WDF8248,37,,25,7,,,B
367492940,2022-01-06T02:53:04,47.26272,-122.35942,0.1,205.6,511.0,FELLOWSHIP,IMO0000000,WDF8248,37,,25,7,,,B
367492940,2022-01-06T02:56:03,47.26270,-122.35945,0.1,205.6,511.0,FELLOWSHIP,IMO0000000,WDF8248,37,,25,7,,,B
367492940,2022-01-06T02:44:03,47.26284,-122.35935,0.5,178.8,511.0,FELLOWSHIP,IMO0000000,WDF8248,37,,25,7,,,B
367492940,2022-01-06T02:59:07,47.26272,-122.35947,0.1,205.6,511.0,FELLOWSHIP,IMO0000000,WDF8248,37,,25,7,,,B
367492940,2022-01-06T03:02:03,47.26273,-122.35946,0.2,205.6,511.0,FELLOWSHIP,IMO0000000,WDF8248,37,,25,7,,,B
367492940,2022-01-06T02:47:04,47.26270,-122.35944,0.3,205.6,511.0,FELLOWSHIP,IMO0000000,WDF8248,37,,25,7,,,B
367492940,2022-01-06T03:14:03,47.26276,-122.35943,0.1,205.6,511.0,FELLOWSHIP,IMO0000000,WDF8248,37,,25,7,,,B
367492940,2022-01-06T03:26:04,47.26268,-122.35947,0.1,205.6,511.0,FELLOWSHIP,IMO0000000,WDF8248,37,,25,7,,,B
367492940,2022-01-06T03:20:03,47.26268,-122.35946,0.5,205.6,511.0,FELLOWSHIP,IMO0000000,WDF8248,37,,25,7,,,B
367492940,2022-01-06T03:35:03,47.26268,-122.35945,0.2,205.6,511.0,FELLOWSHIP,IMO0000000,WDF8248,37,,25,7,,,B
367492940,2022-01-06T03:32:03,47.26268,-122.35948,0.3,205.6,511.0,FELLOWSHIP,IMO0000000,WDF8248,37,,25,7,,,B
367492940,2022-01-06T03:47:05,47.26268,-122.35947,0.2,205.6,511.0,FELLOWSHIP,IMO0000000,WDF8248,37,,25,7,,,B
367492940,2022-01-06T03:50:07,47.26270,-122.35943,0.1,214.3,511.0,FELLOWSHIP,IMO0000000,WDF8248,37,,25,7,,,B
367492940,2022-01-06T03:11:07,47.26270,-122.35944,0.4,205.6,511.0,FELLOWSHIP,IMO0000000,WDF8248,37,,25,7,,,B
367492940,2022-01-06T03:56:03,47.26270,-122.35946,0.1,214.3,511.0,FELLOWSHIP,IMO0000000,WDF8248,37,,25,7,,,B
367492940,2022-01-06T03:53:05,47.26268,-122.35943,0.0,214.3,511.0,FELLOWSHIP,IMO0000000,WDF8248,37,,25,7,,,B
367492940,2022-01-06T03:17:03,47.26275,-122.35943,0.3,205.6,511.0,FELLOWSHIP,IMO0000000,WDF8248,37,,25,7,,,B
367492940,2022-01-06T03:41:03,47.26269,-122.35944,0.1,205.6,511.0,FELLOWSHIP,IMO0000000,WDF8248,37,,25,7,,,B
367492940,2022-01-06T04:08:05,47.26271,-122.35945,0.1,214.3,511.0,FELLOWSHIP,IMO0000000,WDF8248,37,,25,7,,,B
367492940,2022-01-06T04:11:04,47.26270,-122.35945,0.2,214.3,511.0,FELLOWSHIP,IMO0000000,WDF8248,37,,25,7,,,B
367492940,2022-01-06T04:38:03,47.26270,-122.35943,0.1,214.3,511.0,FELLOWSHIP,IMO0000000,WDF8248,37,,25,7,,,B
367492940,2022-01-06T04:29:03,47.26270,-122.35944,0.0,214.3,511.0,FELLOWSHIP,IMO0000000,WDF8248,37,,25,7,,,B
367492940,2022-01-06T04:32:04,47.26271,-122.35944,0.1,214.3,511.0,FELLOWSHIP,IMO0000000,WDF8248,37,,25,7,,,B
367492940,2022-01-06T04:44:04,47.26269,-122.35945,0.1,214.3,511.0,FELLOWSHIP,IMO0000000,WDF8248,37,,25,7,,,B
367492940,2022-01-06T04:35:03,47.26270,-122.35941,0.1,214.3,511.0,FELLOWSHIP,IMO0000000,WDF8248,37,,25,7,,,B
367492940,2022-01-06T04:23:04,47.26271,-122.35945,0.3,214.3,511.0,FELLOWSHIP,IMO0000000,WDF8248,37,,25,7,,,B
367492940,2022-01-06T04:02:03,47.26271,-122.35943,0.2,214.3,511.0,FELLOWSHIP,IMO0000000,WDF8248,37,,25,7,,,B
367492940,2022-01-06T04:50:03,47.26271,-122.35946,0.0,214.3,511.0,FELLOWSHIP,IMO0000000,WDF8248,37,,25,7,,,B
367492940,2022-01-06T04:59:03,47.26270,-122.35946,0.2,214.3,511.0,FELLOWSHIP,IMO0000000,WDF8248,37,,25,7,,,B
367492940,2022-01-06T04:53:03,47.26273,-122.35944,0.3,214.3,511.0,FELLOWSHIP,IMO0000000,WDF8248,37,,25,7,,,B
367492940,2022-01-06T05:02:04,47.26273,-122.35946,0.2,214.3,511.0,FELLOWSHIP,IMO0000000,WDF8248,37,,25,7,,,B
367492940,2022-01-06T04:47:04,47.26273,-122.35942,0.1,214.3,511.0,FELLOWSHIP,IMO0000000,WDF8248,37,,25,7,,,B
367492940,2022-01-06T04:56:03,47.26272,-122.35945,0.3,214.3,511.0,FELLOWSHIP,IMO0000000,WDF8248,37,,25,7,,,B
367492940,2022-01-06T05:05:03,47.26270,-122.35949,0.3,214.3,511.0,FELLOWSHIP,IMO0000000,WDF8248,37,,25,7,,,B
367492940,2022-01-06T03:38:03,47.26267,-122.35941,0.1,205.6,511.0,FELLOWSHIP,IMO0000000,WDF8248,37,,25,7,,,B
367492940,2022-01-06T05:08:03,47.26273,-122.35946,0.5,214.3,511.0,FELLOWSHIP,IMO0000000,WDF8248,37,,25,7,,,B
367492940,2022-01-06T05:14:03,47.26269,-122.35944,0.1,214.3,511.0,FELLOWSHIP,IMO0000000,WDF8248,37,,25,7,,,B
367492940,2022-01-06T03:44:04,47.26263,-122.35949,0.3,205.6,511.0,FELLOWSHIP,IMO0000000,WDF8248,37,,25,7,,,B
367492940,2022-01-06T04:26:03,47.26271,-122.35947,0.1,214.3,511.0,FELLOWSHIP,IMO0000000,WDF8248,37,,25,7,,,B
367492940,2022-01-06T05:28:30,47.26275,-122.35943,0.7,214.3,511.0,FELLOWSHIP,IMO0000000,WDF8248,37,,25,7,,,B
367492940,2022-01-06T05:43:00,47.26267,-122.35945,0.2,214.3,511.0,FELLOWSHIP,IMO0000000,WDF8248,37,,25,7,,,B
367492940,2022-01-06T05:46:00,47.26270,-122.35946,0.1,214.3,511.0,FELLOWSHIP,IMO0000000,WDF8248,37,,25,7,,,B
367492940,2022-01-06T05:52:01,47.26267,-122.35946,0.2,214.3,511.0,FELLOWSHIP,IMO0000000,WDF8248,37,,25,7,,,B
367492940,2022-01-06T04:14:04,47.26270,-122.35940,0.3,214.3,511.0,FELLOWSHIP,IMO0000000,WDF8248,37,,25,7,,,B
367492940,2022-01-06T05:30:01,47.26270,-122.35946,0.2,214.3,511.0,FELLOWSHIP,IMO0000000,WDF8248,37,,25,7,,,B
367492940,2022-01-06T05:58:01,47.26271,-122.35944,0.3,214.3,511.0,FELLOWSHIP,IMO0000000,WDF8248,37,,25,7,,,B
367492940,2022-01-06T06:19:00,47.26270,-122.35950,0.2,214.3,511.0,FELLOWSHIP,IMO0000000,WDF8248,37,,25,7,,,B
367492940,2022-01-06T06:04:00,47.26268,-122.35948,0.3,214.3,511.0,FELLOWSHIP,IMO0000000,WDF8248,37,,25,7,,,B
367492940,2022-01-06T06:13:01,47.26266,-122.35950,0.5,214.3,511.0,FELLOWSHIP,IMO0000000,WDF8248,37,,25,7,,,B
367492940,2022-01-06T06:25:00,47.26267,-122.35947,0.3,214.3,511.0,FELLOWSHIP,IMO0000000,WDF8248,37,,25,7,,,B
367492940,2022-01-06T06:40:00,47.26272,-122.35949,0.3,207.7,511.0,FELLOWSHIP,IMO0000000,WDF8248,37,,25,7,,,B
367492940,2022-01-06T05:20:03,47.26268,-122.35943,0.4,214.3,511.0,FELLOWSHIP,IMO0000000,WDF8248,37,,25,7,,,B
367492940,2022-01-06T06:28:02,47.26272,-122.35944,0.1,214.3,511.0,FELLOWSHIP,IMO0000000,WDF8248,37,,25,7,,,B
367492940,2022-01-06T06:55:01,47.26269,-122.35949,0.1,301.7,511.0,FELLOWSHIP,IMO0000000,WDF8248,37,,25,7,,,B
367492940,2022-01-06T05:40:01,47.26269,-122.35944,0.2,214.3,511.0,FELLOWSHIP,IMO0000000,WDF8248,37,,25,7,,,B
367492940,2022-01-06T06:46:03,47.26266,-122.35946,0.2,301.7,511.0,FELLOWSHIP,IMO0000000,WDF8248,37,,25,7,,,B
367492940,2022-01-06T07:22:02,47.26269,-122.35945,0.2,301.7,511.0,FELLOWSHIP,IMO0000000,WDF8248,37,,25,7,,,B
367492940,2022-01-06T07:04:01,47.26270,-122.35947,1.0,301.7,511.0,FELLOWSHIP,IMO0000000,WDF8248,37,,25,7,,,B
367492940,2022-01-06T07:34:01,47.26273,-122.35943,0.2,301.7,511.0,FELLOWSHIP,IMO0000000,WDF8248,37,,25,7,,,B
367492940,2022-01-06T05:23:04,47.26270,-122.35940,0.4,214.3,511.0,FELLOWSHIP,IMO0000000,WDF8248,37,,25,7,,,B
367492940,2022-01-06T07:10:00,47.26274,-122.35948,0.1,301.7,511.0,FELLOWSHIP,IMO0000000,WDF8248,37,,25,7,,,B
367492940,2022-01-06T07:25:00,47.26271,-122.35948,0.1,301.7,511.0,FELLOWSHIP,IMO0000000,WDF8248,37,,25,7,,,B
367492940,2022-01-06T05:26:05,47.26267,-122.35943,0.6,214.3,511.0,FELLOWSHIP,IMO0000000,WDF8248,37,,25,7,,,B
367492940,2022-01-06T07:52:00,47.26273,-122.35946,0.2,301.7,511.0,FELLOWSHIP,IMO0000000,WDF8248,37,,25,7,,,B
367492940,2022-01-06T07:55:01,47.26272,-122.35947,0.1,301.7,511.0,FELLOWSHIP,IMO0000000,WDF8248,37,,25,7,,,B
367492940,2022-01-06T07:46:00,47.26272,-122.35946,0.1,301.7,511.0,FELLOWSHIP,IMO0000000,WDF8248,37,,25,7,,,B
367492940,2022-01-06T07:49:00,47.26270,-122.35944,0.1,301.7,511.0,FELLOWSHIP,IMO0000000,WDF8248,37,,25,7,,,B
367492940,2022-01-06T08:10:00,47.26273,-122.35948,0.4,301.7,511.0,FELLOWSHIP,IMO0000000,WDF8248,37,,25,7,,,B
367492940,2022-01-06T07:58:02,47.26271,-122.35947,0.2,301.7,511.0,FELLOWSHIP,IMO0000000,WDF8248,37,,25,7,,,B
367492940,2022-01-06T07:43:01,47.26272,-122.35949,0.1,301.7,511.0,FELLOWSHIP,IMO0000000,WDF8248,37,,25,7,,,B
367492940,2022-01-06T08:34:26,47.26269,-122.35948,0.3,347.7,511.0,FELLOWSHIP,IMO0000000,WDF8248,37,,25,7,,,B
367492940,2022-01-06T08:19:25,47.26272,-122.35945,0.2,347.7,511.0,FELLOWSHIP,IMO0000000,WDF8248,37,,25,7,,,B
367492940,2022-01-06T08:22:26,47.26270,-122.35941,0.2,347.7,511.0,FELLOWSHIP,IMO0000000,WDF8248,37,,25,7,,,B
367492940,2022-01-06T08:40:26,47.26271,-122.35943,0.1,347.7,511.0,FELLOWSHIP,IMO0000000,WDF8248,37,,25,7,,,B
367492940,2022-01-06T08:11:26,47.26272,-122.35946,0.4,347.7,511.0,FELLOWSHIP,IMO0000000,WDF8248,37,,25,7,,,B
367492940,2022-01-06T08:25:29,47.26270,-122.35947,0.1,347.7,511.0,FELLOWSHIP,IMO0000000,WDF8248,37,,25,7,,,B
367492940,2022-01-06T08:46:26,47.26270,-122.35943,0.2,347.7,511.0,FELLOWSHIP,IMO0000000,WDF8248,37,,25,7,,,B
367492940,2022-01-06T08:37:25,47.26271,-122.35945,0.2,347.7,511.0,FELLOWSHIP,IMO0000000,WDF8248,37,,25,7,,,B
367492940,2022-01-06T08:43:28,47.26272,-122.35947,0.1,347.7,511.0,FELLOWSHIP,IMO0000000,WDF8248,37,,25,7,,,B
367492940,2022-01-06T07:07:01,47.26274,-122.35946,0.1,301.7,511.0,FELLOWSHIP,IMO0000000,WDF8248,37,,25,7,,,B
367492940,2022-01-06T09:01:26,47.26271,-122.35945,0.3,347.7,511.0,FELLOWSHIP,IMO0000000,WDF8248,37,,25,7,,,B
367492940,2022-01-06T09:04:26,47.26270,-122.35947,0.1,347.7,511.0,FELLOWSHIP,IMO0000000,WDF8248,37,,25,7,,,B
367492940,2022-01-06T08:52:26,47.26271,-122.35947,0.1,347.7,511.0,FELLOWSHIP,IMO0000000,WDF8248,37,,25,7,,,B
367492940,2022-01-06T08:55:25,47.26270,-122.35945,0.1,347.7,511.0,FELLOWSHIP,IMO0000000,WDF8248,37,,25,7,,,B
367492940,2022-01-06T09:19:26,47.26270,-122.35945,0.1,347.7,511.0,FELLOWSHIP,IMO0000000,WDF8248,37,,25,7,,,B
367492940,2022-01-06T08:58:25,47.26270,-122.35943,0.4,347.7,511.0,FELLOWSHIP,IMO0000000,WDF8248,37,,25,7,,,B
367492940,2022-01-06T09:13:26,47.26270,-122.35946,0.3,347.7,511.0,FELLOWSHIP,IMO0000000,WDF8248,37,,25,7,,,B
367492940,2022-01-06T07:19:02,47.26277,-122.35952,0.2,301.7,511.0,FELLOWSHIP,IMO0000000,WDF8248,37,,25,7,,,B
367492940,2022-01-06T09:28:26,47.26269,-122.35944,0.1,347.7,511.0,FELLOWSHIP,IMO0000000,WDF8248,37,,25,7,,,B
367492940,2022-01-06T09:07:26,47.26270,-122.35944,0.2,347.7,511.0,FELLOWSHIP,IMO0000000,WDF8248,37,,25,7,,,B
367492940,2022-01-06T09:25:25,47.26267,-122.35946,0.3,347.7,511.0,FELLOWSHIP,IMO0000000,WDF8248,37,,25,7,,,B
367492940,2022-01-06T07:01:02,47.26266,-122.35943,0.1,301.7,511.0,FELLOWSHIP,IMO0000000,WDF8248,37,,25,7,,,B
367492940,2022-01-06T09:22:27,47.26269,-122.35945,0.2,347.7,511.0,FELLOWSHIP,IMO0000000,WDF8248,37,,25,7,,,B
367492940,2022-01-06T07:13:02,47.26273,-122.35946,0.1,301.7,511.0,FELLOWSHIP,IMO0000000,WDF8248,37,,25,7,,,B
367492940,2022-01-06T09:53:52,47.26274,-122.35947,0.2,21.9,511.0,FELLOWSHIP,IMO0000000,WDF8248,37,,25,7,,,B
367492940,2022-01-06T09:46:27,47.26271,-122.35945,0.1,347.7,511.0,FELLOWSHIP,IMO0000000,WDF8248,37,,25,7,,,B
367492940,2022-01-06T10:03:53,47.26271,-122.35945,0.1,21.9,511.0,FELLOWSHIP,IMO0000000,WDF8248,37,,25,7,,,B
367492940,2022-01-06T10:15:53,47.26269,-122.35946,0.2,21.9,511.0,FELLOWSHIP,IMO0000000,WDF8248,37,,25,7,,,B
367492940,2022-01-06T08:01:01,47.26270,-122.35946,0.1,301.7,511.0,FELLOWSHIP,IMO0000000,WDF8248,37,,25,7,,,B
367492940,2022-01-06T09:51:54,47.26277,-122.35944,0.1,21.9,511.0,FELLOWSHIP,IMO0000000,WDF8248,37,,25,7,,,B
367492940,2022-01-06T07:37:01,47.26269,-122.35945,0.3,301.7,511.0,FELLOWSHIP,IMO0000000,WDF8248,37,,25,7,,,B
367492940,2022-01-06T09:57:52,47.26270,-122.35944,0.3,21.9,511.0,FELLOWSHIP,IMO0000000,WDF8248,37,,25,7,,,B
367492940,2022-01-06T10:06:53,47.26272,-122.35946,0.1,21.9,511.0,FELLOWSHIP,IMO0000000,WDF8248,37,,25,7,,,B
367492940,2022-01-06T10:21:55,47.26272,-122.35946,0.2,21.9,511.0,FELLOWSHIP,IMO0000000,WDF8248,37,,25,7,,,B
367492940,2022-01-06T09:43:25,47.26272,-122.35944,0.1,347.7,511.0,FELLOWSHIP,IMO0000000,WDF8248,37,,25,7,,,B
367492940,2022-01-06T09:49:27,47.26270,-122.35943,0.1,347.7,511.0,FELLOWSHIP,IMO0000000,WDF8248,37,,25,7,,,B
367492940,2022-01-06T10:27:53,47.26269,-122.35945,0.4,21.9,511.0,FELLOWSHIP,IMO0000000,WDF8248,37,,25,7,,,B
367492940,2022-01-06T10:18:53,47.26266,-122.35941,0.2,21.9,511.0,FELLOWSHIP,IMO0000000,WDF8248,37,,25,7,,,B
367492940,2022-01-06T10:51:53,47.26265,-122.35946,0.2,21.9,511.0,FELLOWSHIP,IMO0000000,WDF8248,37,,25,7,,,B
367492940,2022-01-06T10:48:53,47.26269,-122.35944,0.3,21.9,511.0,FELLOWSHIP,IMO0000000,WDF8248,37,,25,7,,,B
367492940,2022-01-06T08:07:02,47.26291,-122.35950,0.7,301.7,511.0,FELLOWSHIP,IMO0000000,WDF8248,37,,25,7,,,B
367492940,2022-01-06T10:54:54,47.26272,-122.35944,0.3,21.9,511.0,FELLOWSHIP,IMO0000000,WDF8248,37,,25,7,,,B
367492940,2022-01-06T10:57:53,47.26272,-122.35945,0.1,21.9,511.0,FELLOWSHIP,IMO0000000,WDF8248,37,,25,7,,,B
367492940,2022-01-06T11:03:53,47.26271,-122.35946,0.1,21.9,511.0,FELLOWSHIP,IMO0000000,WDF8248,37,,25,7,,,B
367492940,2022-01-06T10:09:53,47.26271,-122.35944,0.1,21.9,511.0,FELLOWSHIP,IMO0000000,WDF8248,37,,25,7,,,B
367492940,2022-01-06T10:42:55,47.26269,-122.35944,0.2,21.9,511.0,FELLOWSHIP,IMO0000000,WDF8248,37,,25,7,,,B
367492940,2022-01-06T08:12:27,47.26271,-122.35943,0.3,347.7,511.0,FELLOWSHIP,IMO0000000,WDF8248,37,,25,7,,,B
367492940,2022-01-06T10:12:53,47.26268,-122.35944,0.1,21.9,511.0,FELLOWSHIP,IMO0000000,WDF8248,37,,25,7,,,B
367492940,2022-01-06T08:16:29,47.26268,-122.35946,1.0,347.7,511.0,FELLOWSHIP,IMO0000000,WDF8248,37,,25,7,,,B
367492940,2022-01-06T11:15:53,47.26270,-122.35943,0.0,21.9,511.0,FELLOWSHIP,IMO0000000,WDF8248,37,,25,7,,,B
367492940,2022-01-06T11:18:55,47.26270,-122.35948,0.0,21.9,511.0,FELLOWSHIP,IMO0000000,WDF8248,37,,25,7,,,B
367492940,2022-01-06T11:06:53,47.26268,-122.35943,0.3,21.9,511.0,FELLOWSHIP,IMO0000000,WDF8248,37,,25,7,,,B
367492940,2022-01-06T11:21:53,47.26268,-122.35945,0.4,21.9,511.0,FELLOWSHIP,IMO0000000,WDF8248,37,,25,7,,,B
367492940,2022-01-06T11:00:55,47.26269,-122.35941,0.0,21.9,511.0,FELLOWSHIP,IMO0000000,WDF8248,37,,25,7,,,B
367492940,2022-01-06T11:09:54,47.26273,-122.35939,0.2,21.9,511.0,FELLOWSHIP,IMO0000000,WDF8248,37,,25,7,,,B
367492940,2022-01-06T10:45:55,47.26273,-122.35947,0.1,21.9,511.0,FELLOWSHIP,IMO0000000,WDF8248,37,,25,7,,,B
367492940,2022-01-06T08:49:26,47.26267,-122.35947,0.3,347.7,511.0,FELLOWSHIP,IMO0000000,WDF8248,37,,25,7,,,B
367492940,2022-01-06T11:53:18,47.26270,-122.35947,0.2,352.1,511.0,FELLOWSHIP,IMO0000000,WDF8248,37,,25,7,,,B
367492940,2022-01-06T11:38:18,47.26275,-122.35948,0.6,352.1,511.0,FELLOWSHIP,IMO0000000,WDF8248,37,,25,7,,,B
367492940,2022-01-06T11:33:49,47.26272,-122.35951,0.4,352.1,511.0,FELLOWSHIP,IMO0000000,WDF8248,37,,25,7,,,B
367492940,2022-01-06T11:35:20,47.26274,-122.35947,0.4,352.1,511.0,FELLOWSHIP,IMO0000000,WDF8248,37,,25,7,,,B
367492940,2022-01-06T11:59:18,47.26273,-122.35943,1.5,352.1,511.0,FELLOWSHIP,IMO0000000,WDF8248,37,,25,7,,,B
367492940,2022-01-06T11:12:52,47.26271,-122.35946,0.1,21.9,511.0,FELLOWSHIP,IMO0000000,WDF8248,37,,25,7,,,B
367492940,2022-01-06T12:08:19,47.26273,-122.35946,0.1,352.1,511.0,FELLOWSHIP,IMO0000000,WDF8248,37,,25,7,,,B
367492940,2022-01-06T12:14:18,47.26273,-122.35944,0.1,352.1,511.0,FELLOWSHIP,IMO0000000,WDF8248,37,,25,7,,,B
367492940,2022-01-06T11:56:19,47.26269,-122.35952,0.3,352.1,511.0,FELLOWSHIP,IMO0000000,WDF8248,37,,25,7,,,B
367492940,2022-01-06T12:23:18,47.26271,-122.35948,0.2,352.1,511.0,FELLOWSHIP,IMO0000000,WDF8248,37,,25,7,,,B
367492940,2022-01-06T09:37:28,47.26270,-122.35945,0.1,347.7,511.0,FELLOWSHIP,IMO0000000,WDF8248,37,,25,7,,,B
367492940,2022-01-06T12:05:18,47.26273,-122.35943,0.2,352.1,511.0,FELLOWSHIP,IMO0000000,WDF8248,37,,25,7,,,B
367492940,2022-01-06T09:40:28,47.26270,-122.35943,0.6,347.7,511.0,FELLOWSHIP,IMO0000000,WDF8248,37,,25,7,,,B
367492940,2022-01-06T20:05:18,47.26272,-122.35942,0.1,352.1,511.0,FELLOWSHIP,IMO0000000,WDF8248,37,,25,7,,,B
367492940,2022-01-06T11:47:19,47.26271,-122.35947,0.1,352.1,511.0,FELLOWSHIP,IMO0000000,WDF8248,37,,25,7,,,B
367492940,2022-01-06T12:11:18,47.26273,-122.35946,0.1,352.1,511.0,FELLOWSHIP,IMO0000000,WDF8248,37,,25,7,,,B
367492940,2022-01-06T10:00:53,47.26268,-122.35944,0.0,21.9,511.0,FELLOWSHIP,IMO0000000,WDF8248,37,,25,7,,,B
367492940,2022-01-06T13:05:18,47.26272,-122.35945,0.1,352.1,511.0,FELLOWSHIP,IMO0000000,WDF8248,37,,25,7,,,B
367492940,2022-01-06T12:17:18,47.26272,-122.35945,0.1,352.1,511.0,FELLOWSHIP,IMO0000000,WDF8248,37,,25,7,,,B
367492940,2022-01-06T13:38:19,47.26270,-122.35946,0.1,352.1,511.0,FELLOWSHIP,IMO0000000,WDF8248,37,,25,7,,,B
367492940,2022-01-06T13:14:18,47.26272,-122.35944,0.5,352.1,511.0,FELLOWSHIP,IMO0000000,WDF8248,37,,25,7,,,B
367492940,2022-01-06T13:59:18,47.26279,-122.35943,1.0,12.5,511.0,FELLOWSHIP,IMO0000000,WDF8248,37,,25,7,,,B
367492940,2022-01-06T13:23:18,47.26272,-122.35945,0.0,352.1,511.0,FELLOWSHIP,IMO0000000,WDF8248,37,,25,7,,,B
367492940,2022-01-06T13:47:18,47.26271,-122.35947,0.3,352.1,511.0,FELLOWSHIP,IMO0000000,WDF8248,37,,25,7,,,B
367492940,2022-01-06T13:56:19,47.26264,-122.35943,0.8,352.1,511.0,FELLOWSHIP,IMO0000000,WDF8248,37,,25,7,,,B
367492940,2022-01-06T13:20:20,47.26271,-122.35949,0.2,352.1,511.0,FELLOWSHIP,IMO0000000,WDF8248,37,,25,7,,,B
367492940,2022-01-06T14:02:18,47.26273,-122.35945,0.1,15.4,511.0,FELLOWSHIP,IMO0000000,WDF8248,37,,25,7,,,B
367492940,2022-01-06T14:05:18,47.26272,-122.35943,0.6,15.4,511.0,FELLOWSHIP,IMO0000000,WDF8248,37,,25,7,,,B
367492940,2022-01-06T14:44:19,47.26270,-122.35947,0.1,21.4,511.0,FELLOWSHIP,IMO0000000,WDF8248,37,,25,7,,,B
367492940,2022-01-06T13:29:20,47.26267,-122.35949,0.4,352.1,511.0,FELLOWSHIP,IMO0000000,WDF8248,37,,25,7,,,B
367492940,2022-01-06T11:24:53,47.26272,-122.35944,0.2,21.9,511.0,FELLOWSHIP,IMO0000000,WDF8248,37,,25,7,,,B
367492940,2022-01-06T11:27:54,47.26271,-122.35945,0.1,21.9,511.0,FELLOWSHIP,IMO0000000,WDF8248,37,,25,7,,,B
367492940,2022-01-06T14:56:18,47.26271,-122.35946,0.1,46.5,511.0,FELLOWSHIP,IMO0000000,WDF8248,37,,25,7,,,B
367492940,2022-01-06T14:29:18,47.26272,-122.35945,0.1,20.2,511.0,FELLOWSHIP,IMO0000000,WDF8248,37,,25,7,,,B
367492940,2022-01-06T14:59:19,47.26270,-122.35946,0.1,46.5,511.0,FELLOWSHIP,IMO0000000,WDF8248,37,,25,7,,,B
367492940,2022-01-06T13:44:18,47.26271,-122.35942,0.1,352.1,511.0,FELLOWSHIP,IMO0000000,WDF8248,37,,25,7,,,B
367492940,2022-01-06T14:41:20,47.26272,-122.35946,0.2,20.2,511.0,FELLOWSHIP,IMO0000000,WDF8248,37,,25,7,,,B
367492940,2022-01-06T15:12:43,47.26275,-122.35932,1.5,57.1,511.0,FELLOWSHIP,IMO0000000,WDF8248,37,,25,7,,,B
367492940,2022-01-06T15:16:39,47.26260,-122.35944,0.5,57.1,511.0,FELLOWSHIP,IMO0000000,WDF8248,37,,25,7,,,B
367492940,2022-01-06T15:18:08,47.26270,-122.35955,0.1,57.1,511.0,FELLOWSHIP,IMO0000000,WDF8248,37,,25,7,,,B
367492940,2022-01-06T14:53:19,47.26269,-122.35948,0.1,46.5,511.0,FELLOWSHIP,IMO0000000,WDF8248,37,,25,7,,,B
367492940,2022-01-06T11:50:19,47.26272,-122.35944,0.1,352.1,511.0,FELLOWSHIP,IMO0000000,WDF8248,37,,25,7,,,B
367492940,2022-01-06T14:47:18,47.26266,-122.35947,0.5,21.4,511.0,FELLOWSHIP,IMO0000000,WDF8248,37,,25,7,,,B
367492940,2022-01-06T14:50:18,47.26271,-122.35946,0.4,46.5,511.0,FELLOWSHIP,IMO0000000,WDF8248,37,,25,7,,,B
367492940,2022-01-06T15:22:39,47.26272,-122.35946,0.1,57.1,511.0,FELLOWSHIP,IMO0000000,WDF8248,37,,25,7,,,B
367492940,2022-01-06T12:02:18,47.26270,-122.35944,0.1,352.1,511.0,FELLOWSHIP,IMO0000000,WDF8248,37,,25,7,,,B
367492940,2022-01-06T15:02:18,47.26270,-122.35945,0.1,46.5,511.0,FELLOWSHIP,IMO0000000,WDF8248,37,,25,7,,,B
367492940,2022-01-06T15:05:18,47.26269,-122.35943,0.2,46.5,511.0,FELLOWSHIP,IMO0000000,WDF8248,37,,25,7,,,B
367492940,2022-01-06T15:11:18,47.26268,-122.35952,0.7,46.5,511.0,FELLOWSHIP,IMO0000000,WDF8248,37,,25,7,,,B
367492940,2022-01-06T15:14:14,47.26268,-122.35948,0.0,57.1,511.0,FELLOWSHIP,IMO0000000,WDF8248,37,,25,7,,,B
367492940,2022-01-06T15:19:09,47.26271,-122.35945,0.1,57.1,511.0,FELLOWSHIP,IMO0000000,WDF8248,37,,25,7,,,B
367492940,2022-01-06T15:49:41,47.26271,-122.35947,0.0,57.1,511.0,FELLOWSHIP,IMO0000000,WDF8248,37,,25,7,,,B
367492940,2022-01-06T12:26:18,47.26270,-122.35944,0.3,352.1,511.0,FELLOWSHIP,IMO0000000,WDF8248,37,,25,7,,,B
367492940,2022-01-06T15:31:39,47.26269,-122.35946,0.2,57.1,511.0,FELLOWSHIP,IMO0000000,WDF8248,37,,25,7,,,B
367492940,2022-01-06T16:01:38,47.26270,-122.35947,0.2,57.1,511.0,FELLOWSHIP,IMO0000000,WDF8248,37,,25,7,,,B
367492940,2022-01-06T16:04:38,47.26270,-122.35946,0.0,57.1,511.0,FELLOWSHIP,IMO0000000,WDF8248,37,,25,7,,,B
367492940,2022-01-06T15:40:40,47.26270,-122.35944,0.1,57.1,511.0,FELLOWSHIP,IMO0000000,WDF8248,37,,25,7,,,B
367492940,2022-01-06T16:07:39,47.26270,-122.35948,0.0,57.1,511.0,FELLOWSHIP,IMO0000000,WDF8248,37,,25,7,,,B
367492940,2022-01-06T12:29:18,47.26273,-122.35941,0.6,352.1,511.0,FELLOWSHIP,IMO0000000,WDF8248,37,,25,7,,,B
367492940,2022-01-06T15:43:38,47.26267,-122.35945,0.1,57.1,511.0,FELLOWSHIP,IMO0000000,WDF8248,37,,25,7,,,B
367492940,2022-01-06T15:46:38,47.26268,-122.35943,0.4,57.1,511.0,FELLOWSHIP,IMO0000000,WDF8248,37,,25,7,,,B
367492940,2022-01-06T16:13:39,47.26270,-122.35947,0.0,57.1,511.0,FELLOWSHIP,IMO0000000,WDF8248,37,,25,7,,,B
367492940,2022-01-06T13:11:18,47.26271,-122.35945,0.3,352.1,511.0,FELLOWSHIP,IMO0000000,WDF8248,37,,25,7,,,B
367492940,2022-01-06T13:17:18,47.26272,-122.35947,0.1,352.1,511.0,FELLOWSHIP,IMO0000000,WDF8248,37,,25,7,,,B
367492940,2022-01-06T16:25:40,47.26270,-122.35946,0.1,57.1,511.0,FELLOWSHIP,IMO0000000,WDF8248,37,,25,7,,,B
367492940,2022-01-06T16:22:39,47.26270,-122.35947,0.1,57.1,511.0,FELLOWSHIP,IMO0000000,WDF8248,37,,25,7,,,B
367492940,2022-01-06T16:28:38,47.26270,-122.35946,0.1,57.1,511.0,FELLOWSHIP,IMO0000000,WDF8248,37,,25,7,,,B
367492940,2022-01-06T16:37:38,47.26272,-122.35945,0.2,57.1,511.0,FELLOWSHIP,IMO0000000,WDF8248,37,,25,7,,,B
367492940,2022-01-06T13:32:18,47.26276,-122.35944,0.8,352.1,511.0,FELLOWSHIP,IMO0000000,WDF8248,37,,25,7,,,B
367492940,2022-01-06T17:16:38,47.26271,-122.35944,0.1,57.1,511.0,FELLOWSHIP,IMO0000000,WDF8248,37,,25,7,,,B
367492940,2022-01-06T17:13:39,47.26272,-122.35944,0.2,57.1,511.0,FELLOWSHIP,IMO0000000,WDF8248,37,,25,7,,,B
367492940,2022-01-06T16:49:40,47.26271,-122.35948,0.1,57.1,511.0,FELLOWSHIP,IMO0000000,WDF8248,37,,25,7,,,B
367492940,2022-01-06T13:41:20,47.26274,-122.35942,0.2,352.1,511.0,FELLOWSHIP,IMO0000000,WDF8248,37,,25,7,,,B
367492940,2022-01-06T16:52:39,47.26272,-122.35936,0.5,57.1,511.0,FELLOWSHIP,IMO0000000,WDF8248,37,,25,7,,,B
367492940,2022-01-06T16:10:38,47.26270,-122.35948,0.1,57.1,511.0,FELLOWSHIP,IMO0000000,WDF8248,37,,25,7,,,B
367492940,2022-01-06T16:55:39,47.26270,-122.35945,0.4,57.1,511.0,FELLOWSHIP,IMO0000000,WDF8248,37,,25,7,,,B
367492940,2022-01-06T16:58:38,47.26270,-122.35947,0.0,57.1,511.0,FELLOWSHIP,IMO0000000,WDF8248,37,,25,7,,,B
367492940,2022-01-06T16:19:39,47.26270,-122.35947,0.0,57.1,511.0,FELLOWSHIP,IMO0000000,WDF8248,37,,25,7,,,B
367492940,2022-01-06T13:35:18,47.26271,-122.35948,0.4,352.1,511.0,FELLOWSHIP,IMO0000000,WDF8248,37,,25,7,,,B
367492940,2022-01-06T17:07:39,47.26270,-122.35944,0.2,57.1,511.0,FELLOWSHIP,IMO0000000,WDF8248,37,,25,7,,,B
367492940,2022-01-06T16:40:40,47.26272,-122.35949,0.1,57.1,511.0,FELLOWSHIP,IMO0000000,WDF8248,37,,25,7,,,B
367492940,2022-01-06T17:19:39,47.26272,-122.35947,0.1,57.1,511.0,FELLOWSHIP,IMO0000000,WDF8248,37,,25,7,,,B
367492940,2022-01-06T14:17:20,47.26275,-122.35945,0.2,7.9,511.0,FELLOWSHIP,IMO0000000,WDF8248,37,,25,7,,,B
367492940,2022-01-06T17:28:39,47.26279,-122.35949,0.5,57.1,511.0,FELLOWSHIP,IMO0000000,WDF8248,37,,25,7,,,B
367492940,2022-01-06T13:53:18,47.26268,-122.35944,0.2,352.1,511.0,FELLOWSHIP,IMO0000000,WDF8248,37,,25,7,,,B
367492940,2022-01-06T14:20:18,47.26273,-122.35944,0.8,20.2,511.0,FELLOWSHIP,IMO0000000,WDF8248,37,,25,7,,,B
367492940,2022-01-06T18:04:39,47.26271,-122.35945,0.1,57.1,511.0,FELLOWSHIP,IMO0000000,WDF8248,37,,25,7,,,B
367492940,2022-01-06T18:07:39,47.26272,-122.35947,0.0,43.8,511.0,FELLOWSHIP,IMO0000000,WDF8248,37,,25,7,,,B
367492940,2022-01-06T14:23:18,47.26269,-122.35946,0.4,20.2,511.0,FELLOWSHIP,IMO0000000,WDF8248,37,,25,7,,,B
367492940,2022-01-06T17:25:42,47.26269,-122.35946,0.4,57.1,511.0,FELLOWSHIP,IMO0000000,WDF8248,37,,25,7,,,B
367492940,2022-01-06T18:37:39,47.26270,-122.35943,0.1,242.4,511.0,FELLOWSHIP,IMO0000000,WDF8248,37,,25,7,,,B
367492940,2022-01-06T23:59:39,47.26282,-122.35948,0.1,57.1,511.0,FELLOWSHIP,IMO0000000,WDF8248,37,,25,7,,,B
367492940,2022-01-06T15:08:18,47.26276,-122.35941,0.2,46.5,511.0,FELLOWSHIP,IMO0000000,WDF8248,37,,25,7,,,B
367492940,2022-01-06T19:01:39,47.26272,-122.35942,0.1,242.4,511.0,FELLOWSHIP,IMO0000000,WDF8248,37,,25,7,,,B
367492940,2022-01-06T19:04:38,47.26270,-122.35941,0.1,242.4,511.0,FELLOWSHIP,IMO0000000,WDF8248,37,,25,7,,,B
367492940,2022-01-06T18:34:39,47.26270,-122.35943,0.2,242.4,511.0,FELLOWSHIP,IMO0000000,WDF8248,37,,25,7,,,B
367492940,2022-01-06T18:43:38,47.26268,-122.35945,0.4,242.4,511.0,FELLOWSHIP,IMO0000000,WDF8248,37,,25,7,,,B
367492940,2022-01-06T18:55:38,47.26271,-122.35945,0.1,242.4,511.0,FELLOWSHIP,IMO0000000,WDF8248,37,,25,7,,,B
367492940,2022-01-06T19:07:39,47.26270,-122.35944,0.1,242.4,511.0,FELLOWSHIP,IMO0000000,WDF8248,37,,25,7,,,B
367492940,2022-01-06T19:40:42,47.26271,-122.35947,0.1,242.4,511.0,FELLOWSHIP,IMO0000000,WDF8248,37,,25,7,,,B
367492940,2022-01-06T15:37:38,47.26269,-122.35944,0.1,57.1,511.0,FELLOWSHIP,IMO0000000,WDF8248,37,,25,7,,,B
367492940,2022-01-06T19:10:38,47.26272,-122.35945,0.3,242.4,511.0,FELLOWSHIP,IMO0000000,WDF8248,37,,25,7,,,B
367492940,2022-01-06T19:47:04,47.26267,-122.35943,0.2,342.6,511.0,FELLOWSHIP,IMO0000000,WDF8248,37,,25,7,,,B
367492940,2022-01-06T19:51:35,47.26268,-122.35944,0.8,342.6,511.0,FELLOWSHIP,IMO0000000,WDF8248,37,,25,7,,,B
367492940,2022-01-06T19:25:40,47.26270,-122.35944,0.2,242.4,511.0,FELLOWSHIP,IMO0000000,WDF8248,37,,25,7,,,B
367492940,2022-01-06T15:55:39,47.26272,-122.35947,0.1,57.1,511.0,FELLOWSHIP,IMO0000000,WDF8248,37,,25,7,,,B
367492940,2022-01-06T20:00:34,47.26271,-122.35944,0.5,342.6,511.0,FELLOWSHIP,IMO0000000,WDF8248,37,,25,7,,,B
367492940,2022-01-06T20:12:35,47.26267,-122.35945,0.3,342.6,511.0,FELLOWSHIP,IMO0000000,WDF8248,37,,25,7,,,B
367492940,2022-01-06T19:43:38,47.26271,-122.35951,0.6,242.4,511.0,FELLOWSHIP,IMO0000000,WDF8248,37,,25,7,,,B
367492940,2022-01-06T19:37:39,47.26269,-122.35943,0.3,242.4,511.0,FELLOWSHIP,IMO0000000,WDF8248,37,,25,7,,,B
367492940,2022-01-06T16:16:41,47.26270,-122.35946,0.1,57.1,511.0,FELLOWSHIP,IMO0000000,WDF8248,37,,25,7,,,B
367492940,2022-01-06T19:57:34,47.26275,-122.35946,0.9,342.6,511.0,FELLOWSHIP,IMO0000000,WDF8248,37,,25,7,,,B
367492940,2022-01-06T15:52:38,47.26271,-122.35946,0.3,57.1,511.0,FELLOWSHIP,IMO0000000,WDF8248,37,,25,7,,,B
367492940,2022-01-06T19:13:39,47.26275,-122.35949,0.8,242.4,511.0,FELLOWSHIP,IMO0000000,WDF8248,37,,25,7,,,B
367492940,2022-01-06T20:03:34,47.26272,-122.35946,0.1,342.6,511.0,FELLOWSHIP,IMO0000000,WDF8248,37,,25,7,,,B
367492940,2022-01-06T15:58:40,47.26270,-122.35946,0.3,57.1,511.0,FELLOWSHIP,IMO0000000,WDF8248,37,,25,7,,,B
367492940,2022-01-06T20:42:33,47.26275,-122.35950,0.2,342.6,511.0,FELLOWSHIP,IMO0000000,WDF8248,37,,25,7,,,B
367492940,2022-01-06T20:45:35,47.26271,-122.35949,0.3,342.6,511.0,FELLOWSHIP,IMO0000000,WDF8248,37,,25,7,,,B
367492940,2022-01-06T20:15:35,47.26270,-122.35949,0.3,342.6,511.0,FELLOWSHIP,IMO0000000,WDF8248,37,,25,7,,,B
367492940,2022-01-06T20:18:34,47.26270,-122.35946,0.1,342.6,511.0,FELLOWSHIP,IMO0000000,WDF8248,37,,25,7,,,B
367492940,2022-01-06T21:01:59,47.26270,-122.35947,0.2,214.7,511.0,FELLOWSHIP,IMO0000000,WDF8248,37,,25,7,,,B
367492940,2022-01-06T21:04:59,47.26273,-122.35948,0.8,296.8,511.0,FELLOWSHIP,IMO0000000,WDF8248,37,,25,7,,,B
367492940,2022-01-06T21:08:00,47.26276,-122.35941,1.2,22.1,511.0,FELLOWSHIP,IMO0000000,WDF8248,37,,25,7,,,B
367492940,2022-01-06T16:43:39,47.26272,-122.35952,0.1,57.1,511.0,FELLOWSHIP,IMO0000000,WDF8248,37,,25,7,,,B
367492940,2022-01-06T21:14:24,47.26273,-122.35946,0.5,32.6,511.0,FELLOWSHIP,IMO0000000,WDF8248,37,,25,7,,,B
367492940,2022-01-06T21:23:54,47.26270,-122.35947,0.2,14.1,511.0,FELLOWSHIP,IMO0000000,WDF8248,37,,25,7,,,B
367492940,2022-01-06T20:51:35,47.26269,-122.35947,0.3,342.6,511.0,FELLOWSHIP,IMO0000000,WDF8248,37,,25,7,,,B
367492940,2022-01-06T17:04:39,47.26266,-122.35943,0.3,57.1,511.0,FELLOWSHIP,IMO0000000,WDF8248,37,,25,7,,,B
367492940,2022-01-06T20:57:33,47.26270,-122.35948,0.5,274.9,511.0,FELLOWSHIP,IMO0000000,WDF8248,37,,25,7,,,B
367492940,2022-01-06T21:44:54,47.26268,-122.35944,0.3,15.2,511.0,FELLOWSHIP,IMO0000000,WDF8248,37,,25,7,,,B
367492940,2022-01-06T21:15:25,47.26275,-122.35944,1.1,14.1,511.0,FELLOWSHIP,IMO0000000,WDF8248,37,,25,7,,,B
367492940,2022-01-06T21:12:54,47.26273,-122.35944,0.0,37.0,511.0,FELLOWSHIP,IMO0000000,WDF8248,37,,25,7,,,B
367492940,2022-01-06T17:22:39,47.26274,-122.35948,0.3,57.1,511.0,FELLOWSHIP,IMO0000000,WDF8248,37,,25,7,,,B
367492940,2022-01-06T21:20:56,47.26271,-122.35949,0.1,14.1,511.0,FELLOWSHIP,IMO0000000,WDF8248,37,,25,7,,,B
367492940,2022-01-06T21:26:55,47.26270,-122.35945,0.2,14.1,511.0,FELLOWSHIP,IMO0000000,WDF8248,37,,25,7,,,B
367492940,2022-01-06T20:24:34,47.26273,-122.35947,0.6,342.6,511.0,FELLOWSHIP,IMO0000000,WDF8248,37,,25,7,,,B
367492940,2022-01-06T21:29:54,47.26270,-122.35946,0.1,14.1,511.0,FELLOWSHIP,IMO0000000,WDF8248,37,,25,7,,,B
367492940,2022-01-06T22:00:19,47.26268,-122.35953,0.1,269.8,511.0,FELLOWSHIP,IMO0000000,WDF8248,37,,25,7,,,B
367492940,2022-01-06T21:38:55,47.26270,-122.35945,0.0,14.1,511.0,FELLOWSHIP,IMO0000000,WDF8248,37,,25,7,,,B
367492940,2022-01-06T20:58:59,47.26265,-122.35952,0.4,214.7,511.0,FELLOWSHIP,IMO0000000,WDF8248,37,,25,7,,,B
367492940,2022-01-06T22:03:21,47.26274,-122.35956,0.2,269.8,511.0,FELLOWSHIP,IMO0000000,WDF8248,37,,25,7,,,B
367492940,2022-01-06T22:06:19,47.26272,-122.35950,0.1,269.8,511.0,FELLOWSHIP,IMO0000000,WDF8248,37,,25,7,,,B
367492940,2022-01-06T22:09:19,47.26271,-122.35946,0.1,269.8,511.0,FELLOWSHIP,IMO0000000,WDF8248,37,,25,7,,,B
367492940,2022-01-06T21:10:59,47.26268,-122.35948,0.1,31.4,511.0,FELLOWSHIP,IMO0000000,WDF8248,37,,25,7,,,B
367492940,2022-01-06T22:12:21,47.26270,-122.35942,0.4,269.8,511.0,FELLOWSHIP,IMO0000000,WDF8248,37,,25,7,,,B
367492940,2022-01-06T22:42:19,47.26272,-122.35947,0.1,26.4,511.0,FELLOWSHIP,IMO0000000,WDF8248,37,,25,7,,,B
367492940,2022-01-06T22:15:19,47.26268,-122.35947,0.4,269.8,511.0,FELLOWSHIP,IMO0000000,WDF8248,37,,25,7,,,B
367492940,2022-01-06T22:57:19,47.26268,-122.35946,0.2,26.4,511.0,FELLOWSHIP,IMO0000000,WDF8248,37,,25,7,,,B
367492940,2022-01-06T23:00:19,47.26272,-122.35937,0.8,26.4,511.0,FELLOWSHIP,IMO0000000,WDF8248,37,,25,7,,,B
367492940,2022-01-06T23:03:20,47.26274,-122.35947,0.3,26.4,511.0,FELLOWSHIP,IMO0000000,WDF8248,37,,25,7,,,B
367492940,2022-01-06T18:25:39,47.26274,-122.35944,0.1,242.4,511.0,FELLOWSHIP,IMO0000000,WDF8248,37,,25,7,,,B
367492940,2022-01-06T18:28:39,47.26268,-122.35937,0.3,242.4,511.0,FELLOWSHIP,IMO0000000,WDF8248,37,,25,7,,,B
367492940,2022-01-06T22:27:21,47.26271,-122.35951,0.2,26.4,511.0,FELLOWSHIP,IMO0000000,WDF8248,37,,25,7,,,B
367492940,2022-01-06T22:36:21,47.26272,-122.35948,0.6,26.4,511.0,FELLOWSHIP,IMO0000000,WDF8248,37,,25,7,,,B
367492940,2022-01-06T22:33:21,47.26276,-122.35955,0.1,26.4,511.0,FELLOWSHIP,IMO0000000,WDF8248,37,,25,7,,,B
367492940,2022-01-06T23:12:23,47.26271,-122.35946,0.4,26.4,511.0,FELLOWSHIP,IMO0000000,WDF8248,37,,25,7,,,B
367492940,2022-01-06T22:39:20,47.26270,-122.35947,0.1,26.4,511.0,FELLOWSHIP,IMO0000000,WDF8248,37,,25,7,,,B
367492940,2022-01-06T21:51:21,47.26277,-122.35956,0.5,269.8,511.0,FELLOWSHIP,IMO0000000,WDF8248,37,,25,7,,,B
367492940,2022-01-06T23:34:45,47.26265,-122.35958,0.8,74.8,511.0,FELLOWSHIP,IMO0000000,WDF8248,37,,25,7,,,B
367492940,2022-01-06T18:01:38,47.26272,-122.35946,0.1,57.1,511.0,FELLOWSHIP,IMO0000000,WDF8248,37,,25,7,,,B
367492940,2022-01-06T23:58:41,47.26264,-122.35948,0.8,301.6,511.0,FELLOWSHIP,IMO0000000,WDF8248,37,,25,7,,,B
367492940,2022-01-06T23:21:19,47.26273,-122.35940,0.1,26.4,511.0,FELLOWSHIP,IMO0000000,WDF8248,37,,25,7,,,B
367492940,2022-01-06T19:19:39,47.26270,-122.35943,0.2,242.4,511.0,FELLOWSHIP,IMO0000000,WDF8248,37,,25,7,,,B
367492940,2022-01-06T23:27:19,47.26271,-122.35944,0.2,26.4,511.0,FELLOWSHIP,IMO0000000,WDF8248,37,,25,7,,,B
367492940,2022-01-06T18:19:39,47.26274,-122.35943,0.5,200.3,511.0,FELLOWSHIP,IMO0000000,WDF8248,37,,25,7,,,B
367492940,2022-01-06T23:33:19,47.26273,-122.35942,0.7,21.3,511.0,FELLOWSHIP,IMO0000000,WDF8248,37,,25,7,,,B
367492940,2022-01-06T23:35:47,47.26268,-122.35957,0.9,74.8,511.0,FELLOWSHIP,IMO0000000,WDF8248,37,,25,7,,,B
367492940,2022-01-06T18:22:39,47.26272,-122.35944,0.5,340.2,511.0,FELLOWSHIP,IMO0000000,WDF8248,37,,25,7,,,B
367492940,2022-01-06T23:40:45,47.26271,-122.35945,0.3,211.6,511.0,FELLOWSHIP,IMO0000000,WDF8248,37,,25,7,,,B
367492940,2022-01-06T23:43:45,47.26273,-122.35942,0.2,208.1,511.0,FELLOWSHIP,IMO0000000,WDF8248,37,,25,7,,,B
367492940,2022-01-06T23:49:45,47.26265,-122.35956,0.4,210.9,511.0,FELLOWSHIP,IMO0000000,WDF8248,37,,25,7,,,B
367492940,2022-01-06T22:45:21,47.26269,-122.35943,0.3,26.4,511.0,FELLOWSHIP,IMO0000000,WDF8248,37,,25,7,,,B
367492940,2022-01-06T23:54:43,47.26277,-122.35947,0.2,301.6,511.0,FELLOWSHIP,IMO0000000,WDF8248,37,,25,7,,,B
367492940,2022-01-06T18:49:40,47.26270,-122.35943,0.1,242.4,511.0,FELLOWSHIP,IMO0000000,WDF8248,37,,25,7,,,B
367492940,2022-01-06T18:52:39,47.26271,-122.35946,0.1,242.4,511.0,FELLOWSHIP,IMO0000000,WDF8248,37,,25,7,,,B
367492940,2022-01-06T23:09:21,47.26271,-122.35944,0.3,26.4,511.0,FELLOWSHIP,IMO0000000,WDF8248,37,,25,7,,,B
367492940,2022-01-06T20:06:35,47.26272,-122.35943,0.6,342.6,511.0,FELLOWSHIP,IMO0000000,WDF8248,37,,25,7,,,B
367492940,2022-01-06T23:15:21,47.26272,-122.35946,0.1,26.4,511.0,FELLOWSHIP,IMO0000000,WDF8248,37,,25,7,,,B
367492940,2022-01-06T20:09:35,47.26271,-122.35946,0.1,342.6,511.0,FELLOWSHIP,IMO0000000,WDF8248,37,,25,7,,,B
367492940,2022-01-06T23:24:19,47.26268,-122.35947,0.5,26.4,511.0,FELLOWSHIP,IMO0000000,WDF8248,37,,25,7,,,B
367492940,2022-01-06T19:16:39,47.26272,-122.35945,0.3,242.4,511.0,FELLOWSHIP,IMO0000000,WDF8248,37,,25,7,,,B
367492940,2022-01-06T19:22:38,47.26270,-122.35943,0.1,242.4,511.0,FELLOWSHIP,IMO0000000,WDF8248,37,,25,7,,,B
367492940,2022-01-06T19:28:42,47.26270,-122.35944,0.0,242.4,511.0,FELLOWSHIP,IMO0000000,WDF8248,37,,25,7,,,B
367492940,2022-01-06T23:52:11,47.26256,-122.35986,0.8,227.6,511.0,FELLOWSHIP,IMO0000000,WDF8248,37,,25,7,,,B
367492940,2022-01-06T19:45:34,47.26281,-122.35951,1.1,321.7,511.0,FELLOWSHIP,IMO0000000,WDF8248,37,,25,7,,,B
367492940,2022-01-06T20:48:34,47.26272,-122.35946,0.5,342.6,511.0,FELLOWSHIP,IMO0000000,WDF8248,37,,25,7,,,B
367492940,2022-01-06T19:54:34,47.26269,-122.35944,0.5,342.6,511.0,FELLOWSHIP,IMO0000000,WDF8248,37,,25,7,,,B
367492940,2022-01-06T20:21:35,47.26272,-122.35945,0.0,342.6,511.0,FELLOWSHIP,IMO0000000,WDF8248,37,,25,7,,,B
367492940,2022-01-06T21:41:55,47.26270,-122.35944,0.2,14.1,511.0,FELLOWSHIP,IMO0000000,WDF8248,37,,25,7,,,B
367492940,2022-01-06T21:46:50,47.26273,-122.35946,0.3,269.8,511.0,FELLOWSHIP,IMO0000000,WDF8248,37,,25,7,,,B
367492940,2022-01-06T21:00:29,47.26269,-122.35946,0.4,214.7,511.0,FELLOWSHIP,IMO0000000,WDF8248,37,,25,7,,,B
367492940,2022-01-06T21:57:19,47.26269,-122.35941,0.2,269.8,511.0,FELLOWSHIP,IMO0000000,WDF8248,37,,25,7,,,B
367492940,2022-01-06T21:16:54,47.26273,-122.35944,0.2,14.1,511.0,FELLOWSHIP,IMO0000000,WDF8248,37,,25,7,,,B
367492940,2022-01-06T21:32:54,47.26270,-122.35945,0.2,14.1,511.0,FELLOWSHIP,IMO0000000,WDF8248,37,,25,7,,,B
367492940,2022-01-06T21:35:55,47.26272,-122.35945,0.2,14.1,511.0,FELLOWSHIP,IMO0000000,WDF8248,37,,25,7,,,B
367492940,2022-01-06T21:48:19,47.26272,-122.35951,1.3,269.8,511.0,FELLOWSHIP,IMO0000000,WDF8248,37,,25,7,,,B
367492940,2022-01-06T22:48:19,47.26268,-122.35949,0.4,26.4,511.0,FELLOWSHIP,IMO0000000,WDF8248,37,,25,7,,,B
367492940,2022-01-06T23:18:19,47.26271,-122.35945,0.0,26.4,511.0,FELLOWSHIP,IMO0000000,WDF8248,37,,25,7,,,B
367492940,2022-01-06T23:37:45,47.26271,-122.35949,0.9,211.6,511.0,FELLOWSHIP,IMO0000000,WDF8248,37,,25,7,,,B
367492940,2022-01-06T23:53:41,47.26301,-122.35922,0.8,301.6,511.0,FELLOWSHIP,IMO0000000,WDF8248,37,,25,7,,,B
367492940,2022-01-06T23:46:45,47.26273,-122.35939,0.2,208.1,511.0,FELLOWSHIP,IMO0000000,WDF8248,37,,25,7,,,B
