367512920,2022-01-01T00:01:06,29.62224,-91.04971,5.3,74.7,77.0,SANDPIPER,,WDG2173,31,0,23,,,57,A
367512920,2022-01-01T00:02:17,29.62259,-91.04776,5.4,83.1,77.0,SANDPIPER,,WDG2173,31,0,23,,,57,A
367512920,2022-01-01T00:04:35,29.62341,-91.04376,5.7,75.5,81.0,SANDPIPER,,WDG2173,31,0,23,,,57,A
367512920,2022-01-01T00:03:26,29.62298,-91.04576,5.5,74.5,78.0,SANDPIPER,,WDG2173,31,0,23,,,57,A
367512920,2022-01-01T00:06:37,29.62394,-91.04016,5.7,83.6,87.0,SANDPIPER,,WDG2173,31,0,23,,,57,A
367512920,2022-01-01T00:05:36,29.62371,-91.04199,5.7,79.7,84.0,SANDPIPER,,WDG2173,31,0,23,,,57,A
367512920,2022-01-01T00:07:39,29.62421,-91.03829,5.5,77.6,102.0,SANDPIPER,,WDG2173,31,0,23,,,57,A
367512920,2022-01-01T00:08:45,29.62406,-91.03660,4.7,108.8,113.0,SANDPIPER,,WDG2173,31,0,23,,,57,A
367512920,2022-01-01T00:12:16,29.62295,-91.03188,4.4,85.7,78.0,SANDPIPER,,WDG2173,31,0,23,,,57,A
367512920,2022-01-01T00:09:57,29.62340,-91.03504,4.7,117.4,101.0,SANDPIPER,,WDG2173,31,0,23,,,57,A
367512920,2022-01-01T00:13:26,29.62319,-91.03016,4.8,77.8,75.0,SANDPIPER,,WDG2173,31,0,23,,,57,A
367512920,2022-01-01T00:11:07,29.62286,-91.03345,4.4,100.5,81.0,SANDPIPER,,WDG2173,31,0,23,,,57,A
367512920,2022-01-01T00:16:55,29.62406,-91.02497,4.8,86.8,96.0,SANDPIPER,,WDG2173,31,0,23,,,57,A
367512920,2022-01-01T00:18:07,29.62400,-91.02323,4.6,100.3,109.0,SANDPIPER,,WDG2173,31,0,23,,,57,A
367512920,2022-01-01T00:15:47,29.62407,-91.02669,4.5,90.9,93.0,SANDPIPER,,WDG2173,31,0,23,,,57,A
367512920,2022-01-01T00:14:37,29.62374,-91.02840,5.0,66.1,82.0,SANDPIPER,,WDG2173,31,0,23,,,57,A
367512920,2022-01-01T00:20:27,29.62308,-91.01981,5.0,103.9,104.0,SANDPIPER,,WDG2173,31,0,23,,,57,A
367512920,2022-01-01T00:23:56,29.62209,-91.01431,4.7,82.8,73.0,SANDPIPER,,WDG2173,31,0,23,,,57,A
367512920,2022-01-01T00:21:36,29.62264,-91.01798,5.2,108.5,100.0,SANDPIPER,,WDG2173,31,0,23,,,57,A
367512920,2022-01-01T00:22:47,29.62221,-91.01611,5.1,102.8,88.0,SANDPIPER,,WDG2173,31,0,23,,,57,A
367512920,2022-01-01T00:26:26,29.62304,-91.01051,5.1,74.2,78.0,SANDPIPER,,WDG2173,31,0,23,,,57,A
367512920,2022-01-01T00:19:15,29.62351,-91.02161,4.8,109.4,105.0,SANDPIPER,,WDG2173,31,0,23,,,57,A
367512920,2022-01-01T00:27:37,29.62339,-91.00861,5.3,79.7,77.0,SANDPIPER,,WDG2173,31,0,23,,,57,A
367512920,2022-01-01T00:31:06,29.62431,-91.00308,4.6,99.4,104.0,SANDPIPER,,WDG2173,31,0,23,,,57,A
367512920,2022-01-01T00:25:06,29.62247,-91.01257,4.9,74.1,74.0,SANDPIPER,,WDG2173,31,0,23,,,57,A
367512920,2022-01-01T00:32:17,29.62413,-91.00134,4.6,101.2,117.0,SANDPIPER,,WDG2173,31,0,23,,,57,A
367512920,2022-01-01T00:28:46,29.62383,-91.00673,5.2,74.3,80.0,SANDPIPER,,WDG2173,31,0,23,,,57,A
367512920,2022-01-01T00:29:55,29.62422,-91.00489,5.1,72.3,90.0,SANDPIPER,,WDG2173,31,0,23,,,57,A
367512920,2022-01-01T00:34:46,29.62276,-90.99801,4.8,115.6,121.0,SANDPIPER,,WDG2173,31,0,23,,,57,A
367512920,2022-01-01T00:35:56,29.62197,-90.99652,4.8,117.7,119.0,SANDPIPER,,WDG2173,31,0,23,,,57,A
367512920,2022-01-01T00:37:06,29.62128,-90.99485,4.9,118.2,120.0,SANDPIPER,,WDG2173,31,0,23,,,57,A
367512920,2022-01-01T00:41:46,29.61775,-90.98872,5.1,127.0,128.0,SANDPIPER,,WDG2173,31,0,23,,,57,A
367512920,2022-01-01T00:38:16,29.62057,-90.99321,4.9,114.8,126.0,SANDPIPER,,WDG2173,31,0,23,,,57,A
367512920,2022-01-01T00:44:05,29.61577,-90.98566,5.2,127.3,130.0,SANDPIPER,,WDG2173,31,0,23,,,57,A
367512920,2022-01-01T00:42:57,29.61678,-90.98717,5.2,126.2,130.0,SANDPIPER,,WDG2173,31,0,23,,,57,A
367512920,2022-01-01T00:46:17,29.61384,-90.98292,4.9,137.4,141.0,SANDPIPER,,WDG2173,31,0,23,,,57,A
367512920,2022-01-01T00:45:06,29.61492,-90.98435,5.1,129.1,134.0,SANDPIPER,,WDG2173,31,0,23,,,57,A
367512920,2022-01-01T00:47:25,29.61266,-90.98174,5.0,138.8,142.0,SANDPIPER,,WDG2173,31,0,23,,,57,A
367512920,2022-01-01T00:49:46,29.61019,-90.97937,4.9,142.3,148.0,SANDPIPER,,WDG2173,31,0,23,,,57,A
367512920,2022-01-01T00:50:56,29.60885,-90.97834,4.9,149.5,150.0,SANDPIPER,,WDG2173,31,0,23,,,57,A
367512920,2022-01-01T00:55:25,29.60338,-90.97481,5.1,150.2,150.0,SANDPIPER,,WDG2173,31,0,23,,,57,A
367512920,2022-01-01T00:48:37,29.61144,-90.98051,5.0,138.6,144.0,SANDPIPER,,WDG2173,31,0,23,,,57,A
367512920,2022-01-01T00:54:16,29.60479,-90.97576,5.1,150.9,149.0,SANDPIPER,,WDG2173,31,0,23,,,57,A
367512920,2022-01-01T00:56:36,29.60193,-90.97387,5.1,150.3,149.0,SANDPIPER,,WDG2173,31,0,23,,,57,A
367512920,2022-01-01T00:53:06,29.60623,-90.97666,5.0,152.4,150.0,SANDPIPER,,WDG2173,31,0,23,,,57,A
367512920,2022-01-01T00:58:46,29.59926,-90.97206,5.1,149.4,151.0,SANDPIPER,,WDG2173,31,0,23,,,57,A
367512920,2022-01-01T01:04:36,29.59193,-90.96759,5.1,156.1,158.0,SANDPIPER,,WDG2173,31,0,23,,,57,A
367512920,2022-01-01T01:06:47,29.58910,-90.96612,5.2,154.0,151.0,SANDPIPER,,WDG2173,31,0,23,,,57,A
367512920,2022-01-01T01:02:17,29.59487,-90.96927,5.1,149.6,152.0,SANDPIPER,,WDG2173,31,0,23,,,57,A
367512920,2022-01-01T01:03:25,29.59343,-90.96839,5.1,152.9,156.0,SANDPIPER,,WDG2173,31,0,23,,,57,A
367512920,2022-01-01T00:33:37,29.62343,-90.99960,4.6,121.9,119.0,SANDPIPER,,WDG2173,31,0,23,,,57,A
367512920,2022-01-01T01:05:46,29.59038,-90.96685,5.1,156.3,152.0,SANDPIPER,,WDG2173,31,0,23,,,57,A
367512920,2022-01-01T00:59:57,29.59778,-90.97113,5.1,152.7,151.0,SANDPIPER,,WDG2173,31,0,23,,,57,A
367512920,2022-01-01T01:07:57,29.58762,-90.96520,5.2,149.5,151.0,SANDPIPER,,WDG2173,31,0,23,,,57,A
367512920,2022-01-01T01:10:17,29.58469,-90.96346,5.1,156.4,153.0,SANDPIPER,,WDG2173,31,0,23,,,57,A
367512920,2022-01-01T01:14:06,29.57993,-90.96058,5.0,154.7,149.0,SANDPIPER,,WDG2173,31,0,23,,,57,A
367512920,2022-01-01T01:12:36,29.58179,-90.96165,5.1,148.9,152.0,SANDPIPER,,WDG2173,31,0,23,,,57,A
367512920,2022-01-01T00:39:25,29.61971,-90.99174,4.9,125.0,127.0,SANDPIPER,,WDG2173,31,0,23,,,57,A
367512920,2022-01-01T00:40:37,29.61873,-90.99025,5.0,126.1,127.0,SANDPIPER,,WDG2173,31,0,23,,,57,A
367512920,2022-01-01T01:15:16,29.57846,-90.95971,5.0,150.5,142.0,SANDPIPER,,WDG2173,31,0,23,,,57,A
367512920,2022-01-01T01:17:37,29.57599,-90.95749,4.5,129.0,118.0,SANDPIPER,,WDG2173,31,0,23,,,57,A
367512920,2022-01-01T01:16:26,29.57719,-90.95867,4.9,142.8,133.0,SANDPIPER,,WDG2173,31,0,23,,,57,A
367512920,2022-01-01T01:18:46,29.57524,-90.95608,4.6,121.0,118.0,SANDPIPER,,WDG2173,31,0,23,,,57,A
367512920,2022-01-01T01:09:06,29.58618,-90.96424,5.1,151.4,155.0,SANDPIPER,,WDG2173,31,0,23,,,57,A
367512920,2022-01-01T01:22:17,29.57300,-90.95126,5.0,117.4,121.0,SANDPIPER,,WDG2173,31,0,23,,,57,A
367512920,2022-01-01T01:26:47,29.56999,-90.94497,5.0,119.5,119.0,SANDPIPER,,WDG2173,31,0,23,,,57,A
367512920,2022-01-01T01:23:25,29.57221,-90.94967,5.0,116.7,118.0,SANDPIPER,,WDG2173,31,0,23,,,57,A
367512920,2022-01-01T01:19:57,29.57451,-90.95453,4.8,120.0,119.0,SANDPIPER,,WDG2173,31,0,23,,,57,A
367512920,2022-01-01T01:21:07,29.57375,-90.95292,5.0,117.1,118.0,SANDPIPER,,WDG2173,31,0,23,,,57,A
367512920,2022-01-01T01:29:06,29.56848,-90.94162,5.1,117.6,119.0,SANDPIPER,,WDG2173,31,0,23,,,57,A
367512920,2022-01-01T01:27:56,29.56925,-90.94330,5.1,119.3,119.0,SANDPIPER,,WDG2173,31,0,23,,,57,A
367512920,2022-01-01T01:31:26,29.56695,-90.93835,5.0,118.3,121.0,SANDPIPER,,WDG2173,31,0,23,,,57,A
367512920,2022-01-01T01:30:15,29.56773,-90.93998,5.0,118.4,120.0,SANDPIPER,,WDG2173,31,0,23,,,57,A
367512920,2022-01-01T01:38:26,29.56233,-90.92861,5.0,118.8,119.0,SANDPIPER,,WDG2173,31,0,23,,,57,A
367512920,2022-01-01T00:52:05,29.60747,-90.97740,5.0,149.7,151.0,SANDPIPER,,WDG2173,31,0,23,,,57,A
367512920,2022-01-01T01:33:46,29.56526,-90.93519,5.0,120.9,116.0,SANDPIPER,,WDG2173,31,0,23,,,57,A
367512920,2022-01-01T01:37:17,29.56307,-90.93025,5.0,117.9,118.0,SANDPIPER,,WDG2173,31,0,23,,,57,A
367512920,2022-01-01T01:44:16,29.55849,-90.92024,5.1,118.2,119.0,SANDPIPER,,WDG2173,31,0,23,,,57,A
367512920,2022-01-01T00:57:45,29.60048,-90.97291,5.1,150.1,149.0,SANDPIPER,,WDG2173,31,0,23,,,57,A
367512920,2022-01-01T01:45:27,29.55768,-90.91851,5.1,116.9,119.0,SANDPIPER,,WDG2173,31,0,23,,,57,A
367512920,2022-01-01T01:36:07,29.56383,-90.93189,4.9,117.5,118.0,SANDPIPER,,WDG2173,31,0,23,,,57,A
367512920,2022-01-01T01:41:56,29.56003,-90.92361,5.1,118.0,118.0,SANDPIPER,,WDG2173,31,0,23,,,57,A
367512920,2022-01-01T01:39:36,29.56160,-90.92696,5.1,117.2,119.0,SANDPIPER,,WDG2173,31,0,23,,,57,A
367512920,2022-01-01T01:34:56,29.56460,-90.93354,4.8,117.0,119.0,SANDPIPER,,WDG2173,31,0,23,,,57,A
367512920,2022-01-01T01:50:06,29.55476,-90.91181,5.0,115.9,117.0,SANDPIPER,,WDG2173,31,0,23,,,57,A
367512920,2022-01-01T01:46:36,29.55687,-90.91684,5.1,118.9,116.0,SANDPIPER,,WDG2173,31,0,23,,,57,A
367512920,2022-01-01T01:43:06,29.55924,-90.92190,5.1,116.4,119.0,SANDPIPER,,WDG2173,31,0,23,,,57,A
367512920,2022-01-01T01:48:56,29.55550,-90.91352,5.0,116.3,117.0,SANDPIPER,,WDG2173,31,0,23,,,57,A
367512920,2022-01-01T01:55:46,29.55118,-90.90366,5.1,117.9,120.0,SANDPIPER,,WDG2173,31,0,23,,,57,A
367512920,2022-01-01T01:52:17,29.55341,-90.90871,5.0,116.2,118.0,SANDPIPER,,WDG2173,31,0,23,,,57,A
367512920,2022-01-01T01:47:46,29.55618,-90.91518,5.0,116.2,116.0,SANDPIPER,,WDG2173,31,0,23,,,57,A
367512920,2022-01-01T01:51:16,29.55403,-90.91018,5.0,116.1,117.0,SANDPIPER,,WDG2173,31,0,23,,,57,A
367512920,2022-01-01T01:54:37,29.55191,-90.90534,5.1,118.4,118.0,SANDPIPER,,WDG2173,31,0,23,,,57,A
367512920,2022-01-01T01:59:25,29.54863,-90.89842,5.1,118.2,121.0,SANDPIPER,,WDG2173,31,0,23,,,57,A
367512920,2022-01-01T01:56:55,29.55040,-90.90202,5.1,119.3,121.0,SANDPIPER,,WDG2173,31,0,23,,,57,A
367512920,2022-01-01T01:58:16,29.54941,-90.90007,5.1,121.1,121.0,SANDPIPER,,WDG2173,31,0,23,,,57,A
367512920,2022-01-01T02:03:27,29.54604,-90.89267,5.0,115.5,120.0,SANDPIPER,,WDG2173,31,0,23,,,57,A
367512920,2022-01-01T01:53:25,29.55267,-90.90706,5.1,117.4,118.0,SANDPIPER,,WDG2173,31,0,23,,,57,A
367512920,2022-01-01T02:02:16,29.54675,-90.89433,5.0,113.6,118.0,SANDPIPER,,WDG2173,31,0,23,,,57,A
367512920,2022-01-01T02:08:06,29.54286,-90.88607,5.1,120.7,120.0,SANDPIPER,,WDG2173,31,0,23,,,57,A
367512920,2022-01-01T02:04:37,29.54530,-90.89102,5.0,119.5,122.0,SANDPIPER,,WDG2173,31,0,23,,,57,A
367512920,2022-01-01T02:11:36,29.54061,-90.88106,5.1,118.2,117.0,SANDPIPER,,WDG2173,31,0,23,,,57,A
367512920,2022-01-01T02:12:46,29.53993,-90.87934,5.0,116.1,121.0,SANDPIPER,,WDG2173,31,0,23,,,57,A
367512920,2022-01-01T02:01:07,29.54746,-90.89602,5.1,116.6,117.0,SANDPIPER,,WDG2173,31,0,23,,,57,A
367512920,2022-01-01T02:09:16,29.54206,-90.88444,5.0,116.6,117.0,SANDPIPER,,WDG2173,31,0,23,,,57,A
367512920,2022-01-01T02:16:35,29.53755,-90.87395,5.0,114.5,119.0,SANDPIPER,,WDG2173,31,0,23,,,57,A
367512920,2022-01-01T02:17:46,29.53675,-90.87230,4.9,121.1,116.0,SANDPIPER,,WDG2173,31,0,23,,,57,A
367512920,2022-01-01T02:15:26,29.53821,-90.87561,5.0,115.5,117.0,SANDPIPER,,WDG2173,31,0,23,,,57,A
367512920,2022-01-01T01:11:25,29.58324,-90.96264,5.1,152.2,149.0,SANDPIPER,,WDG2173,31,0,23,,,57,A
367512920,2022-01-01T02:21:46,29.53509,-90.86656,4.6,93.4,92.0,SANDPIPER,,WDG2173,31,0,23,,,57,A
367512920,2022-01-01T02:23:57,29.53502,-90.86320,4.9,90.7,91.0,SANDPIPER,,WDG2173,31,0,23,,,57,A
367512920,2022-01-01T02:25:06,29.53500,-90.86138,5.0,91.8,89.0,SANDPIPER,,WDG2173,31,0,23,,,57,A
367512920,2022-01-01T02:14:16,29.53889,-90.87728,5.0,116.8,116.0,SANDPIPER,,WDG2173,31,0,23,,,57,A
367512920,2022-01-01T02:22:56,29.53503,-90.86476,4.8,92.0,91.0,SANDPIPER,,WDG2173,31,0,23,,,57,A
367512920,2022-01-01T02:32:07,29.53491,-90.85021,4.9,89.0,89.0,SANDPIPER,,WDG2173,31,0,23,,,57,A
367512920,2022-01-01T02:20:16,29.53542,-90.86876,4.8,105.3,98.0,SANDPIPER,,WDG2173,31,0,23,,,57,A
367512920,2022-01-01T02:18:55,29.53601,-90.87072,4.8,113.6,107.0,SANDPIPER,,WDG2173,31,0,23,,,57,A
367512920,2022-01-01T02:27:17,29.53500,-90.85789,5.0,89.7,90.0,SANDPIPER,,WDG2173,31,0,23,,,57,A
367512920,2022-01-01T02:35:37,29.53498,-90.84484,4.8,87.3,88.0,SANDPIPER,,WDG2173,31,0,23,,,57,A
367512920,2022-01-01T02:36:47,29.53500,-90.84305,4.8,87.5,87.0,SANDPIPER,,WDG2173,31,0,23,,,57,A
367512920,2022-01-01T02:30:47,29.53491,-90.85232,5.0,92.9,90.0,SANDPIPER,,WDG2173,31,0,23,,,57,A
367512920,2022-01-01T02:28:26,29.53503,-90.85604,5.1,88.9,90.0,SANDPIPER,,WDG2173,31,0,23,,,57,A
367512920,2022-01-01T02:26:16,29.53501,-90.85950,5.0,89.2,90.0,SANDPIPER,,WDG2173,31,0,23,,,57,A
367512920,2022-01-01T02:34:25,29.53494,-90.84666,4.9,88.3,88.0,SANDPIPER,,WDG2173,31,0,23,,,57,A
367512920,2022-01-01T02:43:47,29.53525,-90.83221,4.9,90.7,89.0,SANDPIPER,,WDG2173,31,0,23,,,57,A
367512920,2022-01-01T02:40:17,29.53514,-90.83769,4.9,91.1,88.0,SANDPIPER,,WDG2173,31,0,23,,,57,A
367512920,2022-01-01T02:41:26,29.53523,-90.83590,4.8,87.5,89.0,SANDPIPER,,WDG2173,31,0,23,,,57,A
367512920,2022-01-01T02:39:06,29.53513,-90.83950,4.8,89.1,88.0,SANDPIPER,,WDG2173,31,0,23,,,57,A
367512920,2022-01-01T02:51:45,29.53548,-90.81982,4.8,87.3,89.0,SANDPIPER,,WDG2173,31,0,23,,,57,A
367512920,2022-01-01T02:44:56,29.53530,-90.83040,4.9,89.5,90.0,SANDPIPER,,WDG2173,31,0,23,,,57,A
367512920,2022-01-01T02:50:36,29.53543,-90.82159,4.8,91.3,89.0,SANDPIPER,,WDG2173,31,0,23,,,57,A
367512920,2022-01-01T02:37:56,29.53512,-90.84130,4.8,85.3,90.0,SANDPIPER,,WDG2173,31,0,23,,,57,A
367512920,2022-01-01T02:52:55,29.53556,-90.81796,4.9,86.7,90.0,SANDPIPER,,WDG2173,31,0,23,,,57,A
367512920,2022-01-01T02:48:17,29.53534,-90.82516,4.9,87.0,88.0,SANDPIPER,,WDG2173,31,0,23,,,57,A
367512920,2022-01-01T01:24:36,29.57147,-90.94803,5.0,119.3,118.0,SANDPIPER,,WDG2173,31,0,23,,,57,A
367512920,2022-01-01T02:42:36,29.53526,-90.83408,4.9,89.6,89.0,SANDPIPER,,WDG2173,31,0,23,,,57,A
367512920,2022-01-01T01:25:46,29.57071,-90.94635,5.0,119.0,121.0,SANDPIPER,,WDG2173,31,0,23,,,57,A
367512920,2022-01-01T02:46:06,29.53530,-90.82857,4.9,88.5,89.0,SANDPIPER,,WDG2173,31,0,23,,,57,A
367512920,2022-01-01T02:47:16,29.53533,-90.82671,4.9,92.0,89.0,SANDPIPER,,WDG2173,31,0,23,,,57,A
367512920,2022-01-01T02:57:35,29.53553,-90.81077,4.7,94.7,94.0,SANDPIPER,,WDG2173,31,0,23,,,57,A
367512920,2022-01-01T02:59:56,29.53530,-90.80725,4.6,91.3,88.0,SANDPIPER,,WDG2173,31,0,23,,,57,A
367512920,2022-01-01T01:32:36,29.56607,-90.93673,4.9,119.8,120.0,SANDPIPER,,WDG2173,31,0,23,,,57,A
367512920,2022-01-01T03:07:16,29.53537,-90.79629,4.7,94.5,92.0,SANDPIPER,,WDG2173,31,0,23,,,57,A
367512920,2022-01-01T03:02:37,29.53545,-90.80330,4.7,85.3,90.0,SANDPIPER,,WDG2173,31,0,23,,,57,A
367512920,2022-01-01T03:10:37,29.53535,-90.79139,4.3,92.8,89.0,SANDPIPER,,WDG2173,31,0,23,,,57,A
367512920,2022-01-01T02:54:05,29.53559,-90.81616,4.9,90.0,90.0,SANDPIPER,,WDG2173,31,0,23,,,57,A
367512920,2022-01-01T03:04:55,29.53548,-90.79983,4.7,90.5,92.0,SANDPIPER,,WDG2173,31,0,23,,,57,A
367512920,2022-01-01T03:12:07,29.53537,-90.78928,4.5,90.0,87.0,SANDPIPER,,WDG2173,31,0,23,,,57,A
367512920,2022-01-01T03:14:36,29.53551,-90.78574,4.4,88.2,90.0,SANDPIPER,,WDG2173,31,0,23,,,57,A
367512920,2022-01-01T03:13:17,29.53545,-90.78763,4.5,92.2,89.0,SANDPIPER,,WDG2173,31,0,23,,,57,A
367512920,2022-01-01T02:56:25,29.53561,-90.81251,4.8,91.9,94.0,SANDPIPER,,WDG2173,31,0,23,,,57,A
367512920,2022-01-01T02:58:55,29.53536,-90.80874,4.7,95.7,91.0,SANDPIPER,,WDG2173,31,0,23,,,57,A
367512920,2022-01-01T03:15:46,29.53545,-90.78404,4.5,92.3,87.0,SANDPIPER,,WDG2173,31,0,23,,,57,A
367512920,2022-01-01T03:08:17,29.53524,-90.79477,4.7,94.3,89.0,SANDPIPER,,WDG2173,31,0,23,,,57,A
367512920,2022-01-01T03:16:57,29.53554,-90.78238,4.5,85.0,89.0,SANDPIPER,,WDG2173,31,0,23,,,57,A
367512920,2022-01-01T03:19:16,29.53560,-90.77908,4.4,92.7,91.0,SANDPIPER,,WDG2173,31,0,23,,,57,A
367512920,2022-01-01T03:20:25,29.53551,-90.77750,4.4,92.1,88.0,SANDPIPER,,WDG2173,31,0,23,,,57,A
367512920,2022-01-01T03:03:45,29.53548,-90.80162,4.6,88.7,90.0,SANDPIPER,,WDG2173,31,0,23,,,57,A
367512920,2022-01-01T03:21:36,29.53557,-90.77586,4.3,82.7,89.0,SANDPIPER,,WDG2173,31,0,23,,,57,A
367512920,2022-01-01T01:40:45,29.56083,-90.92530,5.1,117.8,119.0,SANDPIPER,,WDG2173,31,0,23,,,57,A
367512920,2022-01-01T03:22:46,29.53561,-90.77423,4.4,93.2,90.0,SANDPIPER,,WDG2173,31,0,23,,,57,A
367512920,2022-01-01T03:23:56,29.53566,-90.77263,4.4,83.9,90.0,SANDPIPER,,WDG2173,31,0,23,,,57,A
367512920,2022-01-01T03:09:25,29.53526,-90.79306,4.5,89.3,87.0,SANDPIPER,,WDG2173,31,0,23,,,57,A
367512920,2022-01-01T03:25:16,29.53569,-90.77071,4.5,93.0,91.0,SANDPIPER,,WDG2173,31,0,23,,,57,A
367512920,2022-01-01T03:30:06,29.53606,-90.76433,3.9,68.1,53.0,SANDPIPER,,WDG2173,31,0,23,,,57,A
367512920,2022-01-01T03:26:27,29.53573,-90.76905,4.4,85.3,90.0,SANDPIPER,,WDG2173,31,0,23,,,57,A
367512920,2022-01-01T03:36:07,29.54088,-90.76015,3.7,25.4,27.0,SANDPIPER,,WDG2173,31,0,23,,,57,A
367512920,2022-01-01T03:27:36,29.53561,-90.76751,4.1,94.2,80.0,SANDPIPER,,WDG2173,31,0,23,,,57,A
367512920,2022-01-01T03:38:37,29.54349,-90.75873,4.4,23.5,26.0,SANDPIPER,,WDG2173,31,0,23,,,57,A
367512920,2022-01-01T03:31:25,29.53680,-90.76297,3.8,47.5,35.0,SANDPIPER,,WDG2173,31,0,23,,,57,A
367512920,2022-01-01T03:35:06,29.53998,-90.76066,3.6,28.8,26.0,SANDPIPER,,WDG2173,31,0,23,,,57,A
367512920,2022-01-01T03:18:07,29.53555,-90.78072,4.5,89.4,89.0,SANDPIPER,,WDG2173,31,0,23,,,57,A
367512920,2022-01-01T03:33:57,29.53895,-90.76127,3.6,26.2,27.0,SANDPIPER,,WDG2173,31,0,23,,,57,A
367512920,2022-01-01T03:40:56,29.54616,-90.75721,4.7,25.6,24.0,SANDPIPER,,WDG2173,31,0,23,,,57,A
367512920,2022-01-01T03:42:06,29.54758,-90.75649,4.6,24.4,27.0,SANDPIPER,,WDG2173,31,0,23,,,57,A
367512920,2022-01-01T03:46:06,29.55230,-90.75377,4.8,24.1,26.0,SANDPIPER,,WDG2173,31,0,23,,,57,A
367512920,2022-01-01T03:28:46,29.53569,-90.76600,4.1,82.9,67.0,SANDPIPER,,WDG2173,31,0,23,,,57,A
367512920,2022-01-01T03:39:45,29.54481,-90.75801,4.6,24.9,26.0,SANDPIPER,,WDG2173,31,0,23,,,57,A
367512920,2022-01-01T03:48:25,29.55508,-90.75218,4.8,26.9,26.0,SANDPIPER,,WDG2173,31,0,23,,,57,A
367512920,2022-01-01T03:32:36,29.53777,-90.76209,3.7,30.2,31.0,SANDPIPER,,WDG2173,31,0,23,,,57,A
367512920,2022-01-01T03:47:15,29.55368,-90.75300,4.8,25.7,27.0,SANDPIPER,,WDG2173,31,0,23,,,57,A
367512920,2022-01-01T03:49:36,29.55651,-90.75134,4.9,27.5,26.0,SANDPIPER,,WDG2173,31,0,23,,,57,A
367512920,2022-01-01T03:51:56,29.55930,-90.74967,4.9,32.1,40.0,SANDPIPER,,WDG2173,31,0,23,,,57,A
367512920,2022-01-01T03:43:36,29.54931,-90.75548,4.7,26.2,27.0,SANDPIPER,,WDG2173,31,0,23,,,57,A
367512920,2022-01-01T03:53:06,29.56065,-90.74869,4.8,32.5,58.0,SANDPIPER,,WDG2173,31,0,23,,,57,A
367512920,2022-01-01T03:54:15,29.56153,-90.74743,4.3,67.9,72.0,SANDPIPER,,WDG2173,31,0,23,,,57,A
367512920,2022-01-01T04:05:16,29.56532,-90.73036,5.1,91.1,93.0,SANDPIPER,,WDG2173,31,0,23,,,57,A
367512920,2022-01-01T03:44:56,29.55090,-90.75456,4.8,27.2,27.0,SANDPIPER,,WDG2173,31,0,23,,,57,A
367512920,2022-01-01T03:56:55,29.56278,-90.74354,5.1,69.4,71.0,SANDPIPER,,WDG2173,31,0,23,,,57,A
367512920,2022-01-01T03:59:15,29.56394,-90.73987,5.3,71.1,71.0,SANDPIPER,,WDG2173,31,0,23,,,57,A
367512920,2022-01-01T04:09:36,29.56543,-90.72416,2.1,36.6,43.0,SANDPIPER,,WDG2173,31,0,23,,,57,A
367512920,2022-01-01T04:01:45,29.56520,-90.73595,5.1,78.5,86.0,SANDPIPER,,WDG2173,31,0,23,,,57,A
367512920,2022-01-01T04:07:25,29.56510,-90.72675,5.2,97.8,82.0,SANDPIPER,,WDG2173,31,0,23,,,57,A
367512920,2022-01-01T04:10:45,29.56566,-90.72391,0.2,63.4,45.0,SANDPIPER,,WDG2173,31,0,23,,,57,A
367512920,2022-01-01T04:02:57,29.56545,-90.73405,4.8,87.5,93.0,SANDPIPER,,WDG2173,31,0,23,,,57,A
367512920,2022-01-01T03:50:46,29.55789,-90.75056,4.9,27.2,31.0,SANDPIPER,,WDG2173,31,0,23,,,57,A
367512920,2022-01-01T04:04:05,29.56537,-90.73228,5.0,95.8,92.0,SANDPIPER,,WDG2173,31,0,23,,,57,A
367512920,2022-01-01T04:06:17,29.56526,-90.72867,5.3,92.9,92.0,SANDPIPER,,WDG2173,31,0,23,,,57,A
367512920,2022-01-01T02:05:47,29.54448,-90.88940,5.1,118.8,120.0,SANDPIPER,,WDG2173,31,0,23,,,57,A
367512920,2022-01-01T02:06:56,29.54371,-90.88775,5.1,118.4,121.0,SANDPIPER,,WDG2173,31,0,23,,,57,A
367512920,2022-01-01T04:17:36,29.56551,-90.72463,0.7,92.2,76.0,SANDPIPER,,WDG2173,31,0,23,,,57,A
367512920,2022-01-01T03:55:27,29.56205,-90.74576,4.8,70.3,70.0,SANDPIPER,,WDG2173,31,0,23,,,57,A
367512920,2022-01-01T04:15:16,29.56562,-90.72504,0.1,225.6,79.0,SANDPIPER,,WDG2173,31,0,23,,,57,A
367512920,2022-01-01T04:13:05,29.56558,-90.72444,1.1,274.2,62.0,SANDPIPER,,WDG2173,31,0,23,,,57,A
367512920,2022-01-01T02:10:27,29.54137,-90.88270,5.1,113.6,119.0,SANDPIPER,,WDG2173,31,0,23,,,57,A
367512920,2022-01-01T04:18:47,29.56552,-90.72440,0.5,95.4,75.0,SANDPIPER,,WDG2173,31,0,23,,,57,A
367512920,2022-01-01T04:20:05,29.56543,-90.72424,0.3,167.1,72.0,SANDPIPER,,WDG2173,31,0,23,,,57,A
367512920,2022-01-01T04:22:37,29.56519,-90.72413,0.3,164.0,63.0,SANDPIPER,,WDG2173,31,0,23,,,57,A
367512920,2022-01-01T04:34:27,29.56526,-90.72415,0.0,166.0,66.0,SANDPIPER,,WDG2173,31,0,23,,,57,A
367512920,2022-01-01T04:24:56,29.56506,-90.72414,0.2,188.8,58.0,SANDPIPER,,WDG2173,31,0,23,,,57,A
367512920,2022-01-01T04:14:06,29.56563,-90.72478,1.0,269.7,73.0,SANDPIPER,,WDG2173,31,0,23,,,57,A
367512920,2022-01-01T04:11:55,29.56559,-90.72406,0.7,253.0,49.0,SANDPIPER,,WDG2173,31,0,23,,,57,A
367512920,2022-01-01T04:27:25,29.56505,-90.72411,0.1,21.3,57.0,SANDPIPER,,WDG2173,31,0,23,,,57,A
367512920,2022-01-01T04:28:35,29.56509,-90.72410,0.2,358.0,57.0,SANDPIPER,,WDG2173,31,0,23,,,57,A
367512920,2022-01-01T04:16:25,29.56555,-90.72488,0.6,109.5,78.0,SANDPIPER,,WDG2173,31,0,23,,,57,A
367512920,2022-01-01T04:32:07,29.56522,-90.72415,0.1,342.1,64.0,SANDPIPER,,WDG2173,31,0,23,,,57,A
367512920,2022-01-01T04:29:47,29.56515,-90.72412,0.1,332.9,60.0,SANDPIPER,,WDG2173,31,0,23,,,57,A
367512920,2022-01-01T04:42:26,29.56523,-90.72415,0.0,273.2,65.0,SANDPIPER,,WDG2173,31,0,23,,,57,A
367512920,2022-01-01T04:33:15,29.56525,-90.72414,0.1,343.0,66.0,SANDPIPER,,WDG2173,31,0,23,,,57,A
367512920,2022-01-01T04:21:15,29.56534,-90.72422,0.5,151.6,68.0,SANDPIPER,,WDG2173,31,0,23,,,57,A
367512920,2022-01-01T04:37:57,29.56526,-90.72415,0.0,277.3,66.0,SANDPIPER,,WDG2173,31,0,23,,,57,A
367512920,2022-01-01T04:48:25,29.56528,-90.72416,0.0,272.6,66.0,SANDPIPER,,WDG2173,31,0,23,,,57,A
367512920,2022-01-01T04:35:37,29.56525,-90.72415,0.0,338.1,66.0,SANDPIPER,,WDG2173,31,0,23,,,57,A
367512920,2022-01-01T04:26:15,29.56501,-90.72413,0.0,336.7,56.0,SANDPIPER,,WDG2173,31,0,23,,,57,A
367512920,2022-01-01T04:36:45,29.56525,-90.72416,0.0,186.6,66.0,SANDPIPER,,WDG2173,31,0,23,,,57,A
367512920,2022-01-01T04:40:16,29.56525,-90.72414,0.0,168.2,65.0,SANDPIPER,,WDG2173,31,0,23,,,57,A
367512920,2022-01-01T04:41:25,29.56524,-90.72414,0.0,172.1,65.0,SANDPIPER,,WDG2173,31,0,23,,,57,A
367512920,2022-01-01T04:45:56,29.56526,-90.72416,0.0,248.9,65.0,SANDPIPER,,WDG2173,31,0,23,,,57,A
367512920,2022-01-01T04:39:05,29.56524,-90.72415,0.0,126.4,66.0,SANDPIPER,,WDG2173,31,0,23,,,57,A
367512920,2022-01-01T04:43:36,29.56524,-90.72415,0.0,293.9,64.0,SANDPIPER,,WDG2173,31,0,23,,,57,A
367512920,2022-01-01T04:30:56,29.56518,-90.72413,0.1,322.0,62.0,SANDPIPER,,WDG2173,31,0,23,,,57,A
367512920,2022-01-01T04:47:07,29.56527,-90.72415,0.0,5.9,66.0,SANDPIPER,,WDG2173,31,0,23,,,57,A
367512920,2022-01-01T04:50:46,29.56529,-90.72417,0.0,341.5,66.0,SANDPIPER,,WDG2173,31,0,23,,,57,A
367512920,2022-01-01T04:53:07,29.56530,-90.72419,0.0,254.3,66.0,SANDPIPER,,WDG2173,31,0,23,,,57,A
367512920,2022-01-01T04:44:46,29.56526,-90.72416,0.0,358.4,65.0,SANDPIPER,,WDG2173,31,0,23,,,57,A
367512920,2022-01-01T04:56:36,29.56532,-90.72418,0.0,51.9,67.0,SANDPIPER,,WDG2173,31,0,23,,,57,A
367512920,2022-01-01T04:57:37,29.56530,-90.72417,0.1,171.8,66.0,SANDPIPER,,WDG2173,31,0,23,,,57,A
367512920,2022-01-01T05:01:37,29.56527,-90.72415,0.0,319.3,65.0,SANDPIPER,,WDG2173,31,0,23,,,57,A
367512920,2022-01-01T04:49:36,29.56528,-90.72415,0.0,327.3,67.0,SANDPIPER,,WDG2173,31,0,23,,,57,A
367512920,2022-01-01T04:54:17,29.56531,-90.72419,0.0,240.7,67.0,SANDPIPER,,WDG2173,31,0,23,,,57,A
367512920,2022-01-01T05:02:45,29.56528,-90.72415,0.1,320.3,66.0,SANDPIPER,,WDG2173,31,0,23,,,57,A
367512920,2022-01-01T04:51:56,29.56530,-90.72417,0.0,334.8,67.0,SANDPIPER,,WDG2173,31,0,23,,,57,A
367512920,2022-01-01T04:58:57,29.56528,-90.72415,0.1,155.8,66.0,SANDPIPER,,WDG2173,31,0,23,,,57,A
367512920,2022-01-01T05:05:06,29.56528,-90.72415,0.0,233.7,66.0,SANDPIPER,,WDG2173,31,0,23,,,57,A
367512920,2022-01-01T05:15:37,29.56525,-90.72415,0.0,310.3,65.0,SANDPIPER,,WDG2173,31,0,23,,,57,A
367512920,2022-01-01T02:29:37,29.53501,-90.85415,5.0,93.8,92.0,SANDPIPER,,WDG2173,31,0,23,,,57,A
367512920,2022-01-01T04:55:27,29.56531,-90.72418,0.0,197.5,67.0,SANDPIPER,,WDG2173,31,0,23,,,57,A
367512920,2022-01-01T05:03:56,29.56528,-90.72417,0.0,324.1,66.0,SANDPIPER,,WDG2173,31,0,23,,,57,A
367512920,2022-01-01T05:08:35,29.56526,-90.72414,0.0,177.4,65.0,SANDPIPER,,WDG2173,31,0,23,,,57,A
367512920,2022-01-01T02:33:17,29.53492,-90.84841,4.7,89.7,88.0,SANDPIPER,,WDG2173,31,0,23,,,57,A
367512920,2022-01-01T05:13:17,29.56525,-90.72414,0.0,312.8,65.0,SANDPIPER,,WDG2173,31,0,23,,,57,A
367512920,2022-01-01T05:09:47,29.56525,-90.72413,0.0,198.4,65.0,SANDPIPER,,WDG2173,31,0,23,,,57,A
367512920,2022-01-01T05:07:26,29.56527,-90.72414,0.0,155.9,67.0,SANDPIPER,,WDG2173,31,0,23,,,57,A
367512920,2022-01-01T05:17:56,29.56528,-90.72415,0.0,329.3,67.0,SANDPIPER,,WDG2173,31,0,23,,,57,A
367512920,2022-01-01T05:26:06,29.56531,-90.72416,0.0,160.0,68.0,SANDPIPER,,WDG2173,31,0,23,,,57,A
367512920,2022-01-01T05:28:25,29.56531,-90.72415,0.0,306.1,68.0,SANDPIPER,,WDG2173,31,0,23,,,57,A
367512920,2022-01-01T05:14:25,29.56525,-90.72413,0.0,319.4,65.0,SANDPIPER,,WDG2173,31,0,23,,,57,A
367512920,2022-01-01T05:12:07,29.56524,-90.72414,0.0,315.1,65.0,SANDPIPER,,WDG2173,31,0,23,,,57,A
367512920,2022-01-01T05:06:15,29.56528,-90.72415,0.0,230.6,67.0,SANDPIPER,,WDG2173,31,0,23,,,57,A
367512920,2022-01-01T05:21:26,29.56532,-90.72417,0.0,342.2,68.0,SANDPIPER,,WDG2173,31,0,23,,,57,A
367512920,2022-01-01T05:30:36,29.56530,-90.72416,0.0,164.7,67.0,SANDPIPER,,WDG2173,31,0,23,,,57,A
367512920,2022-01-01T05:31:47,29.56529,-90.72413,0.0,141.4,67.0,SANDPIPER,,WDG2173,31,0,23,,,57,A
367512920,2022-01-01T05:16:47,29.56527,-90.72414,0.1,341.8,66.0,SANDPIPER,,WDG2173,31,0,23,,,57,A
367512920,2022-01-01T05:23:45,29.56533,-90.72418,0.0,270.6,68.0,SANDPIPER,,WDG2173,31,0,23,,,57,A
367512920,2022-01-01T05:10:57,29.56524,-90.72414,0.0,262.7,65.0,SANDPIPER,,WDG2173,31,0,23,,,57,A
367512920,2022-01-01T05:24:57,29.56533,-90.72416,0.0,177.1,68.0,SANDPIPER,,WDG2173,31,0,23,,,57,A
367512920,2022-01-01T05:27:16,29.56531,-90.72415,0.0,317.8,68.0,SANDPIPER,,WDG2173,31,0,23,,,57,A
367512920,2022-01-01T05:20:16,29.56531,-90.72416,0.0,335.4,68.0,SANDPIPER,,WDG2173,31,0,23,,,57,A
367512920,2022-01-01T05:32:57,29.56529,-90.72414,0.0,166.3,66.0,SANDPIPER,,WDG2173,31,0,23,,,57,A
367512920,2022-01-01T05:36:46,29.56526,-90.72414,0.0,143.1,66.0,SANDPIPER,,WDG2173,31,0,23,,,57,A
367512920,2022-01-01T05:35:37,29.56526,-90.72413,0.0,175.7,66.0,SANDPIPER,,WDG2173,31,0,23,,,57,A
367512920,2022-01-01T05:43:36,29.56526,-90.72411,0.0,111.7,64.0,SANDPIPER,,WDG2173,31,0,23,,,57,A
367512920,2022-01-01T05:41:16,29.56525,-90.72411,0.0,286.2,64.0,SANDPIPER,,WDG2173,31,0,23,,,57,A
367512920,2022-01-01T05:29:26,29.56531,-90.72416,0.0,159.1,67.0,SANDPIPER,,WDG2173,31,0,23,,,57,A
367512920,2022-01-01T05:34:17,29.56528,-90.72414,0.0,177.4,66.0,SANDPIPER,,WDG2173,31,0,23,,,57,A
367512920,2022-01-01T02:49:25,29.53538,-90.82340,4.8,92.2,89.0,SANDPIPER,,WDG2173,31,0,23,,,57,A
367512920,2022-01-01T05:38:56,29.56526,-90.72413,0.0,154.8,64.0,SANDPIPER,,WDG2173,31,0,23,,,57,A
367512920,2022-01-01T05:47:17,29.56524,-90.72412,0.0,197.9,63.0,SANDPIPER,,WDG2173,31,0,23,,,57,A
367512920,2022-01-01T05:40:07,29.56525,-90.72413,0.0,179.7,64.0,SANDPIPER,,WDG2173,31,0,23,,,57,A
367512920,2022-01-01T05:50:46,29.56521,-90.72411,0.0,285.7,63.0,SANDPIPER,,WDG2173,31,0,23,,,57,A
367512920,2022-01-01T05:58:46,29.56523,-90.72410,0.0,295.3,63.0,SANDPIPER,,WDG2173,31,0,23,,,57,A
367512920,2022-01-01T05:51:56,29.56520,-90.72411,0.0,277.4,62.0,SANDPIPER,,WDG2173,31,0,23,,,57,A
367512920,2022-01-01T05:44:55,29.56524,-90.72413,0.0,194.6,64.0,SANDPIPER,,WDG2173,31,0,23,,,57,A
367512920,2022-01-01T05:59:56,29.56522,-90.72411,0.0,267.9,63.0,SANDPIPER,,WDG2173,31,0,23,,,57,A
367512920,2022-01-01T02:55:15,29.53562,-90.81432,4.9,89.7,92.0,SANDPIPER,,WDG2173,31,0,23,,,57,A
367512920,2022-01-01T05:54:07,29.56520,-90.72410,0.0,35.9,62.0,SANDPIPER,,WDG2173,31,0,23,,,57,A
367512920,2022-01-01T05:55:16,29.56520,-90.72410,0.0,46.4,63.0,SANDPIPER,,WDG2173,31,0,23,,,57,A
367512920,2022-01-01T05:56:26,29.56521,-90.72411,0.0,268.6,63.0,SANDPIPER,,WDG2173,31,0,23,,,57,A
367512920,2022-01-01T05:48:25,29.56523,-90.72412,0.0,165.8,64.0,SANDPIPER,,WDG2173,31,0,23,,,57,A
367512920,2022-01-01T06:06:06,29.56525,-90.72413,0.0,287.1,64.0,SANDPIPER,,WDG2173,31,0,23,,,57,A
367512920,2022-01-01T05:46:06,29.56524,-90.72412,0.0,117.4,63.0,SANDPIPER,,WDG2173,31,0,23,,,57,A
367512920,2022-01-01T06:09:55,29.56526,-90.72414,0.0,323.5,65.0,SANDPIPER,,WDG2173,31,0,23,,,57,A
367512920,2022-01-01T05:53:06,29.56520,-90.72411,0.0,98.3,62.0,SANDPIPER,,WDG2173,31,0,23,,,57,A
367512920,2022-01-01T03:01:35,29.53537,-90.80483,4.6,90.9,89.0,SANDPIPER,,WDG2173,31,0,23,,,57,A
367512920,2022-01-01T06:03:46,29.56525,-90.72413,0.0,290.5,63.0,SANDPIPER,,WDG2173,31,0,23,,,57,A
367512920,2022-01-01T06:07:36,29.56526,-90.72413,0.0,288.2,65.0,SANDPIPER,,WDG2173,31,0,23,,,57,A
367512920,2022-01-01T05:57:36,29.56521,-90.72410,0.0,277.0,63.0,SANDPIPER,,WDG2173,31,0,23,,,57,A
367512920,2022-01-01T06:29:46,29.56524,-90.72413,0.0,268.2,66.0,SANDPIPER,,WDG2173,31,0,23,,,57,A
367512920,2022-01-01T06:08:46,29.56526,-90.72413,0.0,359.1,65.0,SANDPIPER,,WDG2173,31,0,23,,,57,A
367512920,2022-01-01T06:12:26,29.56528,-90.72414,0.0,289.4,66.0,SANDPIPER,,WDG2173,31,0,23,,,57,A
367512920,2022-01-01T06:13:37,29.56528,-90.72415,0.0,328.7,67.0,SANDPIPER,,WDG2173,31,0,23,,,57,A
367512920,2022-01-01T06:11:06,29.56528,-90.72413,0.0,298.5,65.0,SANDPIPER,,WDG2173,31,0,23,,,57,A
367512920,2022-01-01T03:06:06,29.53548,-90.79802,4.8,93.3,93.0,SANDPIPER,,WDG2173,31,0,23,,,57,A
367512920,2022-01-01T06:14:46,29.56528,-90.72415,0.0,288.6,67.0,SANDPIPER,,WDG2173,31,0,23,,,57,A
367512920,2022-01-01T06:19:26,29.56528,-90.72414,0.0,164.9,66.0,SANDPIPER,,WDG2173,31,0,23,,,57,A
367512920,2022-01-01T06:20:37,29.56526,-90.72413,0.0,154.9,66.0,SANDPIPER,,WDG2173,31,0,23,,,57,A
367512920,2022-01-01T06:24:06,29.56523,-90.72413,0.0,283.3,65.0,SANDPIPER,,WDG2173,31,0,23,,,57,A
367512920,2022-01-01T06:22:56,29.56525,-90.72413,0.0,192.9,65.0,SANDPIPER,,WDG2173,31,0,23,,,57,A
367512920,2022-01-01T06:25:16,29.56525,-90.72414,0.0,337.8,66.0,SANDPIPER,,WDG2173,31,0,23,,,57,A
367512920,2022-01-01T06:52:05,29.56522,-90.72412,0.0,253.8,64.0,SANDPIPER,,WDG2173,31,0,23,,,57,A
367512920,2022-01-01T06:28:37,29.56524,-90.72412,0.0,284.6,65.0,SANDPIPER,,WDG2173,31,0,23,,,57,A
367512920,2022-01-01T06:15:55,29.56529,-90.72414,0.0,324.6,66.0,SANDPIPER,,WDG2173,31,0,23,,,57,A
367512920,2022-01-01T06:33:06,29.56524,-90.72413,0.0,237.2,66.0,SANDPIPER,,WDG2173,31,0,23,,,57,A
367512920,2022-01-01T06:30:55,29.56525,-90.72412,0.0,292.0,66.0,SANDPIPER,,WDG2173,31,0,23,,,57,A
367512920,2022-01-01T06:31:57,29.56524,-90.72413,0.0,3.2,66.0,SANDPIPER,,WDG2173,31,0,23,,,57,A
367512920,2022-01-01T06:21:46,29.56526,-90.72413,0.0,196.8,66.0,SANDPIPER,,WDG2173,31,0,23,,,57,A
367512920,2022-01-01T06:38:16,29.56525,-90.72414,0.0,248.4,66.0,SANDPIPER,,WDG2173,31,0,23,,,57,A
367512920,2022-01-01T06:26:26,29.56525,-90.72414,0.0,11.4,65.0,SANDPIPER,,WDG2173,31,0,23,,,57,A
367512920,2022-01-01T06:46:26,29.56525,-90.72413,0.0,189.1,66.0,SANDPIPER,,WDG2173,31,0,23,,,57,A
367512920,2022-01-01T06:44:06,29.56525,-90.72413,0.0,204.2,66.0,SANDPIPER,,WDG2173,31,0,23,,,57,A
367512920,2022-01-01T06:48:45,29.56523,-90.72412,0.0,164.0,65.0,SANDPIPER,,WDG2173,31,0,23,,,57,A
367512920,2022-01-01T06:45:17,29.56524,-90.72413,0.0,193.3,66.0,SANDPIPER,,WDG2173,31,0,23,,,57,A
367512920,2022-01-01T06:35:37,29.56525,-90.72414,0.0,253.5,66.0,SANDPIPER,,WDG2173,31,0,23,,,57,A
367512920,2022-01-01T06:47:37,29.56524,-90.72413,0.0,217.1,66.0,SANDPIPER,,WDG2173,31,0,23,,,57,A
367512920,2022-01-01T06:54:17,29.56521,-90.72411,0.0,10.2,64.0,SANDPIPER,,WDG2173,31,0,23,,,57,A
367512920,2022-01-01T06:49:46,29.56522,-90.72412,0.1,191.2,63.0,SANDPIPER,,WDG2173,31,0,23,,,57,A
367512920,2022-01-01T06:50:55,29.56522,-90.72412,0.0,223.6,63.0,SANDPIPER,,WDG2173,31,0,23,,,57,A
367512920,2022-01-01T06:55:46,29.56524,-90.72411,0.0,306.3,64.0,SANDPIPER,,WDG2173,31,0,23,,,57,A
367512920,2022-01-01T06:41:45,29.56525,-90.72413,0.0,212.5,66.0,SANDPIPER,,WDG2173,31,0,23,,,57,A
367512920,2022-01-01T06:58:05,29.56526,-90.72413,0.1,319.2,65.0,SANDPIPER,,WDG2173,31,0,23,,,57,A
367512920,2022-01-01T06:59:06,29.56527,-90.72414,0.0,213.3,65.0,SANDPIPER,,WDG2173,31,0,23,,,57,A
367512920,2022-01-01T07:02:06,29.56522,-90.72410,0.1,167.2,65.0,SANDPIPER,,WDG2173,31,0,23,,,57,A
367512920,2022-01-01T06:40:37,29.56525,-90.72412,0.0,252.9,66.0,SANDPIPER,,WDG2173,31,0,23,,,57,A
367512920,2022-01-01T07:04:37,29.56522,-90.72411,0.0,330.9,64.0,SANDPIPER,,WDG2173,31,0,23,,,57,A
367512920,2022-01-01T07:12:46,29.56525,-90.72411,0.0,329.9,65.0,SANDPIPER,,WDG2173,31,0,23,,,57,A
367512920,2022-01-01T07:08:06,29.56525,-90.72412,0.0,274.2,66.0,SANDPIPER,,WDG2173,31,0,23,,,57,A
367512920,2022-01-01T07:16:15,29.56527,-90.72413,0.0,303.7,67.0,SANDPIPER,,WDG2173,31,0,23,,,57,A
367512920,2022-01-01T07:15:06,29.56526,-90.72412,0.0,338.0,66.0,SANDPIPER,,WDG2173,31,0,23,,,57,A
367512920,2022-01-01T07:13:56,29.56525,-90.72411,0.0,118.7,65.0,SANDPIPER,,WDG2173,31,0,23,,,57,A
367512920,2022-01-01T07:21:56,29.56530,-90.72415,0.0,338.1,68.0,SANDPIPER,,WDG2173,31,0,23,,,57,A
367512920,2022-01-01T07:18:17,29.56529,-90.72414,0.0,288.0,68.0,SANDPIPER,,WDG2173,31,0,23,,,57,A
367512920,2022-01-01T07:19:25,29.56528,-90.72414,0.0,188.0,68.0,SANDPIPER,,WDG2173,31,0,23,,,57,A
367512920,2022-01-01T07:03:26,29.56521,-90.72410,0.0,185.4,64.0,SANDPIPER,,WDG2173,31,0,23,,,57,A
367512920,2022-01-01T07:47:37,29.56529,-90.72412,0.0,16.6,66.0,SANDPIPER,,WDG2173,31,0,23,,,57,A
367512920,2022-01-01T07:23:07,29.56531,-90.72416,0.0,318.1,68.0,SANDPIPER,,WDG2173,31,0,23,,,57,A
367512920,2022-01-01T07:11:37,29.56524,-90.72411,0.0,303.8,65.0,SANDPIPER,,WDG2173,31,0,23,,,57,A
367512920,2022-01-01T07:26:36,29.56534,-90.72416,0.0,302.5,70.0,SANDPIPER,,WDG2173,31,0,23,,,57,A
367512920,2022-01-01T07:25:27,29.56533,-90.72415,0.0,281.1,69.0,SANDPIPER,,WDG2173,31,0,23,,,57,A
367512920,2022-01-01T07:53:46,29.56523,-90.72412,0.1,169.6,64.0,SANDPIPER,,WDG2173,31,0,23,,,57,A
367512920,2022-01-01T07:29:27,29.56536,-90.72416,0.0,309.3,69.0,SANDPIPER,,WDG2173,31,0,23,,,57,A
367512920,2022-01-01T07:36:07,29.56534,-90.72417,0.0,179.6,69.0,SANDPIPER,,WDG2173,31,0,23,,,57,A
367512920,2022-01-01T07:17:16,29.56528,-90.72414,0.0,289.2,67.0,SANDPIPER,,WDG2173,31,0,23,,,57,A
367512920,2022-01-01T07:56:05,29.56523,-90.72410,0.0,146.5,65.0,SANDPIPER,,WDG2173,31,0,23,,,57,A
367512920,2022-01-01T07:33:26,29.56535,-90.72417,0.0,207.1,69.0,SANDPIPER,,WDG2173,31,0,23,,,57,A
367512920,2022-01-01T07:58:26,29.56522,-90.72409,0.0,41.8,64.0,SANDPIPER,,WDG2173,31,0,23,,,57,A
367512920,2022-01-01T07:34:35,29.56535,-90.72418,0.0,256.3,69.0,SANDPIPER,,WDG2173,31,0,23,,,57,A
367512920,2022-01-01T08:03:06,29.56517,-90.72406,0.1,141.7,62.0,SANDPIPER,,WDG2173,31,0,23,,,57,A
367512920,2022-01-01T07:45:16,29.56530,-90.72414,0.0,50.0,67.0,SANDPIPER,,WDG2173,31,0,23,,,57,A
367512920,2022-01-01T07:39:35,29.56529,-90.72414,0.1,163.3,68.0,SANDPIPER,,WDG2173,31,0,23,,,57,A
367512920,2022-01-01T08:05:26,29.56514,-90.72405,0.1,143.8,61.0,SANDPIPER,,WDG2173,31,0,23,,,57,A
367512920,2022-01-01T07:20:46,29.56528,-90.72414,0.0,58.4,68.0,SANDPIPER,,WDG2173,31,0,23,,,57,A
367512920,2022-01-01T03:37:16,29.54202,-90.75950,4.1,27.0,25.0,SANDPIPER,,WDG2173,31,0,23,,,57,A
367512920,2022-01-01T07:43:06,29.56530,-90.72415,0.0,349.5,68.0,SANDPIPER,,WDG2173,31,0,23,,,57,A
367512920,2022-01-01T07:41:57,29.56530,-90.72414,0.0,16.9,68.0,SANDPIPER,,WDG2173,31,0,23,,,57,A
367512920,2022-01-01T08:12:36,29.56504,-90.72397,0.0,150.8,57.0,SANDPIPER,,WDG2173,31,0,23,,,57,A
367512920,2022-01-01T07:46:25,29.56529,-90.72412,0.0,228.2,67.0,SANDPIPER,,WDG2173,31,0,23,,,57,A
367512920,2022-01-01T07:44:15,29.56529,-90.72413,0.0,352.5,68.0,SANDPIPER,,WDG2173,31,0,23,,,57,A
367512920,2022-01-01T08:16:06,29.56503,-90.72397,0.0,187.6,56.0,SANDPIPER,,WDG2173,31,0,23,,,57,A
367512920,2022-01-01T07:28:07,29.56535,-90.72416,0.0,332.0,69.0,SANDPIPER,,WDG2173,31,0,23,,,57,A
367512920,2022-01-01T07:37:16,29.56533,-90.72418,0.0,167.1,69.0,SANDPIPER,,WDG2173,31,0,23,,,57,A
367512920,2022-01-01T07:38:25,29.56532,-90.72416,0.0,169.0,68.0,SANDPIPER,,WDG2173,31,0,23,,,57,A
367512920,2022-01-01T08:19:56,29.56503,-90.72396,0.0,85.1,56.0,SANDPIPER,,WDG2173,31,0,23,,,57,A
367512920,2022-01-01T07:57:25,29.56522,-90.72410,0.0,116.1,66.0,SANDPIPER,,WDG2173,31,0,23,,,57,A
367512920,2022-01-01T07:51:26,29.56527,-90.72413,0.1,143.2,66.0,SANDPIPER,,WDG2173,31,0,23,,,57,A
367512920,2022-01-01T08:01:56,29.56519,-90.72407,0.0,157.8,63.0,SANDPIPER,,WDG2173,31,0,23,,,57,A
367512920,2022-01-01T08:25:47,29.56524,-90.72395,0.1,1.0,62.0,SANDPIPER,,WDG2173,31,0,23,,,57,A
367512920,2022-01-01T07:48:46,29.56529,-90.72414,0.0,335.0,65.0,SANDPIPER,,WDG2173,31,0,23,,,57,A
367512920,2022-01-01T07:52:37,29.56525,-90.72413,0.0,142.0,65.0,SANDPIPER,,WDG2173,31,0,23,,,57,A
367512920,2022-01-01T07:40:46,29.56528,-90.72413,0.1,162.2,68.0,SANDPIPER,,WDG2173,31,0,23,,,57,A
367512920,2022-01-01T08:07:47,29.56511,-90.72403,0.1,141.5,60.0,SANDPIPER,,WDG2173,31,0,23,,,57,A
367512920,2022-01-01T08:06:36,29.56511,-90.72403,0.1,150.0,60.0,SANDPIPER,,WDG2173,31,0,23,,,57,A
367512920,2022-01-01T07:49:55,29.56528,-90.72415,0.0,102.0,67.0,SANDPIPER,,WDG2173,31,0,23,,,57,A
367512920,2022-01-01T08:14:56,29.56503,-90.72396,0.0,354.1,56.0,SANDPIPER,,WDG2173,31,0,23,,,57,A
367512920,2022-01-01T08:09:06,29.56508,-90.72401,0.1,150.7,59.0,SANDPIPER,,WDG2173,31,0,23,,,57,A
367512920,2022-01-01T08:04:15,29.56515,-90.72405,0.1,155.8,61.0,SANDPIPER,,WDG2173,31,0,23,,,57,A
367512920,2022-01-01T08:13:46,29.56504,-90.72397,0.0,151.1,57.0,SANDPIPER,,WDG2173,31,0,23,,,57,A
367512920,2022-01-01T08:45:55,29.56533,-90.72393,0.0,81.0,64.0,SANDPIPER,,WDG2173,31,0,23,,,57,A
367512920,2022-01-01T08:47:07,29.56533,-90.72392,0.1,161.5,64.0,SANDPIPER,,WDG2173,31,0,23,,,57,A
367512920,2022-01-01T08:23:25,29.56514,-90.72392,0.4,4.6,58.0,SANDPIPER,,WDG2173,31,0,23,,,57,A
367512920,2022-01-01T08:17:35,29.56503,-90.72397,0.0,164.4,56.0,SANDPIPER,,WDG2173,31,0,23,,,57,A
367512920,2022-01-01T08:22:16,29.56505,-90.72395,0.2,40.8,56.0,SANDPIPER,,WDG2173,31,0,23,,,57,A
367512920,2022-01-01T08:24:36,29.56521,-90.72393,0.1,328.2,60.0,SANDPIPER,,WDG2173,31,0,23,,,57,A
367512920,2022-01-01T08:32:46,29.56534,-90.72395,0.1,322.7,63.0,SANDPIPER,,WDG2173,31,0,23,,,57,A
367512920,2022-01-01T08:21:06,29.56503,-90.72397,0.1,258.6,56.0,SANDPIPER,,WDG2173,31,0,23,,,57,A
367512920,2022-01-01T08:31:36,29.56532,-90.72395,0.0,337.5,63.0,SANDPIPER,,WDG2173,31,0,23,,,57,A
367512920,2022-01-01T08:36:36,29.56537,-90.72397,0.0,94.7,66.0,SANDPIPER,,WDG2173,31,0,23,,,57,A
367512920,2022-01-01T08:37:46,29.56536,-90.72396,0.0,187.2,65.0,SANDPIPER,,WDG2173,31,0,23,,,57,A
367512920,2022-01-01T08:10:16,29.56506,-90.72399,0.1,167.0,58.0,SANDPIPER,,WDG2173,31,0,23,,,57,A
367512920,2022-01-01T08:38:56,29.56536,-90.72395,0.0,183.6,65.0,SANDPIPER,,WDG2173,31,0,23,,,57,A
367512920,2022-01-01T03:58:07,29.56336,-90.74169,5.2,71.2,71.0,SANDPIPER,,WDG2173,31,0,23,,,57,A
367512920,2022-01-01T08:11:26,29.56505,-90.72398,0.1,149.7,57.0,SANDPIPER,,WDG2173,31,0,23,,,57,A
367512920,2022-01-01T08:40:05,29.56535,-90.72395,0.0,121.3,64.0,SANDPIPER,,WDG2173,31,0,23,,,57,A
367512920,2022-01-01T08:42:27,29.56534,-90.72395,0.0,159.8,65.0,SANDPIPER,,WDG2173,31,0,23,,,57,A
367512920,2022-01-01T09:10:06,29.56529,-90.72392,0.0,163.9,61.0,SANDPIPER,,WDG2173,31,0,23,,,57,A
367512920,2022-01-01T09:12:56,29.56529,-90.72392,0.0,259.5,61.0,SANDPIPER,,WDG2173,31,0,23,,,57,A
367512920,2022-01-01T08:34:17,29.56536,-90.72397,0.1,331.2,65.0,SANDPIPER,,WDG2173,31,0,23,,,57,A
367512920,2022-01-01T08:49:26,29.56532,-90.72393,0.0,321.7,63.0,SANDPIPER,,WDG2173,31,0,23,,,57,A
367512920,2022-01-01T08:43:36,29.56533,-90.72395,0.0,220.3,64.0,SANDPIPER,,WDG2173,31,0,23,,,57,A
367512920,2022-01-01T08:44:47,29.56534,-90.72394,0.0,359.4,64.0,SANDPIPER,,WDG2173,31,0,23,,,57,A
367512920,2022-01-01T09:16:36,29.56529,-90.72392,0.0,278.9,61.0,SANDPIPER,,WDG2173,31,0,23,,,57,A
367512920,2022-01-01T08:54:26,29.56531,-90.72392,0.0,161.2,63.0,SANDPIPER,,WDG2173,31,0,23,,,57,A
367512920,2022-01-01T08:41:15,29.56534,-90.72395,0.0,274.8,65.0,SANDPIPER,,WDG2173,31,0,23,,,57,A
367512920,2022-01-01T08:55:36,29.56531,-90.72393,0.0,245.2,63.0,SANDPIPER,,WDG2173,31,0,23,,,57,A
367512920,2022-01-01T08:53:17,29.56532,-90.72394,0.0,258.1,64.0,SANDPIPER,,WDG2173,31,0,23,,,57,A
367512920,2022-01-01T08:26:55,29.56527,-90.72394,0.0,344.2,61.0,SANDPIPER,,WDG2173,31,0,23,,,57,A
367512920,2022-01-01T08:27:56,29.56528,-90.72395,0.0,319.1,62.0,SANDPIPER,,WDG2173,31,0,23,,,57,A
367512920,2022-01-01T08:51:46,29.56533,-90.72393,0.0,165.1,64.0,SANDPIPER,,WDG2173,31,0,23,,,57,A
367512920,2022-01-01T08:59:06,29.56532,-90.72393,0.0,312.9,63.0,SANDPIPER,,WDG2173,31,0,23,,,57,A
367512920,2022-01-01T08:57:57,29.56531,-90.72393,0.0,289.7,63.0,SANDPIPER,,WDG2173,31,0,23,,,57,A
367512920,2022-01-01T09:01:57,29.56532,-90.72393,0.0,198.2,64.0,SANDPIPER,,WDG2173,31,0,23,,,57,A
367512920,2022-01-01T04:08:29,29.56504,-90.72516,4.6,87.1,59.0,SANDPIPER,,WDG2173,31,0,23,,,57,A
367512920,2022-01-01T08:50:36,29.56533,-90.72393,0.0,348.4,64.0,SANDPIPER,,WDG2173,31,0,23,,,57,A
367512920,2022-01-01T08:56:46,29.56531,-90.72392,0.0,234.5,63.0,SANDPIPER,,WDG2173,31,0,23,,,57,A
367512920,2022-01-01T09:06:37,29.56531,-90.72392,0.0,168.1,63.0,SANDPIPER,,WDG2173,31,0,23,,,57,A
367512920,2022-01-01T09:05:26,29.56531,-90.72393,0.0,189.7,63.0,SANDPIPER,,WDG2173,31,0,23,,,57,A
367512920,2022-01-01T09:07:47,29.56530,-90.72392,0.0,261.8,62.0,SANDPIPER,,WDG2173,31,0,23,,,57,A
367512920,2022-01-01T09:15:17,29.56529,-90.72391,0.0,293.6,62.0,SANDPIPER,,WDG2173,31,0,23,,,57,A
367512920,2022-01-01T09:20:07,29.56530,-90.72392,0.0,55.8,62.0,SANDPIPER,,WDG2173,31,0,23,,,57,A
367512920,2022-01-01T09:46:36,29.56523,-90.72387,0.0,203.5,60.0,SANDPIPER,,WDG2173,31,0,23,,,57,A
367512920,2022-01-01T09:08:56,29.56530,-90.72392,0.0,234.2,61.0,SANDPIPER,,WDG2173,31,0,23,,,57,A
367512920,2022-01-01T09:21:16,29.56529,-90.72392,0.0,272.7,61.0,SANDPIPER,,WDG2173,31,0,23,,,57,A
367512920,2022-01-01T09:11:26,29.56529,-90.72391,0.0,184.3,60.0,SANDPIPER,,WDG2173,31,0,23,,,57,A
367512920,2022-01-01T09:23:26,29.56529,-90.72393,0.0,258.7,61.0,SANDPIPER,,WDG2173,31,0,23,,,57,A
367512920,2022-01-01T09:26:56,29.56527,-90.72391,0.0,174.1,60.0,SANDPIPER,,WDG2173,31,0,23,,,57,A
367512920,2022-01-01T09:28:06,29.56527,-90.72391,0.0,352.3,60.0,SANDPIPER,,WDG2173,31,0,23,,,57,A
367512920,2022-01-01T09:24:36,29.56529,-90.72392,0.0,140.4,61.0,SANDPIPER,,WDG2173,31,0,23,,,57,A
367512920,2022-01-01T09:56:36,29.56523,-90.72386,0.0,191.2,59.0,SANDPIPER,,WDG2173,31,0,23,,,57,A
367512920,2022-01-01T09:17:46,29.56528,-90.72392,0.0,264.8,61.0,SANDPIPER,,WDG2173,31,0,23,,,57,A
367512920,2022-01-01T09:25:47,29.56527,-90.72391,0.0,172.2,61.0,SANDPIPER,,WDG2173,31,0,23,,,57,A
367512920,2022-01-01T04:23:47,29.56512,-90.72413,0.2,191.0,61.0,SANDPIPER,,WDG2173,31,0,23,,,57,A
367512920,2022-01-01T09:39:17,29.56525,-90.72389,0.0,184.0,59.0,SANDPIPER,,WDG2173,31,0,23,,,57,A
367512920,2022-01-01T09:36:56,29.56524,-90.72388,0.0,184.7,59.0,SANDPIPER,,WDG2173,31,0,23,,,57,A
367512920,2022-01-01T09:14:07,29.56530,-90.72392,0.0,281.4,61.0,SANDPIPER,,WDG2173,31,0,23,,,57,A
367512920,2022-01-01T10:09:56,29.56515,-90.72382,0.0,139.5,57.0,SANDPIPER,,WDG2173,31,0,23,,,57,A
367512920,2022-01-01T09:40:25,29.56525,-90.72389,0.0,163.6,60.0,SANDPIPER,,WDG2173,31,0,23,,,57,A
367512920,2022-01-01T09:38:06,29.56524,-90.72388,0.0,265.9,59.0,SANDPIPER,,WDG2173,31,0,23,,,57,A
367512920,2022-01-01T09:34:26,29.56527,-90.72389,0.0,181.2,61.0,SANDPIPER,,WDG2173,31,0,23,,,57,A
367512920,2022-01-01T09:48:17,29.56523,-90.72387,0.0,291.0,58.0,SANDPIPER,,WDG2173,31,0,23,,,57,A
367512920,2022-01-01T09:35:36,29.56526,-90.72389,0.0,171.1,60.0,SANDPIPER,,WDG2173,31,0,23,,,57,A
367512920,2022-01-01T09:53:06,29.56523,-90.72388,0.0,230.2,60.0,SANDPIPER,,WDG2173,31,0,23,,,57,A
367512920,2022-01-01T09:55:26,29.56522,-90.72387,0.0,167.1,60.0,SANDPIPER,,WDG2173,31,0,23,,,57,A
367512920,2022-01-01T09:54:15,29.56522,-90.72386,0.0,189.4,60.0,SANDPIPER,,WDG2173,31,0,23,,,57,A
367512920,2022-01-01T09:29:16,29.56526,-90.72391,0.0,266.7,60.0,SANDPIPER,,WDG2173,31,0,23,,,57,A
367512920,2022-01-01T09:44:07,29.56524,-90.72387,0.0,229.9,60.0,SANDPIPER,,WDG2173,31,0,23,,,57,A
367512920,2022-01-01T09:30:26,29.56526,-90.72391,0.0,324.3,61.0,SANDPIPER,,WDG2173,31,0,23,,,57,A
367512920,2022-01-01T09:45:17,29.56524,-90.72389,0.0,203.9,60.0,SANDPIPER,,WDG2173,31,0,23,,,57,A
367512920,2022-01-01T10:05:17,29.56521,-90.72386,0.1,165.4,58.0,SANDPIPER,,WDG2173,31,0,23,,,57,A
367512920,2022-01-01T10:04:07,29.56522,-90.72386,0.0,181.4,58.0,SANDPIPER,,WDG2173,31,0,23,,,57,A
367512920,2022-01-01T09:57:37,29.56523,-90.72388,0.0,172.0,59.0,SANDPIPER,,WDG2173,31,0,23,,,57,A
367512920,2022-01-01T10:07:36,29.56517,-90.72384,0.0,147.7,57.0,SANDPIPER,,WDG2173,31,0,23,,,57,A
367512920,2022-01-01T10:11:06,29.56514,-90.72382,0.0,170.9,56.0,SANDPIPER,,WDG2173,31,0,23,,,57,A
367512920,2022-01-01T10:42:37,29.56519,-90.72385,0.0,326.5,56.0,SANDPIPER,,WDG2173,31,0,23,,,57,A
367512920,2022-01-01T09:58:55,29.56523,-90.72387,0.0,259.1,59.0,SANDPIPER,,WDG2173,31,0,23,,,57,A
367512920,2022-01-01T10:06:27,29.56520,-90.72385,0.1,151.7,57.0,SANDPIPER,,WDG2173,31,0,23,,,57,A
367512920,2022-01-01T09:50:36,29.56523,-90.72388,0.0,248.5,60.0,SANDPIPER,,WDG2173,31,0,23,,,57,A
367512920,2022-01-01T10:46:17,29.56515,-90.72382,0.0,23.2,56.0,SANDPIPER,,WDG2173,31,0,23,,,57,A
367512920,2022-01-01T10:49:46,29.56513,-90.72381,0.0,150.3,58.0,SANDPIPER,,WDG2173,31,0,23,,,57,A
367512920,2022-01-01T10:20:16,29.56513,-90.72381,0.1,318.2,55.0,SANDPIPER,,WDG2173,31,0,23,,,57,A
367512920,2022-01-01T10:19:07,29.56512,-90.72380,0.1,318.5,55.0,SANDPIPER,,WDG2173,31,0,23,,,57,A
367512920,2022-01-01T10:54:36,29.56508,-90.72377,0.0,165.0,54.0,SANDPIPER,,WDG2173,31,0,23,,,57,A
367512920,2022-01-01T10:23:56,29.56518,-90.72385,0.1,315.1,57.0,SANDPIPER,,WDG2173,31,0,23,,,57,A
367512920,2022-01-01T10:26:17,29.56521,-90.72386,0.1,315.3,58.0,SANDPIPER,,WDG2173,31,0,23,,,57,A
367512920,2022-01-01T10:55:47,29.56507,-90.72378,0.0,182.8,54.0,SANDPIPER,,WDG2173,31,0,23,,,57,A
367512920,2022-01-01T10:27:25,29.56522,-90.72388,0.0,314.4,58.0,SANDPIPER,,WDG2173,31,0,23,,,57,A
367512920,2022-01-01T10:28:26,29.56522,-90.72387,0.0,208.7,57.0,SANDPIPER,,WDG2173,31,0,23,,,57,A
367512920,2022-01-01T10:30:46,29.56522,-90.72388,0.0,260.2,57.0,SANDPIPER,,WDG2173,31,0,23,,,57,A
367512920,2022-01-01T10:13:26,29.56511,-90.72380,0.0,166.1,55.0,SANDPIPER,,WDG2173,31,0,23,,,57,A
367512920,2022-01-01T10:29:36,29.56521,-90.72387,0.0,343.4,57.0,SANDPIPER,,WDG2173,31,0,23,,,57,A
367512920,2022-01-01T10:15:37,29.56511,-90.72380,0.0,325.6,54.0,SANDPIPER,,WDG2173,31,0,23,,,57,A
367512920,2022-01-01T10:31:56,29.56521,-90.72387,0.0,231.0,57.0,SANDPIPER,,WDG2173,31,0,23,,,57,A
367512920,2022-01-01T10:08:46,29.56518,-90.72383,0.0,163.2,57.0,SANDPIPER,,WDG2173,31,0,23,,,57,A
367512920,2022-01-01T11:03:46,29.56510,-90.72379,0.2,318.8,55.0,SANDPIPER,,WDG2173,31,0,23,,,57,A
367512920,2022-01-01T11:07:17,29.56524,-90.72388,0.2,323.9,60.0,SANDPIPER,,WDG2173,31,0,23,,,57,A
367512920,2022-01-01T10:39:07,29.56519,-90.72384,0.0,206.9,57.0,SANDPIPER,,WDG2173,31,0,23,,,57,A
367512920,2022-01-01T11:09:26,29.56535,-90.72394,0.2,328.9,64.0,SANDPIPER,,WDG2173,31,0,23,,,57,A
367512920,2022-01-01T10:36:46,29.56522,-90.72387,0.0,185.3,58.0,SANDPIPER,,WDG2173,31,0,23,,,57,A
367512920,2022-01-01T10:45:06,29.56518,-90.72384,0.0,174.7,59.0,SANDPIPER,,WDG2173,31,0,23,,,57,A
367512920,2022-01-01T10:52:17,29.56510,-90.72379,0.0,126.5,55.0,SANDPIPER,,WDG2173,31,0,23,,,57,A
367512920,2022-01-01T10:25:07,29.56520,-90.72386,0.1,324.9,58.0,SANDPIPER,,WDG2173,31,0,23,,,57,A
367512920,2022-01-01T11:23:37,29.56523,-90.72387,0.1,319.1,58.0,SANDPIPER,,WDG2173,31,0,23,,,57,A
367512920,2022-01-01T10:50:56,29.56513,-90.72381,0.0,152.4,56.0,SANDPIPER,,WDG2173,31,0,23,,,57,A
367512920,2022-01-01T11:29:55,29.56535,-90.72395,0.0,223.9,65.0,SANDPIPER,,WDG2173,31,0,23,,,57,A
367512920,2022-01-01T10:34:16,29.56523,-90.72388,0.0,205.4,58.0,SANDPIPER,,WDG2173,31,0,23,,,57,A
367512920,2022-01-01T10:35:37,29.56523,-90.72387,0.0,232.8,58.0,SANDPIPER,,WDG2173,31,0,23,,,57,A
367512920,2022-01-01T10:48:37,29.56513,-90.72382,0.0,166.3,56.0,SANDPIPER,,WDG2173,31,0,23,,,57,A
367512920,2022-01-01T11:02:37,29.56507,-90.72377,0.1,312.4,53.0,SANDPIPER,,WDG2173,31,0,23,,,57,A
367512920,2022-01-01T10:40:17,29.56519,-90.72385,0.0,191.1,56.0,SANDPIPER,,WDG2173,31,0,23,,,57,A
367512920,2022-01-01T10:41:26,29.56519,-90.72385,0.0,158.0,57.0,SANDPIPER,,WDG2173,31,0,23,,,57,A
367512920,2022-01-01T11:11:47,29.56542,-90.72398,0.1,324.8,66.0,SANDPIPER,,WDG2173,31,0,23,,,57,A
367512920,2022-01-01T11:13:17,29.56543,-90.72399,0.0,218.8,67.0,SANDPIPER,,WDG2173,31,0,23,,,57,A
367512920,2022-01-01T11:08:25,29.56529,-90.72392,0.2,328.8,62.0,SANDPIPER,,WDG2173,31,0,23,,,57,A
367512920,2022-01-01T11:15:36,29.56538,-90.72396,0.1,171.5,66.0,SANDPIPER,,WDG2173,31,0,23,,,57,A
367512920,2022-01-01T11:45:07,29.56539,-90.72396,0.0,185.4,65.0,SANDPIPER,,WDG2173,31,0,23,,,57,A
367512920,2022-01-01T11:16:45,29.56533,-90.72394,0.2,157.7,63.0,SANDPIPER,,WDG2173,31,0,23,,,57,A
367512920,2022-01-01T11:04:56,29.56514,-90.72383,0.2,324.8,58.0,SANDPIPER,,WDG2173,31,0,23,,,57,A
367512920,2022-01-01T11:17:56,29.56528,-90.72392,0.2,157.3,61.0,SANDPIPER,,WDG2173,31,0,23,,,57,A
367512920,2022-01-01T10:47:27,29.56515,-90.72382,0.0,175.7,56.0,SANDPIPER,,WDG2173,31,0,23,,,57,A
367512920,2022-01-01T11:21:17,29.56519,-90.72387,0.0,254.6,58.0,SANDPIPER,,WDG2173,31,0,23,,,57,A
367512920,2022-01-01T11:18:57,29.56524,-90.72390,0.2,158.0,60.0,SANDPIPER,,WDG2173,31,0,23,,,57,A
367512920,2022-01-01T11:20:06,29.56520,-90.72386,0.1,158.1,58.0,SANDPIPER,,WDG2173,31,0,23,,,57,A
367512920,2022-01-01T10:53:25,29.56508,-90.72377,0.0,135.8,55.0,SANDPIPER,,WDG2173,31,0,23,,,57,A
367512920,2022-01-01T10:56:56,29.56506,-90.72377,0.0,223.2,54.0,SANDPIPER,,WDG2173,31,0,23,,,57,A
367512920,2022-01-01T11:14:26,29.56541,-90.72397,0.1,174.2,67.0,SANDPIPER,,WDG2173,31,0,23,,,57,A
367512920,2022-01-01T11:25:07,29.56527,-90.72390,0.1,324.3,60.0,SANDPIPER,,WDG2173,31,0,23,,,57,A
367512920,2022-01-01T11:22:26,29.56520,-90.72387,0.1,313.6,58.0,SANDPIPER,,WDG2173,31,0,23,,,57,A
367512920,2022-01-01T11:34:37,29.56525,-90.72391,0.0,274.3,60.0,SANDPIPER,,WDG2173,31,0,23,,,57,A
367512920,2022-01-01T11:26:16,29.56531,-90.72393,0.2,321.2,62.0,SANDPIPER,,WDG2173,31,0,23,,,57,A
367512920,2022-01-01T11:06:06,29.56519,-90.72386,0.2,327.7,59.0,SANDPIPER,,WDG2173,31,0,23,,,57,A
367512920,2022-01-01T11:32:16,29.56530,-90.72392,0.1,158.8,63.0,SANDPIPER,,WDG2173,31,0,23,,,57,A
367512920,2022-01-01T11:41:46,29.56542,-90.72396,0.0,325.0,67.0,SANDPIPER,,WDG2173,31,0,23,,,57,A
367512920,2022-01-01T11:47:26,29.56537,-90.72394,0.0,181.2,64.0,SANDPIPER,,WDG2173,31,0,23,,,57,A
367512920,2022-01-01T11:42:55,29.56541,-90.72398,0.0,311.8,66.0,SANDPIPER,,WDG2173,31,0,23,,,57,A
367512920,2022-01-01T11:10:36,29.56539,-90.72397,0.1,329.3,64.0,SANDPIPER,,WDG2173,31,0,23,,,57,A
367512920,2022-01-01T11:31:05,29.56533,-90.72394,0.1,174.4,64.0,SANDPIPER,,WDG2173,31,0,23,,,57,A
367512920,2022-01-01T12:16:27,29.56546,-90.72399,0.0,295.0,69.0,SANDPIPER,,WDG2173,31,0,23,,,57,A
367512920,2022-01-01T11:48:36,29.56536,-90.72395,0.0,179.4,64.0,SANDPIPER,,WDG2173,31,0,23,,,57,A
367512920,2022-01-01T11:35:46,29.56526,-90.72391,0.1,307.2,61.0,SANDPIPER,,WDG2173,31,0,23,,,57,A
367512920,2022-01-01T11:44:05,29.56540,-90.72397,0.0,198.9,66.0,SANDPIPER,,WDG2173,31,0,23,,,57,A
367512920,2022-01-01T11:36:56,29.56529,-90.72392,0.1,324.8,62.0,SANDPIPER,,WDG2173,31,0,23,,,57,A
367512920,2022-01-01T11:46:15,29.56539,-90.72396,0.0,138.9,65.0,SANDPIPER,,WDG2173,31,0,23,,,57,A
367512920,2022-01-01T11:50:55,29.56534,-90.72393,0.0,20.8,63.0,SANDPIPER,,WDG2173,31,0,23,,,57,A
367512920,2022-01-01T11:54:56,29.56534,-90.72394,0.0,199.9,63.0,SANDPIPER,,WDG2173,31,0,23,,,57,A
367512920,2022-01-01T12:05:45,29.56536,-90.72394,0.1,334.9,64.0,SANDPIPER,,WDG2173,31,0,23,,,57,A
367512920,2022-01-01T11:27:26,29.56534,-90.72394,0.1,320.9,64.0,SANDPIPER,,WDG2173,31,0,23,,,57,A
367512920,2022-01-01T05:19:06,29.56529,-90.72415,0.1,337.8,68.0,SANDPIPER,,WDG2173,31,0,23,,,57,A
367512920,2022-01-01T11:52:36,29.56534,-90.72395,0.0,300.5,64.0,SANDPIPER,,WDG2173,31,0,23,,,57,A
367512920,2022-01-01T11:53:47,29.56534,-90.72394,0.0,283.3,63.0,SANDPIPER,,WDG2173,31,0,23,,,57,A
367512920,2022-01-01T12:11:45,29.56540,-90.72397,0.0,332.9,67.0,SANDPIPER,,WDG2173,31,0,23,,,57,A
367512920,2022-01-01T11:57:16,29.56532,-90.72393,0.0,208.1,63.0,SANDPIPER,,WDG2173,31,0,23,,,57,A
367512920,2022-01-01T11:59:36,29.56532,-90.72392,0.0,192.6,61.0,SANDPIPER,,WDG2173,31,0,23,,,57,A
367512920,2022-01-01T11:58:25,29.56531,-90.72391,0.0,211.5,62.0,SANDPIPER,,WDG2173,31,0,23,,,57,A
367512920,2022-01-01T05:22:36,29.56533,-90.72416,0.0,302.6,68.0,SANDPIPER,,WDG2173,31,0,23,,,57,A
367512920,2022-01-01T12:42:07,29.56546,-90.72399,0.0,294.2,69.0,SANDPIPER,,WDG2173,31,0,23,,,57,A
367512920,2022-01-01T11:38:05,29.56533,-90.72394,0.1,327.6,64.0,SANDPIPER,,WDG2173,31,0,23,,,57,A
367512920,2022-01-01T12:08:15,29.56536,-90.72395,0.0,341.4,64.0,SANDPIPER,,WDG2173,31,0,23,,,57,A
367512920,2022-01-01T12:18:46,29.56548,-90.72399,0.0,344.0,70.0,SANDPIPER,,WDG2173,31,0,23,,,57,A
367512920,2022-01-01T12:19:56,29.56548,-90.72399,0.0,339.3,70.0,SANDPIPER,,WDG2173,31,0,23,,,57,A
367512920,2022-01-01T12:49:06,29.56557,-90.72403,0.1,318.6,74.0,SANDPIPER,,WDG2173,31,0,23,,,57,A
367512920,2022-01-01T12:23:46,29.56550,-90.72401,0.0,226.5,71.0,SANDPIPER,,WDG2173,31,0,23,,,57,A
367512920,2022-01-01T12:01:07,29.56532,-90.72392,0.0,303.1,62.0,SANDPIPER,,WDG2173,31,0,23,,,57,A
367512920,2022-01-01T12:10:36,29.56539,-90.72396,0.1,337.9,66.0,SANDPIPER,,WDG2173,31,0,23,,,57,A
367512920,2022-01-01T12:02:16,29.56532,-90.72392,0.0,326.0,62.0,SANDPIPER,,WDG2173,31,0,23,,,57,A
367512920,2022-01-01T12:12:57,29.56542,-90.72398,0.1,330.0,67.0,SANDPIPER,,WDG2173,31,0,23,,,57,A
367512920,2022-01-01T12:03:26,29.56533,-90.72393,0.1,323.6,63.0,SANDPIPER,,WDG2173,31,0,23,,,57,A
367512920,2022-01-01T12:04:35,29.56534,-90.72394,0.1,327.3,63.0,SANDPIPER,,WDG2173,31,0,23,,,57,A
367512920,2022-01-01T12:29:55,29.56553,-90.72402,0.0,291.9,72.0,SANDPIPER,,WDG2173,31,0,23,,,57,A
367512920,2022-01-01T12:56:06,29.56556,-90.72404,0.0,228.5,73.0,SANDPIPER,,WDG2173,31,0,23,,,57,A
367512920,2022-01-01T12:31:16,29.56553,-90.72401,0.0,229.0,73.0,SANDPIPER,,WDG2173,31,0,23,,,57,A
367512920,2022-01-01T12:06:46,29.56536,-90.72395,0.1,335.4,64.0,SANDPIPER,,WDG2173,31,0,23,,,57,A
367512920,2022-01-01T11:49:47,29.56535,-90.72394,0.0,169.7,63.0,SANDPIPER,,WDG2173,31,0,23,,,57,A
367512920,2022-01-01T13:01:06,29.56537,-90.72393,0.1,168.3,61.0,SANDPIPER,,WDG2173,31,0,23,,,57,A
367512920,2022-01-01T12:37:36,29.56548,-90.72400,0.0,191.2,71.0,SANDPIPER,,WDG2173,31,0,23,,,57,A
367512920,2022-01-01T12:15:15,29.56545,-90.72398,0.1,308.1,68.0,SANDPIPER,,WDG2173,31,0,23,,,57,A
367512920,2022-01-01T13:06:56,29.56535,-90.72388,0.1,343.7,50.0,SANDPIPER,,WDG2173,31,0,23,,,57,A
367512920,2022-01-01T12:17:35,29.56546,-90.72398,0.0,312.7,69.0,SANDPIPER,,WDG2173,31,0,23,,,57,A
367512920,2022-01-01T13:09:46,29.56547,-90.72390,0.2,189.2,50.0,SANDPIPER,,WDG2173,31,0,23,,,57,A
367512920,2022-01-01T12:26:06,29.56552,-90.72401,0.0,286.8,72.0,SANDPIPER,,WDG2173,31,0,23,,,57,A
367512920,2022-01-01T13:10:55,29.56525,-90.72415,1.5,240.3,47.0,SANDPIPER,,WDG2173,31,0,23,,,57,A
367512920,2022-01-01T12:28:46,29.56552,-90.72402,0.0,316.1,72.0,SANDPIPER,,WDG2173,31,0,23,,,57,A
367512920,2022-01-01T12:21:16,29.56550,-90.72400,0.0,303.1,70.0,SANDPIPER,,WDG2173,31,0,23,,,57,A
367512920,2022-01-01T12:24:56,29.56551,-90.72401,0.0,304.5,72.0,SANDPIPER,,WDG2173,31,0,23,,,57,A
367512920,2022-01-01T05:37:47,29.56526,-90.72413,0.0,164.9,65.0,SANDPIPER,,WDG2173,31,0,23,,,57,A
367512920,2022-01-01T13:15:55,29.56477,-90.72576,0.6,260.7,66.0,SANDPIPER,,WDG2173,31,0,23,,,57,A
367512920,2022-01-01T13:17:06,29.56471,-90.72595,0.7,248.6,70.0,SANDPIPER,,WDG2173,31,0,23,,,57,A
367512920,2022-01-01T12:32:26,29.56554,-90.72402,0.0,261.8,72.0,SANDPIPER,,WDG2173,31,0,23,,,57,A
367512920,2022-01-01T12:27:35,29.56552,-90.72402,0.0,316.7,71.0,SANDPIPER,,WDG2173,31,0,23,,,57,A
367512920,2022-01-01T12:40:55,29.56545,-90.72399,0.0,237.3,69.0,SANDPIPER,,WDG2173,31,0,23,,,57,A
367512920,2022-01-01T12:33:36,29.56553,-90.72401,0.0,236.4,71.0,SANDPIPER,,WDG2173,31,0,23,,,57,A
367512920,2022-01-01T05:42:27,29.56525,-90.72412,0.0,316.4,64.0,SANDPIPER,,WDG2173,31,0,23,,,57,A
367512920,2022-01-01T12:39:47,29.56546,-90.72399,0.0,184.3,69.0,SANDPIPER,,WDG2173,31,0,23,,,57,A
367512920,2022-01-01T12:14:05,29.56544,-90.72398,0.1,299.4,68.0,SANDPIPER,,WDG2173,31,0,23,,,57,A
367512920,2022-01-01T12:38:37,29.56547,-90.72400,0.0,208.3,70.0,SANDPIPER,,WDG2173,31,0,23,,,57,A
367512920,2022-01-01T13:29:35,29.56469,-90.72737,1.3,258.8,77.0,SANDPIPER,,WDG2173,31,0,23,,,57,A
367512920,2022-01-01T13:33:17,29.56462,-90.72834,0.4,283.0,76.0,SANDPIPER,,WDG2173,31,0,23,,,57,A
367512920,2022-01-01T12:45:37,29.56549,-90.72402,0.1,338.1,71.0,SANDPIPER,,WDG2173,31,0,23,,,57,A
367512920,2022-01-01T12:46:45,29.56551,-90.72403,0.1,333.1,72.0,SANDPIPER,,WDG2173,31,0,23,,,57,A
367512920,2022-01-01T12:47:55,29.56555,-90.72404,0.1,334.5,73.0,SANDPIPER,,WDG2173,31,0,23,,,57,A
367512920,2022-01-01T05:49:37,29.56522,-90.72411,0.0,135.5,63.0,SANDPIPER,,WDG2173,31,0,23,,,57,A
367512920,2022-01-01T12:50:15,29.56559,-90.72404,0.1,340.8,74.0,SANDPIPER,,WDG2173,31,0,23,,,57,A
367512920,2022-01-01T13:42:45,29.56473,-90.72889,0.0,7.1,83.0,SANDPIPER,,WDG2173,31,0,23,,,57,A
367512920,2022-01-01T12:51:26,29.56560,-90.72406,0.1,335.1,74.0,SANDPIPER,,WDG2173,31,0,23,,,57,A
367512920,2022-01-01T12:53:46,29.56559,-90.72404,0.0,189.7,73.0,SANDPIPER,,WDG2173,31,0,23,,,57,A
367512920,2022-01-01T12:59:46,29.56543,-90.72395,0.2,155.4,65.0,SANDPIPER,,WDG2173,31,0,23,,,57,A
367512920,2022-01-01T12:54:56,29.56557,-90.72404,0.0,211.1,72.0,SANDPIPER,,WDG2173,31,0,23,,,57,A
367512920,2022-01-01T13:49:47,29.56482,-90.72902,0.0,11.0,88.0,SANDPIPER,,WDG2173,31,0,23,,,57,A
367512920,2022-01-01T13:03:06,29.56530,-90.72390,0.1,148.3,54.0,SANDPIPER,,WDG2173,31,0,23,,,57,A
367512920,2022-01-01T13:18:07,29.56465,-90.72616,0.6,251.7,71.0,SANDPIPER,,WDG2173,31,0,23,,,57,A
367512920,2022-01-01T12:35:57,29.56550,-90.72400,0.1,160.0,71.0,SANDPIPER,,WDG2173,31,0,23,,,57,A
367512920,2022-01-01T13:04:26,29.56528,-90.72387,0.0,46.8,50.0,SANDPIPER,,WDG2173,31,0,23,,,57,A
367512920,2022-01-01T13:24:57,29.56492,-90.72675,0.0,167.6,93.0,SANDPIPER,,WDG2173,31,0,23,,,57,A
367512920,2022-01-01T13:05:37,29.56530,-90.72387,0.1,333.4,50.0,SANDPIPER,,WDG2173,31,0,23,,,57,A
367512920,2022-01-01T14:02:36,29.56546,-90.72853,0.8,110.4,109.0,SANDPIPER,,WDG2173,31,0,23,,,57,A
367512920,2022-01-01T13:26:06,29.56490,-90.72675,0.0,180.8,91.0,SANDPIPER,,WDG2173,31,0,23,,,57,A
367512920,2022-01-01T13:19:17,29.56465,-90.72636,0.5,294.0,75.0,SANDPIPER,,WDG2173,31,0,23,,,57,A
367512920,2022-01-01T12:43:16,29.56547,-90.72399,0.1,334.7,69.0,SANDPIPER,,WDG2173,31,0,23,,,57,A
367512920,2022-01-01T13:27:15,29.56490,-90.72675,0.1,196.3,90.0,SANDPIPER,,WDG2173,31,0,23,,,57,A
367512920,2022-01-01T12:44:27,29.56548,-90.72399,0.1,335.8,70.0,SANDPIPER,,WDG2173,31,0,23,,,57,A
367512920,2022-01-01T13:22:45,29.56484,-90.72672,0.3,321.5,90.0,SANDPIPER,,WDG2173,31,0,23,,,57,A
367512920,2022-01-01T06:04:55,29.56525,-90.72413,0.0,298.0,64.0,SANDPIPER,,WDG2173,31,0,23,,,57,A
367512920,2022-01-01T13:30:45,29.56463,-90.72779,1.0,268.2,75.0,SANDPIPER,,WDG2173,31,0,23,,,57,A
367512920,2022-01-01T13:14:46,29.56482,-90.72550,0.7,263.9,64.0,SANDPIPER,,WDG2173,31,0,23,,,57,A
367512920,2022-01-01T13:20:26,29.56470,-90.72650,0.4,295.1,81.0,SANDPIPER,,WDG2173,31,0,23,,,57,A
367512920,2022-01-01T12:52:36,29.56560,-90.72405,0.1,203.4,74.0,SANDPIPER,,WDG2173,31,0,23,,,57,A
367512920,2022-01-01T13:39:16,29.56464,-90.72892,0.2,338.4,79.0,SANDPIPER,,WDG2173,31,0,23,,,57,A
367512920,2022-01-01T12:58:37,29.56550,-90.72402,0.3,144.8,70.0,SANDPIPER,,WDG2173,31,0,23,,,57,A
367512920,2022-01-01T13:23:56,29.56491,-90.72677,0.2,351.6,92.0,SANDPIPER,,WDG2173,31,0,23,,,57,A
367512920,2022-01-01T13:35:46,29.56463,-90.72862,0.4,273.9,78.0,SANDPIPER,,WDG2173,31,0,23,,,57,A
367512920,2022-01-01T13:28:27,29.56479,-90.72692,1.1,239.6,81.0,SANDPIPER,,WDG2173,31,0,23,,,57,A
367512920,2022-01-01T13:41:36,29.56470,-90.72889,0.1,25.1,82.0,SANDPIPER,,WDG2173,31,0,23,,,57,A
367512920,2022-01-01T13:31:46,29.56457,-90.72805,0.8,253.0,73.0,SANDPIPER,,WDG2173,31,0,23,,,57,A
367512920,2022-01-01T13:38:06,29.56463,-90.72886,0.3,246.1,78.0,SANDPIPER,,WDG2173,31,0,23,,,57,A
367512920,2022-01-01T13:45:06,29.56476,-90.72889,0.0,340.0,84.0,SANDPIPER,,WDG2173,31,0,23,,,57,A
367512920,2022-01-01T13:34:26,29.56462,-90.72847,0.3,264.6,76.0,SANDPIPER,,WDG2173,31,0,23,,,57,A
367512920,2022-01-01T13:08:35,29.56544,-90.72390,0.2,341.9,52.0,SANDPIPER,,WDG2173,31,0,23,,,57,A
367512920,2022-01-01T13:46:16,29.56474,-90.72889,0.1,207.2,84.0,SANDPIPER,,WDG2173,31,0,23,,,57,A
367512920,2022-01-01T14:35:25,29.58959,-90.71232,4.6,26.0,20.0,SANDPIPER,,WDG2173,31,0,23,,,57,A
367512920,2022-01-01T13:47:26,29.56475,-90.72893,0.2,300.5,85.0,SANDPIPER,,WDG2173,31,0,23,,,57,A
367512920,2022-01-01T13:40:27,29.56468,-90.72891,0.1,16.6,81.0,SANDPIPER,,WDG2173,31,0,23,,,57,A
367512920,2022-01-01T13:43:46,29.56472,-90.72889,0.0,351.9,83.0,SANDPIPER,,WDG2173,31,0,23,,,57,A
367512920,2022-01-01T13:55:25,29.56499,-90.72898,0.2,28.4,91.0,SANDPIPER,,WDG2173,31,0,23,,,57,A
367512920,2022-01-01T14:48:46,29.60495,-90.70929,4.1,7.7,9.0,SANDPIPER,,WDG2173,31,0,23,,,57,A
367512920,2022-01-01T13:56:36,29.56502,-90.72895,0.2,30.4,92.0,SANDPIPER,,WDG2173,31,0,23,,,57,A
367512920,2022-01-01T13:52:06,29.56488,-90.72902,0.1,347.1,88.0,SANDPIPER,,WDG2173,31,0,23,,,57,A
367512920,2022-01-01T13:58:47,29.56511,-90.72894,0.2,12.4,93.0,SANDPIPER,,WDG2173,31,0,23,,,57,A
367512920,2022-01-01T14:03:39,29.56513,-90.72817,2.0,134.3,89.0,SANDPIPER,,WDG2173,31,0,23,,,57,A
367512920,2022-01-01T14:10:45,29.56520,-90.72443,3.3,84.6,51.0,SANDPIPER,,WDG2173,31,0,23,,,57,A
367512920,2022-01-01T06:17:07,29.56530,-90.72414,0.0,314.3,66.0,SANDPIPER,,WDG2173,31,0,23,,,57,A
367512920,2022-01-01T14:05:56,29.56467,-90.72755,0.5,253.0,64.0,SANDPIPER,,WDG2173,31,0,23,,,57,A
367512920,2022-01-01T14:15:45,29.56912,-90.72033,4.3,37.6,42.0,SANDPIPER,,WDG2173,31,0,23,,,57,A
367512920,2022-01-01T14:13:16,29.56676,-90.72245,4.0,38.0,38.0,SANDPIPER,,WDG2173,31,0,23,,,57,A
367512920,2022-01-01T13:36:56,29.56465,-90.72876,0.3,272.6,80.0,SANDPIPER,,WDG2173,31,0,23,,,57,A
367512920,2022-01-01T06:18:15,29.56529,-90.72414,0.0,246.5,66.0,SANDPIPER,,WDG2173,31,0,23,,,57,A
367512920,2022-01-01T14:17:07,29.57028,-90.71907,4.2,42.8,38.0,SANDPIPER,,WDG2173,31,0,23,,,57,A
367512920,2022-01-01T14:09:25,29.56508,-90.72589,3.2,86.0,71.0,SANDPIPER,,WDG2173,31,0,23,,,57,A
367512920,2022-01-01T14:20:35,29.57320,-90.71715,3.9,347.5,348.0,SANDPIPER,,WDG2173,31,0,23,,,57,A
367512920,2022-01-01T14:14:25,29.56783,-90.72148,4.5,37.2,39.0,SANDPIPER,,WDG2173,31,0,23,,,57,A
367512920,2022-01-01T14:23:06,29.57605,-90.71775,4.3,353.9,357.0,SANDPIPER,,WDG2173,31,0,23,,,57,A
367512920,2022-01-01T14:07:05,29.56490,-90.72756,1.3,21.1,76.0,SANDPIPER,,WDG2173,31,0,23,,,57,A
367512920,2022-01-01T14:24:17,29.57744,-90.71793,4.1,359.2,7.0,SANDPIPER,,WDG2173,31,0,23,,,57,A
367512920,2022-01-01T14:25:26,29.57872,-90.71782,4.0,6.5,15.0,SANDPIPER,,WDG2173,31,0,23,,,57,A
367512920,2022-01-01T15:08:15,29.60964,-90.69019,4.3,130.9,128.0,SANDPIPER,,WDG2173,31,0,23,,,57,A
367512920,2022-01-01T13:48:36,29.56479,-90.72900,0.2,315.8,88.0,SANDPIPER,,WDG2173,31,0,23,,,57,A
367512920,2022-01-01T14:18:25,29.57127,-90.71782,3.9,48.3,19.0,SANDPIPER,,WDG2173,31,0,23,,,57,A
367512920,2022-01-01T13:50:56,29.56484,-90.72901,0.1,3.2,88.0,SANDPIPER,,WDG2173,31,0,23,,,57,A
367512920,2022-01-01T14:19:26,29.57210,-90.71703,3.9,30.4,350.0,SANDPIPER,,WDG2173,31,0,23,,,57,A
367512920,2022-01-01T06:27:36,29.56524,-90.72413,0.0,296.2,66.0,SANDPIPER,,WDG2173,31,0,23,,,57,A
367512920,2022-01-01T13:53:07,29.56490,-90.72902,0.1,16.2,88.0,SANDPIPER,,WDG2173,31,0,23,,,57,A
367512920,2022-01-01T15:14:26,29.60507,-90.68296,4.5,128.0,119.0,SANDPIPER,,WDG2173,31,0,23,,,57,A
367512920,2022-01-01T14:21:56,29.57471,-90.71754,4.2,348.9,353.0,SANDPIPER,,WDG2173,31,0,23,,,57,A
367512920,2022-01-01T14:34:16,29.58831,-90.71304,4.3,26.1,25.0,SANDPIPER,,WDG2173,31,0,23,,,57,A
367512920,2022-01-01T15:16:46,29.60380,-90.68012,4.3,111.6,110.0,SANDPIPER,,WDG2173,31,0,23,,,57,A
367512920,2022-01-01T13:54:17,29.56494,-90.72901,0.1,26.0,89.0,SANDPIPER,,WDG2173,31,0,23,,,57,A
367512920,2022-01-01T14:29:16,29.58281,-90.71610,4.3,24.3,27.0,SANDPIPER,,WDG2173,31,0,23,,,57,A
367512920,2022-01-01T14:40:07,29.59527,-90.71077,4.3,8.2,5.0,SANDPIPER,,WDG2173,31,0,23,,,57,A
367512920,2022-01-01T13:57:46,29.56506,-90.72894,0.1,11.6,93.0,SANDPIPER,,WDG2173,31,0,23,,,57,A
367512920,2022-01-01T14:41:26,29.59686,-90.71062,4.3,2.3,7.0,SANDPIPER,,WDG2173,31,0,23,,,57,A
367512920,2022-01-01T14:31:35,29.58537,-90.71465,4.5,25.5,27.0,SANDPIPER,,WDG2173,31,0,23,,,57,A
367512920,2022-01-01T14:42:37,29.59816,-90.71045,3.9,8.1,6.0,SANDPIPER,,WDG2173,31,0,23,,,57,A
367512920,2022-01-01T06:34:16,29.56525,-90.72414,0.0,281.9,66.0,SANDPIPER,,WDG2173,31,0,23,,,57,A
367512920,2022-01-01T14:04:46,29.56484,-90.72760,1.5,119.1,71.0,SANDPIPER,,WDG2173,31,0,23,,,57,A
367512920,2022-01-01T14:47:37,29.60368,-90.70952,4.0,9.2,8.0,SANDPIPER,,WDG2173,31,0,23,,,57,A
367512920,2022-01-01T14:27:57,29.58140,-90.71686,4.1,26.8,27.0,SANDPIPER,,WDG2173,31,0,23,,,57,A
367512920,2022-01-01T14:08:06,29.56506,-90.72708,2.2,81.0,81.0,SANDPIPER,,WDG2173,31,0,23,,,57,A
367512920,2022-01-01T14:52:16,29.60917,-90.70821,4.3,33.1,40.0,SANDPIPER,,WDG2173,31,0,23,,,57,A
367512920,2022-01-01T14:12:06,29.56584,-90.72334,3.4,24.2,39.0,SANDPIPER,,WDG2173,31,0,23,,,57,A
367512920,2022-01-01T06:37:05,29.56525,-90.72414,0.0,277.6,66.0,SANDPIPER,,WDG2173,31,0,23,,,57,A
367512920,2022-01-01T14:54:37,29.61147,-90.70629,4.2,35.9,53.0,SANDPIPER,,WDG2173,31,0,23,,,57,A
367512920,2022-01-01T15:01:06,29.61379,-90.69835,4.2,86.4,110.0,SANDPIPER,,WDG2173,31,0,23,,,57,A
367512920,2022-01-01T06:39:26,29.56525,-90.72414,0.0,187.4,66.0,SANDPIPER,,WDG2173,31,0,23,,,57,A
367512920,2022-01-01T14:45:16,29.60104,-90.71003,4.0,6.8,8.0,SANDPIPER,,WDG2173,31,0,23,,,57,A
367512920,2022-01-01T15:02:17,29.61343,-90.69700,3.7,119.6,122.0,SANDPIPER,,WDG2173,31,0,23,,,57,A
367512920,2022-01-01T15:07:05,29.61048,-90.69155,4.5,129.7,126.0,SANDPIPER,,WDG2173,31,0,23,,,57,A
367512920,2022-01-01T14:51:05,29.60781,-90.70883,4.8,9.6,27.0,SANDPIPER,,WDG2173,31,0,23,,,57,A
367512920,2022-01-01T06:42:56,29.56523,-90.72414,0.0,200.8,66.0,SANDPIPER,,WDG2173,31,0,23,,,57,A
367512920,2022-01-01T15:44:27,29.59079,-90.64438,5.4,125.4,125.0,SANDPIPER,,WDG2173,31,0,23,,,57,A
367512920,2022-01-01T14:26:56,29.58032,-90.71737,4.0,21.2,26.0,SANDPIPER,,WDG2173,31,0,23,,,57,A
367512920,2022-01-01T15:45:37,29.58977,-90.64271,5.5,126.1,124.0,SANDPIPER,,WDG2173,31,0,23,,,57,A
367512920,2022-01-01T14:53:26,29.61031,-90.70723,4.4,38.1,42.0,SANDPIPER,,WDG2173,31,0,23,,,57,A
367512920,2022-01-01T14:49:56,29.60633,-90.70906,4.4,6.2,15.0,SANDPIPER,,WDG2173,31,0,23,,,57,A
367512920,2022-01-01T15:49:16,29.58671,-90.63719,5.7,121.6,123.0,SANDPIPER,,WDG2173,31,0,23,,,57,A
367512920,2022-01-01T15:15:37,29.60434,-90.68156,4.2,116.2,113.0,SANDPIPER,,WDG2173,31,0,23,,,57,A
367512920,2022-01-01T15:03:26,29.61274,-90.69571,4.2,122.3,122.0,SANDPIPER,,WDG2173,31,0,23,,,57,A
367512920,2022-01-01T15:50:27,29.58570,-90.63542,5.7,122.6,125.0,SANDPIPER,,WDG2173,31,0,23,,,57,A
367512920,2022-01-01T14:56:55,29.61298,-90.70388,4.2,66.9,76.0,SANDPIPER,,WDG2173,31,0,23,,,57,A
367512920,2022-01-01T14:37:46,29.59241,-90.71108,4.5,18.1,5.0,SANDPIPER,,WDG2173,31,0,23,,,57,A
367512920,2022-01-01T14:58:06,29.61341,-90.70237,4.2,78.3,83.0,SANDPIPER,,WDG2173,31,0,23,,,57,A
367512920,2022-01-01T15:17:55,29.60331,-90.67861,4.5,111.0,110.0,SANDPIPER,,WDG2173,31,0,23,,,57,A
367512920,2022-01-01T15:58:37,29.57940,-90.62507,4.2,123.1,124.0,SANDPIPER,,WDG2173,31,0,23,,,57,A
367512920,2022-01-01T14:43:57,29.59958,-90.71025,4.0,6.4,6.0,SANDPIPER,,WDG2173,31,0,23,,,57,A
367512920,2022-01-01T15:24:07,29.60045,-90.67016,4.7,108.7,109.0,SANDPIPER,,WDG2173,31,0,23,,,57,A
367512920,2022-01-01T15:04:37,29.61202,-90.69437,4.1,119.6,121.0,SANDPIPER,,WDG2173,31,0,23,,,57,A
367512920,2022-01-01T14:46:26,29.60236,-90.70976,4.2,11.7,7.0,SANDPIPER,,WDG2173,31,0,23,,,57,A
367512920,2022-01-01T15:13:15,29.60594,-90.68434,4.6,127.2,124.0,SANDPIPER,,WDG2173,31,0,23,,,57,A
367512920,2022-01-01T15:26:26,29.59953,-90.66700,4.3,103.4,104.0,SANDPIPER,,WDG2173,31,0,23,,,57,A
367512920,2022-01-01T15:27:27,29.59924,-90.66569,4.1,99.4,102.0,SANDPIPER,,WDG2173,31,0,23,,,57,A
367512920,2022-01-01T15:28:46,29.59893,-90.66409,3.9,103.3,103.0,SANDPIPER,,WDG2173,31,0,23,,,57,A
367512920,2022-01-01T15:10:37,29.60789,-90.68743,4.6,122.4,124.0,SANDPIPER,,WDG2173,31,0,23,,,57,A
367512920,2022-01-01T15:20:15,29.60228,-90.67548,4.5,112.9,112.0,SANDPIPER,,WDG2173,31,0,23,,,57,A
367512920,2022-01-01T15:36:55,29.59634,-90.65394,4.2,121.7,125.0,SANDPIPER,,WDG2173,31,0,23,,,57,A
367512920,2022-01-01T15:11:46,29.60710,-90.68604,4.5,128.1,128.0,SANDPIPER,,WDG2173,31,0,23,,,57,A
367512920,2022-01-01T16:11:36,29.57606,-90.60737,4.7,85.7,86.0,SANDPIPER,,WDG2173,31,0,23,,,57,A
367512920,2022-01-01T15:21:26,29.60174,-90.67387,4.6,112.6,112.0,SANDPIPER,,WDG2173,31,0,23,,,57,A
367512920,2022-01-01T14:55:47,29.61236,-90.70518,4.0,56.3,67.0,SANDPIPER,,WDG2173,31,0,23,,,57,A
367512920,2022-01-01T16:16:25,29.57672,-90.60045,4.8,81.5,84.0,SANDPIPER,,WDG2173,31,0,23,,,57,A
367512920,2022-01-01T06:53:16,29.56521,-90.72412,0.0,325.9,64.0,SANDPIPER,,WDG2173,31,0,23,,,57,A
367512920,2022-01-01T14:59:26,29.61365,-90.70060,4.2,80.9,92.0,SANDPIPER,,WDG2173,31,0,23,,,57,A
367512920,2022-01-01T15:46:47,29.58879,-90.64099,5.6,120.3,123.0,SANDPIPER,,WDG2173,31,0,23,,,57,A
367512920,2022-01-01T15:32:16,29.59806,-90.65980,4.0,104.6,105.0,SANDPIPER,,WDG2173,31,0,23,,,57,A
367512920,2022-01-01T15:33:17,29.59776,-90.65849,4.2,104.8,107.0,SANDPIPER,,WDG2173,31,0,23,,,57,A
367512920,2022-01-01T15:05:57,29.61126,-90.69283,4.2,120.3,125.0,SANDPIPER,,WDG2173,31,0,23,,,57,A
367512920,2022-01-01T15:35:45,29.59696,-90.65532,4.2,109.4,121.0,SANDPIPER,,WDG2173,31,0,23,,,57,A
367512920,2022-01-01T15:29:56,29.59865,-90.66267,3.9,104.6,104.0,SANDPIPER,,WDG2173,31,0,23,,,57,A
367512920,2022-01-01T15:31:06,29.59834,-90.66124,4.0,104.2,105.0,SANDPIPER,,WDG2173,31,0,23,,,57,A
367512920,2022-01-01T15:42:07,29.59269,-90.64765,5.0,122.6,124.0,SANDPIPER,,WDG2173,31,0,23,,,57,A
367512920,2022-01-01T06:56:55,29.56525,-90.72412,0.1,331.8,64.0,SANDPIPER,,WDG2173,31,0,23,,,57,A
367512920,2022-01-01T16:33:07,29.57384,-90.57995,1.2,109.7,119.0,SANDPIPER,,WDG2173,31,0,23,,,57,A
367512920,2022-01-01T15:43:16,29.59177,-90.64606,5.2,122.7,124.0,SANDPIPER,,WDG2173,31,0,23,,,57,A
367512920,2022-01-01T15:40:56,29.59355,-90.64917,4.9,124.0,124.0,SANDPIPER,,WDG2173,31,0,23,,,57,A
367512920,2022-01-01T15:19:07,29.60281,-90.67697,4.5,108.9,112.0,SANDPIPER,,WDG2173,31,0,23,,,57,A
367512920,2022-01-01T15:47:57,29.58779,-90.63924,5.7,123.7,122.0,SANDPIPER,,WDG2173,31,0,23,,,57,A
367512920,2022-01-01T16:40:17,29.57058,-90.57255,4.5,119.9,120.0,SANDPIPER,,WDG2173,31,0,23,,,57,A
367512920,2022-01-01T15:22:36,29.60120,-90.67230,4.6,111.8,112.0,SANDPIPER,,WDG2173,31,0,23,,,57,A
367512920,2022-01-01T16:02:46,29.57679,-90.62015,4.4,107.0,105.0,SANDPIPER,,WDG2173,31,0,23,,,57,A
367512920,2022-01-01T16:41:26,29.56991,-90.57108,4.5,118.0,119.0,SANDPIPER,,WDG2173,31,0,23,,,57,A
367512920,2022-01-01T15:59:46,29.57865,-90.62375,4.4,123.5,124.0,SANDPIPER,,WDG2173,31,0,23,,,57,A
367512920,2022-01-01T15:52:45,29.58367,-90.63196,5.4,124.6,125.0,SANDPIPER,,WDG2173,31,0,23,,,57,A
367512920,2022-01-01T16:43:36,29.56868,-90.56839,4.4,116.5,120.0,SANDPIPER,,WDG2173,31,0,23,,,57,A
367512920,2022-01-01T15:57:27,29.58012,-90.62636,3.8,126.0,123.0,SANDPIPER,,WDG2173,31,0,23,,,57,A
367512920,2022-01-01T16:48:36,29.56577,-90.56209,4.3,116.6,120.0,SANDPIPER,,WDG2173,31,0,23,,,57,A
367512920,2022-01-01T16:08:07,29.57558,-90.61257,4.6,90.5,86.0,SANDPIPER,,WDG2173,31,0,23,,,57,A
367512920,2022-01-01T15:56:17,29.58092,-90.62749,4.3,125.2,126.0,SANDPIPER,,WDG2173,31,0,23,,,57,A
367512920,2022-01-01T16:10:25,29.57589,-90.60915,4.8,85.4,86.0,SANDPIPER,,WDG2173,31,0,23,,,57,A
367512920,2022-01-01T16:53:26,29.56309,-90.55634,4.3,111.9,110.0,SANDPIPER,,WDG2173,31,0,23,,,57,A
367512920,2022-01-01T15:34:26,29.59739,-90.65702,4.2,104.4,110.0,SANDPIPER,,WDG2173,31,0,23,,,57,A
367512920,2022-01-01T07:05:55,29.56523,-90.72411,0.0,321.6,65.0,SANDPIPER,,WDG2173,31,0,23,,,57,A
367512920,2022-01-01T16:00:26,29.57817,-90.62300,4.3,123.8,122.0,SANDPIPER,,WDG2173,31,0,23,,,57,A
367512920,2022-01-01T07:09:15,29.56524,-90.72412,0.0,214.5,65.0,SANDPIPER,,WDG2173,31,0,23,,,57,A
367512920,2022-01-01T16:01:35,29.57735,-90.62167,4.5,125.9,112.0,SANDPIPER,,WDG2173,31,0,23,,,57,A
367512920,2022-01-01T16:17:37,29.57691,-90.59856,5.0,86.5,85.0,SANDPIPER,,WDG2173,31,0,23,,,57,A
367512920,2022-01-01T07:10:36,29.56524,-90.72411,0.0,242.4,65.0,SANDPIPER,,WDG2173,31,0,23,,,57,A
367512920,2022-01-01T16:06:55,29.57570,-90.61432,4.5,96.9,94.0,SANDPIPER,,WDG2173,31,0,23,,,57,A
367512920,2022-01-01T16:14:06,29.57638,-90.60389,4.4,81.9,85.0,SANDPIPER,,WDG2173,31,0,23,,,57,A
367512920,2022-01-01T16:09:16,29.57576,-90.61088,4.7,82.3,87.0,SANDPIPER,,WDG2173,31,0,23,,,57,A
367512920,2022-01-01T16:23:26,29.57768,-90.58966,4.6,99.1,103.0,SANDPIPER,,WDG2173,31,0,23,,,57,A
367512920,2022-01-01T16:26:57,29.57629,-90.58501,4.3,117.0,119.0,SANDPIPER,,WDG2173,31,0,23,,,57,A
367512920,2022-01-01T16:24:46,29.57735,-90.58772,4.5,107.5,114.0,SANDPIPER,,WDG2173,31,0,23,,,57,A
367512920,2022-01-01T16:15:16,29.57655,-90.60220,4.7,86.7,86.0,SANDPIPER,,WDG2173,31,0,23,,,57,A
367512920,2022-01-01T16:25:47,29.57688,-90.58644,4.3,117.3,118.0,SANDPIPER,,WDG2173,31,0,23,,,57,A
367512920,2022-01-01T15:51:36,29.58466,-90.63366,5.8,122.4,124.0,SANDPIPER,,WDG2173,31,0,23,,,57,A
367512920,2022-01-01T15:53:56,29.58273,-90.63030,5.0,124.7,128.0,SANDPIPER,,WDG2173,31,0,23,,,57,A
367512920,2022-01-01T17:16:17,29.56045,-90.52321,4.5,93.3,94.0,SANDPIPER,,WDG2173,31,0,23,,,57,A
367512920,2022-01-01T16:29:16,29.57505,-90.58231,3.9,117.4,121.0,SANDPIPER,,WDG2173,31,0,23,,,57,A
367512920,2022-01-01T17:19:05,29.56030,-90.51918,4.5,92.5,92.0,SANDPIPER,,WDG2173,31,0,23,,,57,A
367512920,2022-01-01T16:30:47,29.57434,-90.58090,2.9,122.7,119.0,SANDPIPER,,WDG2173,31,0,23,,,57,A
367512920,2022-01-01T17:20:17,29.56027,-90.51745,4.6,92.5,93.0,SANDPIPER,,WDG2173,31,0,23,,,57,A
367512920,2022-01-01T16:28:06,29.57567,-90.58360,4.0,119.2,120.0,SANDPIPER,,WDG2173,31,0,23,,,57,A
367512920,2022-01-01T17:22:57,29.56015,-90.51355,4.5,92.7,93.0,SANDPIPER,,WDG2173,31,0,23,,,57,A
367512920,2022-01-01T16:03:56,29.57634,-90.61856,4.5,106.3,101.0,SANDPIPER,,WDG2173,31,0,23,,,57,A
367512920,2022-01-01T17:25:17,29.56000,-90.51018,4.5,92.1,94.0,SANDPIPER,,WDG2173,31,0,23,,,57,A
367512920,2022-01-01T16:31:57,29.57401,-90.58023,1.4,124.0,121.0,SANDPIPER,,WDG2173,31,0,23,,,57,A
367512920,2022-01-01T16:36:47,29.57239,-90.57670,3.6,118.1,118.0,SANDPIPER,,WDG2173,31,0,23,,,57,A
367512920,2022-01-01T16:34:16,29.57358,-90.57912,3.3,116.0,120.0,SANDPIPER,,WDG2173,31,0,23,,,57,A
367512920,2022-01-01T16:39:06,29.57121,-90.57404,4.3,115.6,117.0,SANDPIPER,,WDG2173,31,0,23,,,57,A
367512920,2022-01-01T16:12:45,29.57621,-90.60573,4.3,83.5,86.0,SANDPIPER,,WDG2173,31,0,23,,,57,A
367512920,2022-01-01T07:24:16,29.56533,-90.72415,0.1,339.0,68.0,SANDPIPER,,WDG2173,31,0,23,,,57,A
367512920,2022-01-01T16:44:45,29.56803,-90.56698,4.4,114.3,119.0,SANDPIPER,,WDG2173,31,0,23,,,57,A
367512920,2022-01-01T16:47:26,29.56647,-90.56355,4.5,116.8,120.0,SANDPIPER,,WDG2173,31,0,23,,,57,A
367512920,2022-01-01T16:21:06,29.57748,-90.59324,4.8,84.6,87.0,SANDPIPER,,WDG2173,31,0,23,,,57,A
367512920,2022-01-01T16:59:46,29.56147,-90.54767,4.4,94.8,92.0,SANDPIPER,,WDG2173,31,0,23,,,57,A
367512920,2022-01-01T17:44:35,29.55882,-90.48125,4.7,91.7,94.0,SANDPIPER,,WDG2173,31,0,23,,,57,A
367512920,2022-01-01T16:51:07,29.56435,-90.55912,4.3,116.1,119.0,SANDPIPER,,WDG2173,31,0,23,,,57,A
367512920,2022-01-01T17:04:47,29.56116,-90.54034,4.7,91.7,92.0,SANDPIPER,,WDG2173,31,0,23,,,57,A
367512920,2022-01-01T16:55:46,29.56218,-90.55317,4.4,106.0,100.0,SANDPIPER,,WDG2173,31,0,23,,,57,A
367512920,2022-01-01T17:49:26,29.55850,-90.47394,4.7,92.7,95.0,SANDPIPER,,WDG2173,31,0,23,,,57,A
367512920,2022-01-01T16:57:07,29.56187,-90.55133,4.5,97.0,95.0,SANDPIPER,,WDG2173,31,0,23,,,57,A
367512920,2022-01-01T16:54:35,29.56260,-90.55479,4.4,108.0,105.0,SANDPIPER,,WDG2173,31,0,23,,,57,A
367512920,2022-01-01T17:54:06,29.55820,-90.46695,4.7,91.2,93.0,SANDPIPER,,WDG2173,31,0,23,,,57,A
367512920,2022-01-01T17:10:26,29.56084,-90.53186,4.5,92.3,92.0,SANDPIPER,,WDG2173,31,0,23,,,57,A
367512920,2022-01-01T17:11:37,29.56075,-90.53015,4.5,94.2,92.0,SANDPIPER,,WDG2173,31,0,23,,,57,A
367512920,2022-01-01T17:55:15,29.55814,-90.46522,4.8,92.9,93.0,SANDPIPER,,WDG2173,31,0,23,,,57,A
367512920,2022-01-01T17:00:57,29.56141,-90.54597,4.5,92.4,93.0,SANDPIPER,,WDG2173,31,0,23,,,57,A
367512920,2022-01-01T16:35:26,29.57305,-90.57797,3.3,123.8,121.0,SANDPIPER,,WDG2173,31,0,23,,,57,A
367512920,2022-01-01T17:02:05,29.56129,-90.54432,4.6,95.2,91.0,SANDPIPER,,WDG2173,31,0,23,,,57,A
367512920,2022-01-01T17:17:26,29.56037,-90.52156,4.4,91.7,92.0,SANDPIPER,,WDG2173,31,0,23,,,57,A
367512920,2022-01-01T17:07:05,29.56101,-90.53689,4.8,92.0,92.0,SANDPIPER,,WDG2173,31,0,23,,,57,A
367512920,2022-01-01T16:42:27,29.56932,-90.56985,4.4,119.8,119.0,SANDPIPER,,WDG2173,31,0,23,,,57,A
367512920,2022-01-01T17:24:06,29.56009,-90.51189,4.5,93.9,95.0,SANDPIPER,,WDG2173,31,0,23,,,57,A
367512920,2022-01-01T07:30:47,29.56536,-90.72417,0.0,0.1,69.0,SANDPIPER,,WDG2173,31,0,23,,,57,A
367512920,2022-01-01T17:09:25,29.56089,-90.53332,4.7,91.6,93.0,SANDPIPER,,WDG2173,31,0,23,,,57,A
367512920,2022-01-01T17:12:46,29.56071,-90.52847,4.6,92.8,93.0,SANDPIPER,,WDG2173,31,0,23,,,57,A
367512920,2022-01-01T17:13:55,29.56059,-90.52675,4.8,92.5,92.0,SANDPIPER,,WDG2173,31,0,23,,,57,A
367512920,2022-01-01T17:15:05,29.56051,-90.52496,4.7,93.1,93.0,SANDPIPER,,WDG2173,31,0,23,,,57,A
367512920,2022-01-01T16:49:56,29.56501,-90.56052,4.2,117.5,120.0,SANDPIPER,,WDG2173,31,0,23,,,57,A
367512920,2022-01-01T17:29:56,29.55966,-90.50336,4.5,93.3,94.0,SANDPIPER,,WDG2173,31,0,23,,,57,A
367512920,2022-01-01T17:32:17,29.55950,-90.49986,4.8,91.8,93.0,SANDPIPER,,WDG2173,31,0,23,,,57,A
367512920,2022-01-01T17:31:06,29.55957,-90.50163,4.7,94.2,94.0,SANDPIPER,,WDG2173,31,0,23,,,57,A
367512920,2022-01-01T17:21:47,29.56022,-90.51525,4.6,92.5,94.0,SANDPIPER,,WDG2173,31,0,23,,,57,A
367512920,2022-01-01T18:17:06,29.55515,-90.43548,2.8,101.8,99.0,SANDPIPER,,WDG2173,31,0,23,,,57,A
367512920,2022-01-01T17:37:35,29.55917,-90.49188,4.8,92.7,93.0,SANDPIPER,,WDG2173,31,0,23,,,57,A
367512920,2022-01-01T17:27:35,29.55986,-90.50681,4.7,92.2,95.0,SANDPIPER,,WDG2173,31,0,23,,,57,A
367512920,2022-01-01T17:33:27,29.55944,-90.49810,4.6,93.5,94.0,SANDPIPER,,WDG2173,31,0,23,,,57,A
367512920,2022-01-01T17:05:56,29.56108,-90.53863,4.7,93.5,92.0,SANDPIPER,,WDG2173,31,0,23,,,57,A
367512920,2022-01-01T17:48:16,29.55858,-90.47572,4.8,93.4,95.0,SANDPIPER,,WDG2173,31,0,23,,,57,A
367512920,2022-01-01T17:36:27,29.55925,-90.49361,4.7,93.7,94.0,SANDPIPER,,WDG2173,31,0,23,,,57,A
367512920,2022-01-01T18:32:25,29.55250,-90.41679,4.8,99.8,101.0,SANDPIPER,,WDG2173,31,0,23,,,57,A
367512920,2022-01-01T17:43:16,29.55888,-90.48327,4.7,92.2,93.0,SANDPIPER,,WDG2173,31,0,23,,,57,A
367512920,2022-01-01T18:38:07,29.55109,-90.40824,4.7,101.8,101.0,SANDPIPER,,WDG2173,31,0,23,,,57,A
367512920,2022-01-01T17:45:47,29.55875,-90.47946,4.7,93.2,94.0,SANDPIPER,,WDG2173,31,0,23,,,57,A
367512920,2022-01-01T17:47:06,29.55866,-90.47746,4.8,92.8,94.0,SANDPIPER,,WDG2173,31,0,23,,,57,A
367512920,2022-01-01T18:00:17,29.55787,-90.45767,4.6,94.6,95.0,SANDPIPER,,WDG2173,31,0,23,,,57,A
367512920,2022-01-01T18:43:06,29.55032,-90.40121,4.0,90.2,75.0,SANDPIPER,,WDG2173,31,0,23,,,57,A
367512920,2022-01-01T17:52:56,29.55828,-90.46872,4.6,94.2,95.0,SANDPIPER,,WDG2173,31,0,23,,,57,A
367512920,2022-01-01T18:06:26,29.55718,-90.44866,4.7,94.5,98.0,SANDPIPER,,WDG2173,31,0,23,,,57,A
367512920,2022-01-01T18:45:45,29.55106,-90.39823,3.5,71.7,67.0,SANDPIPER,,WDG2173,31,0,23,,,57,A
367512920,2022-01-01T18:47:06,29.55152,-90.39683,3.5,66.4,58.0,SANDPIPER,,WDG2173,31,0,23,,,57,A
367512920,2022-01-01T17:59:36,29.55794,-90.45867,4.7,91.7,94.0,SANDPIPER,,WDG2173,31,0,23,,,57,A
367512920,2022-01-01T18:12:26,29.55595,-90.44018,3.9,101.6,100.0,SANDPIPER,,WDG2173,31,0,23,,,57,A
367512920,2022-01-01T18:02:36,29.55767,-90.45423,4.7,93.8,95.0,SANDPIPER,,WDG2173,31,0,23,,,57,A
367512920,2022-01-01T18:19:46,29.55484,-90.43324,2.4,101.6,102.0,SANDPIPER,,WDG2173,31,0,23,,,57,A
367512920,2022-01-01T18:07:36,29.55696,-90.44692,4.6,100.7,100.0,SANDPIPER,,WDG2173,31,0,23,,,57,A
367512920,2022-01-01T17:39:57,29.55904,-90.48828,4.8,92.3,93.0,SANDPIPER,,WDG2173,31,0,23,,,57,A
367512920,2022-01-01T18:08:45,29.55668,-90.44526,4.6,99.3,99.0,SANDPIPER,,WDG2173,31,0,23,,,57,A
367512920,2022-01-01T18:10:15,29.55644,-90.44307,4.6,101.4,101.0,SANDPIPER,,WDG2173,31,0,23,,,57,A
367512920,2022-01-01T17:42:15,29.55894,-90.48477,4.7,92.8,95.0,SANDPIPER,,WDG2173,31,0,23,,,57,A
367512920,2022-01-01T18:13:36,29.55573,-90.43887,3.4,100.1,101.0,SANDPIPER,,WDG2173,31,0,23,,,57,A
367512920,2022-01-01T18:31:15,29.55278,-90.41854,4.7,100.2,101.0,SANDPIPER,,WDG2173,31,0,23,,,57,A
367512920,2022-01-01T07:54:55,29.56523,-90.72411,0.0,140.4,64.0,SANDPIPER,,WDG2173,31,0,23,,,57,A
367512920,2022-01-01T17:50:36,29.55843,-90.47219,4.7,92.6,95.0,SANDPIPER,,WDG2173,31,0,23,,,57,A
367512920,2022-01-01T18:33:26,29.55224,-90.41530,4.7,102.2,101.0,SANDPIPER,,WDG2173,31,0,23,,,57,A
367512920,2022-01-01T18:21:06,29.55467,-90.43220,2.7,101.0,102.0,SANDPIPER,,WDG2173,31,0,23,,,57,A
367512920,2022-01-01T18:36:56,29.55139,-90.40997,4.8,98.8,101.0,SANDPIPER,,WDG2173,31,0,23,,,57,A
367512920,2022-01-01T18:23:37,29.55422,-90.42949,4.0,95.9,97.0,SANDPIPER,,WDG2173,31,0,23,,,57,A
367512920,2022-01-01T18:39:17,29.55076,-90.40654,4.7,102.6,98.0,SANDPIPER,,WDG2173,31,0,23,,,57,A
367512920,2022-01-01T18:22:16,29.55444,-90.43107,3.4,102.0,99.0,SANDPIPER,,WDG2173,31,0,23,,,57,A
367512920,2022-01-01T18:27:26,29.55354,-90.42418,4.6,99.5,100.0,SANDPIPER,,WDG2173,31,0,23,,,57,A
367512920,2022-01-01T18:26:05,29.55384,-90.42613,4.5,99.7,100.0,SANDPIPER,,WDG2173,31,0,23,,,57,A
367512920,2022-01-01T18:24:57,29.55404,-90.42772,4.3,99.6,99.0,SANDPIPER,,WDG2173,31,0,23,,,57,A
367512920,2022-01-01T19:20:15,29.57887,-90.37915,4.3,32.1,31.0,SANDPIPER,,WDG2173,31,0,23,,,57,A
367512920,2022-01-01T18:28:57,29.55325,-90.42198,4.7,97.2,100.0,SANDPIPER,,WDG2173,31,0,23,,,57,A
367512920,2022-01-01T18:30:06,29.55300,-90.42025,4.7,100.2,99.0,SANDPIPER,,WDG2173,31,0,23,,,57,A
367512920,2022-01-01T19:26:15,29.58497,-90.37476,4.6,34.1,30.0,SANDPIPER,,WDG2173,31,0,23,,,57,A
367512920,2022-01-01T07:59:36,29.56521,-90.72408,0.0,153.7,64.0,SANDPIPER,,WDG2173,31,0,23,,,57,A
367512920,2022-01-01T18:35:46,29.55168,-90.41174,4.8,101.6,101.0,SANDPIPER,,WDG2173,31,0,23,,,57,A
367512920,2022-01-01T18:50:45,29.55359,-90.39361,3.4,43.5,38.0,SANDPIPER,,WDG2173,31,0,23,,,57,A
367512920,2022-01-01T18:53:25,29.55562,-90.39177,3.5,31.4,24.0,SANDPIPER,,WDG2173,31,0,23,,,57,A
367512920,2022-01-01T18:14:46,29.55553,-90.43765,3.2,101.7,101.0,SANDPIPER,,WDG2173,31,0,23,,,57,A
367512920,2022-01-01T19:35:35,29.59548,-90.36733,4.8,30.0,30.0,SANDPIPER,,WDG2173,31,0,23,,,57,A
367512920,2022-01-01T18:15:55,29.55535,-90.43654,3.0,100.2,101.0,SANDPIPER,,WDG2173,31,0,23,,,57,A
367512920,2022-01-01T18:40:26,29.55051,-90.40480,4.5,95.1,93.0,SANDPIPER,,WDG2173,31,0,23,,,57,A
367512920,2022-01-01T18:41:36,29.55041,-90.40320,4.3,94.0,89.0,SANDPIPER,,WDG2173,31,0,23,,,57,A
367512920,2022-01-01T18:44:36,29.55066,-90.39948,3.6,67.4,69.0,SANDPIPER,,WDG2173,31,0,23,,,57,A
367512920,2022-01-01T18:18:16,29.55502,-90.43445,2.7,97.7,100.0,SANDPIPER,,WDG2173,31,0,23,,,57,A
367512920,2022-01-01T19:00:55,29.56224,-90.38852,3.1,24.1,21.0,SANDPIPER,,WDG2173,31,0,23,,,57,A
367512920,2022-01-01T18:59:05,29.56073,-90.38923,3.4,20.2,22.0,SANDPIPER,,WDG2173,31,0,23,,,57,A
367512920,2022-01-01T18:52:16,29.55468,-90.39252,3.5,37.0,31.0,SANDPIPER,,WDG2173,31,0,23,,,57,A
367512920,2022-01-01T18:49:36,29.55283,-90.39453,3.5,50.3,43.0,SANDPIPER,,WDG2173,31,0,23,,,57,A
367512920,2022-01-01T19:04:47,29.56514,-90.38727,2.6,21.8,22.0,SANDPIPER,,WDG2173,31,0,23,,,57,A
367512920,2022-01-01T19:45:56,29.60741,-90.35907,4.8,30.7,33.0,SANDPIPER,,WDG2173,31,0,23,,,57,A
367512920,2022-01-01T19:05:55,29.56591,-90.38689,2.7,23.1,22.0,SANDPIPER,,WDG2173,31,0,23,,,57,A
367512920,2022-01-01T19:13:25,29.57229,-90.38374,3.8,31.0,31.0,SANDPIPER,,WDG2173,31,0,23,,,57,A
367512920,2022-01-01T18:57:56,29.55968,-90.38970,3.5,22.6,22.0,SANDPIPER,,WDG2173,31,0,23,,,57,A
367512920,2022-01-01T18:55:47,29.55771,-90.39070,3.5,22.9,24.0,SANDPIPER,,WDG2173,31,0,23,,,57,A
367512920,2022-01-01T19:56:35,29.61936,-90.35053,4.8,34.2,35.0,SANDPIPER,,WDG2173,31,0,23,,,57,A
367512920,2022-01-01T19:06:56,29.56662,-90.38655,2.9,20.9,21.0,SANDPIPER,,WDG2173,31,0,23,,,57,A
367512920,2022-01-01T18:48:16,29.55205,-90.39570,3.4,55.3,49.0,SANDPIPER,,WDG2173,31,0,23,,,57,A
367512920,2022-01-01T08:18:46,29.56502,-90.72397,0.0,159.2,57.0,SANDPIPER,,WDG2173,31,0,23,,,57,A
367512920,2022-01-01T19:09:56,29.56909,-90.38545,3.4,22.5,24.0,SANDPIPER,,WDG2173,31,0,23,,,57,A
367512920,2022-01-01T19:27:27,29.58628,-90.37384,4.7,29.8,29.0,SANDPIPER,,WDG2173,31,0,23,,,57,A
367512920,2022-01-01T19:12:16,29.57124,-90.38443,3.6,25.3,30.0,SANDPIPER,,WDG2173,31,0,23,,,57,A
367512920,2022-01-01T19:14:26,29.57321,-90.38308,3.9,32.1,30.0,SANDPIPER,,WDG2173,31,0,23,,,57,A
367512920,2022-01-01T18:54:36,29.55663,-90.39122,3.5,22.9,23.0,SANDPIPER,,WDG2173,31,0,23,,,57,A
367512920,2022-01-01T19:21:27,29.58008,-90.37829,4.3,31.3,31.0,SANDPIPER,,WDG2173,31,0,23,,,57,A
367512920,2022-01-01T18:56:55,29.55877,-90.39017,3.6,24.5,24.0,SANDPIPER,,WDG2173,31,0,23,,,57,A
367512920,2022-01-01T19:38:47,29.59916,-90.36472,4.9,31.2,31.0,SANDPIPER,,WDG2173,31,0,23,,,57,A
367512920,2022-01-01T19:16:46,29.57541,-90.38155,4.0,31.1,30.0,SANDPIPER,,WDG2173,31,0,23,,,57,A
367512920,2022-01-01T19:17:47,29.57638,-90.38091,4.0,30.6,31.0,SANDPIPER,,WDG2173,31,0,23,,,57,A
367512920,2022-01-01T20:19:25,29.64430,-90.33099,4.4,55.8,70.0,SANDPIPER,,WDG2173,31,0,23,,,57,A
367512920,2022-01-01T19:25:07,29.58378,-90.37567,4.3,32.3,32.0,SANDPIPER,,WDG2173,31,0,23,,,57,A
367512920,2022-01-01T20:21:37,29.64514,-90.32833,3.9,89.7,91.0,SANDPIPER,,WDG2173,31,0,23,,,57,A
367512920,2022-01-01T19:03:37,29.56429,-90.38760,2.8,17.7,21.0,SANDPIPER,,WDG2173,31,0,23,,,57,A
367512920,2022-01-01T20:24:57,29.64528,-90.32396,4.2,88.9,92.0,SANDPIPER,,WDG2173,31,0,23,,,57,A
367512920,2022-01-01T19:32:35,29.59208,-90.36974,4.8,31.6,30.0,SANDPIPER,,WDG2173,31,0,23,,,57,A
367512920,2022-01-01T19:08:06,29.56757,-90.38613,3.2,20.2,21.0,SANDPIPER,,WDG2173,31,0,23,,,57,A
367512920,2022-01-01T19:48:26,29.61021,-90.35701,4.7,32.8,33.0,SANDPIPER,,WDG2173,31,0,23,,,57,A
367512920,2022-01-01T20:28:37,29.64536,-90.31887,4.5,89.4,90.0,SANDPIPER,,WDG2173,31,0,23,,,57,A
367512920,2022-01-01T19:51:56,29.61414,-90.35431,4.7,31.1,32.0,SANDPIPER,,WDG2173,31,0,23,,,57,A
367512920,2022-01-01T19:29:46,29.58889,-90.37209,4.7,33.6,33.0,SANDPIPER,,WDG2173,31,0,23,,,57,A
367512920,2022-01-01T19:42:16,29.60319,-90.36190,4.9,31.5,30.0,SANDPIPER,,WDG2173,31,0,23,,,57,A
367512920,2022-01-01T19:43:35,29.60470,-90.36082,4.8,30.6,28.0,SANDPIPER,,WDG2173,31,0,23,,,57,A
367512920,2022-01-01T19:37:46,29.59797,-90.36553,4.9,32.5,31.0,SANDPIPER,,WDG2173,31,0,23,,,57,A
367512920,2022-01-01T20:02:17,29.62581,-90.34584,4.9,33.2,33.0,SANDPIPER,,WDG2173,31,0,23,,,57,A
367512920,2022-01-01T19:39:56,29.60048,-90.36378,4.9,31.8,30.0,SANDPIPER,,WDG2173,31,0,23,,,57,A
367512920,2022-01-01T08:29:07,29.56529,-90.72395,0.0,328.1,62.0,SANDPIPER,,WDG2173,31,0,23,,,57,A
367512920,2022-01-01T20:03:26,29.62714,-90.34485,4.9,32.0,31.0,SANDPIPER,,WDG2173,31,0,23,,,57,A
367512920,2022-01-01T19:22:35,29.58124,-90.37745,4.3,32.4,30.0,SANDPIPER,,WDG2173,31,0,23,,,57,A
367512920,2022-01-01T19:23:46,29.58244,-90.37664,4.2,30.9,31.0,SANDPIPER,,WDG2173,31,0,23,,,57,A
367512920,2022-01-01T08:30:27,29.56531,-90.72394,0.0,7.7,63.0,SANDPIPER,,WDG2173,31,0,23,,,57,A
367512920,2022-01-01T20:44:47,29.64576,-90.29571,4.6,88.8,89.0,SANDPIPER,,WDG2173,31,0,23,,,57,A
367512920,2022-01-01T19:49:37,29.61149,-90.35608,4.7,31.4,30.0,SANDPIPER,,WDG2173,31,0,23,,,57,A
367512920,2022-01-01T19:59:56,29.62311,-90.34776,4.9,31.6,32.0,SANDPIPER,,WDG2173,31,0,23,,,57,A
367512920,2022-01-01T19:44:46,29.60606,-90.35996,4.8,29.2,30.0,SANDPIPER,,WDG2173,31,0,23,,,57,A
367512920,2022-01-01T19:30:56,29.59021,-90.37111,4.8,32.5,32.0,SANDPIPER,,WDG2173,31,0,23,,,57,A
367512920,2022-01-01T20:05:37,29.62964,-90.34307,4.8,31.2,32.0,SANDPIPER,,WDG2173,31,0,23,,,57,A
367512920,2022-01-01T19:50:46,29.61281,-90.35523,4.7,30.1,31.0,SANDPIPER,,WDG2173,31,0,23,,,57,A
367512920,2022-01-01T20:53:15,29.64596,-90.28358,4.3,91.3,91.0,SANDPIPER,,WDG2173,31,0,23,,,57,A
367512920,2022-01-01T19:57:36,29.62049,-90.34967,4.8,32.6,34.0,SANDPIPER,,WDG2173,31,0,23,,,57,A
367512920,2022-01-01T20:14:46,29.64027,-90.33577,4.7,31.2,40.0,SANDPIPER,,WDG2173,31,0,23,,,57,A
367512920,2022-01-01T19:53:06,29.61545,-90.35339,4.7,32.1,32.0,SANDPIPER,,WDG2173,31,0,23,,,57,A
367512920,2022-01-01T20:57:56,29.64629,-90.27745,3.9,86.5,84.0,SANDPIPER,,WDG2173,31,0,23,,,57,A
367512920,2022-01-01T08:35:26,29.56537,-90.72397,0.0,267.2,66.0,SANDPIPER,,WDG2173,31,0,23,,,57,A
367512920,2022-01-01T19:58:46,29.62178,-90.34872,4.8,33.2,33.0,SANDPIPER,,WDG2173,31,0,23,,,57,A
367512920,2022-01-01T21:02:45,29.64716,-90.27138,4.0,80.0,77.0,SANDPIPER,,WDG2173,31,0,23,,,57,A
367512920,2022-01-01T20:22:46,29.64514,-90.32685,4.1,90.4,90.0,SANDPIPER,,WDG2173,31,0,23,,,57,A
367512920,2022-01-01T19:54:16,29.61676,-90.35245,4.7,32.2,33.0,SANDPIPER,,WDG2173,31,0,23,,,57,A
367512920,2022-01-01T20:26:07,29.64530,-90.32238,4.3,88.2,91.0,SANDPIPER,,WDG2173,31,0,23,,,57,A
367512920,2022-01-01T20:04:27,29.62829,-90.34404,4.8,32.5,32.0,SANDPIPER,,WDG2173,31,0,23,,,57,A
367512920,2022-01-01T20:07:55,29.63230,-90.34124,4.9,30.6,31.0,SANDPIPER,,WDG2173,31,0,23,,,57,A
367512920,2022-01-01T20:10:06,29.63488,-90.33955,4.9,32.2,34.0,SANDPIPER,,WDG2173,31,0,23,,,57,A
367512920,2022-01-01T19:47:17,29.60894,-90.35796,4.7,34.2,33.0,SANDPIPER,,WDG2173,31,0,23,,,57,A
367512920,2022-01-01T20:11:16,29.63619,-90.33853,4.9,33.2,32.0,SANDPIPER,,WDG2173,31,0,23,,,57,A
367512920,2022-01-01T20:12:25,29.63753,-90.33757,4.9,31.0,31.0,SANDPIPER,,WDG2173,31,0,23,,,57,A
367512920,2022-01-01T21:12:26,29.64969,-90.25976,3.8,77.5,76.0,SANDPIPER,,WDG2173,31,0,23,,,57,A
367512920,2022-01-01T20:35:26,29.64554,-90.30912,4.4,86.9,88.0,SANDPIPER,,WDG2173,31,0,23,,,57,A
367512920,2022-01-01T20:27:16,29.64534,-90.32078,4.4,88.5,91.0,SANDPIPER,,WDG2173,31,0,23,,,57,A
367512920,2022-01-01T20:06:46,29.63094,-90.34216,4.9,31.2,31.0,SANDPIPER,,WDG2173,31,0,23,,,57,A
367512920,2022-01-01T20:17:05,29.64254,-90.33360,4.5,43.4,51.0,SANDPIPER,,WDG2173,31,0,23,,,57,A
367512920,2022-01-01T19:55:25,29.61806,-90.35150,4.8,32.5,34.0,SANDPIPER,,WDG2173,31,0,23,,,57,A
367512920,2022-01-01T08:48:15,29.56532,-90.72392,0.0,237.1,63.0,SANDPIPER,,WDG2173,31,0,23,,,57,A
367512920,2022-01-01T20:20:26,29.64492,-90.32981,4.2,63.8,86.0,SANDPIPER,,WDG2173,31,0,23,,,57,A
367512920,2022-01-01T21:19:26,29.65149,-90.25098,4.1,76.7,77.0,SANDPIPER,,WDG2173,31,0,23,,,57,A
367512920,2022-01-01T20:36:36,29.64562,-90.30746,4.5,87.6,89.0,SANDPIPER,,WDG2173,31,0,23,,,57,A
367512920,2022-01-01T20:00:55,29.62427,-90.34696,4.9,31.3,33.0,SANDPIPER,,WDG2173,31,0,23,,,57,A
367512920,2022-01-01T20:18:17,29.64353,-90.33235,4.4,52.4,61.0,SANDPIPER,,WDG2173,31,0,23,,,57,A
367512920,2022-01-01T20:40:06,29.64567,-90.30248,4.5,89.3,90.0,SANDPIPER,,WDG2173,31,0,23,,,57,A
367512920,2022-01-01T20:50:56,29.64599,-90.28684,4.4,90.4,90.0,SANDPIPER,,WDG2173,31,0,23,,,57,A
367512920,2022-01-01T20:32:07,29.64550,-90.31384,4.5,85.4,90.0,SANDPIPER,,WDG2173,31,0,23,,,57,A
367512920,2022-01-01T20:23:55,29.64517,-90.32530,4.2,86.7,89.0,SANDPIPER,,WDG2173,31,0,23,,,57,A
367512920,2022-01-01T20:48:27,29.64586,-90.29037,4.5,87.8,87.0,SANDPIPER,,WDG2173,31,0,23,,,57,A
367512920,2022-01-01T20:52:07,29.64598,-90.28517,4.4,89.2,90.0,SANDPIPER,,WDG2173,31,0,23,,,57,A
367512920,2022-01-01T20:13:36,29.63890,-90.33663,4.8,29.1,32.0,SANDPIPER,,WDG2173,31,0,23,,,57,A
367512920,2022-01-01T20:38:56,29.64566,-90.30416,4.5,88.4,90.0,SANDPIPER,,WDG2173,31,0,23,,,57,A
367512920,2022-01-01T20:15:57,29.64146,-90.33472,4.6,39.8,45.0,SANDPIPER,,WDG2173,31,0,23,,,57,A
367512920,2022-01-01T21:38:37,29.65632,-90.22711,4.1,77.9,79.0,SANDPIPER,,WDG2173,31,0,23,,,57,A
367512920,2022-01-01T20:30:57,29.64540,-90.31552,4.5,88.9,89.0,SANDPIPER,,WDG2173,31,0,23,,,57,A
367512920,2022-01-01T20:56:47,29.64612,-90.27890,4.1,80.0,82.0,SANDPIPER,,WDG2173,31,0,23,,,57,A
367512920,2022-01-01T20:42:25,29.64570,-90.29913,4.6,88.1,88.0,SANDPIPER,,WDG2173,31,0,23,,,57,A
367512920,2022-01-01T20:43:36,29.64574,-90.29742,4.6,89.2,89.0,SANDPIPER,,WDG2173,31,0,23,,,57,A
367512920,2022-01-01T20:45:56,29.64579,-90.29402,4.5,89.1,88.0,SANDPIPER,,WDG2173,31,0,23,,,57,A
367512920,2022-01-01T21:00:16,29.64658,-90.27452,4.0,80.1,77.0,SANDPIPER,,WDG2173,31,0,23,,,57,A
367512920,2022-01-01T20:47:16,29.64582,-90.29209,4.6,89.4,88.0,SANDPIPER,,WDG2173,31,0,23,,,57,A
367512920,2022-01-01T21:08:36,29.64869,-90.26424,3.9,68.9,73.0,SANDPIPER,,WDG2173,31,0,23,,,57,A
367512920,2022-01-01T09:03:06,29.56532,-90.72393,0.0,264.5,63.0,SANDPIPER,,WDG2173,31,0,23,,,57,A
367512920,2022-01-01T21:11:15,29.64945,-90.26115,3.8,77.2,76.0,SANDPIPER,,WDG2173,31,0,23,,,57,A
367512920,2022-01-01T21:54:05,29.66384,-90.20982,3.9,49.7,47.0,SANDPIPER,,WDG2173,31,0,23,,,57,A
367512920,2022-01-01T09:04:16,29.56531,-90.72393,0.0,192.1,63.0,SANDPIPER,,WDG2173,31,0,23,,,57,A
367512920,2022-01-01T21:05:06,29.64773,-90.26852,3.9,76.7,75.0,SANDPIPER,,WDG2173,31,0,23,,,57,A
367512920,2022-01-01T20:37:46,29.64566,-90.30581,4.5,90.1,90.0,SANDPIPER,,WDG2173,31,0,23,,,57,A
367512920,2022-01-01T20:55:37,29.64592,-90.28041,4.1,87.1,81.0,SANDPIPER,,WDG2173,31,0,23,,,57,A
367512920,2022-01-01T21:20:37,29.65180,-90.24948,4.2,76.7,77.0,SANDPIPER,,WDG2173,31,0,23,,,57,A
367512920,2022-01-01T20:41:16,29.64567,-90.30082,4.5,90.0,88.0,SANDPIPER,,WDG2173,31,0,23,,,57,A
367512920,2022-01-01T21:24:16,29.65279,-90.24471,4.3,75.7,77.0,SANDPIPER,,WDG2173,31,0,23,,,57,A
367512920,2022-01-01T21:25:25,29.65313,-90.24318,4.2,77.2,78.0,SANDPIPER,,WDG2173,31,0,23,,,57,A
367512920,2022-01-01T21:01:26,29.64686,-90.27305,4.0,77.6,77.0,SANDPIPER,,WDG2173,31,0,23,,,57,A
367512920,2022-01-01T21:30:06,29.65429,-90.23727,3.4,77.5,80.0,SANDPIPER,,WDG2173,31,0,23,,,57,A
367512920,2022-01-01T21:32:25,29.65471,-90.23469,3.7,75.8,76.0,SANDPIPER,,WDG2173,31,0,23,,,57,A
367512920,2022-01-01T21:35:06,29.65544,-90.23143,4.0,76.3,77.0,SANDPIPER,,WDG2173,31,0,23,,,57,A
367512920,2022-01-01T21:06:17,29.64802,-90.26711,3.8,77.3,75.0,SANDPIPER,,WDG2173,31,0,23,,,57,A
367512920,2022-01-01T21:33:26,29.65501,-90.23348,3.9,74.6,77.0,SANDPIPER,,WDG2173,31,0,23,,,57,A
367512920,2022-01-01T21:14:46,29.65028,-90.25692,4.0,74.8,76.0,SANDPIPER,,WDG2173,31,0,23,,,57,A
367512920,2022-01-01T21:07:26,29.64829,-90.26567,4.1,75.9,72.0,SANDPIPER,,WDG2173,31,0,23,,,57,A
367512920,2022-01-01T22:19:55,29.68764,-90.18678,4.5,36.5,39.0,SANDPIPER,,WDG2173,31,0,23,,,57,A
367512920,2022-01-01T21:17:07,29.65089,-90.25394,4.1,78.4,77.0,SANDPIPER,,WDG2173,31,0,23,,,57,A
367512920,2022-01-01T21:27:56,29.65376,-90.23990,4.2,78.5,79.0,SANDPIPER,,WDG2173,31,0,23,,,57,A
367512920,2022-01-01T20:59:06,29.64637,-90.27598,3.9,82.9,79.0,SANDPIPER,,WDG2173,31,0,23,,,57,A
367512920,2022-01-01T21:43:25,29.65754,-90.22102,4.1,75.8,71.0,SANDPIPER,,WDG2173,31,0,23,,,57,A
367512920,2022-01-01T09:18:56,29.56529,-90.72391,0.0,305.9,62.0,SANDPIPER,,WDG2173,31,0,23,,,57,A
367512920,2022-01-01T21:44:37,29.65784,-90.21953,3.9,73.0,59.0,SANDPIPER,,WDG2173,31,0,23,,,57,A
367512920,2022-01-01T21:45:45,29.65843,-90.21838,3.7,58.2,56.0,SANDPIPER,,WDG2173,31,0,23,,,57,A
367512920,2022-01-01T22:31:26,29.69827,-90.17735,4.1,41.8,39.0,SANDPIPER,,WDG2173,31,0,23,,,57,A
367512920,2022-01-01T21:03:46,29.64737,-90.27013,3.9,76.9,75.0,SANDPIPER,,WDG2173,31,0,23,,,57,A
367512920,2022-01-01T09:22:25,29.56529,-90.72391,0.0,271.1,62.0,SANDPIPER,,WDG2173,31,0,23,,,57,A
367512920,2022-01-01T21:36:17,29.65577,-90.23002,3.9,74.6,78.0,SANDPIPER,,WDG2173,31,0,23,,,57,A
367512920,2022-01-01T21:09:46,29.64907,-90.26291,3.8,74.5,77.0,SANDPIPER,,WDG2173,31,0,23,,,57,A
367512920,2022-01-01T21:39:45,29.65660,-90.22566,4.1,77.2,78.0,SANDPIPER,,WDG2173,31,0,23,,,57,A
367512920,2022-01-01T21:31:16,29.65445,-90.23603,3.6,81.6,77.0,SANDPIPER,,WDG2173,31,0,23,,,57,A
367512920,2022-01-01T21:13:36,29.64997,-90.25833,3.9,77.0,76.0,SANDPIPER,,WDG2173,31,0,23,,,57,A
367512920,2022-01-01T21:55:35,29.66492,-90.20838,4.0,47.2,43.0,SANDPIPER,,WDG2173,31,0,23,,,57,A
367512920,2022-01-01T22:44:35,29.70975,-90.16730,4.0,38.2,40.0,SANDPIPER,,WDG2173,31,0,23,,,57,A
367512920,2022-01-01T22:45:36,29.71065,-90.16647,4.2,41.5,38.0,SANDPIPER,,WDG2173,31,0,23,,,57,A
367512920,2022-01-01T22:46:47,29.71176,-90.16558,4.0,38.0,38.0,SANDPIPER,,WDG2173,31,0,23,,,57,A
367512920,2022-01-01T22:00:05,29.66878,-90.20431,4.3,40.0,41.0,SANDPIPER,,WDG2173,31,0,23,,,57,A
367512920,2022-01-01T21:18:16,29.65118,-90.25246,4.1,78.1,77.0,SANDPIPER,,WDG2173,31,0,23,,,57,A
367512920,2022-01-01T21:41:06,29.65694,-90.22391,4.1,78.2,77.0,SANDPIPER,,WDG2173,31,0,23,,,57,A
367512920,2022-01-01T21:26:36,29.65344,-90.24162,4.2,77.6,78.0,SANDPIPER,,WDG2173,31,0,23,,,57,A
367512920,2022-01-01T21:21:56,29.65215,-90.24776,4.2,77.2,77.0,SANDPIPER,,WDG2173,31,0,23,,,57,A
367512920,2022-01-01T21:28:57,29.65400,-90.23856,3.9,76.9,78.0,SANDPIPER,,WDG2173,31,0,23,,,57,A
367512920,2022-01-01T09:31:36,29.56526,-90.72392,0.0,262.4,61.0,SANDPIPER,,WDG2173,31,0,23,,,57,A
367512920,2022-01-01T21:23:06,29.65247,-90.24620,4.2,76.7,76.0,SANDPIPER,,WDG2173,31,0,23,,,57,A
367512920,2022-01-01T09:33:15,29.56527,-90.72391,0.0,189.6,61.0,SANDPIPER,,WDG2173,31,0,23,,,57,A
367512920,2022-01-01T22:09:07,29.67694,-90.19624,4.3,38.6,38.0,SANDPIPER,,WDG2173,31,0,23,,,57,A
367512920,2022-01-01T21:48:07,29.65985,-90.21594,4.0,56.4,56.0,SANDPIPER,,WDG2173,31,0,23,,,57,A
367512920,2022-01-01T22:01:07,29.66970,-90.20339,4.3,42.9,42.0,SANDPIPER,,WDG2173,31,0,23,,,57,A
367512920,2022-01-01T22:15:17,29.68267,-90.19116,4.6,37.3,39.0,SANDPIPER,,WDG2173,31,0,23,,,57,A
367512920,2022-01-01T21:42:17,29.65723,-90.22242,4.1,77.1,75.0,SANDPIPER,,WDG2173,31,0,23,,,57,A
367512920,2022-01-01T21:56:45,29.66586,-90.20730,4.1,44.1,41.0,SANDPIPER,,WDG2173,31,0,23,,,57,A
367512920,2022-01-01T22:25:46,29.69315,-90.18192,4.2,33.7,37.0,SANDPIPER,,WDG2173,31,0,23,,,57,A
367512920,2022-01-01T22:14:06,29.68151,-90.19214,4.3,35.6,39.0,SANDPIPER,,WDG2173,31,0,23,,,57,A
367512920,2022-01-01T23:17:37,29.74117,-90.13954,4.8,35.7,34.0,SANDPIPER,,WDG2173,31,0,23,,,57,A
367512920,2022-01-01T22:05:46,29.67383,-90.19914,4.3,38.9,39.0,SANDPIPER,,WDG2173,31,0,23,,,57,A
367512920,2022-01-01T22:30:16,29.69729,-90.17830,4.0,36.5,40.0,SANDPIPER,,WDG2173,31,0,23,,,57,A
367512920,2022-01-01T23:21:06,29.74501,-90.13701,4.4,16.4,10.0,SANDPIPER,,WDG2173,31,0,23,,,57,A
367512920,2022-01-01T09:41:36,29.56525,-90.72388,0.0,155.2,60.0,SANDPIPER,,WDG2173,31,0,23,,,57,A
367512920,2022-01-01T21:46:57,29.65912,-90.21717,3.8,55.1,56.0,SANDPIPER,,WDG2173,31,0,23,,,57,A
367512920,2022-01-01T21:57:57,29.66684,-90.20618,4.2,43.0,40.0,SANDPIPER,,WDG2173,31,0,23,,,57,A
367512920,2022-01-01T21:59:05,29.66786,-90.20519,4.3,39.5,39.0,SANDPIPER,,WDG2173,31,0,23,,,57,A
367512920,2022-01-01T09:42:56,29.56524,-90.72387,0.0,204.4,60.0,SANDPIPER,,WDG2173,31,0,23,,,57,A
367512920,2022-01-01T21:49:16,29.66055,-90.21471,4.1,57.8,54.0,SANDPIPER,,WDG2173,31,0,23,,,57,A
367512920,2022-01-01T22:36:07,29.70238,-90.17376,3.9,40.1,38.0,SANDPIPER,,WDG2173,31,0,23,,,57,A
367512920,2022-01-01T22:11:45,29.67938,-90.19409,4.1,36.2,40.0,SANDPIPER,,WDG2173,31,0,23,,,57,A
367512920,2022-01-01T21:50:37,29.66143,-90.21329,4.1,53.4,52.0,SANDPIPER,,WDG2173,31,0,23,,,57,A
367512920,2022-01-01T22:37:17,29.70339,-90.17288,3.9,38.7,39.0,SANDPIPER,,WDG2173,31,0,23,,,57,A
367512920,2022-01-01T22:22:06,29.68971,-90.18490,4.3,38.4,39.0,SANDPIPER,,WDG2173,31,0,23,,,57,A
367512920,2022-01-01T22:23:07,29.69061,-90.18402,4.3,40.5,37.0,SANDPIPER,,WDG2173,31,0,23,,,57,A
367512920,2022-01-01T22:24:16,29.69171,-90.18312,4.2,31.5,38.0,SANDPIPER,,WDG2173,31,0,23,,,57,A
367512920,2022-01-01T22:17:36,29.68519,-90.18902,4.9,40.2,40.0,SANDPIPER,,WDG2173,31,0,23,,,57,A
367512920,2022-01-01T23:32:26,29.75658,-90.13151,4.2,51.6,57.0,SANDPIPER,,WDG2173,31,0,23,,,57,A
367512920,2022-01-01T22:07:56,29.67581,-90.19727,4.4,39.3,39.0,SANDPIPER,,WDG2173,31,0,23,,,57,A
367512920,2022-01-01T23:34:46,29.75806,-90.12888,4.2,67.7,68.0,SANDPIPER,,WDG2173,31,0,23,,,57,A
367512920,2022-01-01T22:42:16,29.70770,-90.16914,4.0,35.6,40.0,SANDPIPER,,WDG2173,31,0,23,,,57,A
367512920,2022-01-01T22:47:57,29.71280,-90.16472,4.0,34.5,39.0,SANDPIPER,,WDG2173,31,0,23,,,57,A
367512920,2022-01-01T09:49:26,29.56523,-90.72387,0.0,305.3,61.0,SANDPIPER,,WDG2173,31,0,23,,,57,A
367512920,2022-01-01T22:02:15,29.67068,-90.20232,4.3,43.4,41.0,SANDPIPER,,WDG2173,31,0,23,,,57,A
367512920,2022-01-01T22:29:06,29.69626,-90.17930,4.2,36.3,39.0,SANDPIPER,,WDG2173,31,0,23,,,57,A
367512920,2022-01-01T23:44:26,29.76124,-90.11599,4.4,85.7,86.0,SANDPIPER,,WDG2173,31,0,23,,,57,A
367512920,2022-01-01T23:46:36,29.76141,-90.11290,4.5,86.0,86.0,SANDPIPER,,WDG2173,31,0,23,,,57,A
367512920,2022-01-01T22:54:46,29.71902,-90.15926,4.2,35.3,40.0,SANDPIPER,,WDG2173,31,0,23,,,57,A
367512920,2022-01-01T22:34:45,29.70126,-90.17481,4.0,29.8,40.0,SANDPIPER,,WDG2173,31,0,23,,,57,A
367512920,2022-01-01T22:40:55,29.70652,-90.17015,3.9,36.6,40.0,SANDPIPER,,WDG2173,31,0,23,,,57,A
367512920,2022-01-01T09:51:56,29.56524,-90.72390,0.0,181.7,61.0,SANDPIPER,,WDG2173,31,0,23,,,57,A
367512920,2022-01-01T22:12:57,29.68043,-90.19310,4.1,41.3,39.0,SANDPIPER,,WDG2173,31,0,23,,,57,A
367512920,2022-01-01T22:26:55,29.69421,-90.18102,4.2,36.0,38.0,SANDPIPER,,WDG2173,31,0,23,,,57,A
367512920,2022-01-01T23:04:56,29.72864,-90.15069,4.5,36.9,38.0,SANDPIPER,,WDG2173,31,0,23,,,57,A
367512920,2022-01-01T22:28:05,29.69533,-90.18009,4.2,36.0,38.0,SANDPIPER,,WDG2173,31,0,23,,,57,A
367512920,2022-01-01T22:18:46,29.68642,-90.18782,4.8,39.7,39.0,SANDPIPER,,WDG2173,31,0,23,,,57,A
367512920,2022-01-01T22:20:57,29.68861,-90.18591,4.3,40.0,39.0,SANDPIPER,,WDG2173,31,0,23,,,57,A
367512920,2022-01-01T23:09:27,29.73308,-90.14680,4.5,39.2,37.0,SANDPIPER,,WDG2173,31,0,23,,,57,A
367512920,2022-01-01T23:08:16,29.73192,-90.14782,4.4,36.2,37.0,SANDPIPER,,WDG2173,31,0,23,,,57,A
367512920,2022-01-01T23:11:46,29.73536,-90.14479,4.5,35.3,38.0,SANDPIPER,,WDG2173,31,0,23,,,57,A
367512920,2022-01-01T22:55:57,29.72010,-90.15827,4.2,35.3,38.0,SANDPIPER,,WDG2173,31,0,23,,,57,A
367512920,2022-01-01T22:39:27,29.70525,-90.17129,3.9,39.1,39.0,SANDPIPER,,WDG2173,31,0,23,,,57,A
367512920,2022-01-01T22:59:15,29.72319,-90.15557,4.2,38.9,38.0,SANDPIPER,,WDG2173,31,0,23,,,57,A
367512920,2022-01-01T23:06:06,29.72979,-90.14969,4.4,36.1,37.0,SANDPIPER,,WDG2173,31,0,23,,,57,A
367512920,2022-01-01T23:19:55,29.74367,-90.13770,4.5,27.0,21.0,SANDPIPER,,WDG2173,31,0,23,,,57,A
367512920,2022-01-01T23:24:26,29.74903,-90.13666,4.1,2.8,13.0,SANDPIPER,,WDG2173,31,0,23,,,57,A
367512920,2022-01-01T22:38:26,29.70441,-90.17208,3.8,35.0,40.0,SANDPIPER,,WDG2173,31,0,23,,,57,A
367512920,2022-01-01T23:07:15,29.73095,-90.14870,4.4,38.9,38.0,SANDPIPER,,WDG2173,31,0,23,,,57,A
367512920,2022-01-01T22:50:16,29.71490,-90.16291,4.1,36.1,40.0,SANDPIPER,,WDG2173,31,0,23,,,57,A
367512920,2022-01-01T23:27:56,29.75285,-90.13543,3.9,33.7,37.0,SANDPIPER,,WDG2173,31,0,23,,,57,A
367512920,2022-01-01T23:26:46,29.75172,-90.13613,4.2,11.7,30.0,SANDPIPER,,WDG2173,31,0,23,,,57,A
367512920,2022-01-01T23:15:15,29.73872,-90.14169,4.5,43.0,37.0,SANDPIPER,,WDG2173,31,0,23,,,57,A
367512920,2022-01-01T23:38:46,29.75982,-90.12382,4.3,75.7,77.0,SANDPIPER,,WDG2173,31,0,23,,,57,A
367512920,2022-01-01T22:57:05,29.72119,-90.15735,4.2,37.9,39.0,SANDPIPER,,WDG2173,31,0,23,,,57,A
367512920,2022-01-01T23:33:36,29.75740,-90.13027,4.3,54.4,64.0,SANDPIPER,,WDG2173,31,0,23,,,57,A
367512920,2022-01-01T23:45:35,29.76131,-90.11435,4.5,87.1,86.0,SANDPIPER,,WDG2173,31,0,23,,,57,A
367512920,2022-01-01T22:53:37,29.71796,-90.16019,4.1,41.5,39.0,SANDPIPER,,WDG2173,31,0,23,,,57,A
367512920,2022-01-01T23:25:36,29.75036,-90.13640,4.2,8.7,17.0,SANDPIPER,,WDG2173,31,0,23,,,57,A
367512920,2022-01-01T22:58:06,29.72211,-90.15651,4.2,38.3,39.0,SANDPIPER,,WDG2173,31,0,23,,,57,A
367512920,2022-01-01T23:03:46,29.72749,-90.15170,4.5,40.6,38.0,SANDPIPER,,WDG2173,31,0,23,,,57,A
367512920,2022-01-01T23:47:47,29.76151,-90.11119,4.5,84.8,87.0,SANDPIPER,,WDG2173,31,0,23,,,57,A
367512920,2022-01-01T23:57:25,29.76222,-90.09729,4.5,82.2,87.0,SANDPIPER,,WDG2173,31,0,23,,,57,A
367512920,2022-01-01T23:12:56,29.73650,-90.14378,4.4,39.9,38.0,SANDPIPER,,WDG2173,31,0,23,,,57,A
367512920,2022-01-01T23:58:36,29.76224,-90.09570,4.2,84.8,82.0,SANDPIPER,,WDG2173,31,0,23,,,57,A
367512920,2022-01-01T23:36:27,29.75887,-90.12680,4.2,63.8,70.0,SANDPIPER,,WDG2173,31,0,23,,,57,A
367512920,2022-01-01T23:16:25,29.73989,-90.14062,4.7,37.0,36.0,SANDPIPER,,WDG2173,31,0,23,,,57,A
367512920,2022-01-01T23:39:56,29.76017,-90.12225,4.4,75.2,78.0,SANDPIPER,,WDG2173,31,0,23,,,57,A
367512920,2022-01-01T10:12:15,29.56512,-90.72381,0.0,174.7,56.0,SANDPIPER,,WDG2173,31,0,23,,,57,A
367512920,2022-01-01T23:43:16,29.76108,-90.11761,4.5,78.9,84.0,SANDPIPER,,WDG2173,31,0,23,,,57,A
367512920,2022-01-01T23:41:06,29.76052,-90.12062,4.5,75.7,79.0,SANDPIPER,,WDG2173,31,0,23,,,57,A
367512920,2022-01-01T10:14:36,29.56510,-90.72380,0.0,182.4,54.0,SANDPIPER,,WDG2173,31,0,23,,,57,A
367512920,2022-01-01T23:22:15,29.74640,-90.13667,4.5,7.4,3.0,SANDPIPER,,WDG2173,31,0,23,,,57,A
367512920,2022-01-01T23:23:16,29.74764,-90.13655,4.3,358.9,0.0,SANDPIPER,,WDG2173,31,0,23,,,57,A
367512920,2022-01-01T23:18:47,29.74240,-90.13849,4.6,33.8,26.0,SANDPIPER,,WDG2173,31,0,23,,,57,A
367512920,2022-01-01T23:28:57,29.75379,-90.13475,4.1,33.3,42.0,SANDPIPER,,WDG2173,31,0,23,,,57,A
367512920,2022-01-01T10:16:45,29.56510,-90.72379,0.0,337.7,54.0,SANDPIPER,,WDG2173,31,0,23,,,57,A
367512920,2022-01-01T23:31:15,29.75569,-90.13273,4.1,46.3,52.0,SANDPIPER,,WDG2173,31,0,23,,,57,A
367512920,2022-01-01T10:17:56,29.56511,-90.72380,0.1,331.0,54.0,SANDPIPER,,WDG2173,31,0,23,,,57,A
367512920,2022-01-01T23:49:07,29.76162,-90.10926,4.5,87.4,87.0,SANDPIPER,,WDG2173,31,0,23,,,57,A
367512920,2022-01-01T23:53:56,29.76181,-90.10229,4.5,85.9,87.0,SANDPIPER,,WDG2173,31,0,23,,,57,A
367512920,2022-01-01T23:52:45,29.76178,-90.10399,4.5,90.6,88.0,SANDPIPER,,WDG2173,31,0,23,,,57,A
367512920,2022-01-01T23:55:06,29.76191,-90.10062,4.5,85.4,86.0,SANDPIPER,,WDG2173,31,0,23,,,57,A
367512920,2022-01-01T10:21:25,29.56515,-90.72382,0.1,324.0,56.0,SANDPIPER,,WDG2173,31,0,23,,,57,A
367512920,2022-01-01T23:37:36,29.75939,-90.12535,4.3,66.4,75.0,SANDPIPER,,WDG2173,31,0,23,,,57,A
367512920,2022-01-01T10:22:45,29.56516,-90.72383,0.1,319.2,56.0,SANDPIPER,,WDG2173,31,0,23,,,57,A
367512920,2022-01-01T10:33:07,29.56520,-90.72387,0.0,339.8,57.0,SANDPIPER,,WDG2173,31,0,23,,,57,A
367512920,2022-01-01T23:50:16,29.76169,-90.10760,4.5,86.7,88.0,SANDPIPER,,WDG2173,31,0,23,,,57,A
367512920,2022-01-01T23:59:45,29.76240,-90.09412,4.3,82.0,78.0,SANDPIPER,,WDG2173,31,0,23,,,57,A
367512920,2022-01-01T23:51:37,29.76176,-90.10564,4.6,87.3,88.0,SANDPIPER,,WDG2173,31,0,23,,,57,A
367512920,2022-01-01T10:37:56,29.56519,-90.72385,0.0,213.1,58.0,SANDPIPER,,WDG2173,31,0,23,,,57,A
367512920,2022-01-01T23:56:17,29.76198,-90.09891,4.5,87.7,83.0,SANDPIPER,,WDG2173,31,0,23,,,57,A
367512920,2022-01-01T10:43:47,29.56519,-90.72385,0.0,179.6,59.0,SANDPIPER,,WDG2173,31,0,23,,,57,A
367512920,2022-01-01T10:58:07,29.56507,-90.72376,0.0,272.4,53.0,SANDPIPER,,WDG2173,31,0,23,,,57,A
367512920,2022-01-01T10:59:16,29.56506,-90.72377,0.0,285.1,53.0,SANDPIPER,,WDG2173,31,0,23,,,57,A
367512920,2022-01-01T11:28:37,29.56536,-90.72395,0.1,292.6,64.0,SANDPIPER,,WDG2173,31,0,23,,,57,A
367512920,2022-01-01T11:33:26,29.56525,-90.72391,0.1,170.3,61.0,SANDPIPER,,WDG2173,31,0,23,,,57,A
367512920,2022-01-01T11:39:16,29.56537,-90.72396,0.1,327.0,65.0,SANDPIPER,,WDG2173,31,0,23,,,57,A
367512920,2022-01-01T11:40:36,29.56541,-90.72396,0.1,322.8,65.0,SANDPIPER,,WDG2173,31,0,23,,,57,A
367512920,2022-01-01T11:56:06,29.56532,-90.72393,0.0,188.6,62.0,SANDPIPER,,WDG2173,31,0,23,,,57,A
367512920,2022-01-01T12:09:27,29.56538,-90.72395,0.0,313.5,65.0,SANDPIPER,,WDG2173,31,0,23,,,57,A
367512920,2022-01-01T12:22:37,29.56550,-90.72400,0.0,323.0,70.0,SANDPIPER,,WDG2173,31,0,23,,,57,A
367512920,2022-01-01T12:34:46,29.56551,-90.72401,0.0,165.3,71.0,SANDPIPER,,WDG2173,31,0,23,,,57,A
367512920,2022-01-01T12:57:27,29.56555,-90.72402,0.0,191.3,73.0,SANDPIPER,,WDG2173,31,0,23,,,57,A
367512920,2022-01-01T13:12:06,29.56494,-90.72470,1.8,233.0,49.0,SANDPIPER,,WDG2173,31,0,23,,,57,A
367512920,2022-01-01T13:13:37,29.56485,-90.72520,0.8,282.7,58.0,SANDPIPER,,WDG2173,31,0,23,,,57,A
367512920,2022-01-01T13:21:27,29.56476,-90.72662,0.4,302.9,85.0,SANDPIPER,,WDG2173,31,0,23,,,57,A
367512920,2022-01-01T13:59:56,29.56517,-90.72890,0.2,20.1,94.0,SANDPIPER,,WDG2173,31,0,23,,,57,A
367512920,2022-01-01T14:30:26,29.58409,-90.71539,4.5,25.5,27.0,SANDPIPER,,WDG2173,31,0,23,,,57,A
367512920,2022-01-01T14:33:06,29.58704,-90.71373,4.3,27.0,27.0,SANDPIPER,,WDG2173,31,0,23,,,57,A
367512920,2022-01-01T14:36:37,29.59102,-90.71165,4.7,19.2,15.0,SANDPIPER,,WDG2173,31,0,23,,,57,A
367512920,2022-01-01T14:38:57,29.59386,-90.71088,4.4,3.0,4.0,SANDPIPER,,WDG2173,31,0,23,,,57,A
367512920,2022-01-01T15:09:26,29.60875,-90.68887,4.5,126.3,126.0,SANDPIPER,,WDG2173,31,0,23,,,57,A
367512920,2022-01-01T15:25:17,29.59989,-90.66858,4.5,108.2,104.0,SANDPIPER,,WDG2173,31,0,23,,,57,A
367512920,2022-01-01T15:38:37,29.59524,-90.65206,4.3,122.4,124.0,SANDPIPER,,WDG2173,31,0,23,,,57,A
367512920,2022-01-01T15:39:46,29.59444,-90.65064,4.6,122.8,125.0,SANDPIPER,,WDG2173,31,0,23,,,57,A
367512920,2022-01-01T15:55:05,29.58177,-90.62896,4.7,126.7,125.0,SANDPIPER,,WDG2173,31,0,23,,,57,A
367512920,2022-01-01T16:18:55,29.57712,-90.59649,5.0,81.8,84.0,SANDPIPER,,WDG2173,31,0,23,,,57,A
367512920,2022-01-01T16:19:56,29.57731,-90.59498,4.7,82.3,86.0,SANDPIPER,,WDG2173,31,0,23,,,57,A
367512920,2022-01-01T16:22:17,29.57771,-90.59139,4.9,82.2,95.0,SANDPIPER,,WDG2173,31,0,23,,,57,A
367512920,2022-01-01T16:37:55,29.57185,-90.57544,4.1,116.2,119.0,SANDPIPER,,WDG2173,31,0,23,,,57,A
367512920,2022-01-01T16:46:16,29.56711,-90.56504,4.6,120.8,118.0,SANDPIPER,,WDG2173,31,0,23,,,57,A
367512920,2022-01-01T16:52:16,29.56366,-90.55778,4.3,118.3,114.0,SANDPIPER,,WDG2173,31,0,23,,,57,A
367512920,2022-01-01T16:58:16,29.56167,-90.54973,4.3,100.9,95.0,SANDPIPER,,WDG2173,31,0,23,,,57,A
367512920,2022-01-01T17:03:15,29.56123,-90.54262,4.6,91.1,91.0,SANDPIPER,,WDG2173,31,0,23,,,57,A
367512920,2022-01-01T17:08:15,29.56095,-90.53509,4.9,92.7,92.0,SANDPIPER,,WDG2173,31,0,23,,,57,A
367512920,2022-01-01T17:26:26,29.55994,-90.50852,4.6,94.0,95.0,SANDPIPER,,WDG2173,31,0,23,,,57,A
367512920,2022-01-01T17:28:46,29.55980,-90.50505,4.6,92.4,96.0,SANDPIPER,,WDG2173,31,0,23,,,57,A
367512920,2022-01-01T17:35:06,29.55935,-90.49564,4.7,91.8,94.0,SANDPIPER,,WDG2173,31,0,23,,,57,A
367512920,2022-01-01T17:38:47,29.55910,-90.49004,4.8,92.2,93.0,SANDPIPER,,WDG2173,31,0,23,,,57,A
367512920,2022-01-01T17:41:06,29.55899,-90.48650,4.8,91.7,93.0,SANDPIPER,,WDG2173,31,0,23,,,57,A
367512920,2022-01-01T17:51:47,29.55834,-90.47044,4.7,92.5,94.0,SANDPIPER,,WDG2173,31,0,23,,,57,A
367512920,2022-01-01T17:56:17,29.55809,-90.46366,4.8,91.6,93.0,SANDPIPER,,WDG2173,31,0,23,,,57,A
367512920,2022-01-01T17:57:26,29.55805,-90.46192,4.7,91.6,94.0,SANDPIPER,,WDG2173,31,0,23,,,57,A
367512920,2022-01-01T18:01:26,29.55776,-90.45600,4.7,94.3,94.0,SANDPIPER,,WDG2173,31,0,23,,,57,A
367512920,2022-01-01T18:03:47,29.55758,-90.45253,4.5,95.0,99.0,SANDPIPER,,WDG2173,31,0,23,,,57,A
367512920,2022-01-01T18:05:06,29.55735,-90.45061,4.6,98.7,98.0,SANDPIPER,,WDG2173,31,0,23,,,57,A
367512920,2022-01-01T18:11:16,29.55622,-90.44165,4.3,101.4,101.0,SANDPIPER,,WDG2173,31,0,23,,,57,A
367512920,2022-01-01T18:34:36,29.55198,-90.41351,4.8,99.6,102.0,SANDPIPER,,WDG2173,31,0,23,,,57,A
367512920,2022-01-01T19:02:26,29.56340,-90.38797,2.9,22.3,21.0,SANDPIPER,,WDG2173,31,0,23,,,57,A
367512920,2022-01-01T19:11:06,29.57018,-90.38491,3.5,24.4,24.0,SANDPIPER,,WDG2173,31,0,23,,,57,A
367512920,2022-01-01T19:15:35,29.57429,-90.38235,4.0,32.2,31.0,SANDPIPER,,WDG2173,31,0,23,,,57,A
367512920,2022-01-01T19:19:07,29.57770,-90.37997,4.3,32.5,30.0,SANDPIPER,,WDG2173,31,0,23,,,57,A
367512920,2022-01-01T19:28:36,29.58762,-90.37299,4.7,29.3,32.0,SANDPIPER,,WDG2173,31,0,23,,,57,A
367512920,2022-01-01T19:34:07,29.59379,-90.36852,4.8,31.9,31.0,SANDPIPER,,WDG2173,31,0,23,,,57,A
367512920,2022-01-01T19:36:45,29.59684,-90.36639,4.9,32.6,32.0,SANDPIPER,,WDG2173,31,0,23,,,57,A
367512920,2022-01-01T19:41:06,29.60185,-90.36283,4.9,30.3,30.0,SANDPIPER,,WDG2173,31,0,23,,,57,A
367512920,2022-01-01T20:08:57,29.63351,-90.34046,4.9,29.1,32.0,SANDPIPER,,WDG2173,31,0,23,,,57,A
367512920,2022-01-01T20:29:45,29.64538,-90.31722,4.5,89.3,90.0,SANDPIPER,,WDG2173,31,0,23,,,57,A
367512920,2022-01-01T20:33:15,29.64555,-90.31221,4.4,89.1,91.0,SANDPIPER,,WDG2173,31,0,23,,,57,A
367512920,2022-01-01T20:34:16,29.64552,-90.31079,4.4,91.9,90.0,SANDPIPER,,WDG2173,31,0,23,,,57,A
367512920,2022-01-01T20:49:37,29.64594,-90.28869,4.5,86.4,88.0,SANDPIPER,,WDG2173,31,0,23,,,57,A
367512920,2022-01-01T20:54:25,29.64591,-90.28198,4.2,92.7,87.0,SANDPIPER,,WDG2173,31,0,23,,,57,A
367512920,2022-01-01T21:15:56,29.65062,-90.25545,4.1,76.7,78.0,SANDPIPER,,WDG2173,31,0,23,,,57,A
367512920,2022-01-01T21:37:25,29.65605,-90.22862,4.0,78.8,79.0,SANDPIPER,,WDG2173,31,0,23,,,57,A
367512920,2022-01-01T21:51:46,29.66221,-90.21209,4.0,52.9,50.0,SANDPIPER,,WDG2173,31,0,23,,,57,A
367512920,2022-01-01T21:52:57,29.66303,-90.21092,3.9,51.0,48.0,SANDPIPER,,WDG2173,31,0,23,,,57,A
367512920,2022-01-01T22:03:16,29.67157,-90.20136,4.3,40.6,40.0,SANDPIPER,,WDG2173,31,0,23,,,57,A
367512920,2022-01-01T22:04:27,29.67262,-90.20032,4.3,39.9,40.0,SANDPIPER,,WDG2173,31,0,23,,,57,A
367512920,2022-01-01T22:06:47,29.67476,-90.19828,4.3,37.7,40.0,SANDPIPER,,WDG2173,31,0,23,,,57,A
367512920,2022-01-01T22:10:37,29.67834,-90.19501,4.1,37.5,39.0,SANDPIPER,,WDG2173,31,0,23,,,57,A
367512920,2022-01-01T22:16:26,29.68391,-90.19011,4.9,36.4,39.0,SANDPIPER,,WDG2173,31,0,23,,,57,A
367512920,2022-01-01T22:32:35,29.69930,-90.17641,4.0,38.0,38.0,SANDPIPER,,WDG2173,31,0,23,,,57,A
367512920,2022-01-01T22:33:36,29.70020,-90.17563,4.0,37.2,38.0,SANDPIPER,,WDG2173,31,0,23,,,57,A
367512920,2022-01-01T22:43:27,29.70875,-90.16819,4.0,36.6,39.0,SANDPIPER,,WDG2173,31,0,23,,,57,A
367512920,2022-01-01T22:49:07,29.71385,-90.16382,4.1,36.0,39.0,SANDPIPER,,WDG2173,31,0,23,,,57,A
367512920,2022-01-01T22:51:26,29.71598,-90.16197,4.2,37.1,39.0,SANDPIPER,,WDG2173,31,0,23,,,57,A
367512920,2022-01-01T22:52:36,29.71705,-90.16100,4.2,38.5,40.0,SANDPIPER,,WDG2173,31,0,23,,,57,A
367512920,2022-01-01T23:02:37,29.72639,-90.15274,4.4,41.6,39.0,SANDPIPER,,WDG2173,31,0,23,,,57,A
367512920,2022-01-01T23:10:36,29.73420,-90.14578,4.4,37.6,37.0,SANDPIPER,,WDG2173,31,0,23,,,57,A
367512920,2022-01-01T23:14:06,29.73763,-90.14276,4.4,37.7,39.0,SANDPIPER,,WDG2173,31,0,23,,,57,A
367512920,2022-01-01T23:30:05,29.75486,-90.13386,4.0,41.3,51.0,SANDPIPER,,WDG2173,31,0,23,,,57,A
367512920,2022-01-01T23:42:07,29.76078,-90.11922,4.5,79.3,80.0,SANDPIPER,,WDG2173,31,0,23,,,57,A
367512920,2022-01-02T00:00:56,29.76264,-90.09250,4.3,79.2,73.0,SANDPIPER,,WDG2173,31,0,23,,,57,A
367512920,2022-01-02T00:01:57,29.76291,-90.09117,4.2,75.8,66.0,SANDPIPER,,WDG2173,31,0,23,,,57,A
367512920,2022-01-02T00:03:07,29.76346,-90.08977,4.2,66.6,66.0,SANDPIPER,,WDG2173,31,0,23,,,57,A
367512920,2022-01-02T00:04:17,29.76401,-90.08834,4.2,66.0,62.0,SANDPIPER,,WDG2173,31,0,23,,,57,A
367512920,2022-01-02T00:05:27,29.76459,-90.08692,4.2,66.2,53.0,SANDPIPER,,WDG2173,31,0,23,,,57,A
367512920,2022-01-02T00:06:36,29.76537,-90.08571,4.1,51.9,51.0,SANDPIPER,,WDG2173,31,0,23,,,57,A
367512920,2022-01-02T00:08:57,29.76713,-90.08326,4.4,51.6,51.0,SANDPIPER,,WDG2173,31,0,23,,,57,A
367512920,2022-01-02T00:11:37,29.76926,-90.08041,4.4,52.6,55.0,SANDPIPER,,WDG2173,31,0,23,,,57,A
367512920,2022-01-02T00:12:47,29.77012,-90.07909,4.4,54.0,57.0,SANDPIPER,,WDG2173,31,0,23,,,57,A
367512920,2022-01-02T00:15:07,29.77179,-90.07627,4.7,57.6,56.0,SANDPIPER,,WDG2173,31,0,23,,,57,A
367512920,2022-01-02T00:16:16,29.77268,-90.07482,4.7,53.5,54.0,SANDPIPER,,WDG2173,31,0,23,,,57,A
367512920,2022-01-02T00:13:56,29.77091,-90.07772,4.6,55.3,57.0,SANDPIPER,,WDG2173,31,0,23,,,57,A
367512920,2022-01-02T00:17:17,29.77347,-90.07358,4.8,55.5,51.0,SANDPIPER,,WDG2173,31,0,23,,,57,A
367512920,2022-01-02T00:07:47,29.76627,-90.08451,4.2,48.4,51.0,SANDPIPER,,WDG2173,31,0,23,,,57,A
367512920,2022-01-02T00:19:36,29.77545,-90.07095,4.7,45.8,42.0,SANDPIPER,,WDG2173,31,0,23,,,57,A
367512920,2022-01-02T00:23:07,29.77865,-90.06746,4.2,41.1,35.0,SANDPIPER,,WDG2173,31,0,23,,,57,A
367512920,2022-01-02T00:20:47,29.77661,-90.06973,4.7,41.8,43.0,SANDPIPER,,WDG2173,31,0,23,,,57,A
367512920,2022-01-02T00:25:25,29.78072,-90.06567,3.9,23.0,24.0,SANDPIPER,,WDG2173,31,0,23,,,57,A
367512920,2022-01-02T00:27:36,29.78293,-90.06451,4.1,20.5,13.0,SANDPIPER,,WDG2173,31,0,23,,,57,A
367512920,2022-01-02T00:24:16,29.77966,-90.06644,4.1,39.1,30.0,SANDPIPER,,WDG2173,31,0,23,,,57,A
367512920,2022-01-02T00:10:07,29.76806,-90.08201,4.4,45.9,51.0,SANDPIPER,,WDG2173,31,0,23,,,57,A
367512920,2022-01-02T00:28:46,29.78419,-90.06413,4.0,9.6,6.0,SANDPIPER,,WDG2173,31,0,23,,,57,A
367512920,2022-01-02T00:32:26,29.78810,-90.06397,3.7,345.2,345.0,SANDPIPER,,WDG2173,31,0,23,,,57,A
367512920,2022-01-02T00:29:57,29.78550,-90.06395,4.0,8.5,3.0,SANDPIPER,,WDG2173,31,0,23,,,57,A
367512920,2022-01-02T00:31:07,29.78677,-90.06371,3.9,3.8,348.0,SANDPIPER,,WDG2173,31,0,23,,,57,A
367512920,2022-01-02T00:37:26,29.79360,-90.06590,4.4,343.4,344.0,SANDPIPER,,WDG2173,31,0,23,,,57,A
367512920,2022-01-02T00:33:37,29.78930,-90.06433,3.9,345.1,344.0,SANDPIPER,,WDG2173,31,0,23,,,57,A
367512920,2022-01-02T00:40:56,29.79765,-90.06728,4.2,343.9,341.0,SANDPIPER,,WDG2173,31,0,23,,,57,A
367512920,2022-01-02T00:42:06,29.79896,-90.06773,4.1,339.3,335.0,SANDPIPER,,WDG2173,31,0,23,,,57,A
367512920,2022-01-02T00:34:47,29.79058,-90.06475,4.1,344.1,343.0,SANDPIPER,,WDG2173,31,0,23,,,57,A
367512920,2022-01-02T00:36:06,29.79204,-90.06533,4.3,341.0,341.0,SANDPIPER,,WDG2173,31,0,23,,,57,A
367512920,2022-01-02T00:38:36,29.79500,-90.06638,4.4,348.3,344.0,SANDPIPER,,WDG2173,31,0,23,,,57,A
367512920,2022-01-02T00:43:15,29.80021,-90.06839,4.2,332.6,333.0,SANDPIPER,,WDG2173,31,0,23,,,57,A
367512920,2022-01-02T00:39:45,29.79633,-90.06683,4.3,344.8,343.0,SANDPIPER,,WDG2173,31,0,23,,,57,A
367512920,2022-01-02T00:18:27,29.77442,-90.07219,4.7,47.5,44.0,SANDPIPER,,WDG2173,31,0,23,,,57,A
367512920,2022-01-02T00:44:27,29.80147,-90.06916,4.4,330.9,331.0,SANDPIPER,,WDG2173,31,0,23,,,57,A
367512920,2022-01-02T00:51:36,29.80954,-90.07138,4.3,12.8,16.0,SANDPIPER,,WDG2173,31,0,23,,,57,A
367512920,2022-01-02T00:52:47,29.81095,-90.07095,4.5,15.4,16.0,SANDPIPER,,WDG2173,31,0,23,,,57,A
367512920,2022-01-02T00:45:46,29.80282,-90.07019,4.4,320.8,339.0,SANDPIPER,,WDG2173,31,0,23,,,57,A
367512920,2022-01-02T00:53:56,29.81236,-90.07052,4.6,16.8,16.0,SANDPIPER,,WDG2173,31,0,23,,,57,A
367512920,2022-01-02T00:49:16,29.80677,-90.07161,4.4,349.1,3.0,SANDPIPER,,WDG2173,31,0,23,,,57,A
367512920,2022-01-02T00:46:55,29.80403,-90.07081,4.2,340.2,348.0,SANDPIPER,,WDG2173,31,0,23,,,57,A
367512920,2022-01-02T00:50:27,29.80820,-90.07169,4.2,5.4,14.0,SANDPIPER,,WDG2173,31,0,23,,,57,A
367512920,2022-01-02T00:48:06,29.80539,-90.07125,4.4,344.8,352.0,SANDPIPER,,WDG2173,31,0,23,,,57,A
367512920,2022-01-02T00:58:36,29.81808,-90.06847,4.6,19.5,24.0,SANDPIPER,,WDG2173,31,0,23,,,57,A
367512920,2022-01-02T00:21:57,29.77762,-90.06854,4.4,44.4,40.0,SANDPIPER,,WDG2173,31,0,23,,,57,A
367512920,2022-01-02T00:55:05,29.81380,-90.07006,4.7,16.0,18.0,SANDPIPER,,WDG2173,31,0,23,,,57,A
367512920,2022-01-02T00:56:16,29.81526,-90.06954,4.6,17.3,19.0,SANDPIPER,,WDG2173,31,0,23,,,57,A
367512920,2022-01-02T00:57:26,29.81665,-90.06901,4.5,18.2,19.0,SANDPIPER,,WDG2173,31,0,23,,,57,A
367512920,2022-01-02T01:06:25,29.82521,-90.06161,4.4,58.8,54.0,SANDPIPER,,WDG2173,31,0,23,,,57,A
367512920,2022-01-02T00:26:26,29.78171,-90.06508,4.0,26.1,19.0,SANDPIPER,,WDG2173,31,0,23,,,57,A
367512920,2022-01-02T01:00:55,29.82085,-90.06715,4.5,21.9,36.0,SANDPIPER,,WDG2173,31,0,23,,,57,A
367512920,2022-01-02T01:03:37,29.82323,-90.06475,4.2,54.7,52.0,SANDPIPER,,WDG2173,31,0,23,,,57,A
367512920,2022-01-02T01:04:45,29.82407,-90.06353,4.3,52.2,54.0,SANDPIPER,,WDG2173,31,0,23,,,57,A
367512920,2022-01-02T01:07:37,29.82607,-90.06025,4.3,51.5,54.0,SANDPIPER,,WDG2173,31,0,23,,,57,A
367512920,2022-01-02T01:08:46,29.82687,-90.05894,4.4,55.1,54.0,SANDPIPER,,WDG2173,31,0,23,,,57,A
367512920,2022-01-02T01:12:25,29.82950,-90.05467,4.3,49.6,52.0,SANDPIPER,,WDG2173,31,0,23,,,57,A
367512920,2022-01-02T01:17:07,29.83298,-90.04928,4.5,53.9,54.0,SANDPIPER,,WDG2173,31,0,23,,,57,A
367512920,2022-01-02T01:20:36,29.83567,-90.04507,4.7,51.7,55.0,SANDPIPER,,WDG2173,31,0,23,,,57,A
367512920,2022-01-02T01:13:36,29.83040,-90.05336,4.4,52.7,54.0,SANDPIPER,,WDG2173,31,0,23,,,57,A
367512920,2022-01-02T01:21:46,29.83653,-90.04366,4.6,56.1,53.0,SANDPIPER,,WDG2173,31,0,23,,,57,A
367512920,2022-01-02T01:15:56,29.83212,-90.05068,4.5,54.7,54.0,SANDPIPER,,WDG2173,31,0,23,,,57,A
367512920,2022-01-02T01:18:16,29.83386,-90.04792,4.6,53.0,54.0,SANDPIPER,,WDG2173,31,0,23,,,57,A
367512920,2022-01-02T01:19:26,29.83477,-90.04650,4.7,51.9,54.0,SANDPIPER,,WDG2173,31,0,23,,,57,A
367512920,2022-01-02T01:24:06,29.83827,-90.04096,4.5,51.1,55.0,SANDPIPER,,WDG2173,31,0,23,,,57,A
367512920,2022-01-02T01:27:36,29.84077,-90.03693,4.4,53.2,55.0,SANDPIPER,,WDG2173,31,0,23,,,57,A
367512920,2022-01-02T01:31:07,29.84328,-90.03294,4.3,56.1,57.0,SANDPIPER,,WDG2173,31,0,23,,,57,A
367512920,2022-01-02T01:25:16,29.83911,-90.03960,4.4,51.4,55.0,SANDPIPER,,WDG2173,31,0,23,,,57,A
367512920,2022-01-02T01:26:26,29.83994,-90.03827,4.4,54.8,55.0,SANDPIPER,,WDG2173,31,0,23,,,57,A
367512920,2022-01-02T01:32:17,29.84406,-90.03155,4.4,56.2,55.0,SANDPIPER,,WDG2173,31,0,23,,,57,A
367512920,2022-01-02T01:33:27,29.84489,-90.03024,4.3,52.6,54.0,SANDPIPER,,WDG2173,31,0,23,,,57,A
367512920,2022-01-02T01:22:56,29.83740,-90.04230,4.5,57.0,54.0,SANDPIPER,,WDG2173,31,0,23,,,57,A
367512920,2022-01-02T01:35:45,29.84650,-90.02765,4.4,55.0,53.0,SANDPIPER,,WDG2173,31,0,23,,,57,A
367512920,2022-01-02T01:36:55,29.84735,-90.02635,4.3,54.8,53.0,SANDPIPER,,WDG2173,31,0,23,,,57,A
367512920,2022-01-02T01:34:36,29.84571,-90.02896,4.3,55.0,54.0,SANDPIPER,,WDG2173,31,0,23,,,57,A
367512920,2022-01-02T01:40:26,29.84997,-90.02258,4.2,44.4,34.0,SANDPIPER,,WDG2173,31,0,23,,,57,A
367512920,2022-01-02T01:29:57,29.84243,-90.03421,4.4,52.5,55.0,SANDPIPER,,WDG2173,31,0,23,,,57,A
367512920,2022-01-02T01:42:37,29.85213,-90.02098,4.3,29.7,31.0,SANDPIPER,,WDG2173,31,0,23,,,57,A
367512920,2022-01-02T01:47:17,29.85710,-90.01780,4.5,30.5,31.0,SANDPIPER,,WDG2173,31,0,23,,,57,A
367512920,2022-01-02T01:39:16,29.84904,-90.02376,4.3,49.6,42.0,SANDPIPER,,WDG2173,31,0,23,,,57,A
367512920,2022-01-02T01:43:47,29.85332,-90.02015,4.3,32.9,30.0,SANDPIPER,,WDG2173,31,0,23,,,57,A
367512920,2022-01-02T01:44:56,29.85453,-90.01938,4.4,25.2,30.0,SANDPIPER,,WDG2173,31,0,23,,,57,A
367512920,2022-01-02T01:48:26,29.85837,-90.01698,4.6,26.6,29.0,SANDPIPER,,WDG2173,31,0,23,,,57,A
367512920,2022-01-02T01:52:15,29.86256,-90.01440,4.3,28.4,28.0,SANDPIPER,,WDG2173,31,0,23,,,57,A
367512920,2022-01-02T01:50:47,29.86100,-90.01536,4.4,28.6,29.0,SANDPIPER,,WDG2173,31,0,23,,,57,A
367512920,2022-01-02T01:53:26,29.86386,-90.01366,4.4,27.1,28.0,SANDPIPER,,WDG2173,31,0,23,,,57,A
367512920,2022-01-02T01:49:36,29.85969,-90.01617,4.6,28.9,31.0,SANDPIPER,,WDG2173,31,0,23,,,57,A
367512920,2022-01-02T02:01:06,29.87184,-90.00884,4.1,26.9,29.0,SANDPIPER,,WDG2173,31,0,23,,,57,A
367512920,2022-01-02T02:02:16,29.87313,-90.00812,4.2,26.1,29.0,SANDPIPER,,WDG2173,31,0,23,,,57,A
367512920,2022-01-02T01:58:06,29.86889,-90.01070,4.1,28.9,29.0,SANDPIPER,,WDG2173,31,0,23,,,57,A
367512920,2022-01-02T01:54:37,29.86516,-90.01289,4.4,26.4,28.0,SANDPIPER,,WDG2173,31,0,23,,,57,A
367512920,2022-01-02T02:04:47,29.87567,-90.00662,4.0,21.8,29.0,SANDPIPER,,WDG2173,31,0,23,,,57,A
367512920,2022-01-02T01:55:47,29.86643,-90.01215,4.4,25.7,27.0,SANDPIPER,,WDG2173,31,0,23,,,57,A
367512920,2022-01-02T01:59:16,29.87005,-90.01001,4.0,32.9,30.0,SANDPIPER,,WDG2173,31,0,23,,,57,A
367512920,2022-01-02T01:56:57,29.86767,-90.01143,4.3,28.1,28.0,SANDPIPER,,WDG2173,31,0,23,,,57,A
367512920,2022-01-02T02:08:16,29.87910,-90.00459,4.1,25.2,30.0,SANDPIPER,,WDG2173,31,0,23,,,57,A
367512920,2022-01-02T02:05:57,29.87677,-90.00591,3.9,32.0,28.0,SANDPIPER,,WDG2173,31,0,23,,,57,A
367512920,2022-01-02T02:03:37,29.87449,-90.00727,4.1,33.2,28.0,SANDPIPER,,WDG2173,31,0,23,,,57,A
367512920,2022-01-02T02:11:36,29.88252,-90.00246,4.4,27.5,27.0,SANDPIPER,,WDG2173,31,0,23,,,57,A
367512920,2022-01-02T02:09:27,29.88028,-90.00379,4.1,31.2,27.0,SANDPIPER,,WDG2173,31,0,23,,,57,A
367512920,2022-01-02T00:59:46,29.81950,-90.06784,4.7,21.2,28.0,SANDPIPER,,WDG2173,31,0,23,,,57,A
367512920,2022-01-02T02:12:47,29.88379,-90.00173,4.3,26.0,28.0,SANDPIPER,,WDG2173,31,0,23,,,57,A
367512920,2022-01-02T02:07:06,29.87791,-90.00525,4.0,27.5,28.0,SANDPIPER,,WDG2173,31,0,23,,,57,A
367512920,2022-01-02T02:15:06,29.88631,-90.00024,4.5,24.2,27.0,SANDPIPER,,WDG2173,31,0,23,,,57,A
367512920,2022-01-02T01:02:26,29.82236,-90.06599,4.2,44.2,52.0,SANDPIPER,,WDG2173,31,0,23,,,57,A
367512920,2022-01-02T02:18:36,29.89014,-89.99796,4.5,28.4,27.0,SANDPIPER,,WDG2173,31,0,23,,,57,A
367512920,2022-01-02T02:10:35,29.88144,-90.00312,4.2,27.1,28.0,SANDPIPER,,WDG2173,31,0,23,,,57,A
367512920,2022-01-02T02:20:56,29.89268,-89.99652,4.2,32.5,30.0,SANDPIPER,,WDG2173,31,0,23,,,57,A
367512920,2022-01-02T02:13:56,29.88500,-90.00096,4.4,28.5,26.0,SANDPIPER,,WDG2173,31,0,23,,,57,A
367512920,2022-01-02T02:19:46,29.89141,-89.99717,4.3,21.8,26.0,SANDPIPER,,WDG2173,31,0,23,,,57,A
367512920,2022-01-02T02:16:16,29.88761,-89.99949,4.4,28.7,29.0,SANDPIPER,,WDG2173,31,0,23,,,57,A
367512920,2022-01-02T02:17:26,29.88885,-89.99868,4.5,28.3,26.0,SANDPIPER,,WDG2173,31,0,23,,,57,A
367512920,2022-01-02T02:31:06,29.90285,-89.98900,4.4,47.7,50.0,SANDPIPER,,WDG2173,31,0,23,,,57,A
367512920,2022-01-02T02:23:07,29.89491,-89.99507,4.4,30.3,27.0,SANDPIPER,,WDG2173,31,0,23,,,57,A
367512920,2022-01-02T02:24:15,29.89614,-89.99428,4.4,28.6,25.0,SANDPIPER,,WDG2173,31,0,23,,,57,A
367512920,2022-01-02T01:10:06,29.82785,-90.05739,4.5,53.7,54.0,SANDPIPER,,WDG2173,31,0,23,,,57,A
367512920,2022-01-02T02:26:25,29.89854,-89.99298,4.3,29.6,34.0,SANDPIPER,,WDG2173,31,0,23,,,57,A
367512920,2022-01-02T01:11:16,29.82869,-90.05601,4.5,56.9,54.0,SANDPIPER,,WDG2173,31,0,23,,,57,A
367512920,2022-01-02T02:27:37,29.89975,-89.99215,4.2,34.0,40.0,SANDPIPER,,WDG2173,31,0,23,,,57,A
367512920,2022-01-02T02:29:56,29.90184,-89.99016,4.3,44.7,47.0,SANDPIPER,,WDG2173,31,0,23,,,57,A
367512920,2022-01-02T02:32:16,29.90377,-89.98784,4.0,45.4,50.0,SANDPIPER,,WDG2173,31,0,23,,,57,A
367512920,2022-01-02T02:28:46,29.90080,-89.99121,4.1,39.8,44.0,SANDPIPER,,WDG2173,31,0,23,,,57,A
367512920,2022-01-02T02:35:46,29.90593,-89.98488,3.1,53.6,53.0,SANDPIPER,,WDG2173,31,0,23,,,57,A
367512920,2022-01-02T02:39:15,29.90759,-89.98245,2.7,52.2,50.0,SANDPIPER,,WDG2173,31,0,23,,,57,A
367512920,2022-01-02T02:34:35,29.90525,-89.98584,3.3,48.4,52.0,SANDPIPER,,WDG2173,31,0,23,,,57,A
367512920,2022-01-02T01:14:46,29.83125,-90.05202,4.5,53.4,54.0,SANDPIPER,,WDG2173,31,0,23,,,57,A
367512920,2022-01-02T02:40:25,29.90823,-89.98154,3.4,49.7,49.0,SANDPIPER,,WDG2173,31,0,23,,,57,A
367512920,2022-01-02T02:36:57,29.90650,-89.98395,2.8,51.7,48.0,SANDPIPER,,WDG2173,31,0,23,,,57,A
367512920,2022-01-02T02:38:07,29.90709,-89.98320,2.6,47.3,51.0,SANDPIPER,,WDG2173,31,0,23,,,57,A
367512920,2022-01-02T02:42:47,29.90975,-89.97946,3.5,49.9,49.0,SANDPIPER,,WDG2173,31,0,23,,,57,A
367512920,2022-01-02T02:50:57,29.91333,-89.97451,1.7,47.9,49.0,SANDPIPER,,WDG2173,31,0,23,,,57,A
367512920,2022-01-02T02:41:36,29.90898,-89.98048,3.6,49.8,49.0,SANDPIPER,,WDG2173,31,0,23,,,57,A
367512920,2022-01-02T02:45:06,29.91104,-89.97768,2.8,49.2,50.0,SANDPIPER,,WDG2173,31,0,23,,,57,A
367512920,2022-01-02T02:46:17,29.91163,-89.97690,2.5,49.5,50.0,SANDPIPER,,WDG2173,31,0,23,,,57,A
367512920,2022-01-02T02:47:26,29.91209,-89.97626,2.2,50.8,50.0,SANDPIPER,,WDG2173,31,0,23,,,57,A
367512920,2022-01-02T02:52:07,29.91365,-89.97413,1.2,51.2,49.0,SANDPIPER,,WDG2173,31,0,23,,,57,A
367512920,2022-01-02T02:57:47,29.91453,-89.97290,0.1,30.0,49.0,SANDPIPER,,WDG2173,31,0,23,,,57,A
367512920,2022-01-02T02:56:37,29.91449,-89.97295,0.5,50.8,49.0,SANDPIPER,,WDG2173,31,0,23,,,57,A
367512920,2022-01-02T02:48:36,29.91251,-89.97561,2.1,52.6,49.0,SANDPIPER,,WDG2173,31,0,23,,,57,A
367512920,2022-01-02T02:49:45,29.91292,-89.97504,1.9,46.2,48.0,SANDPIPER,,WDG2173,31,0,23,,,57,A
367512920,2022-01-02T03:01:36,29.91455,-89.97285,0.0,262.8,49.0,SANDPIPER,,WDG2173,31,0,23,,,57,A
367512920,2022-01-02T02:54:16,29.91414,-89.97343,1.1,51.9,48.0,SANDPIPER,,WDG2173,31,0,23,,,57,A
367512920,2022-01-02T02:53:15,29.91390,-89.97373,1.4,51.6,48.0,SANDPIPER,,WDG2173,31,0,23,,,57,A
367512920,2022-01-02T03:07:36,29.91457,-89.97284,0.2,51.4,49.0,SANDPIPER,,WDG2173,31,0,23,,,57,A
367512920,2022-01-02T01:28:46,29.84158,-90.03557,4.4,55.9,54.0,SANDPIPER,,WDG2173,31,0,23,,,57,A
367512920,2022-01-02T03:00:25,29.91455,-89.97286,0.1,235.0,49.0,SANDPIPER,,WDG2173,31,0,23,,,57,A
367512920,2022-01-02T03:02:46,29.91454,-89.97287,0.0,298.9,49.0,SANDPIPER,,WDG2173,31,0,23,,,57,A
367512920,2022-01-02T03:05:07,29.91454,-89.97287,0.1,171.7,49.0,SANDPIPER,,WDG2173,31,0,23,,,57,A
367512920,2022-01-02T03:08:46,29.91469,-89.97267,0.8,47.8,49.0,SANDPIPER,,WDG2173,31,0,23,,,57,A
367512920,2022-01-02T03:06:26,29.91456,-89.97287,0.0,292.1,50.0,SANDPIPER,,WDG2173,31,0,23,,,57,A
367512920,2022-01-02T03:17:17,29.91763,-89.96830,3.7,61.0,46.0,SANDPIPER,,WDG2173,31,0,23,,,57,A
367512920,2022-01-02T03:11:07,29.91515,-89.97206,1.2,42.2,50.0,SANDPIPER,,WDG2173,31,0,23,,,57,A
367512920,2022-01-02T01:38:06,29.84814,-90.02499,4.3,55.4,47.0,SANDPIPER,,WDG2173,31,0,23,,,57,A
367512920,2022-01-02T03:09:56,29.91491,-89.97241,1.1,47.9,50.0,SANDPIPER,,WDG2173,31,0,23,,,57,A
367512920,2022-01-02T03:16:06,29.91696,-89.96936,3.2,51.6,51.0,SANDPIPER,,WDG2173,31,0,23,,,57,A
367512920,2022-01-02T03:13:46,29.91601,-89.97097,2.1,51.4,55.0,SANDPIPER,,WDG2173,31,0,23,,,57,A
367512920,2022-01-02T03:18:26,29.91831,-89.96715,3.9,49.9,24.0,SANDPIPER,,WDG2173,31,0,23,,,57,A
367512920,2022-01-02T01:41:35,29.85105,-90.02171,4.2,31.2,31.0,SANDPIPER,,WDG2173,31,0,23,,,57,A
367512920,2022-01-02T03:12:36,29.91557,-89.97156,1.9,51.3,52.0,SANDPIPER,,WDG2173,31,0,23,,,57,A
367512920,2022-01-02T03:22:46,29.92270,-89.96614,3.4,308.5,285.0,SANDPIPER,,WDG2173,31,0,23,,,57,A
367512920,2022-01-02T03:23:56,29.92319,-89.96742,4.2,287.0,280.0,SANDPIPER,,WDG2173,31,0,23,,,57,A
367512920,2022-01-02T03:14:56,29.91642,-89.97024,2.5,59.0,53.0,SANDPIPER,,WDG2173,31,0,23,,,57,A
367512920,2022-01-02T03:19:27,29.91923,-89.96635,4.2,31.2,358.0,SANDPIPER,,WDG2173,31,0,23,,,57,A
367512920,2022-01-02T03:25:05,29.92340,-89.96906,4.8,281.3,283.0,SANDPIPER,,WDG2173,31,0,23,,,57,A
367512920,2022-01-02T03:26:16,29.92376,-89.97092,5.3,283.1,282.0,SANDPIPER,,WDG2173,31,0,23,,,57,A
367512920,2022-01-02T03:20:36,29.92051,-89.96582,4.4,15.9,335.0,SANDPIPER,,WDG2173,31,0,23,,,57,A
367512920,2022-01-02T03:21:39,29.92183,-89.96551,4.4,1.5,302.0,SANDPIPER,,WDG2173,31,0,23,,,57,A
367512920,2022-01-02T03:28:36,29.92447,-89.97511,5.9,288.7,289.0,SANDPIPER,,WDG2173,31,0,23,,,57,A
367512920,2022-01-02T03:29:45,29.92504,-89.97720,6.0,286.3,287.0,SANDPIPER,,WDG2173,31,0,23,,,57,A
367512920,2022-01-02T03:33:07,29.92675,-89.98324,5.7,302.0,306.0,SANDPIPER,,WDG2173,31,0,23,,,57,A
367512920,2022-01-02T03:34:16,29.92784,-89.98502,6.0,307.2,306.0,SANDPIPER,,WDG2173,31,0,23,,,57,A
367512920,2022-01-02T03:35:26,29.92904,-89.98683,6.2,307.0,306.0,SANDPIPER,,WDG2173,31,0,23,,,57,A
367512920,2022-01-02T03:30:47,29.92550,-89.97913,6.1,283.0,288.0,SANDPIPER,,WDG2173,31,0,23,,,57,A
367512920,2022-01-02T03:37:45,29.93159,-89.99048,6.4,310.9,307.0,SANDPIPER,,WDG2173,31,0,23,,,57,A
367512920,2022-01-02T01:46:06,29.85580,-90.01859,4.4,29.8,30.0,SANDPIPER,,WDG2173,31,0,23,,,57,A
367512920,2022-01-02T03:42:16,29.93647,-89.99777,6.4,307.7,307.0,SANDPIPER,,WDG2173,31,0,23,,,57,A
367512920,2022-01-02T03:31:55,29.92590,-89.98130,6.1,282.1,299.0,SANDPIPER,,WDG2173,31,0,23,,,57,A
367512920,2022-01-02T03:44:37,29.93895,-90.00153,6.3,301.6,302.0,SANDPIPER,,WDG2173,31,0,23,,,57,A
367512920,2022-01-02T03:38:46,29.93269,-89.99207,6.4,308.3,306.0,SANDPIPER,,WDG2173,31,0,23,,,57,A
367512920,2022-01-02T03:36:37,29.93029,-89.98868,6.3,309.0,308.0,SANDPIPER,,WDG2173,31,0,23,,,57,A
367512920,2022-01-02T03:39:57,29.93399,-89.99401,6.4,307.6,306.0,SANDPIPER,,WDG2173,31,0,23,,,57,A
367512920,2022-01-02T03:43:26,29.93775,-89.99960,6.3,307.6,304.0,SANDPIPER,,WDG2173,31,0,23,,,57,A
367512920,2022-01-02T03:50:25,29.94408,-90.01164,6.4,300.4,301.0,SANDPIPER,,WDG2173,31,0,23,,,57,A
367512920,2022-01-02T03:52:37,29.94610,-90.01549,6.5,301.3,299.0,SANDPIPER,,WDG2173,31,0,23,,,57,A
367512920,2022-01-02T03:41:06,29.93523,-89.99588,6.4,307.4,306.0,SANDPIPER,,WDG2173,31,0,23,,,57,A
367512920,2022-01-02T03:45:46,29.94003,-90.00351,6.3,301.2,302.0,SANDPIPER,,WDG2173,31,0,23,,,57,A
367512920,2022-01-02T03:46:56,29.94115,-90.00548,6.3,303.2,300.0,SANDPIPER,,WDG2173,31,0,23,,,57,A
367512920,2022-01-02T03:54:57,29.94816,-90.01972,6.5,298.2,297.0,SANDPIPER,,WDG2173,31,0,23,,,57,A
367512920,2022-01-02T03:57:17,29.95006,-90.02402,6.5,294.6,294.0,SANDPIPER,,WDG2173,31,0,23,,,57,A
367512920,2022-01-02T03:51:26,29.94498,-90.01342,6.5,300.1,302.0,SANDPIPER,,WDG2173,31,0,23,,,57,A
367512920,2022-01-02T03:53:46,29.94713,-90.01759,6.5,298.6,298.0,SANDPIPER,,WDG2173,31,0,23,,,57,A
367512920,2022-01-02T04:00:15,29.95221,-90.02970,6.6,292.0,292.0,SANDPIPER,,WDG2173,31,0,23,,,57,A
367512920,2022-01-02T03:56:06,29.94912,-90.02181,6.5,296.8,296.0,SANDPIPER,,WDG2173,31,0,23,,,57,A
367512920,2022-01-02T03:49:16,29.94310,-90.00960,6.4,298.2,300.0,SANDPIPER,,WDG2173,31,0,23,,,57,A
367512920,2022-01-02T03:59:36,29.95173,-90.02842,6.6,293.6,293.0,SANDPIPER,,WDG2173,31,0,23,,,57,A
367512920,2022-01-02T04:04:47,29.95535,-90.03845,6.6,288.8,287.0,SANDPIPER,,WDG2173,31,0,23,,,57,A
367512920,2022-01-02T04:03:46,29.95473,-90.03646,6.6,292.5,289.0,SANDPIPER,,WDG2173,31,0,23,,,57,A
367512920,2022-01-02T04:09:17,29.95716,-90.04763,6.7,271.9,270.0,SANDPIPER,,WDG2173,31,0,23,,,57,A
367512920,2022-01-02T03:58:26,29.95092,-90.02621,6.5,293.4,293.0,SANDPIPER,,WDG2173,31,0,23,,,57,A
367512920,2022-01-02T04:06:56,29.95660,-90.04275,6.6,287.6,278.0,SANDPIPER,,WDG2173,31,0,23,,,57,A
367512920,2022-01-02T04:15:56,29.95382,-90.05951,5.5,204.9,190.0,SANDPIPER,,WDG2173,31,0,23,,,57,A
367512920,2022-01-02T04:11:37,29.95721,-90.05287,7.4,271.4,257.0,SANDPIPER,,WDG2173,31,0,23,,,57,A
367512920,2022-01-02T04:12:40,29.95712,-90.05530,7.0,261.6,232.0,SANDPIPER,,WDG2173,31,0,23,,,57,A
367512920,2022-01-02T04:01:26,29.95305,-90.03199,6.6,294.0,293.0,SANDPIPER,,WDG2173,31,0,23,,,57,A
367512920,2022-01-02T04:19:27,29.94843,-90.06069,5.9,182.3,180.0,SANDPIPER,,WDG2173,31,0,23,,,57,A
367512920,2022-01-02T04:21:47,29.94441,-90.06072,6.4,178.9,178.0,SANDPIPER,,WDG2173,31,0,23,,,57,A
367512920,2022-01-02T04:26:25,29.93603,-90.06041,6.4,181.6,186.0,SANDPIPER,,WDG2173,31,0,23,,,57,A
367512920,2022-01-02T04:17:06,29.95214,-90.06018,5.6,192.7,185.0,SANDPIPER,,WDG2173,31,0,23,,,57,A
367512920,2022-01-02T04:27:45,29.93368,-90.06060,6.3,186.5,193.0,SANDPIPER,,WDG2173,31,0,23,,,57,A
367512920,2022-01-02T04:30:06,29.92987,-90.06184,5.8,205.4,216.0,SANDPIPER,,WDG2173,31,0,23,,,57,A
367512920,2022-01-02T04:13:43,29.95649,-90.05725,5.8,239.8,207.0,SANDPIPER,,WDG2173,31,0,23,,,57,A
367512920,2022-01-02T04:14:46,29.95535,-90.05846,5.3,217.3,197.0,SANDPIPER,,WDG2173,31,0,23,,,57,A
367512920,2022-01-02T04:22:56,29.94232,-90.06067,6.5,178.4,179.0,SANDPIPER,,WDG2173,31,0,23,,,57,A
367512920,2022-01-02T04:28:56,29.93170,-90.06109,6.1,194.0,204.0,SANDPIPER,,WDG2173,31,0,23,,,57,A
367512920,2022-01-02T04:24:05,29.94024,-90.06054,6.5,177.2,179.0,SANDPIPER,,WDG2173,31,0,23,,,57,A
367512920,2022-01-02T04:31:16,29.92840,-90.06306,5.8,220.1,219.0,SANDPIPER,,WDG2173,31,0,23,,,57,A
367512920,2022-01-02T04:35:57,29.92281,-90.06918,6.0,232.1,239.0,SANDPIPER,,WDG2173,31,0,23,,,57,A
367512920,2022-01-02T04:33:35,29.92545,-90.06584,6.0,220.6,230.0,SANDPIPER,,WDG2173,31,0,23,,,57,A
367512920,2022-01-02T04:34:46,29.92413,-90.06751,6.0,227.0,232.0,SANDPIPER,,WDG2173,31,0,23,,,57,A
367512920,2022-01-02T04:37:06,29.92163,-90.07097,6.0,234.3,244.0,SANDPIPER,,WDG2173,31,0,23,,,57,A
367512920,2022-01-02T04:20:37,29.94645,-90.06075,6.2,181.9,180.0,SANDPIPER,,WDG2173,31,0,23,,,57,A
367512920,2022-01-02T04:38:16,29.92062,-90.07285,6.0,241.5,246.0,SANDPIPER,,WDG2173,31,0,23,,,57,A
367512920,2022-01-02T04:39:27,29.91971,-90.07486,6.1,243.3,247.0,SANDPIPER,,WDG2173,31,0,23,,,57,A
367512920,2022-01-02T04:25:17,29.93799,-90.06063,6.5,179.1,180.0,SANDPIPER,,WDG2173,31,0,23,,,57,A
367512920,2022-01-02T04:44:07,29.91661,-90.08320,6.2,250.8,252.0,SANDPIPER,,WDG2173,31,0,23,,,57,A
367512920,2022-01-02T04:45:16,29.91598,-90.08543,6.3,252.2,251.0,SANDPIPER,,WDG2173,31,0,23,,,57,A
367512920,2022-01-02T04:32:25,29.92694,-90.06439,5.9,218.8,222.0,SANDPIPER,,WDG2173,31,0,23,,,57,A
367512920,2022-01-02T04:46:26,29.91524,-90.08759,6.3,247.7,250.0,SANDPIPER,,WDG2173,31,0,23,,,57,A
367512920,2022-01-02T04:50:55,29.91239,-90.09608,6.3,252.9,257.0,SANDPIPER,,WDG2173,31,0,23,,,57,A
367512920,2022-01-02T04:41:46,29.91803,-90.07892,6.1,247.9,250.0,SANDPIPER,,WDG2173,31,0,23,,,57,A
367512920,2022-01-02T04:52:06,29.91183,-90.09836,6.2,256.6,264.0,SANDPIPER,,WDG2173,31,0,23,,,57,A
367512920,2022-01-02T04:53:16,29.91161,-90.10063,6.2,266.3,264.0,SANDPIPER,,WDG2173,31,0,23,,,57,A
367512920,2022-01-02T04:42:56,29.91729,-90.08101,6.2,250.0,252.0,SANDPIPER,,WDG2173,31,0,23,,,57,A
367512920,2022-01-02T04:54:17,29.91144,-90.10259,6.2,263.9,263.0,SANDPIPER,,WDG2173,31,0,23,,,57,A
367512920,2022-01-02T04:40:36,29.91882,-90.07683,6.1,242.8,250.0,SANDPIPER,,WDG2173,31,0,23,,,57,A
367512920,2022-01-02T04:55:26,29.91118,-90.10489,6.3,261.0,265.0,SANDPIPER,,WDG2173,31,0,23,,,57,A
367512920,2022-01-02T04:56:36,29.91091,-90.10720,6.3,265.0,269.0,SANDPIPER,,WDG2173,31,0,23,,,57,A
367512920,2022-01-02T02:22:06,29.89384,-89.99574,4.2,28.2,28.0,SANDPIPER,,WDG2173,31,0,23,,,57,A
367512920,2022-01-02T04:47:36,29.91448,-90.08976,6.3,249.1,251.0,SANDPIPER,,WDG2173,31,0,23,,,57,A
367512920,2022-01-02T05:00:06,29.91090,-90.11428,6.4,271.7,272.0,SANDPIPER,,WDG2173,31,0,23,,,57,A
367512920,2022-01-02T04:49:47,29.91312,-90.09389,6.4,248.8,252.0,SANDPIPER,,WDG2173,31,0,23,,,57,A
367512920,2022-01-02T04:48:46,29.91376,-90.09198,6.4,248.8,251.0,SANDPIPER,,WDG2173,31,0,23,,,57,A
367512920,2022-01-02T05:04:57,29.91201,-90.12428,6.7,283.9,284.0,SANDPIPER,,WDG2173,31,0,23,,,57,A
367512920,2022-01-02T02:25:16,29.89728,-89.99367,4.4,20.7,28.0,SANDPIPER,,WDG2173,31,0,23,,,57,A
367512920,2022-01-02T05:09:37,29.91498,-90.13383,6.7,304.0,322.0,SANDPIPER,,WDG2173,31,0,23,,,57,A
367512920,2022-01-02T05:10:46,29.91636,-90.13553,6.2,319.8,331.0,SANDPIPER,,WDG2173,31,0,23,,,57,A
367512920,2022-01-02T05:12:07,29.91824,-90.13699,6.0,331.6,340.0,SANDPIPER,,WDG2173,31,0,23,,,57,A
367512920,2022-01-02T05:14:26,29.92184,-90.13862,6.1,345.1,349.0,SANDPIPER,,WDG2173,31,0,23,,,57,A
367512920,2022-01-02T05:08:26,29.91394,-90.13151,7.0,292.2,304.0,SANDPIPER,,WDG2173,31,0,23,,,57,A
367512920,2022-01-02T04:58:56,29.91080,-90.11186,6.4,273.3,273.0,SANDPIPER,,WDG2173,31,0,23,,,57,A
367512920,2022-01-02T05:19:17,29.93019,-90.14038,6.5,356.7,0.0,SANDPIPER,,WDG2173,31,0,23,,,57,A
367512920,2022-01-02T05:20:25,29.93225,-90.14050,6.6,358.2,0.0,SANDPIPER,,WDG2173,31,0,23,,,57,A
367512920,2022-01-02T02:33:25,29.90457,-89.98678,3.6,52.3,51.0,SANDPIPER,,WDG2173,31,0,23,,,57,A
367512920,2022-01-02T05:01:26,29.91097,-90.11700,6.5,270.9,276.0,SANDPIPER,,WDG2173,31,0,23,,,57,A
367512920,2022-01-02T05:21:36,29.93443,-90.14060,6.6,357.9,1.0,SANDPIPER,,WDG2173,31,0,23,,,57,A
367512920,2022-01-02T05:02:36,29.91116,-90.11944,6.5,278.0,280.0,SANDPIPER,,WDG2173,31,0,23,,,57,A
367512920,2022-01-02T05:06:06,29.91245,-90.12671,6.8,283.2,289.0,SANDPIPER,,WDG2173,31,0,23,,,57,A
367512920,2022-01-02T05:13:17,29.91999,-90.13798,6.0,337.3,350.0,SANDPIPER,,WDG2173,31,0,23,,,57,A
367512920,2022-01-02T05:28:47,29.94772,-90.14163,6.7,346.2,340.0,SANDPIPER,,WDG2173,31,0,23,,,57,A
367512920,2022-01-02T05:27:37,29.94560,-90.14105,6.7,348.4,345.0,SANDPIPER,,WDG2173,31,0,23,,,57,A
367512920,2022-01-02T05:32:09,29.95360,-90.14436,6.7,328.9,302.0,SANDPIPER,,WDG2173,31,0,23,,,57,A
367512920,2022-01-02T05:15:36,29.92376,-90.13931,6.2,344.4,354.0,SANDPIPER,,WDG2173,31,0,23,,,57,A
367512920,2022-01-02T05:33:13,29.95489,-90.14578,5.4,301.8,274.0,SANDPIPER,,WDG2173,31,0,23,,,57,A
367512920,2022-01-02T05:16:45,29.92572,-90.13978,6.3,350.4,357.0,SANDPIPER,,WDG2173,31,0,23,,,57,A
367512920,2022-01-02T05:36:56,29.95509,-90.15193,5.5,260.4,244.0,SANDPIPER,,WDG2173,31,0,23,,,57,A
367512920,2022-01-02T05:35:46,29.95526,-90.14988,5.4,265.1,256.0,SANDPIPER,,WDG2173,31,0,23,,,57,A
367512920,2022-01-02T05:38:16,29.95437,-90.15408,5.5,246.1,240.0,SANDPIPER,,WDG2173,31,0,23,,,57,A
367512920,2022-01-02T05:26:26,29.94344,-90.14064,6.6,353.1,351.0,SANDPIPER,,WDG2173,31,0,23,,,57,A
367512920,2022-01-02T05:24:06,29.93905,-90.14053,6.8,2.5,1.0,SANDPIPER,,WDG2173,31,0,23,,,57,A
367512920,2022-01-02T05:41:46,29.95151,-90.15933,5.6,243.1,232.0,SANDPIPER,,WDG2173,31,0,23,,,57,A
367512920,2022-01-02T05:43:06,29.95033,-90.16134,5.8,232.8,226.0,SANDPIPER,,WDG2173,31,0,23,,,57,A
367512920,2022-01-02T02:43:55,29.91042,-89.97856,3.1,48.7,49.0,SANDPIPER,,WDG2173,31,0,23,,,57,A
367512920,2022-01-02T05:46:35,29.94648,-90.16648,6.2,229.3,227.0,SANDPIPER,,WDG2173,31,0,23,,,57,A
367512920,2022-01-02T05:47:47,29.94518,-90.16828,6.2,231.1,225.0,SANDPIPER,,WDG2173,31,0,23,,,57,A
367512920,2022-01-02T05:31:06,29.95184,-90.14330,6.9,338.1,322.0,SANDPIPER,,WDG2173,31,0,23,,,57,A
367512920,2022-01-02T05:34:16,29.95536,-90.14742,5.0,276.2,260.0,SANDPIPER,,WDG2173,31,0,23,,,57,A
367512920,2022-01-02T05:48:56,29.94380,-90.16985,6.1,227.5,226.0,SANDPIPER,,WDG2173,31,0,23,,,57,A
367512920,2022-01-02T05:52:25,29.94000,-90.17520,6.2,228.0,228.0,SANDPIPER,,WDG2173,31,0,23,,,57,A
367512920,2022-01-02T05:39:25,29.95367,-90.15599,5.6,242.8,231.0,SANDPIPER,,WDG2173,31,0,23,,,57,A
367512920,2022-01-02T05:58:16,29.93337,-90.18408,6.3,233.4,232.0,SANDPIPER,,WDG2173,31,0,23,,,57,A
367512920,2022-01-02T05:57:06,29.93463,-90.18218,6.3,232.0,232.0,SANDPIPER,,WDG2173,31,0,23,,,57,A
367512920,2022-01-02T05:55:56,29.93590,-90.18038,6.3,227.4,230.0,SANDPIPER,,WDG2173,31,0,23,,,57,A
367512920,2022-01-02T06:06:37,29.92533,-90.19860,6.7,243.2,247.0,SANDPIPER,,WDG2173,31,0,23,,,57,A
367512920,2022-01-02T05:44:16,29.94905,-90.16299,6.0,229.9,228.0,SANDPIPER,,WDG2173,31,0,23,,,57,A
367512920,2022-01-02T06:00:27,29.93108,-90.18758,6.4,230.5,234.0,SANDPIPER,,WDG2173,31,0,23,,,57,A
367512920,2022-01-02T06:02:55,29.92851,-90.19177,6.5,239.3,241.0,SANDPIPER,,WDG2173,31,0,23,,,57,A
367512920,2022-01-02T05:51:16,29.94129,-90.17343,6.2,231.3,228.0,SANDPIPER,,WDG2173,31,0,23,,,57,A
367512920,2022-01-02T06:05:26,29.92634,-90.19635,6.6,243.1,244.0,SANDPIPER,,WDG2173,31,0,23,,,57,A
367512920,2022-01-02T06:08:05,29.92412,-90.20145,6.7,246.4,262.0,SANDPIPER,,WDG2173,31,0,23,,,57,A
367512920,2022-01-02T06:14:25,29.92673,-90.21210,5.9,316.8,316.0,SANDPIPER,,WDG2173,31,0,23,,,57,A
367512920,2022-01-02T06:09:16,29.92356,-90.20376,6.2,261.2,276.0,SANDPIPER,,WDG2173,31,0,23,,,57,A
367512920,2022-01-02T05:53:36,29.93862,-90.17690,6.2,228.0,228.0,SANDPIPER,,WDG2173,31,0,23,,,57,A
367512920,2022-01-02T05:54:46,29.93731,-90.17864,6.3,229.4,228.0,SANDPIPER,,WDG2173,31,0,23,,,57,A
367512920,2022-01-02T06:16:46,29.92951,-90.21528,6.0,321.5,330.0,SANDPIPER,,WDG2173,31,0,23,,,57,A
367512920,2022-01-02T06:10:36,29.92349,-90.20637,5.8,277.6,294.0,SANDPIPER,,WDG2173,31,0,23,,,57,A
367512920,2022-01-02T05:59:17,29.93234,-90.18571,6.3,232.7,232.0,SANDPIPER,,WDG2173,31,0,23,,,57,A
367512920,2022-01-02T06:15:36,29.92808,-90.21375,6.1,312.4,322.0,SANDPIPER,,WDG2173,31,0,23,,,57,A
367512920,2022-01-02T06:17:47,29.93085,-90.21640,6.0,323.1,333.0,SANDPIPER,,WDG2173,31,0,23,,,57,A
367512920,2022-01-02T06:04:17,29.92730,-90.19420,6.6,241.9,243.0,SANDPIPER,,WDG2173,31,0,23,,,57,A
367512920,2022-01-02T02:55:25,29.91434,-89.97317,0.9,49.2,48.0,SANDPIPER,,WDG2173,31,0,23,,,57,A
367512920,2022-01-02T06:01:47,29.92961,-90.18980,6.5,233.6,238.0,SANDPIPER,,WDG2173,31,0,23,,,57,A
367512920,2022-01-02T02:58:56,29.91454,-89.97288,0.1,160.8,49.0,SANDPIPER,,WDG2173,31,0,23,,,57,A
367512920,2022-01-02T06:11:46,29.92406,-90.20835,5.7,294.5,306.0,SANDPIPER,,WDG2173,31,0,23,,,57,A
367512920,2022-01-02T06:31:56,29.95360,-90.22606,6.1,329.1,325.0,SANDPIPER,,WDG2173,31,0,23,,,57,A
367512920,2022-01-02T06:13:15,29.92540,-90.21056,5.7,311.7,316.0,SANDPIPER,,WDG2173,31,0,23,,,57,A
367512920,2022-01-02T06:34:17,29.95682,-90.22867,6.1,319.9,316.0,SANDPIPER,,WDG2173,31,0,23,,,57,A
367512920,2022-01-02T03:03:56,29.91455,-89.97287,0.1,339.4,49.0,SANDPIPER,,WDG2173,31,0,23,,,57,A
367512920,2022-01-02T06:36:36,29.95972,-90.23180,6.2,313.4,311.0,SANDPIPER,,WDG2173,31,0,23,,,57,A
367512920,2022-01-02T06:18:56,29.93244,-90.21760,5.8,333.2,340.0,SANDPIPER,,WDG2173,31,0,23,,,57,A
367512920,2022-01-02T06:39:57,29.96353,-90.23679,6.2,311.3,301.0,SANDPIPER,,WDG2173,31,0,23,,,57,A
367512920,2022-01-02T06:41:06,29.96466,-90.23862,6.0,301.3,297.0,SANDPIPER,,WDG2173,31,0,23,,,57,A
367512920,2022-01-02T06:37:46,29.96110,-90.23350,6.2,311.7,308.0,SANDPIPER,,WDG2173,31,0,23,,,57,A
367512920,2022-01-02T06:24:57,29.94204,-90.22122,6.4,344.9,342.0,SANDPIPER,,WDG2173,31,0,23,,,57,A
367512920,2022-01-02T06:23:26,29.93953,-90.22034,6.2,342.3,343.0,SANDPIPER,,WDG2173,31,0,23,,,57,A
367512920,2022-01-02T06:22:25,29.93787,-90.21975,6.1,342.5,343.0,SANDPIPER,,WDG2173,31,0,23,,,57,A
367512920,2022-01-02T06:45:55,29.96868,-90.24704,6.4,301.1,292.0,SANDPIPER,,WDG2173,31,0,23,,,57,A
367512920,2022-01-02T06:47:16,29.96972,-90.24938,5.9,290.6,278.0,SANDPIPER,,WDG2173,31,0,23,,,57,A
367512920,2022-01-02T06:26:07,29.94401,-90.22191,6.4,342.1,342.0,SANDPIPER,,WDG2173,31,0,23,,,57,A
367512920,2022-01-02T06:50:46,29.97036,-90.25571,5.9,273.8,273.0,SANDPIPER,,WDG2173,31,0,23,,,57,A
367512920,2022-01-02T06:29:37,29.94997,-90.22407,6.4,341.6,335.0,SANDPIPER,,WDG2173,31,0,23,,,57,A
367512920,2022-01-02T06:30:46,29.95184,-90.22492,6.2,334.5,329.0,SANDPIPER,,WDG2173,31,0,23,,,57,A
367512920,2022-01-02T06:53:05,29.97050,-90.26009,5.9,267.4,265.0,SANDPIPER,,WDG2173,31,0,23,,,57,A
367512920,2022-01-02T06:54:16,29.97034,-90.26231,6.0,264.2,262.0,SANDPIPER,,WDG2173,31,0,23,,,57,A
367512920,2022-01-02T06:33:06,29.95528,-90.22727,6.1,326.0,318.0,SANDPIPER,,WDG2173,31,0,23,,,57,A
367512920,2022-01-02T06:35:25,29.95829,-90.23016,6.1,317.4,313.0,SANDPIPER,,WDG2173,31,0,23,,,57,A
367512920,2022-01-02T07:00:17,29.96862,-90.27378,6.1,256.1,255.0,SANDPIPER,,WDG2173,31,0,23,,,57,A
367512920,2022-01-02T06:42:25,29.96575,-90.24089,6.1,299.6,296.0,SANDPIPER,,WDG2173,31,0,23,,,57,A
367512920,2022-01-02T07:03:56,29.96678,-90.28061,6.2,248.7,246.0,SANDPIPER,,WDG2173,31,0,23,,,57,A
367512920,2022-01-02T07:06:16,29.96508,-90.28476,6.1,239.9,239.0,SANDPIPER,,WDG2173,31,0,23,,,57,A
367512920,2022-01-02T06:58:46,29.96919,-90.27090,6.1,260.4,257.0,SANDPIPER,,WDG2173,31,0,23,,,57,A
367512920,2022-01-02T07:09:56,29.96154,-90.29052,6.0,229.5,227.0,SANDPIPER,,WDG2173,31,0,23,,,57,A
367512920,2022-01-02T07:11:07,29.96017,-90.29220,6.0,227.2,226.0,SANDPIPER,,WDG2173,31,0,23,,,57,A
367512920,2022-01-02T06:48:26,29.97011,-90.25145,5.6,276.8,274.0,SANDPIPER,,WDG2173,31,0,23,,,57,A
367512920,2022-01-02T06:49:36,29.97030,-90.25353,5.7,273.9,272.0,SANDPIPER,,WDG2173,31,0,23,,,57,A
367512920,2022-01-02T07:13:36,29.95739,-90.29569,6.0,228.9,226.0,SANDPIPER,,WDG2173,31,0,23,,,57,A
367512920,2022-01-02T06:51:57,29.97051,-90.25792,5.9,274.7,269.0,SANDPIPER,,WDG2173,31,0,23,,,57,A
367512920,2022-01-02T07:17:26,29.95325,-90.30135,6.1,232.5,227.0,SANDPIPER,,WDG2173,31,0,23,,,57,A
367512920,2022-01-02T06:55:17,29.97010,-90.26421,6.0,260.8,260.0,SANDPIPER,,WDG2173,31,0,23,,,57,A
367512920,2022-01-02T07:08:27,29.96308,-90.28830,6.0,233.0,231.0,SANDPIPER,,WDG2173,31,0,23,,,57,A
367512920,2022-01-02T06:56:26,29.96973,-90.26639,6.0,258.6,262.0,SANDPIPER,,WDG2173,31,0,23,,,57,A
367512920,2022-01-02T07:20:57,29.94939,-90.30657,6.1,225.5,222.0,SANDPIPER,,WDG2173,31,0,23,,,57,A
367512920,2022-01-02T07:22:07,29.94801,-90.30823,6.3,226.8,222.0,SANDPIPER,,WDG2173,31,0,23,,,57,A
367512920,2022-01-02T06:59:55,29.96875,-90.27310,6.1,256.6,255.0,SANDPIPER,,WDG2173,31,0,23,,,57,A
367512920,2022-01-02T06:57:36,29.96942,-90.26863,6.1,262.8,263.0,SANDPIPER,,WDG2173,31,0,23,,,57,A
367512920,2022-01-02T07:27:17,29.94121,-90.31555,6.6,218.3,222.0,SANDPIPER,,WDG2173,31,0,23,,,57,A
367512920,2022-01-02T07:01:26,29.96813,-90.27597,6.2,256.4,251.0,SANDPIPER,,WDG2173,31,0,23,,,57,A
367512920,2022-01-02T03:27:27,29.92403,-89.97303,5.7,280.9,286.0,SANDPIPER,,WDG2173,31,0,23,,,57,A
367512920,2022-01-02T07:16:16,29.95445,-90.29956,6.1,230.3,228.0,SANDPIPER,,WDG2173,31,0,23,,,57,A
367512920,2022-01-02T07:02:55,29.96738,-90.27877,6.2,253.2,247.0,SANDPIPER,,WDG2173,31,0,23,,,57,A
367512920,2022-01-02T07:18:35,29.95204,-90.30315,6.1,232.4,225.0,SANDPIPER,,WDG2173,31,0,23,,,57,A
367512920,2022-01-02T07:05:05,29.96599,-90.28272,6.2,246.2,243.0,SANDPIPER,,WDG2173,31,0,23,,,57,A
367512920,2022-01-02T07:07:26,29.96409,-90.28672,6.1,239.3,234.0,SANDPIPER,,WDG2173,31,0,23,,,57,A
367512920,2022-01-02T07:36:57,29.93527,-90.33210,6.1,264.5,266.0,SANDPIPER,,WDG2173,31,0,23,,,57,A
367512920,2022-01-02T07:12:16,29.95888,-90.29380,6.0,226.6,227.0,SANDPIPER,,WDG2173,31,0,23,,,57,A
367512920,2022-01-02T07:14:45,29.95611,-90.29737,6.0,228.8,227.0,SANDPIPER,,WDG2173,31,0,23,,,57,A
367512920,2022-01-02T07:28:26,29.93957,-90.31702,6.2,222.0,241.0,SANDPIPER,,WDG2173,31,0,23,,,57,A
367512920,2022-01-02T07:41:26,29.93505,-90.34090,6.1,274.3,278.0,SANDPIPER,,WDG2173,31,0,23,,,57,A
367512920,2022-01-02T07:43:45,29.93563,-90.34539,6.2,281.5,281.0,SANDPIPER,,WDG2173,31,0,23,,,57,A
367512920,2022-01-02T07:30:46,29.93761,-90.32068,5.8,247.3,254.0,SANDPIPER,,WDG2173,31,0,23,,,57,A
367512920,2022-01-02T07:34:07,29.93603,-90.32669,6.0,255.2,261.0,SANDPIPER,,WDG2173,31,0,23,,,57,A
367512920,2022-01-02T07:31:47,29.93708,-90.32243,5.8,251.9,255.0,SANDPIPER,,WDG2173,31,0,23,,,57,A
367512920,2022-01-02T07:48:16,29.93701,-90.35431,6.3,281.0,282.0,SANDPIPER,,WDG2173,31,0,23,,,57,A
367512920,2022-01-02T07:38:07,29.93511,-90.33438,6.1,267.1,269.0,SANDPIPER,,WDG2173,31,0,23,,,57,A
367512920,2022-01-02T07:24:56,29.94443,-90.31226,6.5,223.7,219.0,SANDPIPER,,WDG2173,31,0,23,,,57,A
367512920,2022-01-02T07:19:45,29.95077,-90.30489,6.1,229.8,222.0,SANDPIPER,,WDG2173,31,0,23,,,57,A
367512920,2022-01-02T07:54:06,29.93931,-90.36562,6.2,282.4,284.0,SANDPIPER,,WDG2173,31,0,23,,,57,A
367512920,2022-01-02T07:51:47,29.93837,-90.36113,6.2,285.4,284.0,SANDPIPER,,WDG2173,31,0,23,,,57,A
367512920,2022-01-02T07:29:36,29.93842,-90.31875,5.8,239.9,249.0,SANDPIPER,,WDG2173,31,0,23,,,57,A
367512920,2022-01-02T07:39:16,29.93507,-90.33667,6.2,270.0,270.0,SANDPIPER,,WDG2173,31,0,23,,,57,A
367512920,2022-01-02T07:26:07,29.94283,-90.31392,6.6,221.8,220.0,SANDPIPER,,WDG2173,31,0,23,,,57,A
367512920,2022-01-02T07:49:27,29.93741,-90.35661,6.3,281.4,282.0,SANDPIPER,,WDG2173,31,0,23,,,57,A
367512920,2022-01-02T07:35:16,29.93561,-90.32888,6.0,259.8,264.0,SANDPIPER,,WDG2173,31,0,23,,,57,A
367512920,2022-01-02T07:55:17,29.93976,-90.36790,6.1,286.2,287.0,SANDPIPER,,WDG2173,31,0,23,,,57,A
367512920,2022-01-02T07:42:36,29.93527,-90.34317,6.0,279.6,280.0,SANDPIPER,,WDG2173,31,0,23,,,57,A
367512920,2022-01-02T07:44:46,29.93596,-90.34734,6.2,281.5,281.0,SANDPIPER,,WDG2173,31,0,23,,,57,A
367512920,2022-01-02T07:52:55,29.93887,-90.36335,6.2,283.7,283.0,SANDPIPER,,WDG2173,31,0,23,,,57,A
367512920,2022-01-02T07:40:17,29.93503,-90.33865,6.2,269.7,272.0,SANDPIPER,,WDG2173,31,0,23,,,57,A
367512920,2022-01-02T08:10:26,29.95325,-90.39160,5.5,334.2,340.0,SANDPIPER,,WDG2173,31,0,23,,,57,A
367512920,2022-01-02T07:50:37,29.93786,-90.35888,6.2,283.8,284.0,SANDPIPER,,WDG2173,31,0,23,,,57,A
367512920,2022-01-02T08:05:37,29.94779,-90.38528,6.2,301.3,307.0,SANDPIPER,,WDG2173,31,0,23,,,57,A
367512920,2022-01-02T08:16:26,29.96216,-90.39549,5.7,351.7,354.0,SANDPIPER,,WDG2173,31,0,23,,,57,A
367512920,2022-01-02T08:09:07,29.95149,-90.39044,5.7,321.9,334.0,SANDPIPER,,WDG2173,31,0,23,,,57,A
367512920,2022-01-02T08:03:07,29.94544,-90.38119,6.1,299.0,303.0,SANDPIPER,,WDG2173,31,0,23,,,57,A
367512920,2022-01-02T08:06:46,29.94891,-90.38713,6.1,306.5,313.0,SANDPIPER,,WDG2173,31,0,23,,,57,A
367512920,2022-01-02T07:57:37,29.94083,-90.37225,6.0,288.0,294.0,SANDPIPER,,WDG2173,31,0,23,,,57,A
367512920,2022-01-02T07:59:55,29.94259,-90.37603,5.8,304.4,303.0,SANDPIPER,,WDG2173,31,0,23,,,57,A
367512920,2022-01-02T07:56:27,29.94031,-90.37009,6.1,283.9,288.0,SANDPIPER,,WDG2173,31,0,23,,,57,A
367512920,2022-01-02T07:58:46,29.94156,-90.37413,5.7,298.6,301.0,SANDPIPER,,WDG2173,31,0,23,,,57,A
367512920,2022-01-02T08:00:55,29.94354,-90.37758,6.0,305.5,300.0,SANDPIPER,,WDG2173,31,0,23,,,57,A
367512920,2022-01-02T08:30:46,29.98442,-90.40346,5.9,321.2,316.0,SANDPIPER,,WDG2173,31,0,23,,,57,A
367512920,2022-01-02T08:17:36,29.96398,-90.39580,5.8,349.9,352.0,SANDPIPER,,WDG2173,31,0,23,,,57,A
367512920,2022-01-02T08:04:26,29.94669,-90.38332,6.1,304.7,303.0,SANDPIPER,,WDG2173,31,0,23,,,57,A
367512920,2022-01-02T08:07:56,29.95012,-90.38890,6.0,308.2,321.0,SANDPIPER,,WDG2173,31,0,23,,,57,A
367512920,2022-01-02T08:22:37,29.97225,-90.39744,6.1,353.4,351.0,SANDPIPER,,WDG2173,31,0,23,,,57,A
367512920,2022-01-02T03:48:05,29.94213,-90.00749,6.3,297.4,299.0,SANDPIPER,,WDG2173,31,0,23,,,57,A
367512920,2022-01-02T08:41:37,29.99260,-90.42063,5.9,285.3,281.0,SANDPIPER,,WDG2173,31,0,23,,,57,A
367512920,2022-01-02T08:11:36,29.95493,-90.39248,5.8,335.6,340.0,SANDPIPER,,WDG2173,31,0,23,,,57,A
367512920,2022-01-02T08:42:46,29.99307,-90.42275,6.0,283.5,280.0,SANDPIPER,,WDG2173,31,0,23,,,57,A
367512920,2022-01-02T08:12:46,29.95664,-90.39338,5.8,336.5,340.0,SANDPIPER,,WDG2173,31,0,23,,,57,A
367512920,2022-01-02T08:47:16,29.99469,-90.43117,6.1,280.9,277.0,SANDPIPER,,WDG2173,31,0,23,,,57,A
367512920,2022-01-02T08:15:16,29.96032,-90.39513,5.5,348.6,353.0,SANDPIPER,,WDG2173,31,0,23,,,57,A
367512920,2022-01-02T08:33:06,29.98732,-90.40632,5.9,315.1,305.0,SANDPIPER,,WDG2173,31,0,23,,,57,A
367512920,2022-01-02T08:37:45,29.99089,-90.41368,5.8,288.1,285.0,SANDPIPER,,WDG2173,31,0,23,,,57,A
367512920,2022-01-02T08:20:16,29.96834,-90.39677,6.0,351.7,353.0,SANDPIPER,,WDG2173,31,0,23,,,57,A
367512920,2022-01-02T08:39:06,29.99156,-90.41604,5.9,287.4,282.0,SANDPIPER,,WDG2173,31,0,23,,,57,A
367512920,2022-01-02T08:21:27,29.97029,-90.39711,6.1,351.1,353.0,SANDPIPER,,WDG2173,31,0,23,,,57,A
367512920,2022-01-02T08:43:56,29.99352,-90.42490,6.0,284.1,281.0,SANDPIPER,,WDG2173,31,0,23,,,57,A
367512920,2022-01-02T08:58:56,29.99730,-90.45378,6.3,274.9,281.0,SANDPIPER,,WDG2173,31,0,23,,,57,A
367512920,2022-01-02T08:24:56,29.97608,-90.39826,6.0,345.1,339.0,SANDPIPER,,WDG2173,31,0,23,,,57,A
367512920,2022-01-02T09:00:57,29.99804,-90.45774,6.3,284.6,285.0,SANDPIPER,,WDG2173,31,0,23,,,57,A
367512920,2022-01-02T08:27:17,29.97967,-90.39990,5.8,334.5,327.0,SANDPIPER,,WDG2173,31,0,23,,,57,A
367512920,2022-01-02T08:26:07,29.97794,-90.39902,5.8,336.7,334.0,SANDPIPER,,WDG2173,31,0,23,,,57,A
367512920,2022-01-02T09:03:16,29.99915,-90.46230,6.4,284.4,293.0,SANDPIPER,,WDG2173,31,0,23,,,57,A
367512920,2022-01-02T09:05:36,30.00091,-90.46647,6.2,303.5,307.0,SANDPIPER,,WDG2173,31,0,23,,,57,A
367512920,2022-01-02T08:31:56,29.98592,-90.40487,5.9,320.7,314.0,SANDPIPER,,WDG2173,31,0,23,,,57,A
367512920,2022-01-02T08:34:16,29.98848,-90.40801,5.7,306.1,298.0,SANDPIPER,,WDG2173,31,0,23,,,57,A
367512920,2022-01-02T08:28:27,29.98130,-90.40100,5.8,327.2,325.0,SANDPIPER,,WDG2173,31,0,23,,,57,A
367512920,2022-01-02T08:51:56,29.99569,-90.44013,6.0,275.4,274.0,SANDPIPER,,WDG2173,31,0,23,,,57,A
367512920,2022-01-02T08:53:05,29.99586,-90.44236,6.1,274.7,275.0,SANDPIPER,,WDG2173,31,0,23,,,57,A
367512920,2022-01-02T08:40:16,29.99204,-90.41816,5.9,284.6,281.0,SANDPIPER,,WDG2173,31,0,23,,,57,A
367512920,2022-01-02T08:36:16,29.98999,-90.41110,5.7,295.4,289.0,SANDPIPER,,WDG2173,31,0,23,,,57,A
367512920,2022-01-02T09:16:36,30.01558,-90.47443,5.8,2.8,7.0,SANDPIPER,,WDG2173,31,0,23,,,57,A
367512920,2022-01-02T08:46:05,29.99432,-90.42893,6.0,280.7,278.0,SANDPIPER,,WDG2173,31,0,23,,,57,A
367512920,2022-01-02T04:02:36,29.95390,-90.03417,6.5,293.2,291.0,SANDPIPER,,WDG2173,31,0,23,,,57,A
367512920,2022-01-02T09:08:06,30.00342,-90.47040,6.0,312.0,325.0,SANDPIPER,,WDG2173,31,0,23,,,57,A
367512920,2022-01-02T04:05:55,29.95600,-90.04075,6.6,288.6,286.0,SANDPIPER,,WDG2173,31,0,23,,,57,A
367512920,2022-01-02T08:49:37,29.99526,-90.43567,6.1,277.4,275.0,SANDPIPER,,WDG2173,31,0,23,,,57,A
367512920,2022-01-02T09:26:55,30.03276,-90.47385,6.1,358.2,355.0,SANDPIPER,,WDG2173,31,0,23,,,57,A
367512920,2022-01-02T09:23:26,30.02689,-90.47359,6.0,359.6,1.0,SANDPIPER,,WDG2173,31,0,23,,,57,A
367512920,2022-01-02T09:28:06,30.03472,-90.47398,6.0,354.5,347.0,SANDPIPER,,WDG2173,31,0,23,,,57,A
367512920,2022-01-02T08:57:46,29.99702,-90.45147,6.3,281.9,279.0,SANDPIPER,,WDG2173,31,0,23,,,57,A
367512920,2022-01-02T08:50:46,29.99550,-90.43788,6.1,277.5,274.0,SANDPIPER,,WDG2173,31,0,23,,,57,A
367512920,2022-01-02T04:08:06,29.95703,-90.04515,6.5,276.0,272.0,SANDPIPER,,WDG2173,31,0,23,,,57,A
367512920,2022-01-02T09:09:26,30.00500,-90.47217,5.9,316.3,335.0,SANDPIPER,,WDG2173,31,0,23,,,57,A
367512920,2022-01-02T08:55:15,29.99633,-90.44658,6.1,280.1,277.0,SANDPIPER,,WDG2173,31,0,23,,,57,A
367512920,2022-01-02T09:10:30,30.00630,-90.47336,5.3,331.7,356.0,SANDPIPER,,WDG2173,31,0,23,,,57,A
367512920,2022-01-02T08:56:26,29.99660,-90.44886,6.2,277.6,279.0,SANDPIPER,,WDG2173,31,0,23,,,57,A
367512920,2022-01-02T08:59:57,29.99762,-90.45579,6.3,283.8,284.0,SANDPIPER,,WDG2173,31,0,23,,,57,A
367512920,2022-01-02T09:04:27,29.99989,-90.46451,6.2,296.0,304.0,SANDPIPER,,WDG2173,31,0,23,,,57,A
367512920,2022-01-02T04:10:27,29.95722,-90.05018,7.1,272.0,266.0,SANDPIPER,,WDG2173,31,0,23,,,57,A
367512920,2022-01-02T09:06:57,30.00219,-90.46867,6.2,305.0,316.0,SANDPIPER,,WDG2173,31,0,23,,,57,A
367512920,2022-01-02T09:29:36,30.03713,-90.47460,5.9,344.9,341.0,SANDPIPER,,WDG2173,31,0,23,,,57,A
367512920,2022-01-02T09:32:57,30.04225,-90.47671,5.6,331.7,322.0,SANDPIPER,,WDG2173,31,0,23,,,57,A
367512920,2022-01-02T09:13:06,30.01001,-90.47391,5.5,350.0,357.0,SANDPIPER,,WDG2173,31,0,23,,,57,A
367512920,2022-01-02T09:14:15,30.01180,-90.47414,5.7,356.5,359.0,SANDPIPER,,WDG2173,31,0,23,,,57,A
367512920,2022-01-02T09:35:17,30.04495,-90.47930,5.4,310.5,310.0,SANDPIPER,,WDG2173,31,0,23,,,57,A
367512920,2022-01-02T09:15:25,30.01368,-90.47436,5.9,352.5,2.0,SANDPIPER,,WDG2173,31,0,23,,,57,A
367512920,2022-01-02T09:46:06,30.05137,-90.49686,5.7,273.6,271.0,SANDPIPER,,WDG2173,31,0,23,,,57,A
367512920,2022-01-02T09:20:07,30.02136,-90.47383,6.0,3.7,4.0,SANDPIPER,,WDG2173,31,0,23,,,57,A
367512920,2022-01-02T09:49:36,30.05146,-90.50326,5.8,266.6,263.0,SANDPIPER,,WDG2173,31,0,23,,,57,A
367512920,2022-01-02T09:11:55,30.00826,-90.47371,5.2,357.5,358.0,SANDPIPER,,WDG2173,31,0,23,,,57,A
367512920,2022-01-02T04:18:17,29.95029,-90.06057,5.7,186.0,181.0,SANDPIPER,,WDG2173,31,0,23,,,57,A
367512920,2022-01-02T09:30:37,30.03869,-90.47517,5.9,341.2,339.0,SANDPIPER,,WDG2173,31,0,23,,,57,A
367512920,2022-01-02T09:22:16,30.02494,-90.47360,6.0,1.6,1.0,SANDPIPER,,WDG2173,31,0,23,,,57,A
367512920,2022-01-02T09:17:46,30.01748,-90.47428,5.9,4.9,8.0,SANDPIPER,,WDG2173,31,0,23,,,57,A
367512920,2022-01-02T09:18:56,30.01943,-90.47403,6.0,6.5,6.0,SANDPIPER,,WDG2173,31,0,23,,,57,A
367512920,2022-01-02T09:21:15,30.02328,-90.47368,6.0,3.1,3.0,SANDPIPER,,WDG2173,31,0,23,,,57,A
367512920,2022-01-02T09:48:25,30.05155,-90.50107,5.8,269.3,265.0,SANDPIPER,,WDG2173,31,0,23,,,57,A
367512920,2022-01-02T09:38:07,30.04787,-90.48327,5.9,312.2,301.0,SANDPIPER,,WDG2173,31,0,23,,,57,A
367512920,2022-01-02T09:39:17,30.04896,-90.48502,5.7,297.3,290.0,SANDPIPER,,WDG2173,31,0,23,,,57,A
367512920,2022-01-02T09:24:35,30.02881,-90.47360,6.0,358.7,358.0,SANDPIPER,,WDG2173,31,0,23,,,57,A
367512920,2022-01-02T09:34:07,30.04375,-90.47784,5.5,323.8,313.0,SANDPIPER,,WDG2173,31,0,23,,,57,A
367512920,2022-01-02T10:03:46,30.04769,-90.52957,5.9,265.3,270.0,SANDPIPER,,WDG2173,31,0,23,,,57,A
367512920,2022-01-02T09:25:46,30.03079,-90.47377,6.0,355.2,358.0,SANDPIPER,,WDG2173,31,0,23,,,57,A
367512920,2022-01-02T10:07:16,30.04766,-90.53611,5.9,263.7,267.0,SANDPIPER,,WDG2173,31,0,23,,,57,A
367512920,2022-01-02T09:58:57,30.04897,-90.52054,6.0,259.2,260.0,SANDPIPER,,WDG2173,31,0,23,,,57,A
367512920,2022-01-02T10:06:06,30.04776,-90.53394,5.8,273.7,268.0,SANDPIPER,,WDG2173,31,0,23,,,57,A
367512920,2022-01-02T09:41:37,30.05034,-90.48888,5.6,284.8,278.0,SANDPIPER,,WDG2173,31,0,23,,,57,A
367512920,2022-01-02T10:09:36,30.04728,-90.54047,5.8,270.2,276.0,SANDPIPER,,WDG2173,31,0,23,,,57,A
367512920,2022-01-02T09:50:46,30.05129,-90.50539,5.8,262.7,262.0,SANDPIPER,,WDG2173,31,0,23,,,57,A
367512920,2022-01-02T09:51:56,30.05103,-90.50752,5.8,262.7,262.0,SANDPIPER,,WDG2173,31,0,23,,,57,A
367512920,2022-01-02T10:02:37,30.04784,-90.52742,5.9,262.9,269.0,SANDPIPER,,WDG2173,31,0,23,,,57,A
367512920,2022-01-02T10:14:15,30.04821,-90.54913,6.0,280.5,280.0,SANDPIPER,,WDG2173,31,0,23,,,57,A
367512920,2022-01-02T10:13:07,30.04789,-90.54699,6.0,279.1,279.0,SANDPIPER,,WDG2173,31,0,23,,,57,A
367512920,2022-01-02T09:47:16,30.05150,-90.49897,5.7,271.1,268.0,SANDPIPER,,WDG2173,31,0,23,,,57,A
367512920,2022-01-02T10:15:26,30.04856,-90.55139,6.1,279.4,279.0,SANDPIPER,,WDG2173,31,0,23,,,57,A
367512920,2022-01-02T09:45:05,30.05129,-90.49506,5.6,274.6,270.0,SANDPIPER,,WDG2173,31,0,23,,,57,A
367512920,2022-01-02T10:08:26,30.04739,-90.53830,5.9,262.9,271.0,SANDPIPER,,WDG2173,31,0,23,,,57,A
367512920,2022-01-02T10:21:07,30.04965,-90.56237,6.1,276.7,276.0,SANDPIPER,,WDG2173,31,0,23,,,57,A
367512920,2022-01-02T09:53:06,30.05085,-90.50970,5.8,264.6,260.0,SANDPIPER,,WDG2173,31,0,23,,,57,A
367512920,2022-01-02T10:19:57,30.04943,-90.56012,6.1,276.1,277.0,SANDPIPER,,WDG2173,31,0,23,,,57,A
367512920,2022-01-02T09:55:25,30.05025,-90.51399,5.9,258.3,258.0,SANDPIPER,,WDG2173,31,0,23,,,57,A
367512920,2022-01-02T10:01:26,30.04816,-90.52521,6.0,259.0,264.0,SANDPIPER,,WDG2173,31,0,23,,,57,A
367512920,2022-01-02T09:57:46,30.04941,-90.51832,6.0,255.7,258.0,SANDPIPER,,WDG2173,31,0,23,,,57,A
367512920,2022-01-02T10:24:36,30.05010,-90.56780,4.3,275.3,274.0,SANDPIPER,,WDG2173,31,0,23,,,57,A
367512920,2022-01-02T10:26:57,30.05025,-90.57085,3.8,269.8,269.0,SANDPIPER,,WDG2173,31,0,23,,,57,A
367512920,2022-01-02T09:56:37,30.04984,-90.51618,6.0,257.5,258.0,SANDPIPER,,WDG2173,31,0,23,,,57,A
367512920,2022-01-02T10:00:15,30.04849,-90.52297,6.0,258.3,262.0,SANDPIPER,,WDG2173,31,0,23,,,57,A
367512920,2022-01-02T10:11:55,30.04759,-90.54475,5.9,278.6,279.0,SANDPIPER,,WDG2173,31,0,23,,,57,A
367512920,2022-01-02T10:38:17,30.04918,-90.57904,0.5,187.7,252.0,SANDPIPER,,WDG2173,31,0,23,,,57,A
367512920,2022-01-02T10:39:27,30.04909,-90.57907,0.2,204.4,253.0,SANDPIPER,,WDG2173,31,0,23,,,57,A
367512920,2022-01-02T10:31:26,30.05012,-90.57579,2.8,261.3,258.0,SANDPIPER,,WDG2173,31,0,23,,,57,A
367512920,2022-01-02T10:10:46,30.04737,-90.54262,5.8,273.8,278.0,SANDPIPER,,WDG2173,31,0,23,,,57,A
367512920,2022-01-02T10:34:56,30.04951,-90.57823,2.2,255.9,256.0,SANDPIPER,,WDG2173,31,0,23,,,57,A
367512920,2022-01-02T10:46:16,30.04831,-90.57988,0.1,218.3,267.0,SANDPIPER,,WDG2173,31,0,23,,,57,A
367512920,2022-01-02T10:22:16,30.04985,-90.56442,5.2,276.1,275.0,SANDPIPER,,WDG2173,31,0,23,,,57,A
367512920,2022-01-02T10:47:26,30.04828,-90.57990,0.1,254.5,268.0,SANDPIPER,,WDG2173,31,0,23,,,57,A
367512920,2022-01-02T10:17:45,30.04909,-90.55588,6.1,275.3,275.0,SANDPIPER,,WDG2173,31,0,23,,,57,A
367512920,2022-01-02T10:50:56,30.04826,-90.57993,0.1,66.5,271.0,SANDPIPER,,WDG2173,31,0,23,,,57,A
367512920,2022-01-02T10:18:46,30.04924,-90.55782,6.1,274.9,276.0,SANDPIPER,,WDG2173,31,0,23,,,57,A
367512920,2022-01-02T10:54:17,30.04832,-90.57980,0.1,52.3,267.0,SANDPIPER,,WDG2173,31,0,23,,,57,A
367512920,2022-01-02T10:16:36,30.04887,-90.55362,6.1,278.1,276.0,SANDPIPER,,WDG2173,31,0,23,,,57,A
367512920,2022-01-02T10:55:27,30.04832,-90.57979,0.1,172.0,266.0,SANDPIPER,,WDG2173,31,0,23,,,57,A
367512920,2022-01-02T10:56:36,30.04827,-90.57978,0.2,173.6,268.0,SANDPIPER,,WDG2173,31,0,23,,,57,A
367512920,2022-01-02T10:25:46,30.05020,-90.56936,4.1,271.8,271.0,SANDPIPER,,WDG2173,31,0,23,,,57,A
367512920,2022-01-02T11:00:55,30.04811,-90.57984,0.0,236.3,275.0,SANDPIPER,,WDG2173,31,0,23,,,57,A
367512920,2022-01-02T10:53:16,30.04831,-90.57984,0.1,58.9,269.0,SANDPIPER,,WDG2173,31,0,23,,,57,A
367512920,2022-01-02T11:05:26,30.04813,-90.57978,0.0,16.4,274.0,SANDPIPER,,WDG2173,31,0,23,,,57,A
367512920,2022-01-02T10:28:07,30.05021,-90.57225,3.7,269.4,269.0,SANDPIPER,,WDG2173,31,0,23,,,57,A
367512920,2022-01-02T11:07:47,30.04814,-90.57978,0.0,245.8,272.0,SANDPIPER,,WDG2173,31,0,23,,,57,A
367512920,2022-01-02T10:29:16,30.05020,-90.57361,3.6,268.3,267.0,SANDPIPER,,WDG2173,31,0,23,,,57,A
367512920,2022-01-02T11:08:57,30.04813,-90.57978,0.0,232.0,272.0,SANDPIPER,,WDG2173,31,0,23,,,57,A
367512920,2022-01-02T10:30:17,30.05021,-90.57469,3.3,271.2,263.0,SANDPIPER,,WDG2173,31,0,23,,,57,A
367512920,2022-01-02T10:33:46,30.04973,-90.57747,2.0,255.4,255.0,SANDPIPER,,WDG2173,31,0,23,,,57,A
367512920,2022-01-02T11:01:57,30.04811,-90.57984,0.0,303.7,276.0,SANDPIPER,,WDG2173,31,0,23,,,57,A
367512920,2022-01-02T11:14:47,30.04813,-90.57982,0.0,336.4,273.0,SANDPIPER,,WDG2173,31,0,23,,,57,A
367512920,2022-01-02T10:36:07,30.04945,-90.57880,1.1,265.1,250.0,SANDPIPER,,WDG2173,31,0,23,,,57,A
367512920,2022-01-02T10:37:15,30.04934,-90.57902,0.7,196.4,248.0,SANDPIPER,,WDG2173,31,0,23,,,57,A
367512920,2022-01-02T11:15:56,30.04815,-90.57981,0.0,16.7,273.0,SANDPIPER,,WDG2173,31,0,23,,,57,A
367512920,2022-01-02T11:04:16,30.04812,-90.57980,0.0,66.6,274.0,SANDPIPER,,WDG2173,31,0,23,,,57,A
367512920,2022-01-02T04:57:46,29.91077,-90.10952,6.3,266.7,272.0,SANDPIPER,,WDG2173,31,0,23,,,57,A
367512920,2022-01-02T10:42:55,30.04850,-90.57976,0.6,205.2,261.0,SANDPIPER,,WDG2173,31,0,23,,,57,A
367512920,2022-01-02T10:44:06,30.04838,-90.57980,0.2,224.4,265.0,SANDPIPER,,WDG2173,31,0,23,,,57,A
367512920,2022-01-02T11:20:37,30.04815,-90.57978,0.1,202.2,273.0,SANDPIPER,,WDG2173,31,0,23,,,57,A
367512920,2022-01-02T11:22:56,30.04813,-90.57979,0.1,242.6,274.0,SANDPIPER,,WDG2173,31,0,23,,,57,A
367512920,2022-01-02T10:45:07,30.04834,-90.57984,0.1,218.7,266.0,SANDPIPER,,WDG2173,31,0,23,,,57,A
367512920,2022-01-02T11:10:06,30.04813,-90.57979,0.1,231.8,273.0,SANDPIPER,,WDG2173,31,0,23,,,57,A
367512920,2022-01-02T11:11:16,30.04813,-90.57980,0.1,253.4,274.0,SANDPIPER,,WDG2173,31,0,23,,,57,A
367512920,2022-01-02T10:49:46,30.04826,-90.57993,0.0,254.4,270.0,SANDPIPER,,WDG2173,31,0,23,,,57,A
367512920,2022-01-02T05:03:46,29.91150,-90.12180,6.6,281.4,283.0,SANDPIPER,,WDG2173,31,0,23,,,57,A
367512920,2022-01-02T10:48:36,30.04827,-90.57993,0.1,227.6,270.0,SANDPIPER,,WDG2173,31,0,23,,,57,A
367512920,2022-01-02T11:13:36,30.04812,-90.57981,0.0,306.6,274.0,SANDPIPER,,WDG2173,31,0,23,,,57,A
367512920,2022-01-02T10:57:46,30.04819,-90.57978,0.2,187.9,271.0,SANDPIPER,,WDG2173,31,0,23,,,57,A
367512920,2022-01-02T11:17:06,30.04816,-90.57979,0.0,4.8,273.0,SANDPIPER,,WDG2173,31,0,23,,,57,A
367512920,2022-01-02T11:06:36,30.04814,-90.57977,0.0,0.6,273.0,SANDPIPER,,WDG2173,31,0,23,,,57,A
367512920,2022-01-02T11:38:55,30.04832,-90.58124,0.9,85.9,187.0,SANDPIPER,,WDG2173,31,0,23,,,57,A
367512920,2022-01-02T11:39:58,30.04833,-90.58091,1.0,95.4,183.0,SANDPIPER,,WDG2173,31,0,23,,,57,A
367512920,2022-01-02T05:07:16,29.91312,-90.12911,6.8,291.9,295.0,SANDPIPER,,WDG2173,31,0,23,,,57,A
367512920,2022-01-02T11:41:06,30.04829,-90.58053,1.0,96.2,175.0,SANDPIPER,,WDG2173,31,0,23,,,57,A
367512920,2022-01-02T11:45:26,30.04968,-90.57758,6.4,83.3,83.0,SANDPIPER,,WDG2173,31,0,23,,,57,A
367512920,2022-01-02T11:18:16,30.04817,-90.57979,0.0,339.0,272.0,SANDPIPER,,WDG2173,31,0,23,,,57,A
367512920,2022-01-02T11:30:56,30.04835,-90.58080,0.1,152.6,189.0,SANDPIPER,,WDG2173,31,0,23,,,57,A
367512920,2022-01-02T11:46:37,30.04989,-90.57503,7.3,84.1,81.0,SANDPIPER,,WDG2173,31,0,23,,,57,A
367512920,2022-01-02T11:12:25,30.04812,-90.57981,0.0,273.9,273.0,SANDPIPER,,WDG2173,31,0,23,,,57,A
367512920,2022-01-02T11:51:06,30.04981,-90.56397,7.8,97.1,100.0,SANDPIPER,,WDG2173,31,0,23,,,57,A
367512920,2022-01-02T11:53:10,30.04941,-90.56250,2.0,137.0,281.0,SANDPIPER,,WDG2173,31,0,23,,,57,A
367512920,2022-01-02T11:24:06,30.04812,-90.57981,0.0,269.8,274.0,SANDPIPER,,WDG2173,31,0,23,,,57,A
367512920,2022-01-02T11:56:37,30.04953,-90.56750,5.3,275.5,275.0,SANDPIPER,,WDG2173,31,0,23,,,57,A
367512920,2022-01-02T12:01:17,30.04975,-90.57516,5.1,270.9,269.0,SANDPIPER,,WDG2173,31,0,23,,,57,A
367512920,2022-01-02T05:18:07,29.92810,-90.14015,6.4,352.5,359.0,SANDPIPER,,WDG2173,31,0,23,,,57,A
367512920,2022-01-02T11:27:37,30.04820,-90.57977,0.4,359.7,264.0,SANDPIPER,,WDG2173,31,0,23,,,57,A
367512920,2022-01-02T12:06:56,30.04887,-90.58430,5.2,256.0,253.0,SANDPIPER,,WDG2173,31,0,23,,,57,A
367512920,2022-01-02T12:08:06,30.04833,-90.58615,5.3,250.2,253.0,SANDPIPER,,WDG2173,31,0,23,,,57,A
367512920,2022-01-02T11:29:49,30.04835,-90.58078,0.4,281.3,215.0,SANDPIPER,,WDG2173,31,0,23,,,57,A
367512920,2022-01-02T12:09:08,30.04837,-90.58649,2.1,51.9,48.0,SANDPIPER,,WDG2173,31,0,23,,,57,A
367512920,2022-01-02T11:52:09,30.04965,-90.56269,1.2,58.0,109.0,SANDPIPER,,WDG2173,31,0,23,,,57,A
367512920,2022-01-02T11:54:16,30.04938,-90.56361,5.1,268.4,271.0,SANDPIPER,,WDG2173,31,0,23,,,57,A
367512920,2022-01-02T11:36:35,30.04834,-90.58163,0.2,183.7,183.0,SANDPIPER,,WDG2173,31,0,23,,,57,A
367512920,2022-01-02T11:37:46,30.04831,-90.58152,0.5,89.9,188.0,SANDPIPER,,WDG2173,31,0,23,,,57,A
367512920,2022-01-02T12:14:45,30.04825,-90.57975,0.7,204.0,255.0,SANDPIPER,,WDG2173,31,0,23,,,57,A
367512920,2022-01-02T11:32:06,30.04837,-90.58074,0.3,52.5,247.0,SANDPIPER,,WDG2173,31,0,23,,,57,A
367512920,2022-01-02T05:22:56,29.93690,-90.14063,6.7,1.5,3.0,SANDPIPER,,WDG2173,31,0,23,,,57,A
367512920,2022-01-02T12:17:17,30.04819,-90.57980,0.0,321.7,270.0,SANDPIPER,,WDG2173,31,0,23,,,57,A
367512920,2022-01-02T11:33:09,30.04841,-90.58158,1.2,230.5,220.0,SANDPIPER,,WDG2173,31,0,23,,,57,A
367512920,2022-01-02T11:43:19,30.04866,-90.58003,3.2,1.8,146.0,SANDPIPER,,WDG2173,31,0,23,,,57,A
367512920,2022-01-02T11:34:16,30.04837,-90.58159,0.2,131.6,189.0,SANDPIPER,,WDG2173,31,0,23,,,57,A
367512920,2022-01-02T12:02:26,30.04991,-90.57700,5.1,276.9,271.0,SANDPIPER,,WDG2173,31,0,23,,,57,A
367512920,2022-01-02T11:47:46,30.05002,-90.57221,7.7,90.2,91.0,SANDPIPER,,WDG2173,31,0,23,,,57,A
367512920,2022-01-02T11:35:26,30.04837,-90.58162,0.1,173.9,203.0,SANDPIPER,,WDG2173,31,0,23,,,57,A
367512920,2022-01-02T05:25:16,29.94125,-90.14047,6.8,0.4,356.0,SANDPIPER,,WDG2173,31,0,23,,,57,A
367512920,2022-01-02T11:48:56,30.05003,-90.56933,7.7,90.6,90.0,SANDPIPER,,WDG2173,31,0,23,,,57,A
367512920,2022-01-02T12:11:27,30.04907,-90.58238,5.7,83.4,88.0,SANDPIPER,,WDG2173,31,0,23,,,57,A
367512920,2022-01-02T11:55:26,30.04946,-90.56550,5.3,271.8,273.0,SANDPIPER,,WDG2173,31,0,23,,,57,A
367512920,2022-01-02T05:29:56,29.94979,-90.14237,6.8,339.0,332.0,SANDPIPER,,WDG2173,31,0,23,,,57,A
367512920,2022-01-02T12:31:06,30.04817,-90.57979,0.0,348.7,272.0,SANDPIPER,,WDG2173,31,0,23,,,57,A
367512920,2022-01-02T12:37:56,30.04820,-90.57983,0.0,229.6,272.0,SANDPIPER,,WDG2173,31,0,23,,,57,A
367512920,2022-01-02T12:00:16,30.04981,-90.57352,5.2,271.9,268.0,SANDPIPER,,WDG2173,31,0,23,,,57,A
367512920,2022-01-02T12:03:29,30.05002,-90.57870,5.1,267.9,260.0,SANDPIPER,,WDG2173,31,0,23,,,57,A
367512920,2022-01-02T12:04:36,30.04961,-90.58051,5.3,257.4,257.0,SANDPIPER,,WDG2173,31,0,23,,,57,A
367512920,2022-01-02T11:57:45,30.04961,-90.56937,5.2,271.2,273.0,SANDPIPER,,WDG2173,31,0,23,,,57,A
367512920,2022-01-02T12:43:55,30.04819,-90.57981,0.0,263.5,273.0,SANDPIPER,,WDG2173,31,0,23,,,57,A
367512920,2022-01-02T12:44:57,30.04819,-90.57980,0.0,197.8,272.0,SANDPIPER,,WDG2173,31,0,23,,,57,A
367512920,2022-01-02T12:28:46,30.04816,-90.57980,0.0,201.3,273.0,SANDPIPER,,WDG2173,31,0,23,,,57,A
367512920,2022-01-02T12:29:56,30.04817,-90.57980,0.0,330.6,273.0,SANDPIPER,,WDG2173,31,0,23,,,57,A
367512920,2022-01-02T12:10:17,30.04885,-90.58449,5.7,80.1,87.0,SANDPIPER,,WDG2173,31,0,23,,,57,A
367512920,2022-01-02T12:50:57,30.04818,-90.57980,0.0,249.8,274.0,SANDPIPER,,WDG2173,31,0,23,,,57,A
367512920,2022-01-02T12:16:06,30.04819,-90.57980,0.1,325.3,272.0,SANDPIPER,,WDG2173,31,0,23,,,57,A
367512920,2022-01-02T12:54:25,30.04818,-90.57978,0.0,333.7,273.0,SANDPIPER,,WDG2173,31,0,23,,,57,A
367512920,2022-01-02T12:18:26,30.04818,-90.57980,0.0,301.2,271.0,SANDPIPER,,WDG2173,31,0,23,,,57,A
367512920,2022-01-02T12:55:35,30.04820,-90.57979,0.0,320.5,273.0,SANDPIPER,,WDG2173,31,0,23,,,57,A
367512920,2022-01-02T12:56:47,30.04821,-90.57979,0.0,312.5,273.0,SANDPIPER,,WDG2173,31,0,23,,,57,A
367512920,2022-01-02T12:20:36,30.04819,-90.57979,0.0,198.0,270.0,SANDPIPER,,WDG2173,31,0,23,,,57,A
367512920,2022-01-02T13:01:27,30.04822,-90.57979,0.0,347.7,273.0,SANDPIPER,,WDG2173,31,0,23,,,57,A
367512920,2022-01-02T12:21:46,30.04818,-90.57979,0.1,155.7,270.0,SANDPIPER,,WDG2173,31,0,23,,,57,A
367512920,2022-01-02T12:25:16,30.04817,-90.57979,0.0,224.9,272.0,SANDPIPER,,WDG2173,31,0,23,,,57,A
367512920,2022-01-02T12:26:26,30.04815,-90.57980,0.0,234.6,272.0,SANDPIPER,,WDG2173,31,0,23,,,57,A
367512920,2022-01-02T13:04:46,30.04823,-90.57980,0.0,216.7,272.0,SANDPIPER,,WDG2173,31,0,23,,,57,A
367512920,2022-01-02T12:48:36,30.04819,-90.57984,0.0,277.2,273.0,SANDPIPER,,WDG2173,31,0,23,,,57,A
367512920,2022-01-02T12:27:36,30.04816,-90.57980,0.0,232.0,272.0,SANDPIPER,,WDG2173,31,0,23,,,57,A
367512920,2022-01-02T05:40:36,29.95261,-90.15771,5.6,226.5,230.0,SANDPIPER,,WDG2173,31,0,23,,,57,A
367512920,2022-01-02T12:22:55,30.04818,-90.57979,0.0,276.8,270.0,SANDPIPER,,WDG2173,31,0,23,,,57,A
367512920,2022-01-02T12:34:26,30.04819,-90.57980,0.0,310.8,271.0,SANDPIPER,,WDG2173,31,0,23,,,57,A
367512920,2022-01-02T05:45:27,29.94778,-90.16478,6.1,227.9,226.0,SANDPIPER,,WDG2173,31,0,23,,,57,A
367512920,2022-01-02T13:11:35,30.04862,-90.58354,3.0,261.6,255.0,SANDPIPER,,WDG2173,31,0,23,,,57,A
367512920,2022-01-02T13:12:45,30.04834,-90.58507,5.1,257.2,255.0,SANDPIPER,,WDG2173,31,0,23,,,57,A
367512920,2022-01-02T12:42:46,30.04819,-90.57980,0.0,262.7,272.0,SANDPIPER,,WDG2173,31,0,23,,,57,A
367512920,2022-01-02T05:50:07,29.94251,-90.17166,6.1,230.4,229.0,SANDPIPER,,WDG2173,31,0,23,,,57,A
367512920,2022-01-02T13:18:27,30.04642,-90.59424,5.3,267.0,258.0,SANDPIPER,,WDG2173,31,0,23,,,57,A
367512920,2022-01-02T12:35:36,30.04820,-90.57980,0.0,252.3,271.0,SANDPIPER,,WDG2173,31,0,23,,,57,A
367512920,2022-01-02T12:40:26,30.04818,-90.57980,0.0,342.4,272.0,SANDPIPER,,WDG2173,31,0,23,,,57,A
367512920,2022-01-02T12:47:25,30.04820,-90.57982,0.0,318.8,272.0,SANDPIPER,,WDG2173,31,0,23,,,57,A
367512920,2022-01-02T12:39:06,30.04819,-90.57980,0.0,338.1,272.0,SANDPIPER,,WDG2173,31,0,23,,,57,A
367512920,2022-01-02T13:08:17,30.04845,-90.58009,3.1,285.4,273.0,SANDPIPER,,WDG2173,31,0,23,,,57,A
367512920,2022-01-02T13:09:27,30.04865,-90.58147,3.7,278.5,267.0,SANDPIPER,,WDG2173,31,0,23,,,57,A
367512920,2022-01-02T12:41:36,30.04818,-90.57981,0.0,350.5,272.0,SANDPIPER,,WDG2173,31,0,23,,,57,A
367512920,2022-01-02T13:25:47,30.04151,-90.60483,5.3,231.2,231.0,SANDPIPER,,WDG2173,31,0,23,,,57,A
367512920,2022-01-02T12:46:16,30.04818,-90.57980,0.1,332.3,272.0,SANDPIPER,,WDG2173,31,0,23,,,57,A
367512920,2022-01-02T12:53:16,30.04818,-90.57979,0.0,303.9,273.0,SANDPIPER,,WDG2173,31,0,23,,,57,A
367512920,2022-01-02T13:17:19,30.04639,-90.59233,5.3,272.7,266.0,SANDPIPER,,WDG2173,31,0,23,,,57,A
367512920,2022-01-02T12:59:07,30.04820,-90.57980,0.0,322.3,273.0,SANDPIPER,,WDG2173,31,0,23,,,57,A
367512920,2022-01-02T13:00:15,30.04821,-90.57979,0.0,5.0,272.0,SANDPIPER,,WDG2173,31,0,23,,,57,A
367512920,2022-01-02T13:38:07,30.03405,-90.62337,5.4,287.3,289.0,SANDPIPER,,WDG2173,31,0,23,,,57,A
367512920,2022-01-02T13:24:36,30.04252,-90.60322,5.1,235.4,233.0,SANDPIPER,,WDG2173,31,0,23,,,57,A
367512920,2022-01-02T12:52:07,30.04818,-90.57979,0.0,305.4,273.0,SANDPIPER,,WDG2173,31,0,23,,,57,A
367512920,2022-01-02T13:02:36,30.04823,-90.57978,0.0,312.3,272.0,SANDPIPER,,WDG2173,31,0,23,,,57,A
367512920,2022-01-02T13:36:57,30.03368,-90.62145,5.2,273.1,278.0,SANDPIPER,,WDG2173,31,0,23,,,57,A
367512920,2022-01-02T13:40:26,30.03532,-90.62704,5.6,302.1,299.0,SANDPIPER,,WDG2173,31,0,23,,,57,A
367512920,2022-01-02T13:42:47,30.03725,-90.63063,5.9,302.1,302.0,SANDPIPER,,WDG2173,31,0,23,,,57,A
367512920,2022-01-02T12:57:56,30.04820,-90.57979,0.0,315.0,273.0,SANDPIPER,,WDG2173,31,0,23,,,57,A
367512920,2022-01-02T13:47:26,30.04253,-90.63666,5.5,311.3,310.0,SANDPIPER,,WDG2173,31,0,23,,,57,A
367512920,2022-01-02T13:13:57,30.04782,-90.58698,5.3,247.5,247.0,SANDPIPER,,WDG2173,31,0,23,,,57,A
367512920,2022-01-02T13:50:46,30.04515,-90.64074,5.2,296.0,297.0,SANDPIPER,,WDG2173,31,0,23,,,57,A
367512920,2022-01-02T13:51:56,30.04581,-90.64244,4.9,295.3,299.0,SANDPIPER,,WDG2173,31,0,23,,,57,A
367512920,2022-01-02T13:48:30,30.04345,-90.63791,3.7,316.3,318.0,SANDPIPER,,WDG2173,31,0,23,,,57,A
367512920,2022-01-02T13:03:45,30.04823,-90.57980,0.0,245.2,271.0,SANDPIPER,,WDG2173,31,0,23,,,57,A
367512920,2022-01-02T13:15:06,30.04724,-90.58880,5.3,253.1,250.0,SANDPIPER,,WDG2173,31,0,23,,,57,A
367512920,2022-01-02T13:20:47,30.04564,-90.59808,5.4,255.1,251.0,SANDPIPER,,WDG2173,31,0,23,,,57,A
367512920,2022-01-02T13:54:16,30.04750,-90.64567,5.0,294.6,292.0,SANDPIPER,,WDG2173,31,0,23,,,57,A
367512920,2022-01-02T13:10:29,30.04872,-90.58251,2.9,282.9,262.0,SANDPIPER,,WDG2173,31,0,23,,,57,A
367512920,2022-01-02T13:21:49,30.04501,-90.59967,5.3,230.1,228.0,SANDPIPER,,WDG2173,31,0,23,,,57,A
367512920,2022-01-02T13:58:56,30.04914,-90.65283,5.0,278.3,274.0,SANDPIPER,,WDG2173,31,0,23,,,57,A
367512920,2022-01-02T14:01:17,30.04919,-90.65662,5.1,267.1,265.0,SANDPIPER,,WDG2173,31,0,23,,,57,A
367512920,2022-01-02T13:22:56,30.04393,-90.60104,5.2,228.5,228.0,SANDPIPER,,WDG2173,31,0,23,,,57,A
367512920,2022-01-02T13:19:36,30.04615,-90.59616,5.2,254.3,244.0,SANDPIPER,,WDG2173,31,0,23,,,57,A
367512920,2022-01-02T13:33:30,30.03441,-90.61584,5.4,243.9,253.0,SANDPIPER,,WDG2173,31,0,23,,,57,A
367512920,2022-01-02T13:32:26,30.03525,-90.61425,5.6,233.3,235.0,SANDPIPER,,WDG2173,31,0,23,,,57,A
367512920,2022-01-02T13:26:55,30.04050,-90.60638,5.4,230.7,231.0,SANDPIPER,,WDG2173,31,0,23,,,57,A
367512920,2022-01-02T13:34:37,30.03388,-90.61764,5.2,255.4,263.0,SANDPIPER,,WDG2173,31,0,23,,,57,A
367512920,2022-01-02T13:29:07,30.03851,-90.60951,5.6,231.8,227.0,SANDPIPER,,WDG2173,31,0,23,,,57,A
367512920,2022-01-02T13:57:45,30.04884,-90.65099,5.0,285.1,281.0,SANDPIPER,,WDG2173,31,0,23,,,57,A
367512920,2022-01-02T13:41:36,30.03634,-90.62882,5.6,302.1,304.0,SANDPIPER,,WDG2173,31,0,23,,,57,A
367512920,2022-01-02T14:11:56,30.04476,-90.67346,5.2,227.3,230.0,SANDPIPER,,WDG2173,31,0,23,,,57,A
367512920,2022-01-02T13:30:15,30.03738,-90.61110,5.7,231.2,229.0,SANDPIPER,,WDG2173,31,0,23,,,57,A
367512920,2022-01-02T14:14:07,30.04264,-90.67615,5.2,232.4,232.0,SANDPIPER,,WDG2173,31,0,23,,,57,A
367512920,2022-01-02T14:03:36,30.04874,-90.66044,5.1,260.3,257.0,SANDPIPER,,WDG2173,31,0,23,,,57,A
367512920,2022-01-02T13:45:06,30.03986,-90.63400,5.6,319.8,321.0,SANDPIPER,,WDG2173,31,0,23,,,57,A
367512920,2022-01-02T14:04:46,30.04839,-90.66232,5.2,257.4,255.0,SANDPIPER,,WDG2173,31,0,23,,,57,A
367512920,2022-01-02T06:20:05,29.93417,-90.21845,5.8,339.3,344.0,SANDPIPER,,WDG2173,31,0,23,,,57,A
367512920,2022-01-02T14:19:56,30.03808,-90.68199,3.5,240.2,236.0,SANDPIPER,,WDG2173,31,0,23,,,57,A
367512920,2022-01-02T06:21:17,29.93603,-90.21911,5.9,344.7,344.0,SANDPIPER,,WDG2173,31,0,23,,,57,A
367512920,2022-01-02T14:09:37,30.04652,-90.67011,5.2,248.4,239.0,SANDPIPER,,WDG2173,31,0,23,,,57,A
367512920,2022-01-02T13:39:15,30.03458,-90.62521,5.3,289.2,294.0,SANDPIPER,,WDG2173,31,0,23,,,57,A
367512920,2022-01-02T13:43:56,30.03851,-90.63246,6.2,311.0,309.0,SANDPIPER,,WDG2173,31,0,23,,,57,A
367512920,2022-01-02T14:15:15,30.04148,-90.67757,5.3,227.3,230.0,SANDPIPER,,WDG2173,31,0,23,,,57,A
367512920,2022-01-02T13:46:16,30.04127,-90.63518,5.3,320.5,316.0,SANDPIPER,,WDG2173,31,0,23,,,57,A
367512920,2022-01-02T13:49:37,30.04438,-90.63905,5.1,310.2,307.0,SANDPIPER,,WDG2173,31,0,23,,,57,A
367512920,2022-01-02T14:33:35,30.03564,-90.68392,0.0,354.9,51.0,SANDPIPER,,WDG2173,31,0,23,,,57,A
367512920,2022-01-02T06:27:16,29.94596,-90.22264,6.4,342.6,342.0,SANDPIPER,,WDG2173,31,0,23,,,57,A
367512920,2022-01-02T06:28:25,29.94796,-90.22334,6.5,343.6,339.0,SANDPIPER,,WDG2173,31,0,23,,,57,A
367512920,2022-01-02T14:21:05,30.03752,-90.68308,3.4,239.9,239.0,SANDPIPER,,WDG2173,31,0,23,,,57,A
367512920,2022-01-02T14:24:16,30.03621,-90.68300,1.1,85.6,55.0,SANDPIPER,,WDG2173,31,0,23,,,57,A
367512920,2022-01-02T13:55:25,30.04801,-90.64740,5.0,284.7,284.0,SANDPIPER,,WDG2173,31,0,23,,,57,A
367512920,2022-01-02T14:27:47,30.03621,-90.68292,0.0,249.9,53.0,SANDPIPER,,WDG2173,31,0,23,,,57,A
367512920,2022-01-02T14:08:26,30.04707,-90.66822,5.4,256.1,251.0,SANDPIPER,,WDG2173,31,0,23,,,57,A
367512920,2022-01-02T14:31:16,30.03600,-90.68333,1.5,236.9,55.0,SANDPIPER,,WDG2173,31,0,23,,,57,A
367512920,2022-01-02T14:38:25,30.03582,-90.68444,1.0,241.7,54.0,SANDPIPER,,WDG2173,31,0,23,,,57,A
367512920,2022-01-02T14:45:17,30.04437,-90.67613,7.1,51.9,56.0,SANDPIPER,,WDG2173,31,0,23,,,57,A
367512920,2022-01-02T14:36:16,30.03574,-90.68410,0.8,15.6,49.0,SANDPIPER,,WDG2173,31,0,23,,,57,A
367512920,2022-01-02T14:02:26,30.04901,-90.65852,5.2,263.5,261.0,SANDPIPER,,WDG2173,31,0,23,,,57,A
367512920,2022-01-02T14:18:47,30.03870,-90.68093,3.2,234.6,234.0,SANDPIPER,,WDG2173,31,0,23,,,57,A
367512920,2022-01-02T14:40:46,30.03632,-90.68420,4.7,38.4,33.0,SANDPIPER,,WDG2173,31,0,23,,,57,A
367512920,2022-01-02T14:07:15,30.04756,-90.66631,5.3,253.9,250.0,SANDPIPER,,WDG2173,31,0,23,,,57,A
367512920,2022-01-02T14:42:56,30.04105,-90.68018,9.1,42.3,41.0,SANDPIPER,,WDG2173,31,0,23,,,57,A
367512920,2022-01-02T14:44:07,30.04289,-90.67816,7.2,45.8,51.0,SANDPIPER,,WDG2173,31,0,23,,,57,A
367512920,2022-01-02T14:05:55,30.04803,-90.66418,5.1,257.5,252.0,SANDPIPER,,WDG2173,31,0,23,,,57,A
367512920,2022-01-02T14:51:06,30.04945,-90.66400,10.0,79.7,87.0,SANDPIPER,,WDG2173,31,0,23,,,57,A
367512920,2022-01-02T14:22:08,30.03676,-90.68383,3.6,198.2,203.0,SANDPIPER,,WDG2173,31,0,23,,,57,A
367512920,2022-01-02T14:26:36,30.03622,-90.68293,0.0,289.1,53.0,SANDPIPER,,WDG2173,31,0,23,,,57,A
367512920,2022-01-02T14:10:47,30.04575,-90.67187,5.3,241.1,241.0,SANDPIPER,,WDG2173,31,0,23,,,57,A
367512920,2022-01-02T14:25:26,30.03621,-90.68291,0.1,300.8,52.0,SANDPIPER,,WDG2173,31,0,23,,,57,A
367512920,2022-01-02T14:28:56,30.03622,-90.68291,0.0,220.5,54.0,SANDPIPER,,WDG2173,31,0,23,,,57,A
367512920,2022-01-02T14:52:16,30.04987,-90.66008,10.9,86.3,95.0,SANDPIPER,,WDG2173,31,0,23,,,57,A
367512920,2022-01-02T14:53:25,30.04991,-90.65598,11.0,92.4,99.0,SANDPIPER,,WDG2173,31,0,23,,,57,A
367512920,2022-01-02T14:30:06,30.03623,-90.68293,0.3,247.5,54.0,SANDPIPER,,WDG2173,31,0,23,,,57,A
367512920,2022-01-02T06:38:47,29.96222,-90.23502,6.2,309.8,307.0,SANDPIPER,,WDG2173,31,0,23,,,57,A
367512920,2022-01-02T14:59:07,30.04425,-90.63744,11.2,130.6,135.0,SANDPIPER,,WDG2173,31,0,23,,,57,A
367512920,2022-01-02T14:16:25,30.04030,-90.67897,5.2,221.8,226.0,SANDPIPER,,WDG2173,31,0,23,,,57,A
367512920,2022-01-02T14:32:26,30.03574,-90.68376,1.4,232.9,53.0,SANDPIPER,,WDG2173,31,0,23,,,57,A
367512920,2022-01-02T15:06:46,30.03296,-90.61543,10.2,75.3,54.0,SANDPIPER,,WDG2173,31,0,23,,,57,A
367512920,2022-01-02T14:39:37,30.03595,-90.68449,1.0,279.4,49.0,SANDPIPER,,WDG2173,31,0,23,,,57,A
367512920,2022-01-02T14:41:47,30.03843,-90.68257,10.6,34.9,34.0,SANDPIPER,,WDG2173,31,0,23,,,57,A
367512920,2022-01-02T15:16:56,30.04976,-90.58546,11.2,68.0,68.0,SANDPIPER,,WDG2173,31,0,23,,,57,A
367512920,2022-01-02T15:10:16,30.03902,-90.60560,11.1,48.7,48.0,SANDPIPER,,WDG2173,31,0,23,,,57,A
367512920,2022-01-02T15:12:26,30.04314,-90.59948,11.3,54.7,53.0,SANDPIPER,,WDG2173,31,0,23,,,57,A
367512920,2022-01-02T15:13:36,30.04512,-90.59595,11.2,59.7,51.0,SANDPIPER,,WDG2173,31,0,23,,,57,A
367512920,2022-01-02T14:37:17,30.03583,-90.68417,0.3,338.9,50.0,SANDPIPER,,WDG2173,31,0,23,,,57,A
367512920,2022-01-02T15:23:47,30.05090,-90.56139,11.3,98.5,95.0,SANDPIPER,,WDG2173,31,0,23,,,57,A
367512920,2022-01-02T15:17:57,30.05076,-90.58200,11.2,74.5,79.0,SANDPIPER,,WDG2173,31,0,23,,,57,A
367512920,2022-01-02T14:35:07,30.03563,-90.68409,0.3,277.6,50.0,SANDPIPER,,WDG2173,31,0,23,,,57,A
367512920,2022-01-02T15:21:27,30.05164,-90.56972,11.1,90.5,91.0,SANDPIPER,,WDG2173,31,0,23,,,57,A
367512920,2022-01-02T14:54:26,30.04964,-90.65244,11.1,96.9,103.0,SANDPIPER,,WDG2173,31,0,23,,,57,A
367512920,2022-01-02T06:43:36,29.96668,-90.24295,6.2,298.1,296.0,SANDPIPER,,WDG2173,31,0,23,,,57,A
367512920,2022-01-02T15:24:55,30.05035,-90.55731,11.3,100.2,97.0,SANDPIPER,,WDG2173,31,0,23,,,57,A
367512920,2022-01-02T14:46:26,30.04567,-90.67402,7.0,59.1,63.0,SANDPIPER,,WDG2173,31,0,23,,,57,A
367512920,2022-01-02T06:44:46,29.96766,-90.24501,6.3,297.6,296.0,SANDPIPER,,WDG2173,31,0,23,,,57,A
367512920,2022-01-02T14:57:55,30.04649,-90.64082,10.9,121.7,130.0,SANDPIPER,,WDG2173,31,0,23,,,57,A
367512920,2022-01-02T14:48:46,30.04780,-90.66944,6.9,62.4,73.0,SANDPIPER,,WDG2173,31,0,23,,,57,A
367512920,2022-01-02T15:28:27,30.04776,-90.54491,11.2,106.2,100.0,SANDPIPER,,WDG2173,31,0,23,,,57,A
367512920,2022-01-02T14:49:56,30.04866,-90.66705,7.3,68.2,76.0,SANDPIPER,,WDG2173,31,0,23,,,57,A
367512920,2022-01-02T15:36:37,30.04862,-90.51664,11.3,78.3,73.0,SANDPIPER,,WDG2173,31,0,23,,,57,A
367512920,2022-01-02T14:55:37,30.04902,-90.64832,11.0,101.1,108.0,SANDPIPER,,WDG2173,31,0,23,,,57,A
367512920,2022-01-02T15:07:56,30.03452,-90.61204,10.5,56.3,45.0,SANDPIPER,,WDG2173,31,0,23,,,57,A
367512920,2022-01-02T14:56:45,30.04804,-90.64446,10.9,109.0,116.0,SANDPIPER,,WDG2173,31,0,23,,,57,A
367512920,2022-01-02T15:11:17,30.04097,-90.60279,11.1,53.3,48.0,SANDPIPER,,WDG2173,31,0,23,,,57,A
367512920,2022-01-02T15:41:37,30.05165,-90.49863,11.4,84.1,89.0,SANDPIPER,,WDG2173,31,0,23,,,57,A
367512920,2022-01-02T15:14:45,30.04701,-90.59251,11.1,59.6,59.0,SANDPIPER,,WDG2173,31,0,23,,,57,A
367512920,2022-01-02T15:50:56,30.03696,-90.47325,11.4,163.4,168.0,SANDPIPER,,WDG2173,31,0,23,,,57,A
367512920,2022-01-02T15:05:43,30.03256,-90.61871,9.9,95.3,75.0,SANDPIPER,,WDG2173,31,0,23,,,57,A
367512920,2022-01-02T15:15:46,30.04845,-90.58930,11.1,64.1,65.0,SANDPIPER,,WDG2173,31,0,23,,,57,A
367512920,2022-01-02T15:09:06,30.03671,-90.60877,11.1,51.4,44.0,SANDPIPER,,WDG2173,31,0,23,,,57,A
367512920,2022-01-02T15:49:46,30.04032,-90.47472,11.2,153.8,160.0,SANDPIPER,,WDG2173,31,0,23,,,57,A
367512920,2022-01-02T15:22:36,30.05139,-90.56555,11.2,95.7,95.0,SANDPIPER,,WDG2173,31,0,23,,,57,A
367512920,2022-01-02T15:52:15,30.03286,-90.47214,11.2,171.3,179.0,SANDPIPER,,WDG2173,31,0,23,,,57,A
367512920,2022-01-02T15:27:17,30.04878,-90.54895,11.4,106.0,102.0,SANDPIPER,,WDG2173,31,0,23,,,57,A
367512920,2022-01-02T15:56:46,30.01851,-90.47267,11.6,186.1,190.0,SANDPIPER,,WDG2173,31,0,23,,,57,A
367512920,2022-01-02T15:30:55,30.04608,-90.53647,10.8,96.7,84.0,SANDPIPER,,WDG2173,31,0,23,,,57,A
367512920,2022-01-02T16:05:16,29.99765,-90.46162,10.9,108.8,102.0,SANDPIPER,,WDG2173,31,0,23,,,57,A
367512920,2022-01-02T15:31:57,30.04601,-90.53297,10.8,87.7,77.0,SANDPIPER,,WDG2173,31,0,23,,,57,A
367512920,2022-01-02T15:59:17,30.01051,-90.47361,11.4,181.1,172.0,SANDPIPER,,WDG2173,31,0,23,,,57,A
367512920,2022-01-02T15:29:37,30.04682,-90.54098,11.0,107.0,96.0,SANDPIPER,,WDG2173,31,0,23,,,57,A
367512920,2022-01-02T15:33:05,30.04634,-90.52891,11.1,82.8,73.0,SANDPIPER,,WDG2173,31,0,23,,,57,A
367512920,2022-01-02T15:54:36,30.02544,-90.47183,11.4,184.8,194.0,SANDPIPER,,WDG2173,31,0,23,,,57,A
367512920,2022-01-02T15:20:16,30.05166,-90.57385,11.0,88.3,87.0,SANDPIPER,,WDG2173,31,0,23,,,57,A
367512920,2022-01-02T16:02:56,30.00075,-90.46875,10.6,131.9,118.0,SANDPIPER,,WDG2173,31,0,23,,,57,A
367512920,2022-01-02T15:57:56,30.01484,-90.47320,11.6,187.7,188.0,SANDPIPER,,WDG2173,31,0,23,,,57,A
367512920,2022-01-02T15:35:26,30.04785,-90.52076,11.2,76.7,72.0,SANDPIPER,,WDG2173,31,0,23,,,57,A
367512920,2022-01-02T15:38:57,30.05016,-90.50836,11.4,77.1,75.0,SANDPIPER,,WDG2173,31,0,23,,,57,A
367512920,2022-01-02T15:40:26,30.05113,-90.50293,11.6,78.7,80.0,SANDPIPER,,WDG2173,31,0,23,,,57,A
367512920,2022-01-02T16:15:07,29.99386,-90.42734,11.2,95.6,92.0,SANDPIPER,,WDG2173,31,0,23,,,57,A
367512920,2022-01-02T16:06:25,29.99669,-90.45769,11.0,104.0,99.0,SANDPIPER,,WDG2173,31,0,23,,,57,A
367512920,2022-01-02T15:45:06,30.05018,-90.48627,11.2,113.8,122.0,SANDPIPER,,WDG2173,31,0,23,,,57,A
367512920,2022-01-02T16:08:46,29.99513,-90.44958,11.1,100.0,94.0,SANDPIPER,,WDG2173,31,0,23,,,57,A
367512920,2022-01-02T16:12:47,29.99414,-90.43566,10.9,89.3,86.0,SANDPIPER,,WDG2173,31,0,23,,,57,A
367512920,2022-01-02T16:26:56,29.97366,-90.39649,11.1,167.5,171.0,SANDPIPER,,WDG2173,31,0,23,,,57,A
367512920,2022-01-02T15:34:16,30.04698,-90.52480,11.0,77.0,69.0,SANDPIPER,,WDG2173,31,0,23,,,57,A
367512920,2022-01-02T16:28:05,29.97008,-90.39573,11.3,172.0,178.0,SANDPIPER,,WDG2173,31,0,23,,,57,A
367512920,2022-01-02T16:18:36,29.99210,-90.41504,11.2,107.0,114.0,SANDPIPER,,WDG2173,31,0,23,,,57,A
367512920,2022-01-02T15:42:47,30.05175,-90.49441,11.5,91.6,99.0,SANDPIPER,,WDG2173,31,0,23,,,57,A
367512920,2022-01-02T15:47:25,30.04619,-90.47942,11.0,131.0,142.0,SANDPIPER,,WDG2173,31,0,23,,,57,A
367512920,2022-01-02T15:48:37,30.04347,-90.47679,11.0,144.0,154.0,SANDPIPER,,WDG2173,31,0,23,,,57,A
367512920,2022-01-02T16:04:05,29.99891,-90.46539,10.7,116.1,106.0,SANDPIPER,,WDG2173,31,0,23,,,57,A
367512920,2022-01-02T15:53:25,30.02920,-90.47176,11.4,177.0,185.0,SANDPIPER,,WDG2173,31,0,23,,,57,A
367512920,2022-01-02T15:46:16,30.04837,-90.48263,11.1,123.3,129.0,SANDPIPER,,WDG2173,31,0,23,,,57,A
367512920,2022-01-02T16:29:06,29.96687,-90.39540,11.4,178.1,181.0,SANDPIPER,,WDG2173,31,0,23,,,57,A
367512920,2022-01-02T16:10:16,29.99452,-90.44441,10.9,98.5,91.0,SANDPIPER,,WDG2173,31,0,23,,,57,A
367512920,2022-01-02T16:07:37,29.99582,-90.45355,11.1,103.4,96.0,SANDPIPER,,WDG2173,31,0,23,,,57,A
367512920,2022-01-02T16:40:16,29.94127,-90.37593,11.3,116.5,111.0,SANDPIPER,,WDG2173,31,0,23,,,57,A
367512920,2022-01-02T16:11:37,29.99423,-90.43968,11.1,95.7,87.0,SANDPIPER,,WDG2173,31,0,23,,,57,A
367512920,2022-01-02T16:13:56,29.99412,-90.43158,11.1,91.7,91.0,SANDPIPER,,WDG2173,31,0,23,,,57,A
367512920,2022-01-02T16:44:57,29.93629,-90.36012,11.3,105.5,98.0,SANDPIPER,,WDG2173,31,0,23,,,57,A
367512920,2022-01-02T16:36:37,29.94705,-90.38728,11.0,124.6,119.0,SANDPIPER,,WDG2173,31,0,23,,,57,A
367512920,2022-01-02T16:16:16,29.99352,-90.42326,11.2,97.0,96.0,SANDPIPER,,WDG2173,31,0,23,,,57,A
367512920,2022-01-02T16:01:46,30.00328,-90.47133,10.7,147.1,133.0,SANDPIPER,,WDG2173,31,0,23,,,57,A
367512920,2022-01-02T16:20:56,29.98891,-90.40777,11.1,125.4,135.0,SANDPIPER,,WDG2173,31,0,23,,,57,A
367512920,2022-01-02T16:19:46,29.99078,-90.41127,11.0,115.7,125.0,SANDPIPER,,WDG2173,31,0,23,,,57,A
367512920,2022-01-02T16:00:15,30.00752,-90.47333,11.0,171.3,154.0,SANDPIPER,,WDG2173,31,0,23,,,57,A
367512920,2022-01-02T16:24:36,29.98032,-90.39932,11.1,152.1,156.0,SANDPIPER,,WDG2173,31,0,23,,,57,A
367512920,2022-01-02T16:23:16,29.98386,-90.40184,11.2,141.3,150.0,SANDPIPER,,WDG2173,31,0,23,,,57,A
367512920,2022-01-02T16:52:45,29.93320,-90.33249,11.1,83.6,76.0,SANDPIPER,,WDG2173,31,0,23,,,57,A
367512920,2022-01-02T16:48:17,29.93408,-90.34837,11.2,98.3,91.0,SANDPIPER,,WDG2173,31,0,23,,,57,A
367512920,2022-01-02T16:49:25,29.93368,-90.34428,11.2,96.5,91.0,SANDPIPER,,WDG2173,31,0,23,,,57,A
367512920,2022-01-02T16:34:16,29.95172,-90.39322,9.9,145.3,134.0,SANDPIPER,,WDG2173,31,0,23,,,57,A
367512920,2022-01-02T17:04:06,29.95282,-90.30140,11.2,39.2,36.0,SANDPIPER,,WDG2173,31,0,23,,,57,A
367512920,2022-01-02T16:17:26,29.99297,-90.41909,11.2,101.1,101.0,SANDPIPER,,WDG2173,31,0,23,,,57,A
367512920,2022-01-02T07:23:46,29.94593,-90.31063,6.4,222.6,221.0,SANDPIPER,,WDG2173,31,0,23,,,57,A
367512920,2022-01-02T16:42:37,29.93845,-90.36815,11.2,109.5,102.0,SANDPIPER,,WDG2173,31,0,23,,,57,A
367512920,2022-01-02T17:06:26,29.95826,-90.29595,11.1,43.3,41.0,SANDPIPER,,WDG2173,31,0,23,,,57,A
367512920,2022-01-02T16:25:47,29.97706,-90.39756,11.0,159.1,167.0,SANDPIPER,,WDG2173,31,0,23,,,57,A
367512920,2022-01-02T17:08:56,29.96338,-90.28941,10.9,51.6,48.0,SANDPIPER,,WDG2173,31,0,23,,,57,A
367512920,2022-01-02T17:21:47,29.96937,-90.24599,11.7,109.4,116.0,SANDPIPER,,WDG2173,31,0,23,,,57,A
367512920,2022-01-02T16:46:06,29.93537,-90.35603,11.4,104.7,96.0,SANDPIPER,,WDG2173,31,0,23,,,57,A
367512920,2022-01-02T16:31:26,29.95944,-90.39536,11.3,183.4,180.0,SANDPIPER,,WDG2173,31,0,23,,,57,A
367512920,2022-01-02T16:32:36,29.95597,-90.39517,10.1,173.3,161.0,SANDPIPER,,WDG2173,31,0,23,,,57,A
367512920,2022-01-02T17:13:46,29.97106,-90.27502,11.1,70.2,73.0,SANDPIPER,,WDG2173,31,0,23,,,57,A
367512920,2022-01-02T17:28:57,29.95546,-90.22577,11.4,146.0,152.0,SANDPIPER,,WDG2173,31,0,23,,,57,A
367512920,2022-01-02T16:35:26,29.94925,-90.39060,10.9,131.8,123.0,SANDPIPER,,WDG2173,31,0,23,,,57,A
367512920,2022-01-02T17:30:06,29.95227,-90.22365,11.3,152.1,160.0,SANDPIPER,,WDG2173,31,0,23,,,57,A
367512920,2022-01-02T17:31:16,29.94887,-90.22206,11.3,161.0,165.0,SANDPIPER,,WDG2173,31,0,23,,,57,A
367512920,2022-01-02T16:56:26,29.93648,-90.32022,10.7,60.0,46.0,SANDPIPER,,WDG2173,31,0,23,,,57,A
367512920,2022-01-02T16:41:26,29.93977,-90.37214,11.3,112.5,105.0,SANDPIPER,,WDG2173,31,0,23,,,57,A
367512920,2022-01-02T16:58:57,29.94117,-90.31351,10.8,46.2,39.0,SANDPIPER,,WDG2173,31,0,23,,,57,A
367512920,2022-01-02T17:05:16,29.95560,-90.29873,11.1,40.5,39.0,SANDPIPER,,WDG2173,31,0,23,,,57,A
367512920,2022-01-02T16:43:46,29.93733,-90.36420,11.3,108.1,100.0,SANDPIPER,,WDG2173,31,0,23,,,57,A
367512920,2022-01-02T17:24:06,29.96610,-90.23840,11.4,121.3,125.0,SANDPIPER,,WDG2173,31,0,23,,,57,A
367512920,2022-01-02T07:32:56,29.93656,-90.32450,6.0,256.5,256.0,SANDPIPER,,WDG2173,31,0,23,,,57,A
367512920,2022-01-02T17:40:57,29.92352,-90.20744,10.3,110.4,94.0,SANDPIPER,,WDG2173,31,0,23,,,57,A
367512920,2022-01-02T17:26:36,29.96124,-90.23118,11.5,133.7,141.0,SANDPIPER,,WDG2173,31,0,23,,,57,A
367512920,2022-01-02T16:47:07,29.93470,-90.35250,11.3,102.0,93.0,SANDPIPER,,WDG2173,31,0,23,,,57,A
367512920,2022-01-02T16:50:26,29.93327,-90.34072,11.3,98.2,89.0,SANDPIPER,,WDG2173,31,0,23,,,57,A
367512920,2022-01-02T17:38:36,29.92749,-90.21375,11.0,144.1,131.0,SANDPIPER,,WDG2173,31,0,23,,,57,A
367512920,2022-01-02T17:49:07,29.93110,-90.18250,10.7,54.2,45.0,SANDPIPER,,WDG2173,31,0,23,,,57,A
367512920,2022-01-02T17:50:17,29.93320,-90.17938,10.6,50.7,39.0,SANDPIPER,,WDG2173,31,0,23,,,57,A
367512920,2022-01-02T16:53:57,29.93377,-90.32836,11.0,78.5,67.0,SANDPIPER,,WDG2173,31,0,23,,,57,A
367512920,2022-01-02T16:55:17,29.93500,-90.32390,11.0,70.0,59.0,SANDPIPER,,WDG2173,31,0,23,,,57,A
367512920,2022-01-02T17:43:06,29.92339,-90.20064,10.1,73.4,65.0,SANDPIPER,,WDG2173,31,0,23,,,57,A
367512920,2022-01-02T17:51:26,29.93553,-90.17656,10.7,45.7,37.0,SANDPIPER,,WDG2173,31,0,23,,,57,A
367512920,2022-01-02T17:44:16,29.92444,-90.19694,10.5,70.7,63.0,SANDPIPER,,WDG2173,31,0,23,,,57,A
367512920,2022-01-02T17:16:07,29.97223,-90.26672,11.3,88.0,87.0,SANDPIPER,,WDG2173,31,0,23,,,57,A
367512920,2022-01-02T17:18:27,29.97184,-90.25819,11.7,98.4,102.0,SANDPIPER,,WDG2173,31,0,23,,,57,A
367512920,2022-01-02T07:45:56,29.93632,-90.34965,6.3,278.8,280.0,SANDPIPER,,WDG2173,31,0,23,,,57,A
367512920,2022-01-02T17:42:00,29.92297,-90.20404,10.0,94.1,75.0,SANDPIPER,,WDG2173,31,0,23,,,57,A
367512920,2022-01-02T17:58:26,29.95034,-90.15914,10.9,45.6,37.0,SANDPIPER,,WDG2173,31,0,23,,,57,A
367512920,2022-01-02T07:47:06,29.93664,-90.35200,6.3,280.1,281.0,SANDPIPER,,WDG2173,31,0,23,,,57,A
367512920,2022-01-02T17:59:37,29.95288,-90.15622,11.0,44.5,44.0,SANDPIPER,,WDG2173,31,0,23,,,57,A
367512920,2022-01-02T17:22:57,29.96794,-90.24205,11.5,116.2,123.0,SANDPIPER,,WDG2173,31,0,23,,,57,A
367512920,2022-01-02T17:25:26,29.96366,-90.23434,11.4,128.7,134.0,SANDPIPER,,WDG2173,31,0,23,,,57,A
367512920,2022-01-02T17:07:37,29.96084,-90.29300,11.0,47.9,48.0,SANDPIPER,,WDG2173,31,0,23,,,57,A
367512920,2022-01-02T17:52:36,29.93800,-90.17374,10.7,43.9,37.0,SANDPIPER,,WDG2173,31,0,23,,,57,A
367512920,2022-01-02T18:03:37,29.95524,-90.14441,9.6,122.8,148.0,SANDPIPER,,WDG2173,31,0,23,,,57,A
367512920,2022-01-02T17:53:45,29.94054,-90.17094,10.9,44.5,40.0,SANDPIPER,,WDG2173,31,0,23,,,57,A
367512920,2022-01-02T18:07:06,29.94685,-90.13909,10.6,167.5,174.0,SANDPIPER,,WDG2173,31,0,23,,,57,A
367512920,2022-01-02T18:09:26,29.93991,-90.13820,10.8,178.0,182.0,SANDPIPER,,WDG2173,31,0,23,,,57,A
367512920,2022-01-02T17:19:36,29.97117,-90.25388,11.8,101.0,103.0,SANDPIPER,,WDG2173,31,0,23,,,57,A
367512920,2022-01-02T17:20:37,29.97045,-90.25020,11.8,103.1,106.0,SANDPIPER,,WDG2173,31,0,23,,,57,A
367512920,2022-01-02T17:17:17,29.97221,-90.26249,11.5,92.2,94.0,SANDPIPER,,WDG2173,31,0,23,,,57,A
367512920,2022-01-02T18:17:26,29.91578,-90.13542,10.2,148.1,127.0,SANDPIPER,,WDG2173,31,0,23,,,57,A
367512920,2022-01-02T17:27:46,29.95850,-90.22830,11.4,141.1,148.0,SANDPIPER,,WDG2173,31,0,23,,,57,A
367512920,2022-01-02T18:04:46,29.95292,-90.14190,10.1,143.2,155.0,SANDPIPER,,WDG2173,31,0,23,,,57,A
367512920,2022-01-02T17:45:26,29.92566,-90.19326,10.5,67.5,59.0,SANDPIPER,,WDG2173,31,0,23,,,57,A
367512920,2022-01-02T18:10:36,29.93639,-90.13810,10.9,179.4,180.0,SANDPIPER,,WDG2173,31,0,23,,,57,A
367512920,2022-01-02T18:11:47,29.93271,-90.13794,11.1,177.3,180.0,SANDPIPER,,WDG2173,31,0,23,,,57,A
367512920,2022-01-02T18:25:36,29.90849,-90.11042,10.6,88.3,79.0,SANDPIPER,,WDG2173,31,0,23,,,57,A
367512920,2022-01-02T17:37:26,29.93058,-90.21587,11.1,156.6,144.0,SANDPIPER,,WDG2173,31,0,23,,,57,A
367512920,2022-01-02T18:12:57,29.92917,-90.13782,11.2,178.2,178.0,SANDPIPER,,WDG2173,31,0,23,,,57,A
367512920,2022-01-02T18:28:57,29.91003,-90.09902,10.9,76.1,68.0,SANDPIPER,,WDG2173,31,0,23,,,57,A
367512920,2022-01-02T17:39:47,29.92508,-90.21090,10.6,126.9,113.0,SANDPIPER,,WDG2173,31,0,23,,,57,A
367512920,2022-01-02T18:19:47,29.91199,-90.12931,10.2,114.2,108.0,SANDPIPER,,WDG2173,31,0,23,,,57,A
367512920,2022-01-02T17:55:57,29.94529,-90.16552,11.0,46.9,42.0,SANDPIPER,,WDG2173,31,0,23,,,57,A
367512920,2022-01-02T17:47:45,29.92883,-90.18627,10.5,58.7,47.0,SANDPIPER,,WDG2173,31,0,23,,,57,A
367512920,2022-01-02T18:20:55,29.91080,-90.12583,10.3,109.6,104.0,SANDPIPER,,WDG2173,31,0,23,,,57,A
367512920,2022-01-02T18:23:05,29.90909,-90.11877,10.6,102.4,96.0,SANDPIPER,,WDG2173,31,0,23,,,57,A
367512920,2022-01-02T18:26:46,29.90875,-90.10641,10.6,83.1,74.0,SANDPIPER,,WDG2173,31,0,23,,,57,A
367512920,2022-01-02T18:30:07,29.91098,-90.09509,10.9,72.9,66.0,SANDPIPER,,WDG2173,31,0,23,,,57,A
367512920,2022-01-02T18:05:55,29.95008,-90.14011,10.2,156.9,171.0,SANDPIPER,,WDG2173,31,0,23,,,57,A
367512920,2022-01-02T08:02:06,29.94461,-90.37949,6.0,300.6,299.0,SANDPIPER,,WDG2173,31,0,23,,,57,A
367512920,2022-01-02T17:57:07,29.94763,-90.16248,10.9,49.4,41.0,SANDPIPER,,WDG2173,31,0,23,,,57,A
367512920,2022-01-02T18:14:06,29.92560,-90.13755,11.3,175.8,177.0,SANDPIPER,,WDG2173,31,0,23,,,57,A
367512920,2022-01-02T17:54:47,29.94272,-90.16841,11.0,43.4,39.0,SANDPIPER,,WDG2173,31,0,23,,,57,A
367512920,2022-01-02T18:00:30,29.95464,-90.15381,10.9,53.8,61.0,SANDPIPER,,WDG2173,31,0,23,,,57,A
367512920,2022-01-02T18:02:33,29.95625,-90.14745,9.8,95.3,120.0,SANDPIPER,,WDG2173,31,0,23,,,57,A
367512920,2022-01-02T18:39:47,29.92296,-90.06495,10.3,44.6,30.0,SANDPIPER,,WDG2173,31,0,23,,,57,A
367512920,2022-01-02T18:58:17,29.95743,-90.03870,11.0,108.6,105.0,SANDPIPER,,WDG2173,31,0,23,,,57,A
367512920,2022-01-02T18:01:32,29.95601,-90.15066,10.4,71.7,89.0,SANDPIPER,,WDG2173,31,0,23,,,57,A
367512920,2022-01-02T18:59:27,29.95632,-90.03479,11.0,108.7,105.0,SANDPIPER,,WDG2173,31,0,23,,,57,A
367512920,2022-01-02T18:08:16,29.94340,-90.13844,10.8,173.4,181.0,SANDPIPER,,WDG2173,31,0,23,,,57,A
367512920,2022-01-02T18:43:16,29.93141,-90.05879,10.2,17.1,3.0,SANDPIPER,,WDG2173,31,0,23,,,57,A
367512920,2022-01-02T18:45:36,29.93807,-90.05824,10.5,357.0,347.0,SANDPIPER,,WDG2173,31,0,23,,,57,A
367512920,2022-01-02T18:31:16,29.91206,-90.09130,11.0,72.4,66.0,SANDPIPER,,WDG2173,31,0,23,,,57,A
367512920,2022-01-02T18:51:26,29.95488,-90.05904,10.4,20.6,31.0,SANDPIPER,,WDG2173,31,0,23,,,57,A
367512920,2022-01-02T18:16:23,29.91861,-90.13685,10.5,167.2,151.0,SANDPIPER,,WDG2173,31,0,23,,,57,A
367512920,2022-01-02T18:33:47,29.91450,-90.08287,10.9,70.4,63.0,SANDPIPER,,WDG2173,31,0,23,,,57,A
367512920,2022-01-02T18:53:47,29.95917,-90.05371,10.1,74.5,82.0,SANDPIPER,,WDG2173,31,0,23,,,57,A
367512920,2022-01-02T18:15:17,29.92191,-90.13723,11.2,176.5,176.0,SANDPIPER,,WDG2173,31,0,23,,,57,A
367512920,2022-01-02T18:18:36,29.91355,-90.13275,10.1,125.1,113.0,SANDPIPER,,WDG2173,31,0,23,,,57,A
367512920,2022-01-02T18:38:37,29.92070,-90.06784,10.5,52.6,38.0,SANDPIPER,,WDG2173,31,0,23,,,57,A
367512920,2022-01-02T19:13:16,29.93807,-89.99679,8.8,130.3,131.0,SANDPIPER,,WDG2173,31,0,23,,,57,A
367512920,2022-01-02T18:40:57,29.92557,-90.06248,10.5,35.1,23.0,SANDPIPER,,WDG2173,31,0,23,,,57,A
367512920,2022-01-02T18:21:56,29.90993,-90.12265,10.5,105.5,100.0,SANDPIPER,,WDG2173,31,0,23,,,57,A
367512920,2022-01-02T18:24:07,29.90864,-90.11538,10.6,95.7,88.0,SANDPIPER,,WDG2173,31,0,23,,,57,A
367512920,2022-01-02T18:42:07,29.92842,-90.06032,10.4,31.8,16.0,SANDPIPER,,WDG2173,31,0,23,,,57,A
367512920,2022-01-02T19:02:47,29.95297,-90.02375,11.1,113.0,113.0,SANDPIPER,,WDG2173,31,0,23,,,57,A
367512920,2022-01-02T18:27:56,29.90938,-90.10240,10.8,77.8,71.0,SANDPIPER,,WDG2173,31,0,23,,,57,A
367512920,2022-01-02T18:36:16,29.91725,-90.07484,10.9,67.9,58.0,SANDPIPER,,WDG2173,31,0,23,,,57,A
367512920,2022-01-02T19:05:06,29.94975,-90.01661,9.8,121.5,118.0,SANDPIPER,,WDG2173,31,0,23,,,57,A
367512920,2022-01-02T18:46:45,29.94156,-90.05856,10.5,353.8,349.0,SANDPIPER,,WDG2173,31,0,23,,,57,A
367512920,2022-01-02T18:32:27,29.91319,-90.08730,11.0,70.6,66.0,SANDPIPER,,WDG2173,31,0,23,,,57,A
367512920,2022-01-02T18:56:06,29.95912,-90.04598,10.7,99.7,103.0,SANDPIPER,,WDG2173,31,0,23,,,57,A
367512920,2022-01-02T18:57:16,29.95833,-90.04205,10.9,105.2,106.0,SANDPIPER,,WDG2173,31,0,23,,,57,A
367512920,2022-01-02T08:14:06,29.95861,-90.39449,5.8,333.3,347.0,SANDPIPER,,WDG2173,31,0,23,,,57,A
367512920,2022-01-02T18:52:29,29.95746,-90.05727,10.2,39.4,59.0,SANDPIPER,,WDG2173,31,0,23,,,57,A
367512920,2022-01-02T18:44:26,29.93471,-90.05818,10.4,3.8,356.0,SANDPIPER,,WDG2173,31,0,23,,,57,A
367512920,2022-01-02T18:37:25,29.91876,-90.07116,10.6,61.7,49.0,SANDPIPER,,WDG2173,31,0,23,,,57,A
367512920,2022-01-02T19:14:17,29.93647,-89.99466,8.6,130.8,127.0,SANDPIPER,,WDG2173,31,0,23,,,57,A
367512920,2022-01-02T18:47:56,29.94493,-90.05899,10.4,352.4,347.0,SANDPIPER,,WDG2173,31,0,23,,,57,A
367512920,2022-01-02T19:18:57,29.92987,-89.98441,8.4,124.1,115.0,SANDPIPER,,WDG2173,31,0,23,,,57,A
367512920,2022-01-02T18:49:07,29.94829,-90.05974,10.5,348.1,354.0,SANDPIPER,,WDG2173,31,0,23,,,57,A
367512920,2022-01-02T19:20:05,29.92855,-89.98180,8.3,118.7,111.0,SANDPIPER,,WDG2173,31,0,23,,,57,A
367512920,2022-01-02T19:15:26,29.93475,-89.99221,8.5,127.1,124.0,SANDPIPER,,WDG2173,31,0,23,,,57,A
367512920,2022-01-02T18:50:17,29.95166,-90.05994,10.4,3.5,13.0,SANDPIPER,,WDG2173,31,0,23,,,57,A
367512920,2022-01-02T19:22:26,29.92621,-89.97613,8.4,111.9,98.0,SANDPIPER,,WDG2173,31,0,23,,,57,A
367512920,2022-01-02T19:06:16,29.94825,-90.01355,9.5,118.4,117.0,SANDPIPER,,WDG2173,31,0,23,,,57,A
367512920,2022-01-02T19:17:46,29.93144,-89.98707,8.5,126.2,120.0,SANDPIPER,,WDG2173,31,0,23,,,57,A
367512920,2022-01-02T19:08:36,29.94518,-90.00752,9.4,122.7,123.0,SANDPIPER,,WDG2173,31,0,23,,,57,A
367512920,2022-01-02T18:54:55,29.95951,-90.04994,10.4,90.3,95.0,SANDPIPER,,WDG2173,31,0,23,,,57,A
367512920,2022-01-02T19:21:16,29.92728,-89.97895,8.4,116.2,107.0,SANDPIPER,,WDG2173,31,0,23,,,57,A
367512920,2022-01-02T08:19:06,29.96643,-90.39643,5.9,347.4,355.0,SANDPIPER,,WDG2173,31,0,23,,,57,A
367512920,2022-01-02T19:45:56,29.92009,-89.95302,0.1,333.3,258.0,SANDPIPER,,WDG2173,31,0,23,,,57,A
367512920,2022-01-02T19:47:16,29.92010,-89.95304,0.1,176.9,257.0,SANDPIPER,,WDG2173,31,0,23,,,57,A
367512920,2022-01-02T19:24:06,29.92517,-89.97188,8.3,102.4,91.0,SANDPIPER,,WDG2173,31,0,23,,,57,A
367512920,2022-01-02T19:27:36,29.92396,-89.96420,6.2,98.3,84.0,SANDPIPER,,WDG2173,31,0,23,,,57,A
367512920,2022-01-02T19:09:46,29.94355,-90.00460,9.3,122.9,127.0,SANDPIPER,,WDG2173,31,0,23,,,57,A
367512920,2022-01-02T19:01:35,29.95427,-90.02764,10.9,109.4,106.0,SANDPIPER,,WDG2173,31,0,23,,,57,A
367512920,2022-01-02T19:16:35,29.93313,-89.98966,8.6,126.3,124.0,SANDPIPER,,WDG2173,31,0,23,,,57,A
367512920,2022-01-02T08:23:45,29.97418,-90.39778,6.1,350.4,346.0,SANDPIPER,,WDG2173,31,0,23,,,57,A
367512920,2022-01-02T19:32:16,29.92331,-89.95550,5.0,92.7,67.0,SANDPIPER,,WDG2173,31,0,23,,,57,A
367512920,2022-01-02T19:25:17,29.92466,-89.96911,7.2,101.6,88.0,SANDPIPER,,WDG2173,31,0,23,,,57,A
367512920,2022-01-02T08:29:37,29.98291,-90.40216,5.9,327.9,322.0,SANDPIPER,,WDG2173,31,0,23,,,57,A
367512920,2022-01-02T19:28:46,29.92369,-89.96191,6.4,96.6,82.0,SANDPIPER,,WDG2173,31,0,23,,,57,A
367512920,2022-01-02T19:12:06,29.93991,-89.99923,8.8,131.1,133.0,SANDPIPER,,WDG2173,31,0,23,,,57,A
367512920,2022-01-02T19:31:06,29.92340,-89.95736,5.0,91.3,75.0,SANDPIPER,,WDG2173,31,0,23,,,57,A
367512920,2022-01-02T19:33:19,29.92294,-89.95407,4.2,104.0,26.0,SANDPIPER,,WDG2173,31,0,23,,,57,A
367512920,2022-01-02T19:35:34,29.92367,-89.95161,2.7,28.5,295.0,SANDPIPER,,WDG2173,31,0,23,,,57,A
367512920,2022-01-02T20:22:46,29.92016,-89.95309,0.0,5.1,252.0,SANDPIPER,,WDG2173,31,0,23,,,57,A
367512920,2022-01-02T20:03:47,29.92018,-89.95308,0.0,174.0,251.0,SANDPIPER,,WDG2173,31,0,23,,,57,A
367512920,2022-01-02T19:26:25,29.92427,-89.96661,6.8,99.1,86.0,SANDPIPER,,WDG2173,31,0,23,,,57,A
367512920,2022-01-02T19:42:27,29.92050,-89.95324,1.5,189.2,264.0,SANDPIPER,,WDG2173,31,0,23,,,57,A
367512920,2022-01-02T19:57:46,29.92013,-89.95306,0.0,198.7,255.0,SANDPIPER,,WDG2173,31,0,23,,,57,A
367512920,2022-01-02T19:58:57,29.92012,-89.95305,0.1,160.3,257.0,SANDPIPER,,WDG2173,31,0,23,,,57,A
367512920,2022-01-02T20:27:37,29.92017,-89.95309,0.1,328.7,251.0,SANDPIPER,,WDG2173,31,0,23,,,57,A
367512920,2022-01-02T19:29:57,29.92350,-89.95945,6.0,95.1,80.0,SANDPIPER,,WDG2173,31,0,23,,,57,A
367512920,2022-01-02T19:51:57,29.92013,-89.95306,0.1,318.2,255.0,SANDPIPER,,WDG2173,31,0,23,,,57,A
367512920,2022-01-02T19:34:22,29.92301,-89.95260,4.1,81.6,345.0,SANDPIPER,,WDG2173,31,0,23,,,57,A
367512920,2022-01-02T19:50:46,29.92012,-89.95306,0.1,175.3,256.0,SANDPIPER,,WDG2173,31,0,23,,,57,A
367512920,2022-01-02T20:07:15,29.92017,-89.95308,0.0,313.0,252.0,SANDPIPER,,WDG2173,31,0,23,,,57,A
367512920,2022-01-02T20:34:46,29.92014,-89.95308,0.0,153.9,253.0,SANDPIPER,,WDG2173,31,0,23,,,57,A
367512920,2022-01-02T20:08:26,29.92016,-89.95307,0.0,202.7,253.0,SANDPIPER,,WDG2173,31,0,23,,,57,A
367512920,2022-01-02T20:35:55,29.92016,-89.95309,0.1,326.4,251.0,SANDPIPER,,WDG2173,31,0,23,,,57,A
367512920,2022-01-02T19:36:47,29.92428,-89.95175,2.4,307.6,249.0,SANDPIPER,,WDG2173,31,0,23,,,57,A
367512920,2022-01-02T19:53:07,29.92012,-89.95306,0.1,170.1,256.0,SANDPIPER,,WDG2173,31,0,23,,,57,A
367512920,2022-01-02T19:54:17,29.92012,-89.95306,0.2,344.0,256.0,SANDPIPER,,WDG2173,31,0,23,,,57,A
367512920,2022-01-02T19:39:06,29.92246,-89.95346,3.1,183.0,230.0,SANDPIPER,,WDG2173,31,0,23,,,57,A
367512920,2022-01-02T19:41:17,29.92099,-89.95322,1.7,177.6,264.0,SANDPIPER,,WDG2173,31,0,23,,,57,A
367512920,2022-01-02T20:21:37,29.92014,-89.95307,0.1,311.8,254.0,SANDPIPER,,WDG2173,31,0,23,,,57,A
367512920,2022-01-02T20:13:36,29.92010,-89.95305,0.1,335.3,256.0,SANDPIPER,,WDG2173,31,0,23,,,57,A
367512920,2022-01-02T19:44:45,29.92008,-89.95302,0.1,159.8,258.0,SANDPIPER,,WDG2173,31,0,23,,,57,A
367512920,2022-01-02T20:01:36,29.92015,-89.95306,0.0,156.7,254.0,SANDPIPER,,WDG2173,31,0,23,,,57,A
367512920,2022-01-02T20:14:46,29.92014,-89.95307,0.1,330.1,254.0,SANDPIPER,,WDG2173,31,0,23,,,57,A
367512920,2022-01-02T19:43:37,29.92017,-89.95309,1.3,147.7,253.0,SANDPIPER,,WDG2173,31,0,23,,,57,A
367512920,2022-01-02T19:48:25,29.92011,-89.95305,0.0,343.6,257.0,SANDPIPER,,WDG2173,31,0,23,,,57,A
367512920,2022-01-02T20:04:55,29.92017,-89.95308,0.0,150.8,253.0,SANDPIPER,,WDG2173,31,0,23,,,57,A
367512920,2022-01-02T20:26:17,29.92015,-89.95308,0.0,280.3,253.0,SANDPIPER,,WDG2173,31,0,23,,,57,A
367512920,2022-01-02T08:44:57,29.99394,-90.42680,6.0,283.4,278.0,SANDPIPER,,WDG2173,31,0,23,,,57,A
367512920,2022-01-02T19:55:26,29.92013,-89.95306,0.0,191.7,255.0,SANDPIPER,,WDG2173,31,0,23,,,57,A
367512920,2022-01-02T20:10:06,29.92014,-89.95307,0.1,329.6,254.0,SANDPIPER,,WDG2173,31,0,23,,,57,A
367512920,2022-01-02T19:49:36,29.92012,-89.95305,0.1,319.3,255.0,SANDPIPER,,WDG2173,31,0,23,,,57,A
367512920,2022-01-02T20:49:46,29.92018,-89.95309,0.1,329.4,250.0,SANDPIPER,,WDG2173,31,0,23,,,57,A
367512920,2022-01-02T20:32:16,29.92015,-89.95308,0.1,337.1,253.0,SANDPIPER,,WDG2173,31,0,23,,,57,A
367512920,2022-01-02T20:11:15,29.92011,-89.95306,0.1,164.1,256.0,SANDPIPER,,WDG2173,31,0,23,,,57,A
367512920,2022-01-02T08:48:27,29.99499,-90.43343,6.1,277.6,276.0,SANDPIPER,,WDG2173,31,0,23,,,57,A
367512920,2022-01-02T20:38:06,29.92012,-89.95306,0.1,337.6,254.0,SANDPIPER,,WDG2173,31,0,23,,,57,A
367512920,2022-01-02T20:02:37,29.92016,-89.95306,0.2,338.3,254.0,SANDPIPER,,WDG2173,31,0,23,,,57,A
367512920,2022-01-02T20:15:56,29.92014,-89.95307,0.0,179.0,253.0,SANDPIPER,,WDG2173,31,0,23,,,57,A
367512920,2022-01-02T20:41:36,29.92011,-89.95308,0.0,327.7,255.0,SANDPIPER,,WDG2173,31,0,23,,,57,A
367512920,2022-01-02T20:29:55,29.92017,-89.95309,0.1,159.1,251.0,SANDPIPER,,WDG2173,31,0,23,,,57,A
367512920,2022-01-02T20:06:07,29.92018,-89.95309,0.0,196.3,252.0,SANDPIPER,,WDG2173,31,0,23,,,57,A
367512920,2022-01-02T20:59:16,29.92017,-89.95308,0.1,177.2,251.0,SANDPIPER,,WDG2173,31,0,23,,,57,A
367512920,2022-01-02T20:17:06,29.92013,-89.95307,0.0,301.5,254.0,SANDPIPER,,WDG2173,31,0,23,,,57,A
367512920,2022-01-02T20:18:15,29.92012,-89.95307,0.0,263.4,254.0,SANDPIPER,,WDG2173,31,0,23,,,57,A
367512920,2022-01-02T20:39:17,29.92010,-89.95307,0.1,155.5,255.0,SANDPIPER,,WDG2173,31,0,23,,,57,A
367512920,2022-01-02T21:04:47,29.92009,-89.95305,0.0,336.3,256.0,SANDPIPER,,WDG2173,31,0,23,,,57,A
367512920,2022-01-02T20:20:36,29.92012,-89.95306,0.1,170.0,255.0,SANDPIPER,,WDG2173,31,0,23,,,57,A
367512920,2022-01-02T20:23:47,29.92016,-89.95309,0.0,0.5,251.0,SANDPIPER,,WDG2173,31,0,23,,,57,A
367512920,2022-01-02T20:31:07,29.92012,-89.95307,0.2,159.1,254.0,SANDPIPER,,WDG2173,31,0,23,,,57,A
367512920,2022-01-02T08:54:06,29.99603,-90.44433,6.1,276.3,277.0,SANDPIPER,,WDG2173,31,0,23,,,57,A
367512920,2022-01-02T21:07:07,29.92013,-89.95307,0.0,315.2,256.0,SANDPIPER,,WDG2173,31,0,23,,,57,A
367512920,2022-01-02T20:52:07,29.92021,-89.95310,0.1,165.0,248.0,SANDPIPER,,WDG2173,31,0,23,,,57,A
367512920,2022-01-02T20:12:27,29.92012,-89.95306,0.0,344.3,255.0,SANDPIPER,,WDG2173,31,0,23,,,57,A
367512920,2022-01-02T20:57:56,29.92017,-89.95309,0.1,313.3,251.0,SANDPIPER,,WDG2173,31,0,23,,,57,A
367512920,2022-01-02T20:25:16,29.92016,-89.95309,0.0,183.3,252.0,SANDPIPER,,WDG2173,31,0,23,,,57,A
367512920,2022-01-02T20:36:56,29.92014,-89.95307,0.2,154.8,253.0,SANDPIPER,,WDG2173,31,0,23,,,57,A
367512920,2022-01-02T20:19:26,29.92013,-89.95308,0.0,225.5,254.0,SANDPIPER,,WDG2173,31,0,23,,,57,A
367512920,2022-01-02T20:47:26,29.92015,-89.95309,0.1,335.0,253.0,SANDPIPER,,WDG2173,31,0,23,,,57,A
367512920,2022-01-02T21:00:16,29.92015,-89.95307,0.1,201.2,252.0,SANDPIPER,,WDG2173,31,0,23,,,57,A
367512920,2022-01-02T21:01:17,29.92015,-89.95306,0.1,175.2,252.0,SANDPIPER,,WDG2173,31,0,23,,,57,A
367512920,2022-01-02T09:02:06,29.99860,-90.45999,6.4,287.1,288.0,SANDPIPER,,WDG2173,31,0,23,,,57,A
367512920,2022-01-02T20:53:17,29.92015,-89.95306,0.1,164.3,251.0,SANDPIPER,,WDG2173,31,0,23,,,57,A
367512920,2022-01-02T20:48:36,29.92015,-89.95309,0.1,327.0,252.0,SANDPIPER,,WDG2173,31,0,23,,,57,A
367512920,2022-01-02T20:28:46,29.92018,-89.95309,0.1,332.5,250.0,SANDPIPER,,WDG2173,31,0,23,,,57,A
367512920,2022-01-02T20:54:26,29.92016,-89.95307,0.1,317.1,253.0,SANDPIPER,,WDG2173,31,0,23,,,57,A
367512920,2022-01-02T20:56:46,29.92015,-89.95308,0.0,281.6,252.0,SANDPIPER,,WDG2173,31,0,23,,,57,A
367512920,2022-01-02T20:45:05,29.92012,-89.95308,0.0,348.3,254.0,SANDPIPER,,WDG2173,31,0,23,,,57,A
367512920,2022-01-02T21:35:46,29.92031,-89.95317,0.1,330.3,243.0,SANDPIPER,,WDG2173,31,0,23,,,57,A
367512920,2022-01-02T21:20:17,29.92015,-89.95306,0.1,322.4,253.0,SANDPIPER,,WDG2173,31,0,23,,,57,A
367512920,2022-01-02T21:38:26,29.92032,-89.95317,0.1,310.8,242.0,SANDPIPER,,WDG2173,31,0,23,,,57,A
367512920,2022-01-02T21:23:57,29.92020,-89.95310,0.1,167.8,250.0,SANDPIPER,,WDG2173,31,0,23,,,57,A
367512920,2022-01-02T20:50:56,29.92020,-89.95310,0.1,329.6,249.0,SANDPIPER,,WDG2173,31,0,23,,,57,A
367512920,2022-01-02T21:03:36,29.92012,-89.95305,0.1,162.5,255.0,SANDPIPER,,WDG2173,31,0,23,,,57,A
367512920,2022-01-02T21:27:37,29.92015,-89.95308,0.0,267.9,254.0,SANDPIPER,,WDG2173,31,0,23,,,57,A
367512920,2022-01-02T21:44:35,29.92029,-89.95316,0.0,330.0,245.0,SANDPIPER,,WDG2173,31,0,23,,,57,A
367512920,2022-01-02T21:28:46,29.92020,-89.95310,0.2,333.7,251.0,SANDPIPER,,WDG2173,31,0,23,,,57,A
367512920,2022-01-02T20:42:47,29.92012,-89.95307,0.0,332.0,255.0,SANDPIPER,,WDG2173,31,0,23,,,57,A
367512920,2022-01-02T21:10:46,29.92014,-89.95307,0.0,207.6,253.0,SANDPIPER,,WDG2173,31,0,23,,,57,A
367512920,2022-01-02T20:46:17,29.92010,-89.95307,0.1,331.5,256.0,SANDPIPER,,WDG2173,31,0,23,,,57,A
367512920,2022-01-02T21:16:36,29.92020,-89.95308,0.2,156.7,249.0,SANDPIPER,,WDG2173,31,0,23,,,57,A
367512920,2022-01-02T21:02:26,29.92015,-89.95306,0.0,294.0,253.0,SANDPIPER,,WDG2173,31,0,23,,,57,A
367512920,2022-01-02T21:29:57,29.92026,-89.95314,0.1,329.9,246.0,SANDPIPER,,WDG2173,31,0,23,,,57,A
367512920,2022-01-02T21:52:47,29.92026,-89.95313,0.1,327.3,248.0,SANDPIPER,,WDG2173,31,0,23,,,57,A
367512920,2022-01-02T21:15:26,29.92022,-89.95310,0.2,328.4,247.0,SANDPIPER,,WDG2173,31,0,23,,,57,A
367512920,2022-01-02T21:41:06,29.92033,-89.95319,0.1,162.9,241.0,SANDPIPER,,WDG2173,31,0,23,,,57,A
367512920,2022-01-02T21:50:36,29.92028,-89.95314,0.1,155.6,245.0,SANDPIPER,,WDG2173,31,0,23,,,57,A
367512920,2022-01-02T21:05:56,29.92008,-89.95305,0.0,335.2,258.0,SANDPIPER,,WDG2173,31,0,23,,,57,A
367512920,2022-01-02T21:45:46,29.92031,-89.95318,0.0,192.9,243.0,SANDPIPER,,WDG2173,31,0,23,,,57,A
367512920,2022-01-02T21:08:16,29.92013,-89.95307,0.0,214.0,256.0,SANDPIPER,,WDG2173,31,0,23,,,57,A
367512920,2022-01-02T21:22:37,29.92017,-89.95308,0.1,331.9,251.0,SANDPIPER,,WDG2173,31,0,23,,,57,A
367512920,2022-01-02T21:58:47,29.92020,-89.95310,0.1,160.3,249.0,SANDPIPER,,WDG2173,31,0,23,,,57,A
367512920,2022-01-02T21:36:57,29.92032,-89.95317,0.0,322.1,243.0,SANDPIPER,,WDG2173,31,0,23,,,57,A
367512920,2022-01-02T21:39:47,29.92034,-89.95319,0.0,325.1,240.0,SANDPIPER,,WDG2173,31,0,23,,,57,A
367512920,2022-01-02T21:17:46,29.92020,-89.95309,0.1,150.9,249.0,SANDPIPER,,WDG2173,31,0,23,,,57,A
367512920,2022-01-02T21:33:26,29.92030,-89.95317,0.1,317.5,243.0,SANDPIPER,,WDG2173,31,0,23,,,57,A
367512920,2022-01-02T22:01:45,29.92013,-89.95307,0.0,153.8,255.0,SANDPIPER,,WDG2173,31,0,23,,,57,A
367512920,2022-01-02T22:04:05,29.92017,-89.95308,0.1,329.6,252.0,SANDPIPER,,WDG2173,31,0,23,,,57,A
367512920,2022-01-02T21:25:17,29.92017,-89.95309,0.0,193.7,252.0,SANDPIPER,,WDG2173,31,0,23,,,57,A
367512920,2022-01-02T21:53:57,29.92025,-89.95312,0.0,156.0,248.0,SANDPIPER,,WDG2173,31,0,23,,,57,A
367512920,2022-01-02T21:55:16,29.92024,-89.95312,0.1,319.3,247.0,SANDPIPER,,WDG2173,31,0,23,,,57,A
367512920,2022-01-02T09:31:46,30.04048,-90.47588,5.9,341.6,334.0,SANDPIPER,,WDG2173,31,0,23,,,57,A
367512920,2022-01-02T22:13:16,29.92021,-89.95310,0.2,328.6,248.0,SANDPIPER,,WDG2173,31,0,23,,,57,A
367512920,2022-01-02T22:30:46,29.92009,-89.95306,0.0,177.8,256.0,SANDPIPER,,WDG2173,31,0,23,,,57,A
367512920,2022-01-02T22:16:46,29.92017,-89.95308,0.0,243.8,251.0,SANDPIPER,,WDG2173,31,0,23,,,57,A
367512920,2022-01-02T21:57:36,29.92024,-89.95312,0.2,159.0,247.0,SANDPIPER,,WDG2173,31,0,23,,,57,A
367512920,2022-01-02T22:14:26,29.92020,-89.95312,0.1,156.9,249.0,SANDPIPER,,WDG2173,31,0,23,,,57,A
367512920,2022-01-02T21:48:15,29.92031,-89.95315,0.0,211.2,242.0,SANDPIPER,,WDG2173,31,0,23,,,57,A
367512920,2022-01-02T21:49:27,29.92032,-89.95317,0.1,147.6,242.0,SANDPIPER,,WDG2173,31,0,23,,,57,A
367512920,2022-01-02T21:32:16,29.92031,-89.95318,0.0,166.5,242.0,SANDPIPER,,WDG2173,31,0,23,,,57,A
367512920,2022-01-02T21:34:36,29.92030,-89.95316,0.1,145.9,243.0,SANDPIPER,,WDG2173,31,0,23,,,57,A
367512920,2022-01-02T22:27:15,29.92011,-89.95306,0.2,169.2,256.0,SANDPIPER,,WDG2173,31,0,23,,,57,A
367512920,2022-01-02T22:06:17,29.92023,-89.95311,0.0,242.7,249.0,SANDPIPER,,WDG2173,31,0,23,,,57,A
367512920,2022-01-02T22:41:45,29.92013,-89.95306,0.1,324.7,255.0,SANDPIPER,,WDG2173,31,0,23,,,57,A
367512920,2022-01-02T21:59:57,29.92017,-89.95309,0.0,126.2,252.0,SANDPIPER,,WDG2173,31,0,23,,,57,A
367512920,2022-01-02T22:08:37,29.92024,-89.95311,0.0,169.5,247.0,SANDPIPER,,WDG2173,31,0,23,,,57,A
367512920,2022-01-02T22:09:45,29.92021,-89.95310,0.2,150.9,249.0,SANDPIPER,,WDG2173,31,0,23,,,57,A
367512920,2022-01-02T21:42:16,29.92032,-89.95318,0.0,290.8,242.0,SANDPIPER,,WDG2173,31,0,23,,,57,A
367512920,2022-01-02T22:10:57,29.92016,-89.95307,0.1,163.9,252.0,SANDPIPER,,WDG2173,31,0,23,,,57,A
367512920,2022-01-02T22:12:06,29.92016,-89.95307,0.1,316.5,252.0,SANDPIPER,,WDG2173,31,0,23,,,57,A
367512920,2022-01-02T22:05:06,29.92020,-89.95309,0.2,330.1,250.0,SANDPIPER,,WDG2173,31,0,23,,,57,A
367512920,2022-01-02T09:36:57,30.04662,-90.48163,5.8,309.5,308.0,SANDPIPER,,WDG2173,31,0,23,,,57,A
367512920,2022-01-02T22:51:07,29.92002,-89.95304,0.2,169.7,261.0,SANDPIPER,,WDG2173,31,0,23,,,57,A
367512920,2022-01-02T22:39:16,29.92010,-89.95306,0.0,144.7,256.0,SANDPIPER,,WDG2173,31,0,23,,,57,A
367512920,2022-01-02T21:51:37,29.92023,-89.95311,0.1,147.6,249.0,SANDPIPER,,WDG2173,31,0,23,,,57,A
367512920,2022-01-02T22:37:47,29.92014,-89.95308,0.2,164.7,254.0,SANDPIPER,,WDG2173,31,0,23,,,57,A
367512920,2022-01-02T22:42:56,29.92013,-89.95307,0.0,172.2,255.0,SANDPIPER,,WDG2173,31,0,23,,,57,A
367512920,2022-01-02T22:21:26,29.92015,-89.95307,0.2,335.8,253.0,SANDPIPER,,WDG2173,31,0,23,,,57,A
367512920,2022-01-02T22:23:45,29.92015,-89.95308,0.1,164.8,251.0,SANDPIPER,,WDG2173,31,0,23,,,57,A
367512920,2022-01-02T22:24:57,29.92015,-89.95308,0.1,327.8,252.0,SANDPIPER,,WDG2173,31,0,23,,,57,A
367512920,2022-01-02T09:40:25,30.04975,-90.48685,5.6,295.0,284.0,SANDPIPER,,WDG2173,31,0,23,,,57,A
367512920,2022-01-02T22:47:36,29.92008,-89.95306,0.0,260.8,258.0,SANDPIPER,,WDG2173,31,0,23,,,57,A
367512920,2022-01-02T22:20:15,29.92011,-89.95305,0.0,149.1,256.0,SANDPIPER,,WDG2173,31,0,23,,,57,A
367512920,2022-01-02T23:02:17,29.92002,-89.95304,0.0,299.4,260.0,SANDPIPER,,WDG2173,31,0,23,,,57,A
367512920,2022-01-02T22:48:47,29.92011,-89.95307,0.1,322.8,255.0,SANDPIPER,,WDG2173,31,0,23,,,57,A
367512920,2022-01-02T23:04:36,29.92002,-89.95304,0.3,167.3,261.0,SANDPIPER,,WDG2173,31,0,23,,,57,A
367512920,2022-01-02T09:42:47,30.05070,-90.49091,5.6,278.5,277.0,SANDPIPER,,WDG2173,31,0,23,,,57,A
367512920,2022-01-02T22:29:36,29.92012,-89.95307,0.0,154.9,254.0,SANDPIPER,,WDG2173,31,0,23,,,57,A
367512920,2022-01-02T22:33:07,29.92011,-89.95306,0.0,12.1,256.0,SANDPIPER,,WDG2173,31,0,23,,,57,A
367512920,2022-01-02T22:55:45,29.92005,-89.95305,0.1,175.6,260.0,SANDPIPER,,WDG2173,31,0,23,,,57,A
367512920,2022-01-02T09:43:56,30.05100,-90.49296,5.7,279.5,275.0,SANDPIPER,,WDG2173,31,0,23,,,57,A
367512920,2022-01-02T22:57:57,29.92004,-89.95304,0.0,210.6,260.0,SANDPIPER,,WDG2173,31,0,23,,,57,A
367512920,2022-01-02T22:53:26,29.92001,-89.95303,0.1,340.4,263.0,SANDPIPER,,WDG2173,31,0,23,,,57,A
367512920,2022-01-02T22:54:37,29.92003,-89.95304,0.1,344.0,261.0,SANDPIPER,,WDG2173,31,0,23,,,57,A
367512920,2022-01-02T22:34:17,29.92016,-89.95308,0.2,335.1,253.0,SANDPIPER,,WDG2173,31,0,23,,,57,A
367512920,2022-01-02T22:35:26,29.92019,-89.95311,0.1,333.2,251.0,SANDPIPER,,WDG2173,31,0,23,,,57,A
367512920,2022-01-02T22:36:36,29.92020,-89.95310,0.0,154.6,251.0,SANDPIPER,,WDG2173,31,0,23,,,57,A
367512920,2022-01-02T23:18:36,29.92015,-89.95307,0.1,336.5,252.0,SANDPIPER,,WDG2173,31,0,23,,,57,A
367512920,2022-01-02T23:05:46,29.92000,-89.95301,0.0,298.5,262.0,SANDPIPER,,WDG2173,31,0,23,,,57,A
367512920,2022-01-02T22:40:36,29.92011,-89.95306,0.1,332.4,256.0,SANDPIPER,,WDG2173,31,0,23,,,57,A
367512920,2022-01-02T23:24:25,29.92009,-89.95305,0.1,163.6,257.0,SANDPIPER,,WDG2173,31,0,23,,,57,A
367512920,2022-01-02T23:11:35,29.91997,-89.95302,0.2,166.4,263.0,SANDPIPER,,WDG2173,31,0,23,,,57,A
367512920,2022-01-02T23:12:46,29.91996,-89.95302,0.1,181.5,264.0,SANDPIPER,,WDG2173,31,0,23,,,57,A
367512920,2022-01-02T23:06:57,29.92002,-89.95303,0.1,336.0,261.0,SANDPIPER,,WDG2173,31,0,23,,,57,A
367512920,2022-01-02T22:26:07,29.92015,-89.95308,0.1,166.9,253.0,SANDPIPER,,WDG2173,31,0,23,,,57,A
367512920,2022-01-02T22:49:57,29.92010,-89.95307,0.1,167.2,256.0,SANDPIPER,,WDG2173,31,0,23,,,57,A
367512920,2022-01-02T22:28:26,29.92011,-89.95306,0.0,193.6,255.0,SANDPIPER,,WDG2173,31,0,23,,,57,A
367512920,2022-01-02T22:52:15,29.92000,-89.95303,0.0,260.8,263.0,SANDPIPER,,WDG2173,31,0,23,,,57,A
367512920,2022-01-02T23:13:57,29.91998,-89.95302,0.1,329.5,263.0,SANDPIPER,,WDG2173,31,0,23,,,57,A
367512920,2022-01-02T09:54:16,30.05058,-90.51182,5.9,261.3,260.0,SANDPIPER,,WDG2173,31,0,23,,,57,A
367512920,2022-01-02T22:56:46,29.92003,-89.95304,0.1,172.7,260.0,SANDPIPER,,WDG2173,31,0,23,,,57,A
367512920,2022-01-02T23:23:15,29.92007,-89.95304,0.1,334.6,257.0,SANDPIPER,,WDG2173,31,0,23,,,57,A
367512920,2022-01-02T23:38:27,29.91991,-89.95301,0.1,197.3,268.0,SANDPIPER,,WDG2173,31,0,23,,,57,A
367512920,2022-01-02T23:03:25,29.92008,-89.95305,0.2,341.9,257.0,SANDPIPER,,WDG2173,31,0,23,,,57,A
367512920,2022-01-02T23:28:57,29.92006,-89.95304,0.2,338.6,257.0,SANDPIPER,,WDG2173,31,0,23,,,57,A
367512920,2022-01-02T22:44:07,29.92011,-89.95307,0.1,163.3,256.0,SANDPIPER,,WDG2173,31,0,23,,,57,A
367512920,2022-01-02T23:08:05,29.92005,-89.95303,0.0,169.4,259.0,SANDPIPER,,WDG2173,31,0,23,,,57,A
367512920,2022-01-02T23:45:27,29.92004,-89.95303,0.1,188.8,260.0,SANDPIPER,,WDG2173,31,0,23,,,57,A
367512920,2022-01-02T23:32:26,29.91991,-89.95301,0.0,349.0,267.0,SANDPIPER,,WDG2173,31,0,23,,,57,A
367512920,2022-01-02T22:45:16,29.92008,-89.95305,0.2,168.8,258.0,SANDPIPER,,WDG2173,31,0,23,,,57,A
367512920,2022-01-02T23:16:17,29.92004,-89.95303,0.2,344.0,260.0,SANDPIPER,,WDG2173,31,0,23,,,57,A
367512920,2022-01-02T23:20:57,29.92002,-89.95303,0.1,174.9,260.0,SANDPIPER,,WDG2173,31,0,23,,,57,A
367512920,2022-01-02T23:15:07,29.92000,-89.95302,0.1,334.9,262.0,SANDPIPER,,WDG2173,31,0,23,,,57,A
367512920,2022-01-02T23:26:36,29.92001,-89.95302,0.0,338.7,261.0,SANDPIPER,,WDG2173,31,0,23,,,57,A
367512920,2022-01-02T23:27:46,29.92001,-89.95302,0.0,305.7,261.0,SANDPIPER,,WDG2173,31,0,23,,,57,A
367512920,2022-01-02T23:48:55,29.92005,-89.95304,0.0,217.5,259.0,SANDPIPER,,WDG2173,31,0,23,,,57,A
367512920,2022-01-02T23:55:37,29.92010,-89.95306,0.0,326.7,254.0,SANDPIPER,,WDG2173,31,0,23,,,57,A
367512920,2022-01-02T10:04:55,30.04759,-90.53177,5.9,270.0,274.0,SANDPIPER,,WDG2173,31,0,23,,,57,A
367512920,2022-01-02T23:25:26,29.92003,-89.95303,0.1,165.9,259.0,SANDPIPER,,WDG2173,31,0,23,,,57,A
367512920,2022-01-02T23:36:16,29.91992,-89.95301,0.0,282.9,267.0,SANDPIPER,,WDG2173,31,0,23,,,57,A
367512920,2022-01-02T23:53:35,29.92011,-89.95306,0.1,322.6,255.0,SANDPIPER,,WDG2173,31,0,23,,,57,A
367512920,2022-01-02T23:37:26,29.91992,-89.95300,0.1,336.2,267.0,SANDPIPER,,WDG2173,31,0,23,,,57,A
367512920,2022-01-02T23:39:37,29.91994,-89.95301,0.2,344.9,266.0,SANDPIPER,,WDG2173,31,0,23,,,57,A
367512920,2022-01-02T23:31:15,29.91999,-89.95303,0.1,186.2,263.0,SANDPIPER,,WDG2173,31,0,23,,,57,A
367512920,2022-01-02T23:41:56,29.92001,-89.95302,0.1,180.2,261.0,SANDPIPER,,WDG2173,31,0,23,,,57,A
367512920,2022-01-02T23:19:47,29.92008,-89.95304,0.2,163.5,257.0,SANDPIPER,,WDG2173,31,0,23,,,57,A
367512920,2022-01-02T23:46:35,29.92006,-89.95304,0.1,328.3,259.0,SANDPIPER,,WDG2173,31,0,23,,,57,A
367512920,2022-01-02T23:35:07,29.91991,-89.95301,0.0,182.7,267.0,SANDPIPER,,WDG2173,31,0,23,,,57,A
367512920,2022-01-02T23:22:06,29.92001,-89.95302,0.0,312.6,261.0,SANDPIPER,,WDG2173,31,0,23,,,57,A
367512920,2022-01-02T23:50:07,29.92006,-89.95304,0.0,315.9,259.0,SANDPIPER,,WDG2173,31,0,23,,,57,A
367512920,2022-01-02T23:52:25,29.92009,-89.95305,0.1,328.5,256.0,SANDPIPER,,WDG2173,31,0,23,,,57,A
367512920,2022-01-02T23:54:36,29.92011,-89.95307,0.0,340.5,254.0,SANDPIPER,,WDG2173,31,0,23,,,57,A
367512920,2022-01-02T23:33:46,29.91990,-89.95300,0.0,204.2,268.0,SANDPIPER,,WDG2173,31,0,23,,,57,A
367512920,2022-01-02T23:59:06,29.92011,-89.95305,0.1,335.0,255.0,SANDPIPER,,WDG2173,31,0,23,,,57,A
367512920,2022-01-02T10:23:27,30.04998,-90.56620,4.5,274.2,275.0,SANDPIPER,,WDG2173,31,0,23,,,57,A
367512920,2022-01-02T23:44:16,29.92005,-89.95304,0.1,332.9,259.0,SANDPIPER,,WDG2173,31,0,23,,,57,A
367512920,2022-01-02T10:32:37,30.04988,-90.57671,2.4,243.5,257.0,SANDPIPER,,WDG2173,31,0,23,,,57,A
367512920,2022-01-02T23:56:46,29.92007,-89.95305,0.1,166.1,256.0,SANDPIPER,,WDG2173,31,0,23,,,57,A
367512920,2022-01-02T23:57:56,29.92008,-89.95304,0.1,171.0,256.0,SANDPIPER,,WDG2173,31,0,23,,,57,A
367512920,2022-01-02T10:40:36,30.04903,-90.57930,1.3,251.6,249.0,SANDPIPER,,WDG2173,31,0,23,,,57,A
367512920,2022-01-02T10:41:46,30.04872,-90.57963,1.1,210.1,254.0,SANDPIPER,,WDG2173,31,0,23,,,57,A
367512920,2022-01-02T10:52:05,30.04829,-90.57988,0.2,42.9,271.0,SANDPIPER,,WDG2173,31,0,23,,,57,A
367512920,2022-01-02T10:58:55,30.04814,-90.57980,0.2,212.4,275.0,SANDPIPER,,WDG2173,31,0,23,,,57,A
367512920,2022-01-02T11:03:06,30.04811,-90.57982,0.0,28.6,275.0,SANDPIPER,,WDG2173,31,0,23,,,57,A
367512920,2022-01-02T11:19:25,30.04817,-90.57978,0.0,212.9,272.0,SANDPIPER,,WDG2173,31,0,23,,,57,A
367512920,2022-01-02T11:21:46,30.04814,-90.57979,0.1,201.9,273.0,SANDPIPER,,WDG2173,31,0,23,,,57,A
367512920,2022-01-02T11:25:17,30.04813,-90.57979,0.1,250.9,275.0,SANDPIPER,,WDG2173,31,0,23,,,57,A
367512920,2022-01-02T11:26:27,30.04815,-90.57979,0.1,337.0,272.0,SANDPIPER,,WDG2173,31,0,23,,,57,A
367512920,2022-01-02T11:28:46,30.04839,-90.58039,2.9,278.5,274.0,SANDPIPER,,WDG2173,31,0,23,,,57,A
367512920,2022-01-02T11:42:16,30.04826,-90.58017,0.9,90.5,190.0,SANDPIPER,,WDG2173,31,0,23,,,57,A
367512920,2022-01-02T11:44:23,30.04943,-90.57959,4.9,67.0,75.0,SANDPIPER,,WDG2173,31,0,23,,,57,A
367512920,2022-01-02T11:49:59,30.04991,-90.56674,7.7,92.5,88.0,SANDPIPER,,WDG2173,31,0,23,,,57,A
367512920,2022-01-02T11:58:56,30.04970,-90.57131,5.2,272.2,274.0,SANDPIPER,,WDG2173,31,0,23,,,57,A
367512920,2022-01-02T12:05:46,30.04923,-90.58240,5.2,258.2,257.0,SANDPIPER,,WDG2173,31,0,23,,,57,A
367512920,2022-01-02T12:12:35,30.04914,-90.58033,5.6,93.3,105.0,SANDPIPER,,WDG2173,31,0,23,,,57,A
367512920,2022-01-02T12:13:39,30.04862,-90.57948,2.8,199.9,229.0,SANDPIPER,,WDG2173,31,0,23,,,57,A
367512920,2022-01-02T12:19:27,30.04819,-90.57980,0.0,327.0,270.0,SANDPIPER,,WDG2173,31,0,23,,,57,A
367512920,2022-01-02T12:24:06,30.04818,-90.57979,0.0,225.9,271.0,SANDPIPER,,WDG2173,31,0,23,,,57,A
367512920,2022-01-02T12:32:15,30.04819,-90.57980,0.0,44.4,272.0,SANDPIPER,,WDG2173,31,0,23,,,57,A
367512920,2022-01-02T12:33:16,30.04818,-90.57979,0.0,312.8,271.0,SANDPIPER,,WDG2173,31,0,23,,,57,A
367512920,2022-01-02T12:36:47,30.04820,-90.57981,0.0,237.2,272.0,SANDPIPER,,WDG2173,31,0,23,,,57,A
367512920,2022-01-02T12:49:47,30.04820,-90.57980,0.0,290.1,273.0,SANDPIPER,,WDG2173,31,0,23,,,57,A
367512920,2022-01-02T13:05:56,30.04822,-90.57980,0.0,241.0,271.0,SANDPIPER,,WDG2173,31,0,23,,,57,A
367512920,2022-01-02T13:07:05,30.04823,-90.57980,0.2,35.3,270.0,SANDPIPER,,WDG2173,31,0,23,,,57,A
367512920,2022-01-02T13:16:16,30.04669,-90.59064,5.2,249.2,247.0,SANDPIPER,,WDG2173,31,0,23,,,57,A
367512920,2022-01-02T13:27:56,30.03963,-90.60781,5.5,236.2,232.0,SANDPIPER,,WDG2173,31,0,23,,,57,A
367512920,2022-01-02T13:31:16,30.03637,-90.61252,5.8,231.4,231.0,SANDPIPER,,WDG2173,31,0,23,,,57,A
367512920,2022-01-02T13:35:46,30.03366,-90.61952,5.2,267.8,274.0,SANDPIPER,,WDG2173,31,0,23,,,57,A
367512920,2022-01-02T13:53:06,30.04674,-90.64400,5.1,302.5,298.0,SANDPIPER,,WDG2173,31,0,23,,,57,A
367512920,2022-01-02T13:56:36,30.04840,-90.64925,4.9,281.3,283.0,SANDPIPER,,WDG2173,31,0,23,,,57,A
367512920,2022-01-02T14:00:15,30.04927,-90.65496,5.1,269.2,267.0,SANDPIPER,,WDG2173,31,0,23,,,57,A
367512920,2022-01-02T14:13:06,30.04354,-90.67486,5.4,227.4,230.0,SANDPIPER,,WDG2173,31,0,23,,,57,A
367512920,2022-01-02T14:17:36,30.03919,-90.68017,2.9,229.7,235.0,SANDPIPER,,WDG2173,31,0,23,,,57,A
367512920,2022-01-02T14:23:12,30.03620,-90.68353,2.2,89.9,62.0,SANDPIPER,,WDG2173,31,0,23,,,57,A
367512920,2022-01-02T14:47:35,30.04673,-90.67174,7.0,61.9,67.0,SANDPIPER,,WDG2173,31,0,23,,,57,A
367512920,2022-01-02T15:02:26,30.03708,-90.62850,11.6,130.1,128.0,SANDPIPER,,WDG2173,31,0,23,,,57,A
367512920,2022-01-02T15:03:35,30.03481,-90.62518,11.3,125.4,117.0,SANDPIPER,,WDG2173,31,0,23,,,57,A
367512920,2022-01-02T15:04:40,30.03327,-90.62193,10.2,116.4,102.0,SANDPIPER,,WDG2173,31,0,23,,,57,A
367512920,2022-01-02T15:19:07,30.05139,-90.57795,11.0,83.6,84.0,SANDPIPER,,WDG2173,31,0,23,,,57,A
367512920,2022-01-02T15:26:05,30.04968,-90.55316,11.3,102.8,100.0,SANDPIPER,,WDG2173,31,0,23,,,57,A
367512920,2022-01-02T15:37:46,30.04937,-90.51250,11.3,77.8,73.0,SANDPIPER,,WDG2173,31,0,23,,,57,A
367512920,2022-01-02T15:43:56,30.05128,-90.49017,11.4,99.8,109.0,SANDPIPER,,WDG2173,31,0,23,,,57,A
367512920,2022-01-02T15:55:37,30.02225,-90.47222,11.6,185.7,191.0,SANDPIPER,,WDG2173,31,0,23,,,57,A
367512920,2022-01-02T16:22:05,29.98657,-90.40461,11.1,133.4,141.0,SANDPIPER,,WDG2173,31,0,23,,,57,A
367512920,2022-01-02T16:30:17,29.96311,-90.39527,11.5,179.5,185.0,SANDPIPER,,WDG2173,31,0,23,,,57,A
367512920,2022-01-02T16:37:46,29.94511,-90.38377,11.2,121.3,118.0,SANDPIPER,,WDG2173,31,0,23,,,57,A
367512920,2022-01-02T16:38:57,29.94322,-90.38011,11.3,119.1,117.0,SANDPIPER,,WDG2173,31,0,23,,,57,A
367512920,2022-01-02T16:51:37,29.93298,-90.33655,10.9,92.5,81.0,SANDPIPER,,WDG2173,31,0,23,,,57,A
367512920,2022-01-02T16:57:46,29.93878,-90.31654,10.8,50.5,41.0,SANDPIPER,,WDG2173,31,0,23,,,57,A
367512920,2022-01-02T17:10:16,29.96579,-90.28568,10.9,55.1,49.0,SANDPIPER,,WDG2173,31,0,23,,,57,A
367512920,2022-01-02T17:11:26,29.96781,-90.28235,10.9,55.8,53.0,SANDPIPER,,WDG2173,31,0,23,,,57,A
367512920,2022-01-02T17:12:36,29.96964,-90.27873,11.0,61.8,60.0,SANDPIPER,,WDG2173,31,0,23,,,57,A
367512920,2022-01-02T17:14:56,29.97191,-90.27096,11.2,80.3,81.0,SANDPIPER,,WDG2173,31,0,23,,,57,A
367512920,2022-01-02T17:32:26,29.94532,-90.22075,11.5,164.2,167.0,SANDPIPER,,WDG2173,31,0,23,,,57,A
367512920,2022-01-02T17:33:36,29.94171,-90.21961,11.4,164.3,166.0,SANDPIPER,,WDG2173,31,0,23,,,57,A
367512920,2022-01-02T17:35:07,29.93710,-90.21817,11.2,165.4,164.0,SANDPIPER,,WDG2173,31,0,23,,,57,A
367512920,2022-01-02T17:36:15,29.93391,-90.21715,10.2,163.9,161.0,SANDPIPER,,WDG2173,31,0,23,,,57,A
367512920,2022-01-02T17:46:36,29.92716,-90.18967,10.6,62.2,54.0,SANDPIPER,,WDG2173,31,0,23,,,57,A
367512920,2022-01-02T18:35:07,29.91596,-90.07852,11.0,69.1,63.0,SANDPIPER,,WDG2173,31,0,23,,,57,A
367512920,2022-01-02T19:03:55,29.95146,-90.02012,11.1,117.1,118.0,SANDPIPER,,WDG2173,31,0,23,,,57,A
367512920,2022-01-02T19:07:26,29.94675,-90.01051,9.3,120.3,118.0,SANDPIPER,,WDG2173,31,0,23,,,57,A
367512920,2022-01-02T19:10:56,29.94179,-90.00181,9.0,127.8,131.0,SANDPIPER,,WDG2173,31,0,23,,,57,A
367512920,2022-01-02T19:37:56,29.92351,-89.95301,4.6,218.7,224.0,SANDPIPER,,WDG2173,31,0,23,,,57,A
367512920,2022-01-02T19:40:09,29.92161,-89.95340,2.7,167.0,251.0,SANDPIPER,,WDG2173,31,0,23,,,57,A
367512920,2022-01-02T19:56:36,29.92014,-89.95306,0.0,185.2,254.0,SANDPIPER,,WDG2173,31,0,23,,,57,A
367512920,2022-01-02T20:33:26,29.92015,-89.95308,0.0,240.8,252.0,SANDPIPER,,WDG2173,31,0,23,,,57,A
367512920,2022-01-02T20:40:27,29.92012,-89.95305,0.1,342.1,255.0,SANDPIPER,,WDG2173,31,0,23,,,57,A
367512920,2022-01-02T20:43:57,29.92012,-89.95308,0.1,162.5,254.0,SANDPIPER,,WDG2173,31,0,23,,,57,A
367512920,2022-01-02T20:55:36,29.92019,-89.95310,0.0,279.4,249.0,SANDPIPER,,WDG2173,31,0,23,,,57,A
367512920,2022-01-02T21:09:37,29.92012,-89.95307,0.1,319.6,255.0,SANDPIPER,,WDG2173,31,0,23,,,57,A
367512920,2022-01-02T21:11:57,29.92015,-89.95307,0.1,337.9,252.0,SANDPIPER,,WDG2173,31,0,23,,,57,A
367512920,2022-01-02T21:13:07,29.92016,-89.95307,0.0,182.9,251.0,SANDPIPER,,WDG2173,31,0,23,,,57,A
367512920,2022-01-02T21:14:16,29.92017,-89.95308,0.2,326.1,250.0,SANDPIPER,,WDG2173,31,0,23,,,57,A
367512920,2022-01-02T21:19:06,29.92013,-89.95305,0.1,168.3,254.0,SANDPIPER,,WDG2173,31,0,23,,,57,A
367512920,2022-01-02T21:21:27,29.92016,-89.95309,0.1,195.6,252.0,SANDPIPER,,WDG2173,31,0,23,,,57,A
367512920,2022-01-02T21:26:27,29.92019,-89.95309,0.0,344.6,251.0,SANDPIPER,,WDG2173,31,0,23,,,57,A
367512920,2022-01-02T21:31:07,29.92031,-89.95317,0.2,321.7,243.0,SANDPIPER,,WDG2173,31,0,23,,,57,A
367512920,2022-01-02T21:43:26,29.92030,-89.95317,0.1,161.9,244.0,SANDPIPER,,WDG2173,31,0,23,,,57,A
367512920,2022-01-02T21:46:56,29.92030,-89.95317,0.1,321.8,242.0,SANDPIPER,,WDG2173,31,0,23,,,57,A
367512920,2022-01-02T21:56:27,29.92027,-89.95315,0.1,337.0,244.0,SANDPIPER,,WDG2173,31,0,23,,,57,A
367512920,2022-01-02T22:02:57,29.92015,-89.95307,0.1,322.3,254.0,SANDPIPER,,WDG2173,31,0,23,,,57,A
367512920,2022-01-02T22:07:26,29.92024,-89.95311,0.0,307.6,247.0,SANDPIPER,,WDG2173,31,0,23,,,57,A
367512920,2022-01-02T22:15:37,29.92016,-89.95307,0.0,189.6,252.0,SANDPIPER,,WDG2173,31,0,23,,,57,A
367512920,2022-01-02T22:17:55,29.92014,-89.95306,0.1,157.3,254.0,SANDPIPER,,WDG2173,31,0,23,,,57,A
367512920,2022-01-02T22:19:06,29.92014,-89.95306,0.0,136.9,253.0,SANDPIPER,,WDG2173,31,0,23,,,57,A
367512920,2022-01-02T22:22:37,29.92018,-89.95310,0.1,321.8,249.0,SANDPIPER,,WDG2173,31,0,23,,,57,A
367512920,2022-01-02T22:31:55,29.92010,-89.95306,0.0,274.7,256.0,SANDPIPER,,WDG2173,31,0,23,,,57,A
367512920,2022-01-02T22:46:25,29.92007,-89.95305,0.1,335.6,259.0,SANDPIPER,,WDG2173,31,0,23,,,57,A
367512920,2022-01-02T22:59:07,29.91999,-89.95302,0.1,170.3,263.0,SANDPIPER,,WDG2173,31,0,23,,,57,A
367512920,2022-01-02T23:09:16,29.92006,-89.95304,0.1,342.2,258.0,SANDPIPER,,WDG2173,31,0,23,,,57,A
367512920,2022-01-02T23:10:27,29.92006,-89.95305,0.1,173.8,257.0,SANDPIPER,,WDG2173,31,0,23,,,57,A
367512920,2022-01-02T23:17:26,29.92008,-89.95305,0.2,341.3,255.0,SANDPIPER,,WDG2173,31,0,23,,,57,A
367512920,2022-01-02T23:30:05,29.92001,-89.95303,0.2,171.1,260.0,SANDPIPER,,WDG2173,31,0,23,,,57,A
367512920,2022-01-02T23:40:47,29.92001,-89.95302,0.2,343.5,262.0,SANDPIPER,,WDG2173,31,0,23,,,57,A
367512920,2022-01-02T23:43:06,29.92001,-89.95302,0.1,342.0,262.0,SANDPIPER,,WDG2173,31,0,23,,,57,A
367512920,2022-01-02T23:47:47,29.92006,-89.95304,0.1,170.0,258.0,SANDPIPER,,WDG2173,31,0,23,,,57,A
367512920,2022-01-02T23:51:16,29.92006,-89.95304,0.1,335.1,259.0,SANDPIPER,,WDG2173,31,0,23,,,57,A
367512920,2022-01-03T00:00:16,29.92008,-89.95304,0.3,163.3,257.0,SANDPIPER,,WDG2173,31,0,23,,,57,A
367512920,2022-01-03T00:01:26,29.92002,-89.95303,0.0,300.6,261.0,SANDPIPER,,WDG2173,31,0,23,,,57,A
367512920,2022-01-03T00:02:37,29.92003,-89.95303,0.1,178.8,261.0,SANDPIPER,,WDG2173,31,0,23,,,57,A
367512920,2022-01-03T00:03:45,29.92001,-89.95302,0.1,172.5,262.0,SANDPIPER,,WDG2173,31,0,23,,,57,A
367512920,2022-01-03T00:04:57,29.91998,-89.95303,0.1,168.7,263.0,SANDPIPER,,WDG2173,31,0,23,,,57,A
367512920,2022-01-03T00:06:07,29.91997,-89.95302,0.0,273.3,264.0,SANDPIPER,,WDG2173,31,0,23,,,57,A
367512920,2022-01-03T00:09:37,29.92002,-89.95304,0.1,177.8,261.0,SANDPIPER,,WDG2173,31,0,23,,,57,A
367512920,2022-01-03T00:07:16,29.91998,-89.95303,0.1,330.2,263.0,SANDPIPER,,WDG2173,31,0,23,,,57,A
367512920,2022-01-03T00:08:27,29.92003,-89.95305,0.1,319.5,259.0,SANDPIPER,,WDG2173,31,0,23,,,57,A
367512920,2022-01-03T00:10:46,29.91999,-89.95302,0.1,175.8,263.0,SANDPIPER,,WDG2173,31,0,23,,,57,A
367512920,2022-01-03T00:11:56,29.91996,-89.95303,0.0,316.2,265.0,SANDPIPER,,WDG2173,31,0,23,,,57,A
367512920,2022-01-03T00:13:06,29.92001,-89.95305,0.3,344.4,261.0,SANDPIPER,,WDG2173,31,0,23,,,57,A
367512920,2022-01-03T00:15:26,29.91998,-89.95302,0.3,169.6,264.0,SANDPIPER,,WDG2173,31,0,23,,,57,A
367512920,2022-01-03T00:16:36,29.91999,-89.95303,0.2,347.5,263.0,SANDPIPER,,WDG2173,31,0,23,,,57,A
367512920,2022-01-03T00:17:47,29.91996,-89.95301,0.1,174.3,266.0,SANDPIPER,,WDG2173,31,0,23,,,57,A
367512920,2022-01-03T00:14:17,29.92007,-89.95305,0.1,171.3,259.0,SANDPIPER,,WDG2173,31,0,23,,,57,A
367512920,2022-01-03T00:18:56,29.91996,-89.95301,0.1,339.6,266.0,SANDPIPER,,WDG2173,31,0,23,,,57,A
367512920,2022-01-03T00:20:06,29.91997,-89.95302,0.0,182.6,266.0,SANDPIPER,,WDG2173,31,0,23,,,57,A
367512920,2022-01-03T00:21:17,29.91995,-89.95302,0.0,328.0,267.0,SANDPIPER,,WDG2173,31,0,23,,,57,A
367512920,2022-01-03T00:22:27,29.91998,-89.95303,0.1,339.4,265.0,SANDPIPER,,WDG2173,31,0,23,,,57,A
367512920,2022-01-03T00:24:57,29.92005,-89.95305,0.1,337.5,261.0,SANDPIPER,,WDG2173,31,0,23,,,57,A
367512920,2022-01-03T00:23:35,29.92001,-89.95304,0.1,330.1,264.0,SANDPIPER,,WDG2173,31,0,23,,,57,A
367512920,2022-01-03T00:26:07,29.92004,-89.95304,0.1,168.2,262.0,SANDPIPER,,WDG2173,31,0,23,,,57,A
367512920,2022-01-03T00:28:27,29.92006,-89.95304,0.2,166.7,261.0,SANDPIPER,,WDG2173,31,0,23,,,57,A
367512920,2022-01-03T00:29:35,29.92001,-89.95304,0.1,328.8,264.0,SANDPIPER,,WDG2173,31,0,23,,,57,A
367512920,2022-01-03T00:27:16,29.92005,-89.95304,0.1,334.8,262.0,SANDPIPER,,WDG2173,31,0,23,,,57,A
367512920,2022-01-03T00:31:57,29.92005,-89.95304,0.1,323.1,260.0,SANDPIPER,,WDG2173,31,0,23,,,57,A
367512920,2022-01-03T00:33:07,29.92009,-89.95306,0.0,225.0,258.0,SANDPIPER,,WDG2173,31,0,23,,,57,A
367512920,2022-01-03T00:34:35,29.92009,-89.95305,0.0,200.5,259.0,SANDPIPER,,WDG2173,31,0,23,,,57,A
367512920,2022-01-03T00:36:57,29.92001,-89.95303,0.1,163.0,264.0,SANDPIPER,,WDG2173,31,0,23,,,57,A
367512920,2022-01-03T00:38:07,29.92001,-89.95303,0.0,306.8,264.0,SANDPIPER,,WDG2173,31,0,23,,,57,A
367512920,2022-01-03T00:39:16,29.92001,-89.95303,0.1,339.1,264.0,SANDPIPER,,WDG2173,31,0,23,,,57,A
367512920,2022-01-03T00:40:26,29.92007,-89.95305,0.2,346.0,260.0,SANDPIPER,,WDG2173,31,0,23,,,57,A
367512920,2022-01-03T00:43:56,29.92003,-89.95304,0.1,188.5,263.0,SANDPIPER,,WDG2173,31,0,23,,,57,A
367512920,2022-01-03T00:41:36,29.92013,-89.95307,0.1,337.8,256.0,SANDPIPER,,WDG2173,31,0,23,,,57,A
367512920,2022-01-03T00:42:45,29.92010,-89.95306,0.3,163.4,257.0,SANDPIPER,,WDG2173,31,0,23,,,57,A
367512920,2022-01-03T00:46:17,29.92006,-89.95304,0.1,342.5,260.0,SANDPIPER,,WDG2173,31,0,23,,,57,A
367512920,2022-01-03T00:50:56,29.92001,-89.95303,0.2,345.3,264.0,SANDPIPER,,WDG2173,31,0,23,,,57,A
367512920,2022-01-03T00:48:36,29.91996,-89.95302,0.2,174.8,266.0,SANDPIPER,,WDG2173,31,0,23,,,57,A
367512920,2022-01-03T00:47:25,29.92001,-89.95303,0.2,173.0,263.0,SANDPIPER,,WDG2173,31,0,23,,,57,A
367512920,2022-01-03T00:52:06,29.92003,-89.95304,0.0,320.7,262.0,SANDPIPER,,WDG2173,31,0,23,,,57,A
367512920,2022-01-03T00:49:47,29.91995,-89.95302,0.1,340.7,267.0,SANDPIPER,,WDG2173,31,0,23,,,57,A
367512920,2022-01-03T00:53:16,29.92008,-89.95305,0.1,327.1,258.0,SANDPIPER,,WDG2173,31,0,23,,,57,A
367512920,2022-01-03T00:59:15,29.92002,-89.95304,0.1,338.1,261.0,SANDPIPER,,WDG2173,31,0,23,,,57,A
367512920,2022-01-03T00:56:37,29.92012,-89.95307,0.1,339.5,255.0,SANDPIPER,,WDG2173,31,0,23,,,57,A
367512920,2022-01-03T00:54:27,29.92008,-89.95306,0.1,178.4,258.0,SANDPIPER,,WDG2173,31,0,23,,,57,A
367512920,2022-01-03T00:57:46,29.92002,-89.95304,0.3,165.0,261.0,SANDPIPER,,WDG2173,31,0,23,,,57,A
367512920,2022-01-03T01:02:37,29.92003,-89.95303,0.0,334.3,261.0,SANDPIPER,,WDG2173,31,0,23,,,57,A
367512920,2022-01-03T00:30:47,29.92004,-89.95304,0.1,334.4,262.0,SANDPIPER,,WDG2173,31,0,23,,,57,A
367512920,2022-01-03T01:00:15,29.92006,-89.95305,0.1,324.8,259.0,SANDPIPER,,WDG2173,31,0,23,,,57,A
367512920,2022-01-03T01:01:26,29.92005,-89.95304,0.1,174.4,259.0,SANDPIPER,,WDG2173,31,0,23,,,57,A
367512920,2022-01-03T01:07:25,29.92006,-89.95304,0.0,166.3,258.0,SANDPIPER,,WDG2173,31,0,23,,,57,A
367512920,2022-01-03T01:10:07,29.92011,-89.95306,0.2,167.1,255.0,SANDPIPER,,WDG2173,31,0,23,,,57,A
367512920,2022-01-03T01:08:36,29.92010,-89.95305,0.2,341.4,254.0,SANDPIPER,,WDG2173,31,0,23,,,57,A
367512920,2022-01-03T01:03:46,29.92003,-89.95303,0.0,311.6,261.0,SANDPIPER,,WDG2173,31,0,23,,,57,A
367512920,2022-01-03T01:05:07,29.92009,-89.95306,0.1,328.8,257.0,SANDPIPER,,WDG2173,31,0,23,,,57,A
367512920,2022-01-03T01:06:17,29.92009,-89.95306,0.1,169.9,256.0,SANDPIPER,,WDG2173,31,0,23,,,57,A
367512920,2022-01-03T01:11:16,29.92009,-89.95306,0.1,338.5,257.0,SANDPIPER,,WDG2173,31,0,23,,,57,A
367512920,2022-01-03T01:15:47,29.92001,-89.95304,0.1,347.5,262.0,SANDPIPER,,WDG2173,31,0,23,,,57,A
367512920,2022-01-03T01:13:27,29.92009,-89.95305,0.2,165.8,257.0,SANDPIPER,,WDG2173,31,0,23,,,57,A
367512920,2022-01-03T01:24:56,29.92001,-89.95304,0.2,344.9,262.0,SANDPIPER,,WDG2173,31,0,23,,,57,A
367512920,2022-01-03T01:19:16,29.92000,-89.95304,0.0,330.1,264.0,SANDPIPER,,WDG2173,31,0,23,,,57,A
367512920,2022-01-03T01:14:36,29.92003,-89.95304,0.2,169.9,261.0,SANDPIPER,,WDG2173,31,0,23,,,57,A
367512920,2022-01-03T01:16:56,29.92002,-89.95304,0.2,174.5,262.0,SANDPIPER,,WDG2173,31,0,23,,,57,A
367512920,2022-01-03T01:18:07,29.91998,-89.95302,0.0,200.9,265.0,SANDPIPER,,WDG2173,31,0,23,,,57,A
367512920,2022-01-03T01:28:25,29.92016,-89.95310,0.1,329.7,251.0,SANDPIPER,,WDG2173,31,0,23,,,57,A
367512920,2022-01-03T00:35:46,29.92005,-89.95305,0.2,172.1,262.0,SANDPIPER,,WDG2173,31,0,23,,,57,A
367512920,2022-01-03T01:32:57,29.92015,-89.95309,0.1,344.2,252.0,SANDPIPER,,WDG2173,31,0,23,,,57,A
367512920,2022-01-03T01:20:26,29.91999,-89.95303,0.1,174.0,265.0,SANDPIPER,,WDG2173,31,0,23,,,57,A
367512920,2022-01-03T01:22:46,29.91996,-89.95302,0.1,174.5,266.0,SANDPIPER,,WDG2173,31,0,23,,,57,A
367512920,2022-01-03T01:21:37,29.91998,-89.95302,0.0,231.1,265.0,SANDPIPER,,WDG2173,31,0,23,,,57,A
367512920,2022-01-03T01:23:55,29.91996,-89.95302,0.2,347.8,266.0,SANDPIPER,,WDG2173,31,0,23,,,57,A
367512920,2022-01-03T01:38:07,29.92007,-89.95307,0.0,320.6,257.0,SANDPIPER,,WDG2173,31,0,23,,,57,A
367512920,2022-01-03T01:35:46,29.92004,-89.95305,0.1,167.2,260.0,SANDPIPER,,WDG2173,31,0,23,,,57,A
367512920,2022-01-03T01:27:17,29.92012,-89.95307,0.2,336.2,253.0,SANDPIPER,,WDG2173,31,0,23,,,57,A
367512920,2022-01-03T01:31:46,29.92016,-89.95309,0.0,169.6,251.0,SANDPIPER,,WDG2173,31,0,23,,,57,A
367512920,2022-01-03T01:41:26,29.92006,-89.95305,0.0,194.2,259.0,SANDPIPER,,WDG2173,31,0,23,,,57,A
367512920,2022-01-03T01:30:45,29.92014,-89.95308,0.0,330.7,253.0,SANDPIPER,,WDG2173,31,0,23,,,57,A
367512920,2022-01-03T01:46:07,29.92000,-89.95303,0.1,178.0,263.0,SANDPIPER,,WDG2173,31,0,23,,,57,A
367512920,2022-01-03T01:34:36,29.92007,-89.95306,0.1,168.1,257.0,SANDPIPER,,WDG2173,31,0,23,,,57,A
367512920,2022-01-03T00:45:06,29.92003,-89.95303,0.0,251.2,262.0,SANDPIPER,,WDG2173,31,0,23,,,57,A
367512920,2022-01-03T01:36:57,29.92007,-89.95306,0.1,337.7,258.0,SANDPIPER,,WDG2173,31,0,23,,,57,A
367512920,2022-01-03T01:44:56,29.92001,-89.95304,0.0,206.9,262.0,SANDPIPER,,WDG2173,31,0,23,,,57,A
367512920,2022-01-03T01:39:17,29.92007,-89.95306,0.0,181.5,258.0,SANDPIPER,,WDG2173,31,0,23,,,57,A
367512920,2022-01-03T01:40:25,29.92006,-89.95305,0.0,184.4,258.0,SANDPIPER,,WDG2173,31,0,23,,,57,A
367512920,2022-01-03T01:50:46,29.92003,-89.95304,0.0,187.7,261.0,SANDPIPER,,WDG2173,31,0,23,,,57,A
367512920,2022-01-03T01:48:26,29.92001,-89.95304,0.0,185.5,264.0,SANDPIPER,,WDG2173,31,0,23,,,57,A
367512920,2022-01-03T01:47:17,29.92000,-89.95303,0.0,299.6,264.0,SANDPIPER,,WDG2173,31,0,23,,,57,A
367512920,2022-01-03T01:56:36,29.92006,-89.95305,0.1,176.3,259.0,SANDPIPER,,WDG2173,31,0,23,,,57,A
367512920,2022-01-03T01:49:36,29.92003,-89.95304,0.1,331.7,262.0,SANDPIPER,,WDG2173,31,0,23,,,57,A
367512920,2022-01-03T02:06:26,29.92011,-89.95307,0.2,341.2,256.0,SANDPIPER,,WDG2173,31,0,23,,,57,A
367512920,2022-01-03T02:08:46,29.92002,-89.95304,0.3,346.1,262.0,SANDPIPER,,WDG2173,31,0,23,,,57,A
367512920,2022-01-03T00:55:36,29.92008,-89.95306,0.1,337.9,258.0,SANDPIPER,,WDG2173,31,0,23,,,57,A
367512920,2022-01-03T01:55:26,29.92011,-89.95306,0.1,162.8,256.0,SANDPIPER,,WDG2173,31,0,23,,,57,A
367512920,2022-01-03T01:57:47,29.92007,-89.95306,0.1,337.7,258.0,SANDPIPER,,WDG2173,31,0,23,,,57,A
367512920,2022-01-03T01:59:57,29.92008,-89.95306,0.1,158.1,258.0,SANDPIPER,,WDG2173,31,0,23,,,57,A
367512920,2022-01-03T02:14:36,29.91993,-89.95301,0.0,188.6,268.0,SANDPIPER,,WDG2173,31,0,23,,,57,A
367512920,2022-01-03T02:05:16,29.92006,-89.95306,0.1,346.3,259.0,SANDPIPER,,WDG2173,31,0,23,,,57,A
367512920,2022-01-03T02:02:56,29.92004,-89.95304,0.0,165.4,261.0,SANDPIPER,,WDG2173,31,0,23,,,57,A
367512920,2022-01-03T02:18:06,29.91996,-89.95302,0.1,179.7,266.0,SANDPIPER,,WDG2173,31,0,23,,,57,A
367512920,2022-01-03T02:04:06,29.92005,-89.95305,0.0,149.4,260.0,SANDPIPER,,WDG2173,31,0,23,,,57,A
367512920,2022-01-03T02:07:37,29.92001,-89.95304,0.6,165.2,262.0,SANDPIPER,,WDG2173,31,0,23,,,57,A
367512920,2022-01-03T02:12:15,29.91995,-89.95302,0.0,192.4,267.0,SANDPIPER,,WDG2173,31,0,23,,,57,A
367512920,2022-01-03T02:11:06,29.91996,-89.95302,0.0,153.9,267.0,SANDPIPER,,WDG2173,31,0,23,,,57,A
367512920,2022-01-03T02:25:07,29.92005,-89.95304,0.1,185.2,258.0,SANDPIPER,,WDG2173,31,0,23,,,57,A
367512920,2022-01-03T02:15:45,29.91995,-89.95301,0.0,291.3,267.0,SANDPIPER,,WDG2173,31,0,23,,,57,A
367512920,2022-01-03T02:29:46,29.92009,-89.95306,0.2,162.9,256.0,SANDPIPER,,WDG2173,31,0,23,,,57,A
367512920,2022-01-03T02:19:16,29.91998,-89.95304,0.1,342.1,265.0,SANDPIPER,,WDG2173,31,0,23,,,57,A
367512920,2022-01-03T01:12:26,29.92010,-89.95306,0.0,227.2,256.0,SANDPIPER,,WDG2173,31,0,23,,,57,A
367512920,2022-01-03T02:28:36,29.92010,-89.95307,0.1,333.1,255.0,SANDPIPER,,WDG2173,31,0,23,,,57,A
367512920,2022-01-03T02:22:46,29.92011,-89.95306,0.2,160.2,255.0,SANDPIPER,,WDG2173,31,0,23,,,57,A
367512920,2022-01-03T02:39:46,29.91997,-89.95304,0.1,343.2,264.0,SANDPIPER,,WDG2173,31,0,23,,,57,A
367512920,2022-01-03T02:37:17,29.91996,-89.95302,0.3,176.6,264.0,SANDPIPER,,WDG2173,31,0,23,,,57,A
367512920,2022-01-03T02:26:16,29.92008,-89.95305,0.1,319.9,257.0,SANDPIPER,,WDG2173,31,0,23,,,57,A
367512920,2022-01-03T02:42:06,29.92007,-89.95306,0.0,315.6,257.0,SANDPIPER,,WDG2173,31,0,23,,,57,A
367512920,2022-01-03T02:30:55,29.92009,-89.95307,0.0,319.4,256.0,SANDPIPER,,WDG2173,31,0,23,,,57,A
367512920,2022-01-03T02:32:06,29.92014,-89.95308,0.1,319.4,252.0,SANDPIPER,,WDG2173,31,0,23,,,57,A
367512920,2022-01-03T02:27:27,29.92008,-89.95306,0.0,299.8,256.0,SANDPIPER,,WDG2173,31,0,23,,,57,A
367512920,2022-01-03T02:34:56,29.92004,-89.95303,0.1,337.0,259.0,SANDPIPER,,WDG2173,31,0,23,,,57,A
367512920,2022-01-03T02:36:06,29.92003,-89.95303,0.1,171.3,259.0,SANDPIPER,,WDG2173,31,0,23,,,57,A
367512920,2022-01-03T02:33:16,29.92008,-89.95306,0.3,163.2,256.0,SANDPIPER,,WDG2173,31,0,23,,,57,A
367512920,2022-01-03T02:40:55,29.92005,-89.95306,0.3,340.9,259.0,SANDPIPER,,WDG2173,31,0,23,,,57,A
367512920,2022-01-03T02:44:27,29.92006,-89.95306,0.1,300.8,258.0,SANDPIPER,,WDG2173,31,0,23,,,57,A
367512920,2022-01-03T01:26:06,29.92007,-89.95305,0.2,341.3,257.0,SANDPIPER,,WDG2173,31,0,23,,,57,A
367512920,2022-01-03T02:38:26,29.91994,-89.95302,0.1,319.3,265.0,SANDPIPER,,WDG2173,31,0,23,,,57,A
367512920,2022-01-03T03:00:57,29.92003,-89.95304,0.0,334.2,260.0,SANDPIPER,,WDG2173,31,0,23,,,57,A
367512920,2022-01-03T03:02:05,29.92004,-89.95304,0.0,309.9,260.0,SANDPIPER,,WDG2173,31,0,23,,,57,A
367512920,2022-01-03T03:03:17,29.92005,-89.95304,0.1,294.5,260.0,SANDPIPER,,WDG2173,31,0,23,,,57,A
367512920,2022-01-03T03:04:26,29.92006,-89.95303,0.0,213.0,260.0,SANDPIPER,,WDG2173,31,0,23,,,57,A
367512920,2022-01-03T03:05:36,29.92002,-89.95304,0.0,191.8,262.0,SANDPIPER,,WDG2173,31,0,23,,,57,A
367512920,2022-01-03T02:50:16,29.92004,-89.95305,0.1,172.6,259.0,SANDPIPER,,WDG2173,31,0,23,,,57,A
367512920,2022-01-03T01:29:36,29.92015,-89.95310,0.1,171.0,252.0,SANDPIPER,,WDG2173,31,0,23,,,57,A
367512920,2022-01-03T02:55:06,29.92007,-89.95306,0.1,171.0,259.0,SANDPIPER,,WDG2173,31,0,23,,,57,A
367512920,2022-01-03T03:09:06,29.92009,-89.95306,0.1,332.2,256.0,SANDPIPER,,WDG2173,31,0,23,,,57,A
367512920,2022-01-03T02:56:17,29.92002,-89.95305,0.2,171.5,262.0,SANDPIPER,,WDG2173,31,0,23,,,57,A
367512920,2022-01-03T02:53:46,29.92009,-89.95307,0.1,176.8,257.0,SANDPIPER,,WDG2173,31,0,23,,,57,A
367512920,2022-01-03T02:57:25,29.92003,-89.95304,0.1,338.2,262.0,SANDPIPER,,WDG2173,31,0,23,,,57,A
367512920,2022-01-03T02:47:57,29.92006,-89.95306,0.0,326.9,259.0,SANDPIPER,,WDG2173,31,0,23,,,57,A
367512920,2022-01-03T02:58:36,29.92006,-89.95305,0.1,334.9,259.0,SANDPIPER,,WDG2173,31,0,23,,,57,A
367512920,2022-01-03T02:52:36,29.92009,-89.95306,0.1,323.9,256.0,SANDPIPER,,WDG2173,31,0,23,,,57,A
367512920,2022-01-03T03:06:47,29.92003,-89.95306,0.1,339.3,260.0,SANDPIPER,,WDG2173,31,0,23,,,57,A
367512920,2022-01-03T02:45:36,29.92007,-89.95307,0.0,197.1,258.0,SANDPIPER,,WDG2173,31,0,23,,,57,A
367512920,2022-01-03T01:42:36,29.92007,-89.95307,0.1,343.7,259.0,SANDPIPER,,WDG2173,31,0,23,,,57,A
367512920,2022-01-03T01:43:46,29.92005,-89.95305,0.2,167.7,260.0,SANDPIPER,,WDG2173,31,0,23,,,57,A
367512920,2022-01-03T03:07:57,29.92007,-89.95305,0.1,334.4,258.0,SANDPIPER,,WDG2173,31,0,23,,,57,A
367512920,2022-01-03T02:59:46,29.92003,-89.95305,0.0,268.6,260.0,SANDPIPER,,WDG2173,31,0,23,,,57,A
367512920,2022-01-03T03:13:46,29.91996,-89.95303,0.1,168.5,266.0,SANDPIPER,,WDG2173,31,0,23,,,57,A
367512920,2022-01-03T03:18:36,29.91993,-89.95303,0.1,190.3,269.0,SANDPIPER,,WDG2173,31,0,23,,,57,A
367512920,2022-01-03T03:12:36,29.91999,-89.95304,0.0,206.3,264.0,SANDPIPER,,WDG2173,31,0,23,,,57,A
367512920,2022-01-03T01:51:56,29.92009,-89.95306,0.1,347.5,258.0,SANDPIPER,,WDG2173,31,0,23,,,57,A
367512920,2022-01-03T03:20:05,29.91992,-89.95303,0.0,302.9,269.0,SANDPIPER,,WDG2173,31,0,23,,,57,A
367512920,2022-01-03T03:17:26,29.91993,-89.95304,0.0,283.8,268.0,SANDPIPER,,WDG2173,31,0,23,,,57,A
367512920,2022-01-03T01:53:07,29.92008,-89.95305,0.0,165.0,258.0,SANDPIPER,,WDG2173,31,0,23,,,57,A
367512920,2022-01-03T03:41:57,29.91993,-89.95304,0.1,352.2,269.0,SANDPIPER,,WDG2173,31,0,23,,,57,A
367512920,2022-01-03T03:23:35,29.91993,-89.95303,0.1,336.4,268.0,SANDPIPER,,WDG2173,31,0,23,,,57,A
367512920,2022-01-03T01:54:16,29.92010,-89.95306,0.2,335.5,257.0,SANDPIPER,,WDG2173,31,0,23,,,57,A
367512920,2022-01-03T03:27:16,29.92001,-89.95305,0.1,340.3,263.0,SANDPIPER,,WDG2173,31,0,23,,,57,A
367512920,2022-01-03T03:25:05,29.91997,-89.95304,0.1,324.5,266.0,SANDPIPER,,WDG2173,31,0,23,,,57,A
367512920,2022-01-03T03:31:16,29.91997,-89.95304,0.1,195.4,265.0,SANDPIPER,,WDG2173,31,0,23,,,57,A
367512920,2022-01-03T03:26:07,29.91998,-89.95304,0.1,349.3,265.0,SANDPIPER,,WDG2173,31,0,23,,,57,A
367512920,2022-01-03T01:58:56,29.92009,-89.95307,0.0,352.9,257.0,SANDPIPER,,WDG2173,31,0,23,,,57,A
367512920,2022-01-03T03:28:27,29.92009,-89.95307,0.3,338.6,258.0,SANDPIPER,,WDG2173,31,0,23,,,57,A
367512920,2022-01-03T03:38:26,29.91990,-89.95303,0.1,185.3,269.0,SANDPIPER,,WDG2173,31,0,23,,,57,A
367512920,2022-01-03T03:32:27,29.91996,-89.95305,0.0,202.6,266.0,SANDPIPER,,WDG2173,31,0,23,,,57,A
367512920,2022-01-03T03:40:46,29.91991,-89.95303,0.0,246.2,269.0,SANDPIPER,,WDG2173,31,0,23,,,57,A
367512920,2022-01-03T03:36:16,29.91992,-89.95304,0.0,277.9,268.0,SANDPIPER,,WDG2173,31,0,23,,,57,A
367512920,2022-01-03T03:37:25,29.91992,-89.95304,0.0,211.2,268.0,SANDPIPER,,WDG2173,31,0,23,,,57,A
367512920,2022-01-03T03:43:06,29.91992,-89.95304,0.0,313.5,268.0,SANDPIPER,,WDG2173,31,0,23,,,57,A
367512920,2022-01-03T03:21:16,29.91991,-89.95303,0.1,322.5,269.0,SANDPIPER,,WDG2173,31,0,23,,,57,A
367512920,2022-01-03T03:35:07,29.91993,-89.95304,0.0,320.2,268.0,SANDPIPER,,WDG2173,31,0,23,,,57,A
367512920,2022-01-03T03:44:16,29.91994,-89.95305,0.0,314.7,267.0,SANDPIPER,,WDG2173,31,0,23,,,57,A
367512920,2022-01-03T02:01:46,29.92005,-89.95305,0.0,172.8,260.0,SANDPIPER,,WDG2173,31,0,23,,,57,A
367512920,2022-01-03T04:02:45,29.92003,-89.95309,0.1,327.6,261.0,SANDPIPER,,WDG2173,31,0,23,,,57,A
367512920,2022-01-03T03:47:46,29.91996,-89.95306,0.3,171.7,265.0,SANDPIPER,,WDG2173,31,0,23,,,57,A
367512920,2022-01-03T03:30:07,29.92001,-89.95305,0.4,168.5,263.0,SANDPIPER,,WDG2173,31,0,23,,,57,A
367512920,2022-01-03T03:51:06,29.92001,-89.95307,0.1,181.5,261.0,SANDPIPER,,WDG2173,31,0,23,,,57,A
367512920,2022-01-03T03:33:36,29.91993,-89.95304,0.1,212.0,268.0,SANDPIPER,,WDG2173,31,0,23,,,57,A
367512920,2022-01-03T03:46:36,29.92004,-89.95307,0.0,226.1,260.0,SANDPIPER,,WDG2173,31,0,23,,,57,A
367512920,2022-01-03T03:58:06,29.91994,-89.95305,0.0,326.9,266.0,SANDPIPER,,WDG2173,31,0,23,,,57,A
367512920,2022-01-03T03:54:36,29.91995,-89.95305,0.0,323.8,265.0,SANDPIPER,,WDG2173,31,0,23,,,57,A
367512920,2022-01-03T03:52:16,29.91997,-89.95306,0.2,178.6,264.0,SANDPIPER,,WDG2173,31,0,23,,,57,A
367512920,2022-01-03T03:56:56,29.91994,-89.95305,0.0,336.2,266.0,SANDPIPER,,WDG2173,31,0,23,,,57,A
367512920,2022-01-03T04:08:36,29.92006,-89.95308,0.1,159.5,259.0,SANDPIPER,,WDG2173,31,0,23,,,57,A
367512920,2022-01-03T04:03:56,29.92005,-89.95308,0.1,335.7,259.0,SANDPIPER,,WDG2173,31,0,23,,,57,A
367512920,2022-01-03T04:01:36,29.92001,-89.95307,0.1,334.1,262.0,SANDPIPER,,WDG2173,31,0,23,,,57,A
367512920,2022-01-03T03:45:26,29.91997,-89.95305,0.2,338.5,265.0,SANDPIPER,,WDG2173,31,0,23,,,57,A
367512920,2022-01-03T04:07:27,29.92004,-89.95308,0.1,329.3,260.0,SANDPIPER,,WDG2173,31,0,23,,,57,A
367512920,2022-01-03T04:22:57,29.92010,-89.95309,0.1,336.5,254.0,SANDPIPER,,WDG2173,31,0,23,,,57,A
367512920,2022-01-03T03:48:55,29.91996,-89.95305,0.1,339.7,264.0,SANDPIPER,,WDG2173,31,0,23,,,57,A
367512920,2022-01-03T03:49:56,29.92003,-89.95307,0.1,341.4,260.0,SANDPIPER,,WDG2173,31,0,23,,,57,A
367512920,2022-01-03T04:24:05,29.92012,-89.95309,0.1,335.3,253.0,SANDPIPER,,WDG2173,31,0,23,,,57,A
367512920,2022-01-03T04:11:17,29.92003,-89.95307,0.1,354.6,261.0,SANDPIPER,,WDG2173,31,0,23,,,57,A
367512920,2022-01-03T02:09:56,29.91995,-89.95301,0.2,170.6,267.0,SANDPIPER,,WDG2173,31,0,23,,,57,A
367512920,2022-01-03T04:05:06,29.92004,-89.95309,0.1,174.6,259.0,SANDPIPER,,WDG2173,31,0,23,,,57,A
367512920,2022-01-03T04:13:36,29.92004,-89.95307,0.0,279.1,260.0,SANDPIPER,,WDG2173,31,0,23,,,57,A
367512920,2022-01-03T04:06:17,29.92004,-89.95307,0.1,332.9,260.0,SANDPIPER,,WDG2173,31,0,23,,,57,A
367512920,2022-01-03T04:14:47,29.92005,-89.95309,0.0,222.4,259.0,SANDPIPER,,WDG2173,31,0,23,,,57,A
367512920,2022-01-03T04:26:36,29.92011,-89.95310,0.0,327.8,253.0,SANDPIPER,,WDG2173,31,0,23,,,57,A
367512920,2022-01-03T04:17:07,29.92003,-89.95307,0.0,315.3,261.0,SANDPIPER,,WDG2173,31,0,23,,,57,A
367512920,2022-01-03T04:10:06,29.92003,-89.95308,0.0,183.2,261.0,SANDPIPER,,WDG2173,31,0,23,,,57,A
367512920,2022-01-03T03:55:46,29.91994,-89.95305,0.1,177.9,266.0,SANDPIPER,,WDG2173,31,0,23,,,57,A
367512920,2022-01-03T04:21:47,29.92007,-89.95309,0.1,331.6,257.0,SANDPIPER,,WDG2173,31,0,23,,,57,A
367512920,2022-01-03T02:13:27,29.91994,-89.95301,0.1,195.0,268.0,SANDPIPER,,WDG2173,31,0,23,,,57,A
367512920,2022-01-03T04:20:36,29.92004,-89.95308,0.2,343.6,260.0,SANDPIPER,,WDG2173,31,0,23,,,57,A
367512920,2022-01-03T04:25:26,29.92011,-89.95311,0.1,167.3,254.0,SANDPIPER,,WDG2173,31,0,23,,,57,A
367512920,2022-01-03T02:16:56,29.91997,-89.95302,0.1,338.2,265.0,SANDPIPER,,WDG2173,31,0,23,,,57,A
367512920,2022-01-03T04:15:57,29.92001,-89.95307,0.0,171.7,262.0,SANDPIPER,,WDG2173,31,0,23,,,57,A
367512920,2022-01-03T04:28:56,29.92013,-89.95311,0.1,172.0,254.0,SANDPIPER,,WDG2173,31,0,23,,,57,A
367512920,2022-01-03T04:39:27,29.92010,-89.95310,0.1,158.8,256.0,SANDPIPER,,WDG2173,31,0,23,,,57,A
367512920,2022-01-03T04:18:16,29.92001,-89.95306,0.1,173.0,262.0,SANDPIPER,,WDG2173,31,0,23,,,57,A
367512920,2022-01-03T04:19:26,29.92000,-89.95306,0.0,335.3,263.0,SANDPIPER,,WDG2173,31,0,23,,,57,A
367512920,2022-01-03T04:46:37,29.92008,-89.95309,0.0,319.8,258.0,SANDPIPER,,WDG2173,31,0,23,,,57,A
367512920,2022-01-03T04:30:25,29.92012,-89.95310,0.1,168.0,255.0,SANDPIPER,,WDG2173,31,0,23,,,57,A
367512920,2022-01-03T04:31:36,29.92008,-89.95309,0.2,165.5,257.0,SANDPIPER,,WDG2173,31,0,23,,,57,A
367512920,2022-01-03T02:20:27,29.92001,-89.95304,0.1,345.5,262.0,SANDPIPER,,WDG2173,31,0,23,,,57,A
367512920,2022-01-03T04:41:57,29.92007,-89.95309,0.1,309.8,259.0,SANDPIPER,,WDG2173,31,0,23,,,57,A
367512920,2022-01-03T04:33:47,29.92004,-89.95308,0.2,166.4,260.0,SANDPIPER,,WDG2173,31,0,23,,,57,A
367512920,2022-01-03T02:21:37,29.92009,-89.95306,0.3,338.5,257.0,SANDPIPER,,WDG2173,31,0,23,,,57,A
367512920,2022-01-03T04:32:46,29.92007,-89.95309,0.0,297.9,259.0,SANDPIPER,,WDG2173,31,0,23,,,57,A
367512920,2022-01-03T04:58:17,29.92002,-89.95306,0.0,172.4,260.0,SANDPIPER,,WDG2173,31,0,23,,,57,A
367512920,2022-01-03T02:23:56,29.92009,-89.95306,0.0,255.2,256.0,SANDPIPER,,WDG2173,31,0,23,,,57,A
367512920,2022-01-03T04:38:16,29.92009,-89.95309,0.1,326.9,257.0,SANDPIPER,,WDG2173,31,0,23,,,57,A
367512920,2022-01-03T04:54:46,29.92007,-89.95307,0.1,161.6,257.0,SANDPIPER,,WDG2173,31,0,23,,,57,A
367512920,2022-01-03T04:45:27,29.92006,-89.95309,0.0,261.5,260.0,SANDPIPER,,WDG2173,31,0,23,,,57,A
367512920,2022-01-03T04:47:47,29.92007,-89.95309,0.0,197.6,258.0,SANDPIPER,,WDG2173,31,0,23,,,57,A
367512920,2022-01-03T04:43:07,29.92005,-89.95309,0.1,175.4,259.0,SANDPIPER,,WDG2173,31,0,23,,,57,A
367512920,2022-01-03T04:48:57,29.92007,-89.95310,0.0,224.5,257.0,SANDPIPER,,WDG2173,31,0,23,,,57,A
367512920,2022-01-03T04:50:06,29.92009,-89.95309,0.1,318.7,256.0,SANDPIPER,,WDG2173,31,0,23,,,57,A
367512920,2022-01-03T05:10:57,29.92006,-89.95308,0.0,165.7,258.0,SANDPIPER,,WDG2173,31,0,23,,,57,A
367512920,2022-01-03T04:36:06,29.92005,-89.95309,0.0,324.6,260.0,SANDPIPER,,WDG2173,31,0,23,,,57,A
367512920,2022-01-03T04:55:56,29.92005,-89.95307,0.0,208.8,258.0,SANDPIPER,,WDG2173,31,0,23,,,57,A
367512920,2022-01-03T04:57:07,29.92004,-89.95307,0.0,333.5,259.0,SANDPIPER,,WDG2173,31,0,23,,,57,A
367512920,2022-01-03T04:51:17,29.92010,-89.95310,0.0,202.7,255.0,SANDPIPER,,WDG2173,31,0,23,,,57,A
367512920,2022-01-03T05:00:27,29.92003,-89.95307,0.0,162.0,259.0,SANDPIPER,,WDG2173,31,0,23,,,57,A
367512920,2022-01-03T04:44:16,29.92005,-89.95308,0.0,236.5,259.0,SANDPIPER,,WDG2173,31,0,23,,,57,A
367512920,2022-01-03T05:01:36,29.92002,-89.95306,0.0,183.2,260.0,SANDPIPER,,WDG2173,31,0,23,,,57,A
367512920,2022-01-03T05:05:07,29.92011,-89.95310,0.1,338.3,254.0,SANDPIPER,,WDG2173,31,0,23,,,57,A
367512920,2022-01-03T04:59:27,29.92004,-89.95307,0.1,340.5,258.0,SANDPIPER,,WDG2173,31,0,23,,,57,A
367512920,2022-01-03T05:06:15,29.92013,-89.95310,0.0,53.7,253.0,SANDPIPER,,WDG2173,31,0,23,,,57,A
367512920,2022-01-03T05:25:36,29.92003,-89.95308,0.0,184.0,259.0,SANDPIPER,,WDG2173,31,0,23,,,57,A
367512920,2022-01-03T05:02:46,29.92006,-89.95308,0.1,341.3,258.0,SANDPIPER,,WDG2173,31,0,23,,,57,A
367512920,2022-01-03T05:27:56,29.92006,-89.95307,0.1,339.8,257.0,SANDPIPER,,WDG2173,31,0,23,,,57,A
367512920,2022-01-03T05:03:55,29.92006,-89.95307,0.0,341.2,258.0,SANDPIPER,,WDG2173,31,0,23,,,57,A
367512920,2022-01-03T05:30:15,29.92009,-89.95309,0.1,329.7,255.0,SANDPIPER,,WDG2173,31,0,23,,,57,A
367512920,2022-01-03T05:33:47,29.92011,-89.95310,0.0,338.6,254.0,SANDPIPER,,WDG2173,31,0,23,,,57,A
367512920,2022-01-03T05:13:16,29.92001,-89.95307,0.1,345.9,261.0,SANDPIPER,,WDG2173,31,0,23,,,57,A
367512920,2022-01-03T05:14:27,29.92004,-89.95307,0.0,183.2,258.0,SANDPIPER,,WDG2173,31,0,23,,,57,A
367512920,2022-01-03T05:37:06,29.92014,-89.95312,0.1,333.3,253.0,SANDPIPER,,WDG2173,31,0,23,,,57,A
367512920,2022-01-03T05:20:27,29.92000,-89.95306,0.0,219.1,260.0,SANDPIPER,,WDG2173,31,0,23,,,57,A
367512920,2022-01-03T05:41:47,29.92009,-89.95308,0.2,159.3,257.0,SANDPIPER,,WDG2173,31,0,23,,,57,A
367512920,2022-01-03T05:18:15,29.91997,-89.95305,0.0,299.1,264.0,SANDPIPER,,WDG2173,31,0,23,,,57,A
367512920,2022-01-03T05:45:25,29.92007,-89.95308,0.1,170.6,258.0,SANDPIPER,,WDG2173,31,0,23,,,57,A
367512920,2022-01-03T05:17:05,29.91999,-89.95305,0.2,167.6,262.0,SANDPIPER,,WDG2173,31,0,23,,,57,A
367512920,2022-01-03T05:21:36,29.92004,-89.95307,0.2,339.2,258.0,SANDPIPER,,WDG2173,31,0,23,,,57,A
367512920,2022-01-03T02:43:17,29.92006,-89.95305,0.1,171.0,258.0,SANDPIPER,,WDG2173,31,0,23,,,57,A
367512920,2022-01-03T05:19:16,29.91997,-89.95305,0.1,340.8,262.0,SANDPIPER,,WDG2173,31,0,23,,,57,A
367512920,2022-01-03T05:07:27,29.92011,-89.95310,0.1,169.1,255.0,SANDPIPER,,WDG2173,31,0,23,,,57,A
367512920,2022-01-03T05:08:35,29.92007,-89.95308,0.1,173.0,258.0,SANDPIPER,,WDG2173,31,0,23,,,57,A
367512920,2022-01-03T05:09:46,29.92006,-89.95307,0.0,146.9,257.0,SANDPIPER,,WDG2173,31,0,23,,,57,A
367512920,2022-01-03T05:23:57,29.92003,-89.95306,0.2,160.8,259.0,SANDPIPER,,WDG2173,31,0,23,,,57,A
367512920,2022-01-03T05:39:25,29.92017,-89.95312,0.1,322.4,249.0,SANDPIPER,,WDG2173,31,0,23,,,57,A
367512920,2022-01-03T05:12:06,29.92002,-89.95307,0.2,168.3,261.0,SANDPIPER,,WDG2173,31,0,23,,,57,A
367512920,2022-01-03T02:46:46,29.92006,-89.95306,0.0,235.9,259.0,SANDPIPER,,WDG2173,31,0,23,,,57,A
367512920,2022-01-03T05:29:07,29.92008,-89.95309,0.0,330.8,256.0,SANDPIPER,,WDG2173,31,0,23,,,57,A
367512920,2022-01-03T05:26:46,29.92003,-89.95306,0.0,9.8,259.0,SANDPIPER,,WDG2173,31,0,23,,,57,A
367512920,2022-01-03T06:02:47,29.92004,-89.95306,0.0,267.9,261.0,SANDPIPER,,WDG2173,31,0,23,,,57,A
367512920,2022-01-03T05:49:06,29.92001,-89.95306,0.0,226.6,263.0,SANDPIPER,,WDG2173,31,0,23,,,57,A
367512920,2022-01-03T02:49:07,29.92004,-89.95305,0.0,266.1,259.0,SANDPIPER,,WDG2173,31,0,23,,,57,A
367512920,2022-01-03T05:22:46,29.92006,-89.95308,0.0,255.4,257.0,SANDPIPER,,WDG2173,31,0,23,,,57,A
367512920,2022-01-03T05:40:36,29.92016,-89.95310,0.3,156.8,250.0,SANDPIPER,,WDG2173,31,0,23,,,57,A
367512920,2022-01-03T02:51:25,29.92006,-89.95305,0.1,327.4,259.0,SANDPIPER,,WDG2173,31,0,23,,,57,A
367512920,2022-01-03T05:44:06,29.92010,-89.95309,0.0,310.1,257.0,SANDPIPER,,WDG2173,31,0,23,,,57,A
367512920,2022-01-03T06:01:37,29.92008,-89.95307,0.2,172.9,258.0,SANDPIPER,,WDG2173,31,0,23,,,57,A
367512920,2022-01-03T06:13:16,29.92018,-89.95311,0.1,331.8,250.0,SANDPIPER,,WDG2173,31,0,23,,,57,A
367512920,2022-01-03T05:32:36,29.92011,-89.95310,0.1,164.8,253.0,SANDPIPER,,WDG2173,31,0,23,,,57,A
367512920,2022-01-03T05:51:25,29.92002,-89.95306,0.1,329.7,262.0,SANDPIPER,,WDG2173,31,0,23,,,57,A
367512920,2022-01-03T05:34:55,29.92013,-89.95311,0.0,269.2,254.0,SANDPIPER,,WDG2173,31,0,23,,,57,A
367512920,2022-01-03T05:47:46,29.92002,-89.95306,0.1,173.0,262.0,SANDPIPER,,WDG2173,31,0,23,,,57,A
367512920,2022-01-03T05:35:56,29.92013,-89.95310,0.0,190.1,254.0,SANDPIPER,,WDG2173,31,0,23,,,57,A
367512920,2022-01-03T05:46:36,29.92003,-89.95308,0.1,164.3,261.0,SANDPIPER,,WDG2173,31,0,23,,,57,A
367512920,2022-01-03T06:08:37,29.92010,-89.95310,0.1,331.3,256.0,SANDPIPER,,WDG2173,31,0,23,,,57,A
367512920,2022-01-03T05:57:15,29.92009,-89.95309,0.0,235.1,257.0,SANDPIPER,,WDG2173,31,0,23,,,57,A
367512920,2022-01-03T05:53:46,29.92014,-89.95311,0.2,330.1,254.0,SANDPIPER,,WDG2173,31,0,23,,,57,A
367512920,2022-01-03T05:56:06,29.92011,-89.95309,0.2,162.9,256.0,SANDPIPER,,WDG2173,31,0,23,,,57,A
367512920,2022-01-03T05:42:56,29.92010,-89.95310,0.1,350.4,256.0,SANDPIPER,,WDG2173,31,0,23,,,57,A
367512920,2022-01-03T05:58:16,29.92011,-89.95309,0.0,323.2,256.0,SANDPIPER,,WDG2173,31,0,23,,,57,A
367512920,2022-01-03T06:30:46,29.92011,-89.95310,0.1,327.5,255.0,SANDPIPER,,WDG2173,31,0,23,,,57,A
367512920,2022-01-03T06:06:15,29.92005,-89.95308,0.1,177.9,259.0,SANDPIPER,,WDG2173,31,0,23,,,57,A
367512920,2022-01-03T06:05:06,29.92005,-89.95307,0.1,339.6,260.0,SANDPIPER,,WDG2173,31,0,23,,,57,A
367512920,2022-01-03T06:07:25,29.92005,-89.95308,0.1,335.3,259.0,SANDPIPER,,WDG2173,31,0,23,,,57,A
367512920,2022-01-03T05:52:36,29.92006,-89.95308,0.2,340.9,259.0,SANDPIPER,,WDG2173,31,0,23,,,57,A
367512920,2022-01-03T06:12:06,29.92015,-89.95311,0.1,333.3,253.0,SANDPIPER,,WDG2173,31,0,23,,,57,A
367512920,2022-01-03T06:10:56,29.92011,-89.95308,0.1,332.2,255.0,SANDPIPER,,WDG2173,31,0,23,,,57,A
367512920,2022-01-03T05:59:26,29.92012,-89.95309,0.0,337.8,255.0,SANDPIPER,,WDG2173,31,0,23,,,57,A
367512920,2022-01-03T06:15:36,29.92014,-89.95311,0.0,170.5,253.0,SANDPIPER,,WDG2173,31,0,23,,,57,A
367512920,2022-01-03T06:14:25,29.92017,-89.95312,0.1,160.5,251.0,SANDPIPER,,WDG2173,31,0,23,,,57,A
367512920,2022-01-03T06:16:45,29.92016,-89.95312,0.0,311.2,252.0,SANDPIPER,,WDG2173,31,0,23,,,57,A
367512920,2022-01-03T06:19:07,29.92011,-89.95309,0.1,183.8,255.0,SANDPIPER,,WDG2173,31,0,23,,,57,A
367512920,2022-01-03T06:51:27,29.92009,-89.95308,0.1,320.9,254.0,SANDPIPER,,WDG2173,31,0,23,,,57,A
367512920,2022-01-03T06:20:16,29.92010,-89.95308,0.0,208.6,256.0,SANDPIPER,,WDG2173,31,0,23,,,57,A
367512920,2022-01-03T06:39:57,29.92013,-89.95311,0.0,212.4,253.0,SANDPIPER,,WDG2173,31,0,23,,,57,A
367512920,2022-01-03T06:23:45,29.92014,-89.95310,0.1,329.7,254.0,SANDPIPER,,WDG2173,31,0,23,,,57,A
367512920,2022-01-03T06:09:46,29.92011,-89.95310,0.0,32.7,256.0,SANDPIPER,,WDG2173,31,0,23,,,57,A
367512920,2022-01-03T06:24:46,29.92016,-89.95310,0.0,315.9,253.0,SANDPIPER,,WDG2173,31,0,23,,,57,A
367512920,2022-01-03T06:59:36,29.92008,-89.95308,0.1,166.9,257.0,SANDPIPER,,WDG2173,31,0,23,,,57,A
367512920,2022-01-03T06:34:06,29.92008,-89.95309,0.0,176.4,256.0,SANDPIPER,,WDG2173,31,0,23,,,57,A
367512920,2022-01-03T06:45:36,29.92003,-89.95308,0.0,314.4,260.0,SANDPIPER,,WDG2173,31,0,23,,,57,A
367512920,2022-01-03T06:29:36,29.92011,-89.95310,0.0,309.3,255.0,SANDPIPER,,WDG2173,31,0,23,,,57,A
367512920,2022-01-03T03:10:16,29.92008,-89.95307,0.0,186.1,257.0,SANDPIPER,,WDG2173,31,0,23,,,57,A
367512920,2022-01-03T06:36:27,29.92013,-89.95310,0.0,221.4,254.0,SANDPIPER,,WDG2173,31,0,23,,,57,A
367512920,2022-01-03T06:38:46,29.92015,-89.95311,0.0,332.4,252.0,SANDPIPER,,WDG2173,31,0,23,,,57,A
367512920,2022-01-03T06:32:57,29.92011,-89.95310,0.1,163.2,254.0,SANDPIPER,,WDG2173,31,0,23,,,57,A
367512920,2022-01-03T03:11:26,29.92002,-89.95304,0.3,170.1,261.0,SANDPIPER,,WDG2173,31,0,23,,,57,A
367512920,2022-01-03T06:17:56,29.92014,-89.95310,0.2,165.6,253.0,SANDPIPER,,WDG2173,31,0,23,,,57,A
367512920,2022-01-03T03:15:06,29.91993,-89.95303,0.0,299.9,268.0,SANDPIPER,,WDG2173,31,0,23,,,57,A
367512920,2022-01-03T03:16:16,29.91992,-89.95303,0.0,269.0,268.0,SANDPIPER,,WDG2173,31,0,23,,,57,A
367512920,2022-01-03T06:21:26,29.92010,-89.95309,0.0,302.7,257.0,SANDPIPER,,WDG2173,31,0,23,,,57,A
367512920,2022-01-03T06:22:35,29.92011,-89.95310,0.1,320.3,255.0,SANDPIPER,,WDG2173,31,0,23,,,57,A
367512920,2022-01-03T06:42:16,29.92011,-89.95309,0.1,178.9,255.0,SANDPIPER,,WDG2173,31,0,23,,,57,A
367512920,2022-01-03T06:43:17,29.92010,-89.95309,0.0,174.2,256.0,SANDPIPER,,WDG2173,31,0,23,,,57,A
367512920,2022-01-03T06:46:47,29.92007,-89.95309,0.1,332.2,257.0,SANDPIPER,,WDG2173,31,0,23,,,57,A
367512920,2022-01-03T06:26:05,29.92014,-89.95311,0.1,155.7,253.0,SANDPIPER,,WDG2173,31,0,23,,,57,A
367512920,2022-01-03T06:58:27,29.92014,-89.95312,0.1,161.9,254.0,SANDPIPER,,WDG2173,31,0,23,,,57,A
367512920,2022-01-03T06:44:27,29.92005,-89.95308,0.2,169.0,258.0,SANDPIPER,,WDG2173,31,0,23,,,57,A
367512920,2022-01-03T03:22:26,29.91991,-89.95303,0.0,320.2,269.0,SANDPIPER,,WDG2173,31,0,23,,,57,A
367512920,2022-01-03T06:50:16,29.92009,-89.95307,0.1,170.5,255.0,SANDPIPER,,WDG2173,31,0,23,,,57,A
367512920,2022-01-03T06:31:55,29.92013,-89.95310,0.1,341.5,254.0,SANDPIPER,,WDG2173,31,0,23,,,57,A
367512920,2022-01-03T07:05:15,29.92011,-89.95310,0.1,351.5,255.0,SANDPIPER,,WDG2173,31,0,23,,,57,A
367512920,2022-01-03T07:23:05,29.92004,-89.95308,0.1,169.5,258.0,SANDPIPER,,WDG2173,31,0,23,,,57,A
367512920,2022-01-03T06:35:17,29.92011,-89.95310,0.1,332.8,255.0,SANDPIPER,,WDG2173,31,0,23,,,57,A
367512920,2022-01-03T07:08:36,29.92008,-89.95309,0.1,166.9,256.0,SANDPIPER,,WDG2173,31,0,23,,,57,A
367512920,2022-01-03T06:37:37,29.92012,-89.95311,0.1,324.8,254.0,SANDPIPER,,WDG2173,31,0,23,,,57,A
367512920,2022-01-03T06:54:55,29.92014,-89.95311,0.1,160.5,252.0,SANDPIPER,,WDG2173,31,0,23,,,57,A
367512920,2022-01-03T06:57:16,29.92015,-89.95312,0.0,309.6,252.0,SANDPIPER,,WDG2173,31,0,23,,,57,A
367512920,2022-01-03T07:33:26,29.92018,-89.95313,0.0,332.8,253.0,SANDPIPER,,WDG2173,31,0,23,,,57,A
367512920,2022-01-03T07:04:07,29.92009,-89.95308,0.1,321.1,256.0,SANDPIPER,,WDG2173,31,0,23,,,57,A
367512920,2022-01-03T07:35:47,29.92015,-89.95313,0.1,157.3,253.0,SANDPIPER,,WDG2173,31,0,23,,,57,A
367512920,2022-01-03T06:47:56,29.92011,-89.95309,0.1,325.7,254.0,SANDPIPER,,WDG2173,31,0,23,,,57,A
367512920,2022-01-03T07:07:35,29.92012,-89.95310,0.2,162.0,255.0,SANDPIPER,,WDG2173,31,0,23,,,57,A
367512920,2022-01-03T07:01:36,29.92008,-89.95309,0.1,171.0,257.0,SANDPIPER,,WDG2173,31,0,23,,,57,A
367512920,2022-01-03T07:02:46,29.92006,-89.95307,0.0,205.5,258.0,SANDPIPER,,WDG2173,31,0,23,,,57,A
367512920,2022-01-03T07:21:56,29.92009,-89.95310,0.2,164.3,257.0,SANDPIPER,,WDG2173,31,0,23,,,57,A
367512920,2022-01-03T06:52:37,29.92012,-89.95310,0.1,329.7,253.0,SANDPIPER,,WDG2173,31,0,23,,,57,A
367512920,2022-01-03T07:12:15,29.92009,-89.95308,0.1,353.5,254.0,SANDPIPER,,WDG2173,31,0,23,,,57,A
367512920,2022-01-03T06:53:45,29.92015,-89.95313,0.1,340.0,252.0,SANDPIPER,,WDG2173,31,0,23,,,57,A
367512920,2022-01-03T07:42:46,29.92022,-89.95315,0.1,336.6,248.0,SANDPIPER,,WDG2173,31,0,23,,,57,A
367512920,2022-01-03T06:56:07,29.92014,-89.95312,0.0,319.9,254.0,SANDPIPER,,WDG2173,31,0,23,,,57,A
367512920,2022-01-03T07:26:26,29.92019,-89.95313,0.0,45.1,251.0,SANDPIPER,,WDG2173,31,0,23,,,57,A
367512920,2022-01-03T07:16:06,29.92011,-89.95309,0.0,160.7,255.0,SANDPIPER,,WDG2173,31,0,23,,,57,A
367512920,2022-01-03T07:09:47,29.92006,-89.95306,0.0,324.7,256.0,SANDPIPER,,WDG2173,31,0,23,,,57,A
367512920,2022-01-03T07:47:17,29.92023,-89.95315,0.0,141.7,248.0,SANDPIPER,,WDG2173,31,0,23,,,57,A
367512920,2022-01-03T07:19:36,29.92015,-89.95311,0.1,336.5,253.0,SANDPIPER,,WDG2173,31,0,23,,,57,A
367512920,2022-01-03T07:18:26,29.92011,-89.95309,0.0,193.5,254.0,SANDPIPER,,WDG2173,31,0,23,,,57,A
367512920,2022-01-03T03:39:36,29.91990,-89.95303,0.0,250.3,269.0,SANDPIPER,,WDG2173,31,0,23,,,57,A
367512920,2022-01-03T07:51:55,29.92024,-89.95316,0.0,158.4,246.0,SANDPIPER,,WDG2173,31,0,23,,,57,A
367512920,2022-01-03T07:17:16,29.92012,-89.95310,0.0,307.6,255.0,SANDPIPER,,WDG2173,31,0,23,,,57,A
367512920,2022-01-03T07:25:17,29.92016,-89.95312,0.2,333.9,252.0,SANDPIPER,,WDG2173,31,0,23,,,57,A
367512920,2022-01-03T07:37:06,29.92016,-89.95312,0.1,339.1,254.0,SANDPIPER,,WDG2173,31,0,23,,,57,A
367512920,2022-01-03T07:24:16,29.92010,-89.95310,0.2,337.1,255.0,SANDPIPER,,WDG2173,31,0,23,,,57,A
367512920,2022-01-03T08:03:46,29.92024,-89.95316,0.0,118.9,246.0,SANDPIPER,,WDG2173,31,0,23,,,57,A
367512920,2022-01-03T07:13:16,29.92009,-89.95309,0.0,67.0,255.0,SANDPIPER,,WDG2173,31,0,23,,,57,A
367512920,2022-01-03T08:06:07,29.92022,-89.95316,0.0,169.5,247.0,SANDPIPER,,WDG2173,31,0,23,,,57,A
367512920,2022-01-03T07:32:16,29.92018,-89.95314,0.0,177.2,252.0,SANDPIPER,,WDG2173,31,0,23,,,57,A
367512920,2022-01-03T07:29:57,29.92013,-89.95311,0.0,169.9,255.0,SANDPIPER,,WDG2173,31,0,23,,,57,A
367512920,2022-01-03T07:49:37,29.92023,-89.95316,0.0,325.6,247.0,SANDPIPER,,WDG2173,31,0,23,,,57,A
367512920,2022-01-03T07:34:36,29.92017,-89.95313,0.1,165.2,252.0,SANDPIPER,,WDG2173,31,0,23,,,57,A
367512920,2022-01-03T07:20:46,29.92013,-89.95311,0.0,248.9,254.0,SANDPIPER,,WDG2173,31,0,23,,,57,A
367512920,2022-01-03T07:38:15,29.92016,-89.95312,0.1,129.3,253.0,SANDPIPER,,WDG2173,31,0,23,,,57,A
367512920,2022-01-03T07:40:26,29.92019,-89.95313,0.1,335.9,251.0,SANDPIPER,,WDG2173,31,0,23,,,57,A
367512920,2022-01-03T07:39:16,29.92017,-89.95312,0.0,6.6,252.0,SANDPIPER,,WDG2173,31,0,23,,,57,A
367512920,2022-01-03T07:58:37,29.92025,-89.95317,0.0,166.1,245.0,SANDPIPER,,WDG2173,31,0,23,,,57,A
367512920,2022-01-03T07:59:46,29.92026,-89.95317,0.0,204.2,245.0,SANDPIPER,,WDG2173,31,0,23,,,57,A
367512920,2022-01-03T07:44:56,29.92026,-89.95316,0.1,339.8,246.0,SANDPIPER,,WDG2173,31,0,23,,,57,A
367512920,2022-01-03T03:53:26,29.91994,-89.95305,0.0,298.5,266.0,SANDPIPER,,WDG2173,31,0,23,,,57,A
367512920,2022-01-03T07:48:26,29.92022,-89.95316,0.1,152.1,247.0,SANDPIPER,,WDG2173,31,0,23,,,57,A
367512920,2022-01-03T08:32:56,29.92027,-89.95318,0.1,150.2,244.0,SANDPIPER,,WDG2173,31,0,23,,,57,A
367512920,2022-01-03T07:57:26,29.92025,-89.95317,0.0,341.2,246.0,SANDPIPER,,WDG2173,31,0,23,,,57,A
367512920,2022-01-03T07:46:06,29.92027,-89.95317,0.1,147.2,247.0,SANDPIPER,,WDG2173,31,0,23,,,57,A
367512920,2022-01-03T08:01:36,29.92024,-89.95316,0.1,337.3,246.0,SANDPIPER,,WDG2173,31,0,23,,,57,A
367512920,2022-01-03T08:02:37,29.92024,-89.95316,0.1,134.4,246.0,SANDPIPER,,WDG2173,31,0,23,,,57,A
367512920,2022-01-03T07:50:45,29.92024,-89.95316,0.1,346.8,246.0,SANDPIPER,,WDG2173,31,0,23,,,57,A
367512920,2022-01-03T03:59:16,29.91996,-89.95305,0.1,343.2,265.0,SANDPIPER,,WDG2173,31,0,23,,,57,A
367512920,2022-01-03T08:20:17,29.92019,-89.95314,0.0,203.7,249.0,SANDPIPER,,WDG2173,31,0,23,,,57,A
367512920,2022-01-03T08:09:36,29.92025,-89.95316,0.1,159.5,246.0,SANDPIPER,,WDG2173,31,0,23,,,57,A
367512920,2022-01-03T08:07:17,29.92024,-89.95316,0.1,328.5,247.0,SANDPIPER,,WDG2173,31,0,23,,,57,A
367512920,2022-01-03T07:56:17,29.92024,-89.95316,0.0,126.9,246.0,SANDPIPER,,WDG2173,31,0,23,,,57,A
367512920,2022-01-03T08:11:07,29.92021,-89.95315,0.0,210.2,249.0,SANDPIPER,,WDG2173,31,0,23,,,57,A
367512920,2022-01-03T08:16:56,29.92023,-89.95316,0.0,197.0,247.0,SANDPIPER,,WDG2173,31,0,23,,,57,A
367512920,2022-01-03T08:13:25,29.92023,-89.95315,0.1,164.0,247.0,SANDPIPER,,WDG2173,31,0,23,,,57,A
367512920,2022-01-03T08:53:06,29.92020,-89.95314,0.1,157.5,248.0,SANDPIPER,,WDG2173,31,0,23,,,57,A
367512920,2022-01-03T08:00:26,29.92024,-89.95316,0.1,140.4,246.0,SANDPIPER,,WDG2173,31,0,23,,,57,A
367512920,2022-01-03T08:18:07,29.92021,-89.95316,0.1,153.2,248.0,SANDPIPER,,WDG2173,31,0,23,,,57,A
367512920,2022-01-03T08:57:46,29.92018,-89.95312,0.1,165.7,250.0,SANDPIPER,,WDG2173,31,0,23,,,57,A
367512920,2022-01-03T09:01:25,29.92017,-89.95313,0.1,170.9,249.0,SANDPIPER,,WDG2173,31,0,23,,,57,A
367512920,2022-01-03T08:04:57,29.92023,-89.95316,0.0,247.6,247.0,SANDPIPER,,WDG2173,31,0,23,,,57,A
367512920,2022-01-03T08:23:56,29.92027,-89.95320,0.2,327.4,243.0,SANDPIPER,,WDG2173,31,0,23,,,57,A
367512920,2022-01-03T08:25:06,29.92029,-89.95321,0.1,155.9,241.0,SANDPIPER,,WDG2173,31,0,23,,,57,A
367512920,2022-01-03T08:21:36,29.92025,-89.95317,0.1,324.0,246.0,SANDPIPER,,WDG2173,31,0,23,,,57,A
367512920,2022-01-03T08:08:25,29.92025,-89.95316,0.0,299.7,246.0,SANDPIPER,,WDG2173,31,0,23,,,57,A
367512920,2022-01-03T08:27:17,29.92025,-89.95318,0.0,130.5,245.0,SANDPIPER,,WDG2173,31,0,23,,,57,A
367512920,2022-01-03T08:28:26,29.92023,-89.95318,0.0,233.3,246.0,SANDPIPER,,WDG2173,31,0,23,,,57,A
367512920,2022-01-03T08:12:17,29.92022,-89.95315,0.1,313.1,248.0,SANDPIPER,,WDG2173,31,0,23,,,57,A
367512920,2022-01-03T08:30:37,29.92028,-89.95319,0.1,314.1,243.0,SANDPIPER,,WDG2173,31,0,23,,,57,A
367512920,2022-01-03T09:09:37,29.92018,-89.95313,0.1,156.7,251.0,SANDPIPER,,WDG2173,31,0,23,,,57,A
367512920,2022-01-03T08:43:56,29.92017,-89.95314,0.0,327.3,251.0,SANDPIPER,,WDG2173,31,0,23,,,57,A
367512920,2022-01-03T08:29:27,29.92024,-89.95319,0.1,316.4,245.0,SANDPIPER,,WDG2173,31,0,23,,,57,A
367512920,2022-01-03T09:13:05,29.92023,-89.95317,0.1,159.7,248.0,SANDPIPER,,WDG2173,31,0,23,,,57,A
367512920,2022-01-03T08:35:37,29.92019,-89.95314,0.1,161.5,249.0,SANDPIPER,,WDG2173,31,0,23,,,57,A
367512920,2022-01-03T09:15:26,29.92022,-89.95316,0.0,261.9,249.0,SANDPIPER,,WDG2173,31,0,23,,,57,A
367512920,2022-01-03T08:19:16,29.92020,-89.95315,0.0,233.5,248.0,SANDPIPER,,WDG2173,31,0,23,,,57,A
367512920,2022-01-03T04:12:27,29.92005,-89.95308,0.0,330.4,259.0,SANDPIPER,,WDG2173,31,0,23,,,57,A
367512920,2022-01-03T08:40:27,29.92023,-89.95316,0.0,164.5,246.0,SANDPIPER,,WDG2173,31,0,23,,,57,A
367512920,2022-01-03T08:38:06,29.92022,-89.95315,0.1,325.2,246.0,SANDPIPER,,WDG2173,31,0,23,,,57,A
367512920,2022-01-03T09:17:46,29.92019,-89.95315,0.0,164.8,251.0,SANDPIPER,,WDG2173,31,0,23,,,57,A
367512920,2022-01-03T08:34:26,29.92022,-89.95316,0.2,157.5,246.0,SANDPIPER,,WDG2173,31,0,23,,,57,A
367512920,2022-01-03T08:42:47,29.92019,-89.95315,0.1,157.5,249.0,SANDPIPER,,WDG2173,31,0,23,,,57,A
367512920,2022-01-03T08:22:46,29.92026,-89.95319,0.0,166.0,245.0,SANDPIPER,,WDG2173,31,0,23,,,57,A
367512920,2022-01-03T08:46:15,29.92020,-89.95314,0.0,318.9,249.0,SANDPIPER,,WDG2173,31,0,23,,,57,A
367512920,2022-01-03T08:47:16,29.92018,-89.95314,0.0,159.4,249.0,SANDPIPER,,WDG2173,31,0,23,,,57,A
367512920,2022-01-03T09:28:07,29.92016,-89.95313,0.1,333.7,253.0,SANDPIPER,,WDG2173,31,0,23,,,57,A
367512920,2022-01-03T08:48:27,29.92017,-89.95313,0.1,172.0,250.0,SANDPIPER,,WDG2173,31,0,23,,,57,A
367512920,2022-01-03T08:41:36,29.92023,-89.95316,0.0,310.2,246.0,SANDPIPER,,WDG2173,31,0,23,,,57,A
367512920,2022-01-03T08:49:37,29.92018,-89.95314,0.1,336.0,250.0,SANDPIPER,,WDG2173,31,0,23,,,57,A
367512920,2022-01-03T08:31:46,29.92028,-89.95319,0.0,278.0,243.0,SANDPIPER,,WDG2173,31,0,23,,,57,A
367512920,2022-01-03T09:33:47,29.92017,-89.95314,0.0,292.6,252.0,SANDPIPER,,WDG2173,31,0,23,,,57,A
367512920,2022-01-03T08:50:46,29.92019,-89.95314,0.0,313.4,248.0,SANDPIPER,,WDG2173,31,0,23,,,57,A
367512920,2022-01-03T08:51:57,29.92020,-89.95314,0.1,319.4,248.0,SANDPIPER,,WDG2173,31,0,23,,,57,A
367512920,2022-01-03T09:39:36,29.92018,-89.95315,0.1,321.5,251.0,SANDPIPER,,WDG2173,31,0,23,,,57,A
367512920,2022-01-03T08:39:16,29.92024,-89.95316,0.1,347.1,246.0,SANDPIPER,,WDG2173,31,0,23,,,57,A
367512920,2022-01-03T04:27:46,29.92010,-89.95309,0.0,273.2,253.0,SANDPIPER,,WDG2173,31,0,23,,,57,A
367512920,2022-01-03T09:08:27,29.92021,-89.95315,0.1,144.4,248.0,SANDPIPER,,WDG2173,31,0,23,,,57,A
367512920,2022-01-03T08:54:17,29.92019,-89.95313,0.0,143.5,248.0,SANDPIPER,,WDG2173,31,0,23,,,57,A
367512920,2022-01-03T09:43:05,29.92014,-89.95312,0.1,164.3,255.0,SANDPIPER,,WDG2173,31,0,23,,,57,A
367512920,2022-01-03T09:04:56,29.92023,-89.95316,0.1,328.8,245.0,SANDPIPER,,WDG2173,31,0,23,,,57,A
367512920,2022-01-03T09:44:16,29.92014,-89.95312,0.0,263.6,255.0,SANDPIPER,,WDG2173,31,0,23,,,57,A
367512920,2022-01-03T08:58:47,29.92020,-89.95313,0.1,323.0,248.0,SANDPIPER,,WDG2173,31,0,23,,,57,A
367512920,2022-01-03T08:45:07,29.92019,-89.95314,0.1,324.5,249.0,SANDPIPER,,WDG2173,31,0,23,,,57,A
367512920,2022-01-03T09:03:47,29.92017,-89.95313,0.2,332.4,249.0,SANDPIPER,,WDG2173,31,0,23,,,57,A
367512920,2022-01-03T08:59:56,29.92016,-89.95312,0.0,185.5,249.0,SANDPIPER,,WDG2173,31,0,23,,,57,A
367512920,2022-01-03T09:51:06,29.92020,-89.95315,0.0,303.7,250.0,SANDPIPER,,WDG2173,31,0,23,,,57,A
367512920,2022-01-03T09:53:27,29.92026,-89.95318,0.0,304.4,245.0,SANDPIPER,,WDG2173,31,0,23,,,57,A
367512920,2022-01-03T09:10:46,29.92018,-89.95313,0.2,330.6,248.0,SANDPIPER,,WDG2173,31,0,23,,,57,A
367512920,2022-01-03T09:20:07,29.92023,-89.95316,0.0,357.9,249.0,SANDPIPER,,WDG2173,31,0,23,,,57,A
367512920,2022-01-03T09:14:17,29.92022,-89.95316,0.0,300.8,249.0,SANDPIPER,,WDG2173,31,0,23,,,57,A
367512920,2022-01-03T09:16:36,29.92019,-89.95314,0.0,298.6,250.0,SANDPIPER,,WDG2173,31,0,23,,,57,A
367512920,2022-01-03T09:11:57,29.92023,-89.95317,0.0,299.9,247.0,SANDPIPER,,WDG2173,31,0,23,,,57,A
367512920,2022-01-03T09:26:56,29.92016,-89.95312,0.0,165.6,252.0,SANDPIPER,,WDG2173,31,0,23,,,57,A
367512920,2022-01-03T09:30:26,29.92018,-89.95314,0.0,178.7,252.0,SANDPIPER,,WDG2173,31,0,23,,,57,A
367512920,2022-01-03T09:00:16,29.92016,-89.95313,0.1,328.6,249.0,SANDPIPER,,WDG2173,31,0,23,,,57,A
367512920,2022-01-03T09:02:37,29.92015,-89.95311,0.1,155.2,252.0,SANDPIPER,,WDG2173,31,0,23,,,57,A
367512920,2022-01-03T09:18:56,29.92019,-89.95315,0.1,338.1,250.0,SANDPIPER,,WDG2173,31,0,23,,,57,A
367512920,2022-01-03T04:37:07,29.92007,-89.95309,0.1,334.5,259.0,SANDPIPER,,WDG2173,31,0,23,,,57,A
367512920,2022-01-03T10:09:05,29.92019,-89.95314,0.0,299.6,251.0,SANDPIPER,,WDG2173,31,0,23,,,57,A
367512920,2022-01-03T09:23:36,29.92021,-89.95316,0.2,153.4,250.0,SANDPIPER,,WDG2173,31,0,23,,,57,A
367512920,2022-01-03T09:22:26,29.92025,-89.95318,0.1,328.0,247.0,SANDPIPER,,WDG2173,31,0,23,,,57,A
367512920,2022-01-03T09:21:15,29.92023,-89.95317,0.1,328.7,248.0,SANDPIPER,,WDG2173,31,0,23,,,57,A
367512920,2022-01-03T09:25:55,29.92016,-89.95313,0.1,166.4,252.0,SANDPIPER,,WDG2173,31,0,23,,,57,A
367512920,2022-01-03T09:06:07,29.92025,-89.95317,0.1,156.4,245.0,SANDPIPER,,WDG2173,31,0,23,,,57,A
367512920,2022-01-03T09:24:47,29.92019,-89.95315,0.1,164.5,251.0,SANDPIPER,,WDG2173,31,0,23,,,57,A
367512920,2022-01-03T04:40:47,29.92005,-89.95308,0.0,199.0,259.0,SANDPIPER,,WDG2173,31,0,23,,,57,A
367512920,2022-01-03T10:13:36,29.92023,-89.95317,0.1,165.3,248.0,SANDPIPER,,WDG2173,31,0,23,,,57,A
367512920,2022-01-03T09:32:45,29.92018,-89.95313,0.1,324.9,252.0,SANDPIPER,,WDG2173,31,0,23,,,57,A
367512920,2022-01-03T09:37:16,29.92020,-89.95313,0.1,150.2,251.0,SANDPIPER,,WDG2173,31,0,23,,,57,A
367512920,2022-01-03T09:34:55,29.92020,-89.95315,0.1,321.2,250.0,SANDPIPER,,WDG2173,31,0,23,,,57,A
367512920,2022-01-03T09:40:45,29.92020,-89.95315,0.0,311.7,250.0,SANDPIPER,,WDG2173,31,0,23,,,57,A
367512920,2022-01-03T09:41:56,29.92018,-89.95314,0.2,162.5,251.0,SANDPIPER,,WDG2173,31,0,23,,,57,A
367512920,2022-01-03T09:38:26,29.92017,-89.95313,0.0,329.8,252.0,SANDPIPER,,WDG2173,31,0,23,,,57,A
367512920,2022-01-03T09:29:16,29.92018,-89.95313,0.0,200.9,252.0,SANDPIPER,,WDG2173,31,0,23,,,57,A
367512920,2022-01-03T09:45:26,29.92017,-89.95314,0.2,331.0,252.0,SANDPIPER,,WDG2173,31,0,23,,,57,A
367512920,2022-01-03T09:31:37,29.92018,-89.95313,0.0,309.5,253.0,SANDPIPER,,WDG2173,31,0,23,,,57,A
367512920,2022-01-03T09:54:36,29.92026,-89.95318,0.0,267.4,246.0,SANDPIPER,,WDG2173,31,0,23,,,57,A
367512920,2022-01-03T04:52:26,29.92011,-89.95310,0.0,216.5,255.0,SANDPIPER,,WDG2173,31,0,23,,,57,A
367512920,2022-01-03T09:46:37,29.92020,-89.95314,0.0,316.1,251.0,SANDPIPER,,WDG2173,31,0,23,,,57,A
367512920,2022-01-03T10:36:47,29.92023,-89.95315,0.1,331.8,248.0,SANDPIPER,,WDG2173,31,0,23,,,57,A
367512920,2022-01-03T10:00:57,29.92021,-89.95315,0.0,293.4,250.0,SANDPIPER,,WDG2173,31,0,23,,,57,A
367512920,2022-01-03T04:53:36,29.92008,-89.95309,0.1,171.9,257.0,SANDPIPER,,WDG2173,31,0,23,,,57,A
367512920,2022-01-03T09:36:06,29.92021,-89.95315,0.0,297.9,249.0,SANDPIPER,,WDG2173,31,0,23,,,57,A
367512920,2022-01-03T10:41:26,29.92023,-89.95315,0.1,327.3,247.0,SANDPIPER,,WDG2173,31,0,23,,,57,A
367512920,2022-01-03T10:07:55,29.92023,-89.95316,0.1,154.0,249.0,SANDPIPER,,WDG2173,31,0,23,,,57,A
367512920,2022-01-03T10:12:25,29.92024,-89.95316,0.0,182.7,247.0,SANDPIPER,,WDG2173,31,0,23,,,57,A
367512920,2022-01-03T10:02:07,29.92023,-89.95316,0.1,320.7,249.0,SANDPIPER,,WDG2173,31,0,23,,,57,A
367512920,2022-01-03T10:48:17,29.92028,-89.95319,0.1,315.3,242.0,SANDPIPER,,WDG2173,31,0,23,,,57,A
367512920,2022-01-03T09:47:45,29.92020,-89.95315,0.0,218.0,250.0,SANDPIPER,,WDG2173,31,0,23,,,57,A
367512920,2022-01-03T09:48:46,29.92020,-89.95314,0.0,198.3,250.0,SANDPIPER,,WDG2173,31,0,23,,,57,A
367512920,2022-01-03T10:10:15,29.92022,-89.95315,0.2,329.1,249.0,SANDPIPER,,WDG2173,31,0,23,,,57,A
367512920,2022-01-03T09:49:56,29.92020,-89.95315,0.0,216.4,250.0,SANDPIPER,,WDG2173,31,0,23,,,57,A
367512920,2022-01-03T10:03:16,29.92024,-89.95316,0.1,318.5,247.0,SANDPIPER,,WDG2173,31,0,23,,,57,A
367512920,2022-01-03T09:52:15,29.92023,-89.95317,0.2,324.3,248.0,SANDPIPER,,WDG2173,31,0,23,,,57,A
367512920,2022-01-03T10:06:45,29.92025,-89.95316,0.0,346.5,248.0,SANDPIPER,,WDG2173,31,0,23,,,57,A
367512920,2022-01-03T10:05:36,29.92024,-89.95317,0.0,322.5,247.0,SANDPIPER,,WDG2173,31,0,23,,,57,A
367512920,2022-01-03T10:11:16,29.92025,-89.95317,0.0,289.0,247.0,SANDPIPER,,WDG2173,31,0,23,,,57,A
367512920,2022-01-03T09:55:46,29.92028,-89.95319,0.0,287.5,245.0,SANDPIPER,,WDG2173,31,0,23,,,57,A
367512920,2022-01-03T09:56:56,29.92028,-89.95319,0.1,156.4,246.0,SANDPIPER,,WDG2173,31,0,23,,,57,A
367512920,2022-01-03T10:17:05,29.92020,-89.95314,0.1,332.6,250.0,SANDPIPER,,WDG2173,31,0,23,,,57,A
367512920,2022-01-03T10:14:46,29.92019,-89.95314,0.1,176.1,250.0,SANDPIPER,,WDG2173,31,0,23,,,57,A
367512920,2022-01-03T10:27:07,29.92027,-89.95318,0.1,321.7,244.0,SANDPIPER,,WDG2173,31,0,23,,,57,A
367512920,2022-01-03T10:15:57,29.92018,-89.95312,0.0,224.5,251.0,SANDPIPER,,WDG2173,31,0,23,,,57,A
367512920,2022-01-03T10:21:27,29.92023,-89.95316,0.1,175.1,247.0,SANDPIPER,,WDG2173,31,0,23,,,57,A
367512920,2022-01-03T10:04:26,29.92022,-89.95316,0.0,156.9,248.0,SANDPIPER,,WDG2173,31,0,23,,,57,A
367512920,2022-01-03T10:22:36,29.92020,-89.95314,0.0,241.9,249.0,SANDPIPER,,WDG2173,31,0,23,,,57,A
367512920,2022-01-03T05:15:57,29.92004,-89.95306,0.1,169.7,258.0,SANDPIPER,,WDG2173,31,0,23,,,57,A
367512920,2022-01-03T10:18:07,29.92021,-89.95315,0.0,272.4,248.0,SANDPIPER,,WDG2173,31,0,23,,,57,A
367512920,2022-01-03T10:19:17,29.92023,-89.95316,0.1,330.6,247.0,SANDPIPER,,WDG2173,31,0,23,,,57,A
367512920,2022-01-03T10:29:26,29.92026,-89.95318,0.0,172.1,245.0,SANDPIPER,,WDG2173,31,0,23,,,57,A
367512920,2022-01-03T10:39:06,29.92024,-89.95316,0.0,315.9,246.0,SANDPIPER,,WDG2173,31,0,23,,,57,A
367512920,2022-01-03T10:42:37,29.92024,-89.95316,0.0,143.3,245.0,SANDPIPER,,WDG2173,31,0,23,,,57,A
367512920,2022-01-03T10:30:36,29.92023,-89.95316,0.0,326.4,246.0,SANDPIPER,,WDG2173,31,0,23,,,57,A
367512920,2022-01-03T10:37:57,29.92023,-89.95315,0.0,32.5,246.0,SANDPIPER,,WDG2173,31,0,23,,,57,A
367512920,2022-01-03T10:20:26,29.92025,-89.95316,0.0,267.5,246.0,SANDPIPER,,WDG2173,31,0,23,,,57,A
367512920,2022-01-03T10:31:46,29.92026,-89.95318,0.0,336.7,243.0,SANDPIPER,,WDG2173,31,0,23,,,57,A
367512920,2022-01-03T10:23:46,29.92022,-89.95315,0.0,330.4,247.0,SANDPIPER,,WDG2173,31,0,23,,,57,A
367512920,2022-01-03T10:35:36,29.92022,-89.95316,0.1,156.9,247.0,SANDPIPER,,WDG2173,31,0,23,,,57,A
367512920,2022-01-03T10:24:55,29.92023,-89.95315,0.1,335.8,247.0,SANDPIPER,,WDG2173,31,0,23,,,57,A
367512920,2022-01-03T10:49:26,29.92028,-89.95319,0.0,314.1,242.0,SANDPIPER,,WDG2173,31,0,23,,,57,A
367512920,2022-01-03T10:51:45,29.92025,-89.95317,0.1,319.9,244.0,SANDPIPER,,WDG2173,31,0,23,,,57,A
367512920,2022-01-03T10:40:16,29.92022,-89.95315,0.0,143.2,247.0,SANDPIPER,,WDG2173,31,0,23,,,57,A
367512920,2022-01-03T05:31:27,29.92011,-89.95309,0.1,339.0,254.0,SANDPIPER,,WDG2173,31,0,23,,,57,A
367512920,2022-01-03T10:33:57,29.92022,-89.95316,0.1,342.6,247.0,SANDPIPER,,WDG2173,31,0,23,,,57,A
367512920,2022-01-03T10:43:47,29.92026,-89.95317,0.1,333.2,244.0,SANDPIPER,,WDG2173,31,0,23,,,57,A
367512920,2022-01-03T10:46:06,29.92021,-89.95314,0.1,325.6,247.0,SANDPIPER,,WDG2173,31,0,23,,,57,A
367512920,2022-01-03T11:00:56,29.92022,-89.95315,0.0,265.7,247.0,SANDPIPER,,WDG2173,31,0,23,,,57,A
367512920,2022-01-03T10:50:36,29.92026,-89.95318,0.1,156.1,243.0,SANDPIPER,,WDG2173,31,0,23,,,57,A
367512920,2022-01-03T10:47:07,29.92025,-89.95316,0.1,325.4,245.0,SANDPIPER,,WDG2173,31,0,23,,,57,A
367512920,2022-01-03T11:04:26,29.92021,-89.95315,0.0,295.9,248.0,SANDPIPER,,WDG2173,31,0,23,,,57,A
367512920,2022-01-03T11:44:05,29.91662,-89.97004,0.0,198.1,231.0,SANDPIPER,,WDG2173,31,0,23,,,57,A
367512920,2022-01-03T11:46:16,29.91661,-89.97003,0.0,154.6,232.0,SANDPIPER,,WDG2173,31,0,23,,,57,A
367512920,2022-01-03T11:47:25,29.91660,-89.97002,0.0,309.8,233.0,SANDPIPER,,WDG2173,31,0,23,,,57,A
367512920,2022-01-03T10:55:17,29.92031,-89.95321,0.1,153.2,240.0,SANDPIPER,,WDG2173,31,0,23,,,57,A
367512920,2022-01-03T10:52:56,29.92030,-89.95321,0.1,316.8,241.0,SANDPIPER,,WDG2173,31,0,23,,,57,A
367512920,2022-01-03T10:54:07,29.92032,-89.95323,0.1,319.8,240.0,SANDPIPER,,WDG2173,31,0,23,,,57,A
367512920,2022-01-03T05:38:16,29.92016,-89.95311,0.0,159.6,251.0,SANDPIPER,,WDG2173,31,0,23,,,57,A
367512920,2022-01-03T11:15:36,29.92039,-89.95329,0.2,312.3,233.0,SANDPIPER,,WDG2173,31,0,23,,,57,A
367512920,2022-01-03T10:59:56,29.92020,-89.95315,0.1,325.7,248.0,SANDPIPER,,WDG2173,31,0,23,,,57,A
367512920,2022-01-03T11:03:16,29.92022,-89.95316,0.1,153.4,247.0,SANDPIPER,,WDG2173,31,0,23,,,57,A
367512920,2022-01-03T11:18:47,29.92069,-89.95534,4.3,265.8,276.0,SANDPIPER,,WDG2173,31,0,23,,,57,A
367512920,2022-01-03T10:57:37,29.92032,-89.95323,0.4,145.7,239.0,SANDPIPER,,WDG2173,31,0,23,,,57,A
367512920,2022-01-03T11:19:56,29.92073,-89.95717,5.3,273.5,276.0,SANDPIPER,,WDG2173,31,0,23,,,57,A
367512920,2022-01-03T11:24:37,29.91983,-89.96509,6.2,240.4,248.0,SANDPIPER,,WDG2173,31,0,23,,,57,A
367512920,2022-01-03T11:02:06,29.92023,-89.95316,0.0,306.9,246.0,SANDPIPER,,WDG2173,31,0,23,,,57,A
367512920,2022-01-03T11:09:06,29.92024,-89.95317,0.0,289.9,246.0,SANDPIPER,,WDG2173,31,0,23,,,57,A
367512920,2022-01-03T11:10:07,29.92025,-89.95317,0.0,170.9,246.0,SANDPIPER,,WDG2173,31,0,23,,,57,A
367512920,2022-01-03T12:01:15,29.91498,-89.97224,0.1,148.2,233.0,SANDPIPER,,WDG2173,31,0,23,,,57,A
367512920,2022-01-03T11:12:25,29.92028,-89.95319,0.0,182.4,243.0,SANDPIPER,,WDG2173,31,0,23,,,57,A
367512920,2022-01-03T11:30:16,29.91670,-89.96996,0.5,216.4,231.0,SANDPIPER,,WDG2173,31,0,23,,,57,A
367512920,2022-01-03T11:13:26,29.92028,-89.95320,0.0,291.0,243.0,SANDPIPER,,WDG2173,31,0,23,,,57,A
367512920,2022-01-03T11:06:47,29.92025,-89.95317,0.1,321.1,245.0,SANDPIPER,,WDG2173,31,0,23,,,57,A
367512920,2022-01-03T11:21:16,29.92072,-89.95945,5.4,267.6,273.0,SANDPIPER,,WDG2173,31,0,23,,,57,A
367512920,2022-01-03T11:14:35,29.92034,-89.95325,0.3,324.0,238.0,SANDPIPER,,WDG2173,31,0,23,,,57,A
367512920,2022-01-03T11:11:17,29.92027,-89.95318,0.2,326.9,245.0,SANDPIPER,,WDG2173,31,0,23,,,57,A
367512920,2022-01-03T11:16:40,29.92054,-89.95231,2.5,96.3,266.0,SANDPIPER,,WDG2173,31,0,23,,,57,A
367512920,2022-01-03T11:33:47,29.91661,-89.97002,0.1,312.8,233.0,SANDPIPER,,WDG2173,31,0,23,,,57,A
367512920,2022-01-03T12:09:37,29.91498,-89.97223,0.0,193.7,233.0,SANDPIPER,,WDG2173,31,0,23,,,57,A
367512920,2022-01-03T11:26:46,29.91812,-89.96799,4.1,224.2,233.0,SANDPIPER,,WDG2173,31,0,23,,,57,A
367512920,2022-01-03T05:50:16,29.91999,-89.95304,0.0,303.0,264.0,SANDPIPER,,WDG2173,31,0,23,,,57,A
367512920,2022-01-03T11:32:37,29.91662,-89.97002,0.1,199.5,232.0,SANDPIPER,,WDG2173,31,0,23,,,57,A
367512920,2022-01-03T11:38:15,29.91662,-89.97004,0.0,260.4,232.0,SANDPIPER,,WDG2173,31,0,23,,,57,A
367512920,2022-01-03T11:17:46,29.92067,-89.95373,5.9,275.5,274.0,SANDPIPER,,WDG2173,31,0,23,,,57,A
367512920,2022-01-03T11:22:17,29.92063,-89.96116,5.3,269.3,273.0,SANDPIPER,,WDG2173,31,0,23,,,57,A
367512920,2022-01-03T11:23:26,29.92043,-89.96313,5.3,261.1,264.0,SANDPIPER,,WDG2173,31,0,23,,,57,A
367512920,2022-01-03T11:39:27,29.91660,-89.97002,0.0,303.4,232.0,SANDPIPER,,WDG2173,31,0,23,,,57,A
367512920,2022-01-03T12:19:56,29.91498,-89.97223,0.0,198.7,231.0,SANDPIPER,,WDG2173,31,0,23,,,57,A
367512920,2022-01-03T11:25:38,29.91907,-89.96681,5.3,237.4,229.0,SANDPIPER,,WDG2173,31,0,23,,,57,A
367512920,2022-01-03T11:42:56,29.91662,-89.97004,0.1,316.5,231.0,SANDPIPER,,WDG2173,31,0,23,,,57,A
367512920,2022-01-03T11:48:36,29.91660,-89.97003,0.0,326.2,232.0,SANDPIPER,,WDG2173,31,0,23,,,57,A
367512920,2022-01-03T05:54:56,29.92015,-89.95311,0.0,308.7,254.0,SANDPIPER,,WDG2173,31,0,23,,,57,A
367512920,2022-01-03T11:45:15,29.91662,-89.97004,0.0,224.1,231.0,SANDPIPER,,WDG2173,31,0,23,,,57,A
367512920,2022-01-03T12:24:47,29.91499,-89.97223,0.0,14.0,230.0,SANDPIPER,,WDG2173,31,0,23,,,57,A
367512920,2022-01-03T11:31:27,29.91663,-89.96998,0.2,217.4,231.0,SANDPIPER,,WDG2173,31,0,23,,,57,A
367512920,2022-01-03T11:41:46,29.91661,-89.97004,0.0,339.0,232.0,SANDPIPER,,WDG2173,31,0,23,,,57,A
367512920,2022-01-03T12:29:27,29.91499,-89.97224,0.0,309.3,230.0,SANDPIPER,,WDG2173,31,0,23,,,57,A
367512920,2022-01-03T11:29:07,29.91689,-89.96968,1.3,236.7,233.0,SANDPIPER,,WDG2173,31,0,23,,,57,A
367512920,2022-01-03T11:57:47,29.91531,-89.97182,1.4,227.8,232.0,SANDPIPER,,WDG2173,31,0,23,,,57,A
367512920,2022-01-03T11:35:27,29.91658,-89.97002,0.2,149.7,233.0,SANDPIPER,,WDG2173,31,0,23,,,57,A
367512920,2022-01-03T11:49:46,29.91661,-89.97002,0.0,223.4,231.0,SANDPIPER,,WDG2173,31,0,23,,,57,A
367512920,2022-01-03T11:52:05,29.91662,-89.97003,0.0,314.3,232.0,SANDPIPER,,WDG2173,31,0,23,,,57,A
367512920,2022-01-03T11:40:37,29.91660,-89.97003,0.0,159.9,233.0,SANDPIPER,,WDG2173,31,0,23,,,57,A
367512920,2022-01-03T11:37:06,29.91660,-89.97003,0.1,294.2,233.0,SANDPIPER,,WDG2173,31,0,23,,,57,A
367512920,2022-01-03T06:03:56,29.92003,-89.95307,0.0,219.1,261.0,SANDPIPER,,WDG2173,31,0,23,,,57,A
367512920,2022-01-03T12:06:57,29.91499,-89.97223,0.1,301.4,233.0,SANDPIPER,,WDG2173,31,0,23,,,57,A
367512920,2022-01-03T11:53:16,29.91662,-89.97004,0.2,238.2,232.0,SANDPIPER,,WDG2173,31,0,23,,,57,A
367512920,2022-01-03T12:08:07,29.91499,-89.97225,0.2,239.8,232.0,SANDPIPER,,WDG2173,31,0,23,,,57,A
367512920,2022-01-03T12:02:17,29.91499,-89.97224,0.0,232.9,233.0,SANDPIPER,,WDG2173,31,0,23,,,57,A
367512920,2022-01-03T11:50:56,29.91660,-89.97001,0.0,156.7,233.0,SANDPIPER,,WDG2173,31,0,23,,,57,A
367512920,2022-01-03T11:56:46,29.91557,-89.97149,1.5,230.5,232.0,SANDPIPER,,WDG2173,31,0,23,,,57,A
367512920,2022-01-03T12:03:26,29.91499,-89.97224,0.0,274.6,232.0,SANDPIPER,,WDG2173,31,0,23,,,57,A
367512920,2022-01-03T11:55:36,29.91597,-89.97094,2.1,230.3,232.0,SANDPIPER,,WDG2173,31,0,23,,,57,A
367512920,2022-01-03T11:54:27,29.91635,-89.97040,1.6,230.9,232.0,SANDPIPER,,WDG2173,31,0,23,,,57,A
367512920,2022-01-03T12:11:57,29.91498,-89.97222,0.0,239.1,231.0,SANDPIPER,,WDG2173,31,0,23,,,57,A
367512920,2022-01-03T12:56:47,29.90381,-89.98784,7.3,230.6,230.0,SANDPIPER,,WDG2173,31,0,23,,,57,A
367512920,2022-01-03T12:16:26,29.91499,-89.97223,0.0,220.7,231.0,SANDPIPER,,WDG2173,31,0,23,,,57,A
367512920,2022-01-03T12:10:46,29.91498,-89.97223,0.0,303.6,232.0,SANDPIPER,,WDG2173,31,0,23,,,57,A
367512920,2022-01-03T12:18:47,29.91499,-89.97223,0.1,155.1,230.0,SANDPIPER,,WDG2173,31,0,23,,,57,A
367512920,2022-01-03T12:04:36,29.91498,-89.97223,0.0,305.5,233.0,SANDPIPER,,WDG2173,31,0,23,,,57,A
367512920,2022-01-03T12:27:05,29.91497,-89.97224,0.1,299.1,230.0,SANDPIPER,,WDG2173,31,0,23,,,57,A
367512920,2022-01-03T12:05:47,29.91499,-89.97223,0.1,274.7,233.0,SANDPIPER,,WDG2173,31,0,23,,,57,A
367512920,2022-01-03T12:15:16,29.91499,-89.97223,0.0,249.1,231.0,SANDPIPER,,WDG2173,31,0,23,,,57,A
367512920,2022-01-03T12:22:16,29.91499,-89.97223,0.0,335.1,230.0,SANDPIPER,,WDG2173,31,0,23,,,57,A
367512920,2022-01-03T12:30:37,29.91498,-89.97224,0.0,284.1,230.0,SANDPIPER,,WDG2173,31,0,23,,,57,A
367512920,2022-01-03T12:31:46,29.91499,-89.97224,0.0,264.7,230.0,SANDPIPER,,WDG2173,31,0,23,,,57,A
367512920,2022-01-03T12:25:55,29.91497,-89.97222,0.0,262.2,231.0,SANDPIPER,,WDG2173,31,0,23,,,57,A
367512920,2022-01-03T13:09:45,29.89408,-89.99498,0.1,284.2,198.0,SANDPIPER,,WDG2173,31,0,23,,,57,A
367512920,2022-01-03T12:13:06,29.91498,-89.97222,0.0,244.1,230.0,SANDPIPER,,WDG2173,31,0,23,,,57,A
367512920,2022-01-03T13:12:06,29.89409,-89.99505,0.1,325.1,193.0,SANDPIPER,,WDG2173,31,0,23,,,57,A
367512920,2022-01-03T12:32:55,29.91499,-89.97222,0.0,296.2,230.0,SANDPIPER,,WDG2173,31,0,23,,,57,A
367512920,2022-01-03T12:17:37,29.91499,-89.97224,0.0,311.5,231.0,SANDPIPER,,WDG2173,31,0,23,,,57,A
367512920,2022-01-03T12:21:05,29.91499,-89.97225,0.0,103.0,230.0,SANDPIPER,,WDG2173,31,0,23,,,57,A
367512920,2022-01-03T12:38:17,29.91498,-89.97223,0.0,298.3,229.0,SANDPIPER,,WDG2173,31,0,23,,,57,A
367512920,2022-01-03T12:23:17,29.91499,-89.97224,0.0,296.0,230.0,SANDPIPER,,WDG2173,31,0,23,,,57,A
367512920,2022-01-03T12:40:35,29.91499,-89.97224,0.0,271.2,229.0,SANDPIPER,,WDG2173,31,0,23,,,57,A
367512920,2022-01-03T12:54:25,29.90683,-89.98364,7.2,230.9,231.0,SANDPIPER,,WDG2173,31,0,23,,,57,A
367512920,2022-01-03T12:42:56,29.91499,-89.97224,0.0,60.9,230.0,SANDPIPER,,WDG2173,31,0,23,,,57,A
367512920,2022-01-03T12:46:26,29.91461,-89.97280,1.5,219.8,230.0,SANDPIPER,,WDG2173,31,0,23,,,57,A
367512920,2022-01-03T12:35:06,29.91497,-89.97223,0.0,213.8,230.0,SANDPIPER,,WDG2173,31,0,23,,,57,A
367512920,2022-01-03T12:37:06,29.91498,-89.97223,0.0,246.0,230.0,SANDPIPER,,WDG2173,31,0,23,,,57,A
367512920,2022-01-03T12:52:07,29.90904,-89.98041,4.2,228.4,236.0,SANDPIPER,,WDG2173,31,0,23,,,57,A
367512920,2022-01-03T12:39:26,29.91499,-89.97224,0.0,288.0,229.0,SANDPIPER,,WDG2173,31,0,23,,,57,A
367512920,2022-01-03T12:53:16,29.90813,-89.98178,5.1,230.7,234.0,SANDPIPER,,WDG2173,31,0,23,,,57,A
367512920,2022-01-03T06:27:16,29.92013,-89.95311,0.0,235.5,253.0,SANDPIPER,,WDG2173,31,0,23,,,57,A
367512920,2022-01-03T13:38:26,29.88884,-89.99831,0.0,269.6,189.0,SANDPIPER,,WDG2173,31,0,23,,,57,A
367512920,2022-01-03T12:49:47,29.91145,-89.97720,7.4,233.9,230.0,SANDPIPER,,WDG2173,31,0,23,,,57,A
367512920,2022-01-03T12:41:45,29.91499,-89.97223,0.0,325.4,229.0,SANDPIPER,,WDG2173,31,0,23,,,57,A
367512920,2022-01-03T06:28:27,29.92011,-89.95310,0.1,172.4,255.0,SANDPIPER,,WDG2173,31,0,23,,,57,A
367512920,2022-01-03T12:57:55,29.90223,-89.98989,7.4,228.7,224.0,SANDPIPER,,WDG2173,31,0,23,,,57,A
367512920,2022-01-03T12:59:06,29.90051,-89.99170,7.1,217.1,211.0,SANDPIPER,,WDG2173,31,0,23,,,57,A
367512920,2022-01-03T12:44:06,29.91499,-89.97225,0.0,309.8,229.0,SANDPIPER,,WDG2173,31,0,23,,,57,A
367512920,2022-01-03T12:45:15,29.91492,-89.97237,1.2,240.5,229.0,SANDPIPER,,WDG2173,31,0,23,,,57,A
367512920,2022-01-03T13:00:26,29.89822,-89.99326,7.1,209.9,207.0,SANDPIPER,,WDG2173,31,0,23,,,57,A
367512920,2022-01-03T13:01:36,29.89673,-89.99413,4.2,203.9,203.0,SANDPIPER,,WDG2173,31,0,23,,,57,A
367512920,2022-01-03T13:02:47,29.89557,-89.99466,3.5,197.8,200.0,SANDPIPER,,WDG2173,31,0,23,,,57,A
367512920,2022-01-03T13:03:56,29.89471,-89.99495,2.1,195.9,200.0,SANDPIPER,,WDG2173,31,0,23,,,57,A
367512920,2022-01-03T12:50:55,29.91000,-89.97911,5.7,228.3,234.0,SANDPIPER,,WDG2173,31,0,23,,,57,A
367512920,2022-01-03T13:06:16,29.89415,-89.99509,0.6,179.5,191.0,SANDPIPER,,WDG2173,31,0,23,,,57,A
367512920,2022-01-03T13:08:36,29.89409,-89.99502,0.2,101.2,195.0,SANDPIPER,,WDG2173,31,0,23,,,57,A
367512920,2022-01-03T13:24:37,29.88885,-89.99836,0.1,97.8,185.0,SANDPIPER,,WDG2173,31,0,23,,,57,A
367512920,2022-01-03T13:13:17,29.89434,-89.99512,2.3,13.2,188.0,SANDPIPER,,WDG2173,31,0,23,,,57,A
367512920,2022-01-03T14:02:26,29.88882,-89.99818,0.0,263.8,196.0,SANDPIPER,,WDG2173,31,0,23,,,57,A
367512920,2022-01-03T13:28:05,29.88885,-89.99828,0.1,268.0,189.0,SANDPIPER,,WDG2173,31,0,23,,,57,A
367512920,2022-01-03T13:10:57,29.89409,-89.99506,0.1,279.0,194.0,SANDPIPER,,WDG2173,31,0,23,,,57,A
367512920,2022-01-03T13:17:45,29.89022,-89.99801,4.6,201.3,196.0,SANDPIPER,,WDG2173,31,0,23,,,57,A
367512920,2022-01-03T13:05:06,29.89436,-89.99507,0.9,195.2,194.0,SANDPIPER,,WDG2173,31,0,23,,,57,A
367512920,2022-01-03T13:18:55,29.88927,-89.99834,1.4,194.9,192.0,SANDPIPER,,WDG2173,31,0,23,,,57,A
367512920,2022-01-03T13:21:07,29.88888,-89.99836,0.3,155.9,186.0,SANDPIPER,,WDG2173,31,0,23,,,57,A
367512920,2022-01-03T14:09:26,29.88882,-89.99815,0.1,104.9,196.0,SANDPIPER,,WDG2173,31,0,23,,,57,A
367512920,2022-01-03T13:33:47,29.88883,-89.99819,0.0,101.6,195.0,SANDPIPER,,WDG2173,31,0,23,,,57,A
367512920,2022-01-03T06:41:07,29.92015,-89.95311,0.1,171.4,252.0,SANDPIPER,,WDG2173,31,0,23,,,57,A
367512920,2022-01-03T13:22:17,29.88885,-89.99834,0.1,278.6,186.0,SANDPIPER,,WDG2173,31,0,23,,,57,A
367512920,2022-01-03T13:29:15,29.88885,-89.99832,0.1,281.4,188.0,SANDPIPER,,WDG2173,31,0,23,,,57,A
367512920,2022-01-03T13:30:26,29.88885,-89.99836,0.1,277.7,185.0,SANDPIPER,,WDG2173,31,0,23,,,57,A
367512920,2022-01-03T14:18:36,29.88566,-90.00102,2.3,201.7,208.0,SANDPIPER,,WDG2173,31,0,23,,,57,A
367512920,2022-01-03T13:16:37,29.89173,-89.99718,5.4,209.0,206.0,SANDPIPER,,WDG2173,31,0,23,,,57,A
367512920,2022-01-03T13:20:06,29.88902,-89.99839,0.4,167.3,189.0,SANDPIPER,,WDG2173,31,0,23,,,57,A
367512920,2022-01-03T13:36:06,29.88884,-89.99827,0.1,274.5,191.0,SANDPIPER,,WDG2173,31,0,23,,,57,A
367512920,2022-01-03T13:49:57,29.88884,-89.99825,0.1,87.5,192.0,SANDPIPER,,WDG2173,31,0,23,,,57,A
367512920,2022-01-03T13:23:25,29.88885,-89.99837,0.0,278.2,185.0,SANDPIPER,,WDG2173,31,0,23,,,57,A
367512920,2022-01-03T13:37:16,29.88884,-89.99829,0.1,278.4,190.0,SANDPIPER,,WDG2173,31,0,23,,,57,A
367512920,2022-01-03T13:39:37,29.88884,-89.99826,0.2,95.8,192.0,SANDPIPER,,WDG2173,31,0,23,,,57,A
367512920,2022-01-03T13:26:56,29.88885,-89.99827,0.0,111.0,190.0,SANDPIPER,,WDG2173,31,0,23,,,57,A
367512920,2022-01-03T13:56:56,29.88882,-89.99811,0.1,283.8,199.0,SANDPIPER,,WDG2173,31,0,23,,,57,A
367512920,2022-01-03T13:44:06,29.88882,-89.99813,0.0,262.9,199.0,SANDPIPER,,WDG2173,31,0,23,,,57,A
367512920,2022-01-03T13:31:37,29.88884,-89.99837,0.2,89.3,184.0,SANDPIPER,,WDG2173,31,0,23,,,57,A
367512920,2022-01-03T14:34:46,29.88333,-90.00170,0.2,312.6,203.0,SANDPIPER,,WDG2173,31,0,23,,,57,A
367512920,2022-01-03T13:32:46,29.88884,-89.99826,0.3,96.5,192.0,SANDPIPER,,WDG2173,31,0,23,,,57,A
367512920,2022-01-03T14:39:15,29.88112,-90.00341,7.8,217.3,212.0,SANDPIPER,,WDG2173,31,0,23,,,57,A
367512920,2022-01-03T06:49:07,29.92013,-89.95310,0.0,155.5,252.0,SANDPIPER,,WDG2173,31,0,23,,,57,A
367512920,2022-01-03T14:05:55,29.88882,-89.99817,0.0,40.0,195.0,SANDPIPER,,WDG2173,31,0,23,,,57,A
367512920,2022-01-03T13:53:26,29.88884,-89.99825,0.1,101.1,191.0,SANDPIPER,,WDG2173,31,0,23,,,57,A
367512920,2022-01-03T13:46:26,29.88884,-89.99824,0.2,277.7,192.0,SANDPIPER,,WDG2173,31,0,23,,,57,A
367512920,2022-01-03T13:41:55,29.88883,-89.99817,0.0,113.7,197.0,SANDPIPER,,WDG2173,31,0,23,,,57,A
367512920,2022-01-03T13:40:46,29.88883,-89.99819,0.1,101.5,197.0,SANDPIPER,,WDG2173,31,0,23,,,57,A
367512920,2022-01-03T13:42:56,29.88883,-89.99815,0.1,93.9,198.0,SANDPIPER,,WDG2173,31,0,23,,,57,A
367512920,2022-01-03T13:48:45,29.88884,-89.99829,0.1,89.7,189.0,SANDPIPER,,WDG2173,31,0,23,,,57,A
367512920,2022-01-03T14:00:06,29.88883,-89.99820,0.1,106.5,194.0,SANDPIPER,,WDG2173,31,0,23,,,57,A
367512920,2022-01-03T14:01:16,29.88882,-89.99817,0.0,95.5,196.0,SANDPIPER,,WDG2173,31,0,23,,,57,A
367512920,2022-01-03T13:52:17,29.88883,-89.99828,0.1,272.4,190.0,SANDPIPER,,WDG2173,31,0,23,,,57,A
367512920,2022-01-03T13:47:36,29.88884,-89.99829,0.1,270.0,189.0,SANDPIPER,,WDG2173,31,0,23,,,57,A
367512920,2022-01-03T13:55:45,29.88882,-89.99814,0.2,97.6,197.0,SANDPIPER,,WDG2173,31,0,23,,,57,A
367512920,2022-01-03T14:07:05,29.88883,-89.99817,0.0,302.9,196.0,SANDPIPER,,WDG2173,31,0,23,,,57,A
367512920,2022-01-03T14:25:25,29.88380,-90.00170,1.5,190.8,195.0,SANDPIPER,,WDG2173,31,0,23,,,57,A
367512920,2022-01-03T14:15:06,29.88867,-89.99880,5.0,217.4,214.0,SANDPIPER,,WDG2173,31,0,23,,,57,A
367512920,2022-01-03T14:10:36,29.88882,-89.99815,0.1,272.2,197.0,SANDPIPER,,WDG2173,31,0,23,,,57,A
367512920,2022-01-03T14:12:55,29.88884,-89.99836,0.5,274.8,185.0,SANDPIPER,,WDG2173,31,0,23,,,57,A
367512920,2022-01-03T13:58:06,29.88883,-89.99816,0.1,279.7,196.0,SANDPIPER,,WDG2173,31,0,23,,,57,A
367512920,2022-01-03T15:03:16,29.84393,-90.03173,6.6,236.4,236.0,SANDPIPER,,WDG2173,31,0,23,,,57,A
367512920,2022-01-03T13:59:16,29.88882,-89.99820,0.1,287.7,194.0,SANDPIPER,,WDG2173,31,0,23,,,57,A
367512920,2022-01-03T14:11:46,29.88883,-89.99821,0.3,281.8,194.0,SANDPIPER,,WDG2173,31,0,23,,,57,A
367512920,2022-01-03T14:03:37,29.88882,-89.99819,0.0,243.0,195.0,SANDPIPER,,WDG2173,31,0,23,,,57,A
367512920,2022-01-03T14:04:46,29.88882,-89.99818,0.0,24.0,195.0,SANDPIPER,,WDG2173,31,0,23,,,57,A
367512920,2022-01-03T14:08:16,29.88883,-89.99816,0.0,259.4,195.0,SANDPIPER,,WDG2173,31,0,23,,,57,A
367512920,2022-01-03T14:26:35,29.88339,-90.00176,1.0,186.9,195.0,SANDPIPER,,WDG2173,31,0,23,,,57,A
367512920,2022-01-03T14:20:47,29.88506,-90.00113,1.0,214.1,234.0,SANDPIPER,,WDG2173,31,0,23,,,57,A
367512920,2022-01-03T14:13:56,29.88946,-89.99807,2.5,48.7,211.0,SANDPIPER,,WDG2173,31,0,23,,,57,A
367512920,2022-01-03T07:06:25,29.92013,-89.95311,0.0,351.7,255.0,SANDPIPER,,WDG2173,31,0,23,,,57,A
367512920,2022-01-03T14:23:07,29.88482,-90.00130,1.8,213.6,204.0,SANDPIPER,,WDG2173,31,0,23,,,57,A
367512920,2022-01-03T14:24:15,29.88429,-90.00154,1.6,203.0,196.0,SANDPIPER,,WDG2173,31,0,23,,,57,A
367512920,2022-01-03T14:32:26,29.88330,-90.00166,0.1,108.2,193.0,SANDPIPER,,WDG2173,31,0,23,,,57,A
367512920,2022-01-03T14:58:46,29.84888,-90.02390,6.6,229.9,233.0,SANDPIPER,,WDG2173,31,0,23,,,57,A
367512920,2022-01-03T15:00:56,29.84645,-90.02765,6.8,234.7,236.0,SANDPIPER,,WDG2173,31,0,23,,,57,A
367512920,2022-01-03T14:27:47,29.88334,-90.00181,0.4,351.9,187.0,SANDPIPER,,WDG2173,31,0,23,,,57,A
367512920,2022-01-03T14:38:07,29.88287,-90.00186,4.7,220.7,217.0,SANDPIPER,,WDG2173,31,0,23,,,57,A
367512920,2022-01-03T14:44:56,29.87110,-90.00926,7.1,207.0,207.0,SANDPIPER,,WDG2173,31,0,23,,,57,A
367512920,2022-01-03T14:31:17,29.88330,-90.00168,0.0,257.4,191.0,SANDPIPER,,WDG2173,31,0,23,,,57,A
367512920,2022-01-03T15:27:36,29.82771,-90.05850,0.1,251.9,235.0,SANDPIPER,,WDG2173,31,0,23,,,57,A
367512920,2022-01-03T14:30:07,29.88329,-90.00166,0.2,94.4,193.0,SANDPIPER,,WDG2173,31,0,23,,,57,A
367512920,2022-01-03T14:47:06,29.86743,-90.01129,6.0,204.2,209.0,SANDPIPER,,WDG2173,31,0,23,,,57,A
367512920,2022-01-03T14:33:36,29.88333,-90.00165,0.1,267.0,199.0,SANDPIPER,,WDG2173,31,0,23,,,57,A
367512920,2022-01-03T15:07:46,29.83909,-90.03953,6.9,234.0,236.0,SANDPIPER,,WDG2173,31,0,23,,,57,A
367512920,2022-01-03T15:32:15,29.82769,-90.05850,0.0,216.0,235.0,SANDPIPER,,WDG2173,31,0,23,,,57,A
367512920,2022-01-03T14:35:56,29.88348,-90.00172,1.9,22.3,189.0,SANDPIPER,,WDG2173,31,0,23,,,57,A
367512920,2022-01-03T14:37:03,29.88363,-90.00138,1.1,175.1,213.0,SANDPIPER,,WDG2173,31,0,23,,,57,A
367512920,2022-01-03T14:54:06,29.85593,-90.01825,6.8,206.1,209.0,SANDPIPER,,WDG2173,31,0,23,,,57,A
367512920,2022-01-03T07:11:06,29.92009,-89.95309,0.0,210.6,255.0,SANDPIPER,,WDG2173,31,0,23,,,57,A
367512920,2022-01-03T14:49:25,29.86379,-90.01346,6.7,208.1,211.0,SANDPIPER,,WDG2173,31,0,23,,,57,A
367512920,2022-01-03T15:15:57,29.83104,-90.05241,5.2,234.1,238.0,SANDPIPER,,WDG2173,31,0,23,,,57,A
367512920,2022-01-03T15:39:47,29.82767,-90.05841,0.5,126.4,225.0,SANDPIPER,,WDG2173,31,0,23,,,57,A
367512920,2022-01-03T14:40:26,29.87897,-90.00486,7.2,209.4,207.0,SANDPIPER,,WDG2173,31,0,23,,,57,A
367512920,2022-01-03T14:41:27,29.87728,-90.00585,6.7,206.4,206.0,SANDPIPER,,WDG2173,31,0,23,,,57,A
367512920,2022-01-03T14:52:57,29.85789,-90.01713,6.8,206.7,210.0,SANDPIPER,,WDG2173,31,0,23,,,57,A
367512920,2022-01-03T14:43:47,29.87309,-90.00822,7.4,207.0,205.0,SANDPIPER,,WDG2173,31,0,23,,,57,A
367512920,2022-01-03T14:59:56,29.84755,-90.02589,6.8,232.2,236.0,SANDPIPER,,WDG2173,31,0,23,,,57,A
367512920,2022-01-03T14:46:05,29.86894,-90.01039,6.7,205.4,212.0,SANDPIPER,,WDG2173,31,0,23,,,57,A
367512920,2022-01-03T15:45:02,29.82792,-90.05780,0.5,50.5,33.0,SANDPIPER,,WDG2173,31,0,23,,,57,A
367512920,2022-01-03T15:48:17,29.82831,-90.05772,0.5,342.4,257.0,SANDPIPER,,WDG2173,31,0,23,,,57,A
367512920,2022-01-03T14:48:16,29.86564,-90.01232,6.4,208.6,211.0,SANDPIPER,,WDG2173,31,0,23,,,57,A
367512920,2022-01-03T15:05:27,29.84165,-90.03553,6.6,235.4,236.0,SANDPIPER,,WDG2173,31,0,23,,,57,A
367512920,2022-01-03T14:50:36,29.86180,-90.01470,6.8,209.1,212.0,SANDPIPER,,WDG2173,31,0,23,,,57,A
367512920,2022-01-03T15:50:35,29.82833,-90.05777,0.1,309.9,235.0,SANDPIPER,,WDG2173,31,0,23,,,57,A
367512920,2022-01-03T15:08:56,29.83780,-90.04165,6.9,235.8,235.0,SANDPIPER,,WDG2173,31,0,23,,,57,A
367512920,2022-01-03T15:02:07,29.84516,-90.02974,6.7,234.9,237.0,SANDPIPER,,WDG2173,31,0,23,,,57,A
367512920,2022-01-03T15:28:47,29.82770,-90.05850,0.0,295.1,234.0,SANDPIPER,,WDG2173,31,0,23,,,57,A
367512920,2022-01-03T14:55:16,29.85404,-90.01946,6.7,213.5,213.0,SANDPIPER,,WDG2173,31,0,23,,,57,A
367512920,2022-01-03T14:56:25,29.85215,-90.02070,6.8,209.0,218.0,SANDPIPER,,WDG2173,31,0,23,,,57,A
367512920,2022-01-03T07:14:26,29.92011,-89.95310,0.0,1.9,254.0,SANDPIPER,,WDG2173,31,0,23,,,57,A
367512920,2022-01-03T15:13:36,29.83298,-90.04935,4.7,234.3,234.0,SANDPIPER,,WDG2173,31,0,23,,,57,A
367512920,2022-01-03T14:57:35,29.85037,-90.02213,6.7,221.0,228.0,SANDPIPER,,WDG2173,31,0,23,,,57,A
367512920,2022-01-03T15:55:06,29.82834,-90.05777,0.0,189.4,235.0,SANDPIPER,,WDG2173,31,0,23,,,57,A
367512920,2022-01-03T15:33:47,29.82772,-90.05850,0.1,70.2,234.0,SANDPIPER,,WDG2173,31,0,23,,,57,A
367512920,2022-01-03T15:17:06,29.83015,-90.05390,4.5,233.2,234.0,SANDPIPER,,WDG2173,31,0,23,,,57,A
367512920,2022-01-03T15:18:15,29.82936,-90.05512,3.9,232.5,238.0,SANDPIPER,,WDG2173,31,0,23,,,57,A
367512920,2022-01-03T15:37:27,29.82771,-90.05849,0.0,212.4,234.0,SANDPIPER,,WDG2173,31,0,23,,,57,A
367512920,2022-01-03T15:22:55,29.82770,-90.05806,1.0,249.8,248.0,SANDPIPER,,WDG2173,31,0,23,,,57,A
367512920,2022-01-03T15:25:16,29.82763,-90.05844,0.1,328.6,241.0,SANDPIPER,,WDG2173,31,0,23,,,57,A
367512920,2022-01-03T16:06:05,29.82752,-90.05821,0.8,231.7,242.0,SANDPIPER,,WDG2173,31,0,23,,,57,A
367512920,2022-01-03T15:40:49,29.82768,-90.05810,0.6,61.8,358.0,SANDPIPER,,WDG2173,31,0,23,,,57,A
367512920,2022-01-03T15:20:37,29.82807,-90.05713,2.6,239.5,250.0,SANDPIPER,,WDG2173,31,0,23,,,57,A
367512920,2022-01-03T16:09:25,29.82758,-90.05838,0.3,230.0,234.0,SANDPIPER,,WDG2173,31,0,23,,,57,A
367512920,2022-01-03T15:11:17,29.83523,-90.04584,7.0,235.1,234.0,SANDPIPER,,WDG2173,31,0,23,,,57,A
367512920,2022-01-03T15:12:27,29.83389,-90.04790,6.4,235.7,236.0,SANDPIPER,,WDG2173,31,0,23,,,57,A
367512920,2022-01-03T15:10:06,29.83654,-90.04369,6.8,234.3,235.0,SANDPIPER,,WDG2173,31,0,23,,,57,A
367512920,2022-01-03T15:31:07,29.82770,-90.05850,0.0,356.1,234.0,SANDPIPER,,WDG2173,31,0,23,,,57,A
367512920,2022-01-03T16:13:55,29.82755,-90.05840,0.1,142.3,237.0,SANDPIPER,,WDG2173,31,0,23,,,57,A
367512920,2022-01-03T16:14:56,29.82759,-90.05834,0.7,41.6,234.0,SANDPIPER,,WDG2173,31,0,23,,,57,A
367512920,2022-01-03T15:35:06,29.82771,-90.05850,0.1,260.9,235.0,SANDPIPER,,WDG2173,31,0,23,,,57,A
367512920,2022-01-03T16:20:57,29.82799,-90.05745,0.3,294.1,244.0,SANDPIPER,,WDG2173,31,0,23,,,57,A
367512920,2022-01-03T15:41:53,29.82801,-90.05798,0.3,23.1,322.0,SANDPIPER,,WDG2173,31,0,23,,,57,A
367512920,2022-01-03T15:29:56,29.82770,-90.05848,0.0,258.2,235.0,SANDPIPER,,WDG2173,31,0,23,,,57,A
367512920,2022-01-03T15:43:56,29.82791,-90.05791,0.2,114.5,31.0,SANDPIPER,,WDG2173,31,0,23,,,57,A
367512920,2022-01-03T16:01:26,29.82832,-90.05777,0.0,238.0,236.0,SANDPIPER,,WDG2173,31,0,23,,,57,A
367512920,2022-01-03T15:24:07,29.82761,-90.05837,1.1,252.2,244.0,SANDPIPER,,WDG2173,31,0,23,,,57,A
367512920,2022-01-03T15:36:16,29.82772,-90.05849,0.0,50.1,235.0,SANDPIPER,,WDG2173,31,0,23,,,57,A
367512920,2022-01-03T15:53:57,29.82834,-90.05777,0.0,350.8,236.0,SANDPIPER,,WDG2173,31,0,23,,,57,A
367512920,2022-01-03T15:46:03,29.82802,-90.05776,0.5,53.5,247.0,SANDPIPER,,WDG2173,31,0,23,,,57,A
367512920,2022-01-03T07:27:36,29.92020,-89.95313,0.0,328.3,250.0,SANDPIPER,,WDG2173,31,0,23,,,57,A
367512920,2022-01-03T16:41:47,29.82822,-90.05767,0.0,312.2,236.0,SANDPIPER,,WDG2173,31,0,23,,,57,A
367512920,2022-01-03T07:28:47,29.92018,-89.95313,0.1,161.1,251.0,SANDPIPER,,WDG2173,31,0,23,,,57,A
367512920,2022-01-03T16:12:47,29.82756,-90.05841,0.0,193.3,236.0,SANDPIPER,,WDG2173,31,0,23,,,57,A
367512920,2022-01-03T15:59:47,29.82833,-90.05777,0.0,277.9,236.0,SANDPIPER,,WDG2173,31,0,23,,,57,A
367512920,2022-01-03T15:38:36,29.82771,-90.05850,0.2,219.4,230.0,SANDPIPER,,WDG2173,31,0,23,,,57,A
367512920,2022-01-03T16:46:17,29.82819,-90.05766,0.2,163.8,237.0,SANDPIPER,,WDG2173,31,0,23,,,57,A
367512920,2022-01-03T16:16:07,29.82786,-90.05785,2.1,57.5,230.0,SANDPIPER,,WDG2173,31,0,23,,,57,A
367512920,2022-01-03T16:48:36,29.82820,-90.05767,0.1,140.2,236.0,SANDPIPER,,WDG2173,31,0,23,,,57,A
367512920,2022-01-03T16:02:37,29.82830,-90.05771,0.3,135.6,233.0,SANDPIPER,,WDG2173,31,0,23,,,57,A
367512920,2022-01-03T16:07:06,29.82744,-90.05833,0.3,200.6,244.0,SANDPIPER,,WDG2173,31,0,23,,,57,A
367512920,2022-01-03T15:51:45,29.82833,-90.05777,0.0,41.1,236.0,SANDPIPER,,WDG2173,31,0,23,,,57,A
367512920,2022-01-03T16:04:57,29.82778,-90.05783,2.1,223.3,239.0,SANDPIPER,,WDG2173,31,0,23,,,57,A
367512920,2022-01-03T16:52:06,29.82819,-90.05766,0.1,140.7,239.0,SANDPIPER,,WDG2173,31,0,23,,,57,A
367512920,2022-01-03T07:31:07,29.92017,-89.95313,0.2,331.3,252.0,SANDPIPER,,WDG2173,31,0,23,,,57,A
367512920,2022-01-03T16:10:26,29.82757,-90.05839,0.1,183.5,236.0,SANDPIPER,,WDG2173,31,0,23,,,57,A
367512920,2022-01-03T15:57:27,29.82834,-90.05776,0.0,93.3,235.0,SANDPIPER,,WDG2173,31,0,23,,,57,A
367512920,2022-01-03T16:03:47,29.82818,-90.05765,0.7,161.6,231.0,SANDPIPER,,WDG2173,31,0,23,,,57,A
367512920,2022-01-03T16:57:46,29.82834,-90.05775,0.0,217.5,324.0,SANDPIPER,,WDG2173,31,0,23,,,57,A
367512920,2022-01-03T16:11:36,29.82753,-90.05839,0.0,141.2,236.0,SANDPIPER,,WDG2173,31,0,23,,,57,A
367512920,2022-01-03T17:00:27,29.82814,-90.05763,2.9,142.6,312.0,SANDPIPER,,WDG2173,31,0,23,,,57,A
367512920,2022-01-03T16:00:17,29.82831,-90.05776,0.1,150.2,236.0,SANDPIPER,,WDG2173,31,0,23,,,57,A
367512920,2022-01-03T16:08:17,29.82752,-90.05835,0.5,345.6,239.0,SANDPIPER,,WDG2173,31,0,23,,,57,A
367512920,2022-01-03T17:04:03,29.82777,-90.05794,4.0,230.1,230.0,SANDPIPER,,WDG2173,31,0,23,,,57,A
367512920,2022-01-03T15:52:56,29.82834,-90.05776,0.0,4.4,236.0,SANDPIPER,,WDG2173,31,0,23,,,57,A
367512920,2022-01-03T17:05:04,29.82751,-90.05857,0.5,313.2,15.0,SANDPIPER,,WDG2173,31,0,23,,,57,A
367512920,2022-01-03T16:22:06,29.82802,-90.05752,0.2,266.4,244.0,SANDPIPER,,WDG2173,31,0,23,,,57,A
367512920,2022-01-03T16:17:16,29.82797,-90.05737,0.7,112.7,234.0,SANDPIPER,,WDG2173,31,0,23,,,57,A
367512920,2022-01-03T16:23:17,29.82805,-90.05755,0.1,341.5,245.0,SANDPIPER,,WDG2173,31,0,23,,,57,A
367512920,2022-01-03T16:38:16,29.82821,-90.05767,0.0,95.5,235.0,SANDPIPER,,WDG2173,31,0,23,,,57,A
367512920,2022-01-03T15:58:37,29.82834,-90.05776,0.0,252.7,236.0,SANDPIPER,,WDG2173,31,0,23,,,57,A
367512920,2022-01-03T16:43:57,29.82821,-90.05766,0.0,102.9,235.0,SANDPIPER,,WDG2173,31,0,23,,,57,A
367512920,2022-01-03T16:45:07,29.82822,-90.05766,0.0,203.5,236.0,SANDPIPER,,WDG2173,31,0,23,,,57,A
367512920,2022-01-03T16:47:27,29.82820,-90.05766,0.0,273.7,236.0,SANDPIPER,,WDG2173,31,0,23,,,57,A
367512920,2022-01-03T16:26:44,29.82797,-90.05718,1.6,128.6,236.0,SANDPIPER,,WDG2173,31,0,23,,,57,A
367512920,2022-01-03T16:28:56,29.82777,-90.05719,0.2,245.3,244.0,SANDPIPER,,WDG2173,31,0,23,,,57,A
367512920,2022-01-03T16:24:26,29.82799,-90.05752,0.3,147.8,248.0,SANDPIPER,,WDG2173,31,0,23,,,57,A
367512920,2022-01-03T07:41:37,29.92020,-89.95314,0.0,335.2,250.0,SANDPIPER,,WDG2173,31,0,23,,,57,A
367512920,2022-01-03T16:50:56,29.82821,-90.05767,0.1,207.8,236.0,SANDPIPER,,WDG2173,31,0,23,,,57,A
367512920,2022-01-03T16:25:37,29.82791,-90.05754,0.5,278.3,239.0,SANDPIPER,,WDG2173,31,0,23,,,57,A
367512920,2022-01-03T16:33:35,29.82804,-90.05759,0.3,340.9,246.0,SANDPIPER,,WDG2173,31,0,23,,,57,A
367512920,2022-01-03T07:43:47,29.92023,-89.95315,0.0,357.9,248.0,SANDPIPER,,WDG2173,31,0,23,,,57,A
367512920,2022-01-03T16:56:36,29.82833,-90.05778,0.0,258.2,322.0,SANDPIPER,,WDG2173,31,0,23,,,57,A
367512920,2022-01-03T16:37:05,29.82821,-90.05768,0.2,329.9,235.0,SANDPIPER,,WDG2173,31,0,23,,,57,A
367512920,2022-01-03T16:32:27,29.82795,-90.05754,0.4,311.9,247.0,SANDPIPER,,WDG2173,31,0,23,,,57,A
367512920,2022-01-03T16:35:55,29.82813,-90.05764,0.2,336.0,240.0,SANDPIPER,,WDG2173,31,0,23,,,57,A
367512920,2022-01-03T16:27:46,29.82782,-90.05720,0.1,253.7,243.0,SANDPIPER,,WDG2173,31,0,23,,,57,A
367512920,2022-01-03T16:18:46,29.82791,-90.05739,0.0,261.5,241.0,SANDPIPER,,WDG2173,31,0,23,,,57,A
367512920,2022-01-03T07:52:56,29.92022,-89.95316,0.0,169.1,247.0,SANDPIPER,,WDG2173,31,0,23,,,57,A
367512920,2022-01-03T16:40:35,29.82821,-90.05768,0.0,279.6,236.0,SANDPIPER,,WDG2173,31,0,23,,,57,A
367512920,2022-01-03T17:08:26,29.82765,-90.05859,0.0,271.0,52.0,SANDPIPER,,WDG2173,31,0,23,,,57,A
367512920,2022-01-03T17:10:36,29.82764,-90.05862,0.1,240.9,54.0,SANDPIPER,,WDG2173,31,0,23,,,57,A
367512920,2022-01-03T07:54:06,29.92026,-89.95318,0.1,330.6,244.0,SANDPIPER,,WDG2173,31,0,23,,,57,A
367512920,2022-01-03T07:55:16,29.92025,-89.95317,0.0,146.7,245.0,SANDPIPER,,WDG2173,31,0,23,,,57,A
367512920,2022-01-03T16:54:17,29.82820,-90.05767,0.1,71.5,239.0,SANDPIPER,,WDG2173,31,0,23,,,57,A
367512920,2022-01-03T16:31:16,29.82790,-90.05745,0.0,64.9,246.0,SANDPIPER,,WDG2173,31,0,23,,,57,A
367512920,2022-01-03T16:49:46,29.82820,-90.05765,0.1,57.9,235.0,SANDPIPER,,WDG2173,31,0,23,,,57,A
367512920,2022-01-03T16:59:56,29.82833,-90.05777,0.0,292.8,324.0,SANDPIPER,,WDG2173,31,0,23,,,57,A
367512920,2022-01-03T17:48:27,29.86578,-90.01225,5.8,25.3,19.0,SANDPIPER,,WDG2173,31,0,23,,,57,A
367512920,2022-01-03T17:18:37,29.82937,-90.05512,6.2,57.1,52.0,SANDPIPER,,WDG2173,31,0,23,,,57,A
367512920,2022-01-03T17:19:45,29.83048,-90.05326,6.3,57.6,52.0,SANDPIPER,,WDG2173,31,0,23,,,57,A
367512920,2022-01-03T17:55:27,29.87545,-90.00660,6.3,32.2,28.0,SANDPIPER,,WDG2173,31,0,23,,,57,A
367512920,2022-01-03T17:56:37,29.87726,-90.00548,6.4,27.3,26.0,SANDPIPER,,WDG2173,31,0,23,,,57,A
367512920,2022-01-03T17:20:56,29.83170,-90.05129,6.4,53.5,53.0,SANDPIPER,,WDG2173,31,0,23,,,57,A
367512920,2022-01-03T17:11:46,29.82764,-90.05862,0.0,114.2,54.0,SANDPIPER,,WDG2173,31,0,23,,,57,A
367512920,2022-01-03T17:02:37,29.82799,-90.05774,0.0,317.7,324.0,SANDPIPER,,WDG2173,31,0,23,,,57,A
367512920,2022-01-03T17:24:26,29.83542,-90.04544,6.7,53.1,52.0,SANDPIPER,,WDG2173,31,0,23,,,57,A
367512920,2022-01-03T16:53:07,29.82819,-90.05766,0.1,250.6,239.0,SANDPIPER,,WDG2173,31,0,23,,,57,A
367512920,2022-01-03T17:29:06,29.84027,-90.03737,6.5,58.4,50.0,SANDPIPER,,WDG2173,31,0,23,,,57,A
367512920,2022-01-03T17:23:17,29.83416,-90.04743,6.5,51.7,51.0,SANDPIPER,,WDG2173,31,0,23,,,57,A
367512920,2022-01-03T16:55:27,29.82828,-90.05771,0.7,320.9,316.0,SANDPIPER,,WDG2173,31,0,23,,,57,A
367512920,2022-01-03T17:13:57,29.82764,-90.05860,0.1,149.1,53.0,SANDPIPER,,WDG2173,31,0,23,,,57,A
367512920,2022-01-03T17:01:30,29.82798,-90.05769,0.2,281.2,307.0,SANDPIPER,,WDG2173,31,0,23,,,57,A
367512920,2022-01-03T18:13:36,29.90393,-89.98742,6.6,52.7,47.0,SANDPIPER,,WDG2173,31,0,23,,,57,A
367512920,2022-01-03T17:06:07,29.82762,-90.05859,0.1,35.0,50.0,SANDPIPER,,WDG2173,31,0,23,,,57,A
367512920,2022-01-03T17:07:16,29.82765,-90.05860,0.0,150.2,52.0,SANDPIPER,,WDG2173,31,0,23,,,57,A
367512920,2022-01-03T17:41:35,29.85560,-90.01846,6.9,29.1,26.0,SANDPIPER,,WDG2173,31,0,23,,,57,A
367512920,2022-01-03T17:22:06,29.83288,-90.04932,6.3,55.4,51.0,SANDPIPER,,WDG2173,31,0,23,,,57,A
367512920,2022-01-03T17:09:27,29.82765,-90.05861,0.0,238.0,53.0,SANDPIPER,,WDG2173,31,0,23,,,57,A
367512920,2022-01-03T17:35:37,29.84714,-90.02630,6.7,54.1,49.0,SANDPIPER,,WDG2173,31,0,23,,,57,A
367512920,2022-01-03T18:25:07,29.91143,-89.97777,0.1,79.5,358.0,SANDPIPER,,WDG2173,31,0,23,,,57,A
367512920,2022-01-03T17:27:55,29.83908,-90.03942,6.7,54.9,53.0,SANDPIPER,,WDG2173,31,0,23,,,57,A
367512920,2022-01-03T17:38:07,29.85015,-90.02234,6.5,42.8,33.0,SANDPIPER,,WDG2173,31,0,23,,,57,A
367512920,2022-01-03T17:39:16,29.85187,-90.02092,6.7,36.2,29.0,SANDPIPER,,WDG2173,31,0,23,,,57,A
367512920,2022-01-03T17:40:27,29.85370,-90.01960,6.4,30.1,26.0,SANDPIPER,,WDG2173,31,0,23,,,57,A
367512920,2022-01-03T17:15:06,29.82761,-90.05856,0.1,177.7,50.0,SANDPIPER,,WDG2173,31,0,23,,,57,A
367512920,2022-01-03T17:42:36,29.85722,-90.01754,6.3,22.3,26.0,SANDPIPER,,WDG2173,31,0,23,,,57,A
367512920,2022-01-03T08:14:36,29.92024,-89.95317,0.0,317.8,246.0,SANDPIPER,,WDG2173,31,0,23,,,57,A
367512920,2022-01-03T17:16:17,29.82761,-90.05841,2.1,66.3,54.0,SANDPIPER,,WDG2173,31,0,23,,,57,A
367512920,2022-01-03T08:15:45,29.92022,-89.95316,0.1,154.6,247.0,SANDPIPER,,WDG2173,31,0,23,,,57,A
367512920,2022-01-03T17:17:26,29.82833,-90.05696,5.3,58.8,53.0,SANDPIPER,,WDG2173,31,0,23,,,57,A
367512920,2022-01-03T17:36:55,29.84867,-90.02416,6.6,49.4,46.0,SANDPIPER,,WDG2173,31,0,23,,,57,A
367512920,2022-01-03T17:26:46,29.83783,-90.04145,6.5,55.7,52.0,SANDPIPER,,WDG2173,31,0,23,,,57,A
367512920,2022-01-03T17:47:16,29.86404,-90.01327,6.1,29.8,24.0,SANDPIPER,,WDG2173,31,0,23,,,57,A
367512920,2022-01-03T17:30:45,29.84201,-90.03462,6.5,54.2,52.0,SANDPIPER,,WDG2173,31,0,23,,,57,A
367512920,2022-01-03T18:38:07,29.91165,-89.97758,3.4,55.0,54.0,SANDPIPER,,WDG2173,31,0,23,,,57,A
367512920,2022-01-03T17:33:07,29.84446,-90.03057,6.7,54.1,50.0,SANDPIPER,,WDG2173,31,0,23,,,57,A
367512920,2022-01-03T18:04:25,29.88995,-89.99802,6.6,26.9,27.0,SANDPIPER,,WDG2173,31,0,23,,,57,A
367512920,2022-01-03T18:45:06,29.91457,-89.97290,0.2,60.3,53.0,SANDPIPER,,WDG2173,31,0,23,,,57,A
367512920,2022-01-03T18:06:45,29.89375,-89.99577,6.6,26.3,25.0,SANDPIPER,,WDG2173,31,0,23,,,57,A
367512920,2022-01-03T18:46:17,29.91453,-89.97286,0.1,171.4,50.0,SANDPIPER,,WDG2173,31,0,23,,,57,A
367512920,2022-01-03T17:58:56,29.88100,-90.00331,6.5,24.5,24.0,SANDPIPER,,WDG2173,31,0,23,,,57,A
367512920,2022-01-03T18:50:56,29.91455,-89.97285,0.1,196.4,51.0,SANDPIPER,,WDG2173,31,0,23,,,57,A
367512920,2022-01-03T17:34:16,29.84567,-90.02857,6.6,56.3,49.0,SANDPIPER,,WDG2173,31,0,23,,,57,A
367512920,2022-01-03T18:03:16,29.88803,-89.99911,6.5,25.8,25.0,SANDPIPER,,WDG2173,31,0,23,,,57,A
367512920,2022-01-03T18:12:26,29.90252,-89.98934,6.7,46.3,48.0,SANDPIPER,,WDG2173,31,0,23,,,57,A
367512920,2022-01-03T18:14:47,29.90536,-89.98566,6.5,46.6,46.0,SANDPIPER,,WDG2173,31,0,23,,,57,A
367512920,2022-01-03T18:20:35,29.91030,-89.97894,2.1,43.1,17.0,SANDPIPER,,WDG2173,31,0,23,,,57,A
367512920,2022-01-03T17:50:46,29.86866,-90.01070,4.8,27.5,26.0,SANDPIPER,,WDG2173,31,0,23,,,57,A
367512920,2022-01-03T17:51:57,29.87024,-90.00980,5.6,27.5,25.0,SANDPIPER,,WDG2173,31,0,23,,,57,A
367512920,2022-01-03T08:26:16,29.92026,-89.95319,0.1,161.7,244.0,SANDPIPER,,WDG2173,31,0,23,,,57,A
367512920,2022-01-03T17:46:07,29.86237,-90.01426,5.5,26.7,24.0,SANDPIPER,,WDG2173,31,0,23,,,57,A
367512920,2022-01-03T19:04:59,29.91916,-89.96653,6.3,43.7,22.0,SANDPIPER,,WDG2173,31,0,23,,,57,A
367512920,2022-01-03T19:06:02,29.92045,-89.96556,5.4,27.8,343.0,SANDPIPER,,WDG2173,31,0,23,,,57,A
367512920,2022-01-03T18:05:36,29.89186,-89.99689,6.6,28.1,28.0,SANDPIPER,,WDG2173,31,0,23,,,57,A
367512920,2022-01-03T18:22:56,29.91103,-89.97808,1.4,35.6,359.0,SANDPIPER,,WDG2173,31,0,23,,,57,A
367512920,2022-01-03T18:19:26,29.90984,-89.97955,2.5,49.7,30.0,SANDPIPER,,WDG2173,31,0,23,,,57,A
367512920,2022-01-03T18:09:05,29.89770,-89.99360,6.5,25.9,31.0,SANDPIPER,,WDG2173,31,0,23,,,57,A
367512920,2022-01-03T18:15:56,29.90679,-89.98378,6.9,49.3,49.0,SANDPIPER,,WDG2173,31,0,23,,,57,A
367512920,2022-01-03T18:30:56,29.91143,-89.97786,0.0,114.7,3.0,SANDPIPER,,WDG2173,31,0,23,,,57,A
367512920,2022-01-03T18:32:07,29.91143,-89.97785,0.1,91.2,3.0,SANDPIPER,,WDG2173,31,0,23,,,57,A
367512920,2022-01-03T18:10:16,29.89952,-89.99230,6.7,37.1,38.0,SANDPIPER,,WDG2173,31,0,23,,,57,A
367512920,2022-01-03T19:21:37,29.93274,-89.99483,6.8,304.1,309.0,SANDPIPER,,WDG2173,31,0,23,,,57,A
367512920,2022-01-03T18:41:36,29.91351,-89.97423,2.1,50.0,50.0,SANDPIPER,,WDG2173,31,0,23,,,57,A
367512920,2022-01-03T19:23:56,29.93481,-89.99813,3.5,304.5,304.0,SANDPIPER,,WDG2173,31,0,23,,,57,A
367512920,2022-01-03T19:26:17,29.93514,-89.99925,1.5,261.0,284.0,SANDPIPER,,WDG2173,31,0,23,,,57,A
367512920,2022-01-03T18:47:27,29.91454,-89.97285,0.0,356.0,50.0,SANDPIPER,,WDG2173,31,0,23,,,57,A
367512920,2022-01-03T18:36:56,29.91120,-89.97812,0.3,63.0,36.0,SANDPIPER,,WDG2173,31,0,23,,,57,A
367512920,2022-01-03T18:17:06,29.90815,-89.98180,6.2,50.1,45.0,SANDPIPER,,WDG2173,31,0,23,,,57,A
367512920,2022-01-03T18:53:06,29.91456,-89.97283,0.0,49.4,51.0,SANDPIPER,,WDG2173,31,0,23,,,57,A
367512920,2022-01-03T18:42:47,29.91396,-89.97365,2.0,52.1,50.0,SANDPIPER,,WDG2173,31,0,23,,,57,A
367512920,2022-01-03T18:24:06,29.91129,-89.97791,1.0,28.6,3.0,SANDPIPER,,WDG2173,31,0,23,,,57,A
367512920,2022-01-03T18:43:56,29.91434,-89.97315,1.5,48.4,51.0,SANDPIPER,,WDG2173,31,0,23,,,57,A
367512920,2022-01-03T19:40:56,29.93443,-89.99920,0.0,63.0,306.0,SANDPIPER,,WDG2173,31,0,23,,,57,A
367512920,2022-01-03T08:36:56,29.92020,-89.95314,0.2,331.5,248.0,SANDPIPER,,WDG2173,31,0,23,,,57,A
367512920,2022-01-03T18:33:16,29.91142,-89.97785,0.0,254.6,2.0,SANDPIPER,,WDG2173,31,0,23,,,57,A
367512920,2022-01-03T18:59:55,29.91476,-89.97261,2.2,46.1,52.0,SANDPIPER,,WDG2173,31,0,23,,,57,A
367512920,2022-01-03T18:26:17,29.91143,-89.97780,0.0,122.0,0.0,SANDPIPER,,WDG2173,31,0,23,,,57,A
367512920,2022-01-03T18:39:16,29.91235,-89.97638,3.9,55.4,56.0,SANDPIPER,,WDG2173,31,0,23,,,57,A
367512920,2022-01-03T18:54:15,29.91456,-89.97284,0.0,311.0,51.0,SANDPIPER,,WDG2173,31,0,23,,,57,A
367512920,2022-01-03T18:29:46,29.91143,-89.97788,0.0,244.0,3.0,SANDPIPER,,WDG2173,31,0,23,,,57,A
367512920,2022-01-03T18:34:46,29.91143,-89.97794,0.4,271.0,7.0,SANDPIPER,,WDG2173,31,0,23,,,57,A
367512920,2022-01-03T18:57:36,29.91457,-89.97284,0.0,323.4,50.0,SANDPIPER,,WDG2173,31,0,23,,,57,A
367512920,2022-01-03T19:51:06,29.93826,-90.00380,5.3,303.7,307.0,SANDPIPER,,WDG2173,31,0,23,,,57,A
367512920,2022-01-03T18:58:45,29.91456,-89.97283,0.0,138.6,50.0,SANDPIPER,,WDG2173,31,0,23,,,57,A
367512920,2022-01-03T18:40:25,29.91296,-89.97517,3.6,63.4,51.0,SANDPIPER,,WDG2173,31,0,23,,,57,A
367512920,2022-01-03T18:35:47,29.91130,-89.97808,0.7,227.8,20.0,SANDPIPER,,WDG2173,31,0,23,,,57,A
367512920,2022-01-03T18:48:36,29.91455,-89.97285,0.0,12.1,51.0,SANDPIPER,,WDG2173,31,0,23,,,57,A
367512920,2022-01-03T19:17:15,29.92895,-89.98638,5.2,292.0,296.0,SANDPIPER,,WDG2173,31,0,23,,,57,A
367512920,2022-01-03T18:51:57,29.91456,-89.97283,0.0,270.0,50.0,SANDPIPER,,WDG2173,31,0,23,,,57,A
367512920,2022-01-03T19:12:35,29.92561,-89.97700,7.7,288.5,292.0,SANDPIPER,,WDG2173,31,0,23,,,57,A
367512920,2022-01-03T18:56:27,29.91456,-89.97282,0.0,277.6,51.0,SANDPIPER,,WDG2173,31,0,23,,,57,A
367512920,2022-01-03T18:49:46,29.91454,-89.97285,0.1,185.2,50.0,SANDPIPER,,WDG2173,31,0,23,,,57,A
367512920,2022-01-03T19:14:57,29.92734,-89.98239,7.6,293.3,297.0,SANDPIPER,,WDG2173,31,0,23,,,57,A
367512920,2022-01-03T20:12:26,29.95600,-90.04094,6.7,290.8,288.0,SANDPIPER,,WDG2173,31,0,23,,,57,A
367512920,2022-01-03T19:19:26,29.93044,-89.99033,7.7,297.1,303.0,SANDPIPER,,WDG2173,31,0,23,,,57,A
367512920,2022-01-03T18:55:25,29.91455,-89.97284,0.0,272.1,50.0,SANDPIPER,,WDG2173,31,0,23,,,57,A
367512920,2022-01-03T19:01:36,29.91588,-89.97110,4.6,52.5,53.0,SANDPIPER,,WDG2173,31,0,23,,,57,A
367512920,2022-01-03T19:22:47,29.93388,-89.99679,5.5,303.8,314.0,SANDPIPER,,WDG2173,31,0,23,,,57,A
367512920,2022-01-03T19:03:57,29.91800,-89.96792,5.6,52.5,42.0,SANDPIPER,,WDG2173,31,0,23,,,57,A
367512920,2022-01-03T20:18:00,29.95715,-90.05398,7.8,259.3,253.0,SANDPIPER,,WDG2173,31,0,23,,,57,A
367512920,2022-01-03T19:07:03,29.92183,-89.96563,5.1,319.2,296.0,SANDPIPER,,WDG2173,31,0,23,,,57,A
367512920,2022-01-03T19:27:27,29.93489,-89.99945,1.0,155.4,289.0,SANDPIPER,,WDG2173,31,0,23,,,57,A
367512920,2022-01-03T19:10:16,29.92429,-89.97139,7.9,286.8,286.0,SANDPIPER,,WDG2173,31,0,23,,,57,A
367512920,2022-01-03T19:38:45,29.93442,-89.99918,0.0,244.8,304.0,SANDPIPER,,WDG2173,31,0,23,,,57,A
367512920,2022-01-03T19:32:06,29.93448,-89.99919,0.3,140.0,302.0,SANDPIPER,,WDG2173,31,0,23,,,57,A
367512920,2022-01-03T19:08:06,29.92263,-89.96668,5.6,313.4,294.0,SANDPIPER,,WDG2173,31,0,23,,,57,A
367512920,2022-01-03T19:09:15,29.92361,-89.96904,7.6,289.9,289.0,SANDPIPER,,WDG2173,31,0,23,,,57,A
367512920,2022-01-03T19:44:26,29.93442,-89.99920,0.0,184.0,305.0,SANDPIPER,,WDG2173,31,0,23,,,57,A
367512920,2022-01-03T19:16:07,29.92826,-89.98461,5.9,297.2,297.0,SANDPIPER,,WDG2173,31,0,23,,,57,A
367512920,2022-01-03T19:30:57,29.93454,-89.99922,0.1,290.8,300.0,SANDPIPER,,WDG2173,31,0,23,,,57,A
367512920,2022-01-03T19:33:15,29.93444,-89.99917,0.1,213.3,304.0,SANDPIPER,,WDG2173,31,0,23,,,57,A
367512920,2022-01-03T19:39:47,29.93443,-89.99919,0.0,256.3,305.0,SANDPIPER,,WDG2173,31,0,23,,,57,A
367512920,2022-01-03T08:55:27,29.92019,-89.95313,0.0,148.8,247.0,SANDPIPER,,WDG2173,31,0,23,,,57,A
367512920,2022-01-03T19:20:36,29.93165,-89.99287,7.8,301.7,305.0,SANDPIPER,,WDG2173,31,0,23,,,57,A
367512920,2022-01-03T08:56:37,29.92018,-89.95313,0.1,156.4,249.0,SANDPIPER,,WDG2173,31,0,23,,,57,A
367512920,2022-01-03T19:18:16,29.92946,-89.98792,5.1,290.1,299.0,SANDPIPER,,WDG2173,31,0,23,,,57,A
367512920,2022-01-03T19:43:16,29.93442,-89.99919,0.0,192.6,306.0,SANDPIPER,,WDG2173,31,0,23,,,57,A
367512920,2022-01-03T19:53:26,29.94072,-90.00704,5.9,308.2,308.0,SANDPIPER,,WDG2173,31,0,23,,,57,A
367512920,2022-01-03T19:25:06,29.93520,-89.99890,1.2,275.2,289.0,SANDPIPER,,WDG2173,31,0,23,,,57,A
367512920,2022-01-03T19:42:05,29.93441,-89.99921,0.0,5.4,305.0,SANDPIPER,,WDG2173,31,0,23,,,57,A
367512920,2022-01-03T20:36:46,29.92615,-90.06443,6.7,218.8,224.0,SANDPIPER,,WDG2173,31,0,23,,,57,A
367512920,2022-01-03T19:45:27,29.93442,-89.99919,0.1,148.4,305.0,SANDPIPER,,WDG2173,31,0,23,,,57,A
367512920,2022-01-03T19:47:40,29.93512,-89.99940,5.8,333.7,327.0,SANDPIPER,,WDG2173,31,0,23,,,57,A
367512920,2022-01-03T19:29:45,29.93454,-89.99920,0.1,122.8,298.0,SANDPIPER,,WDG2173,31,0,23,,,57,A
367512920,2022-01-03T19:48:46,29.93642,-90.00088,6.2,306.4,309.0,SANDPIPER,,WDG2173,31,0,23,,,57,A
367512920,2022-01-03T19:59:16,29.94593,-90.01610,6.3,300.2,302.0,SANDPIPER,,WDG2173,31,0,23,,,57,A
367512920,2022-01-03T19:49:57,29.93748,-90.00247,3.3,305.1,311.0,SANDPIPER,,WDG2173,31,0,23,,,57,A
367512920,2022-01-03T19:28:36,29.93463,-89.99930,0.6,166.5,295.0,SANDPIPER,,WDG2173,31,0,23,,,57,A
367512920,2022-01-03T20:45:57,29.91680,-90.07988,6.7,251.0,251.0,SANDPIPER,,WDG2173,31,0,23,,,57,A
367512920,2022-01-03T19:37:35,29.93444,-89.99921,0.0,280.1,306.0,SANDPIPER,,WDG2173,31,0,23,,,57,A
367512920,2022-01-03T19:54:37,29.94186,-90.00879,5.8,301.8,305.0,SANDPIPER,,WDG2173,31,0,23,,,57,A
367512920,2022-01-03T20:49:25,29.91467,-90.08667,6.5,254.7,258.0,SANDPIPER,,WDG2173,31,0,23,,,57,A
367512920,2022-01-03T09:07:15,29.92023,-89.95316,0.1,160.8,247.0,SANDPIPER,,WDG2173,31,0,23,,,57,A
367512920,2022-01-03T19:55:45,29.94299,-90.01041,5.7,314.6,311.0,SANDPIPER,,WDG2173,31,0,23,,,57,A
367512920,2022-01-03T19:36:26,29.93443,-89.99920,0.0,353.6,305.0,SANDPIPER,,WDG2173,31,0,23,,,57,A
367512920,2022-01-03T20:10:06,29.95445,-90.03634,6.6,290.7,291.0,SANDPIPER,,WDG2173,31,0,23,,,57,A
367512920,2022-01-03T19:56:57,29.94409,-90.01221,5.8,300.8,302.0,SANDPIPER,,WDG2173,31,0,23,,,57,A
367512920,2022-01-03T19:58:06,29.94496,-90.01408,5.9,299.5,302.0,SANDPIPER,,WDG2173,31,0,23,,,57,A
367512920,2022-01-03T20:13:36,29.95655,-90.04335,6.7,280.0,280.0,SANDPIPER,,WDG2173,31,0,23,,,57,A
367512920,2022-01-03T19:46:37,29.93443,-89.99918,0.1,55.1,304.0,SANDPIPER,,WDG2173,31,0,23,,,57,A
367512920,2022-01-03T20:25:47,29.94469,-90.05878,6.5,179.6,179.0,SANDPIPER,,WDG2173,31,0,23,,,57,A
367512920,2022-01-03T20:04:16,29.95013,-90.02530,6.6,294.0,292.0,SANDPIPER,,WDG2173,31,0,23,,,57,A
367512920,2022-01-03T20:20:06,29.95466,-90.05782,6.6,220.8,215.0,SANDPIPER,,WDG2173,31,0,23,,,57,A
367512920,2022-01-03T20:05:26,29.95102,-90.02752,6.6,300.1,303.0,SANDPIPER,,WDG2173,31,0,23,,,57,A
367512920,2022-01-03T20:00:53,29.94741,-90.01897,6.5,299.6,298.0,SANDPIPER,,WDG2173,31,0,23,,,57,A
367512920,2022-01-03T20:35:26,29.92808,-90.06273,6.5,217.6,218.0,SANDPIPER,,WDG2173,31,0,23,,,57,A
367512920,2022-01-03T20:06:36,29.95200,-90.02964,6.5,292.1,293.0,SANDPIPER,,WDG2173,31,0,23,,,57,A
367512920,2022-01-03T20:24:37,29.94684,-90.05912,6.6,172.2,174.0,SANDPIPER,,WDG2173,31,0,23,,,57,A
367512920,2022-01-03T21:20:16,29.92892,-90.14068,6.8,0.1,1.0,SANDPIPER,,WDG2173,31,0,23,,,57,A
367512920,2022-01-03T20:01:56,29.94830,-90.02089,6.5,297.5,298.0,SANDPIPER,,WDG2173,31,0,23,,,57,A
367512920,2022-01-03T20:42:35,29.91924,-90.07334,6.6,243.7,242.0,SANDPIPER,,WDG2173,31,0,23,,,57,A
367512920,2022-01-03T21:22:36,29.93340,-90.14049,6.9,3.2,1.0,SANDPIPER,,WDG2173,31,0,23,,,57,A
367512920,2022-01-03T20:43:40,29.91833,-90.07535,6.6,248.7,247.0,SANDPIPER,,WDG2173,31,0,23,,,57,A
367512920,2022-01-03T20:28:06,29.94049,-90.05833,6.6,174.8,177.0,SANDPIPER,,WDG2173,31,0,23,,,57,A
367512920,2022-01-03T20:29:17,29.93827,-90.05841,6.5,187.2,186.0,SANDPIPER,,WDG2173,31,0,23,,,57,A
367512920,2022-01-03T20:07:46,29.95278,-90.03189,6.6,295.0,297.0,SANDPIPER,,WDG2173,31,0,23,,,57,A
367512920,2022-01-03T20:15:47,29.95701,-90.04829,7.7,274.9,277.0,SANDPIPER,,WDG2173,31,0,23,,,57,A
367512920,2022-01-03T20:11:16,29.95512,-90.03865,6.6,290.8,292.0,SANDPIPER,,WDG2173,31,0,23,,,57,A
367512920,2022-01-03T20:23:26,29.94896,-90.05942,6.7,177.6,175.0,SANDPIPER,,WDG2173,31,0,23,,,57,A
367512920,2022-01-03T20:14:46,29.95684,-90.04593,7.1,275.4,276.0,SANDPIPER,,WDG2173,31,0,23,,,57,A
367512920,2022-01-03T20:54:57,29.91184,-90.09799,6.6,255.3,255.0,SANDPIPER,,WDG2173,31,0,23,,,57,A
367512920,2022-01-03T20:16:55,29.95720,-90.05119,8.0,273.4,276.0,SANDPIPER,,WDG2173,31,0,23,,,57,A
367512920,2022-01-03T20:58:16,29.91054,-90.10480,6.6,263.0,265.0,SANDPIPER,,WDG2173,31,0,23,,,57,A
367512920,2022-01-03T20:21:07,29.95318,-90.05910,6.4,206.0,195.0,SANDPIPER,,WDG2173,31,0,23,,,57,A
367512920,2022-01-03T20:47:07,29.91611,-90.08218,6.5,246.2,246.0,SANDPIPER,,WDG2173,31,0,23,,,57,A
367512920,2022-01-03T20:22:17,29.95111,-90.05942,6.7,179.9,179.0,SANDPIPER,,WDG2173,31,0,23,,,57,A
367512920,2022-01-03T21:41:46,29.94938,-90.16234,6.8,235.1,234.0,SANDPIPER,,WDG2173,31,0,23,,,57,A
367512920,2022-01-03T20:33:06,29.93174,-90.06050,6.7,198.1,200.0,SANDPIPER,,WDG2173,31,0,23,,,57,A
367512920,2022-01-03T21:45:47,29.94464,-90.16891,6.5,232.0,232.0,SANDPIPER,,WDG2173,31,0,23,,,57,A
367512920,2022-01-03T20:26:56,29.94260,-90.05855,6.5,170.1,179.0,SANDPIPER,,WDG2173,31,0,23,,,57,A
367512920,2022-01-03T21:09:06,29.91244,-90.12834,7.3,291.8,293.0,SANDPIPER,,WDG2173,31,0,23,,,57,A
367512920,2022-01-03T20:39:06,29.92291,-90.06756,6.6,221.4,224.0,SANDPIPER,,WDG2173,31,0,23,,,57,A
367512920,2022-01-03T20:41:26,29.92022,-90.07125,6.4,236.2,240.0,SANDPIPER,,WDG2173,31,0,23,,,57,A
367512920,2022-01-03T21:11:19,29.91461,-90.13316,7.9,302.6,305.0,SANDPIPER,,WDG2173,31,0,23,,,57,A
367512920,2022-01-03T20:57:15,29.91083,-90.10269,6.6,257.3,260.0,SANDPIPER,,WDG2173,31,0,23,,,57,A
367512920,2022-01-03T21:17:57,29.92460,-90.14072,6.6,358.2,1.0,SANDPIPER,,WDG2173,31,0,23,,,57,A
367512920,2022-01-03T21:19:06,29.92677,-90.14068,6.7,0.3,0.0,SANDPIPER,,WDG2173,31,0,23,,,57,A
367512920,2022-01-03T20:48:17,29.91533,-90.08442,6.6,250.2,251.0,SANDPIPER,,WDG2173,31,0,23,,,57,A
367512920,2022-01-03T21:05:36,29.91039,-90.12064,7.0,271.2,275.0,SANDPIPER,,WDG2173,31,0,23,,,57,A
367512920,2022-01-03T20:50:26,29.91427,-90.08873,6.7,257.5,257.0,SANDPIPER,,WDG2173,31,0,23,,,57,A
367512920,2022-01-03T21:03:16,29.91031,-90.11553,6.8,272.3,272.0,SANDPIPER,,WDG2173,31,0,23,,,57,A
367512920,2022-01-03T20:51:36,29.91365,-90.09116,6.8,249.9,250.0,SANDPIPER,,WDG2173,31,0,23,,,57,A
367512920,2022-01-03T22:01:36,29.92663,-90.19584,7.0,245.7,246.0,SANDPIPER,,WDG2173,31,0,23,,,57,A
367512920,2022-01-03T21:23:46,29.93564,-90.14046,6.9,359.7,359.0,SANDPIPER,,WDG2173,31,0,23,,,57,A
367512920,2022-01-03T21:26:06,29.94019,-90.14063,7.1,356.6,357.0,SANDPIPER,,WDG2173,31,0,23,,,57,A
367512920,2022-01-03T20:44:47,29.91754,-90.07754,6.7,246.7,247.0,SANDPIPER,,WDG2173,31,0,23,,,57,A
367512920,2022-01-03T21:10:17,29.91350,-90.13084,7.6,294.6,294.0,SANDPIPER,,WDG2173,31,0,23,,,57,A
367512920,2022-01-03T21:13:36,29.91761,-90.13684,6.6,319.5,329.0,SANDPIPER,,WDG2173,31,0,23,,,57,A
367512920,2022-01-03T22:11:46,29.92900,-90.21574,6.3,314.2,321.0,SANDPIPER,,WDG2173,31,0,23,,,57,A
367512920,2022-01-03T20:52:37,29.91291,-90.09318,6.7,249.7,254.0,SANDPIPER,,WDG2173,31,0,23,,,57,A
367512920,2022-01-03T21:02:06,29.91025,-90.11302,6.8,268.6,270.0,SANDPIPER,,WDG2173,31,0,23,,,57,A
367512920,2022-01-03T20:53:46,29.91243,-90.09556,6.6,256.6,254.0,SANDPIPER,,WDG2173,31,0,23,,,57,A
367512920,2022-01-03T21:37:10,29.95322,-90.15389,6.5,239.8,243.0,SANDPIPER,,WDG2173,31,0,23,,,57,A
367512920,2022-01-03T21:06:46,29.91088,-90.12321,7.2,287.7,288.0,SANDPIPER,,WDG2173,31,0,23,,,57,A
367512920,2022-01-03T20:56:07,29.91132,-90.10036,6.6,258.8,259.0,SANDPIPER,,WDG2173,31,0,23,,,57,A
367512920,2022-01-03T21:24:56,29.93790,-90.14050,7.0,357.0,355.0,SANDPIPER,,WDG2173,31,0,23,,,57,A
367512920,2022-01-03T21:29:36,29.94706,-90.14172,7.2,348.3,349.0,SANDPIPER,,WDG2173,31,0,23,,,57,A
367512920,2022-01-03T21:28:27,29.94480,-90.14116,7.2,351.4,349.0,SANDPIPER,,WDG2173,31,0,23,,,57,A
367512920,2022-01-03T22:24:36,29.95046,-90.22461,6.6,335.5,333.0,SANDPIPER,,WDG2173,31,0,23,,,57,A
367512920,2022-01-03T21:49:17,29.94062,-90.17457,6.6,231.5,232.0,SANDPIPER,,WDG2173,31,0,23,,,57,A
367512920,2022-01-03T21:14:46,29.91931,-90.13820,6.5,325.0,333.0,SANDPIPER,,WDG2173,31,0,23,,,57,A
367512920,2022-01-03T21:07:56,29.91168,-90.12578,7.3,288.3,288.0,SANDPIPER,,WDG2173,31,0,23,,,57,A
367512920,2022-01-03T21:21:27,29.93120,-90.14065,6.9,0.5,1.0,SANDPIPER,,WDG2173,31,0,23,,,57,A
367512920,2022-01-03T21:52:47,29.93625,-90.18015,6.7,231.5,233.0,SANDPIPER,,WDG2173,31,0,23,,,57,A
367512920,2022-01-03T21:39:26,29.95136,-90.15802,6.5,249.3,247.0,SANDPIPER,,WDG2173,31,0,23,,,57,A
367512920,2022-01-03T21:54:57,29.93338,-90.18344,6.8,215.2,221.0,SANDPIPER,,WDG2173,31,0,23,,,57,A
367512920,2022-01-03T21:12:27,29.91602,-90.13514,6.9,314.5,320.0,SANDPIPER,,WDG2173,31,0,23,,,57,A
367512920,2022-01-03T21:27:15,29.94245,-90.14076,7.1,353.4,352.0,SANDPIPER,,WDG2173,31,0,23,,,57,A
367512920,2022-01-03T21:57:26,29.93056,-90.18775,6.9,234.3,236.0,SANDPIPER,,WDG2173,31,0,23,,,57,A
367512920,2022-01-03T21:15:55,29.92108,-90.13962,6.6,327.3,339.0,SANDPIPER,,WDG2173,31,0,23,,,57,A
367512920,2022-01-03T09:57:57,29.92025,-89.95317,0.0,305.9,247.0,SANDPIPER,,WDG2173,31,0,23,,,57,A
367512920,2022-01-03T09:59:07,29.92024,-89.95317,0.1,160.2,248.0,SANDPIPER,,WDG2173,31,0,23,,,57,A
367512920,2022-01-03T21:34:02,29.95447,-90.14756,7.0,284.6,277.0,SANDPIPER,,WDG2173,31,0,23,,,57,A
367512920,2022-01-03T22:02:46,29.92566,-90.19825,7.2,245.1,247.0,SANDPIPER,,WDG2173,31,0,23,,,57,A
367512920,2022-01-03T21:46:56,29.94331,-90.17082,6.5,230.2,229.0,SANDPIPER,,WDG2173,31,0,23,,,57,A
367512920,2022-01-03T22:03:47,29.92483,-90.20039,7.4,246.5,249.0,SANDPIPER,,WDG2173,31,0,23,,,57,A
367512920,2022-01-03T22:46:06,29.96936,-90.26138,6.0,269.5,268.0,SANDPIPER,,WDG2173,31,0,23,,,57,A
367512920,2022-01-03T21:50:36,29.93898,-90.17667,6.7,226.4,226.0,SANDPIPER,,WDG2173,31,0,23,,,57,A
367512920,2022-01-03T22:07:16,29.92436,-90.20829,7.0,279.0,282.0,SANDPIPER,,WDG2173,31,0,23,,,57,A
367512920,2022-01-03T21:35:04,29.95451,-90.14973,6.6,261.7,257.0,SANDPIPER,,WDG2173,31,0,23,,,57,A
367512920,2022-01-03T21:43:17,29.94759,-90.16496,6.7,231.7,230.0,SANDPIPER,,WDG2173,31,0,23,,,57,A
367512920,2022-01-03T22:49:36,29.96825,-90.26797,6.5,238.7,246.0,SANDPIPER,,WDG2173,31,0,23,,,57,A
367512920,2022-01-03T21:56:17,29.93182,-90.18567,6.9,238.0,239.0,SANDPIPER,,WDG2173,31,0,23,,,57,A
367512920,2022-01-03T21:48:16,29.94173,-90.17291,6.5,230.4,233.0,SANDPIPER,,WDG2173,31,0,23,,,57,A
367512920,2022-01-03T21:38:16,29.95229,-90.15584,6.5,238.0,234.0,SANDPIPER,,WDG2173,31,0,23,,,57,A
367512920,2022-01-03T21:51:37,29.93766,-90.17822,6.7,229.7,230.0,SANDPIPER,,WDG2173,31,0,23,,,57,A
367512920,2022-01-03T22:08:19,29.92497,-90.21046,6.6,299.0,301.0,SANDPIPER,,WDG2173,31,0,23,,,57,A
367512920,2022-01-03T21:40:37,29.95043,-90.16019,6.6,241.6,242.0,SANDPIPER,,WDG2173,31,0,23,,,57,A
367512920,2022-01-03T21:53:56,29.93481,-90.18197,6.8,225.7,229.0,SANDPIPER,,WDG2173,31,0,23,,,57,A
367512920,2022-01-03T22:06:06,29.92403,-90.20569,7.3,270.3,275.0,SANDPIPER,,WDG2173,31,0,23,,,57,A
367512920,2022-01-03T22:21:07,29.94467,-90.22181,6.4,342.0,342.0,SANDPIPER,,WDG2173,31,0,23,,,57,A
367512920,2022-01-03T22:09:26,29.92610,-90.21242,6.5,308.1,311.0,SANDPIPER,,WDG2173,31,0,23,,,57,A
367512920,2022-01-03T21:58:36,29.92931,-90.18989,7.0,237.7,240.0,SANDPIPER,,WDG2173,31,0,23,,,57,A
367512920,2022-01-03T22:10:37,29.92751,-90.21418,6.2,318.0,323.0,SANDPIPER,,WDG2173,31,0,23,,,57,A
367512920,2022-01-03T21:59:47,29.92811,-90.19215,7.0,241.0,244.0,SANDPIPER,,WDG2173,31,0,23,,,57,A
367512920,2022-01-03T22:12:57,29.93063,-90.21717,6.3,331.8,339.0,SANDPIPER,,WDG2173,31,0,23,,,57,A
367512920,2022-01-03T22:14:07,29.93254,-90.21799,6.3,339.5,342.0,SANDPIPER,,WDG2173,31,0,23,,,57,A
367512920,2022-01-03T22:15:17,29.93455,-90.21877,6.4,340.5,344.0,SANDPIPER,,WDG2173,31,0,23,,,57,A
367512920,2022-01-03T22:35:46,29.96523,-90.24110,6.7,302.4,300.0,SANDPIPER,,WDG2173,31,0,23,,,57,A
367512920,2022-01-03T22:00:25,29.92757,-90.19343,7.0,245.3,247.0,SANDPIPER,,WDG2173,31,0,23,,,57,A
367512920,2022-01-03T22:27:59,29.95562,-90.22859,6.6,321.0,321.0,SANDPIPER,,WDG2173,31,0,23,,,57,A
367512920,2022-01-03T22:29:04,29.95720,-90.23002,6.7,327.2,321.0,SANDPIPER,,WDG2173,31,0,23,,,57,A
367512920,2022-01-03T22:04:56,29.92415,-90.20301,7.3,260.9,263.0,SANDPIPER,,WDG2173,31,0,23,,,57,A
367512920,2022-01-03T22:30:06,29.95857,-90.23159,6.8,313.3,316.0,SANDPIPER,,WDG2173,31,0,23,,,57,A
367512920,2022-01-03T22:32:19,29.96138,-90.23510,6.7,300.1,301.0,SANDPIPER,,WDG2173,31,0,23,,,57,A
367512920,2022-01-03T22:16:26,29.93648,-90.21941,6.4,341.3,343.0,SANDPIPER,,WDG2173,31,0,23,,,57,A
367512920,2022-01-03T10:25:56,29.92025,-89.95317,0.1,329.5,244.0,SANDPIPER,,WDG2173,31,0,23,,,57,A
367512920,2022-01-03T22:33:26,29.96262,-90.23703,6.8,309.8,309.0,SANDPIPER,,WDG2173,31,0,23,,,57,A
367512920,2022-01-03T22:36:56,29.96592,-90.24348,6.8,287.1,292.0,SANDPIPER,,WDG2173,31,0,23,,,57,A
367512920,2022-01-03T22:22:16,29.94657,-90.22272,6.5,339.4,341.0,SANDPIPER,,WDG2173,31,0,23,,,57,A
367512920,2022-01-03T10:28:16,29.92026,-89.95318,0.0,220.4,245.0,SANDPIPER,,WDG2173,31,0,23,,,57,A
367512920,2022-01-03T22:50:46,29.96734,-90.27008,6.3,243.5,250.0,SANDPIPER,,WDG2173,31,0,23,,,57,A
367512920,2022-01-03T22:37:57,29.96669,-90.24547,6.8,292.8,292.0,SANDPIPER,,WDG2173,31,0,23,,,57,A
367512920,2022-01-03T22:17:36,29.93855,-90.22002,6.5,348.5,347.0,SANDPIPER,,WDG2173,31,0,23,,,57,A
367512920,2022-01-03T22:41:26,29.96923,-90.25226,6.4,293.1,286.0,SANDPIPER,,WDG2173,31,0,23,,,57,A
367512920,2022-01-03T22:18:46,29.94064,-90.22048,6.6,350.1,348.0,SANDPIPER,,WDG2173,31,0,23,,,57,A
367512920,2022-01-03T22:44:57,29.96931,-90.25909,5.2,272.6,275.0,SANDPIPER,,WDG2173,31,0,23,,,57,A
367512920,2022-01-03T22:48:27,29.96919,-90.26590,6.1,261.8,260.0,SANDPIPER,,WDG2173,31,0,23,,,57,A
367512920,2022-01-03T22:23:26,29.94850,-90.22364,6.6,336.4,337.0,SANDPIPER,,WDG2173,31,0,23,,,57,A
367512920,2022-01-03T22:39:05,29.96760,-90.24775,6.8,297.8,297.0,SANDPIPER,,WDG2173,31,0,23,,,57,A
367512920,2022-01-03T10:32:56,29.92023,-89.95317,0.1,158.9,246.0,SANDPIPER,,WDG2173,31,0,23,,,57,A
367512920,2022-01-03T23:52:07,29.94440,-90.37913,6.2,310.9,306.0,SANDPIPER,,WDG2173,31,0,23,,,57,A
367512920,2022-01-03T22:57:16,29.96330,-90.28264,6.6,253.5,254.0,SANDPIPER,,WDG2173,31,0,23,,,57,A
367512920,2022-01-03T22:26:56,29.95417,-90.22712,6.6,323.2,322.0,SANDPIPER,,WDG2173,31,0,23,,,57,A
367512920,2022-01-03T22:31:17,29.96021,-90.23335,6.7,316.1,315.0,SANDPIPER,,WDG2173,31,0,23,,,57,A
367512920,2022-01-03T22:58:26,29.96271,-90.28503,6.6,254.2,253.0,SANDPIPER,,WDG2173,31,0,23,,,57,A
367512920,2022-01-03T23:12:27,29.94874,-90.30714,6.3,235.0,230.0,SANDPIPER,,WDG2173,31,0,23,,,57,A
367512920,2022-01-03T23:14:56,29.94546,-90.31064,6.6,225.1,226.0,SANDPIPER,,WDG2173,31,0,23,,,57,A
367512920,2022-01-03T22:34:36,29.96399,-90.23902,6.7,307.4,306.0,SANDPIPER,,WDG2173,31,0,23,,,57,A
367512920,2022-01-03T23:59:07,29.95189,-90.39015,6.3,321.3,322.0,SANDPIPER,,WDG2173,31,0,23,,,57,A
367512920,2022-01-03T23:06:46,29.95458,-90.29839,6.1,224.3,228.0,SANDPIPER,,WDG2173,31,0,23,,,57,A
367512920,2022-01-03T23:07:56,29.95330,-90.30014,6.1,228.2,226.0,SANDPIPER,,WDG2173,31,0,23,,,57,A
367512920,2022-01-03T23:09:07,29.95183,-90.30167,6.0,221.0,225.0,SANDPIPER,,WDG2173,31,0,23,,,57,A
367512920,2022-01-03T22:42:36,29.96937,-90.25465,6.5,263.4,268.0,SANDPIPER,,WDG2173,31,0,23,,,57,A
367512920,2022-01-03T23:24:17,29.93606,-90.32625,6.2,253.0,255.0,SANDPIPER,,WDG2173,31,0,23,,,57,A
367512920,2022-01-03T23:19:37,29.93942,-90.31782,6.5,235.0,237.0,SANDPIPER,,WDG2173,31,0,23,,,57,A
367512920,2022-01-03T23:32:07,29.93531,-90.34170,6.2,276.2,277.0,SANDPIPER,,WDG2173,31,0,23,,,57,A
367512920,2022-01-03T23:20:47,29.93835,-90.31989,6.4,241.3,243.0,SANDPIPER,,WDG2173,31,0,23,,,57,A
367512920,2022-01-03T22:53:46,29.96534,-90.27570,6.5,253.4,253.0,SANDPIPER,,WDG2173,31,0,23,,,57,A
367512920,2022-01-03T23:21:55,29.93747,-90.32187,6.1,243.9,245.0,SANDPIPER,,WDG2173,31,0,23,,,57,A
367512920,2022-01-03T22:54:57,29.96466,-90.27799,6.5,252.9,256.0,SANDPIPER,,WDG2173,31,0,23,,,57,A
367512920,2022-01-03T22:56:07,29.96394,-90.28030,6.6,252.3,253.0,SANDPIPER,,WDG2173,31,0,23,,,57,A
367512920,2022-01-03T23:34:26,29.93585,-90.34634,6.4,278.9,280.0,SANDPIPER,,WDG2173,31,0,23,,,57,A
367512920,2022-01-03T23:11:07,29.94992,-90.30483,6.2,243.4,239.0,SANDPIPER,,WDG2173,31,0,23,,,57,A
367512920,2022-01-03T10:44:57,29.92025,-89.95317,0.2,155.1,245.0,SANDPIPER,,WDG2173,31,0,23,,,57,A
367512920,2022-01-03T23:38:46,29.93690,-90.35484,6.1,278.9,283.0,SANDPIPER,,WDG2173,31,0,23,,,57,A
367512920,2022-01-03T23:42:16,29.93822,-90.36158,6.3,282.5,285.0,SANDPIPER,,WDG2173,31,0,23,,,57,A
367512920,2022-01-03T23:13:45,29.94706,-90.30897,6.6,217.8,222.0,SANDPIPER,,WDG2173,31,0,23,,,57,A
367512920,2022-01-03T23:02:10,29.95994,-90.29173,6.1,223.2,226.0,SANDPIPER,,WDG2173,31,0,23,,,57,A
367512920,2022-01-03T23:48:37,29.94115,-90.37338,6.1,292.3,291.0,SANDPIPER,,WDG2173,31,0,23,,,57,A
367512920,2022-01-03T23:37:37,29.93664,-90.35261,6.1,278.8,283.0,SANDPIPER,,WDG2173,31,0,23,,,57,A
367512920,2022-01-03T23:05:36,29.95595,-90.29675,6.2,227.6,231.0,SANDPIPER,,WDG2173,31,0,23,,,57,A
367512920,2022-01-03T23:41:07,29.93780,-90.35938,6.2,283.5,284.0,SANDPIPER,,WDG2173,31,0,23,,,57,A
367512920,2022-01-03T23:16:07,29.94392,-90.31237,6.7,228.9,230.0,SANDPIPER,,WDG2173,31,0,23,,,57,A
367512920,2022-01-03T23:46:16,29.93974,-90.36922,6.1,283.8,287.0,SANDPIPER,,WDG2173,31,0,23,,,57,A
367512920,2022-01-03T23:17:17,29.94240,-90.31416,6.8,224.3,227.0,SANDPIPER,,WDG2173,31,0,23,,,57,A
367512920,2022-01-03T23:47:25,29.94040,-90.37127,6.0,296.6,297.0,SANDPIPER,,WDG2173,31,0,23,,,57,A
367512920,2022-01-03T23:29:37,29.93497,-90.33666,6.4,266.6,268.0,SANDPIPER,,WDG2173,31,0,23,,,57,A
367512920,2022-01-03T23:18:27,29.94086,-90.31593,6.7,224.2,229.0,SANDPIPER,,WDG2173,31,0,23,,,57,A
367512920,2022-01-03T23:53:08,29.94534,-90.38082,6.3,307.5,303.0,SANDPIPER,,WDG2173,31,0,23,,,57,A
367512920,2022-01-03T23:56:46,29.94892,-90.38686,6.3,307.2,306.0,SANDPIPER,,WDG2173,31,0,23,,,57,A
367512920,2022-01-03T23:36:26,29.93640,-90.35032,6.2,278.1,279.0,SANDPIPER,,WDG2173,31,0,23,,,57,A
367512920,2022-01-03T23:23:07,29.93673,-90.32403,6.2,252.0,251.0,SANDPIPER,,WDG2173,31,0,23,,,57,A
367512920,2022-01-03T10:56:25,29.92031,-89.95322,0.2,320.4,240.0,SANDPIPER,,WDG2173,31,0,23,,,57,A
367512920,2022-01-03T10:58:46,29.92018,-89.95313,0.1,156.8,250.0,SANDPIPER,,WDG2173,31,0,23,,,57,A
367512920,2022-01-03T23:30:56,29.93506,-90.33934,6.3,273.8,275.0,SANDPIPER,,WDG2173,31,0,23,,,57,A
367512920,2022-01-03T23:33:16,29.93554,-90.34400,6.4,277.9,281.0,SANDPIPER,,WDG2173,31,0,23,,,57,A
367512920,2022-01-03T11:05:36,29.92021,-89.95315,0.1,317.6,248.0,SANDPIPER,,WDG2173,31,0,23,,,57,A
367512920,2022-01-03T23:51:06,29.94336,-90.37749,6.2,307.6,303.0,SANDPIPER,,WDG2173,31,0,23,,,57,A
367512920,2022-01-03T11:07:56,29.92025,-89.95317,0.0,223.4,245.0,SANDPIPER,,WDG2173,31,0,23,,,57,A
367512920,2022-01-03T23:54:16,29.94649,-90.38263,6.3,305.9,303.0,SANDPIPER,,WDG2173,31,0,23,,,57,A
367512920,2022-01-03T23:45:07,29.93930,-90.36703,6.0,286.1,287.0,SANDPIPER,,WDG2173,31,0,23,,,57,A
367512920,2022-01-03T23:57:55,29.95028,-90.38858,6.3,316.0,316.0,SANDPIPER,,WDG2173,31,0,23,,,57,A
367512920,2022-01-03T23:55:27,29.94748,-90.38477,6.4,299.3,303.0,SANDPIPER,,WDG2173,31,0,23,,,57,A
367512920,2022-01-03T11:27:56,29.91731,-89.96902,3.5,230.1,235.0,SANDPIPER,,WDG2173,31,0,23,,,57,A
367512920,2022-01-03T11:58:57,29.91507,-89.97214,0.9,228.8,233.0,SANDPIPER,,WDG2173,31,0,23,,,57,A
367512920,2022-01-03T12:14:15,29.91498,-89.97223,0.1,245.8,230.0,SANDPIPER,,WDG2173,31,0,23,,,57,A
367512920,2022-01-03T12:28:17,29.91497,-89.97223,0.0,306.7,230.0,SANDPIPER,,WDG2173,31,0,23,,,57,A
367512920,2022-01-03T12:47:27,29.91409,-89.97350,3.8,232.1,231.0,SANDPIPER,,WDG2173,31,0,23,,,57,A
367512920,2022-01-03T12:48:35,29.91296,-89.97502,6.7,229.9,232.0,SANDPIPER,,WDG2173,31,0,23,,,57,A
367512920,2022-01-03T12:55:36,29.90534,-89.98567,7.2,231.1,231.0,SANDPIPER,,WDG2173,31,0,23,,,57,A
367512920,2022-01-03T13:07:27,29.89409,-89.99509,0.0,241.2,192.0,SANDPIPER,,WDG2173,31,0,23,,,57,A
367512920,2022-01-03T13:14:20,29.89460,-89.99489,2.6,228.0,215.0,SANDPIPER,,WDG2173,31,0,23,,,57,A
367512920,2022-01-03T13:15:27,29.89321,-89.99607,5.6,216.2,215.0,SANDPIPER,,WDG2173,31,0,23,,,57,A
367512920,2022-01-03T13:25:46,29.88885,-89.99832,0.1,94.0,187.0,SANDPIPER,,WDG2173,31,0,23,,,57,A
367512920,2022-01-03T13:34:56,29.88884,-89.99823,0.1,280.4,193.0,SANDPIPER,,WDG2173,31,0,23,,,57,A
367512920,2022-01-03T13:45:16,29.88883,-89.99817,0.2,275.5,196.0,SANDPIPER,,WDG2173,31,0,23,,,57,A
367512920,2022-01-03T13:51:06,29.88884,-89.99826,0.1,277.7,191.0,SANDPIPER,,WDG2173,31,0,23,,,57,A
367512920,2022-01-03T13:54:36,29.88883,-89.99820,0.2,99.7,195.0,SANDPIPER,,WDG2173,31,0,23,,,57,A
367512920,2022-01-03T14:16:16,29.88751,-89.99973,3.9,213.7,213.0,SANDPIPER,,WDG2173,31,0,23,,,57,A
367512920,2022-01-03T14:17:17,29.88664,-90.00038,3.6,212.8,210.0,SANDPIPER,,WDG2173,31,0,23,,,57,A
367512920,2022-01-03T14:19:46,29.88528,-90.00101,0.8,172.0,225.0,SANDPIPER,,WDG2173,31,0,23,,,57,A
367512920,2022-01-03T14:21:56,29.88501,-90.00109,0.3,9.4,227.0,SANDPIPER,,WDG2173,31,0,23,,,57,A
367512920,2022-01-03T14:28:56,29.88329,-90.00172,0.3,102.9,189.0,SANDPIPER,,WDG2173,31,0,23,,,57,A
367512920,2022-01-03T14:42:37,29.87518,-90.00708,7.1,206.3,204.0,SANDPIPER,,WDG2173,31,0,23,,,57,A
367512920,2022-01-03T14:51:47,29.85990,-90.01593,6.7,209.1,211.0,SANDPIPER,,WDG2173,31,0,23,,,57,A
367512920,2022-01-03T15:04:26,29.84273,-90.03374,6.7,235.1,236.0,SANDPIPER,,WDG2173,31,0,23,,,57,A
367512920,2022-01-03T15:06:36,29.84041,-90.03746,6.8,232.7,236.0,SANDPIPER,,WDG2173,31,0,23,,,57,A
367512920,2022-01-03T15:14:45,29.83203,-90.05083,5.1,233.4,236.0,SANDPIPER,,WDG2173,31,0,23,,,57,A
367512920,2022-01-03T15:19:27,29.82861,-90.05623,3.4,233.6,243.0,SANDPIPER,,WDG2173,31,0,23,,,57,A
367512920,2022-01-03T15:21:46,29.82781,-90.05768,1.3,242.0,251.0,SANDPIPER,,WDG2173,31,0,23,,,57,A
367512920,2022-01-03T15:26:27,29.82767,-90.05849,0.2,329.9,238.0,SANDPIPER,,WDG2173,31,0,23,,,57,A
367512920,2022-01-03T15:42:54,29.82795,-90.05795,0.3,246.5,317.0,SANDPIPER,,WDG2173,31,0,23,,,57,A
367512920,2022-01-03T15:47:06,29.82818,-90.05765,0.5,313.9,251.0,SANDPIPER,,WDG2173,31,0,23,,,57,A
367512920,2022-01-03T15:49:26,29.82833,-90.05776,0.1,303.6,235.0,SANDPIPER,,WDG2173,31,0,23,,,57,A
367512920,2022-01-03T15:56:17,29.82833,-90.05776,0.1,57.5,236.0,SANDPIPER,,WDG2173,31,0,23,,,57,A
367512920,2022-01-03T16:19:56,29.82795,-90.05740,0.1,7.9,243.0,SANDPIPER,,WDG2173,31,0,23,,,57,A
367512920,2022-01-03T16:30:07,29.82780,-90.05737,0.5,287.7,246.0,SANDPIPER,,WDG2173,31,0,23,,,57,A
367512920,2022-01-03T16:34:46,29.82808,-90.05761,0.3,329.1,244.0,SANDPIPER,,WDG2173,31,0,23,,,57,A
367512920,2022-01-03T16:39:27,29.82820,-90.05768,0.0,210.6,236.0,SANDPIPER,,WDG2173,31,0,23,,,57,A
367512920,2022-01-03T16:42:55,29.82822,-90.05768,0.1,170.9,235.0,SANDPIPER,,WDG2173,31,0,23,,,57,A
367512920,2022-01-03T16:58:47,29.82833,-90.05776,0.0,275.5,322.0,SANDPIPER,,WDG2173,31,0,23,,,57,A
367512920,2022-01-03T17:12:56,29.82765,-90.05861,0.0,242.6,54.0,SANDPIPER,,WDG2173,31,0,23,,,57,A
367512920,2022-01-03T17:25:37,29.83665,-90.04339,6.5,54.3,52.0,SANDPIPER,,WDG2173,31,0,23,,,57,A
367512920,2022-01-03T17:31:55,29.84317,-90.03264,6.4,55.6,51.0,SANDPIPER,,WDG2173,31,0,23,,,57,A
367512920,2022-01-03T17:43:46,29.85903,-90.01643,6.1,28.7,26.0,SANDPIPER,,WDG2173,31,0,23,,,57,A
367512920,2022-01-03T17:44:57,29.86074,-90.01534,6.0,30.4,28.0,SANDPIPER,,WDG2173,31,0,23,,,57,A
367512920,2022-01-03T17:49:37,29.86735,-90.01150,5.1,23.8,27.0,SANDPIPER,,WDG2173,31,0,23,,,57,A
367512920,2022-01-03T17:53:07,29.87186,-90.00908,6.1,24.1,25.0,SANDPIPER,,WDG2173,31,0,23,,,57,A
367512920,2022-01-03T17:54:15,29.87363,-90.00780,6.3,29.7,24.0,SANDPIPER,,WDG2173,31,0,23,,,57,A
367512920,2022-01-03T17:57:46,29.87913,-90.00446,6.5,27.0,27.0,SANDPIPER,,WDG2173,31,0,23,,,57,A
367512920,2022-01-03T18:00:56,29.88430,-90.00136,6.5,33.4,27.0,SANDPIPER,,WDG2173,31,0,23,,,57,A
367512920,2022-01-03T18:02:05,29.88613,-90.00024,6.5,27.2,27.0,SANDPIPER,,WDG2173,31,0,23,,,57,A
367512920,2022-01-03T18:07:56,29.89572,-89.99466,6.7,25.7,24.0,SANDPIPER,,WDG2173,31,0,23,,,57,A
367512920,2022-01-03T18:11:20,29.90100,-89.99083,6.2,31.5,36.0,SANDPIPER,,WDG2173,31,0,23,,,57,A
367512920,2022-01-03T18:18:16,29.90916,-89.98041,4.0,46.2,37.0,SANDPIPER,,WDG2173,31,0,23,,,57,A
367512920,2022-01-03T18:21:47,29.91077,-89.97844,1.4,48.0,6.0,SANDPIPER,,WDG2173,31,0,23,,,57,A
367512920,2022-01-03T18:27:26,29.91143,-89.97784,0.1,265.6,2.0,SANDPIPER,,WDG2173,31,0,23,,,57,A
367512920,2022-01-03T18:28:37,29.91143,-89.97786,0.0,255.1,3.0,SANDPIPER,,WDG2173,31,0,23,,,57,A
367512920,2022-01-03T19:00:27,29.91504,-89.97223,3.2,49.2,52.0,SANDPIPER,,WDG2173,31,0,23,,,57,A
367512920,2022-01-03T19:02:45,29.91690,-89.96967,5.4,50.6,52.0,SANDPIPER,,WDG2173,31,0,23,,,57,A
367512920,2022-01-03T19:11:25,29.92489,-89.97426,7.8,281.1,290.0,SANDPIPER,,WDG2173,31,0,23,,,57,A
367512920,2022-01-03T19:13:46,29.92639,-89.97974,7.6,292.5,295.0,SANDPIPER,,WDG2173,31,0,23,,,57,A
367512920,2022-01-03T19:34:16,29.93443,-89.99919,0.0,201.6,306.0,SANDPIPER,,WDG2173,31,0,23,,,57,A
367512920,2022-01-03T19:35:25,29.93443,-89.99919,0.0,184.2,305.0,SANDPIPER,,WDG2173,31,0,23,,,57,A
367512920,2022-01-03T19:52:16,29.93950,-90.00538,5.7,313.3,312.0,SANDPIPER,,WDG2173,31,0,23,,,57,A
367512920,2022-01-03T20:03:06,29.94922,-90.02309,6.6,296.7,297.0,SANDPIPER,,WDG2173,31,0,23,,,57,A
367512920,2022-01-03T20:08:55,29.95363,-90.03406,6.4,290.6,292.0,SANDPIPER,,WDG2173,31,0,23,,,57,A
367512920,2022-01-03T20:19:04,29.95605,-90.05632,7.3,232.0,225.0,SANDPIPER,,WDG2173,31,0,23,,,57,A
367512920,2022-01-03T20:30:47,29.93572,-90.05911,6.6,198.0,196.0,SANDPIPER,,WDG2173,31,0,23,,,57,A
367512920,2022-01-03T20:31:56,29.93374,-90.05976,6.3,196.5,197.0,SANDPIPER,,WDG2173,31,0,23,,,57,A
367512920,2022-01-03T20:34:17,29.92978,-90.06144,6.2,206.9,210.0,SANDPIPER,,WDG2173,31,0,23,,,57,A
367512920,2022-01-03T20:37:56,29.92453,-90.06610,6.4,215.8,220.0,SANDPIPER,,WDG2173,31,0,23,,,57,A
367512920,2022-01-03T20:40:17,29.92142,-90.06932,6.5,232.1,236.0,SANDPIPER,,WDG2173,31,0,23,,,57,A
367512920,2022-01-03T20:59:17,29.91037,-90.10690,6.7,264.8,266.0,SANDPIPER,,WDG2173,31,0,23,,,57,A
367512920,2022-01-03T21:00:56,29.91027,-90.11050,6.8,270.8,271.0,SANDPIPER,,WDG2173,31,0,23,,,57,A
367512920,2022-01-03T21:04:26,29.91039,-90.11807,6.9,272.7,275.0,SANDPIPER,,WDG2173,31,0,23,,,57,A
367512920,2022-01-03T21:16:56,29.92278,-90.14045,6.5,342.0,352.0,SANDPIPER,,WDG2173,31,0,23,,,57,A
367512920,2022-01-03T21:30:46,29.94942,-90.14248,8.0,337.7,336.0,SANDPIPER,,WDG2173,31,0,23,,,57,A
367512920,2022-01-03T21:31:56,29.95174,-90.14373,8.1,334.8,336.0,SANDPIPER,,WDG2173,31,0,23,,,57,A
367512920,2022-01-03T21:33:00,29.95366,-90.14539,7.7,309.6,304.0,SANDPIPER,,WDG2173,31,0,23,,,57,A
367512920,2022-01-03T21:36:06,29.95399,-90.15186,6.6,253.7,253.0,SANDPIPER,,WDG2173,31,0,23,,,57,A
367512920,2022-01-03T21:44:36,29.94605,-90.16707,6.6,229.9,228.0,SANDPIPER,,WDG2173,31,0,23,,,57,A
367512920,2022-01-03T22:19:55,29.94267,-90.22101,6.5,342.2,340.0,SANDPIPER,,WDG2173,31,0,23,,,57,A
367512920,2022-01-03T22:25:46,29.95238,-90.22582,6.7,329.6,329.0,SANDPIPER,,WDG2173,31,0,23,,,57,A
367512920,2022-01-03T22:40:15,29.96851,-90.25001,6.6,293.2,289.0,SANDPIPER,,WDG2173,31,0,23,,,57,A
367512920,2022-01-03T22:43:46,29.96932,-90.25706,6.8,269.2,271.0,SANDPIPER,,WDG2173,31,0,23,,,57,A
367512920,2022-01-03T22:47:15,29.96936,-90.26359,6.2,271.6,270.0,SANDPIPER,,WDG2173,31,0,23,,,57,A
367512920,2022-01-03T22:59:27,29.96219,-90.28702,6.5,251.3,249.0,SANDPIPER,,WDG2173,31,0,23,,,57,A
367512920,2022-01-03T23:01:06,29.96106,-90.29011,6.2,242.4,239.0,SANDPIPER,,WDG2173,31,0,23,,,57,A
367512920,2022-01-03T23:03:16,29.95858,-90.29321,6.1,227.4,231.0,SANDPIPER,,WDG2173,31,0,23,,,57,A
367512920,2022-01-03T23:04:26,29.95733,-90.29501,6.2,233.4,232.0,SANDPIPER,,WDG2173,31,0,23,,,57,A
367512920,2022-01-03T23:25:27,29.93555,-90.32846,6.2,257.4,259.0,SANDPIPER,,WDG2173,31,0,23,,,57,A
367512920,2022-01-03T23:26:37,29.93520,-90.33074,6.3,262.7,263.0,SANDPIPER,,WDG2173,31,0,23,,,57,A
367512920,2022-01-03T23:28:27,29.93498,-90.33435,6.1,268.9,269.0,SANDPIPER,,WDG2173,31,0,23,,,57,A
367512920,2022-01-03T23:39:56,29.93728,-90.35710,6.3,278.8,282.0,SANDPIPER,,WDG2173,31,0,23,,,57,A
367512920,2022-01-03T23:43:56,29.93887,-90.36479,6.1,279.4,281.0,SANDPIPER,,WDG2173,31,0,23,,,57,A
367512920,2022-01-03T23:49:55,29.94219,-90.37559,6.1,300.2,298.0,SANDPIPER,,WDG2173,31,0,23,,,57,A
367512920,2022-01-04T00:00:17,29.95344,-90.39157,6.0,323.7,333.0,SANDPIPER,,WDG2173,31,0,23,,,57,A
367512920,2022-01-04T00:01:26,29.95500,-90.39288,6.1,320.6,326.0,SANDPIPER,,WDG2173,31,0,23,,,57,A
367512920,2022-01-04T00:02:27,29.95613,-90.39426,5.7,311.9,321.0,SANDPIPER,,WDG2173,31,0,23,,,57,A
367512920,2022-01-04T00:05:36,29.96109,-90.39596,5.6,352.7,355.0,SANDPIPER,,WDG2173,31,0,23,,,57,A
367512920,2022-01-04T00:03:30,29.95757,-90.39549,5.9,337.4,345.0,SANDPIPER,,WDG2173,31,0,23,,,57,A
367512920,2022-01-04T00:04:35,29.95941,-90.39583,6.3,358.6,358.0,SANDPIPER,,WDG2173,31,0,23,,,57,A
367512920,2022-01-04T00:06:56,29.96318,-90.39626,5.8,349.1,352.0,SANDPIPER,,WDG2173,31,0,23,,,57,A
367512920,2022-01-04T00:08:07,29.96511,-90.39670,6.0,351.9,354.0,SANDPIPER,,WDG2173,31,0,23,,,57,A
367512920,2022-01-04T00:10:26,29.96901,-90.39745,6.3,344.0,348.0,SANDPIPER,,WDG2173,31,0,23,,,57,A
367512920,2022-01-04T00:09:13,29.96699,-90.39684,6.0,356.9,354.0,SANDPIPER,,WDG2173,31,0,23,,,57,A
367512920,2022-01-04T00:11:36,29.97101,-90.39798,6.3,349.8,352.0,SANDPIPER,,WDG2173,31,0,23,,,57,A
367512920,2022-01-04T00:17:26,29.98069,-90.40157,6.2,333.1,334.0,SANDPIPER,,WDG2173,31,0,23,,,57,A
367512920,2022-01-04T00:18:36,29.98243,-90.40275,6.0,324.3,322.0,SANDPIPER,,WDG2173,31,0,23,,,57,A
367512920,2022-01-04T00:19:47,29.98402,-90.40411,6.1,326.4,323.0,SANDPIPER,,WDG2173,31,0,23,,,57,A
367512920,2022-01-04T00:12:45,29.97299,-90.39848,6.2,346.8,349.0,SANDPIPER,,WDG2173,31,0,23,,,57,A
367512920,2022-01-04T00:13:56,29.97505,-90.39911,6.4,343.6,346.0,SANDPIPER,,WDG2173,31,0,23,,,57,A
367512920,2022-01-04T00:15:06,29.97709,-90.39977,6.3,341.7,340.0,SANDPIPER,,WDG2173,31,0,23,,,57,A
367512920,2022-01-04T00:16:17,29.97891,-90.40063,6.2,338.6,339.0,SANDPIPER,,WDG2173,31,0,23,,,57,A
367512920,2022-01-04T00:20:55,29.98548,-90.40560,6.2,312.2,312.0,SANDPIPER,,WDG2173,31,0,23,,,57,A
367512920,2022-01-04T00:27:56,29.99114,-90.41756,6.2,283.8,282.0,SANDPIPER,,WDG2173,31,0,23,,,57,A
367512920,2022-01-04T00:29:06,29.99158,-90.41980,6.3,281.9,280.0,SANDPIPER,,WDG2173,31,0,23,,,57,A
367512920,2022-01-04T00:22:07,29.98684,-90.40744,6.1,307.3,305.0,SANDPIPER,,WDG2173,31,0,23,,,57,A
367512920,2022-01-04T00:23:16,29.98793,-90.40924,6.1,306.1,306.0,SANDPIPER,,WDG2173,31,0,23,,,57,A
367512920,2022-01-04T00:24:25,29.98897,-90.41116,6.2,296.3,294.0,SANDPIPER,,WDG2173,31,0,23,,,57,A
367512920,2022-01-04T00:25:36,29.98976,-90.41333,6.3,296.9,297.0,SANDPIPER,,WDG2173,31,0,23,,,57,A
367512920,2022-01-04T00:36:07,29.99300,-90.43331,5.9,270.4,271.0,SANDPIPER,,WDG2173,31,0,23,,,57,A
367512920,2022-01-04T00:26:46,29.99060,-90.41538,6.1,292.7,289.0,SANDPIPER,,WDG2173,31,0,23,,,57,A
367512920,2022-01-04T00:32:36,29.99251,-90.42673,6.2,282.2,277.0,SANDPIPER,,WDG2173,31,0,23,,,57,A
367512920,2022-01-04T00:30:15,29.99191,-90.42208,6.2,277.1,276.0,SANDPIPER,,WDG2173,31,0,23,,,57,A
367512920,2022-01-04T00:34:56,29.99292,-90.43108,5.8,273.6,273.0,SANDPIPER,,WDG2173,31,0,23,,,57,A
367512920,2022-01-04T00:31:26,29.99216,-90.42439,6.3,278.7,276.0,SANDPIPER,,WDG2173,31,0,23,,,57,A
367512920,2022-01-04T00:39:37,29.99333,-90.43995,5.9,271.5,274.0,SANDPIPER,,WDG2173,31,0,23,,,57,A
367512920,2022-01-04T00:33:46,29.99277,-90.42895,5.8,274.9,275.0,SANDPIPER,,WDG2173,31,0,23,,,57,A
367512920,2022-01-04T00:45:17,29.99485,-90.45056,5.8,282.7,280.0,SANDPIPER,,WDG2173,31,0,23,,,57,A
367512920,2022-01-04T00:38:27,29.99327,-90.43775,6.0,272.4,273.0,SANDPIPER,,WDG2173,31,0,23,,,57,A
367512920,2022-01-04T00:43:06,29.99389,-90.44661,6.1,279.2,279.0,SANDPIPER,,WDG2173,31,0,23,,,57,A
367512920,2022-01-04T00:47:27,29.99629,-90.45435,6.3,304.8,300.0,SANDPIPER,,WDG2173,31,0,23,,,57,A
367512920,2022-01-04T00:40:46,29.99347,-90.44217,6.0,273.6,275.0,SANDPIPER,,WDG2173,31,0,23,,,57,A
367512920,2022-01-04T00:44:16,29.99431,-90.44876,5.9,289.0,288.0,SANDPIPER,,WDG2173,31,0,23,,,57,A
367512920,2022-01-04T00:41:56,29.99363,-90.44437,6.0,276.9,278.0,SANDPIPER,,WDG2173,31,0,23,,,57,A
367512920,2022-01-04T00:49:37,29.99809,-90.45824,6.4,292.6,289.0,SANDPIPER,,WDG2173,31,0,23,,,57,A
367512920,2022-01-04T00:51:56,29.99954,-90.46278,6.6,288.8,286.0,SANDPIPER,,WDG2173,31,0,23,,,57,A
367512920,2022-01-04T00:37:16,29.99312,-90.43552,6.0,275.1,275.0,SANDPIPER,,WDG2173,31,0,23,,,57,A
367512920,2022-01-04T00:53:06,30.00025,-90.46510,6.5,292.4,291.0,SANDPIPER,,WDG2173,31,0,23,,,57,A
367512920,2022-01-04T00:54:16,30.00119,-90.46727,6.5,302.1,305.0,SANDPIPER,,WDG2173,31,0,23,,,57,A
367512920,2022-01-04T00:46:22,29.99530,-90.45258,6.0,294.2,294.0,SANDPIPER,,WDG2173,31,0,23,,,57,A
367512920,2022-01-04T00:55:27,30.00241,-90.46918,6.3,304.7,307.0,SANDPIPER,,WDG2173,31,0,23,,,57,A
367512920,2022-01-04T00:57:46,30.00468,-90.47291,6.1,317.2,328.0,SANDPIPER,,WDG2173,31,0,23,,,57,A
367512920,2022-01-04T00:58:56,30.00636,-90.47418,6.0,333.5,343.0,SANDPIPER,,WDG2173,31,0,23,,,57,A
367512920,2022-01-04T01:01:16,30.01023,-90.47507,6.3,359.6,1.0,SANDPIPER,,WDG2173,31,0,23,,,57,A
367512920,2022-01-04T01:00:15,30.00851,-90.47491,6.2,350.4,353.0,SANDPIPER,,WDG2173,31,0,23,,,57,A
367512920,2022-01-04T01:03:36,30.01423,-90.47489,6.0,4.5,5.0,SANDPIPER,,WDG2173,31,0,23,,,57,A
367512920,2022-01-04T00:48:36,29.99738,-90.45634,6.4,297.5,290.0,SANDPIPER,,WDG2173,31,0,23,,,57,A
367512920,2022-01-04T01:07:15,30.02029,-90.47459,6.0,5.2,5.0,SANDPIPER,,WDG2173,31,0,23,,,57,A
367512920,2022-01-04T00:50:46,29.99877,-90.46049,6.5,290.0,289.0,SANDPIPER,,WDG2173,31,0,23,,,57,A
367512920,2022-01-04T01:09:25,30.02387,-90.47419,5.9,0.8,0.0,SANDPIPER,,WDG2173,31,0,23,,,57,A
367512920,2022-01-04T01:08:17,30.02198,-90.47435,5.9,6.9,5.0,SANDPIPER,,WDG2173,31,0,23,,,57,A
367512920,2022-01-04T01:10:26,30.02553,-90.47421,6.0,3.9,5.0,SANDPIPER,,WDG2173,31,0,23,,,57,A
367512920,2022-01-04T01:02:26,30.01224,-90.47507,6.1,0.1,1.0,SANDPIPER,,WDG2173,31,0,23,,,57,A
367512920,2022-01-04T01:11:30,30.02733,-90.47421,6.0,350.2,349.0,SANDPIPER,,WDG2173,31,0,23,,,57,A
367512920,2022-01-04T01:12:36,30.02920,-90.47440,6.2,0.5,359.0,SANDPIPER,,WDG2173,31,0,23,,,57,A
367512920,2022-01-04T01:13:45,30.03121,-90.47450,6.4,358.1,358.0,SANDPIPER,,WDG2173,31,0,23,,,57,A
367512920,2022-01-04T01:04:56,30.01641,-90.47467,6.0,2.0,2.0,SANDPIPER,,WDG2173,31,0,23,,,57,A
367512920,2022-01-04T01:14:56,30.03330,-90.47463,6.4,357.4,357.0,SANDPIPER,,WDG2173,31,0,23,,,57,A
367512920,2022-01-04T00:56:36,30.00346,-90.47114,6.3,301.8,310.0,SANDPIPER,,WDG2173,31,0,23,,,57,A
367512920,2022-01-04T01:28:46,30.05096,-90.48991,5.9,295.8,291.0,SANDPIPER,,WDG2173,31,0,23,,,57,A
367512920,2022-01-04T01:29:57,30.05193,-90.49186,6.1,297.5,288.0,SANDPIPER,,WDG2173,31,0,23,,,57,A
367512920,2022-01-04T01:18:26,30.03924,-90.47612,6.0,337.0,336.0,SANDPIPER,,WDG2173,31,0,23,,,57,A
367512920,2022-01-04T01:33:16,30.05261,-90.49814,5.9,274.1,267.0,SANDPIPER,,WDG2173,31,0,23,,,57,A
367512920,2022-01-04T01:19:37,30.04109,-90.47705,6.2,335.9,335.0,SANDPIPER,,WDG2173,31,0,23,,,57,A
367512920,2022-01-04T01:25:19,30.04867,-90.48377,6.1,302.6,298.0,SANDPIPER,,WDG2173,31,0,23,,,57,A
367512920,2022-01-04T01:26:26,30.04959,-90.48568,6.0,294.6,292.0,SANDPIPER,,WDG2173,31,0,23,,,57,A
367512920,2022-01-04T01:16:06,30.03536,-90.47483,6.3,354.0,352.0,SANDPIPER,,WDG2173,31,0,23,,,57,A
367512920,2022-01-04T01:06:06,30.01837,-90.47467,6.0,358.3,359.0,SANDPIPER,,WDG2173,31,0,23,,,57,A
367512920,2022-01-04T01:17:15,30.03736,-90.47534,6.3,342.8,343.0,SANDPIPER,,WDG2173,31,0,23,,,57,A
367512920,2022-01-04T01:41:26,30.05075,-90.51373,6.1,257.2,257.0,SANDPIPER,,WDG2173,31,0,23,,,57,A
367512920,2022-01-04T01:21:56,30.04443,-90.47941,6.0,322.0,320.0,SANDPIPER,,WDG2173,31,0,23,,,57,A
367512920,2022-01-04T01:32:09,30.05258,-90.49605,5.9,272.3,264.0,SANDPIPER,,WDG2173,31,0,23,,,57,A
367512920,2022-01-04T01:24:16,30.04745,-90.48231,6.2,320.4,318.0,SANDPIPER,,WDG2173,31,0,23,,,57,A
367512920,2022-01-04T01:46:16,30.04881,-90.52299,6.0,258.5,261.0,SANDPIPER,,WDG2173,31,0,23,,,57,A
367512920,2022-01-04T01:35:36,30.05223,-90.50259,6.2,265.4,264.0,SANDPIPER,,WDG2173,31,0,23,,,57,A
367512920,2022-01-04T01:27:36,30.05029,-90.48777,6.1,286.4,283.0,SANDPIPER,,WDG2173,31,0,23,,,57,A
367512920,2022-01-04T01:31:07,30.05239,-90.49406,6.0,275.6,273.0,SANDPIPER,,WDG2173,31,0,23,,,57,A
367512920,2022-01-04T01:34:26,30.05242,-90.50032,6.0,262.9,265.0,SANDPIPER,,WDG2173,31,0,23,,,57,A
367512920,2022-01-04T01:43:56,30.04991,-90.51861,6.3,257.7,256.0,SANDPIPER,,WDG2173,31,0,23,,,57,A
367512920,2022-01-04T01:42:36,30.05036,-90.51601,6.1,259.0,259.0,SANDPIPER,,WDG2173,31,0,23,,,57,A
367512920,2022-01-04T01:36:47,30.05205,-90.50486,6.1,265.8,263.0,SANDPIPER,,WDG2173,31,0,23,,,57,A
367512920,2022-01-04T01:37:56,30.05168,-90.50706,6.0,258.4,261.0,SANDPIPER,,WDG2173,31,0,23,,,57,A
367512920,2022-01-04T01:40:17,30.05114,-90.51154,6.0,259.0,259.0,SANDPIPER,,WDG2173,31,0,23,,,57,A
367512920,2022-01-04T01:47:25,30.04849,-90.52517,6.1,260.9,263.0,SANDPIPER,,WDG2173,31,0,23,,,57,A
367512920,2022-01-04T01:39:06,30.05141,-90.50931,6.1,260.6,262.0,SANDPIPER,,WDG2173,31,0,23,,,57,A
367512920,2022-01-04T01:45:07,30.04928,-90.52086,6.1,250.9,254.0,SANDPIPER,,WDG2173,31,0,23,,,57,A
367512920,2022-01-04T01:20:47,30.04282,-90.47816,6.1,328.3,328.0,SANDPIPER,,WDG2173,31,0,23,,,57,A
367512920,2022-01-04T02:04:36,30.04876,-90.55816,6.2,270.6,274.0,SANDPIPER,,WDG2173,31,0,23,,,57,A
367512920,2022-01-04T01:54:47,30.04707,-90.53927,6.0,264.8,270.0,SANDPIPER,,WDG2173,31,0,23,,,57,A
367512920,2022-01-04T01:49:47,30.04790,-90.52972,6.2,262.6,268.0,SANDPIPER,,WDG2173,31,0,23,,,57,A
367512920,2022-01-04T01:23:07,30.04593,-90.48087,5.9,319.9,319.0,SANDPIPER,,WDG2173,31,0,23,,,57,A
367512920,2022-01-04T01:52:25,30.04757,-90.53480,6.0,262.7,268.0,SANDPIPER,,WDG2173,31,0,23,,,57,A
367512920,2022-01-04T01:50:56,30.04772,-90.53191,5.9,268.0,272.0,SANDPIPER,,WDG2173,31,0,23,,,57,A
367512920,2022-01-04T02:09:05,30.04902,-90.56713,6.3,271.1,274.0,SANDPIPER,,WDG2173,31,0,23,,,57,A
367512920,2022-01-04T02:00:16,30.04794,-90.54985,6.1,284.3,285.0,SANDPIPER,,WDG2173,31,0,23,,,57,A
367512920,2022-01-04T01:55:55,30.04701,-90.54145,6.0,269.6,274.0,SANDPIPER,,WDG2173,31,0,23,,,57,A
367512920,2022-01-04T01:53:37,30.04735,-90.53701,6.2,258.8,265.0,SANDPIPER,,WDG2173,31,0,23,,,57,A
367512920,2022-01-04T02:16:59,30.04805,-90.57974,0.8,223.5,259.0,SANDPIPER,,WDG2173,31,0,23,,,57,A
367512920,2022-01-04T01:56:56,30.04711,-90.54338,6.1,274.0,275.0,SANDPIPER,,WDG2173,31,0,23,,,57,A
367512920,2022-01-04T01:58:06,30.04727,-90.54573,6.2,282.0,283.0,SANDPIPER,,WDG2173,31,0,23,,,57,A
367512920,2022-01-04T01:59:17,30.04764,-90.54794,6.1,277.3,279.0,SANDPIPER,,WDG2173,31,0,23,,,57,A
367512920,2022-01-04T02:01:17,30.04836,-90.55174,6.1,283.8,283.0,SANDPIPER,,WDG2173,31,0,23,,,57,A
367512920,2022-01-04T02:10:16,30.04921,-90.56949,6.3,276.5,275.0,SANDPIPER,,WDG2173,31,0,23,,,57,A
367512920,2022-01-04T02:11:27,30.04936,-90.57182,6.2,273.3,274.0,SANDPIPER,,WDG2173,31,0,23,,,57,A
367512920,2022-01-04T02:12:35,30.04935,-90.57408,6.3,267.8,268.0,SANDPIPER,,WDG2173,31,0,23,,,57,A
367512920,2022-01-04T02:03:26,30.04866,-90.55588,6.1,274.9,277.0,SANDPIPER,,WDG2173,31,0,23,,,57,A
367512920,2022-01-04T02:20:27,30.04803,-90.57979,0.0,255.3,279.0,SANDPIPER,,WDG2173,31,0,23,,,57,A
367512920,2022-01-04T02:15:56,30.04843,-90.57939,3.1,212.2,232.0,SANDPIPER,,WDG2173,31,0,23,,,57,A
367512920,2022-01-04T02:05:37,30.04885,-90.56019,6.2,272.7,274.0,SANDPIPER,,WDG2173,31,0,23,,,57,A
367512920,2022-01-04T02:18:06,30.04803,-90.57977,0.0,287.9,277.0,SANDPIPER,,WDG2173,31,0,23,,,57,A
367512920,2022-01-04T02:21:37,30.04802,-90.57979,0.0,310.9,279.0,SANDPIPER,,WDG2173,31,0,23,,,57,A
367512920,2022-01-04T02:19:16,30.04802,-90.57977,0.1,281.3,278.0,SANDPIPER,,WDG2173,31,0,23,,,57,A
367512920,2022-01-04T02:06:47,30.04894,-90.56251,6.3,270.7,273.0,SANDPIPER,,WDG2173,31,0,23,,,57,A
367512920,2022-01-04T02:07:57,30.04896,-90.56482,6.2,272.1,274.0,SANDPIPER,,WDG2173,31,0,23,,,57,A
367512920,2022-01-04T02:29:37,30.04801,-90.57979,0.0,220.8,278.0,SANDPIPER,,WDG2173,31,0,23,,,57,A
367512920,2022-01-04T02:14:49,30.04928,-90.57840,5.5,254.3,248.0,SANDPIPER,,WDG2173,31,0,23,,,57,A
367512920,2022-01-04T02:27:27,30.04803,-90.57979,0.1,203.8,277.0,SANDPIPER,,WDG2173,31,0,23,,,57,A
367512920,2022-01-04T02:34:15,30.04800,-90.57978,0.0,319.5,278.0,SANDPIPER,,WDG2173,31,0,23,,,57,A
367512920,2022-01-04T02:37:27,30.04800,-90.57978,0.0,279.1,279.0,SANDPIPER,,WDG2173,31,0,23,,,57,A
367512920,2022-01-04T02:33:06,30.04801,-90.57979,0.0,214.7,278.0,SANDPIPER,,WDG2173,31,0,23,,,57,A
367512920,2022-01-04T02:23:55,30.04805,-90.57978,0.0,27.0,278.0,SANDPIPER,,WDG2173,31,0,23,,,57,A
367512920,2022-01-04T02:35:16,30.04801,-90.57977,0.0,228.3,278.0,SANDPIPER,,WDG2173,31,0,23,,,57,A
367512920,2022-01-04T02:22:45,30.04803,-90.57979,0.0,28.4,278.0,SANDPIPER,,WDG2173,31,0,23,,,57,A
367512920,2022-01-04T02:31:55,30.04800,-90.57979,0.0,252.3,279.0,SANDPIPER,,WDG2173,31,0,23,,,57,A
367512920,2022-01-04T02:40:17,30.04801,-90.57978,0.0,340.1,278.0,SANDPIPER,,WDG2173,31,0,23,,,57,A
367512920,2022-01-04T02:25:06,30.04805,-90.57978,0.0,282.3,278.0,SANDPIPER,,WDG2173,31,0,23,,,57,A
367512920,2022-01-04T02:28:36,30.04802,-90.57979,0.0,241.7,278.0,SANDPIPER,,WDG2173,31,0,23,,,57,A
367512920,2022-01-04T02:26:16,30.04804,-90.57977,0.1,244.3,277.0,SANDPIPER,,WDG2173,31,0,23,,,57,A
367512920,2022-01-04T02:30:46,30.04801,-90.57979,0.0,184.5,278.0,SANDPIPER,,WDG2173,31,0,23,,,57,A
367512920,2022-01-04T02:49:35,30.04803,-90.57978,0.0,331.0,277.0,SANDPIPER,,WDG2173,31,0,23,,,57,A
367512920,2022-01-04T02:44:55,30.04802,-90.57978,0.0,229.0,278.0,SANDPIPER,,WDG2173,31,0,23,,,57,A
367512920,2022-01-04T02:46:06,30.04801,-90.57978,0.0,285.7,278.0,SANDPIPER,,WDG2173,31,0,23,,,57,A
367512920,2022-01-04T02:47:15,30.04802,-90.57978,0.0,285.4,278.0,SANDPIPER,,WDG2173,31,0,23,,,57,A
367512920,2022-01-04T01:48:36,30.04821,-90.52743,6.1,259.1,264.0,SANDPIPER,,WDG2173,31,0,23,,,57,A
367512920,2022-01-04T02:54:25,30.04803,-90.57977,0.0,307.2,277.0,SANDPIPER,,WDG2173,31,0,23,,,57,A
367512920,2022-01-04T02:50:57,30.04803,-90.57977,0.0,282.1,277.0,SANDPIPER,,WDG2173,31,0,23,,,57,A
367512920,2022-01-04T03:07:16,30.04805,-90.57978,0.0,282.8,277.0,SANDPIPER,,WDG2173,31,0,23,,,57,A
367512920,2022-01-04T02:52:06,30.04804,-90.57978,0.0,290.6,277.0,SANDPIPER,,WDG2173,31,0,23,,,57,A
367512920,2022-01-04T03:09:26,30.04803,-90.57977,0.0,172.8,279.0,SANDPIPER,,WDG2173,31,0,23,,,57,A
367512920,2022-01-04T02:41:26,30.04802,-90.57978,0.0,287.5,277.0,SANDPIPER,,WDG2173,31,0,23,,,57,A
367512920,2022-01-04T03:10:36,30.04804,-90.57978,0.0,300.8,279.0,SANDPIPER,,WDG2173,31,0,23,,,57,A
367512920,2022-01-04T02:36:17,30.04800,-90.57977,0.0,265.9,278.0,SANDPIPER,,WDG2173,31,0,23,,,57,A
367512920,2022-01-04T02:48:25,30.04802,-90.57978,0.0,305.3,277.0,SANDPIPER,,WDG2173,31,0,23,,,57,A
367512920,2022-01-04T03:06:06,30.04805,-90.57979,0.0,263.3,278.0,SANDPIPER,,WDG2173,31,0,23,,,57,A
367512920,2022-01-04T03:02:45,30.04807,-90.57978,0.0,291.0,278.0,SANDPIPER,,WDG2173,31,0,23,,,57,A
367512920,2022-01-04T02:42:35,30.04802,-90.57976,0.0,289.4,277.0,SANDPIPER,,WDG2173,31,0,23,,,57,A
367512920,2022-01-04T02:02:22,30.04865,-90.55380,6.0,276.1,272.0,SANDPIPER,,WDG2173,31,0,23,,,57,A
367512920,2022-01-04T03:08:17,30.04804,-90.57977,0.0,290.7,278.0,SANDPIPER,,WDG2173,31,0,23,,,57,A
367512920,2022-01-04T02:59:06,30.04805,-90.57979,0.0,291.0,278.0,SANDPIPER,,WDG2173,31,0,23,,,57,A
367512920,2022-01-04T03:11:46,30.04804,-90.57977,0.0,215.3,278.0,SANDPIPER,,WDG2173,31,0,23,,,57,A
367512920,2022-01-04T03:16:26,30.04804,-90.57979,0.0,338.2,279.0,SANDPIPER,,WDG2173,31,0,23,,,57,A
367512920,2022-01-04T02:55:37,30.04803,-90.57977,0.0,297.5,278.0,SANDPIPER,,WDG2173,31,0,23,,,57,A
367512920,2022-01-04T02:56:45,30.04804,-90.57979,0.0,290.7,277.0,SANDPIPER,,WDG2173,31,0,23,,,57,A
367512920,2022-01-04T03:18:46,30.04805,-90.57978,0.1,332.4,277.0,SANDPIPER,,WDG2173,31,0,23,,,57,A
367512920,2022-01-04T03:03:46,30.04807,-90.57977,0.0,276.9,277.0,SANDPIPER,,WDG2173,31,0,23,,,57,A
367512920,2022-01-04T02:57:55,30.04804,-90.57978,0.0,303.3,277.0,SANDPIPER,,WDG2173,31,0,23,,,57,A
367512920,2022-01-04T03:17:37,30.04804,-90.57979,0.0,334.2,277.0,SANDPIPER,,WDG2173,31,0,23,,,57,A
367512920,2022-01-04T03:00:36,30.04806,-90.57980,0.0,352.3,277.0,SANDPIPER,,WDG2173,31,0,23,,,57,A
367512920,2022-01-04T02:13:46,30.04927,-90.57643,6.3,270.8,276.0,SANDPIPER,,WDG2173,31,0,23,,,57,A
367512920,2022-01-04T03:12:56,30.04803,-90.57977,0.0,199.7,278.0,SANDPIPER,,WDG2173,31,0,23,,,57,A
367512920,2022-01-04T03:15:16,30.04803,-90.57978,0.0,248.5,278.0,SANDPIPER,,WDG2173,31,0,23,,,57,A
367512920,2022-01-04T03:40:37,30.04803,-90.57980,0.0,205.6,278.0,SANDPIPER,,WDG2173,31,0,23,,,57,A
367512920,2022-01-04T03:26:56,30.04808,-90.57979,0.0,319.7,276.0,SANDPIPER,,WDG2173,31,0,23,,,57,A
367512920,2022-01-04T03:25:46,30.04807,-90.57980,0.0,6.8,277.0,SANDPIPER,,WDG2173,31,0,23,,,57,A
367512920,2022-01-04T03:04:56,30.04805,-90.57978,0.0,248.0,278.0,SANDPIPER,,WDG2173,31,0,23,,,57,A
367512920,2022-01-04T03:30:46,30.04806,-90.57978,0.0,208.6,277.0,SANDPIPER,,WDG2173,31,0,23,,,57,A
367512920,2022-01-04T03:14:06,30.04803,-90.57977,0.0,293.2,278.0,SANDPIPER,,WDG2173,31,0,23,,,57,A
367512920,2022-01-04T03:28:06,30.04808,-90.57978,0.0,265.5,277.0,SANDPIPER,,WDG2173,31,0,23,,,57,A
367512920,2022-01-04T03:29:16,30.04807,-90.57977,0.0,218.4,276.0,SANDPIPER,,WDG2173,31,0,23,,,57,A
367512920,2022-01-04T03:37:07,30.04806,-90.57977,0.0,199.4,276.0,SANDPIPER,,WDG2173,31,0,23,,,57,A
367512920,2022-01-04T03:19:57,30.04806,-90.57978,0.0,318.4,277.0,SANDPIPER,,WDG2173,31,0,23,,,57,A
367512920,2022-01-04T03:51:06,30.04804,-90.57978,0.0,295.8,278.0,SANDPIPER,,WDG2173,31,0,23,,,57,A
367512920,2022-01-04T03:34:15,30.04808,-90.57978,0.0,333.4,277.0,SANDPIPER,,WDG2173,31,0,23,,,57,A
367512920,2022-01-04T03:35:37,30.04807,-90.57978,0.0,157.7,277.0,SANDPIPER,,WDG2173,31,0,23,,,57,A
367512920,2022-01-04T03:22:17,30.04804,-90.57978,0.0,210.5,278.0,SANDPIPER,,WDG2173,31,0,23,,,57,A
367512920,2022-01-04T03:39:27,30.04804,-90.57978,0.0,218.5,277.0,SANDPIPER,,WDG2173,31,0,23,,,57,A
367512920,2022-01-04T03:38:15,30.04805,-90.57977,0.0,209.0,277.0,SANDPIPER,,WDG2173,31,0,23,,,57,A
367512920,2022-01-04T03:23:25,30.04804,-90.57978,0.0,203.0,278.0,SANDPIPER,,WDG2173,31,0,23,,,57,A
367512920,2022-01-04T03:42:56,30.04804,-90.57979,0.0,157.5,278.0,SANDPIPER,,WDG2173,31,0,23,,,57,A
367512920,2022-01-04T03:21:06,30.04805,-90.57977,0.0,270.2,277.0,SANDPIPER,,WDG2173,31,0,23,,,57,A
367512920,2022-01-04T03:45:15,30.04802,-90.57977,0.0,209.4,279.0,SANDPIPER,,WDG2173,31,0,23,,,57,A
367512920,2022-01-04T04:01:46,30.04802,-90.57978,0.0,255.8,278.0,SANDPIPER,,WDG2173,31,0,23,,,57,A
367512920,2022-01-04T03:47:35,30.04801,-90.57978,0.0,261.0,279.0,SANDPIPER,,WDG2173,31,0,23,,,57,A
367512920,2022-01-04T03:48:47,30.04802,-90.57978,0.0,265.4,278.0,SANDPIPER,,WDG2173,31,0,23,,,57,A
367512920,2022-01-04T03:52:16,30.04803,-90.57979,0.0,194.2,278.0,SANDPIPER,,WDG2173,31,0,23,,,57,A
367512920,2022-01-04T02:39:07,30.04800,-90.57979,0.0,348.6,278.0,SANDPIPER,,WDG2173,31,0,23,,,57,A
367512920,2022-01-04T04:08:37,30.04804,-90.57978,0.0,319.0,278.0,SANDPIPER,,WDG2173,31,0,23,,,57,A
367512920,2022-01-04T03:31:56,30.04807,-90.57979,0.0,244.9,277.0,SANDPIPER,,WDG2173,31,0,23,,,57,A
367512920,2022-01-04T03:53:17,30.04803,-90.57979,0.0,244.1,278.0,SANDPIPER,,WDG2173,31,0,23,,,57,A
367512920,2022-01-04T03:56:46,30.04802,-90.57980,0.0,249.4,278.0,SANDPIPER,,WDG2173,31,0,23,,,57,A
367512920,2022-01-04T03:49:57,30.04803,-90.57978,0.1,7.7,278.0,SANDPIPER,,WDG2173,31,0,23,,,57,A
367512920,2022-01-04T02:43:47,30.04801,-90.57978,0.0,196.9,277.0,SANDPIPER,,WDG2173,31,0,23,,,57,A
367512920,2022-01-04T04:21:06,30.04806,-90.57979,0.0,314.7,277.0,SANDPIPER,,WDG2173,31,0,23,,,57,A
367512920,2022-01-04T03:55:37,30.04802,-90.57980,0.0,277.4,278.0,SANDPIPER,,WDG2173,31,0,23,,,57,A
367512920,2022-01-04T03:57:56,30.04803,-90.57978,0.0,324.3,278.0,SANDPIPER,,WDG2173,31,0,23,,,57,A
367512920,2022-01-04T03:58:57,30.04803,-90.57979,0.0,248.1,278.0,SANDPIPER,,WDG2173,31,0,23,,,57,A
367512920,2022-01-04T03:54:27,30.04802,-90.57979,0.0,209.8,278.0,SANDPIPER,,WDG2173,31,0,23,,,57,A
367512920,2022-01-04T04:09:46,30.04805,-90.57978,0.0,322.9,277.0,SANDPIPER,,WDG2173,31,0,23,,,57,A
367512920,2022-01-04T03:46:27,30.04802,-90.57977,0.0,218.4,279.0,SANDPIPER,,WDG2173,31,0,23,,,57,A
367512920,2022-01-04T02:53:16,30.04803,-90.57977,0.0,307.9,277.0,SANDPIPER,,WDG2173,31,0,23,,,57,A
367512920,2022-01-04T03:44:07,30.04804,-90.57977,0.0,169.2,278.0,SANDPIPER,,WDG2173,31,0,23,,,57,A
367512920,2022-01-04T04:05:17,30.04803,-90.57979,0.0,352.1,278.0,SANDPIPER,,WDG2173,31,0,23,,,57,A
367512920,2022-01-04T04:07:27,30.04805,-90.57979,0.0,346.4,278.0,SANDPIPER,,WDG2173,31,0,23,,,57,A
367512920,2022-01-04T04:15:16,30.04806,-90.57978,0.0,261.1,277.0,SANDPIPER,,WDG2173,31,0,23,,,57,A
367512920,2022-01-04T04:37:15,30.04806,-90.57980,0.1,204.4,278.0,SANDPIPER,,WDG2173,31,0,23,,,57,A
367512920,2022-01-04T04:23:26,30.04806,-90.57978,0.0,258.9,277.0,SANDPIPER,,WDG2173,31,0,23,,,57,A
367512920,2022-01-04T04:17:36,30.04806,-90.57979,0.0,340.8,277.0,SANDPIPER,,WDG2173,31,0,23,,,57,A
367512920,2022-01-04T03:01:37,30.04806,-90.57978,0.0,310.4,278.0,SANDPIPER,,WDG2173,31,0,23,,,57,A
367512920,2022-01-04T04:24:37,30.04807,-90.57979,0.0,193.7,278.0,SANDPIPER,,WDG2173,31,0,23,,,57,A
367512920,2022-01-04T04:12:06,30.04807,-90.57979,0.0,272.1,277.0,SANDPIPER,,WDG2173,31,0,23,,,57,A
367512920,2022-01-04T04:18:47,30.04806,-90.57978,0.0,359.2,277.0,SANDPIPER,,WDG2173,31,0,23,,,57,A
367512920,2022-01-04T04:31:37,30.04808,-90.57978,0.0,282.9,277.0,SANDPIPER,,WDG2173,31,0,23,,,57,A
367512920,2022-01-04T04:00:37,30.04801,-90.57979,0.0,218.0,278.0,SANDPIPER,,WDG2173,31,0,23,,,57,A
367512920,2022-01-04T04:10:56,30.04806,-90.57978,0.0,205.0,277.0,SANDPIPER,,WDG2173,31,0,23,,,57,A
367512920,2022-01-04T04:02:57,30.04802,-90.57979,0.1,259.3,278.0,SANDPIPER,,WDG2173,31,0,23,,,57,A
367512920,2022-01-04T04:28:07,30.04807,-90.57978,0.0,327.5,277.0,SANDPIPER,,WDG2173,31,0,23,,,57,A
367512920,2022-01-04T04:48:46,30.04804,-90.57979,0.0,352.0,279.0,SANDPIPER,,WDG2173,31,0,23,,,57,A
367512920,2022-01-04T04:34:56,30.04807,-90.57979,0.0,349.4,276.0,SANDPIPER,,WDG2173,31,0,23,,,57,A
367512920,2022-01-04T04:04:05,30.04802,-90.57979,0.0,6.5,278.0,SANDPIPER,,WDG2173,31,0,23,,,57,A
367512920,2022-01-04T04:32:45,30.04807,-90.57979,0.0,211.4,277.0,SANDPIPER,,WDG2173,31,0,23,,,57,A
367512920,2022-01-04T04:54:36,30.04800,-90.57979,0.0,297.5,279.0,SANDPIPER,,WDG2173,31,0,23,,,57,A
367512920,2022-01-04T04:40:45,30.04806,-90.57976,0.0,126.8,277.0,SANDPIPER,,WDG2173,31,0,23,,,57,A
367512920,2022-01-04T04:06:26,30.04804,-90.57977,0.0,348.1,278.0,SANDPIPER,,WDG2173,31,0,23,,,57,A
367512920,2022-01-04T04:22:15,30.04807,-90.57978,0.0,315.1,277.0,SANDPIPER,,WDG2173,31,0,23,,,57,A
367512920,2022-01-04T04:39:37,30.04806,-90.57978,0.0,48.0,278.0,SANDPIPER,,WDG2173,31,0,23,,,57,A
367512920,2022-01-04T05:02:07,30.04800,-90.57979,0.0,220.3,280.0,SANDPIPER,,WDG2173,31,0,23,,,57,A
367512920,2022-01-04T04:41:55,30.04807,-90.57977,0.0,211.9,277.0,SANDPIPER,,WDG2173,31,0,23,,,57,A
367512920,2022-01-04T04:29:15,30.04808,-90.57978,0.0,350.2,277.0,SANDPIPER,,WDG2173,31,0,23,,,57,A
367512920,2022-01-04T05:07:57,30.04800,-90.57980,0.0,22.8,280.0,SANDPIPER,,WDG2173,31,0,23,,,57,A
367512920,2022-01-04T04:38:26,30.04805,-90.57979,0.0,30.4,279.0,SANDPIPER,,WDG2173,31,0,23,,,57,A
367512920,2022-01-04T04:44:16,30.04804,-90.57979,0.1,245.3,279.0,SANDPIPER,,WDG2173,31,0,23,,,57,A
367512920,2022-01-04T04:46:36,30.04804,-90.57979,0.0,255.3,279.0,SANDPIPER,,WDG2173,31,0,23,,,57,A
367512920,2022-01-04T03:24:37,30.04806,-90.57978,0.0,328.6,278.0,SANDPIPER,,WDG2173,31,0,23,,,57,A
367512920,2022-01-04T05:00:56,30.04800,-90.57977,0.0,130.1,279.0,SANDPIPER,,WDG2173,31,0,23,,,57,A
367512920,2022-01-04T04:25:47,30.04807,-90.57979,0.0,268.5,277.0,SANDPIPER,,WDG2173,31,0,23,,,57,A
367512920,2022-01-04T04:26:57,30.04807,-90.57979,0.0,191.6,277.0,SANDPIPER,,WDG2173,31,0,23,,,57,A
367512920,2022-01-04T04:53:27,30.04801,-90.57980,0.0,227.5,280.0,SANDPIPER,,WDG2173,31,0,23,,,57,A
367512920,2022-01-04T04:55:46,30.04800,-90.57979,0.0,355.2,280.0,SANDPIPER,,WDG2173,31,0,23,,,57,A
367512920,2022-01-04T05:22:55,30.04799,-90.57978,0.0,229.2,279.0,SANDPIPER,,WDG2173,31,0,23,,,57,A
367512920,2022-01-04T03:33:07,30.04807,-90.57978,0.0,46.9,278.0,SANDPIPER,,WDG2173,31,0,23,,,57,A
367512920,2022-01-04T05:13:37,30.04800,-90.57980,0.0,197.5,280.0,SANDPIPER,,WDG2173,31,0,23,,,57,A
367512920,2022-01-04T04:33:47,30.04807,-90.57979,0.0,295.2,277.0,SANDPIPER,,WDG2173,31,0,23,,,57,A
367512920,2022-01-04T05:03:17,30.04800,-90.57978,0.0,232.1,280.0,SANDPIPER,,WDG2173,31,0,23,,,57,A
367512920,2022-01-04T05:15:57,30.04800,-90.57980,0.0,265.8,280.0,SANDPIPER,,WDG2173,31,0,23,,,57,A
367512920,2022-01-04T04:36:06,30.04807,-90.57979,0.0,237.0,277.0,SANDPIPER,,WDG2173,31,0,23,,,57,A
367512920,2022-01-04T05:05:36,30.04801,-90.57979,0.0,317.5,280.0,SANDPIPER,,WDG2173,31,0,23,,,57,A
367512920,2022-01-04T05:20:35,30.04800,-90.57978,0.0,184.6,279.0,SANDPIPER,,WDG2173,31,0,23,,,57,A
367512920,2022-01-04T05:04:25,30.04801,-90.57979,0.0,226.2,280.0,SANDPIPER,,WDG2173,31,0,23,,,57,A
367512920,2022-01-04T03:41:47,30.04804,-90.57979,0.0,235.7,278.0,SANDPIPER,,WDG2173,31,0,23,,,57,A
367512920,2022-01-04T04:43:05,30.04805,-90.57979,0.1,215.8,278.0,SANDPIPER,,WDG2173,31,0,23,,,57,A
367512920,2022-01-04T05:32:06,30.04802,-90.57979,0.0,106.5,279.0,SANDPIPER,,WDG2173,31,0,23,,,57,A
367512920,2022-01-04T04:45:25,30.04803,-90.57978,0.0,220.6,279.0,SANDPIPER,,WDG2173,31,0,23,,,57,A
367512920,2022-01-04T05:19:27,30.04800,-90.57979,0.0,59.5,280.0,SANDPIPER,,WDG2173,31,0,23,,,57,A
367512920,2022-01-04T05:12:26,30.04801,-90.57979,0.0,118.4,280.0,SANDPIPER,,WDG2173,31,0,23,,,57,A
367512920,2022-01-04T04:51:06,30.04803,-90.57978,0.0,251.9,279.0,SANDPIPER,,WDG2173,31,0,23,,,57,A
367512920,2022-01-04T05:06:46,30.04800,-90.57979,0.0,97.9,280.0,SANDPIPER,,WDG2173,31,0,23,,,57,A
367512920,2022-01-04T04:52:16,30.04802,-90.57979,0.1,222.5,279.0,SANDPIPER,,WDG2173,31,0,23,,,57,A
367512920,2022-01-04T04:56:47,30.04800,-90.57979,0.0,324.4,279.0,SANDPIPER,,WDG2173,31,0,23,,,57,A
367512920,2022-01-04T05:17:07,30.04800,-90.57979,0.0,281.2,279.0,SANDPIPER,,WDG2173,31,0,23,,,57,A
367512920,2022-01-04T04:57:56,30.04801,-90.57980,0.0,296.5,279.0,SANDPIPER,,WDG2173,31,0,23,,,57,A
367512920,2022-01-04T04:59:07,30.04800,-90.57979,0.0,81.5,279.0,SANDPIPER,,WDG2173,31,0,23,,,57,A
367512920,2022-01-04T05:21:46,30.04800,-90.57978,0.0,193.9,279.0,SANDPIPER,,WDG2173,31,0,23,,,57,A
367512920,2022-01-04T05:30:55,30.04800,-90.57979,0.0,173.7,279.0,SANDPIPER,,WDG2173,31,0,23,,,57,A
367512920,2022-01-04T05:34:16,30.04801,-90.57979,0.0,261.9,279.0,SANDPIPER,,WDG2173,31,0,23,,,57,A
367512920,2022-01-04T05:35:27,30.04801,-90.57979,0.0,309.5,279.0,SANDPIPER,,WDG2173,31,0,23,,,57,A
367512920,2022-01-04T05:54:55,30.04800,-90.57978,0.1,271.3,279.0,SANDPIPER,,WDG2173,31,0,23,,,57,A
367512920,2022-01-04T05:09:06,30.04800,-90.57979,0.0,341.6,280.0,SANDPIPER,,WDG2173,31,0,23,,,57,A
367512920,2022-01-04T05:26:16,30.04800,-90.57979,0.0,10.1,279.0,SANDPIPER,,WDG2173,31,0,23,,,57,A
367512920,2022-01-04T05:11:17,30.04800,-90.57980,0.0,345.0,280.0,SANDPIPER,,WDG2173,31,0,23,,,57,A
367512920,2022-01-04T05:56:07,30.04799,-90.57978,0.0,274.6,279.0,SANDPIPER,,WDG2173,31,0,23,,,57,A
367512920,2022-01-04T05:29:46,30.04800,-90.57980,0.0,248.6,279.0,SANDPIPER,,WDG2173,31,0,23,,,57,A
367512920,2022-01-04T05:49:05,30.04801,-90.57978,0.1,359.1,278.0,SANDPIPER,,WDG2173,31,0,23,,,57,A
367512920,2022-01-04T05:50:17,30.04801,-90.57977,0.0,14.0,277.0,SANDPIPER,,WDG2173,31,0,23,,,57,A
367512920,2022-01-04T05:37:46,30.04801,-90.57978,0.0,350.0,279.0,SANDPIPER,,WDG2173,31,0,23,,,57,A
367512920,2022-01-04T06:07:26,30.04800,-90.57979,0.0,283.5,280.0,SANDPIPER,,WDG2173,31,0,23,,,57,A
367512920,2022-01-04T05:25:06,30.04800,-90.57979,0.0,227.1,279.0,SANDPIPER,,WDG2173,31,0,23,,,57,A
367512920,2022-01-04T05:42:05,30.04801,-90.57979,0.1,206.2,278.0,SANDPIPER,,WDG2173,31,0,23,,,57,A
367512920,2022-01-04T04:13:07,30.04806,-90.57978,0.0,246.3,277.0,SANDPIPER,,WDG2173,31,0,23,,,57,A
367512920,2022-01-04T05:27:26,30.04800,-90.57979,0.0,264.0,279.0,SANDPIPER,,WDG2173,31,0,23,,,57,A
367512920,2022-01-04T04:14:15,30.04806,-90.57978,0.0,307.9,277.0,SANDPIPER,,WDG2173,31,0,23,,,57,A
367512920,2022-01-04T05:28:37,30.04801,-90.57980,0.0,312.7,279.0,SANDPIPER,,WDG2173,31,0,23,,,57,A
367512920,2022-01-04T05:23:56,30.04800,-90.57979,0.0,262.2,279.0,SANDPIPER,,WDG2173,31,0,23,,,57,A
367512920,2022-01-04T05:47:56,30.04800,-90.57980,0.0,42.2,278.0,SANDPIPER,,WDG2173,31,0,23,,,57,A
367512920,2022-01-04T05:33:15,30.04801,-90.57979,0.0,351.8,279.0,SANDPIPER,,WDG2173,31,0,23,,,57,A
367512920,2022-01-04T04:16:26,30.04806,-90.57980,0.0,318.8,277.0,SANDPIPER,,WDG2173,31,0,23,,,57,A
367512920,2022-01-04T06:17:56,30.04800,-90.57977,0.0,336.6,280.0,SANDPIPER,,WDG2173,31,0,23,,,57,A
367512920,2022-01-04T05:53:47,30.04799,-90.57976,0.0,220.9,280.0,SANDPIPER,,WDG2173,31,0,23,,,57,A
367512920,2022-01-04T06:22:37,30.04800,-90.57979,0.0,318.2,281.0,SANDPIPER,,WDG2173,31,0,23,,,57,A
367512920,2022-01-04T05:38:47,30.04802,-90.57979,0.0,288.0,277.0,SANDPIPER,,WDG2173,31,0,23,,,57,A
367512920,2022-01-04T05:57:15,30.04799,-90.57979,0.0,269.4,279.0,SANDPIPER,,WDG2173,31,0,23,,,57,A
367512920,2022-01-04T05:58:25,30.04799,-90.57979,0.0,300.7,280.0,SANDPIPER,,WDG2173,31,0,23,,,57,A
367512920,2022-01-04T04:19:57,30.04807,-90.57979,0.0,298.4,276.0,SANDPIPER,,WDG2173,31,0,23,,,57,A
367512920,2022-01-04T05:36:36,30.04800,-90.57978,0.0,253.3,279.0,SANDPIPER,,WDG2173,31,0,23,,,57,A
367512920,2022-01-04T05:43:16,30.04800,-90.57979,0.0,298.1,279.0,SANDPIPER,,WDG2173,31,0,23,,,57,A
367512920,2022-01-04T06:12:05,30.04800,-90.57978,0.0,219.8,280.0,SANDPIPER,,WDG2173,31,0,23,,,57,A
367512920,2022-01-04T06:02:55,30.04801,-90.57979,0.0,314.8,280.0,SANDPIPER,,WDG2173,31,0,23,,,57,A
367512920,2022-01-04T05:45:36,30.04799,-90.57978,0.0,227.6,279.0,SANDPIPER,,WDG2173,31,0,23,,,57,A
367512920,2022-01-04T06:03:56,30.04801,-90.57978,0.0,159.9,279.0,SANDPIPER,,WDG2173,31,0,23,,,57,A
367512920,2022-01-04T06:05:07,30.04800,-90.57978,0.0,193.0,279.0,SANDPIPER,,WDG2173,31,0,23,,,57,A
367512920,2022-01-04T05:40:57,30.04801,-90.57979,0.1,240.0,278.0,SANDPIPER,,WDG2173,31,0,23,,,57,A
367512920,2022-01-04T05:46:45,30.04800,-90.57979,0.0,270.4,279.0,SANDPIPER,,WDG2173,31,0,23,,,57,A
367512920,2022-01-04T06:08:36,30.04799,-90.57979,0.0,237.9,280.0,SANDPIPER,,WDG2173,31,0,23,,,57,A
367512920,2022-01-04T06:34:25,30.04800,-90.57979,0.0,223.1,280.0,SANDPIPER,,WDG2173,31,0,23,,,57,A
367512920,2022-01-04T06:21:26,30.04799,-90.57978,0.0,246.6,281.0,SANDPIPER,,WDG2173,31,0,23,,,57,A
367512920,2022-01-04T06:10:56,30.04801,-90.57978,0.0,340.1,280.0,SANDPIPER,,WDG2173,31,0,23,,,57,A
367512920,2022-01-04T06:40:16,30.04799,-90.57979,0.0,265.7,280.0,SANDPIPER,,WDG2173,31,0,23,,,57,A
367512920,2022-01-04T05:51:26,30.04800,-90.57976,0.0,200.9,278.0,SANDPIPER,,WDG2173,31,0,23,,,57,A
367512920,2022-01-04T06:39:06,30.04799,-90.57979,0.0,232.2,279.0,SANDPIPER,,WDG2173,31,0,23,,,57,A
367512920,2022-01-04T04:30:26,30.04807,-90.57979,0.0,40.6,278.0,SANDPIPER,,WDG2173,31,0,23,,,57,A
367512920,2022-01-04T06:26:06,30.04799,-90.57980,0.0,354.5,280.0,SANDPIPER,,WDG2173,31,0,23,,,57,A
367512920,2022-01-04T06:16:46,30.04799,-90.57978,0.0,330.0,281.0,SANDPIPER,,WDG2173,31,0,23,,,57,A
367512920,2022-01-04T06:45:56,30.04798,-90.57978,0.0,231.4,280.0,SANDPIPER,,WDG2173,31,0,23,,,57,A
367512920,2022-01-04T05:59:36,30.04800,-90.57979,0.0,320.7,281.0,SANDPIPER,,WDG2173,31,0,23,,,57,A
367512920,2022-01-04T06:31:57,30.04800,-90.57979,0.0,228.8,280.0,SANDPIPER,,WDG2173,31,0,23,,,57,A
367512920,2022-01-04T06:20:16,30.04800,-90.57978,0.0,222.9,281.0,SANDPIPER,,WDG2173,31,0,23,,,57,A
367512920,2022-01-04T06:27:17,30.04801,-90.57978,0.0,293.2,280.0,SANDPIPER,,WDG2173,31,0,23,,,57,A
367512920,2022-01-04T06:35:37,30.04800,-90.57978,0.0,329.4,280.0,SANDPIPER,,WDG2173,31,0,23,,,57,A
367512920,2022-01-04T06:52:56,30.04800,-90.57977,0.0,278.6,279.0,SANDPIPER,,WDG2173,31,0,23,,,57,A
367512920,2022-01-04T06:42:26,30.04800,-90.57979,0.0,347.1,280.0,SANDPIPER,,WDG2173,31,0,23,,,57,A
367512920,2022-01-04T06:28:25,30.04800,-90.57979,0.0,333.9,280.0,SANDPIPER,,WDG2173,31,0,23,,,57,A
367512920,2022-01-04T06:37:57,30.04799,-90.57978,0.0,207.7,279.0,SANDPIPER,,WDG2173,31,0,23,,,57,A
367512920,2022-01-04T06:30:47,30.04801,-90.57978,0.0,236.7,279.0,SANDPIPER,,WDG2173,31,0,23,,,57,A
367512920,2022-01-04T06:44:46,30.04799,-90.57978,0.0,242.2,280.0,SANDPIPER,,WDG2173,31,0,23,,,57,A
367512920,2022-01-04T06:41:25,30.04799,-90.57979,0.0,303.0,280.0,SANDPIPER,,WDG2173,31,0,23,,,57,A
367512920,2022-01-04T06:09:47,30.04800,-90.57979,0.0,257.4,280.0,SANDPIPER,,WDG2173,31,0,23,,,57,A
367512920,2022-01-04T06:48:16,30.04799,-90.57979,0.0,332.1,280.0,SANDPIPER,,WDG2173,31,0,23,,,57,A
367512920,2022-01-04T06:15:37,30.04800,-90.57978,0.0,268.6,280.0,SANDPIPER,,WDG2173,31,0,23,,,57,A
367512920,2022-01-04T06:43:37,30.04799,-90.57978,0.0,244.5,280.0,SANDPIPER,,WDG2173,31,0,23,,,57,A
367512920,2022-01-04T06:13:16,30.04801,-90.57977,0.0,290.5,280.0,SANDPIPER,,WDG2173,31,0,23,,,57,A
367512920,2022-01-04T06:19:06,30.04800,-90.57978,0.0,263.0,281.0,SANDPIPER,,WDG2173,31,0,23,,,57,A
367512920,2022-01-04T04:47:45,30.04804,-90.57979,0.0,69.7,279.0,SANDPIPER,,WDG2173,31,0,23,,,57,A
367512920,2022-01-04T07:09:46,30.04800,-90.57977,0.0,248.3,278.0,SANDPIPER,,WDG2173,31,0,23,,,57,A
367512920,2022-01-04T04:49:56,30.04803,-90.57978,0.0,63.8,279.0,SANDPIPER,,WDG2173,31,0,23,,,57,A
367512920,2022-01-04T06:23:46,30.04801,-90.57979,0.0,274.7,281.0,SANDPIPER,,WDG2173,31,0,23,,,57,A
367512920,2022-01-04T06:50:35,30.04800,-90.57976,0.0,97.9,279.0,SANDPIPER,,WDG2173,31,0,23,,,57,A
367512920,2022-01-04T07:18:46,30.04799,-90.57979,0.0,325.3,279.0,SANDPIPER,,WDG2173,31,0,23,,,57,A
367512920,2022-01-04T06:51:46,30.04800,-90.57977,0.0,197.0,278.0,SANDPIPER,,WDG2173,31,0,23,,,57,A
367512920,2022-01-04T07:13:17,30.04799,-90.57979,0.0,289.1,279.0,SANDPIPER,,WDG2173,31,0,23,,,57,A
367512920,2022-01-04T06:24:56,30.04800,-90.57980,0.0,268.5,281.0,SANDPIPER,,WDG2173,31,0,23,,,57,A
367512920,2022-01-04T07:24:26,30.04799,-90.57980,0.0,320.9,278.0,SANDPIPER,,WDG2173,31,0,23,,,57,A
367512920,2022-01-04T06:29:37,30.04800,-90.57979,0.0,281.8,279.0,SANDPIPER,,WDG2173,31,0,23,,,57,A
367512920,2022-01-04T06:58:46,30.04799,-90.57979,0.0,150.9,279.0,SANDPIPER,,WDG2173,31,0,23,,,57,A
367512920,2022-01-04T06:59:56,30.04800,-90.57978,0.0,194.1,279.0,SANDPIPER,,WDG2173,31,0,23,,,57,A
367512920,2022-01-04T07:02:55,30.04799,-90.57978,0.0,183.1,279.0,SANDPIPER,,WDG2173,31,0,23,,,57,A
367512920,2022-01-04T06:33:17,30.04800,-90.57979,0.0,239.1,280.0,SANDPIPER,,WDG2173,31,0,23,,,57,A
367512920,2022-01-04T07:04:07,30.04799,-90.57978,0.0,175.3,278.0,SANDPIPER,,WDG2173,31,0,23,,,57,A
367512920,2022-01-04T07:05:17,30.04799,-90.57977,0.0,132.8,279.0,SANDPIPER,,WDG2173,31,0,23,,,57,A
367512920,2022-01-04T06:36:47,30.04800,-90.57978,0.0,215.0,279.0,SANDPIPER,,WDG2173,31,0,23,,,57,A
367512920,2022-01-04T07:06:27,30.04799,-90.57978,0.0,302.1,279.0,SANDPIPER,,WDG2173,31,0,23,,,57,A
367512920,2022-01-04T07:25:36,30.04800,-90.57978,0.0,45.2,279.0,SANDPIPER,,WDG2173,31,0,23,,,57,A
367512920,2022-01-04T05:10:07,30.04800,-90.57981,0.0,267.8,280.0,SANDPIPER,,WDG2173,31,0,23,,,57,A
367512920,2022-01-04T07:15:27,30.04800,-90.57978,0.0,95.8,279.0,SANDPIPER,,WDG2173,31,0,23,,,57,A
367512920,2022-01-04T07:10:56,30.04800,-90.57978,0.0,223.2,278.0,SANDPIPER,,WDG2173,31,0,23,,,57,A
367512920,2022-01-04T07:17:45,30.04799,-90.57978,0.0,210.4,279.0,SANDPIPER,,WDG2173,31,0,23,,,57,A
367512920,2022-01-04T06:54:06,30.04800,-90.57978,0.0,321.0,279.0,SANDPIPER,,WDG2173,31,0,23,,,57,A
367512920,2022-01-04T05:14:47,30.04800,-90.57979,0.0,335.0,280.0,SANDPIPER,,WDG2173,31,0,23,,,57,A
367512920,2022-01-04T06:57:36,30.04800,-90.57979,0.0,262.5,279.0,SANDPIPER,,WDG2173,31,0,23,,,57,A
367512920,2022-01-04T06:47:06,30.04799,-90.57978,0.0,261.3,280.0,SANDPIPER,,WDG2173,31,0,23,,,57,A
367512920,2022-01-04T07:40:36,30.04799,-90.57978,0.0,54.6,280.0,SANDPIPER,,WDG2173,31,0,23,,,57,A
367512920,2022-01-04T05:18:16,30.04800,-90.57979,0.0,352.9,279.0,SANDPIPER,,WDG2173,31,0,23,,,57,A
367512920,2022-01-04T07:01:47,30.04800,-90.57977,0.0,257.1,278.0,SANDPIPER,,WDG2173,31,0,23,,,57,A
367512920,2022-01-04T06:49:27,30.04800,-90.57978,0.0,328.0,280.0,SANDPIPER,,WDG2173,31,0,23,,,57,A
367512920,2022-01-04T07:42:55,30.04800,-90.57978,0.0,47.2,280.0,SANDPIPER,,WDG2173,31,0,23,,,57,A
367512920,2022-01-04T07:48:36,30.04800,-90.57978,0.0,161.3,279.0,SANDPIPER,,WDG2173,31,0,23,,,57,A
367512920,2022-01-04T07:51:46,30.04799,-90.57979,0.0,353.3,279.0,SANDPIPER,,WDG2173,31,0,23,,,57,A
367512920,2022-01-04T07:08:37,30.04799,-90.57977,0.0,230.4,279.0,SANDPIPER,,WDG2173,31,0,23,,,57,A
367512920,2022-01-04T07:50:45,30.04798,-90.57979,0.0,174.2,280.0,SANDPIPER,,WDG2173,31,0,23,,,57,A
367512920,2022-01-04T06:56:27,30.04799,-90.57980,0.0,245.7,279.0,SANDPIPER,,WDG2173,31,0,23,,,57,A
367512920,2022-01-04T07:14:26,30.04800,-90.57978,0.0,141.7,278.0,SANDPIPER,,WDG2173,31,0,23,,,57,A
367512920,2022-01-04T07:39:26,30.04799,-90.57978,0.0,188.5,279.0,SANDPIPER,,WDG2173,31,0,23,,,57,A
367512920,2022-01-04T07:41:47,30.04799,-90.57978,0.0,319.9,279.0,SANDPIPER,,WDG2173,31,0,23,,,57,A
367512920,2022-01-04T07:37:07,30.04800,-90.57978,0.0,141.7,279.0,SANDPIPER,,WDG2173,31,0,23,,,57,A
367512920,2022-01-04T07:45:06,30.04799,-90.57979,0.0,66.6,279.0,SANDPIPER,,WDG2173,31,0,23,,,57,A
367512920,2022-01-04T07:07:36,30.04800,-90.57978,0.0,320.6,279.0,SANDPIPER,,WDG2173,31,0,23,,,57,A
367512920,2022-01-04T07:46:16,30.04800,-90.57978,0.0,22.5,279.0,SANDPIPER,,WDG2173,31,0,23,,,57,A
367512920,2022-01-04T07:43:56,30.04800,-90.57979,0.0,23.6,279.0,SANDPIPER,,WDG2173,31,0,23,,,57,A
367512920,2022-01-04T07:26:46,30.04800,-90.57979,0.0,33.5,278.0,SANDPIPER,,WDG2173,31,0,23,,,57,A
367512920,2022-01-04T07:12:07,30.04799,-90.57978,0.0,280.2,279.0,SANDPIPER,,WDG2173,31,0,23,,,57,A
367512920,2022-01-04T07:28:57,30.04799,-90.57979,0.0,205.8,279.0,SANDPIPER,,WDG2173,31,0,23,,,57,A
367512920,2022-01-04T07:55:16,30.04799,-90.57979,0.0,153.0,279.0,SANDPIPER,,WDG2173,31,0,23,,,57,A
367512920,2022-01-04T09:34:29,30.04857,-90.58202,2.2,302.8,116.0,SANDPIPER,,WDG2173,31,0,23,,,57,A
367512920,2022-01-04T07:16:37,30.04798,-90.57979,0.0,296.3,279.0,SANDPIPER,,WDG2173,31,0,23,,,57,A
367512920,2022-01-04T09:39:56,30.04832,-90.58082,0.1,324.7,272.0,SANDPIPER,,WDG2173,31,0,23,,,57,A
367512920,2022-01-04T09:41:07,30.04836,-90.58083,0.1,92.3,272.0,SANDPIPER,,WDG2173,31,0,23,,,57,A
367512920,2022-01-04T09:42:16,30.04836,-90.58095,1.1,285.1,280.0,SANDPIPER,,WDG2173,31,0,23,,,57,A
367512920,2022-01-04T05:39:56,30.04802,-90.57979,0.0,234.0,278.0,SANDPIPER,,WDG2173,31,0,23,,,57,A
367512920,2022-01-04T07:22:07,30.04799,-90.57981,0.0,322.2,279.0,SANDPIPER,,WDG2173,31,0,23,,,57,A
367512920,2022-01-04T07:57:37,30.04799,-90.57978,0.0,219.1,279.0,SANDPIPER,,WDG2173,31,0,23,,,57,A
367512920,2022-01-04T09:43:27,30.04856,-90.58171,2.7,287.3,280.0,SANDPIPER,,WDG2173,31,0,23,,,57,A
367512920,2022-01-04T07:23:16,30.04800,-90.57980,0.0,285.4,279.0,SANDPIPER,,WDG2173,31,0,23,,,57,A
367512920,2022-01-04T09:33:26,30.04845,-90.58183,0.1,323.0,102.0,SANDPIPER,,WDG2173,31,0,23,,,57,A
367512920,2022-01-04T05:44:26,30.04800,-90.57979,0.0,186.1,279.0,SANDPIPER,,WDG2173,31,0,23,,,57,A
367512920,2022-01-04T09:35:30,30.04875,-90.58088,5.2,94.3,115.0,SANDPIPER,,WDG2173,31,0,23,,,57,A
367512920,2022-01-04T07:27:47,30.04799,-90.57978,0.0,234.6,278.0,SANDPIPER,,WDG2173,31,0,23,,,57,A
367512920,2022-01-04T07:52:56,30.04799,-90.57980,0.0,261.5,279.0,SANDPIPER,,WDG2173,31,0,23,,,57,A
367512920,2022-01-04T09:51:36,30.04902,-90.59266,4.7,249.4,248.0,SANDPIPER,,WDG2173,31,0,23,,,57,A
367512920,2022-01-04T09:49:17,30.04976,-90.58933,4.6,263.2,256.0,SANDPIPER,,WDG2173,31,0,23,,,57,A
367512920,2022-01-04T07:30:06,30.04799,-90.57979,0.0,293.9,279.0,SANDPIPER,,WDG2173,31,0,23,,,57,A
367512920,2022-01-04T07:32:25,30.04800,-90.57979,0.0,253.5,280.0,SANDPIPER,,WDG2173,31,0,23,,,57,A
367512920,2022-01-04T07:33:36,30.04799,-90.57979,0.0,42.0,279.0,SANDPIPER,,WDG2173,31,0,23,,,57,A
367512920,2022-01-04T09:57:27,30.04656,-90.59973,2.5,257.4,263.0,SANDPIPER,,WDG2173,31,0,23,,,57,A
367512920,2022-01-04T09:52:47,30.04845,-90.59431,4.8,246.6,247.0,SANDPIPER,,WDG2173,31,0,23,,,57,A
367512920,2022-01-04T07:35:56,30.04800,-90.57978,0.0,134.5,279.0,SANDPIPER,,WDG2173,31,0,23,,,57,A
367512920,2022-01-04T07:58:45,30.04799,-90.57980,0.0,129.0,279.0,SANDPIPER,,WDG2173,31,0,23,,,57,A
367512920,2022-01-04T05:52:37,30.04799,-90.57977,0.0,278.2,278.0,SANDPIPER,,WDG2173,31,0,23,,,57,A
367512920,2022-01-04T07:59:57,30.04798,-90.57979,0.0,320.1,279.0,SANDPIPER,,WDG2173,31,0,23,,,57,A
367512920,2022-01-04T06:00:36,30.04799,-90.57980,0.0,324.7,279.0,SANDPIPER,,WDG2173,31,0,23,,,57,A
367512920,2022-01-04T09:53:55,30.04787,-90.59589,4.5,246.6,247.0,SANDPIPER,,WDG2173,31,0,23,,,57,A
367512920,2022-01-04T06:01:47,30.04800,-90.57979,0.0,9.6,279.0,SANDPIPER,,WDG2173,31,0,23,,,57,A
367512920,2022-01-04T07:47:26,30.04800,-90.57979,0.0,144.2,280.0,SANDPIPER,,WDG2173,31,0,23,,,57,A
367512920,2022-01-04T09:46:56,30.04964,-90.58595,4.5,280.9,268.0,SANDPIPER,,WDG2173,31,0,23,,,57,A
367512920,2022-01-04T07:49:37,30.04800,-90.57978,0.0,224.5,279.0,SANDPIPER,,WDG2173,31,0,23,,,57,A
367512920,2022-01-04T10:01:26,30.04671,-90.60044,0.6,302.7,273.0,SANDPIPER,,WDG2173,31,0,23,,,57,A
367512920,2022-01-04T10:11:56,30.04769,-90.60086,0.6,74.1,241.0,SANDPIPER,,WDG2173,31,0,23,,,57,A
367512920,2022-01-04T10:14:27,30.04787,-90.60047,0.6,46.9,245.0,SANDPIPER,,WDG2173,31,0,23,,,57,A
367512920,2022-01-04T10:15:36,30.04796,-90.60032,0.4,59.3,246.0,SANDPIPER,,WDG2173,31,0,23,,,57,A
367512920,2022-01-04T07:54:06,30.04799,-90.57980,0.0,184.9,279.0,SANDPIPER,,WDG2173,31,0,23,,,57,A
367512920,2022-01-04T09:44:36,30.04892,-90.58290,3.8,288.4,278.0,SANDPIPER,,WDG2173,31,0,23,,,57,A
367512920,2022-01-04T09:32:16,30.04843,-90.58180,0.0,278.2,99.0,SANDPIPER,,WDG2173,31,0,23,,,57,A
367512920,2022-01-04T10:04:56,30.04704,-90.60097,0.5,302.6,270.0,SANDPIPER,,WDG2173,31,0,23,,,57,A
367512920,2022-01-04T09:36:32,30.04830,-90.58062,1.7,234.4,264.0,SANDPIPER,,WDG2173,31,0,23,,,57,A
367512920,2022-01-04T09:37:36,30.04826,-90.58073,0.1,304.5,277.0,SANDPIPER,,WDG2173,31,0,23,,,57,A
367512920,2022-01-04T06:06:16,30.04798,-90.57979,0.0,288.9,279.0,SANDPIPER,,WDG2173,31,0,23,,,57,A
367512920,2022-01-04T10:23:55,30.04808,-90.59986,0.1,250.8,253.0,SANDPIPER,,WDG2173,31,0,23,,,57,A
367512920,2022-01-04T10:13:06,30.04776,-90.60068,0.6,76.3,244.0,SANDPIPER,,WDG2173,31,0,23,,,57,A
367512920,2022-01-04T09:56:16,30.04687,-90.59865,3.5,249.7,254.0,SANDPIPER,,WDG2173,31,0,23,,,57,A
367512920,2022-01-04T10:25:06,30.04806,-90.59988,0.1,296.3,245.0,SANDPIPER,,WDG2173,31,0,23,,,57,A
367512920,2022-01-04T10:00:15,30.04661,-90.60035,0.4,351.8,270.0,SANDPIPER,,WDG2173,31,0,23,,,57,A
367512920,2022-01-04T09:48:16,30.04983,-90.58787,4.6,271.5,261.0,SANDPIPER,,WDG2173,31,0,23,,,57,A
367512920,2022-01-04T10:36:45,30.04807,-90.59987,0.0,266.0,245.0,SANDPIPER,,WDG2173,31,0,23,,,57,A
367512920,2022-01-04T10:09:36,30.04750,-90.60122,0.4,357.8,236.0,SANDPIPER,,WDG2173,31,0,23,,,57,A
367512920,2022-01-04T10:02:36,30.04684,-90.60067,0.5,317.2,273.0,SANDPIPER,,WDG2173,31,0,23,,,57,A
367512920,2022-01-04T06:14:26,30.04802,-90.57977,0.0,0.0,280.0,SANDPIPER,,WDG2173,31,0,23,,,57,A
367512920,2022-01-04T10:39:07,30.04807,-90.59986,0.1,62.5,245.0,SANDPIPER,,WDG2173,31,0,23,,,57,A
367512920,2022-01-04T10:07:16,30.04723,-90.60111,0.4,350.7,259.0,SANDPIPER,,WDG2173,31,0,23,,,57,A
367512920,2022-01-04T10:42:55,30.04813,-90.59991,0.0,297.9,244.0,SANDPIPER,,WDG2173,31,0,23,,,57,A
367512920,2022-01-04T09:58:36,30.04647,-90.60022,0.7,257.4,271.0,SANDPIPER,,WDG2173,31,0,23,,,57,A
367512920,2022-01-04T10:51:16,30.04811,-90.59996,0.0,294.3,244.0,SANDPIPER,,WDG2173,31,0,23,,,57,A
367512920,2022-01-04T10:47:37,30.04810,-90.59995,0.0,232.4,244.0,SANDPIPER,,WDG2173,31,0,23,,,57,A
367512920,2022-01-04T10:35:36,30.04806,-90.59987,0.0,202.1,246.0,SANDPIPER,,WDG2173,31,0,23,,,57,A
367512920,2022-01-04T10:56:55,30.04810,-90.59995,0.0,254.8,244.0,SANDPIPER,,WDG2173,31,0,23,,,57,A
367512920,2022-01-04T10:41:27,30.04814,-90.59992,0.1,240.8,244.0,SANDPIPER,,WDG2173,31,0,23,,,57,A
367512920,2022-01-04T10:33:15,30.04806,-90.59988,0.0,256.4,245.0,SANDPIPER,,WDG2173,31,0,23,,,57,A
367512920,2022-01-04T11:06:07,30.04811,-90.59994,0.0,290.9,244.0,SANDPIPER,,WDG2173,31,0,23,,,57,A
367512920,2022-01-04T10:30:55,30.04808,-90.59987,0.0,224.6,245.0,SANDPIPER,,WDG2173,31,0,23,,,57,A
367512920,2022-01-04T10:48:57,30.04812,-90.59995,0.0,334.4,245.0,SANDPIPER,,WDG2173,31,0,23,,,57,A
367512920,2022-01-04T10:19:16,30.04805,-90.59989,0.2,94.8,259.0,SANDPIPER,,WDG2173,31,0,23,,,57,A
367512920,2022-01-04T10:32:06,30.04807,-90.59988,0.0,183.1,245.0,SANDPIPER,,WDG2173,31,0,23,,,57,A
367512920,2022-01-04T10:20:26,30.04808,-90.59981,0.2,84.0,261.0,SANDPIPER,,WDG2173,31,0,23,,,57,A
367512920,2022-01-04T09:55:07,30.04731,-90.59735,4.1,246.8,250.0,SANDPIPER,,WDG2173,31,0,23,,,57,A
367512920,2022-01-04T11:10:47,30.04812,-90.59994,0.0,290.6,244.0,SANDPIPER,,WDG2173,31,0,23,,,57,A
367512920,2022-01-04T10:26:16,30.04807,-90.59987,0.1,347.9,245.0,SANDPIPER,,WDG2173,31,0,23,,,57,A
367512920,2022-01-04T09:59:45,30.04656,-90.60035,0.1,59.0,271.0,SANDPIPER,,WDG2173,31,0,23,,,57,A
367512920,2022-01-04T10:27:26,30.04806,-90.59987,0.0,219.1,245.0,SANDPIPER,,WDG2173,31,0,23,,,57,A
367512920,2022-01-04T11:16:27,30.04812,-90.59995,0.0,244.1,244.0,SANDPIPER,,WDG2173,31,0,23,,,57,A
367512920,2022-01-04T10:28:36,30.04806,-90.59986,0.0,152.0,244.0,SANDPIPER,,WDG2173,31,0,23,,,57,A
367512920,2022-01-04T11:24:27,30.04812,-90.59995,0.0,284.4,243.0,SANDPIPER,,WDG2173,31,0,23,,,57,A
367512920,2022-01-04T10:54:36,30.04811,-90.59996,0.0,266.5,244.0,SANDPIPER,,WDG2173,31,0,23,,,57,A
367512920,2022-01-04T10:50:07,30.04810,-90.59995,0.0,226.5,244.0,SANDPIPER,,WDG2173,31,0,23,,,57,A
367512920,2022-01-04T10:08:26,30.04738,-90.60117,0.5,327.4,246.0,SANDPIPER,,WDG2173,31,0,23,,,57,A
367512920,2022-01-04T10:37:56,30.04807,-90.59987,0.0,321.8,246.0,SANDPIPER,,WDG2173,31,0,23,,,57,A
367512920,2022-01-04T10:57:56,30.04811,-90.59997,0.0,295.0,244.0,SANDPIPER,,WDG2173,31,0,23,,,57,A
367512920,2022-01-04T11:26:37,30.04810,-90.59995,0.0,299.5,244.0,SANDPIPER,,WDG2173,31,0,23,,,57,A
367512920,2022-01-04T10:53:27,30.04811,-90.59996,0.0,294.5,243.0,SANDPIPER,,WDG2173,31,0,23,,,57,A
367512920,2022-01-04T10:59:06,30.04812,-90.59993,0.0,275.7,244.0,SANDPIPER,,WDG2173,31,0,23,,,57,A
367512920,2022-01-04T11:02:36,30.04811,-90.59995,0.0,274.2,243.0,SANDPIPER,,WDG2173,31,0,23,,,57,A
367512920,2022-01-04T11:33:37,30.04811,-90.59994,0.0,281.3,245.0,SANDPIPER,,WDG2173,31,0,23,,,57,A
367512920,2022-01-04T10:46:26,30.04811,-90.59994,0.1,254.1,243.0,SANDPIPER,,WDG2173,31,0,23,,,57,A
367512920,2022-01-04T10:16:56,30.04799,-90.60013,0.4,81.3,252.0,SANDPIPER,,WDG2173,31,0,23,,,57,A
367512920,2022-01-04T06:55:16,30.04799,-90.57980,0.0,288.1,279.0,SANDPIPER,,WDG2173,31,0,23,,,57,A
367512920,2022-01-04T11:03:37,30.04812,-90.59994,0.0,296.1,244.0,SANDPIPER,,WDG2173,31,0,23,,,57,A
367512920,2022-01-04T11:39:37,30.04810,-90.59995,0.1,310.1,244.0,SANDPIPER,,WDG2173,31,0,23,,,57,A
367512920,2022-01-04T11:15:17,30.04811,-90.59994,0.0,277.9,245.0,SANDPIPER,,WDG2173,31,0,23,,,57,A
367512920,2022-01-04T10:52:25,30.04810,-90.59996,0.1,321.8,243.0,SANDPIPER,,WDG2173,31,0,23,,,57,A
367512920,2022-01-04T10:18:06,30.04804,-90.60000,0.4,86.8,255.0,SANDPIPER,,WDG2173,31,0,23,,,57,A
367512920,2022-01-04T11:44:07,30.04809,-90.59992,0.1,318.2,244.0,SANDPIPER,,WDG2173,31,0,23,,,57,A
367512920,2022-01-04T10:21:36,30.04806,-90.59982,0.1,333.4,264.0,SANDPIPER,,WDG2173,31,0,23,,,57,A
367512920,2022-01-04T11:42:56,30.04812,-90.59995,0.0,313.0,243.0,SANDPIPER,,WDG2173,31,0,23,,,57,A
367512920,2022-01-04T11:13:05,30.04813,-90.59994,0.0,314.3,244.0,SANDPIPER,,WDG2173,31,0,23,,,57,A
367512920,2022-01-04T11:17:37,30.04813,-90.59995,0.0,272.9,245.0,SANDPIPER,,WDG2173,31,0,23,,,57,A
367512920,2022-01-04T11:23:26,30.04811,-90.59996,0.0,290.9,244.0,SANDPIPER,,WDG2173,31,0,23,,,57,A
367512920,2022-01-04T11:47:26,30.04811,-90.59994,0.0,21.7,244.0,SANDPIPER,,WDG2173,31,0,23,,,57,A
367512920,2022-01-04T11:48:36,30.04810,-90.59994,0.0,307.2,246.0,SANDPIPER,,WDG2173,31,0,23,,,57,A
367512920,2022-01-04T11:19:55,30.04811,-90.59993,0.0,252.7,245.0,SANDPIPER,,WDG2173,31,0,23,,,57,A
367512920,2022-01-04T11:00:16,30.04811,-90.59995,0.0,293.9,244.0,SANDPIPER,,WDG2173,31,0,23,,,57,A
367512920,2022-01-04T07:00:36,30.04800,-90.57977,0.0,241.4,278.0,SANDPIPER,,WDG2173,31,0,23,,,57,A
367512920,2022-01-04T11:27:46,30.04810,-90.59996,0.0,282.8,244.0,SANDPIPER,,WDG2173,31,0,23,,,57,A
367512920,2022-01-04T11:04:46,30.04813,-90.59993,0.0,275.8,244.0,SANDPIPER,,WDG2173,31,0,23,,,57,A
367512920,2022-01-04T10:29:46,30.04806,-90.59989,0.1,181.1,245.0,SANDPIPER,,WDG2173,31,0,23,,,57,A
367512920,2022-01-04T11:30:06,30.04810,-90.59995,0.0,296.0,243.0,SANDPIPER,,WDG2173,31,0,23,,,57,A
367512920,2022-01-04T11:54:26,30.04813,-90.59994,0.0,296.5,245.0,SANDPIPER,,WDG2173,31,0,23,,,57,A
367512920,2022-01-04T11:08:26,30.04812,-90.59995,0.0,267.4,244.0,SANDPIPER,,WDG2173,31,0,23,,,57,A
367512920,2022-01-04T11:09:37,30.04811,-90.59995,0.0,257.4,245.0,SANDPIPER,,WDG2173,31,0,23,,,57,A
367512920,2022-01-04T11:34:46,30.04811,-90.59994,0.0,187.8,243.0,SANDPIPER,,WDG2173,31,0,23,,,57,A
367512920,2022-01-04T11:59:05,30.04813,-90.59995,0.0,319.1,246.0,SANDPIPER,,WDG2173,31,0,23,,,57,A
367512920,2022-01-04T11:37:17,30.04811,-90.59995,0.0,260.2,244.0,SANDPIPER,,WDG2173,31,0,23,,,57,A
367512920,2022-01-04T11:38:25,30.04812,-90.59995,0.0,347.7,243.0,SANDPIPER,,WDG2173,31,0,23,,,57,A
367512920,2022-01-04T12:01:26,30.04811,-90.59995,0.0,315.4,246.0,SANDPIPER,,WDG2173,31,0,23,,,57,A
367512920,2022-01-04T10:45:16,30.04813,-90.59992,0.0,115.5,243.0,SANDPIPER,,WDG2173,31,0,23,,,57,A
367512920,2022-01-04T11:18:47,30.04812,-90.59993,0.0,251.4,244.0,SANDPIPER,,WDG2173,31,0,23,,,57,A
367512920,2022-01-04T12:17:27,30.04814,-90.59995,0.0,131.2,246.0,SANDPIPER,,WDG2173,31,0,23,,,57,A
367512920,2022-01-04T12:10:46,30.04812,-90.59995,0.0,221.4,245.0,SANDPIPER,,WDG2173,31,0,23,,,57,A
367512920,2022-01-04T11:49:46,30.04812,-90.59994,0.0,265.3,245.0,SANDPIPER,,WDG2173,31,0,23,,,57,A
367512920,2022-01-04T11:25:36,30.04812,-90.59993,0.0,287.3,245.0,SANDPIPER,,WDG2173,31,0,23,,,57,A
367512920,2022-01-04T12:15:07,30.04810,-90.59996,0.0,280.6,245.0,SANDPIPER,,WDG2173,31,0,23,,,57,A
367512920,2022-01-04T07:19:56,30.04798,-90.57979,0.0,49.8,279.0,SANDPIPER,,WDG2173,31,0,23,,,57,A
367512920,2022-01-04T12:23:16,30.04810,-90.59994,0.0,217.1,245.0,SANDPIPER,,WDG2173,31,0,23,,,57,A
367512920,2022-01-04T11:28:56,30.04809,-90.59994,0.0,333.9,244.0,SANDPIPER,,WDG2173,31,0,23,,,57,A
367512920,2022-01-04T07:21:06,30.04799,-90.57980,0.0,293.6,279.0,SANDPIPER,,WDG2173,31,0,23,,,57,A
367512920,2022-01-04T11:56:46,30.04813,-90.59995,0.0,188.1,246.0,SANDPIPER,,WDG2173,31,0,23,,,57,A
367512920,2022-01-04T12:22:05,30.04811,-90.59994,0.0,305.0,244.0,SANDPIPER,,WDG2173,31,0,23,,,57,A
367512920,2022-01-04T11:32:26,30.04811,-90.59994,0.0,290.3,244.0,SANDPIPER,,WDG2173,31,0,23,,,57,A
367512920,2022-01-04T12:24:25,30.04811,-90.59994,0.0,274.7,245.0,SANDPIPER,,WDG2173,31,0,23,,,57,A
367512920,2022-01-04T12:00:15,30.04810,-90.59994,0.1,344.8,247.0,SANDPIPER,,WDG2173,31,0,23,,,57,A
367512920,2022-01-04T11:07:16,30.04812,-90.59995,0.0,313.2,244.0,SANDPIPER,,WDG2173,31,0,23,,,57,A
367512920,2022-01-04T11:40:46,30.04811,-90.59995,0.0,307.9,243.0,SANDPIPER,,WDG2173,31,0,23,,,57,A
367512920,2022-01-04T12:07:16,30.04811,-90.59995,0.0,315.3,247.0,SANDPIPER,,WDG2173,31,0,23,,,57,A
367512920,2022-01-04T12:36:57,30.04812,-90.59996,0.0,310.7,245.0,SANDPIPER,,WDG2173,31,0,23,,,57,A
367512920,2022-01-04T12:06:07,30.04812,-90.59995,0.0,12.0,246.0,SANDPIPER,,WDG2173,31,0,23,,,57,A
367512920,2022-01-04T11:46:25,30.04810,-90.59994,0.0,317.1,245.0,SANDPIPER,,WDG2173,31,0,23,,,57,A
367512920,2022-01-04T07:31:16,30.04800,-90.57979,0.0,46.1,279.0,SANDPIPER,,WDG2173,31,0,23,,,57,A
367512920,2022-01-04T11:21:07,30.04811,-90.59994,0.0,244.7,245.0,SANDPIPER,,WDG2173,31,0,23,,,57,A
367512920,2022-01-04T12:11:55,30.04812,-90.59995,0.0,142.8,246.0,SANDPIPER,,WDG2173,31,0,23,,,57,A
367512920,2022-01-04T12:16:16,30.04811,-90.59993,0.0,334.9,246.0,SANDPIPER,,WDG2173,31,0,23,,,57,A
367512920,2022-01-04T07:34:46,30.04799,-90.57978,0.0,160.3,280.0,SANDPIPER,,WDG2173,31,0,23,,,57,A
367512920,2022-01-04T12:44:07,30.04813,-90.59993,0.0,305.4,245.0,SANDPIPER,,WDG2173,31,0,23,,,57,A
367512920,2022-01-04T07:38:17,30.04800,-90.57978,0.0,297.0,280.0,SANDPIPER,,WDG2173,31,0,23,,,57,A
367512920,2022-01-04T12:48:36,30.04813,-90.59993,0.0,318.4,244.0,SANDPIPER,,WDG2173,31,0,23,,,57,A
367512920,2022-01-04T11:57:55,30.04812,-90.59994,0.0,279.6,247.0,SANDPIPER,,WDG2173,31,0,23,,,57,A
367512920,2022-01-04T11:31:16,30.04811,-90.59995,0.0,283.5,244.0,SANDPIPER,,WDG2173,31,0,23,,,57,A
367512920,2022-01-04T12:53:17,30.04811,-90.59995,0.0,353.6,245.0,SANDPIPER,,WDG2173,31,0,23,,,57,A
367512920,2022-01-04T12:54:26,30.04810,-90.59995,0.0,203.7,245.0,SANDPIPER,,WDG2173,31,0,23,,,57,A
367512920,2022-01-04T12:02:35,30.04810,-90.59994,0.0,152.8,247.0,SANDPIPER,,WDG2173,31,0,23,,,57,A
367512920,2022-01-04T12:04:57,30.04811,-90.59995,0.0,143.6,247.0,SANDPIPER,,WDG2173,31,0,23,,,57,A
367512920,2022-01-04T12:59:06,30.04811,-90.59996,0.0,286.8,244.0,SANDPIPER,,WDG2173,31,0,23,,,57,A
367512920,2022-01-04T12:27:55,30.04811,-90.59993,0.0,289.4,245.0,SANDPIPER,,WDG2173,31,0,23,,,57,A
367512920,2022-01-04T12:29:06,30.04814,-90.59995,0.0,298.7,245.0,SANDPIPER,,WDG2173,31,0,23,,,57,A
367512920,2022-01-04T12:08:26,30.04812,-90.59995,0.0,269.0,246.0,SANDPIPER,,WDG2173,31,0,23,,,57,A
367512920,2022-01-04T12:09:37,30.04811,-90.59994,0.0,252.3,247.0,SANDPIPER,,WDG2173,31,0,23,,,57,A
367512920,2022-01-04T12:31:26,30.04813,-90.59995,0.0,356.1,245.0,SANDPIPER,,WDG2173,31,0,23,,,57,A
367512920,2022-01-04T12:32:36,30.04811,-90.59994,0.0,291.2,246.0,SANDPIPER,,WDG2173,31,0,23,,,57,A
367512920,2022-01-04T12:33:46,30.04810,-90.59993,0.0,201.8,245.0,SANDPIPER,,WDG2173,31,0,23,,,57,A
367512920,2022-01-04T12:26:46,30.04812,-90.59994,0.0,248.9,245.0,SANDPIPER,,WDG2173,31,0,23,,,57,A
367512920,2022-01-04T12:39:16,30.04811,-90.59995,0.0,333.4,244.0,SANDPIPER,,WDG2173,31,0,23,,,57,A
367512920,2022-01-04T12:40:36,30.04811,-90.59992,0.0,266.4,245.0,SANDPIPER,,WDG2173,31,0,23,,,57,A
367512920,2022-01-04T13:11:56,30.04810,-90.59994,0.0,203.4,243.0,SANDPIPER,,WDG2173,31,0,23,,,57,A
367512920,2022-01-04T12:18:37,30.04812,-90.59995,0.0,306.5,247.0,SANDPIPER,,WDG2173,31,0,23,,,57,A
367512920,2022-01-04T13:13:07,30.04811,-90.59994,0.0,131.9,243.0,SANDPIPER,,WDG2173,31,0,23,,,57,A
367512920,2022-01-04T12:20:55,30.04812,-90.59995,0.0,249.1,245.0,SANDPIPER,,WDG2173,31,0,23,,,57,A
367512920,2022-01-04T12:41:46,30.04810,-90.59994,0.0,262.7,244.0,SANDPIPER,,WDG2173,31,0,23,,,57,A
367512920,2022-01-04T13:16:37,30.04811,-90.59994,0.0,187.4,243.0,SANDPIPER,,WDG2173,31,0,23,,,57,A
367512920,2022-01-04T13:15:25,30.04811,-90.59994,0.0,302.3,243.0,SANDPIPER,,WDG2173,31,0,23,,,57,A
367512920,2022-01-04T12:45:15,30.04811,-90.59993,0.0,321.2,244.0,SANDPIPER,,WDG2173,31,0,23,,,57,A
367512920,2022-01-04T13:18:57,30.04810,-90.59994,0.0,220.4,243.0,SANDPIPER,,WDG2173,31,0,23,,,57,A
367512920,2022-01-04T12:46:16,30.04813,-90.59996,0.0,319.1,244.0,SANDPIPER,,WDG2173,31,0,23,,,57,A
367512920,2022-01-04T12:47:26,30.04813,-90.59994,0.0,310.7,244.0,SANDPIPER,,WDG2173,31,0,23,,,57,A
367512920,2022-01-04T12:50:57,30.04811,-90.59994,0.0,135.8,245.0,SANDPIPER,,WDG2173,31,0,23,,,57,A
367512920,2022-01-04T13:20:15,30.04811,-90.59995,0.0,149.2,243.0,SANDPIPER,,WDG2173,31,0,23,,,57,A
367512920,2022-01-04T12:56:47,30.04813,-90.59995,0.0,153.3,245.0,SANDPIPER,,WDG2173,31,0,23,,,57,A
367512920,2022-01-04T12:35:56,30.04811,-90.59994,0.0,281.9,245.0,SANDPIPER,,WDG2173,31,0,23,,,57,A
367512920,2022-01-04T07:56:26,30.04798,-90.57979,0.0,111.3,279.0,SANDPIPER,,WDG2173,31,0,23,,,57,A
367512920,2022-01-04T12:57:56,30.04811,-90.59995,0.0,179.6,244.0,SANDPIPER,,WDG2173,31,0,23,,,57,A
367512920,2022-01-04T13:25:57,30.04812,-90.59994,0.0,165.7,244.0,SANDPIPER,,WDG2173,31,0,23,,,57,A
367512920,2022-01-04T12:49:46,30.04812,-90.59994,0.0,280.7,245.0,SANDPIPER,,WDG2173,31,0,23,,,57,A
367512920,2022-01-04T13:30:37,30.04813,-90.59995,0.0,248.5,244.0,SANDPIPER,,WDG2173,31,0,23,,,57,A
367512920,2022-01-04T13:04:56,30.04812,-90.59993,0.0,223.0,244.0,SANDPIPER,,WDG2173,31,0,23,,,57,A
367512920,2022-01-04T13:01:27,30.04815,-90.59996,0.0,243.2,243.0,SANDPIPER,,WDG2173,31,0,23,,,57,A
367512920,2022-01-04T13:35:35,30.04812,-90.59995,0.0,268.7,244.0,SANDPIPER,,WDG2173,31,0,23,,,57,A
367512920,2022-01-04T13:07:16,30.04812,-90.59994,0.0,321.8,243.0,SANDPIPER,,WDG2173,31,0,23,,,57,A
367512920,2022-01-04T13:08:27,30.04812,-90.59992,0.0,225.5,243.0,SANDPIPER,,WDG2173,31,0,23,,,57,A
367512920,2022-01-04T12:52:06,30.04812,-90.59995,0.0,338.2,244.0,SANDPIPER,,WDG2173,31,0,23,,,57,A
367512920,2022-01-04T12:12:56,30.04812,-90.59995,0.0,334.7,245.0,SANDPIPER,,WDG2173,31,0,23,,,57,A
367512920,2022-01-04T13:14:16,30.04812,-90.59995,0.0,2.2,243.0,SANDPIPER,,WDG2173,31,0,23,,,57,A
367512920,2022-01-04T13:41:16,30.04812,-90.59992,0.0,253.1,243.0,SANDPIPER,,WDG2173,31,0,23,,,57,A
367512920,2022-01-04T13:42:25,30.04811,-90.59994,0.0,219.6,243.0,SANDPIPER,,WDG2173,31,0,23,,,57,A
367512920,2022-01-04T13:43:35,30.04811,-90.59994,0.0,231.8,243.0,SANDPIPER,,WDG2173,31,0,23,,,57,A
367512920,2022-01-04T13:45:55,30.04811,-90.59994,0.0,184.9,244.0,SANDPIPER,,WDG2173,31,0,23,,,57,A
367512920,2022-01-04T13:24:46,30.04812,-90.59996,0.0,327.6,244.0,SANDPIPER,,WDG2173,31,0,23,,,57,A
367512920,2022-01-04T13:00:17,30.04811,-90.59994,0.0,279.0,243.0,SANDPIPER,,WDG2173,31,0,23,,,57,A
367512920,2022-01-04T13:21:16,30.04811,-90.59994,0.0,215.1,243.0,SANDPIPER,,WDG2173,31,0,23,,,57,A
367512920,2022-01-04T13:27:06,30.04812,-90.59994,0.0,334.1,244.0,SANDPIPER,,WDG2173,31,0,23,,,57,A
367512920,2022-01-04T13:02:36,30.04811,-90.59995,0.0,175.9,243.0,SANDPIPER,,WDG2173,31,0,23,,,57,A
367512920,2022-01-04T13:03:46,30.04813,-90.59995,0.0,326.7,244.0,SANDPIPER,,WDG2173,31,0,23,,,57,A
367512920,2022-01-04T13:28:15,30.04811,-90.59995,0.0,48.5,244.0,SANDPIPER,,WDG2173,31,0,23,,,57,A
367512920,2022-01-04T13:57:46,30.04811,-90.59994,0.0,301.5,243.0,SANDPIPER,,WDG2173,31,0,23,,,57,A
367512920,2022-01-04T12:30:16,30.04811,-90.59994,0.0,314.8,245.0,SANDPIPER,,WDG2173,31,0,23,,,57,A
367512920,2022-01-04T09:38:46,30.04829,-90.58077,0.2,293.0,273.0,SANDPIPER,,WDG2173,31,0,23,,,57,A
367512920,2022-01-04T13:23:45,30.04811,-90.59994,0.0,6.8,244.0,SANDPIPER,,WDG2173,31,0,23,,,57,A
367512920,2022-01-04T13:37:56,30.04811,-90.59993,0.0,326.2,243.0,SANDPIPER,,WDG2173,31,0,23,,,57,A
367512920,2022-01-04T14:03:55,30.04813,-90.59992,0.0,282.6,245.0,SANDPIPER,,WDG2173,31,0,23,,,57,A
367512920,2022-01-04T09:45:47,30.04934,-90.58437,4.3,287.6,273.0,SANDPIPER,,WDG2173,31,0,23,,,57,A
367512920,2022-01-04T13:29:26,30.04812,-90.59996,0.0,198.4,244.0,SANDPIPER,,WDG2173,31,0,23,,,57,A
367512920,2022-01-04T14:14:07,30.04811,-90.59992,0.0,205.3,246.0,SANDPIPER,,WDG2173,31,0,23,,,57,A
367512920,2022-01-04T14:15:17,30.04810,-90.59992,0.0,208.8,244.0,SANDPIPER,,WDG2173,31,0,23,,,57,A
367512920,2022-01-04T13:22:26,30.04811,-90.59995,0.0,209.6,244.0,SANDPIPER,,WDG2173,31,0,23,,,57,A
367512920,2022-01-04T13:36:47,30.04812,-90.59993,0.0,226.3,243.0,SANDPIPER,,WDG2173,31,0,23,,,57,A
367512920,2022-01-04T09:50:27,30.04949,-90.59102,4.7,258.2,250.0,SANDPIPER,,WDG2173,31,0,23,,,57,A
367512920,2022-01-04T13:38:57,30.04811,-90.59993,0.0,309.3,242.0,SANDPIPER,,WDG2173,31,0,23,,,57,A
367512920,2022-01-04T13:40:06,30.04811,-90.59994,0.0,39.5,242.0,SANDPIPER,,WDG2173,31,0,23,,,57,A
367512920,2022-01-04T13:51:56,30.04810,-90.59992,0.0,254.0,243.0,SANDPIPER,,WDG2173,31,0,23,,,57,A
367512920,2022-01-04T13:55:26,30.04812,-90.59994,0.0,128.9,244.0,SANDPIPER,,WDG2173,31,0,23,,,57,A
367512920,2022-01-04T13:44:46,30.04812,-90.59994,0.0,290.9,243.0,SANDPIPER,,WDG2173,31,0,23,,,57,A
367512920,2022-01-04T14:23:06,30.04812,-90.59994,0.0,297.5,244.0,SANDPIPER,,WDG2173,31,0,23,,,57,A
367512920,2022-01-04T13:49:37,30.04810,-90.59995,0.0,107.9,243.0,SANDPIPER,,WDG2173,31,0,23,,,57,A
367512920,2022-01-04T14:28:37,30.04811,-90.59995,0.0,298.6,244.0,SANDPIPER,,WDG2173,31,0,23,,,57,A
367512920,2022-01-04T14:27:26,30.04811,-90.59995,0.0,254.0,243.0,SANDPIPER,,WDG2173,31,0,23,,,57,A
367512920,2022-01-04T13:32:56,30.04812,-90.59995,0.0,187.3,244.0,SANDPIPER,,WDG2173,31,0,23,,,57,A
367512920,2022-01-04T14:33:17,30.04810,-90.59995,0.0,247.5,244.0,SANDPIPER,,WDG2173,31,0,23,,,57,A
367512920,2022-01-04T13:54:16,30.04811,-90.59993,0.0,205.0,244.0,SANDPIPER,,WDG2173,31,0,23,,,57,A
367512920,2022-01-04T14:05:15,30.04815,-90.59994,0.0,199.2,245.0,SANDPIPER,,WDG2173,31,0,23,,,57,A
367512920,2022-01-04T10:03:46,30.04691,-90.60082,0.6,296.3,276.0,SANDPIPER,,WDG2173,31,0,23,,,57,A
367512920,2022-01-04T13:56:36,30.04810,-90.59992,0.0,260.9,244.0,SANDPIPER,,WDG2173,31,0,23,,,57,A
367512920,2022-01-04T14:35:36,30.04810,-90.59997,0.0,291.4,244.0,SANDPIPER,,WDG2173,31,0,23,,,57,A
367512920,2022-01-04T13:06:07,30.04811,-90.59994,0.0,149.3,243.0,SANDPIPER,,WDG2173,31,0,23,,,57,A
367512920,2022-01-04T10:06:06,30.04713,-90.60106,0.3,332.8,266.0,SANDPIPER,,WDG2173,31,0,23,,,57,A
367512920,2022-01-04T14:39:07,30.04812,-90.59995,0.0,330.9,243.0,SANDPIPER,,WDG2173,31,0,23,,,57,A
367512920,2022-01-04T14:12:57,30.04810,-90.59990,0.0,256.6,244.0,SANDPIPER,,WDG2173,31,0,23,,,57,A
367512920,2022-01-04T13:09:37,30.04809,-90.59995,0.0,318.9,243.0,SANDPIPER,,WDG2173,31,0,23,,,57,A
367512920,2022-01-04T14:02:46,30.04813,-90.59992,0.0,338.3,244.0,SANDPIPER,,WDG2173,31,0,23,,,57,A
367512920,2022-01-04T10:10:46,30.04760,-90.60108,0.7,45.8,235.0,SANDPIPER,,WDG2173,31,0,23,,,57,A
367512920,2022-01-04T13:47:16,30.04810,-90.59994,0.0,47.1,243.0,SANDPIPER,,WDG2173,31,0,23,,,57,A
367512920,2022-01-04T14:09:07,30.04811,-90.59993,0.0,279.3,244.0,SANDPIPER,,WDG2173,31,0,23,,,57,A
367512920,2022-01-04T13:53:07,30.04811,-90.59992,0.0,114.9,243.0,SANDPIPER,,WDG2173,31,0,23,,,57,A
367512920,2022-01-04T14:20:15,30.04811,-90.59994,0.0,289.8,244.0,SANDPIPER,,WDG2173,31,0,23,,,57,A
367512920,2022-01-04T14:52:55,30.04813,-90.59992,0.0,242.6,244.0,SANDPIPER,,WDG2173,31,0,23,,,57,A
367512920,2022-01-04T14:24:07,30.04811,-90.59996,0.0,196.5,244.0,SANDPIPER,,WDG2173,31,0,23,,,57,A
367512920,2022-01-04T10:22:46,30.04809,-90.59981,0.0,280.3,260.0,SANDPIPER,,WDG2173,31,0,23,,,57,A
367512920,2022-01-04T14:21:56,30.04812,-90.59993,0.0,180.7,245.0,SANDPIPER,,WDG2173,31,0,23,,,57,A
367512920,2022-01-04T14:37:56,30.04810,-90.59995,0.0,323.5,243.0,SANDPIPER,,WDG2173,31,0,23,,,57,A
367512920,2022-01-04T15:07:16,30.04811,-90.59993,0.0,214.5,244.0,SANDPIPER,,WDG2173,31,0,23,,,57,A
367512920,2022-01-04T14:29:46,30.04810,-90.59995,0.0,211.5,244.0,SANDPIPER,,WDG2173,31,0,23,,,57,A
367512920,2022-01-04T14:10:26,30.04814,-90.59995,0.0,153.2,244.0,SANDPIPER,,WDG2173,31,0,23,,,57,A
367512920,2022-01-04T14:42:36,30.04811,-90.59993,0.0,83.7,244.0,SANDPIPER,,WDG2173,31,0,23,,,57,A
367512920,2022-01-04T14:44:57,30.04811,-90.59995,0.1,336.1,244.0,SANDPIPER,,WDG2173,31,0,23,,,57,A
367512920,2022-01-04T13:31:46,30.04812,-90.59996,0.0,137.9,243.0,SANDPIPER,,WDG2173,31,0,23,,,57,A
367512920,2022-01-04T10:34:26,30.04805,-90.59989,0.0,254.0,246.0,SANDPIPER,,WDG2173,31,0,23,,,57,A
367512920,2022-01-04T14:16:35,30.04809,-90.59988,0.0,272.3,243.0,SANDPIPER,,WDG2173,31,0,23,,,57,A
367512920,2022-01-04T14:17:46,30.04809,-90.59992,0.0,318.5,246.0,SANDPIPER,,WDG2173,31,0,23,,,57,A
367512920,2022-01-04T14:43:46,30.04810,-90.59994,0.0,299.5,244.0,SANDPIPER,,WDG2173,31,0,23,,,57,A
367512920,2022-01-04T15:15:27,30.04811,-90.59996,0.0,210.9,244.0,SANDPIPER,,WDG2173,31,0,23,,,57,A
367512920,2022-01-04T14:46:05,30.04811,-90.59996,0.0,336.6,244.0,SANDPIPER,,WDG2173,31,0,23,,,57,A
367512920,2022-01-04T14:41:26,30.04813,-90.59995,0.0,234.4,244.0,SANDPIPER,,WDG2173,31,0,23,,,57,A
367512920,2022-01-04T10:40:16,30.04806,-90.59986,0.0,312.9,244.0,SANDPIPER,,WDG2173,31,0,23,,,57,A
367512920,2022-01-04T15:17:46,30.04812,-90.59994,0.0,336.3,244.0,SANDPIPER,,WDG2173,31,0,23,,,57,A
367512920,2022-01-04T15:20:06,30.04812,-90.59995,0.0,235.3,244.0,SANDPIPER,,WDG2173,31,0,23,,,57,A
367512920,2022-01-04T14:25:15,30.04811,-90.59995,0.0,7.8,244.0,SANDPIPER,,WDG2173,31,0,23,,,57,A
367512920,2022-01-04T14:51:46,30.04811,-90.59992,0.0,185.4,244.0,SANDPIPER,,WDG2173,31,0,23,,,57,A
367512920,2022-01-04T14:47:16,30.04812,-90.59994,0.0,214.4,244.0,SANDPIPER,,WDG2173,31,0,23,,,57,A
367512920,2022-01-04T15:24:36,30.04811,-90.59994,0.0,245.9,245.0,SANDPIPER,,WDG2173,31,0,23,,,57,A
367512920,2022-01-04T10:44:07,30.04814,-90.59992,0.0,245.5,243.0,SANDPIPER,,WDG2173,31,0,23,,,57,A
367512920,2022-01-04T14:54:07,30.04812,-90.59995,0.0,341.2,244.0,SANDPIPER,,WDG2173,31,0,23,,,57,A
367512920,2022-01-04T14:56:27,30.04811,-90.59995,0.0,299.8,243.0,SANDPIPER,,WDG2173,31,0,23,,,57,A
367512920,2022-01-04T14:58:46,30.04811,-90.59995,0.0,204.7,244.0,SANDPIPER,,WDG2173,31,0,23,,,57,A
367512920,2022-01-04T14:57:36,30.04810,-90.59994,0.0,232.5,244.0,SANDPIPER,,WDG2173,31,0,23,,,57,A
367512920,2022-01-04T15:00:17,30.04810,-90.59996,0.0,220.1,243.0,SANDPIPER,,WDG2173,31,0,23,,,57,A
367512920,2022-01-04T14:32:06,30.04811,-90.59994,0.0,263.4,244.0,SANDPIPER,,WDG2173,31,0,23,,,57,A
367512920,2022-01-04T14:34:26,30.04810,-90.59995,0.0,211.3,243.0,SANDPIPER,,WDG2173,31,0,23,,,57,A
367512920,2022-01-04T15:30:56,30.04813,-90.59996,0.0,225.7,245.0,SANDPIPER,,WDG2173,31,0,23,,,57,A
367512920,2022-01-04T15:32:07,30.04812,-90.59995,0.0,237.3,244.0,SANDPIPER,,WDG2173,31,0,23,,,57,A
367512920,2022-01-04T15:36:46,30.04814,-90.59994,0.0,290.9,244.0,SANDPIPER,,WDG2173,31,0,23,,,57,A
367512920,2022-01-04T14:59:56,30.04810,-90.59996,0.0,309.0,243.0,SANDPIPER,,WDG2173,31,0,23,,,57,A
367512920,2022-01-04T15:35:37,30.04813,-90.59995,0.0,229.2,244.0,SANDPIPER,,WDG2173,31,0,23,,,57,A
367512920,2022-01-04T15:08:26,30.04812,-90.59996,0.0,199.1,244.0,SANDPIPER,,WDG2173,31,0,23,,,57,A
367512920,2022-01-04T14:40:16,30.04813,-90.59992,0.0,258.3,244.0,SANDPIPER,,WDG2173,31,0,23,,,57,A
367512920,2022-01-04T10:55:46,30.04811,-90.59996,0.0,253.4,244.0,SANDPIPER,,WDG2173,31,0,23,,,57,A
367512920,2022-01-04T11:01:26,30.04812,-90.59995,0.0,284.1,243.0,SANDPIPER,,WDG2173,31,0,23,,,57,A
367512920,2022-01-04T15:42:36,30.04811,-90.59993,0.0,281.0,244.0,SANDPIPER,,WDG2173,31,0,23,,,57,A
367512920,2022-01-04T14:48:26,30.04811,-90.59993,0.0,270.1,244.0,SANDPIPER,,WDG2173,31,0,23,,,57,A
367512920,2022-01-04T13:58:56,30.04811,-90.59996,0.0,209.7,244.0,SANDPIPER,,WDG2173,31,0,23,,,57,A
367512920,2022-01-04T15:16:36,30.04812,-90.59995,0.0,263.1,244.0,SANDPIPER,,WDG2173,31,0,23,,,57,A
367512920,2022-01-04T14:49:27,30.04812,-90.59993,0.0,182.5,244.0,SANDPIPER,,WDG2173,31,0,23,,,57,A
367512920,2022-01-04T14:00:26,30.04812,-90.59993,0.0,238.6,245.0,SANDPIPER,,WDG2173,31,0,23,,,57,A
367512920,2022-01-04T14:01:36,30.04811,-90.59994,0.0,117.7,244.0,SANDPIPER,,WDG2173,31,0,23,,,57,A
367512920,2022-01-04T15:46:06,30.04812,-90.59993,0.0,261.0,243.0,SANDPIPER,,WDG2173,31,0,23,,,57,A
367512920,2022-01-04T14:07:57,30.04810,-90.59993,0.0,224.0,244.0,SANDPIPER,,WDG2173,31,0,23,,,57,A
367512920,2022-01-04T15:48:26,30.04811,-90.59994,0.0,190.9,243.0,SANDPIPER,,WDG2173,31,0,23,,,57,A
367512920,2022-01-04T15:25:46,30.04812,-90.59994,0.0,152.9,244.0,SANDPIPER,,WDG2173,31,0,23,,,57,A
367512920,2022-01-04T15:22:25,30.04811,-90.59994,0.0,244.1,244.0,SANDPIPER,,WDG2173,31,0,23,,,57,A
367512920,2022-01-04T15:53:06,30.04811,-90.59997,0.0,301.7,244.0,SANDPIPER,,WDG2173,31,0,23,,,57,A
367512920,2022-01-04T11:11:56,30.04812,-90.59994,0.0,266.9,244.0,SANDPIPER,,WDG2173,31,0,23,,,57,A
367512920,2022-01-04T16:11:27,30.04812,-90.59995,0.0,105.5,243.0,SANDPIPER,,WDG2173,31,0,23,,,57,A
367512920,2022-01-04T15:34:26,30.04813,-90.59996,0.0,240.7,244.0,SANDPIPER,,WDG2173,31,0,23,,,57,A
367512920,2022-01-04T11:14:16,30.04812,-90.59995,0.0,284.7,245.0,SANDPIPER,,WDG2173,31,0,23,,,57,A
367512920,2022-01-04T15:06:06,30.04812,-90.59994,0.0,226.6,243.0,SANDPIPER,,WDG2173,31,0,23,,,57,A
367512920,2022-01-04T15:33:16,30.04812,-90.59994,0.0,268.6,243.0,SANDPIPER,,WDG2173,31,0,23,,,57,A
367512920,2022-01-04T16:08:06,30.04812,-90.59995,0.0,222.4,243.0,SANDPIPER,,WDG2173,31,0,23,,,57,A
367512920,2022-01-04T16:09:15,30.04811,-90.59994,0.0,135.8,243.0,SANDPIPER,,WDG2173,31,0,23,,,57,A
367512920,2022-01-04T15:37:56,30.04812,-90.59995,0.0,305.3,244.0,SANDPIPER,,WDG2173,31,0,23,,,57,A
367512920,2022-01-04T15:11:56,30.04811,-90.59994,0.0,294.9,244.0,SANDPIPER,,WDG2173,31,0,23,,,57,A
367512920,2022-01-04T15:39:05,30.04812,-90.59994,0.0,195.1,244.0,SANDPIPER,,WDG2173,31,0,23,,,57,A
367512920,2022-01-04T11:22:16,30.04811,-90.59995,0.0,276.1,244.0,SANDPIPER,,WDG2173,31,0,23,,,57,A
367512920,2022-01-04T15:44:56,30.04811,-90.59994,0.0,293.7,243.0,SANDPIPER,,WDG2173,31,0,23,,,57,A
367512920,2022-01-04T14:30:56,30.04810,-90.59996,0.0,72.5,244.0,SANDPIPER,,WDG2173,31,0,23,,,57,A
367512920,2022-01-04T15:47:15,30.04812,-90.59993,0.0,307.5,243.0,SANDPIPER,,WDG2173,31,0,23,,,57,A
367512920,2022-01-04T16:13:46,30.04812,-90.59995,0.0,191.1,244.0,SANDPIPER,,WDG2173,31,0,23,,,57,A
367512920,2022-01-04T16:17:17,30.04813,-90.59995,0.0,266.3,243.0,SANDPIPER,,WDG2173,31,0,23,,,57,A
367512920,2022-01-04T16:25:27,30.04811,-90.59994,0.0,130.2,244.0,SANDPIPER,,WDG2173,31,0,23,,,57,A
367512920,2022-01-04T14:36:45,30.04809,-90.59996,0.0,1.5,243.0,SANDPIPER,,WDG2173,31,0,23,,,57,A
367512920,2022-01-04T15:49:36,30.04813,-90.59995,0.0,179.1,243.0,SANDPIPER,,WDG2173,31,0,23,,,57,A
367512920,2022-01-04T16:18:27,30.04811,-90.59994,0.0,175.0,244.0,SANDPIPER,,WDG2173,31,0,23,,,57,A
367512920,2022-01-04T15:50:47,30.04811,-90.59996,0.0,193.3,244.0,SANDPIPER,,WDG2173,31,0,23,,,57,A
367512920,2022-01-04T15:51:57,30.04811,-90.59997,0.0,195.1,243.0,SANDPIPER,,WDG2173,31,0,23,,,57,A
367512920,2022-01-04T15:54:16,30.04811,-90.59996,0.0,355.8,243.0,SANDPIPER,,WDG2173,31,0,23,,,57,A
367512920,2022-01-04T15:55:26,30.04811,-90.59996,0.0,56.4,243.0,SANDPIPER,,WDG2173,31,0,23,,,57,A
367512920,2022-01-04T15:57:47,30.04812,-90.59996,0.0,166.3,244.0,SANDPIPER,,WDG2173,31,0,23,,,57,A
367512920,2022-01-04T15:28:07,30.04814,-90.59995,0.0,216.0,244.0,SANDPIPER,,WDG2173,31,0,23,,,57,A
367512920,2022-01-04T15:29:16,30.04813,-90.59995,0.0,309.5,244.0,SANDPIPER,,WDG2173,31,0,23,,,57,A
367512920,2022-01-04T11:35:56,30.04811,-90.59994,0.0,266.0,243.0,SANDPIPER,,WDG2173,31,0,23,,,57,A
367512920,2022-01-04T16:40:26,30.04809,-90.59992,0.0,179.2,246.0,SANDPIPER,,WDG2173,31,0,23,,,57,A
367512920,2022-01-04T16:32:26,30.04811,-90.59993,0.1,309.1,245.0,SANDPIPER,,WDG2173,31,0,23,,,57,A
367512920,2022-01-04T16:33:47,30.04811,-90.59994,0.0,264.4,245.0,SANDPIPER,,WDG2173,31,0,23,,,57,A
367512920,2022-01-04T16:10:26,30.04811,-90.59995,0.0,237.7,243.0,SANDPIPER,,WDG2173,31,0,23,,,57,A
367512920,2022-01-04T15:40:16,30.04811,-90.59995,0.0,173.6,244.0,SANDPIPER,,WDG2173,31,0,23,,,57,A
367512920,2022-01-04T11:41:47,30.04811,-90.59993,0.0,308.0,244.0,SANDPIPER,,WDG2173,31,0,23,,,57,A
367512920,2022-01-04T16:14:56,30.04812,-90.59995,0.0,245.2,244.0,SANDPIPER,,WDG2173,31,0,23,,,57,A
367512920,2022-01-04T16:37:07,30.04810,-90.59994,0.0,267.4,246.0,SANDPIPER,,WDG2173,31,0,23,,,57,A
367512920,2022-01-04T11:45:16,30.04813,-90.59994,0.0,354.8,243.0,SANDPIPER,,WDG2173,31,0,23,,,57,A
367512920,2022-01-04T16:19:37,30.04809,-90.59994,0.0,154.3,244.0,SANDPIPER,,WDG2173,31,0,23,,,57,A
367512920,2022-01-04T16:20:55,30.04808,-90.59992,0.0,260.5,244.0,SANDPIPER,,WDG2173,31,0,23,,,57,A
367512920,2022-01-04T14:55:17,30.04812,-90.59995,0.0,17.0,243.0,SANDPIPER,,WDG2173,31,0,23,,,57,A
367512920,2022-01-04T16:28:56,30.04810,-90.59994,0.0,267.6,245.0,SANDPIPER,,WDG2173,31,0,23,,,57,A
367512920,2022-01-04T16:55:36,30.04812,-90.59994,0.0,223.1,245.0,SANDPIPER,,WDG2173,31,0,23,,,57,A
367512920,2022-01-04T15:01:27,30.04811,-90.59994,0.0,241.5,243.0,SANDPIPER,,WDG2173,31,0,23,,,57,A
367512920,2022-01-04T16:24:26,30.04810,-90.59993,0.0,39.8,243.0,SANDPIPER,,WDG2173,31,0,23,,,57,A
367512920,2022-01-04T11:50:56,30.04810,-90.59994,0.1,282.6,246.0,SANDPIPER,,WDG2173,31,0,23,,,57,A
367512920,2022-01-04T15:02:37,30.04810,-90.59992,0.0,316.8,243.0,SANDPIPER,,WDG2173,31,0,23,,,57,A
367512920,2022-01-04T11:52:06,30.04811,-90.59994,0.0,191.2,245.0,SANDPIPER,,WDG2173,31,0,23,,,57,A
367512920,2022-01-04T16:48:36,30.04810,-90.59994,0.0,267.7,245.0,SANDPIPER,,WDG2173,31,0,23,,,57,A
367512920,2022-01-04T15:03:46,30.04811,-90.59991,0.0,358.5,243.0,SANDPIPER,,WDG2173,31,0,23,,,57,A
367512920,2022-01-04T15:56:36,30.04812,-90.59996,0.0,150.4,243.0,SANDPIPER,,WDG2173,31,0,23,,,57,A
367512920,2022-01-04T11:53:16,30.04811,-90.59994,0.0,293.4,246.0,SANDPIPER,,WDG2173,31,0,23,,,57,A
367512920,2022-01-04T16:34:56,30.04811,-90.59994,0.0,187.7,245.0,SANDPIPER,,WDG2173,31,0,23,,,57,A
367512920,2022-01-04T11:55:37,30.04811,-90.59994,0.0,248.2,246.0,SANDPIPER,,WDG2173,31,0,23,,,57,A
367512920,2022-01-04T16:30:05,30.04810,-90.59993,0.0,272.4,244.0,SANDPIPER,,WDG2173,31,0,23,,,57,A
367512920,2022-01-04T16:01:05,30.04813,-90.59997,0.0,25.9,243.0,SANDPIPER,,WDG2173,31,0,23,,,57,A
367512920,2022-01-04T15:09:36,30.04811,-90.59993,0.0,270.6,243.0,SANDPIPER,,WDG2173,31,0,23,,,57,A
367512920,2022-01-04T16:02:17,30.04813,-90.59996,0.0,240.5,243.0,SANDPIPER,,WDG2173,31,0,23,,,57,A
367512920,2022-01-04T16:35:57,30.04810,-90.59994,0.0,300.8,245.0,SANDPIPER,,WDG2173,31,0,23,,,57,A
367512920,2022-01-04T17:05:06,30.04812,-90.59994,0.0,178.5,246.0,SANDPIPER,,WDG2173,31,0,23,,,57,A
367512920,2022-01-04T16:03:26,30.04811,-90.59995,0.0,189.6,243.0,SANDPIPER,,WDG2173,31,0,23,,,57,A
367512920,2022-01-04T16:04:36,30.04811,-90.59994,0.0,344.3,243.0,SANDPIPER,,WDG2173,31,0,23,,,57,A
367512920,2022-01-04T16:59:27,30.04811,-90.59994,0.0,199.1,244.0,SANDPIPER,,WDG2173,31,0,23,,,57,A
367512920,2022-01-04T16:42:45,30.04811,-90.59994,0.0,176.1,247.0,SANDPIPER,,WDG2173,31,0,23,,,57,A
367512920,2022-01-04T12:03:47,30.04811,-90.59995,0.0,198.4,247.0,SANDPIPER,,WDG2173,31,0,23,,,57,A
367512920,2022-01-04T16:43:56,30.04811,-90.59995,0.0,308.1,246.0,SANDPIPER,,WDG2173,31,0,23,,,57,A
367512920,2022-01-04T17:06:15,30.04812,-90.59996,0.0,173.3,246.0,SANDPIPER,,WDG2173,31,0,23,,,57,A
367512920,2022-01-04T15:18:56,30.04811,-90.59994,0.0,312.1,244.0,SANDPIPER,,WDG2173,31,0,23,,,57,A
367512920,2022-01-04T15:21:17,30.04812,-90.59994,0.0,322.0,245.0,SANDPIPER,,WDG2173,31,0,23,,,57,A
367512920,2022-01-04T17:13:17,30.04813,-90.59995,0.0,64.5,244.0,SANDPIPER,,WDG2173,31,0,23,,,57,A
367512920,2022-01-04T17:28:26,30.04812,-90.59994,0.0,343.2,243.0,SANDPIPER,,WDG2173,31,0,23,,,57,A
367512920,2022-01-04T12:14:06,30.04810,-90.59995,0.0,299.5,246.0,SANDPIPER,,WDG2173,31,0,23,,,57,A
367512920,2022-01-04T16:52:07,30.04810,-90.59994,0.0,272.7,245.0,SANDPIPER,,WDG2173,31,0,23,,,57,A
367512920,2022-01-04T16:53:16,30.04812,-90.59995,0.0,161.8,245.0,SANDPIPER,,WDG2173,31,0,23,,,57,A
367512920,2022-01-04T16:22:07,30.04813,-90.59994,0.0,231.0,244.0,SANDPIPER,,WDG2173,31,0,23,,,57,A
367512920,2022-01-04T16:54:26,30.04812,-90.59995,0.0,93.4,245.0,SANDPIPER,,WDG2173,31,0,23,,,57,A
367512920,2022-01-04T17:00:27,30.04811,-90.59995,0.0,28.8,245.0,SANDPIPER,,WDG2173,31,0,23,,,57,A
367512920,2022-01-04T12:19:46,30.04813,-90.59995,0.0,267.4,245.0,SANDPIPER,,WDG2173,31,0,23,,,57,A
367512920,2022-01-04T17:35:26,30.04809,-90.59993,0.0,2.2,243.0,SANDPIPER,,WDG2173,31,0,23,,,57,A
367512920,2022-01-04T16:58:07,30.04811,-90.59995,0.0,316.6,244.0,SANDPIPER,,WDG2173,31,0,23,,,57,A
367512920,2022-01-04T12:25:37,30.04810,-90.59995,0.0,316.7,246.0,SANDPIPER,,WDG2173,31,0,23,,,57,A
367512920,2022-01-04T17:02:47,30.04812,-90.59993,0.0,216.7,247.0,SANDPIPER,,WDG2173,31,0,23,,,57,A
367512920,2022-01-04T17:44:37,30.04811,-90.59994,0.0,127.0,243.0,SANDPIPER,,WDG2173,31,0,23,,,57,A
367512920,2022-01-04T17:07:26,30.04811,-90.59995,0.0,267.1,245.0,SANDPIPER,,WDG2173,31,0,23,,,57,A
367512920,2022-01-04T17:10:56,30.04811,-90.59995,0.0,298.5,245.0,SANDPIPER,,WDG2173,31,0,23,,,57,A
367512920,2022-01-04T17:08:37,30.04811,-90.59995,0.0,200.1,246.0,SANDPIPER,,WDG2173,31,0,23,,,57,A
367512920,2022-01-04T17:47:57,30.04808,-90.59993,0.0,285.0,245.0,SANDPIPER,,WDG2173,31,0,23,,,57,A
367512920,2022-01-04T12:38:07,30.04810,-90.59993,0.0,243.3,245.0,SANDPIPER,,WDG2173,31,0,23,,,57,A
367512920,2022-01-04T15:41:25,30.04809,-90.59992,0.0,248.7,244.0,SANDPIPER,,WDG2173,31,0,23,,,57,A
367512920,2022-01-04T12:42:56,30.04810,-90.59993,0.0,273.4,245.0,SANDPIPER,,WDG2173,31,0,23,,,57,A
367512920,2022-01-04T17:38:56,30.04811,-90.59995,0.0,195.6,244.0,SANDPIPER,,WDG2173,31,0,23,,,57,A
367512920,2022-01-04T17:55:57,30.04810,-90.59991,0.0,298.1,245.0,SANDPIPER,,WDG2173,31,0,23,,,57,A
367512920,2022-01-04T15:43:46,30.04811,-90.59994,0.0,356.1,244.0,SANDPIPER,,WDG2173,31,0,23,,,57,A
367512920,2022-01-04T17:41:16,30.04808,-90.59993,0.1,184.4,244.0,SANDPIPER,,WDG2173,31,0,23,,,57,A
367512920,2022-01-04T17:58:26,30.04811,-90.59992,0.0,159.7,246.0,SANDPIPER,,WDG2173,31,0,23,,,57,A
367512920,2022-01-04T17:17:56,30.04811,-90.59996,0.0,311.8,244.0,SANDPIPER,,WDG2173,31,0,23,,,57,A
367512920,2022-01-04T17:42:26,30.04810,-90.59993,0.0,282.1,243.0,SANDPIPER,,WDG2173,31,0,23,,,57,A
367512920,2022-01-04T17:23:46,30.04811,-90.59994,0.0,309.3,244.0,SANDPIPER,,WDG2173,31,0,23,,,57,A
367512920,2022-01-04T17:27:17,30.04812,-90.59995,0.0,342.0,244.0,SANDPIPER,,WDG2173,31,0,23,,,57,A
367512920,2022-01-04T18:05:56,30.04813,-90.59997,0.0,291.4,245.0,SANDPIPER,,WDG2173,31,0,23,,,57,A
367512920,2022-01-04T17:24:56,30.04812,-90.59994,0.0,158.7,244.0,SANDPIPER,,WDG2173,31,0,23,,,57,A
367512920,2022-01-04T12:55:35,30.04811,-90.59994,0.0,311.8,246.0,SANDPIPER,,WDG2173,31,0,23,,,57,A
367512920,2022-01-04T17:29:36,30.04811,-90.59993,0.0,34.8,243.0,SANDPIPER,,WDG2173,31,0,23,,,57,A
367512920,2022-01-04T17:30:46,30.04811,-90.59995,0.0,198.9,244.0,SANDPIPER,,WDG2173,31,0,23,,,57,A
367512920,2022-01-04T17:31:57,30.04811,-90.59993,0.0,240.8,243.0,SANDPIPER,,WDG2173,31,0,23,,,57,A
367512920,2022-01-04T16:56:56,30.04811,-90.59995,0.0,222.3,245.0,SANDPIPER,,WDG2173,31,0,23,,,57,A
367512920,2022-01-04T17:33:07,30.04810,-90.59994,0.0,253.4,243.0,SANDPIPER,,WDG2173,31,0,23,,,57,A
367512920,2022-01-04T18:01:27,30.04810,-90.59994,0.0,198.7,245.0,SANDPIPER,,WDG2173,31,0,23,,,57,A
367512920,2022-01-04T17:40:06,30.04811,-90.59995,0.0,162.2,244.0,SANDPIPER,,WDG2173,31,0,23,,,57,A
367512920,2022-01-04T16:05:46,30.04811,-90.59993,0.0,279.4,243.0,SANDPIPER,,WDG2173,31,0,23,,,57,A
367512920,2022-01-04T16:06:57,30.04810,-90.59993,0.0,306.1,243.0,SANDPIPER,,WDG2173,31,0,23,,,57,A
367512920,2022-01-04T17:43:36,30.04812,-90.59994,0.0,145.4,244.0,SANDPIPER,,WDG2173,31,0,23,,,57,A
367512920,2022-01-04T13:10:46,30.04810,-90.59995,0.0,169.2,243.0,SANDPIPER,,WDG2173,31,0,23,,,57,A
367512920,2022-01-04T17:09:46,30.04812,-90.59993,0.0,168.0,246.0,SANDPIPER,,WDG2173,31,0,23,,,57,A
367512920,2022-01-04T17:50:06,30.04809,-90.59993,0.0,154.0,243.0,SANDPIPER,,WDG2173,31,0,23,,,57,A
367512920,2022-01-04T17:12:07,30.04811,-90.59995,0.0,259.6,245.0,SANDPIPER,,WDG2173,31,0,23,,,57,A
367512920,2022-01-04T17:51:17,30.04812,-90.59993,0.0,165.0,245.0,SANDPIPER,,WDG2173,31,0,23,,,57,A
367512920,2022-01-04T18:34:56,30.04810,-90.59993,0.0,249.4,246.0,SANDPIPER,,WDG2173,31,0,23,,,57,A
367512920,2022-01-04T17:15:37,30.04810,-90.59995,0.0,267.7,246.0,SANDPIPER,,WDG2173,31,0,23,,,57,A
367512920,2022-01-04T18:21:05,30.04811,-90.59992,0.0,241.4,246.0,SANDPIPER,,WDG2173,31,0,23,,,57,A
367512920,2022-01-04T17:57:07,30.04811,-90.59994,0.0,47.1,245.0,SANDPIPER,,WDG2173,31,0,23,,,57,A
367512920,2022-01-04T18:39:35,30.04813,-90.59997,0.0,280.7,246.0,SANDPIPER,,WDG2173,31,0,23,,,57,A
367512920,2022-01-04T17:20:16,30.04809,-90.59995,0.0,121.6,243.0,SANDPIPER,,WDG2173,31,0,23,,,57,A
367512920,2022-01-04T18:24:25,30.04809,-90.59994,0.0,270.0,246.0,SANDPIPER,,WDG2173,31,0,23,,,57,A
367512920,2022-01-04T13:17:45,30.04811,-90.59994,0.0,205.7,243.0,SANDPIPER,,WDG2173,31,0,23,,,57,A
367512920,2022-01-04T17:59:36,30.04810,-90.59994,0.0,221.2,246.0,SANDPIPER,,WDG2173,31,0,23,,,57,A
367512920,2022-01-04T18:00:26,30.04810,-90.59994,0.0,209.6,245.0,SANDPIPER,,WDG2173,31,0,23,,,57,A
367512920,2022-01-04T16:27:46,30.04810,-90.59992,0.0,124.2,245.0,SANDPIPER,,WDG2173,31,0,23,,,57,A
367512920,2022-01-04T18:02:36,30.04811,-90.59995,0.0,230.3,246.0,SANDPIPER,,WDG2173,31,0,23,,,57,A
367512920,2022-01-04T18:31:26,30.04812,-90.59996,0.0,302.6,247.0,SANDPIPER,,WDG2173,31,0,23,,,57,A
367512920,2022-01-04T17:25:57,30.04813,-90.59995,0.0,175.4,244.0,SANDPIPER,,WDG2173,31,0,23,,,57,A
367512920,2022-01-04T18:04:47,30.04812,-90.59995,0.0,258.2,246.0,SANDPIPER,,WDG2173,31,0,23,,,57,A
367512920,2022-01-04T18:32:36,30.04811,-90.59995,0.0,284.1,246.0,SANDPIPER,,WDG2173,31,0,23,,,57,A
367512920,2022-01-04T16:31:17,30.04810,-90.59994,0.0,306.0,244.0,SANDPIPER,,WDG2173,31,0,23,,,57,A
367512920,2022-01-04T18:37:17,30.04811,-90.59995,0.0,323.5,245.0,SANDPIPER,,WDG2173,31,0,23,,,57,A
367512920,2022-01-04T18:55:47,30.04811,-90.59997,0.0,287.4,245.0,SANDPIPER,,WDG2173,31,0,23,,,57,A
367512920,2022-01-04T18:09:26,30.04812,-90.59995,0.0,276.3,245.0,SANDPIPER,,WDG2173,31,0,23,,,57,A
367512920,2022-01-04T18:14:06,30.04811,-90.59995,0.0,212.4,246.0,SANDPIPER,,WDG2173,31,0,23,,,57,A
367512920,2022-01-04T18:10:37,30.04812,-90.59994,0.0,231.4,247.0,SANDPIPER,,WDG2173,31,0,23,,,57,A
367512920,2022-01-04T18:40:47,30.04812,-90.59995,0.0,207.6,245.0,SANDPIPER,,WDG2173,31,0,23,,,57,A
367512920,2022-01-04T16:38:16,30.04810,-90.59995,0.0,10.3,245.0,SANDPIPER,,WDG2173,31,0,23,,,57,A
367512920,2022-01-04T18:12:56,30.04813,-90.59995,0.0,188.3,247.0,SANDPIPER,,WDG2173,31,0,23,,,57,A
367512920,2022-01-04T18:18:46,30.04811,-90.59995,0.0,265.4,246.0,SANDPIPER,,WDG2173,31,0,23,,,57,A
367512920,2022-01-04T19:03:45,30.04810,-90.59991,0.0,158.4,245.0,SANDPIPER,,WDG2173,31,0,23,,,57,A
367512920,2022-01-04T16:41:37,30.04811,-90.59993,0.0,295.2,246.0,SANDPIPER,,WDG2173,31,0,23,,,57,A
367512920,2022-01-04T18:19:55,30.04812,-90.59995,0.0,241.2,246.0,SANDPIPER,,WDG2173,31,0,23,,,57,A
367512920,2022-01-04T13:34:07,30.04814,-90.59994,0.0,5.9,243.0,SANDPIPER,,WDG2173,31,0,23,,,57,A
367512920,2022-01-04T18:17:37,30.04811,-90.59994,0.0,267.8,246.0,SANDPIPER,,WDG2173,31,0,23,,,57,A
367512920,2022-01-04T19:04:46,30.04810,-90.59994,0.0,177.0,245.0,SANDPIPER,,WDG2173,31,0,23,,,57,A
367512920,2022-01-04T17:45:46,30.04811,-90.59994,0.0,154.8,244.0,SANDPIPER,,WDG2173,31,0,23,,,57,A
367512920,2022-01-04T18:25:36,30.04812,-90.59994,0.0,283.6,246.0,SANDPIPER,,WDG2173,31,0,23,,,57,A
367512920,2022-01-04T18:30:16,30.04810,-90.59995,0.0,241.8,246.0,SANDPIPER,,WDG2173,31,0,23,,,57,A
367512920,2022-01-04T18:26:46,30.04812,-90.59995,0.0,287.6,246.0,SANDPIPER,,WDG2173,31,0,23,,,57,A
367512920,2022-01-04T19:14:56,30.04811,-90.59995,0.0,222.1,244.0,SANDPIPER,,WDG2173,31,0,23,,,57,A
367512920,2022-01-04T18:33:46,30.04810,-90.59994,0.0,139.5,246.0,SANDPIPER,,WDG2173,31,0,23,,,57,A
367512920,2022-01-04T17:52:26,30.04811,-90.59991,0.0,225.7,245.0,SANDPIPER,,WDG2173,31,0,23,,,57,A
367512920,2022-01-04T16:50:56,30.04811,-90.59992,0.0,264.3,245.0,SANDPIPER,,WDG2173,31,0,23,,,57,A
367512920,2022-01-04T13:48:25,30.04813,-90.59994,0.0,73.0,243.0,SANDPIPER,,WDG2173,31,0,23,,,57,A
367512920,2022-01-04T19:05:55,30.04811,-90.59995,0.0,177.8,244.0,SANDPIPER,,WDG2173,31,0,23,,,57,A
367512920,2022-01-04T19:06:57,30.04813,-90.59994,0.0,229.1,245.0,SANDPIPER,,WDG2173,31,0,23,,,57,A
367512920,2022-01-04T18:38:26,30.04812,-90.59999,0.0,6.3,245.0,SANDPIPER,,WDG2173,31,0,23,,,57,A
367512920,2022-01-04T13:50:46,30.04810,-90.59994,0.0,240.3,244.0,SANDPIPER,,WDG2173,31,0,23,,,57,A
367512920,2022-01-04T19:21:56,30.04810,-90.59993,0.0,205.0,243.0,SANDPIPER,,WDG2173,31,0,23,,,57,A
367512920,2022-01-04T18:43:05,30.04813,-90.59995,0.0,225.1,245.0,SANDPIPER,,WDG2173,31,0,23,,,57,A
367512920,2022-01-04T18:47:36,30.04811,-90.59996,0.0,237.0,246.0,SANDPIPER,,WDG2173,31,0,23,,,57,A
367512920,2022-01-04T18:03:46,30.04811,-90.59994,0.0,228.0,247.0,SANDPIPER,,WDG2173,31,0,23,,,57,A
367512920,2022-01-04T17:01:37,30.04812,-90.59994,0.0,166.0,245.0,SANDPIPER,,WDG2173,31,0,23,,,57,A
367512920,2022-01-04T18:49:57,30.04813,-90.59994,0.0,276.3,245.0,SANDPIPER,,WDG2173,31,0,23,,,57,A
367512920,2022-01-04T17:03:57,30.04812,-90.59992,0.0,287.6,247.0,SANDPIPER,,WDG2173,31,0,23,,,57,A
367512920,2022-01-04T19:18:26,30.04810,-90.59995,0.0,184.9,242.0,SANDPIPER,,WDG2173,31,0,23,,,57,A
367512920,2022-01-04T19:35:36,30.04813,-90.59995,0.0,189.2,245.0,SANDPIPER,,WDG2173,31,0,23,,,57,A
367512920,2022-01-04T18:08:16,30.04813,-90.59995,0.0,170.9,246.0,SANDPIPER,,WDG2173,31,0,23,,,57,A
367512920,2022-01-04T18:56:56,30.04810,-90.59992,0.0,278.4,244.0,SANDPIPER,,WDG2173,31,0,23,,,57,A
367512920,2022-01-04T18:11:47,30.04814,-90.59995,0.0,233.6,246.0,SANDPIPER,,WDG2173,31,0,23,,,57,A
367512920,2022-01-04T19:23:06,30.04810,-90.59995,0.0,217.1,244.0,SANDPIPER,,WDG2173,31,0,23,,,57,A
367512920,2022-01-04T14:06:45,30.04814,-90.59992,0.0,279.4,244.0,SANDPIPER,,WDG2173,31,0,23,,,57,A
367512920,2022-01-04T19:41:25,30.04812,-90.59994,0.0,289.8,245.0,SANDPIPER,,WDG2173,31,0,23,,,57,A
367512920,2022-01-04T18:59:16,30.04810,-90.59995,0.0,181.2,244.0,SANDPIPER,,WDG2173,31,0,23,,,57,A
367512920,2022-01-04T19:26:36,30.04812,-90.59993,0.0,354.7,244.0,SANDPIPER,,WDG2173,31,0,23,,,57,A
367512920,2022-01-04T19:02:35,30.04806,-90.59987,0.0,135.3,244.0,SANDPIPER,,WDG2173,31,0,23,,,57,A
367512920,2022-01-04T14:11:56,30.04810,-90.59995,0.0,146.0,245.0,SANDPIPER,,WDG2173,31,0,23,,,57,A
367512920,2022-01-04T19:47:06,30.04813,-90.59994,0.0,44.7,245.0,SANDPIPER,,WDG2173,31,0,23,,,57,A
367512920,2022-01-04T14:19:06,30.04811,-90.59991,0.0,215.4,244.0,SANDPIPER,,WDG2173,31,0,23,,,57,A
367512920,2022-01-04T19:08:06,30.04810,-90.59994,0.0,211.2,245.0,SANDPIPER,,WDG2173,31,0,23,,,57,A
367512920,2022-01-04T19:39:06,30.04812,-90.59995,0.0,295.3,245.0,SANDPIPER,,WDG2173,31,0,23,,,57,A
367512920,2022-01-04T19:40:17,30.04811,-90.59995,0.0,272.8,245.0,SANDPIPER,,WDG2173,31,0,23,,,57,A
367512920,2022-01-04T19:13:46,30.04810,-90.59995,0.0,173.0,244.0,SANDPIPER,,WDG2173,31,0,23,,,57,A
367512920,2022-01-04T19:43:46,30.04811,-90.59994,0.0,223.4,245.0,SANDPIPER,,WDG2173,31,0,23,,,57,A
367512920,2022-01-04T14:26:17,30.04811,-90.59996,0.0,284.3,244.0,SANDPIPER,,WDG2173,31,0,23,,,57,A
367512920,2022-01-04T20:04:57,30.04811,-90.59995,0.0,248.7,245.0,SANDPIPER,,WDG2173,31,0,23,,,57,A
367512920,2022-01-04T18:41:56,30.04813,-90.59995,0.0,153.7,245.0,SANDPIPER,,WDG2173,31,0,23,,,57,A
367512920,2022-01-04T19:57:37,30.04812,-90.59994,0.0,265.3,246.0,SANDPIPER,,WDG2173,31,0,23,,,57,A
367512920,2022-01-04T20:09:37,30.04812,-90.59992,0.0,1.7,245.0,SANDPIPER,,WDG2173,31,0,23,,,57,A
367512920,2022-01-04T19:59:57,30.04812,-90.59995,0.0,0.4,245.0,SANDPIPER,,WDG2173,31,0,23,,,57,A
367512920,2022-01-04T19:28:56,30.04811,-90.59995,0.0,190.6,245.0,SANDPIPER,,WDG2173,31,0,23,,,57,A
367512920,2022-01-04T18:45:25,30.04811,-90.59994,0.0,236.4,245.0,SANDPIPER,,WDG2173,31,0,23,,,57,A
367512920,2022-01-04T18:46:27,30.04811,-90.59995,0.0,225.7,245.0,SANDPIPER,,WDG2173,31,0,23,,,57,A
367512920,2022-01-04T19:31:05,30.04811,-90.59993,0.0,203.3,245.0,SANDPIPER,,WDG2173,31,0,23,,,57,A
367512920,2022-01-04T18:48:45,30.04812,-90.59993,0.0,328.7,244.0,SANDPIPER,,WDG2173,31,0,23,,,57,A
367512920,2022-01-04T19:27:47,30.04810,-90.59993,0.0,266.2,245.0,SANDPIPER,,WDG2173,31,0,23,,,57,A
367512920,2022-01-04T19:33:27,30.04813,-90.59997,0.0,108.2,245.0,SANDPIPER,,WDG2173,31,0,23,,,57,A
367512920,2022-01-04T20:03:46,30.04811,-90.59994,0.0,250.9,245.0,SANDPIPER,,WDG2173,31,0,23,,,57,A
367512920,2022-01-04T17:36:36,30.04810,-90.59995,0.0,133.4,244.0,SANDPIPER,,WDG2173,31,0,23,,,57,A
367512920,2022-01-04T19:34:35,30.04813,-90.59995,0.0,275.6,245.0,SANDPIPER,,WDG2173,31,0,23,,,57,A
367512920,2022-01-04T18:52:17,30.04811,-90.59994,0.0,211.6,245.0,SANDPIPER,,WDG2173,31,0,23,,,57,A
367512920,2022-01-04T20:06:06,30.04811,-90.59995,0.0,245.4,246.0,SANDPIPER,,WDG2173,31,0,23,,,57,A
367512920,2022-01-04T20:07:17,30.04811,-90.59995,0.0,341.9,245.0,SANDPIPER,,WDG2173,31,0,23,,,57,A
367512920,2022-01-04T19:37:57,30.04812,-90.59992,0.0,151.7,245.0,SANDPIPER,,WDG2173,31,0,23,,,57,A
367512920,2022-01-04T18:54:37,30.04812,-90.59992,0.0,169.1,244.0,SANDPIPER,,WDG2173,31,0,23,,,57,A
367512920,2022-01-04T20:10:45,30.04812,-90.59994,0.0,132.5,245.0,SANDPIPER,,WDG2173,31,0,23,,,57,A
367512920,2022-01-04T19:36:46,30.04811,-90.59994,0.0,254.5,245.0,SANDPIPER,,WDG2173,31,0,23,,,57,A
367512920,2022-01-04T20:25:56,30.04811,-90.59995,0.0,300.4,243.0,SANDPIPER,,WDG2173,31,0,23,,,57,A
367512920,2022-01-04T19:42:37,30.04811,-90.59996,0.0,5.4,245.0,SANDPIPER,,WDG2173,31,0,23,,,57,A
367512920,2022-01-04T19:44:55,30.04812,-90.59995,0.0,237.8,245.0,SANDPIPER,,WDG2173,31,0,23,,,57,A
367512920,2022-01-04T14:50:37,30.04813,-90.59992,0.0,201.6,245.0,SANDPIPER,,WDG2173,31,0,23,,,57,A
367512920,2022-01-04T17:46:56,30.04811,-90.59995,0.0,232.9,245.0,SANDPIPER,,WDG2173,31,0,23,,,57,A
367512920,2022-01-04T20:23:36,30.04812,-90.59995,0.0,340.8,244.0,SANDPIPER,,WDG2173,31,0,23,,,57,A
367512920,2022-01-04T19:51:45,30.04811,-90.59995,0.0,29.0,245.0,SANDPIPER,,WDG2173,31,0,23,,,57,A
367512920,2022-01-04T20:24:46,30.04812,-90.59995,0.0,253.3,244.0,SANDPIPER,,WDG2173,31,0,23,,,57,A
367512920,2022-01-04T19:09:15,30.04811,-90.59996,0.0,137.5,245.0,SANDPIPER,,WDG2173,31,0,23,,,57,A
367512920,2022-01-04T17:54:45,30.04809,-90.59990,0.0,306.2,244.0,SANDPIPER,,WDG2173,31,0,23,,,57,A
367512920,2022-01-04T19:54:06,30.04811,-90.59994,0.0,253.4,246.0,SANDPIPER,,WDG2173,31,0,23,,,57,A
367512920,2022-01-04T20:29:25,30.04812,-90.59996,0.0,200.3,244.0,SANDPIPER,,WDG2173,31,0,23,,,57,A
367512920,2022-01-04T19:55:16,30.04811,-90.59995,0.0,252.2,246.0,SANDPIPER,,WDG2173,31,0,23,,,57,A
367512920,2022-01-04T20:44:45,30.04810,-90.59991,0.0,263.7,243.0,SANDPIPER,,WDG2173,31,0,23,,,57,A
367512920,2022-01-04T15:04:56,30.04812,-90.59994,0.0,290.1,243.0,SANDPIPER,,WDG2173,31,0,23,,,57,A
367512920,2022-01-04T20:35:27,30.04812,-90.59995,0.0,294.2,243.0,SANDPIPER,,WDG2173,31,0,23,,,57,A
367512920,2022-01-04T20:01:27,30.04812,-90.59995,0.0,250.3,246.0,SANDPIPER,,WDG2173,31,0,23,,,57,A
367512920,2022-01-04T20:40:07,30.04812,-90.59993,0.0,156.2,242.0,SANDPIPER,,WDG2173,31,0,23,,,57,A
367512920,2022-01-04T20:54:16,30.04812,-90.59996,0.0,315.4,244.0,SANDPIPER,,WDG2173,31,0,23,,,57,A
367512920,2022-01-04T15:10:46,30.04810,-90.59993,0.0,280.8,243.0,SANDPIPER,,WDG2173,31,0,23,,,57,A
367512920,2022-01-04T20:11:57,30.04812,-90.59994,0.0,33.1,245.0,SANDPIPER,,WDG2173,31,0,23,,,57,A
367512920,2022-01-04T20:13:06,30.04810,-90.59999,0.0,322.0,244.0,SANDPIPER,,WDG2173,31,0,23,,,57,A
367512920,2022-01-04T20:14:16,30.04811,-90.59997,0.0,280.8,245.0,SANDPIPER,,WDG2173,31,0,23,,,57,A
367512920,2022-01-04T15:13:06,30.04809,-90.59992,0.0,236.6,244.0,SANDPIPER,,WDG2173,31,0,23,,,57,A
367512920,2022-01-04T20:15:25,30.04812,-90.59996,0.0,288.3,244.0,SANDPIPER,,WDG2173,31,0,23,,,57,A
367512920,2022-01-04T15:14:16,30.04813,-90.59994,0.0,16.7,245.0,SANDPIPER,,WDG2173,31,0,23,,,57,A
367512920,2022-01-04T19:25:27,30.04810,-90.59993,0.0,222.2,245.0,SANDPIPER,,WDG2173,31,0,23,,,57,A
367512920,2022-01-04T20:17:47,30.04812,-90.59996,0.0,271.5,244.0,SANDPIPER,,WDG2173,31,0,23,,,57,A
367512920,2022-01-04T20:50:46,30.04813,-90.59993,0.0,314.8,243.0,SANDPIPER,,WDG2173,31,0,23,,,57,A
367512920,2022-01-04T20:18:57,30.04812,-90.59997,0.0,303.5,244.0,SANDPIPER,,WDG2173,31,0,23,,,57,A
367512920,2022-01-04T20:20:05,30.04812,-90.59996,0.0,4.7,244.0,SANDPIPER,,WDG2173,31,0,23,,,57,A
367512920,2022-01-04T20:22:25,30.04811,-90.59995,0.0,300.1,244.0,SANDPIPER,,WDG2173,31,0,23,,,57,A
367512920,2022-01-04T21:09:36,30.04811,-90.59996,0.0,240.9,244.0,SANDPIPER,,WDG2173,31,0,23,,,57,A
367512920,2022-01-04T20:31:55,30.04812,-90.59995,0.0,228.2,243.0,SANDPIPER,,WDG2173,31,0,23,,,57,A
367512920,2022-01-04T20:27:06,30.04812,-90.59995,0.0,205.7,244.0,SANDPIPER,,WDG2173,31,0,23,,,57,A
367512920,2022-01-04T20:28:16,30.04813,-90.59995,0.0,246.9,244.0,SANDPIPER,,WDG2173,31,0,23,,,57,A
367512920,2022-01-04T15:23:26,30.04812,-90.59995,0.0,236.2,244.0,SANDPIPER,,WDG2173,31,0,23,,,57,A
367512920,2022-01-04T20:30:46,30.04812,-90.59995,0.0,284.0,244.0,SANDPIPER,,WDG2173,31,0,23,,,57,A
367512920,2022-01-04T18:27:56,30.04812,-90.59996,0.0,282.8,246.0,SANDPIPER,,WDG2173,31,0,23,,,57,A
367512920,2022-01-04T20:38:56,30.04812,-90.59995,0.0,276.4,243.0,SANDPIPER,,WDG2173,31,0,23,,,57,A
367512920,2022-01-04T15:26:56,30.04812,-90.59995,0.0,298.7,244.0,SANDPIPER,,WDG2173,31,0,23,,,57,A
367512920,2022-01-04T20:42:25,30.04813,-90.59990,0.0,249.3,242.0,SANDPIPER,,WDG2173,31,0,23,,,57,A
367512920,2022-01-04T20:34:16,30.04812,-90.59993,0.0,326.1,243.0,SANDPIPER,,WDG2173,31,0,23,,,57,A
367512920,2022-01-04T19:49:26,30.04813,-90.59996,0.0,214.5,245.0,SANDPIPER,,WDG2173,31,0,23,,,57,A
367512920,2022-01-04T18:36:07,30.04811,-90.59995,0.0,274.0,245.0,SANDPIPER,,WDG2173,31,0,23,,,57,A
367512920,2022-01-04T21:15:27,30.04811,-90.59994,0.0,211.2,244.0,SANDPIPER,,WDG2173,31,0,23,,,57,A
367512920,2022-01-04T19:50:36,30.04812,-90.59996,0.0,6.8,246.0,SANDPIPER,,WDG2173,31,0,23,,,57,A
367512920,2022-01-04T20:41:15,30.04811,-90.59994,0.1,272.7,243.0,SANDPIPER,,WDG2173,31,0,23,,,57,A
367512920,2022-01-04T21:17:46,30.04811,-90.59994,0.0,164.3,245.0,SANDPIPER,,WDG2173,31,0,23,,,57,A
367512920,2022-01-04T19:58:46,30.04811,-90.59994,0.0,159.1,246.0,SANDPIPER,,WDG2173,31,0,23,,,57,A
367512920,2022-01-04T20:53:06,30.04813,-90.59994,0.0,121.3,243.0,SANDPIPER,,WDG2173,31,0,23,,,57,A
367512920,2022-01-04T20:48:27,30.04812,-90.59994,0.0,358.6,243.0,SANDPIPER,,WDG2173,31,0,23,,,57,A
367512920,2022-01-04T20:45:55,30.04810,-90.59991,0.0,333.1,244.0,SANDPIPER,,WDG2173,31,0,23,,,57,A
367512920,2022-01-04T20:55:27,30.04813,-90.59995,0.0,187.8,244.0,SANDPIPER,,WDG2173,31,0,23,,,57,A
367512920,2022-01-04T18:44:17,30.04812,-90.59995,0.0,268.8,244.0,SANDPIPER,,WDG2173,31,0,23,,,57,A
367512920,2022-01-04T21:23:35,30.04811,-90.59995,0.0,256.5,245.0,SANDPIPER,,WDG2173,31,0,23,,,57,A
367512920,2022-01-04T20:47:17,30.04812,-90.59995,0.1,16.6,243.0,SANDPIPER,,WDG2173,31,0,23,,,57,A
367512920,2022-01-04T20:51:57,30.04814,-90.59993,0.0,77.8,243.0,SANDPIPER,,WDG2173,31,0,23,,,57,A
367512920,2022-01-04T20:59:56,30.04814,-90.59993,0.0,11.8,244.0,SANDPIPER,,WDG2173,31,0,23,,,57,A
367512920,2022-01-04T21:01:25,30.04811,-90.59992,0.0,110.9,244.0,SANDPIPER,,WDG2173,31,0,23,,,57,A
367512920,2022-01-04T18:51:07,30.04812,-90.59993,0.0,247.9,244.0,SANDPIPER,,WDG2173,31,0,23,,,57,A
367512920,2022-01-04T18:53:27,30.04812,-90.59993,0.0,159.9,244.0,SANDPIPER,,WDG2173,31,0,23,,,57,A
367512920,2022-01-04T21:43:37,30.04810,-90.59992,0.0,267.5,244.0,SANDPIPER,,WDG2173,31,0,23,,,57,A
367512920,2022-01-04T21:44:47,30.04812,-90.59993,0.0,249.2,244.0,SANDPIPER,,WDG2173,31,0,23,,,57,A
367512920,2022-01-04T21:07:15,30.04812,-90.59994,0.0,141.9,245.0,SANDPIPER,,WDG2173,31,0,23,,,57,A
367512920,2022-01-04T21:00:16,30.04813,-90.59993,0.0,205.4,244.0,SANDPIPER,,WDG2173,31,0,23,,,57,A
367512920,2022-01-04T21:02:35,30.04810,-90.59992,0.0,144.0,244.0,SANDPIPER,,WDG2173,31,0,23,,,57,A
367512920,2022-01-04T21:10:45,30.04811,-90.59995,0.0,224.6,244.0,SANDPIPER,,WDG2173,31,0,23,,,57,A
367512920,2022-01-04T21:11:56,30.04811,-90.59995,0.0,205.5,245.0,SANDPIPER,,WDG2173,31,0,23,,,57,A
367512920,2022-01-04T19:01:25,30.04811,-90.59996,0.0,118.3,245.0,SANDPIPER,,WDG2173,31,0,23,,,57,A
367512920,2022-01-04T20:21:16,30.04812,-90.59994,0.0,263.5,244.0,SANDPIPER,,WDG2173,31,0,23,,,57,A
367512920,2022-01-04T21:45:56,30.04807,-90.59987,0.0,274.4,245.0,SANDPIPER,,WDG2173,31,0,23,,,57,A
367512920,2022-01-04T22:03:56,30.04812,-90.59994,0.0,291.3,245.0,SANDPIPER,,WDG2173,31,0,23,,,57,A
367512920,2022-01-04T21:51:46,30.04810,-90.59990,0.0,300.3,244.0,SANDPIPER,,WDG2173,31,0,23,,,57,A
367512920,2022-01-04T19:10:16,30.04811,-90.59995,0.0,176.6,244.0,SANDPIPER,,WDG2173,31,0,23,,,57,A
367512920,2022-01-04T21:54:06,30.04812,-90.59995,0.0,284.7,244.0,SANDPIPER,,WDG2173,31,0,23,,,57,A
367512920,2022-01-04T22:06:17,30.04811,-90.59996,0.0,290.7,246.0,SANDPIPER,,WDG2173,31,0,23,,,57,A
367512920,2022-01-04T21:55:16,30.04813,-90.59995,0.0,331.3,245.0,SANDPIPER,,WDG2173,31,0,23,,,57,A
367512920,2022-01-04T21:16:37,30.04812,-90.59994,0.0,106.0,245.0,SANDPIPER,,WDG2173,31,0,23,,,57,A
367512920,2022-01-04T21:56:26,30.04813,-90.59996,0.0,152.0,245.0,SANDPIPER,,WDG2173,31,0,23,,,57,A
367512920,2022-01-04T19:11:27,30.04812,-90.59996,0.0,290.8,243.0,SANDPIPER,,WDG2173,31,0,23,,,57,A
367512920,2022-01-04T21:29:26,30.04811,-90.59996,0.0,294.3,246.0,SANDPIPER,,WDG2173,31,0,23,,,57,A
367512920,2022-01-04T19:12:35,30.04811,-90.59995,0.0,278.2,244.0,SANDPIPER,,WDG2173,31,0,23,,,57,A
367512920,2022-01-04T16:12:36,30.04813,-90.59994,0.0,175.0,244.0,SANDPIPER,,WDG2173,31,0,23,,,57,A
367512920,2022-01-04T21:33:17,30.04811,-90.59995,0.0,185.2,245.0,SANDPIPER,,WDG2173,31,0,23,,,57,A
367512920,2022-01-04T19:16:07,30.04812,-90.59994,0.0,317.8,244.0,SANDPIPER,,WDG2173,31,0,23,,,57,A
367512920,2022-01-04T19:17:16,30.04810,-90.59994,0.0,247.8,243.0,SANDPIPER,,WDG2173,31,0,23,,,57,A
367512920,2022-01-04T16:16:07,30.04811,-90.59995,0.0,126.4,244.0,SANDPIPER,,WDG2173,31,0,23,,,57,A
367512920,2022-01-04T21:21:16,30.04812,-90.59993,0.0,324.0,246.0,SANDPIPER,,WDG2173,31,0,23,,,57,A
367512920,2022-01-04T21:38:56,30.04811,-90.59994,0.0,256.8,245.0,SANDPIPER,,WDG2173,31,0,23,,,57,A
367512920,2022-01-04T21:24:46,30.04812,-90.59994,0.0,271.6,245.0,SANDPIPER,,WDG2173,31,0,23,,,57,A
367512920,2022-01-04T16:23:17,30.04808,-90.59992,0.0,282.9,244.0,SANDPIPER,,WDG2173,31,0,23,,,57,A
367512920,2022-01-04T19:24:17,30.04812,-90.59996,0.0,222.5,245.0,SANDPIPER,,WDG2173,31,0,23,,,57,A
367512920,2022-01-04T22:22:36,30.04812,-90.59995,0.0,329.4,246.0,SANDPIPER,,WDG2173,31,0,23,,,57,A
367512920,2022-01-04T22:10:56,30.04811,-90.59995,0.0,239.2,245.0,SANDPIPER,,WDG2173,31,0,23,,,57,A
367512920,2022-01-04T22:12:06,30.04811,-90.59995,0.0,199.2,245.0,SANDPIPER,,WDG2173,31,0,23,,,57,A
367512920,2022-01-04T22:14:25,30.04813,-90.59996,0.0,266.2,244.0,SANDPIPER,,WDG2173,31,0,23,,,57,A
367512920,2022-01-04T16:26:37,30.04808,-90.59992,0.0,40.6,244.0,SANDPIPER,,WDG2173,31,0,23,,,57,A
367512920,2022-01-04T21:34:26,30.04811,-90.59994,0.0,165.8,246.0,SANDPIPER,,WDG2173,31,0,23,,,57,A
367512920,2022-01-04T20:56:36,30.04814,-90.59995,0.1,288.6,243.0,SANDPIPER,,WDG2173,31,0,23,,,57,A
367512920,2022-01-04T19:29:57,30.04808,-90.59991,0.0,286.5,245.0,SANDPIPER,,WDG2173,31,0,23,,,57,A
367512920,2022-01-04T22:28:27,30.04812,-90.59995,0.0,95.9,245.0,SANDPIPER,,WDG2173,31,0,23,,,57,A
367512920,2022-01-04T22:39:56,30.04812,-90.59995,0.0,280.6,245.0,SANDPIPER,,WDG2173,31,0,23,,,57,A
367512920,2022-01-04T21:42:25,30.04809,-90.59992,0.0,190.7,245.0,SANDPIPER,,WDG2173,31,0,23,,,57,A
367512920,2022-01-04T21:46:57,30.04812,-90.59995,0.0,255.1,245.0,SANDPIPER,,WDG2173,31,0,23,,,57,A
367512920,2022-01-04T21:03:46,30.04811,-90.59993,0.0,296.8,245.0,SANDPIPER,,WDG2173,31,0,23,,,57,A
367512920,2022-01-04T21:06:06,30.04812,-90.59992,0.0,235.0,245.0,SANDPIPER,,WDG2173,31,0,23,,,57,A
367512920,2022-01-04T22:43:26,30.04813,-90.59995,0.1,294.4,244.0,SANDPIPER,,WDG2173,31,0,23,,,57,A
367512920,2022-01-04T21:49:26,30.04811,-90.59994,0.0,238.3,246.0,SANDPIPER,,WDG2173,31,0,23,,,57,A
367512920,2022-01-04T22:35:26,30.04812,-90.59995,0.0,310.4,245.0,SANDPIPER,,WDG2173,31,0,23,,,57,A
367512920,2022-01-04T16:39:25,30.04810,-90.59994,0.0,227.4,245.0,SANDPIPER,,WDG2173,31,0,23,,,57,A
367512920,2022-01-04T21:08:25,30.04811,-90.59993,0.0,122.7,244.0,SANDPIPER,,WDG2173,31,0,23,,,57,A
367512920,2022-01-04T22:48:17,30.04812,-90.59994,0.0,47.0,245.0,SANDPIPER,,WDG2173,31,0,23,,,57,A
367512920,2022-01-04T21:50:36,30.04811,-90.59992,0.0,281.2,246.0,SANDPIPER,,WDG2173,31,0,23,,,57,A
367512920,2022-01-04T22:44:36,30.04812,-90.59995,0.1,281.2,244.0,SANDPIPER,,WDG2173,31,0,23,,,57,A
367512920,2022-01-04T22:15:37,30.04811,-90.59995,0.0,222.5,244.0,SANDPIPER,,WDG2173,31,0,23,,,57,A
367512920,2022-01-04T22:45:46,30.04812,-90.59994,0.0,305.7,244.0,SANDPIPER,,WDG2173,31,0,23,,,57,A
367512920,2022-01-04T16:45:07,30.04810,-90.59993,0.0,158.8,246.0,SANDPIPER,,WDG2173,31,0,23,,,57,A
367512920,2022-01-04T16:46:15,30.04811,-90.59993,0.0,278.1,246.0,SANDPIPER,,WDG2173,31,0,23,,,57,A
367512920,2022-01-04T22:19:07,30.04812,-90.59995,0.0,305.3,246.0,SANDPIPER,,WDG2173,31,0,23,,,57,A
367512920,2022-01-04T16:47:26,30.04811,-90.59995,0.0,204.8,245.0,SANDPIPER,,WDG2173,31,0,23,,,57,A
367512920,2022-01-04T22:20:15,30.04812,-90.59995,0.0,60.8,245.0,SANDPIPER,,WDG2173,31,0,23,,,57,A
367512920,2022-01-04T22:58:45,30.04812,-90.59994,0.0,171.0,244.0,SANDPIPER,,WDG2173,31,0,23,,,57,A
367512920,2022-01-04T21:58:46,30.04812,-90.59994,0.0,272.8,244.0,SANDPIPER,,WDG2173,31,0,23,,,57,A
367512920,2022-01-04T22:49:26,30.04812,-90.59994,0.0,249.9,245.0,SANDPIPER,,WDG2173,31,0,23,,,57,A
367512920,2022-01-04T19:48:17,30.04811,-90.59994,0.0,241.1,246.0,SANDPIPER,,WDG2173,31,0,23,,,57,A
367512920,2022-01-04T21:59:56,30.04812,-90.59995,0.0,140.9,244.0,SANDPIPER,,WDG2173,31,0,23,,,57,A
367512920,2022-01-04T22:07:26,30.04811,-90.59995,0.0,315.6,245.0,SANDPIPER,,WDG2173,31,0,23,,,57,A
367512920,2022-01-04T16:49:46,30.04810,-90.59994,0.0,228.3,246.0,SANDPIPER,,WDG2173,31,0,23,,,57,A
367512920,2022-01-04T21:25:56,30.04811,-90.59995,0.0,209.2,245.0,SANDPIPER,,WDG2173,31,0,23,,,57,A
367512920,2022-01-04T22:13:16,30.04812,-90.59996,0.0,278.1,245.0,SANDPIPER,,WDG2173,31,0,23,,,57,A
367512920,2022-01-04T21:30:47,30.04811,-90.59995,0.0,253.0,246.0,SANDPIPER,,WDG2173,31,0,23,,,57,A
367512920,2022-01-04T22:16:47,30.04812,-90.59994,0.0,234.5,245.0,SANDPIPER,,WDG2173,31,0,23,,,57,A
367512920,2022-01-04T23:02:45,30.04812,-90.59995,0.0,199.9,245.0,SANDPIPER,,WDG2173,31,0,23,,,57,A
367512920,2022-01-04T23:15:06,30.04812,-90.59995,0.0,216.6,244.0,SANDPIPER,,WDG2173,31,0,23,,,57,A
367512920,2022-01-04T23:16:16,30.04813,-90.59996,0.0,321.6,243.0,SANDPIPER,,WDG2173,31,0,23,,,57,A
367512920,2022-01-04T22:36:36,30.04813,-90.59995,0.0,247.2,244.0,SANDPIPER,,WDG2173,31,0,23,,,57,A
367512920,2022-01-04T23:09:26,30.04811,-90.59996,0.0,266.3,243.0,SANDPIPER,,WDG2173,31,0,23,,,57,A
367512920,2022-01-04T20:00:16,30.04812,-90.59995,0.0,234.5,246.0,SANDPIPER,,WDG2173,31,0,23,,,57,A
367512920,2022-01-04T23:20:57,30.04813,-90.59995,0.0,217.1,244.0,SANDPIPER,,WDG2173,31,0,23,,,57,A
367512920,2022-01-04T23:12:46,30.04811,-90.59992,0.0,95.1,244.0,SANDPIPER,,WDG2173,31,0,23,,,57,A
367512920,2022-01-04T22:29:36,30.04812,-90.59995,0.0,185.6,245.0,SANDPIPER,,WDG2173,31,0,23,,,57,A
367512920,2022-01-04T21:48:16,30.04812,-90.59993,0.0,295.2,245.0,SANDPIPER,,WDG2173,31,0,23,,,57,A
367512920,2022-01-04T20:08:27,30.04812,-90.59996,0.0,271.8,246.0,SANDPIPER,,WDG2173,31,0,23,,,57,A
367512920,2022-01-04T22:34:17,30.04811,-90.59995,0.0,140.0,245.0,SANDPIPER,,WDG2173,31,0,23,,,57,A
367512920,2022-01-04T22:27:16,30.04812,-90.59995,0.0,212.2,245.0,SANDPIPER,,WDG2173,31,0,23,,,57,A
367512920,2022-01-04T22:50:37,30.04812,-90.59994,0.0,272.3,245.0,SANDPIPER,,WDG2173,31,0,23,,,57,A
367512920,2022-01-04T21:52:56,30.04811,-90.59993,0.0,176.7,244.0,SANDPIPER,,WDG2173,31,0,23,,,57,A
367512920,2022-01-04T23:36:06,30.04810,-90.59994,0.0,241.5,245.0,SANDPIPER,,WDG2173,31,0,23,,,57,A
367512920,2022-01-04T23:23:26,30.04813,-90.59994,0.0,325.6,243.0,SANDPIPER,,WDG2173,31,0,23,,,57,A
367512920,2022-01-04T22:38:46,30.04811,-90.59995,0.0,283.9,245.0,SANDPIPER,,WDG2173,31,0,23,,,57,A
367512920,2022-01-04T23:37:15,30.04811,-90.59994,0.0,235.1,244.0,SANDPIPER,,WDG2173,31,0,23,,,57,A
367512920,2022-01-04T23:25:46,30.04812,-90.59995,0.0,215.3,243.0,SANDPIPER,,WDG2173,31,0,23,,,57,A
367512920,2022-01-04T22:41:07,30.04812,-90.59994,0.0,275.0,245.0,SANDPIPER,,WDG2173,31,0,23,,,57,A
367512920,2022-01-04T23:34:56,30.04811,-90.59994,0.0,25.3,244.0,SANDPIPER,,WDG2173,31,0,23,,,57,A
367512920,2022-01-04T23:50:06,30.04812,-90.59993,0.0,268.0,244.0,SANDPIPER,,WDG2173,31,0,23,,,57,A
367512920,2022-01-04T23:07:16,30.04811,-90.59994,0.0,342.0,245.0,SANDPIPER,,WDG2173,31,0,23,,,57,A
367512920,2022-01-04T17:14:26,30.04811,-90.59994,0.0,346.7,245.0,SANDPIPER,,WDG2173,31,0,23,,,57,A
367512920,2022-01-04T23:51:16,30.04812,-90.59995,0.0,338.4,245.0,SANDPIPER,,WDG2173,31,0,23,,,57,A
367512920,2022-01-04T22:52:56,30.04813,-90.59995,0.0,263.8,244.0,SANDPIPER,,WDG2173,31,0,23,,,57,A
367512920,2022-01-04T23:40:47,30.04812,-90.59995,0.0,318.1,245.0,SANDPIPER,,WDG2173,31,0,23,,,57,A
367512920,2022-01-04T17:16:46,30.04812,-90.59995,0.0,1.6,245.0,SANDPIPER,,WDG2173,31,0,23,,,57,A
367512920,2022-01-04T23:55:56,30.04810,-90.59996,0.0,284.9,244.0,SANDPIPER,,WDG2173,31,0,23,,,57,A
367512920,2022-01-04T23:45:26,30.04809,-90.59995,0.0,117.3,245.0,SANDPIPER,,WDG2173,31,0,23,,,57,A
367512920,2022-01-04T17:19:06,30.04810,-90.59995,0.0,237.1,244.0,SANDPIPER,,WDG2173,31,0,23,,,57,A
367512920,2022-01-04T23:48:55,30.04813,-90.59993,0.0,249.1,244.0,SANDPIPER,,WDG2173,31,0,23,,,57,A
367512920,2022-01-04T22:54:07,30.04812,-90.59994,0.0,249.7,244.0,SANDPIPER,,WDG2173,31,0,23,,,57,A
367512920,2022-01-04T17:21:26,30.04811,-90.59994,0.0,106.8,244.0,SANDPIPER,,WDG2173,31,0,23,,,57,A
367512920,2022-01-04T23:03:56,30.04812,-90.59996,0.0,84.7,245.0,SANDPIPER,,WDG2173,31,0,23,,,57,A
367512920,2022-01-04T17:22:36,30.04811,-90.59996,0.0,290.1,244.0,SANDPIPER,,WDG2173,31,0,23,,,57,A
367512920,2022-01-04T23:19:46,30.04811,-90.59995,0.0,306.0,244.0,SANDPIPER,,WDG2173,31,0,23,,,57,A
367512920,2022-01-04T23:06:06,30.04812,-90.59995,0.0,185.3,244.0,SANDPIPER,,WDG2173,31,0,23,,,57,A
367512920,2022-01-04T22:23:47,30.04812,-90.59995,0.0,297.3,245.0,SANDPIPER,,WDG2173,31,0,23,,,57,A
367512920,2022-01-04T22:57:36,30.04812,-90.59994,0.0,167.0,244.0,SANDPIPER,,WDG2173,31,0,23,,,57,A
367512920,2022-01-04T20:37:45,30.04811,-90.59992,0.0,170.2,244.0,SANDPIPER,,WDG2173,31,0,23,,,57,A
367512920,2022-01-04T23:08:25,30.04811,-90.59994,0.0,237.0,244.0,SANDPIPER,,WDG2173,31,0,23,,,57,A
367512920,2022-01-04T23:10:36,30.04812,-90.59995,0.0,289.3,243.0,SANDPIPER,,WDG2173,31,0,23,,,57,A
367512920,2022-01-04T23:11:37,30.04812,-90.59994,0.0,285.5,243.0,SANDPIPER,,WDG2173,31,0,23,,,57,A
367512920,2022-01-04T20:43:35,30.04811,-90.59993,0.0,326.3,243.0,SANDPIPER,,WDG2173,31,0,23,,,57,A
367512920,2022-01-04T23:59:26,30.04812,-90.59996,0.0,331.9,245.0,SANDPIPER,,WDG2173,31,0,23,,,57,A
367512920,2022-01-04T23:26:57,30.04813,-90.59994,0.0,243.4,244.0,SANDPIPER,,WDG2173,31,0,23,,,57,A
367512920,2022-01-04T23:30:16,30.04812,-90.59995,0.0,222.8,243.0,SANDPIPER,,WDG2173,31,0,23,,,57,A
367512920,2022-01-04T17:34:16,30.04809,-90.59993,0.0,10.1,243.0,SANDPIPER,,WDG2173,31,0,23,,,57,A
367512920,2022-01-04T23:33:46,30.04813,-90.59995,0.0,191.2,245.0,SANDPIPER,,WDG2173,31,0,23,,,57,A
367512920,2022-01-04T17:37:46,30.04812,-90.59996,0.0,209.1,244.0,SANDPIPER,,WDG2173,31,0,23,,,57,A
367512920,2022-01-04T23:38:26,30.04810,-90.59994,0.0,258.4,244.0,SANDPIPER,,WDG2173,31,0,23,,,57,A
367512920,2022-01-04T22:42:16,30.04813,-90.59995,0.0,165.5,244.0,SANDPIPER,,WDG2173,31,0,23,,,57,A
367512920,2022-01-04T23:41:56,30.04812,-90.59995,0.0,235.4,244.0,SANDPIPER,,WDG2173,31,0,23,,,57,A
367512920,2022-01-04T23:22:06,30.04811,-90.59995,0.0,259.8,243.0,SANDPIPER,,WDG2173,31,0,23,,,57,A
367512920,2022-01-04T23:32:36,30.04812,-90.59994,0.0,261.7,244.0,SANDPIPER,,WDG2173,31,0,23,,,57,A
367512920,2022-01-04T20:57:37,30.04813,-90.59995,0.0,298.0,242.0,SANDPIPER,,WDG2173,31,0,23,,,57,A
367512920,2022-01-04T17:49:05,30.04810,-90.59993,0.0,73.4,244.0,SANDPIPER,,WDG2173,31,0,23,,,57,A
367512920,2022-01-04T20:58:45,30.04814,-90.59993,0.0,132.2,244.0,SANDPIPER,,WDG2173,31,0,23,,,57,A
367512920,2022-01-04T22:51:46,30.04812,-90.59995,0.0,307.5,244.0,SANDPIPER,,WDG2173,31,0,23,,,57,A
367512920,2022-01-04T22:56:25,30.04811,-90.59994,0.0,259.5,245.0,SANDPIPER,,WDG2173,31,0,23,,,57,A
367512920,2022-01-04T17:53:37,30.04810,-90.59993,0.0,312.6,244.0,SANDPIPER,,WDG2173,31,0,23,,,57,A
367512920,2022-01-04T21:04:56,30.04811,-90.59993,0.0,183.4,245.0,SANDPIPER,,WDG2173,31,0,23,,,57,A
367512920,2022-01-04T23:00:16,30.04812,-90.59995,0.0,345.9,245.0,SANDPIPER,,WDG2173,31,0,23,,,57,A
367512920,2022-01-04T23:04:57,30.04812,-90.59996,0.0,153.0,244.0,SANDPIPER,,WDG2173,31,0,23,,,57,A
367512920,2022-01-04T23:44:16,30.04811,-90.59995,0.0,151.8,245.0,SANDPIPER,,WDG2173,31,0,23,,,57,A
367512920,2022-01-04T23:54:46,30.04812,-90.59995,0.0,230.2,245.0,SANDPIPER,,WDG2173,31,0,23,,,57,A
367512920,2022-01-04T18:07:06,30.04813,-90.59995,0.0,227.2,245.0,SANDPIPER,,WDG2173,31,0,23,,,57,A
367512920,2022-01-04T23:47:46,30.04812,-90.59994,0.0,304.4,244.0,SANDPIPER,,WDG2173,31,0,23,,,57,A
367512920,2022-01-04T21:18:56,30.04812,-90.59994,0.0,308.1,245.0,SANDPIPER,,WDG2173,31,0,23,,,57,A
367512920,2022-01-04T21:20:05,30.04811,-90.59995,0.0,210.6,245.0,SANDPIPER,,WDG2173,31,0,23,,,57,A
367512920,2022-01-04T21:22:26,30.04812,-90.59995,0.0,319.0,245.0,SANDPIPER,,WDG2173,31,0,23,,,57,A
367512920,2022-01-04T23:18:37,30.04812,-90.59995,0.0,251.7,243.0,SANDPIPER,,WDG2173,31,0,23,,,57,A
367512920,2022-01-04T23:52:27,30.04811,-90.59994,0.0,23.7,244.0,SANDPIPER,,WDG2173,31,0,23,,,57,A
367512920,2022-01-04T21:27:05,30.04812,-90.59993,0.0,300.5,245.0,SANDPIPER,,WDG2173,31,0,23,,,57,A
367512920,2022-01-04T18:15:17,30.04811,-90.59995,0.0,249.5,245.0,SANDPIPER,,WDG2173,31,0,23,,,57,A
367512920,2022-01-04T18:16:26,30.04812,-90.59994,0.0,277.2,246.0,SANDPIPER,,WDG2173,31,0,23,,,57,A
367512920,2022-01-04T21:28:16,30.04812,-90.59994,0.0,314.4,245.0,SANDPIPER,,WDG2173,31,0,23,,,57,A
367512920,2022-01-04T23:31:27,30.04811,-90.59994,0.0,3.2,244.0,SANDPIPER,,WDG2173,31,0,23,,,57,A
367512920,2022-01-04T18:22:06,30.04811,-90.59992,0.0,247.2,247.0,SANDPIPER,,WDG2173,31,0,23,,,57,A
367512920,2022-01-04T18:23:16,30.04811,-90.59992,0.0,315.4,246.0,SANDPIPER,,WDG2173,31,0,23,,,57,A
367512920,2022-01-04T23:43:06,30.04812,-90.59994,0.0,292.2,245.0,SANDPIPER,,WDG2173,31,0,23,,,57,A
367512920,2022-01-04T18:29:06,30.04811,-90.59996,0.0,276.6,245.0,SANDPIPER,,WDG2173,31,0,23,,,57,A
367512920,2022-01-04T21:41:16,30.04810,-90.59994,0.0,177.4,245.0,SANDPIPER,,WDG2173,31,0,23,,,57,A
367512920,2022-01-04T22:05:06,30.04812,-90.59994,0.0,254.9,245.0,SANDPIPER,,WDG2173,31,0,23,,,57,A
367512920,2022-01-04T18:58:06,30.04809,-90.59994,0.0,239.9,245.0,SANDPIPER,,WDG2173,31,0,23,,,57,A
367512920,2022-01-04T19:00:16,30.04811,-90.59994,0.0,148.2,245.0,SANDPIPER,,WDG2173,31,0,23,,,57,A
367512920,2022-01-04T22:09:46,30.04812,-90.59994,0.0,226.7,246.0,SANDPIPER,,WDG2173,31,0,23,,,57,A
367512920,2022-01-04T22:17:56,30.04813,-90.59995,0.0,278.6,245.0,SANDPIPER,,WDG2173,31,0,23,,,57,A
367512920,2022-01-04T19:19:36,30.04811,-90.59996,0.0,202.9,243.0,SANDPIPER,,WDG2173,31,0,23,,,57,A
367512920,2022-01-04T19:20:47,30.04811,-90.59994,0.0,171.7,244.0,SANDPIPER,,WDG2173,31,0,23,,,57,A
367512920,2022-01-04T22:24:55,30.04813,-90.59994,0.0,317.9,245.0,SANDPIPER,,WDG2173,31,0,23,,,57,A
367512920,2022-01-04T22:26:06,30.04812,-90.59995,0.0,315.7,246.0,SANDPIPER,,WDG2173,31,0,23,,,57,A
367512920,2022-01-04T22:30:46,30.04813,-90.59995,0.0,315.8,244.0,SANDPIPER,,WDG2173,31,0,23,,,57,A
367512920,2022-01-04T22:31:55,30.04813,-90.59995,0.0,302.7,245.0,SANDPIPER,,WDG2173,31,0,23,,,57,A
367512920,2022-01-04T22:33:06,30.04812,-90.59995,0.0,297.9,245.0,SANDPIPER,,WDG2173,31,0,23,,,57,A
367512920,2022-01-04T19:32:16,30.04812,-90.59995,0.0,178.7,244.0,SANDPIPER,,WDG2173,31,0,23,,,57,A
367512920,2022-01-04T19:45:56,30.04813,-90.59993,0.0,262.7,246.0,SANDPIPER,,WDG2173,31,0,23,,,57,A
367512920,2022-01-04T22:55:16,30.04812,-90.59994,0.0,204.0,245.0,SANDPIPER,,WDG2173,31,0,23,,,57,A
367512920,2022-01-04T19:52:55,30.04813,-90.59995,0.0,127.2,246.0,SANDPIPER,,WDG2173,31,0,23,,,57,A
367512920,2022-01-04T22:59:57,30.04812,-90.59995,0.0,293.7,244.0,SANDPIPER,,WDG2173,31,0,23,,,57,A
367512920,2022-01-04T19:56:26,30.04812,-90.59995,0.0,270.1,247.0,SANDPIPER,,WDG2173,31,0,23,,,57,A
367512920,2022-01-04T20:02:36,30.04813,-90.59994,0.0,2.3,246.0,SANDPIPER,,WDG2173,31,0,23,,,57,A
367512920,2022-01-04T23:17:25,30.04812,-90.59994,0.0,309.6,243.0,SANDPIPER,,WDG2173,31,0,23,,,57,A
367512920,2022-01-04T20:16:36,30.04811,-90.59995,0.0,241.0,244.0,SANDPIPER,,WDG2173,31,0,23,,,57,A
367512920,2022-01-04T23:29:06,30.04812,-90.59993,0.0,251.0,244.0,SANDPIPER,,WDG2173,31,0,23,,,57,A
367512920,2022-01-04T20:33:06,30.04811,-90.59994,0.0,303.9,243.0,SANDPIPER,,WDG2173,31,0,23,,,57,A
367512920,2022-01-04T20:36:35,30.04810,-90.59994,0.0,241.2,243.0,SANDPIPER,,WDG2173,31,0,23,,,57,A
367512920,2022-01-04T20:49:36,30.04815,-90.59990,0.0,213.3,243.0,SANDPIPER,,WDG2173,31,0,23,,,57,A
367512920,2022-01-04T23:57:06,30.04812,-90.59995,0.0,214.1,245.0,SANDPIPER,,WDG2173,31,0,23,,,57,A
367512920,2022-01-04T23:58:16,30.04809,-90.59997,0.0,252.6,245.0,SANDPIPER,,WDG2173,31,0,23,,,57,A
367512920,2022-01-04T21:13:06,30.04811,-90.59995,0.0,251.5,245.0,SANDPIPER,,WDG2173,31,0,23,,,57,A
367512920,2022-01-04T21:14:16,30.04812,-90.59995,0.0,342.7,244.0,SANDPIPER,,WDG2173,31,0,23,,,57,A
367512920,2022-01-04T21:31:56,30.04811,-90.59995,0.0,244.6,245.0,SANDPIPER,,WDG2173,31,0,23,,,57,A
367512920,2022-01-04T21:35:36,30.04811,-90.59994,0.0,258.9,245.0,SANDPIPER,,WDG2173,31,0,23,,,57,A
367512920,2022-01-04T21:36:47,30.04812,-90.59992,0.0,302.0,245.0,SANDPIPER,,WDG2173,31,0,23,,,57,A
367512920,2022-01-04T21:37:55,30.04810,-90.59992,0.0,244.6,246.0,SANDPIPER,,WDG2173,31,0,23,,,57,A
367512920,2022-01-04T21:40:07,30.04811,-90.59994,0.0,305.1,245.0,SANDPIPER,,WDG2173,31,0,23,,,57,A
367512920,2022-01-04T21:57:36,30.04812,-90.59994,0.0,215.8,245.0,SANDPIPER,,WDG2173,31,0,23,,,57,A
367512920,2022-01-04T22:08:37,30.04811,-90.59995,0.0,248.0,246.0,SANDPIPER,,WDG2173,31,0,23,,,57,A
367512920,2022-01-04T22:21:26,30.04811,-90.59995,0.0,327.8,245.0,SANDPIPER,,WDG2173,31,0,23,,,57,A
367512920,2022-01-04T22:37:37,30.04811,-90.59995,0.0,245.5,244.0,SANDPIPER,,WDG2173,31,0,23,,,57,A
367512920,2022-01-04T22:46:57,30.04812,-90.59994,0.0,49.2,244.0,SANDPIPER,,WDG2173,31,0,23,,,57,A
367512920,2022-01-04T23:01:37,30.04811,-90.59995,0.0,237.5,245.0,SANDPIPER,,WDG2173,31,0,23,,,57,A
367512920,2022-01-04T23:13:55,30.04813,-90.59994,0.0,265.0,244.0,SANDPIPER,,WDG2173,31,0,23,,,57,A
367512920,2022-01-04T23:24:37,30.04812,-90.59993,0.0,260.6,243.0,SANDPIPER,,WDG2173,31,0,23,,,57,A
367512920,2022-01-04T23:28:05,30.04813,-90.59996,0.0,279.2,243.0,SANDPIPER,,WDG2173,31,0,23,,,57,A
367512920,2022-01-04T23:39:37,30.04810,-90.59996,0.0,313.1,244.0,SANDPIPER,,WDG2173,31,0,23,,,57,A
367512920,2022-01-04T23:46:37,30.04811,-90.59994,0.0,233.8,244.0,SANDPIPER,,WDG2173,31,0,23,,,57,A
367512920,2022-01-04T23:53:37,30.04811,-90.59994,0.0,272.2,245.0,SANDPIPER,,WDG2173,31,0,23,,,57,A
367512920,2022-01-05T00:04:46,30.04811,-90.59994,0.0,236.4,245.0,SANDPIPER,,WDG2173,31,0,23,,,57,A
367512920,2022-01-05T00:05:56,30.04812,-90.59995,0.0,185.0,245.0,SANDPIPER,,WDG2173,31,0,23,,,57,A
367512920,2022-01-05T00:08:16,30.04812,-90.59995,0.0,215.8,245.0,SANDPIPER,,WDG2173,31,0,23,,,57,A
367512920,2022-01-05T00:07:06,30.04813,-90.59995,0.0,242.7,245.0,SANDPIPER,,WDG2173,31,0,23,,,57,A
367512920,2022-01-05T00:09:27,30.04810,-90.59995,0.0,226.1,245.0,SANDPIPER,,WDG2173,31,0,23,,,57,A
367512920,2022-01-05T00:14:06,30.04812,-90.59994,0.0,296.7,245.0,SANDPIPER,,WDG2173,31,0,23,,,57,A
367512920,2022-01-05T00:12:56,30.04811,-90.59994,0.0,297.2,246.0,SANDPIPER,,WDG2173,31,0,23,,,57,A
367512920,2022-01-05T00:11:45,30.04813,-90.59994,0.0,254.1,244.0,SANDPIPER,,WDG2173,31,0,23,,,57,A
367512920,2022-01-05T00:17:36,30.04812,-90.59994,0.0,264.9,245.0,SANDPIPER,,WDG2173,31,0,23,,,57,A
367512920,2022-01-05T00:10:36,30.04812,-90.59995,0.0,272.5,245.0,SANDPIPER,,WDG2173,31,0,23,,,57,A
367512920,2022-01-05T00:16:26,30.04813,-90.59994,0.0,232.3,245.0,SANDPIPER,,WDG2173,31,0,23,,,57,A
367512920,2022-01-05T00:18:47,30.04812,-90.59994,0.0,53.2,246.0,SANDPIPER,,WDG2173,31,0,23,,,57,A
367512920,2022-01-05T00:19:56,30.04812,-90.59994,0.0,202.5,245.0,SANDPIPER,,WDG2173,31,0,23,,,57,A
367512920,2022-01-05T00:22:17,30.04811,-90.59995,0.0,276.8,245.0,SANDPIPER,,WDG2173,31,0,23,,,57,A
367512920,2022-01-05T00:15:17,30.04811,-90.59993,0.0,201.0,246.0,SANDPIPER,,WDG2173,31,0,23,,,57,A
367512920,2022-01-05T00:23:26,30.04810,-90.59994,0.0,260.2,245.0,SANDPIPER,,WDG2173,31,0,23,,,57,A
367512920,2022-01-05T00:21:06,30.04811,-90.59994,0.0,226.9,246.0,SANDPIPER,,WDG2173,31,0,23,,,57,A
367512920,2022-01-05T00:24:35,30.04812,-90.59995,0.0,287.3,244.0,SANDPIPER,,WDG2173,31,0,23,,,57,A
367512920,2022-01-05T00:28:16,30.04811,-90.59995,0.0,339.4,245.0,SANDPIPER,,WDG2173,31,0,23,,,57,A
367512920,2022-01-05T00:29:25,30.04811,-90.59995,0.0,301.3,245.0,SANDPIPER,,WDG2173,31,0,23,,,57,A
367512920,2022-01-05T00:31:56,30.04812,-90.59995,0.0,300.7,244.0,SANDPIPER,,WDG2173,31,0,23,,,57,A
367512920,2022-01-05T00:25:56,30.04811,-90.59995,0.0,178.7,245.0,SANDPIPER,,WDG2173,31,0,23,,,57,A
367512920,2022-01-05T00:32:57,30.04812,-90.59995,0.0,210.2,244.0,SANDPIPER,,WDG2173,31,0,23,,,57,A
367512920,2022-01-05T00:27:07,30.04812,-90.59996,0.0,304.1,244.0,SANDPIPER,,WDG2173,31,0,23,,,57,A
367512920,2022-01-05T00:30:47,30.04811,-90.59995,0.0,274.8,244.0,SANDPIPER,,WDG2173,31,0,23,,,57,A
367512920,2022-01-05T00:35:15,30.04813,-90.59995,0.0,232.4,244.0,SANDPIPER,,WDG2173,31,0,23,,,57,A
367512920,2022-01-05T00:36:26,30.04812,-90.59995,0.0,13.4,244.0,SANDPIPER,,WDG2173,31,0,23,,,57,A
367512920,2022-01-05T00:37:36,30.04811,-90.59995,0.0,252.1,244.0,SANDPIPER,,WDG2173,31,0,23,,,57,A
367512920,2022-01-05T00:38:45,30.04812,-90.59996,0.0,258.8,244.0,SANDPIPER,,WDG2173,31,0,23,,,57,A
367512920,2022-01-05T00:41:07,30.04813,-90.59996,0.0,272.8,245.0,SANDPIPER,,WDG2173,31,0,23,,,57,A
367512920,2022-01-05T00:39:57,30.04812,-90.59995,0.0,278.7,244.0,SANDPIPER,,WDG2173,31,0,23,,,57,A
367512920,2022-01-05T00:42:17,30.04815,-90.59996,0.1,279.8,245.0,SANDPIPER,,WDG2173,31,0,23,,,57,A
367512920,2022-01-05T00:43:27,30.04812,-90.59995,0.1,193.6,245.0,SANDPIPER,,WDG2173,31,0,23,,,57,A
367512920,2022-01-05T00:48:16,30.04813,-90.59997,0.0,212.6,243.0,SANDPIPER,,WDG2173,31,0,23,,,57,A
367512920,2022-01-05T00:49:26,30.04813,-90.59996,0.0,197.9,244.0,SANDPIPER,,WDG2173,31,0,23,,,57,A
367512920,2022-01-05T00:44:37,30.04812,-90.59994,0.0,181.8,244.0,SANDPIPER,,WDG2173,31,0,23,,,57,A
367512920,2022-01-05T00:45:45,30.04812,-90.59995,0.0,240.2,244.0,SANDPIPER,,WDG2173,31,0,23,,,57,A
367512920,2022-01-05T00:50:36,30.04813,-90.59995,0.0,224.4,244.0,SANDPIPER,,WDG2173,31,0,23,,,57,A
367512920,2022-01-05T00:55:16,30.04811,-90.59995,0.0,200.7,245.0,SANDPIPER,,WDG2173,31,0,23,,,57,A
367512920,2022-01-05T00:56:26,30.04811,-90.59994,0.0,34.8,244.0,SANDPIPER,,WDG2173,31,0,23,,,57,A
367512920,2022-01-05T00:59:47,30.04813,-90.59995,0.0,238.0,243.0,SANDPIPER,,WDG2173,31,0,23,,,57,A
367512920,2022-01-05T00:57:36,30.04811,-90.59994,0.0,221.7,243.0,SANDPIPER,,WDG2173,31,0,23,,,57,A
367512920,2022-01-05T01:02:47,30.04812,-90.59996,0.0,220.1,244.0,SANDPIPER,,WDG2173,31,0,23,,,57,A
367512920,2022-01-05T00:58:37,30.04812,-90.59994,0.0,233.5,244.0,SANDPIPER,,WDG2173,31,0,23,,,57,A
367512920,2022-01-05T01:03:56,30.04812,-90.59995,0.0,194.9,244.0,SANDPIPER,,WDG2173,31,0,23,,,57,A
367512920,2022-01-05T01:01:37,30.04811,-90.59994,0.0,286.8,243.0,SANDPIPER,,WDG2173,31,0,23,,,57,A
367512920,2022-01-05T01:07:27,30.04811,-90.59996,0.0,295.6,243.0,SANDPIPER,,WDG2173,31,0,23,,,57,A
367512920,2022-01-05T01:08:36,30.04812,-90.59995,0.0,276.1,242.0,SANDPIPER,,WDG2173,31,0,23,,,57,A
367512920,2022-01-05T01:05:06,30.04812,-90.59994,0.0,248.2,243.0,SANDPIPER,,WDG2173,31,0,23,,,57,A
367512920,2022-01-05T01:06:16,30.04811,-90.59996,0.0,181.1,243.0,SANDPIPER,,WDG2173,31,0,23,,,57,A
367512920,2022-01-05T01:13:06,30.04814,-90.59996,0.0,158.0,244.0,SANDPIPER,,WDG2173,31,0,23,,,57,A
367512920,2022-01-05T01:15:26,30.04813,-90.59995,0.0,305.4,243.0,SANDPIPER,,WDG2173,31,0,23,,,57,A
367512920,2022-01-05T01:16:36,30.04812,-90.59994,0.0,310.2,244.0,SANDPIPER,,WDG2173,31,0,23,,,57,A
367512920,2022-01-05T01:12:05,30.04813,-90.59995,0.0,274.0,243.0,SANDPIPER,,WDG2173,31,0,23,,,57,A
367512920,2022-01-05T01:17:37,30.04812,-90.59994,0.0,169.4,244.0,SANDPIPER,,WDG2173,31,0,23,,,57,A
367512920,2022-01-05T01:10:56,30.04813,-90.59995,0.0,337.3,243.0,SANDPIPER,,WDG2173,31,0,23,,,57,A
367512920,2022-01-05T01:18:46,30.04813,-90.59996,0.0,336.9,244.0,SANDPIPER,,WDG2173,31,0,23,,,57,A
367512920,2022-01-05T01:14:16,30.04814,-90.59995,0.0,234.4,244.0,SANDPIPER,,WDG2173,31,0,23,,,57,A
367512920,2022-01-05T01:24:36,30.04811,-90.59995,0.0,194.2,244.0,SANDPIPER,,WDG2173,31,0,23,,,57,A
367512920,2022-01-05T00:34:06,30.04812,-90.59995,0.0,289.6,244.0,SANDPIPER,,WDG2173,31,0,23,,,57,A
367512920,2022-01-05T01:23:26,30.04811,-90.59994,0.0,244.1,244.0,SANDPIPER,,WDG2173,31,0,23,,,57,A
367512920,2022-01-05T01:21:06,30.04811,-90.59994,0.0,253.4,244.0,SANDPIPER,,WDG2173,31,0,23,,,57,A
367512920,2022-01-05T01:26:57,30.04812,-90.59994,0.0,223.6,244.0,SANDPIPER,,WDG2173,31,0,23,,,57,A
367512920,2022-01-05T01:25:46,30.04811,-90.59994,0.0,250.0,244.0,SANDPIPER,,WDG2173,31,0,23,,,57,A
367512920,2022-01-05T01:29:07,30.04811,-90.59992,0.0,265.1,244.0,SANDPIPER,,WDG2173,31,0,23,,,57,A
367512920,2022-01-05T01:32:37,30.04812,-90.59993,0.0,231.8,243.0,SANDPIPER,,WDG2173,31,0,23,,,57,A
367512920,2022-01-05T01:22:17,30.04810,-90.59995,0.0,214.9,244.0,SANDPIPER,,WDG2173,31,0,23,,,57,A
367512920,2022-01-05T01:34:56,30.04812,-90.59994,0.0,176.2,243.0,SANDPIPER,,WDG2173,31,0,23,,,57,A
367512920,2022-01-05T01:30:15,30.04811,-90.59994,0.0,226.3,244.0,SANDPIPER,,WDG2173,31,0,23,,,57,A
367512920,2022-01-05T01:31:27,30.04812,-90.59994,0.0,200.0,243.0,SANDPIPER,,WDG2173,31,0,23,,,57,A
367512920,2022-01-05T01:38:25,30.04812,-90.59997,0.0,287.0,243.0,SANDPIPER,,WDG2173,31,0,23,,,57,A
367512920,2022-01-05T01:39:37,30.04811,-90.59994,0.0,246.9,243.0,SANDPIPER,,WDG2173,31,0,23,,,57,A
367512920,2022-01-05T01:37:17,30.04812,-90.59995,0.0,265.9,244.0,SANDPIPER,,WDG2173,31,0,23,,,57,A
367512920,2022-01-05T01:33:46,30.04812,-90.59994,0.0,281.7,243.0,SANDPIPER,,WDG2173,31,0,23,,,57,A
367512920,2022-01-05T01:43:06,30.04812,-90.59994,0.0,201.4,244.0,SANDPIPER,,WDG2173,31,0,23,,,57,A
367512920,2022-01-05T01:44:17,30.04811,-90.59993,0.0,270.5,244.0,SANDPIPER,,WDG2173,31,0,23,,,57,A
367512920,2022-01-05T01:47:55,30.04812,-90.59995,0.0,213.9,243.0,SANDPIPER,,WDG2173,31,0,23,,,57,A
367512920,2022-01-05T01:45:27,30.04812,-90.59996,0.0,118.6,244.0,SANDPIPER,,WDG2173,31,0,23,,,57,A
367512920,2022-01-05T01:40:47,30.04812,-90.59995,0.0,175.1,244.0,SANDPIPER,,WDG2173,31,0,23,,,57,A
367512920,2022-01-05T01:46:36,30.04812,-90.59992,0.0,308.0,244.0,SANDPIPER,,WDG2173,31,0,23,,,57,A
367512920,2022-01-05T01:41:56,30.04812,-90.59995,0.0,202.5,244.0,SANDPIPER,,WDG2173,31,0,23,,,57,A
367512920,2022-01-05T01:49:07,30.04811,-90.59994,0.0,215.4,244.0,SANDPIPER,,WDG2173,31,0,23,,,57,A
367512920,2022-01-05T01:50:16,30.04811,-90.59993,0.0,139.9,243.0,SANDPIPER,,WDG2173,31,0,23,,,57,A
367512920,2022-01-05T01:54:57,30.04813,-90.59995,0.0,285.0,242.0,SANDPIPER,,WDG2173,31,0,23,,,57,A
367512920,2022-01-05T00:47:06,30.04811,-90.59995,0.1,180.0,244.0,SANDPIPER,,WDG2173,31,0,23,,,57,A
367512920,2022-01-05T01:51:26,30.04811,-90.59990,0.0,239.9,244.0,SANDPIPER,,WDG2173,31,0,23,,,57,A
367512920,2022-01-05T01:53:46,30.04813,-90.59995,0.0,203.2,243.0,SANDPIPER,,WDG2173,31,0,23,,,57,A
367512920,2022-01-05T02:06:26,30.04811,-90.59993,0.0,277.6,244.0,SANDPIPER,,WDG2173,31,0,23,,,57,A
367512920,2022-01-05T00:51:47,30.04812,-90.59994,0.0,150.6,244.0,SANDPIPER,,WDG2173,31,0,23,,,57,A
367512920,2022-01-05T01:58:35,30.04813,-90.59993,0.0,294.0,244.0,SANDPIPER,,WDG2173,31,0,23,,,57,A
367512920,2022-01-05T00:52:57,30.04811,-90.59993,0.0,172.3,244.0,SANDPIPER,,WDG2173,31,0,23,,,57,A
367512920,2022-01-05T02:08:47,30.04812,-90.59995,0.0,223.7,243.0,SANDPIPER,,WDG2173,31,0,23,,,57,A
367512920,2022-01-05T01:56:16,30.04813,-90.59997,0.0,215.0,242.0,SANDPIPER,,WDG2173,31,0,23,,,57,A
367512920,2022-01-05T01:59:46,30.04812,-90.59994,0.0,287.0,243.0,SANDPIPER,,WDG2173,31,0,23,,,57,A
367512920,2022-01-05T02:05:16,30.04812,-90.59994,0.0,267.1,244.0,SANDPIPER,,WDG2173,31,0,23,,,57,A
367512920,2022-01-05T02:12:06,30.04811,-90.59995,0.0,269.4,244.0,SANDPIPER,,WDG2173,31,0,23,,,57,A
367512920,2022-01-05T00:54:05,30.04813,-90.59995,0.0,247.0,245.0,SANDPIPER,,WDG2173,31,0,23,,,57,A
367512920,2022-01-05T02:07:37,30.04812,-90.59994,0.0,286.6,244.0,SANDPIPER,,WDG2173,31,0,23,,,57,A
367512920,2022-01-05T02:21:15,30.04811,-90.59997,0.0,243.4,244.0,SANDPIPER,,WDG2173,31,0,23,,,57,A
367512920,2022-01-05T02:14:27,30.04812,-90.59995,0.0,192.2,244.0,SANDPIPER,,WDG2173,31,0,23,,,57,A
367512920,2022-01-05T02:13:16,30.04811,-90.59996,0.0,267.9,244.0,SANDPIPER,,WDG2173,31,0,23,,,57,A
367512920,2022-01-05T02:19:06,30.04812,-90.59995,0.0,263.2,243.0,SANDPIPER,,WDG2173,31,0,23,,,57,A
367512920,2022-01-05T02:09:55,30.04813,-90.59995,0.0,268.6,244.0,SANDPIPER,,WDG2173,31,0,23,,,57,A
367512920,2022-01-05T02:10:56,30.04813,-90.59995,0.0,296.6,244.0,SANDPIPER,,WDG2173,31,0,23,,,57,A
367512920,2022-01-05T02:20:07,30.04813,-90.59996,0.0,346.7,244.0,SANDPIPER,,WDG2173,31,0,23,,,57,A
367512920,2022-01-05T02:24:26,30.04813,-90.59996,0.0,309.4,243.0,SANDPIPER,,WDG2173,31,0,23,,,57,A
367512920,2022-01-05T02:25:36,30.04812,-90.59995,0.0,294.4,244.0,SANDPIPER,,WDG2173,31,0,23,,,57,A
367512920,2022-01-05T02:17:55,30.04812,-90.59996,0.0,277.0,243.0,SANDPIPER,,WDG2173,31,0,23,,,57,A
367512920,2022-01-05T02:15:35,30.04813,-90.59995,0.0,300.9,244.0,SANDPIPER,,WDG2173,31,0,23,,,57,A
367512920,2022-01-05T02:26:46,30.04812,-90.59995,0.0,226.3,243.0,SANDPIPER,,WDG2173,31,0,23,,,57,A
367512920,2022-01-05T02:27:56,30.04810,-90.59991,0.0,287.6,243.0,SANDPIPER,,WDG2173,31,0,23,,,57,A
367512920,2022-01-05T02:22:16,30.04811,-90.59996,0.0,270.2,243.0,SANDPIPER,,WDG2173,31,0,23,,,57,A
367512920,2022-01-05T02:29:07,30.04812,-90.59994,0.0,294.7,244.0,SANDPIPER,,WDG2173,31,0,23,,,57,A
367512920,2022-01-05T02:33:45,30.04811,-90.59993,0.0,287.5,242.0,SANDPIPER,,WDG2173,31,0,23,,,57,A
367512920,2022-01-05T02:34:57,30.04811,-90.59993,0.0,291.8,243.0,SANDPIPER,,WDG2173,31,0,23,,,57,A
367512920,2022-01-05T02:40:45,30.04811,-90.59994,0.0,185.7,243.0,SANDPIPER,,WDG2173,31,0,23,,,57,A
367512920,2022-01-05T02:30:16,30.04811,-90.59992,0.0,260.3,243.0,SANDPIPER,,WDG2173,31,0,23,,,57,A
367512920,2022-01-05T02:31:26,30.04812,-90.59992,0.0,288.6,243.0,SANDPIPER,,WDG2173,31,0,23,,,57,A
367512920,2022-01-05T02:36:05,30.04812,-90.59993,0.0,281.5,243.0,SANDPIPER,,WDG2173,31,0,23,,,57,A
367512920,2022-01-05T02:45:26,30.04813,-90.59994,0.0,319.2,243.0,SANDPIPER,,WDG2173,31,0,23,,,57,A
367512920,2022-01-05T02:37:16,30.04811,-90.59992,0.0,274.5,243.0,SANDPIPER,,WDG2173,31,0,23,,,57,A
367512920,2022-01-05T02:38:26,30.04811,-90.59991,0.0,264.0,243.0,SANDPIPER,,WDG2173,31,0,23,,,57,A
367512920,2022-01-05T02:39:36,30.04812,-90.59992,0.0,257.6,244.0,SANDPIPER,,WDG2173,31,0,23,,,57,A
367512920,2022-01-05T02:41:56,30.04812,-90.59993,0.0,223.4,243.0,SANDPIPER,,WDG2173,31,0,23,,,57,A
367512920,2022-01-05T02:50:07,30.04813,-90.59994,0.0,282.0,244.0,SANDPIPER,,WDG2173,31,0,23,,,57,A
367512920,2022-01-05T01:09:46,30.04813,-90.59995,0.0,215.5,243.0,SANDPIPER,,WDG2173,31,0,23,,,57,A
367512920,2022-01-05T02:46:37,30.04811,-90.59995,0.0,297.8,244.0,SANDPIPER,,WDG2173,31,0,23,,,57,A
367512920,2022-01-05T02:44:17,30.04812,-90.59994,0.0,305.9,243.0,SANDPIPER,,WDG2173,31,0,23,,,57,A
367512920,2022-01-05T02:47:46,30.04810,-90.59992,0.0,184.2,244.0,SANDPIPER,,WDG2173,31,0,23,,,57,A
367512920,2022-01-05T02:51:16,30.04813,-90.59993,0.0,228.5,244.0,SANDPIPER,,WDG2173,31,0,23,,,57,A
367512920,2022-01-05T02:52:26,30.04811,-90.59994,0.0,239.3,244.0,SANDPIPER,,WDG2173,31,0,23,,,57,A
367512920,2022-01-05T02:53:37,30.04811,-90.59993,0.0,258.9,244.0,SANDPIPER,,WDG2173,31,0,23,,,57,A
367512920,2022-01-05T02:54:46,30.04811,-90.59996,0.0,309.6,245.0,SANDPIPER,,WDG2173,31,0,23,,,57,A
367512920,2022-01-05T02:58:16,30.04812,-90.59996,0.0,162.3,244.0,SANDPIPER,,WDG2173,31,0,23,,,57,A
367512920,2022-01-05T02:59:26,30.04811,-90.59994,0.0,309.0,245.0,SANDPIPER,,WDG2173,31,0,23,,,57,A
367512920,2022-01-05T03:00:57,30.04813,-90.59995,0.0,330.7,245.0,SANDPIPER,,WDG2173,31,0,23,,,57,A
367512920,2022-01-05T03:12:35,30.04814,-90.59997,0.0,215.7,244.0,SANDPIPER,,WDG2173,31,0,23,,,57,A
367512920,2022-01-05T01:19:55,30.04812,-90.59994,0.0,161.2,244.0,SANDPIPER,,WDG2173,31,0,23,,,57,A
367512920,2022-01-05T03:04:25,30.04813,-90.59993,0.0,284.8,244.0,SANDPIPER,,WDG2173,31,0,23,,,57,A
367512920,2022-01-05T03:03:17,30.04813,-90.59995,0.0,298.2,245.0,SANDPIPER,,WDG2173,31,0,23,,,57,A
367512920,2022-01-05T03:06:46,30.04811,-90.59994,0.0,329.8,244.0,SANDPIPER,,WDG2173,31,0,23,,,57,A
367512920,2022-01-05T03:07:55,30.04810,-90.59993,0.0,306.3,244.0,SANDPIPER,,WDG2173,31,0,23,,,57,A
367512920,2022-01-05T03:10:16,30.04813,-90.59995,0.0,268.9,244.0,SANDPIPER,,WDG2173,31,0,23,,,57,A
367512920,2022-01-05T03:13:46,30.04811,-90.59996,0.0,158.4,244.0,SANDPIPER,,WDG2173,31,0,23,,,57,A
367512920,2022-01-05T03:11:27,30.04813,-90.59995,0.0,275.1,244.0,SANDPIPER,,WDG2173,31,0,23,,,57,A
367512920,2022-01-05T03:05:36,30.04813,-90.59992,0.0,299.3,243.0,SANDPIPER,,WDG2173,31,0,23,,,57,A
367512920,2022-01-05T03:09:07,30.04812,-90.59995,0.0,256.2,244.0,SANDPIPER,,WDG2173,31,0,23,,,57,A
367512920,2022-01-05T03:24:16,30.04813,-90.59994,0.0,279.7,244.0,SANDPIPER,,WDG2173,31,0,23,,,57,A
367512920,2022-01-05T03:16:16,30.04812,-90.59995,0.0,286.7,245.0,SANDPIPER,,WDG2173,31,0,23,,,57,A
367512920,2022-01-05T03:19:45,30.04811,-90.59995,0.0,279.3,245.0,SANDPIPER,,WDG2173,31,0,23,,,57,A
367512920,2022-01-05T03:17:27,30.04813,-90.59994,0.0,242.5,245.0,SANDPIPER,,WDG2173,31,0,23,,,57,A
367512920,2022-01-05T03:14:55,30.04811,-90.59995,0.0,278.4,244.0,SANDPIPER,,WDG2173,31,0,23,,,57,A
367512920,2022-01-05T03:18:36,30.04814,-90.59999,0.0,271.6,245.0,SANDPIPER,,WDG2173,31,0,23,,,57,A
367512920,2022-01-05T03:23:07,30.04812,-90.59996,0.0,249.6,244.0,SANDPIPER,,WDG2173,31,0,23,,,57,A
367512920,2022-01-05T03:30:06,30.04812,-90.59995,0.0,264.6,244.0,SANDPIPER,,WDG2173,31,0,23,,,57,A
367512920,2022-01-05T03:20:55,30.04811,-90.59994,0.0,231.9,245.0,SANDPIPER,,WDG2173,31,0,23,,,57,A
367512920,2022-01-05T03:35:57,30.04812,-90.59995,0.0,290.4,243.0,SANDPIPER,,WDG2173,31,0,23,,,57,A
367512920,2022-01-05T03:21:56,30.04812,-90.59995,0.0,265.2,245.0,SANDPIPER,,WDG2173,31,0,23,,,57,A
367512920,2022-01-05T03:33:36,30.04812,-90.59995,0.0,235.9,243.0,SANDPIPER,,WDG2173,31,0,23,,,57,A
367512920,2022-01-05T03:26:37,30.04812,-90.59993,0.0,292.7,244.0,SANDPIPER,,WDG2173,31,0,23,,,57,A
367512920,2022-01-05T03:28:57,30.04812,-90.59995,0.0,271.8,244.0,SANDPIPER,,WDG2173,31,0,23,,,57,A
367512920,2022-01-05T03:39:36,30.04813,-90.59995,0.0,229.3,243.0,SANDPIPER,,WDG2173,31,0,23,,,57,A
367512920,2022-01-05T03:25:25,30.04813,-90.59993,0.0,263.2,244.0,SANDPIPER,,WDG2173,31,0,23,,,57,A
367512920,2022-01-05T03:32:26,30.04811,-90.59994,0.0,274.5,243.0,SANDPIPER,,WDG2173,31,0,23,,,57,A
367512920,2022-01-05T03:31:16,30.04812,-90.59994,0.0,271.2,243.0,SANDPIPER,,WDG2173,31,0,23,,,57,A
367512920,2022-01-05T01:28:06,30.04812,-90.59995,0.0,214.4,244.0,SANDPIPER,,WDG2173,31,0,23,,,57,A
367512920,2022-01-05T03:44:17,30.04811,-90.59994,0.0,208.9,243.0,SANDPIPER,,WDG2173,31,0,23,,,57,A
367512920,2022-01-05T03:47:46,30.04812,-90.59996,0.0,272.8,243.0,SANDPIPER,,WDG2173,31,0,23,,,57,A
367512920,2022-01-05T03:48:57,30.04810,-90.59994,0.0,273.5,243.0,SANDPIPER,,WDG2173,31,0,23,,,57,A
367512920,2022-01-05T03:43:05,30.04811,-90.59994,0.0,218.5,243.0,SANDPIPER,,WDG2173,31,0,23,,,57,A
367512920,2022-01-05T03:38:26,30.04811,-90.59995,0.0,267.2,243.0,SANDPIPER,,WDG2173,31,0,23,,,57,A
367512920,2022-01-05T03:34:46,30.04812,-90.59995,0.0,251.0,244.0,SANDPIPER,,WDG2173,31,0,23,,,57,A
367512920,2022-01-05T03:40:47,30.04811,-90.59996,0.0,271.8,243.0,SANDPIPER,,WDG2173,31,0,23,,,57,A
367512920,2022-01-05T03:53:36,30.04814,-90.59994,0.0,230.5,245.0,SANDPIPER,,WDG2173,31,0,23,,,57,A
367512920,2022-01-05T03:45:26,30.04813,-90.59995,0.0,246.8,244.0,SANDPIPER,,WDG2173,31,0,23,,,57,A
367512920,2022-01-05T03:41:55,30.04812,-90.59994,0.0,280.8,243.0,SANDPIPER,,WDG2173,31,0,23,,,57,A
367512920,2022-01-05T03:54:47,30.04814,-90.59996,0.0,289.8,244.0,SANDPIPER,,WDG2173,31,0,23,,,57,A
367512920,2022-01-05T03:51:17,30.04813,-90.59993,0.0,186.3,244.0,SANDPIPER,,WDG2173,31,0,23,,,57,A
367512920,2022-01-05T03:59:17,30.04813,-90.59995,0.0,285.8,246.0,SANDPIPER,,WDG2173,31,0,23,,,57,A
367512920,2022-01-05T01:36:06,30.04812,-90.59996,0.0,14.2,243.0,SANDPIPER,,WDG2173,31,0,23,,,57,A
367512920,2022-01-05T03:55:56,30.04813,-90.59995,0.0,212.9,245.0,SANDPIPER,,WDG2173,31,0,23,,,57,A
367512920,2022-01-05T03:50:06,30.04811,-90.59993,0.0,239.2,243.0,SANDPIPER,,WDG2173,31,0,23,,,57,A
367512920,2022-01-05T04:07:06,30.04805,-90.59991,0.0,286.4,244.0,SANDPIPER,,WDG2173,31,0,23,,,57,A
367512920,2022-01-05T04:05:56,30.04810,-90.59992,0.0,234.2,244.0,SANDPIPER,,WDG2173,31,0,23,,,57,A
367512920,2022-01-05T04:13:46,30.04812,-90.59993,0.0,86.4,244.0,SANDPIPER,,WDG2173,31,0,23,,,57,A
367512920,2022-01-05T03:57:05,30.04814,-90.59994,0.0,214.9,245.0,SANDPIPER,,WDG2173,31,0,23,,,57,A
367512920,2022-01-05T03:58:16,30.04814,-90.59994,0.0,286.7,245.0,SANDPIPER,,WDG2173,31,0,23,,,57,A
367512920,2022-01-05T04:08:16,30.04808,-90.59995,0.0,210.2,245.0,SANDPIPER,,WDG2173,31,0,23,,,57,A
367512920,2022-01-05T04:17:16,30.04810,-90.59994,0.0,233.7,248.0,SANDPIPER,,WDG2173,31,0,23,,,57,A
367512920,2022-01-05T04:09:17,30.04810,-90.59994,0.0,222.6,245.0,SANDPIPER,,WDG2173,31,0,23,,,57,A
367512920,2022-01-05T04:03:46,30.04810,-90.59991,0.0,263.6,244.0,SANDPIPER,,WDG2173,31,0,23,,,57,A
367512920,2022-01-05T04:10:26,30.04808,-90.59993,0.0,234.4,246.0,SANDPIPER,,WDG2173,31,0,23,,,57,A
367512920,2022-01-05T04:04:47,30.04813,-90.59994,0.0,249.5,243.0,SANDPIPER,,WDG2173,31,0,23,,,57,A
367512920,2022-01-05T04:18:25,30.04812,-90.59995,0.0,312.7,248.0,SANDPIPER,,WDG2173,31,0,23,,,57,A
367512920,2022-01-05T04:12:37,30.04810,-90.59991,0.0,212.1,247.0,SANDPIPER,,WDG2173,31,0,23,,,57,A
367512920,2022-01-05T04:14:56,30.04810,-90.59994,0.0,349.6,246.0,SANDPIPER,,WDG2173,31,0,23,,,57,A
367512920,2022-01-05T04:20:45,30.04811,-90.59995,0.0,192.3,247.0,SANDPIPER,,WDG2173,31,0,23,,,57,A
367512920,2022-01-05T04:11:27,30.04808,-90.59992,0.0,310.6,246.0,SANDPIPER,,WDG2173,31,0,23,,,57,A
367512920,2022-01-05T04:19:37,30.04810,-90.59995,0.0,287.5,247.0,SANDPIPER,,WDG2173,31,0,23,,,57,A
367512920,2022-01-05T04:21:55,30.04813,-90.59994,0.0,310.0,246.0,SANDPIPER,,WDG2173,31,0,23,,,57,A
367512920,2022-01-05T04:31:06,30.04814,-90.59996,0.0,324.2,245.0,SANDPIPER,,WDG2173,31,0,23,,,57,A
367512920,2022-01-05T04:24:05,30.04813,-90.59995,0.0,206.4,247.0,SANDPIPER,,WDG2173,31,0,23,,,57,A
367512920,2022-01-05T04:26:27,30.04813,-90.59995,0.0,248.0,246.0,SANDPIPER,,WDG2173,31,0,23,,,57,A
367512920,2022-01-05T04:25:16,30.04812,-90.59995,0.0,212.3,247.0,SANDPIPER,,WDG2173,31,0,23,,,57,A
367512920,2022-01-05T04:16:06,30.04810,-90.59995,0.0,319.1,247.0,SANDPIPER,,WDG2173,31,0,23,,,57,A
367512920,2022-01-05T04:37:57,30.04810,-90.59994,0.0,319.3,246.0,SANDPIPER,,WDG2173,31,0,23,,,57,A
367512920,2022-01-05T04:29:57,30.04814,-90.59995,0.0,183.4,246.0,SANDPIPER,,WDG2173,31,0,23,,,57,A
367512920,2022-01-05T04:39:05,30.04811,-90.59996,0.0,289.2,246.0,SANDPIPER,,WDG2173,31,0,23,,,57,A
367512920,2022-01-05T04:33:26,30.04812,-90.59994,0.0,344.4,246.0,SANDPIPER,,WDG2173,31,0,23,,,57,A
367512920,2022-01-05T04:22:56,30.04813,-90.59994,0.0,178.9,247.0,SANDPIPER,,WDG2173,31,0,23,,,57,A
367512920,2022-01-05T04:41:26,30.04811,-90.59995,0.0,313.3,246.0,SANDPIPER,,WDG2173,31,0,23,,,57,A
367512920,2022-01-05T04:35:36,30.04812,-90.59997,0.0,225.1,246.0,SANDPIPER,,WDG2173,31,0,23,,,57,A
367512920,2022-01-05T04:27:37,30.04812,-90.59994,0.0,183.2,246.0,SANDPIPER,,WDG2173,31,0,23,,,57,A
367512920,2022-01-05T04:28:46,30.04813,-90.59994,0.0,203.1,247.0,SANDPIPER,,WDG2173,31,0,23,,,57,A
367512920,2022-01-05T04:32:16,30.04811,-90.59996,0.0,284.1,246.0,SANDPIPER,,WDG2173,31,0,23,,,57,A
367512920,2022-01-05T04:42:37,30.04808,-90.59994,0.0,317.6,245.0,SANDPIPER,,WDG2173,31,0,23,,,57,A
367512920,2022-01-05T04:44:47,30.04811,-90.59995,0.0,239.1,245.0,SANDPIPER,,WDG2173,31,0,23,,,57,A
367512920,2022-01-05T04:34:27,30.04812,-90.59995,0.0,185.4,246.0,SANDPIPER,,WDG2173,31,0,23,,,57,A
367512920,2022-01-05T04:45:57,30.04811,-90.59995,0.0,234.9,245.0,SANDPIPER,,WDG2173,31,0,23,,,57,A
367512920,2022-01-05T01:52:37,30.04811,-90.59992,0.0,197.3,242.0,SANDPIPER,,WDG2173,31,0,23,,,57,A
367512920,2022-01-05T04:36:47,30.04811,-90.59995,0.0,72.4,246.0,SANDPIPER,,WDG2173,31,0,23,,,57,A
367512920,2022-01-05T04:54:05,30.04812,-90.59996,0.0,312.0,243.0,SANDPIPER,,WDG2173,31,0,23,,,57,A
367512920,2022-01-05T04:43:45,30.04810,-90.59995,0.0,305.7,246.0,SANDPIPER,,WDG2173,31,0,23,,,57,A
367512920,2022-01-05T04:56:37,30.04810,-90.59993,0.0,176.5,243.0,SANDPIPER,,WDG2173,31,0,23,,,57,A
367512920,2022-01-05T04:52:56,30.04813,-90.59995,0.0,261.0,243.0,SANDPIPER,,WDG2173,31,0,23,,,57,A
367512920,2022-01-05T05:02:27,30.04813,-90.59995,0.0,255.4,243.0,SANDPIPER,,WDG2173,31,0,23,,,57,A
367512920,2022-01-05T04:48:17,30.04809,-90.59994,0.0,210.9,244.0,SANDPIPER,,WDG2173,31,0,23,,,57,A
367512920,2022-01-05T04:49:27,30.04811,-90.59993,0.0,154.5,245.0,SANDPIPER,,WDG2173,31,0,23,,,57,A
367512920,2022-01-05T04:50:37,30.04812,-90.59995,0.0,289.3,244.0,SANDPIPER,,WDG2173,31,0,23,,,57,A
367512920,2022-01-05T05:03:37,30.04811,-90.59995,0.0,297.4,244.0,SANDPIPER,,WDG2173,31,0,23,,,57,A
367512920,2022-01-05T04:47:07,30.04811,-90.59995,0.0,293.3,245.0,SANDPIPER,,WDG2173,31,0,23,,,57,A
367512920,2022-01-05T05:10:45,30.04811,-90.59993,0.0,343.2,244.0,SANDPIPER,,WDG2173,31,0,23,,,57,A
367512920,2022-01-05T05:07:16,30.04812,-90.59994,0.0,81.3,243.0,SANDPIPER,,WDG2173,31,0,23,,,57,A
367512920,2022-01-05T01:57:26,30.04813,-90.59995,0.0,251.6,243.0,SANDPIPER,,WDG2173,31,0,23,,,57,A
367512920,2022-01-05T05:08:27,30.04812,-90.59994,0.0,34.4,243.0,SANDPIPER,,WDG2173,31,0,23,,,57,A
367512920,2022-01-05T05:09:37,30.04811,-90.59991,0.0,170.5,244.0,SANDPIPER,,WDG2173,31,0,23,,,57,A
367512920,2022-01-05T04:57:46,30.04811,-90.59995,0.0,122.8,243.0,SANDPIPER,,WDG2173,31,0,23,,,57,A
367512920,2022-01-05T05:14:07,30.04811,-90.59995,0.0,274.2,244.0,SANDPIPER,,WDG2173,31,0,23,,,57,A
367512920,2022-01-05T05:00:06,30.04812,-90.59995,0.0,307.5,243.0,SANDPIPER,,WDG2173,31,0,23,,,57,A
367512920,2022-01-05T05:11:57,30.04811,-90.59993,0.1,330.0,244.0,SANDPIPER,,WDG2173,31,0,23,,,57,A
367512920,2022-01-05T05:13:06,30.04812,-90.59994,0.0,172.1,244.0,SANDPIPER,,WDG2173,31,0,23,,,57,A
367512920,2022-01-05T04:58:56,30.04812,-90.59994,0.0,350.5,243.0,SANDPIPER,,WDG2173,31,0,23,,,57,A
367512920,2022-01-05T05:04:56,30.04812,-90.59995,0.0,155.5,244.0,SANDPIPER,,WDG2173,31,0,23,,,57,A
367512920,2022-01-05T05:01:16,30.04813,-90.59994,0.0,172.4,244.0,SANDPIPER,,WDG2173,31,0,23,,,57,A
367512920,2022-01-05T05:22:07,30.04811,-90.59991,0.0,316.1,242.0,SANDPIPER,,WDG2173,31,0,23,,,57,A
367512920,2022-01-05T05:06:06,30.04811,-90.59993,0.0,168.2,243.0,SANDPIPER,,WDG2173,31,0,23,,,57,A
367512920,2022-01-05T05:16:17,30.04809,-90.59993,0.0,316.0,244.0,SANDPIPER,,WDG2173,31,0,23,,,57,A
367512920,2022-01-05T05:25:36,30.04807,-90.59991,0.0,156.7,243.0,SANDPIPER,,WDG2173,31,0,23,,,57,A
367512920,2022-01-05T05:17:25,30.04809,-90.59994,0.0,66.6,244.0,SANDPIPER,,WDG2173,31,0,23,,,57,A
367512920,2022-01-05T05:18:36,30.04811,-90.59990,0.0,231.5,244.0,SANDPIPER,,WDG2173,31,0,23,,,57,A
367512920,2022-01-05T05:19:46,30.04809,-90.59991,0.0,347.1,245.0,SANDPIPER,,WDG2173,31,0,23,,,57,A
367512920,2022-01-05T05:20:56,30.04810,-90.59991,0.0,282.1,243.0,SANDPIPER,,WDG2173,31,0,23,,,57,A
367512920,2022-01-05T05:35:45,30.04811,-90.59995,0.0,174.5,244.0,SANDPIPER,,WDG2173,31,0,23,,,57,A
367512920,2022-01-05T05:24:26,30.04812,-90.59991,0.0,324.9,242.0,SANDPIPER,,WDG2173,31,0,23,,,57,A
367512920,2022-01-05T05:36:56,30.04812,-90.59995,0.0,197.5,244.0,SANDPIPER,,WDG2173,31,0,23,,,57,A
367512920,2022-01-05T05:32:17,30.04808,-90.59991,0.0,322.8,242.0,SANDPIPER,,WDG2173,31,0,23,,,57,A
367512920,2022-01-05T05:23:17,30.04810,-90.59993,0.0,153.2,242.0,SANDPIPER,,WDG2173,31,0,23,,,57,A
367512920,2022-01-05T05:30:07,30.04812,-90.59992,0.0,288.9,242.0,SANDPIPER,,WDG2173,31,0,23,,,57,A
367512920,2022-01-05T05:34:36,30.04808,-90.59991,0.0,60.7,243.0,SANDPIPER,,WDG2173,31,0,23,,,57,A
367512920,2022-01-05T05:44:57,30.04811,-90.59990,0.1,285.0,244.0,SANDPIPER,,WDG2173,31,0,23,,,57,A
367512920,2022-01-05T05:31:16,30.04810,-90.59992,0.0,91.6,243.0,SANDPIPER,,WDG2173,31,0,23,,,57,A
367512920,2022-01-05T05:33:26,30.04810,-90.59990,0.0,320.9,242.0,SANDPIPER,,WDG2173,31,0,23,,,57,A
367512920,2022-01-05T05:40:26,30.04811,-90.59992,0.0,210.3,244.0,SANDPIPER,,WDG2173,31,0,23,,,57,A
367512920,2022-01-05T05:39:16,30.04810,-90.59990,0.1,320.4,244.0,SANDPIPER,,WDG2173,31,0,23,,,57,A
367512920,2022-01-05T05:42:45,30.04811,-90.59988,0.0,221.5,244.0,SANDPIPER,,WDG2173,31,0,23,,,57,A
367512920,2022-01-05T02:16:46,30.04810,-90.59995,0.0,320.1,244.0,SANDPIPER,,WDG2173,31,0,23,,,57,A
367512920,2022-01-05T05:55:26,30.04812,-90.59994,0.0,181.9,245.0,SANDPIPER,,WDG2173,31,0,23,,,57,A
367512920,2022-01-05T05:41:37,30.04813,-90.59991,0.0,193.8,244.0,SANDPIPER,,WDG2173,31,0,23,,,57,A
367512920,2022-01-05T05:56:37,30.04812,-90.59994,0.0,335.2,244.0,SANDPIPER,,WDG2173,31,0,23,,,57,A
367512920,2022-01-05T05:46:05,30.04812,-90.59989,0.0,13.5,245.0,SANDPIPER,,WDG2173,31,0,23,,,57,A
367512920,2022-01-05T05:38:07,30.04811,-90.59992,0.0,134.6,244.0,SANDPIPER,,WDG2173,31,0,23,,,57,A
367512920,2022-01-05T05:58:57,30.04813,-90.59994,0.0,342.2,244.0,SANDPIPER,,WDG2173,31,0,23,,,57,A
367512920,2022-01-05T05:51:55,30.04812,-90.59994,0.0,322.8,245.0,SANDPIPER,,WDG2173,31,0,23,,,57,A
367512920,2022-01-05T06:06:07,30.04813,-90.59994,0.0,241.1,244.0,SANDPIPER,,WDG2173,31,0,23,,,57,A
367512920,2022-01-05T05:47:16,30.04812,-90.59992,0.0,166.1,245.0,SANDPIPER,,WDG2173,31,0,23,,,57,A
367512920,2022-01-05T06:07:16,30.04812,-90.59994,0.0,218.6,244.0,SANDPIPER,,WDG2173,31,0,23,,,57,A
367512920,2022-01-05T05:43:56,30.04812,-90.59994,0.0,170.1,244.0,SANDPIPER,,WDG2173,31,0,23,,,57,A
367512920,2022-01-05T02:23:25,30.04811,-90.59995,0.0,286.2,244.0,SANDPIPER,,WDG2173,31,0,23,,,57,A
367512920,2022-01-05T06:10:45,30.04811,-90.59995,0.0,221.2,244.0,SANDPIPER,,WDG2173,31,0,23,,,57,A
367512920,2022-01-05T05:48:27,30.04811,-90.59989,0.0,291.9,245.0,SANDPIPER,,WDG2173,31,0,23,,,57,A
367512920,2022-01-05T06:12:57,30.04812,-90.59996,0.0,185.3,244.0,SANDPIPER,,WDG2173,31,0,23,,,57,A
367512920,2022-01-05T05:49:37,30.04811,-90.59995,0.0,278.4,245.0,SANDPIPER,,WDG2173,31,0,23,,,57,A
367512920,2022-01-05T06:14:07,30.04814,-90.59994,0.0,175.1,245.0,SANDPIPER,,WDG2173,31,0,23,,,57,A
367512920,2022-01-05T06:15:16,30.04812,-90.59994,0.0,253.4,244.0,SANDPIPER,,WDG2173,31,0,23,,,57,A
367512920,2022-01-05T05:50:46,30.04811,-90.59995,0.1,155.6,245.0,SANDPIPER,,WDG2173,31,0,23,,,57,A
367512920,2022-01-05T06:03:46,30.04813,-90.59994,0.0,300.2,244.0,SANDPIPER,,WDG2173,31,0,23,,,57,A
367512920,2022-01-05T05:53:06,30.04813,-90.59994,0.0,288.7,245.0,SANDPIPER,,WDG2173,31,0,23,,,57,A
367512920,2022-01-05T05:54:16,30.04813,-90.59994,0.0,311.4,245.0,SANDPIPER,,WDG2173,31,0,23,,,57,A
367512920,2022-01-05T05:57:46,30.04812,-90.59994,0.0,320.8,244.0,SANDPIPER,,WDG2173,31,0,23,,,57,A
367512920,2022-01-05T06:19:46,30.04814,-90.59990,0.0,257.4,244.0,SANDPIPER,,WDG2173,31,0,23,,,57,A
367512920,2022-01-05T06:08:25,30.04812,-90.59994,0.1,173.3,244.0,SANDPIPER,,WDG2173,31,0,23,,,57,A
367512920,2022-01-05T06:04:56,30.04813,-90.59995,0.0,172.9,244.0,SANDPIPER,,WDG2173,31,0,23,,,57,A
367512920,2022-01-05T02:32:37,30.04812,-90.59992,0.0,254.7,243.0,SANDPIPER,,WDG2173,31,0,23,,,57,A
367512920,2022-01-05T06:09:37,30.04812,-90.59995,0.0,165.3,244.0,SANDPIPER,,WDG2173,31,0,23,,,57,A
367512920,2022-01-05T06:25:27,30.04805,-90.59986,0.0,241.0,243.0,SANDPIPER,,WDG2173,31,0,23,,,57,A
367512920,2022-01-05T06:11:46,30.04812,-90.59995,0.0,42.4,244.0,SANDPIPER,,WDG2173,31,0,23,,,57,A
367512920,2022-01-05T06:16:17,30.04813,-90.59993,0.1,42.3,244.0,SANDPIPER,,WDG2173,31,0,23,,,57,A
367512920,2022-01-05T06:17:26,30.04813,-90.59991,0.0,276.2,243.0,SANDPIPER,,WDG2173,31,0,23,,,57,A
367512920,2022-01-05T06:31:16,30.04807,-90.59986,0.0,289.3,243.0,SANDPIPER,,WDG2173,31,0,23,,,57,A
367512920,2022-01-05T06:35:57,30.04784,-90.60094,0.8,229.4,211.0,SANDPIPER,,WDG2173,31,0,23,,,57,A
367512920,2022-01-05T06:24:26,30.04806,-90.59986,0.1,173.6,242.0,SANDPIPER,,WDG2173,31,0,23,,,57,A
367512920,2022-01-05T06:39:26,30.04671,-90.60149,1.0,194.7,197.0,SANDPIPER,,WDG2173,31,0,23,,,57,A
367512920,2022-01-05T06:18:36,30.04812,-90.59990,0.0,309.2,243.0,SANDPIPER,,WDG2173,31,0,23,,,57,A
367512920,2022-01-05T06:22:06,30.04813,-90.59991,0.1,241.7,243.0,SANDPIPER,,WDG2173,31,0,23,,,57,A
367512920,2022-01-05T06:28:57,30.04807,-90.59986,0.0,276.1,244.0,SANDPIPER,,WDG2173,31,0,23,,,57,A
367512920,2022-01-05T06:23:15,30.04811,-90.59987,0.3,136.9,240.0,SANDPIPER,,WDG2173,31,0,23,,,57,A
367512920,2022-01-05T06:30:05,30.04806,-90.59984,0.0,259.0,244.0,SANDPIPER,,WDG2173,31,0,23,,,57,A
367512920,2022-01-05T06:38:17,30.04723,-90.60132,1.9,199.4,198.0,SANDPIPER,,WDG2173,31,0,23,,,57,A
367512920,2022-01-05T06:27:46,30.04805,-90.59986,0.0,191.6,243.0,SANDPIPER,,WDG2173,31,0,23,,,57,A
367512920,2022-01-05T06:42:46,30.04394,-90.60074,5.1,150.8,174.0,SANDPIPER,,WDG2173,31,0,23,,,57,A
367512920,2022-01-05T06:32:25,30.04807,-90.59987,0.3,276.4,241.0,SANDPIPER,,WDG2173,31,0,23,,,57,A
367512920,2022-01-05T06:33:36,30.04811,-90.60023,1.3,268.4,228.0,SANDPIPER,,WDG2173,31,0,23,,,57,A
367512920,2022-01-05T06:37:07,30.04774,-90.60110,1.0,218.4,201.0,SANDPIPER,,WDG2173,31,0,23,,,57,A
367512920,2022-01-05T06:40:27,30.04648,-90.60162,2.0,200.8,179.0,SANDPIPER,,WDG2173,31,0,23,,,57,A
367512920,2022-01-05T06:48:16,30.04130,-90.59937,0.4,101.4,237.0,SANDPIPER,,WDG2173,31,0,23,,,57,A
367512920,2022-01-05T02:43:06,30.04812,-90.59992,0.0,287.0,243.0,SANDPIPER,,WDG2173,31,0,23,,,57,A
367512920,2022-01-05T06:43:49,30.04286,-90.59996,3.6,141.6,197.0,SANDPIPER,,WDG2173,31,0,23,,,57,A
367512920,2022-01-05T06:50:36,30.04130,-90.59932,0.0,247.7,238.0,SANDPIPER,,WDG2173,31,0,23,,,57,A
367512920,2022-01-05T06:59:36,30.04133,-90.59952,0.1,331.2,238.0,SANDPIPER,,WDG2173,31,0,23,,,57,A
367512920,2022-01-05T06:41:36,30.04535,-90.60145,4.3,166.4,168.0,SANDPIPER,,WDG2173,31,0,23,,,57,A
367512920,2022-01-05T06:47:07,30.04134,-90.59945,0.2,179.4,232.0,SANDPIPER,,WDG2173,31,0,23,,,57,A
367512920,2022-01-05T06:49:25,30.04129,-90.59930,0.0,261.7,238.0,SANDPIPER,,WDG2173,31,0,23,,,57,A
367512920,2022-01-05T07:03:16,30.04185,-90.59879,0.2,117.0,229.0,SANDPIPER,,WDG2173,31,0,23,,,57,A
367512920,2022-01-05T06:53:56,30.04126,-90.59941,0.5,240.8,239.0,SANDPIPER,,WDG2173,31,0,23,,,57,A
367512920,2022-01-05T06:57:17,30.04131,-90.59952,0.0,200.4,237.0,SANDPIPER,,WDG2173,31,0,23,,,57,A
367512920,2022-01-05T06:51:46,30.04130,-90.59933,0.0,349.0,237.0,SANDPIPER,,WDG2173,31,0,23,,,57,A
367512920,2022-01-05T06:45:57,30.04146,-90.59948,1.1,184.9,230.0,SANDPIPER,,WDG2173,31,0,23,,,57,A
367512920,2022-01-05T02:48:56,30.04812,-90.59994,0.0,289.7,245.0,SANDPIPER,,WDG2173,31,0,23,,,57,A
367512920,2022-01-05T06:56:16,30.04132,-90.59952,0.0,219.7,236.0,SANDPIPER,,WDG2173,31,0,23,,,57,A
367512920,2022-01-05T07:00:57,30.04157,-90.59922,1.1,47.3,238.0,SANDPIPER,,WDG2173,31,0,23,,,57,A
367512920,2022-01-05T06:52:55,30.04130,-90.59931,0.2,273.8,238.0,SANDPIPER,,WDG2173,31,0,23,,,57,A
367512920,2022-01-05T07:02:06,30.04177,-90.59895,0.9,53.8,234.0,SANDPIPER,,WDG2173,31,0,23,,,57,A
367512920,2022-01-05T07:11:27,30.04167,-90.59866,0.0,51.3,236.0,SANDPIPER,,WDG2173,31,0,23,,,57,A
367512920,2022-01-05T07:14:45,30.04168,-90.59867,0.1,312.3,235.0,SANDPIPER,,WDG2173,31,0,23,,,57,A
367512920,2022-01-05T06:55:06,30.04129,-90.59950,0.5,323.8,243.0,SANDPIPER,,WDG2173,31,0,23,,,57,A
367512920,2022-01-05T07:05:37,30.04173,-90.59867,0.3,160.5,233.0,SANDPIPER,,WDG2173,31,0,23,,,57,A
367512920,2022-01-05T07:07:57,30.04169,-90.59868,0.1,297.9,234.0,SANDPIPER,,WDG2173,31,0,23,,,57,A
367512920,2022-01-05T07:18:16,30.04168,-90.59867,0.0,227.8,235.0,SANDPIPER,,WDG2173,31,0,23,,,57,A
367512920,2022-01-05T07:12:35,30.04168,-90.59866,0.0,315.9,236.0,SANDPIPER,,WDG2173,31,0,23,,,57,A
367512920,2022-01-05T07:04:26,30.04180,-90.59873,0.4,148.6,230.0,SANDPIPER,,WDG2173,31,0,23,,,57,A
367512920,2022-01-05T07:21:46,30.04168,-90.59867,0.0,308.1,236.0,SANDPIPER,,WDG2173,31,0,23,,,57,A
367512920,2022-01-05T02:55:56,30.04812,-90.59994,0.0,280.1,245.0,SANDPIPER,,WDG2173,31,0,23,,,57,A
367512920,2022-01-05T07:13:36,30.04167,-90.59866,0.0,257.9,236.0,SANDPIPER,,WDG2173,31,0,23,,,57,A
367512920,2022-01-05T02:57:07,30.04813,-90.59996,0.0,263.3,244.0,SANDPIPER,,WDG2173,31,0,23,,,57,A
367512920,2022-01-05T07:17:05,30.04168,-90.59867,0.1,148.0,236.0,SANDPIPER,,WDG2173,31,0,23,,,57,A
367512920,2022-01-05T07:06:47,30.04169,-90.59865,0.1,315.4,236.0,SANDPIPER,,WDG2173,31,0,23,,,57,A
367512920,2022-01-05T07:19:26,30.04168,-90.59867,0.0,310.9,236.0,SANDPIPER,,WDG2173,31,0,23,,,57,A
367512920,2022-01-05T07:20:36,30.04168,-90.59867,0.0,283.1,237.0,SANDPIPER,,WDG2173,31,0,23,,,57,A
367512920,2022-01-05T07:10:16,30.04168,-90.59866,0.0,295.6,236.0,SANDPIPER,,WDG2173,31,0,23,,,57,A
367512920,2022-01-05T07:31:17,30.04187,-90.59867,0.1,347.7,234.0,SANDPIPER,,WDG2173,31,0,23,,,57,A
367512920,2022-01-05T07:09:07,30.04166,-90.59865,0.1,148.4,236.0,SANDPIPER,,WDG2173,31,0,23,,,57,A
367512920,2022-01-05T03:02:07,30.04813,-90.59994,0.0,294.6,245.0,SANDPIPER,,WDG2173,31,0,23,,,57,A
367512920,2022-01-05T07:35:17,30.04196,-90.59877,0.1,340.9,232.0,SANDPIPER,,WDG2173,31,0,23,,,57,A
367512920,2022-01-05T07:22:56,30.04167,-90.59866,0.1,357.4,236.0,SANDPIPER,,WDG2173,31,0,23,,,57,A
367512920,2022-01-05T07:27:36,30.04173,-90.59867,0.1,0.5,236.0,SANDPIPER,,WDG2173,31,0,23,,,57,A
367512920,2022-01-05T07:26:26,30.04171,-90.59867,0.1,6.0,236.0,SANDPIPER,,WDG2173,31,0,23,,,57,A
367512920,2022-01-05T07:28:47,30.04177,-90.59869,0.1,6.8,234.0,SANDPIPER,,WDG2173,31,0,23,,,57,A
367512920,2022-01-05T07:15:55,30.04169,-90.59868,0.0,351.0,235.0,SANDPIPER,,WDG2173,31,0,23,,,57,A
367512920,2022-01-05T07:39:47,30.04197,-90.59880,0.0,201.6,230.0,SANDPIPER,,WDG2173,31,0,23,,,57,A
367512920,2022-01-05T07:25:16,30.04169,-90.59866,0.0,309.0,235.0,SANDPIPER,,WDG2173,31,0,23,,,57,A
367512920,2022-01-05T07:32:26,30.04189,-90.59872,0.1,283.2,234.0,SANDPIPER,,WDG2173,31,0,23,,,57,A
367512920,2022-01-05T07:24:07,30.04168,-90.59866,0.0,301.2,236.0,SANDPIPER,,WDG2173,31,0,23,,,57,A
367512920,2022-01-05T07:37:37,30.04197,-90.59879,0.0,356.6,231.0,SANDPIPER,,WDG2173,31,0,23,,,57,A
367512920,2022-01-05T07:29:56,30.04182,-90.59869,0.2,6.4,234.0,SANDPIPER,,WDG2173,31,0,23,,,57,A
367512920,2022-01-05T07:34:06,30.04192,-90.59875,0.1,343.3,233.0,SANDPIPER,,WDG2173,31,0,23,,,57,A
367512920,2022-01-05T07:50:06,30.04194,-90.59877,0.0,7.8,230.0,SANDPIPER,,WDG2173,31,0,23,,,57,A
367512920,2022-01-05T07:38:46,30.04198,-90.59879,0.0,43.7,231.0,SANDPIPER,,WDG2173,31,0,23,,,57,A
367512920,2022-01-05T07:53:37,30.04192,-90.59879,0.3,226.5,231.0,SANDPIPER,,WDG2173,31,0,23,,,57,A
367512920,2022-01-05T07:46:37,30.04196,-90.59878,0.0,348.4,230.0,SANDPIPER,,WDG2173,31,0,23,,,57,A
367512920,2022-01-05T07:36:26,30.04197,-90.59878,0.1,273.3,231.0,SANDPIPER,,WDG2173,31,0,23,,,57,A
367512920,2022-01-05T07:40:56,30.04196,-90.59880,0.0,119.2,230.0,SANDPIPER,,WDG2173,31,0,23,,,57,A
367512920,2022-01-05T07:42:05,30.04196,-90.59879,0.0,127.8,231.0,SANDPIPER,,WDG2173,31,0,23,,,57,A
367512920,2022-01-05T07:43:06,30.04196,-90.59878,0.0,145.2,230.0,SANDPIPER,,WDG2173,31,0,23,,,57,A
367512920,2022-01-05T07:45:26,30.04194,-90.59877,0.1,303.4,230.0,SANDPIPER,,WDG2173,31,0,23,,,57,A
367512920,2022-01-05T07:52:26,30.04195,-90.59877,0.1,200.7,230.0,SANDPIPER,,WDG2173,31,0,23,,,57,A
367512920,2022-01-05T07:48:55,30.04195,-90.59877,0.0,168.5,231.0,SANDPIPER,,WDG2173,31,0,23,,,57,A
367512920,2022-01-05T08:06:25,30.04675,-90.59601,9.5,57.0,67.0,SANDPIPER,,WDG2173,31,0,23,,,57,A
367512920,2022-01-05T07:47:46,30.04196,-90.59877,0.1,122.1,230.0,SANDPIPER,,WDG2173,31,0,23,,,57,A
367512920,2022-01-05T07:56:56,30.04112,-90.59986,2.3,229.3,244.0,SANDPIPER,,WDG2173,31,0,23,,,57,A
367512920,2022-01-05T08:13:16,30.05100,-90.57637,8.3,92.3,97.0,SANDPIPER,,WDG2173,31,0,23,,,57,A
367512920,2022-01-05T07:54:46,30.04177,-90.59886,1.0,221.6,236.0,SANDPIPER,,WDG2173,31,0,23,,,57,A
367512920,2022-01-05T07:59:15,30.04038,-90.60120,1.4,220.7,272.0,SANDPIPER,,WDG2173,31,0,23,,,57,A
367512920,2022-01-05T08:04:05,30.04313,-90.60108,7.5,42.4,53.0,SANDPIPER,,WDG2173,31,0,23,,,57,A
367512920,2022-01-05T08:16:47,30.05041,-90.56687,8.5,96.0,99.0,SANDPIPER,,WDG2173,31,0,23,,,57,A
367512920,2022-01-05T08:07:36,30.04828,-90.59289,9.6,60.7,75.0,SANDPIPER,,WDG2173,31,0,23,,,57,A
367512920,2022-01-05T07:58:07,30.04069,-90.60060,2.4,244.0,254.0,SANDPIPER,,WDG2173,31,0,23,,,57,A
367512920,2022-01-05T08:09:55,30.05022,-90.58617,9.6,79.9,87.0,SANDPIPER,,WDG2173,31,0,23,,,57,A
367512920,2022-01-05T08:08:47,30.04944,-90.58956,9.5,69.1,83.0,SANDPIPER,,WDG2173,31,0,23,,,57,A
367512920,2022-01-05T08:19:06,30.04968,-90.56055,8.7,97.6,98.0,SANDPIPER,,WDG2173,31,0,23,,,57,A
367512920,2022-01-05T08:12:06,30.05096,-90.57954,9.2,84.7,95.0,SANDPIPER,,WDG2173,31,0,23,,,57,A
367512920,2022-01-05T08:02:59,30.04129,-90.60228,5.4,11.2,33.0,SANDPIPER,,WDG2173,31,0,23,,,57,A
367512920,2022-01-05T08:21:26,30.04887,-90.55415,8.6,99.8,101.0,SANDPIPER,,WDG2173,31,0,23,,,57,A
367512920,2022-01-05T08:15:36,30.05065,-90.57009,8.5,96.0,97.0,SANDPIPER,,WDG2173,31,0,23,,,57,A
367512920,2022-01-05T08:26:07,30.04659,-90.54162,8.4,103.9,97.0,SANDPIPER,,WDG2173,31,0,23,,,57,A
367512920,2022-01-05T08:14:27,30.05092,-90.57315,8.4,94.2,99.0,SANDPIPER,,WDG2173,31,0,23,,,57,A
367512920,2022-01-05T08:11:05,30.05071,-90.58260,9.7,84.3,91.0,SANDPIPER,,WDG2173,31,0,23,,,57,A
367512920,2022-01-05T08:20:17,30.04929,-90.55730,8.6,98.1,99.0,SANDPIPER,,WDG2173,31,0,23,,,57,A
367512920,2022-01-05T08:32:56,30.04679,-90.52358,8.6,77.0,77.0,SANDPIPER,,WDG2173,31,0,23,,,57,A
367512920,2022-01-05T08:34:15,30.04748,-90.51991,8.8,77.8,78.0,SANDPIPER,,WDG2173,31,0,23,,,57,A
367512920,2022-01-05T08:17:55,30.05005,-90.56376,8.6,97.6,98.0,SANDPIPER,,WDG2173,31,0,23,,,57,A
367512920,2022-01-05T08:37:37,30.04947,-90.51070,8.9,75.4,77.0,SANDPIPER,,WDG2173,31,0,23,,,57,A
367512920,2022-01-05T03:27:47,30.04814,-90.59995,0.0,279.2,244.0,SANDPIPER,,WDG2173,31,0,23,,,57,A
367512920,2022-01-05T08:23:47,30.04789,-90.54778,8.5,98.5,104.0,SANDPIPER,,WDG2173,31,0,23,,,57,A
367512920,2022-01-05T08:38:45,30.05018,-90.50750,9.0,77.2,80.0,SANDPIPER,,WDG2173,31,0,23,,,57,A
367512920,2022-01-05T08:24:57,30.04729,-90.54469,8.6,103.8,104.0,SANDPIPER,,WDG2173,31,0,23,,,57,A
367512920,2022-01-05T08:29:37,30.04569,-90.53244,8.1,87.7,80.0,SANDPIPER,,WDG2173,31,0,23,,,57,A
367512920,2022-01-05T08:27:15,30.04608,-90.53863,8.3,99.3,92.0,SANDPIPER,,WDG2173,31,0,23,,,57,A
367512920,2022-01-05T08:30:46,30.04588,-90.52940,8.4,83.6,77.0,SANDPIPER,,WDG2173,31,0,23,,,57,A
367512920,2022-01-05T08:43:36,30.05222,-90.49404,8.2,84.7,97.0,SANDPIPER,,WDG2173,31,0,23,,,57,A
367512920,2022-01-05T08:44:46,30.05220,-90.49100,8.1,93.9,106.0,SANDPIPER,,WDG2173,31,0,23,,,57,A
367512920,2022-01-05T08:31:55,30.04628,-90.52627,8.5,80.0,75.0,SANDPIPER,,WDG2173,31,0,23,,,57,A
367512920,2022-01-05T08:41:16,30.05134,-90.50040,8.9,79.2,81.0,SANDPIPER,,WDG2173,31,0,23,,,57,A
367512920,2022-01-05T08:54:07,30.03903,-90.47446,8.8,156.0,157.0,SANDPIPER,,WDG2173,31,0,23,,,57,A
367512920,2022-01-05T08:39:56,30.05073,-90.50420,9.0,79.6,80.0,SANDPIPER,,WDG2173,31,0,23,,,57,A
367512920,2022-01-05T08:45:47,30.05185,-90.48842,8.2,97.5,113.0,SANDPIPER,,WDG2173,31,0,23,,,57,A
367512920,2022-01-05T08:58:57,30.02801,-90.47141,8.6,182.2,187.0,SANDPIPER,,WDG2173,31,0,23,,,57,A
367512920,2022-01-05T08:49:16,30.04846,-90.48091,7.9,135.6,145.0,SANDPIPER,,WDG2173,31,0,23,,,57,A
367512920,2022-01-05T08:46:56,30.05128,-90.48553,7.7,106.6,131.0,SANDPIPER,,WDG2173,31,0,23,,,57,A
367512920,2022-01-05T09:05:26,30.01189,-90.47340,8.7,183.3,175.0,SANDPIPER,,WDG2173,31,0,23,,,57,A
367512920,2022-01-05T03:37:16,30.04812,-90.59995,0.0,254.0,243.0,SANDPIPER,,WDG2173,31,0,23,,,57,A
367512920,2022-01-05T08:52:56,30.04161,-90.47573,8.3,160.2,156.0,SANDPIPER,,WDG2173,31,0,23,,,57,A
367512920,2022-01-05T08:56:26,30.03378,-90.47219,8.6,162.9,172.0,SANDPIPER,,WDG2173,31,0,23,,,57,A
367512920,2022-01-05T08:51:36,30.04439,-90.47711,8.0,146.0,161.0,SANDPIPER,,WDG2173,31,0,23,,,57,A
367512920,2022-01-05T08:55:16,30.03644,-90.47320,8.8,159.7,165.0,SANDPIPER,,WDG2173,31,0,23,,,57,A
367512920,2022-01-05T09:10:06,30.00224,-90.47056,7.6,138.7,120.0,SANDPIPER,,WDG2173,31,0,23,,,57,A
367512920,2022-01-05T08:57:36,30.03115,-90.47150,8.2,172.1,183.0,SANDPIPER,,WDG2173,31,0,23,,,57,A
367512920,2022-01-05T09:12:27,29.99937,-90.46577,7.9,117.8,109.0,SANDPIPER,,WDG2173,31,0,23,,,57,A
367512920,2022-01-05T09:18:17,29.99586,-90.45110,8.6,98.5,97.0,SANDPIPER,,WDG2173,31,0,23,,,57,A
367512920,2022-01-05T09:20:37,29.99516,-90.44470,8.5,94.6,93.0,SANDPIPER,,WDG2173,31,0,23,,,57,A
367512920,2022-01-05T09:08:56,30.00433,-90.47218,7.6,147.5,136.0,SANDPIPER,,WDG2173,31,0,23,,,57,A
367512920,2022-01-05T09:06:37,30.00905,-90.47345,8.3,179.6,164.0,SANDPIPER,,WDG2173,31,0,23,,,57,A
367512920,2022-01-05T03:46:36,30.04811,-90.59995,0.0,229.9,244.0,SANDPIPER,,WDG2173,31,0,23,,,57,A
367512920,2022-01-05T09:11:16,30.00064,-90.46841,7.7,123.6,110.0,SANDPIPER,,WDG2173,31,0,23,,,57,A
367512920,2022-01-05T09:13:36,29.99834,-90.46313,8.0,109.9,105.0,SANDPIPER,,WDG2173,31,0,23,,,57,A
367512920,2022-01-05T09:03:06,30.01759,-90.47270,9.0,187.9,183.0,SANDPIPER,,WDG2173,31,0,23,,,57,A
367512920,2022-01-05T09:17:06,29.99628,-90.45429,8.3,98.8,97.0,SANDPIPER,,WDG2173,31,0,23,,,57,A
367512920,2022-01-05T09:14:45,29.99748,-90.46026,8.1,107.8,102.0,SANDPIPER,,WDG2173,31,0,23,,,57,A
367512920,2022-01-05T09:21:46,29.99497,-90.44155,8.6,94.0,93.0,SANDPIPER,,WDG2173,31,0,23,,,57,A
367512920,2022-01-05T09:31:06,29.99246,-90.41639,8.3,107.1,118.0,SANDPIPER,,WDG2173,31,0,23,,,57,A
367512920,2022-01-05T09:38:06,29.98377,-90.40126,8.2,142.0,154.0,SANDPIPER,,WDG2173,31,0,23,,,57,A
367512920,2022-01-05T09:32:16,29.99151,-90.41355,8.4,112.4,122.0,SANDPIPER,,WDG2173,31,0,23,,,57,A
367512920,2022-01-05T09:33:17,29.99058,-90.41100,8.2,113.8,128.0,SANDPIPER,,WDG2173,31,0,23,,,57,A
367512920,2022-01-05T09:22:56,29.99485,-90.43840,8.6,92.7,94.0,SANDPIPER,,WDG2173,31,0,23,,,57,A
367512920,2022-01-05T09:36:56,29.98584,-90.40321,7.9,138.6,147.0,SANDPIPER,,WDG2173,31,0,23,,,57,A
367512920,2022-01-05T09:15:56,29.99674,-90.45731,8.2,104.9,97.0,SANDPIPER,,WDG2173,31,0,23,,,57,A
367512920,2022-01-05T09:24:07,29.99475,-90.43516,8.6,90.7,95.0,SANDPIPER,,WDG2173,31,0,23,,,57,A
367512920,2022-01-05T09:19:27,29.99544,-90.44791,8.6,99.2,94.0,SANDPIPER,,WDG2173,31,0,23,,,57,A
367512920,2022-01-05T09:28:45,29.99357,-90.42259,8.6,98.5,104.0,SANDPIPER,,WDG2173,31,0,23,,,57,A
367512920,2022-01-05T09:34:26,29.98926,-90.40843,8.4,122.7,131.0,SANDPIPER,,WDG2173,31,0,23,,,57,A
367512920,2022-01-05T09:25:17,29.99462,-90.43201,8.3,96.7,99.0,SANDPIPER,,WDG2173,31,0,23,,,57,A
367512920,2022-01-05T03:52:26,30.04813,-90.59994,0.0,197.8,245.0,SANDPIPER,,WDG2173,31,0,23,,,57,A
367512920,2022-01-05T09:41:35,29.97660,-90.39747,8.3,166.0,172.0,SANDPIPER,,WDG2173,31,0,23,,,57,A
367512920,2022-01-05T09:35:37,29.98774,-90.40578,8.2,124.5,138.0,SANDPIPER,,WDG2173,31,0,23,,,57,A
367512920,2022-01-05T09:42:47,29.97389,-90.39685,8.6,168.3,168.0,SANDPIPER,,WDG2173,31,0,23,,,57,A
367512920,2022-01-05T09:46:16,29.96554,-90.39526,8.9,173.2,175.0,SANDPIPER,,WDG2173,31,0,23,,,57,A
367512920,2022-01-05T09:40:26,29.97912,-90.39842,8.2,158.4,167.0,SANDPIPER,,WDG2173,31,0,23,,,57,A
367512920,2022-01-05T09:50:45,29.95485,-90.39363,8.1,159.9,146.0,SANDPIPER,,WDG2173,31,0,23,,,57,A
367512920,2022-01-05T09:45:07,29.96834,-90.39566,8.6,174.7,174.0,SANDPIPER,,WDG2173,31,0,23,,,57,A
367512920,2022-01-05T09:53:05,29.95038,-90.39074,7.9,140.8,131.0,SANDPIPER,,WDG2173,31,0,23,,,57,A
367512920,2022-01-05T09:49:36,29.95741,-90.39441,8.3,170.1,157.0,SANDPIPER,,WDG2173,31,0,23,,,57,A
367512920,2022-01-05T09:39:17,29.98154,-90.39967,8.0,151.7,161.0,SANDPIPER,,WDG2173,31,0,23,,,57,A
367512920,2022-01-05T09:56:36,29.94522,-90.38364,8.5,124.5,120.0,SANDPIPER,,WDG2173,31,0,23,,,57,A
367512920,2022-01-05T09:51:56,29.95249,-90.39245,8.0,151.8,136.0,SANDPIPER,,WDG2173,31,0,23,,,57,A
367512920,2022-01-05T09:54:17,29.94849,-90.38861,8.1,133.7,127.0,SANDPIPER,,WDG2173,31,0,23,,,57,A
367512920,2022-01-05T10:02:16,29.93920,-90.36980,8.7,110.8,107.0,SANDPIPER,,WDG2173,31,0,23,,,57,A
367512920,2022-01-05T09:47:17,29.96305,-90.39501,9.0,176.5,175.0,SANDPIPER,,WDG2173,31,0,23,,,57,A
367512920,2022-01-05T10:00:06,29.94113,-90.37531,8.6,113.5,112.0,SANDPIPER,,WDG2173,31,0,23,,,57,A
367512920,2022-01-05T09:48:26,29.96015,-90.39481,8.8,177.5,167.0,SANDPIPER,,WDG2173,31,0,23,,,57,A
367512920,2022-01-05T10:12:47,29.93359,-90.34126,8.6,91.8,88.0,SANDPIPER,,WDG2173,31,0,23,,,57,A
367512920,2022-01-05T09:58:46,29.94258,-90.37865,8.6,118.4,116.0,SANDPIPER,,WDG2173,31,0,23,,,57,A
367512920,2022-01-05T10:01:07,29.94018,-90.37274,8.7,113.4,109.0,SANDPIPER,,WDG2173,31,0,23,,,57,A
367512920,2022-01-05T10:16:15,29.93366,-90.33161,8.7,84.6,77.0,SANDPIPER,,WDG2173,31,0,23,,,57,A
367512920,2022-01-05T10:03:26,29.93831,-90.36672,8.6,106.2,103.0,SANDPIPER,,WDG2173,31,0,23,,,57,A
367512920,2022-01-05T10:21:57,29.93826,-90.31768,8.3,51.8,46.0,SANDPIPER,,WDG2173,31,0,23,,,57,A
367512920,2022-01-05T10:23:07,29.94010,-90.31535,8.5,44.8,43.0,SANDPIPER,,WDG2173,31,0,23,,,57,A
367512920,2022-01-05T10:05:46,29.93682,-90.36038,8.8,104.8,102.0,SANDPIPER,,WDG2173,31,0,23,,,57,A
367512920,2022-01-05T09:57:37,29.94394,-90.38137,8.6,122.1,119.0,SANDPIPER,,WDG2173,31,0,23,,,57,A
367512920,2022-01-05T10:08:06,29.93552,-90.35398,8.8,104.4,103.0,SANDPIPER,,WDG2173,31,0,23,,,57,A
367512920,2022-01-05T10:13:57,29.93352,-90.33803,8.7,93.2,89.0,SANDPIPER,,WDG2173,31,0,23,,,57,A
367512920,2022-01-05T10:32:37,29.95705,-90.29785,8.7,43.2,48.0,SANDPIPER,,WDG2173,31,0,23,,,57,A
367512920,2022-01-05T10:17:16,29.93401,-90.32893,8.5,79.8,71.0,SANDPIPER,,WDG2173,31,0,23,,,57,A
367512920,2022-01-05T10:06:56,29.93621,-90.35723,8.9,103.2,103.0,SANDPIPER,,WDG2173,31,0,23,,,57,A
367512920,2022-01-05T10:15:07,29.93343,-90.33477,8.6,88.0,80.0,SANDPIPER,,WDG2173,31,0,23,,,57,A
367512920,2022-01-05T10:10:37,29.93414,-90.34714,8.6,101.0,95.0,SANDPIPER,,WDG2173,31,0,23,,,57,A
367512920,2022-01-05T10:25:27,29.94414,-90.31095,8.6,42.9,43.0,SANDPIPER,,WDG2173,31,0,23,,,57,A
367512920,2022-01-05T10:41:56,29.96939,-90.27775,8.3,70.7,76.0,SANDPIPER,,WDG2173,31,0,23,,,57,A
367512920,2022-01-05T10:27:55,29.94858,-90.30645,8.7,41.7,44.0,SANDPIPER,,WDG2173,31,0,23,,,57,A
367512920,2022-01-05T10:18:26,29.93463,-90.32586,8.4,75.1,64.0,SANDPIPER,,WDG2173,31,0,23,,,57,A
367512920,2022-01-05T10:31:26,29.95499,-90.30012,8.6,42.9,49.0,SANDPIPER,,WDG2173,31,0,23,,,57,A
367512920,2022-01-05T10:26:37,29.94622,-90.30882,8.6,40.5,43.0,SANDPIPER,,WDG2173,31,0,23,,,57,A
367512920,2022-01-05T10:40:47,29.96850,-90.28060,8.1,69.2,74.0,SANDPIPER,,WDG2173,31,0,23,,,57,A
367512920,2022-01-05T10:29:07,29.95074,-90.30424,8.6,40.8,42.0,SANDPIPER,,WDG2173,31,0,23,,,57,A
367512920,2022-01-05T10:30:17,29.95292,-90.30222,8.6,39.7,46.0,SANDPIPER,,WDG2173,31,0,23,,,57,A
367512920,2022-01-05T10:37:16,29.96449,-90.28838,8.5,49.1,60.0,SANDPIPER,,WDG2173,31,0,23,,,57,A
367512920,2022-01-05T10:53:26,29.96941,-90.24752,8.5,112.0,118.0,SANDPIPER,,WDG2173,31,0,23,,,57,A
367512920,2022-01-05T10:39:37,29.96742,-90.28333,8.0,60.0,71.0,SANDPIPER,,WDG2173,31,0,23,,,57,A
367512920,2022-01-05T10:33:46,29.95899,-90.29565,8.4,46.2,52.0,SANDPIPER,,WDG2173,31,0,23,,,57,A
367512920,2022-01-05T10:34:57,29.96087,-90.29326,8.6,48.7,52.0,SANDPIPER,,WDG2173,31,0,23,,,57,A
367512920,2022-01-05T10:43:06,29.97022,-90.27478,8.3,72.6,78.0,SANDPIPER,,WDG2173,31,0,23,,,57,A
367512920,2022-01-05T10:36:06,29.96264,-90.29084,8.6,51.1,52.0,SANDPIPER,,WDG2173,31,0,23,,,57,A
367512920,2022-01-05T10:47:46,29.97187,-90.26248,8.4,88.7,97.0,SANDPIPER,,WDG2173,31,0,23,,,57,A
367512920,2022-01-05T10:44:17,29.97089,-90.27175,8.2,78.0,82.0,SANDPIPER,,WDG2173,31,0,23,,,57,A
367512920,2022-01-05T10:45:27,29.97138,-90.26872,8.3,82.1,87.0,SANDPIPER,,WDG2173,31,0,23,,,57,A
367512920,2022-01-05T10:51:07,29.97100,-90.25363,8.5,102.5,111.0,SANDPIPER,,WDG2173,31,0,23,,,57,A
367512920,2022-01-05T10:46:36,29.97169,-90.26561,8.4,84.2,92.0,SANDPIPER,,WDG2173,31,0,23,,,57,A
367512920,2022-01-05T10:50:06,29.97150,-90.25632,8.4,100.3,109.0,SANDPIPER,,WDG2173,31,0,23,,,57,A
367512920,2022-01-05T10:52:17,29.97028,-90.25052,8.7,105.3,114.0,SANDPIPER,,WDG2173,31,0,23,,,57,A
367512920,2022-01-05T10:48:56,29.97184,-90.25942,8.3,94.9,105.0,SANDPIPER,,WDG2173,31,0,23,,,57,A
367512920,2022-01-05T10:56:56,29.96570,-90.23895,8.5,121.3,128.0,SANDPIPER,,WDG2173,31,0,23,,,57,A
367512920,2022-01-05T10:54:36,29.96832,-90.24457,8.6,113.5,121.0,SANDPIPER,,WDG2173,31,0,23,,,57,A
367512920,2022-01-05T11:01:37,29.95878,-90.22940,8.5,138.8,143.0,SANDPIPER,,WDG2173,31,0,23,,,57,A
367512920,2022-01-05T10:55:47,29.96704,-90.24170,8.5,119.0,123.0,SANDPIPER,,WDG2173,31,0,23,,,57,A
367512920,2022-01-05T11:02:46,29.95667,-90.22738,8.5,142.3,149.0,SANDPIPER,,WDG2173,31,0,23,,,57,A
367512920,2022-01-05T11:12:06,29.93594,-90.21828,8.9,169.9,170.0,SANDPIPER,,WDG2173,31,0,23,,,57,A
367512920,2022-01-05T11:20:56,29.92191,-90.20612,7.4,91.2,77.0,SANDPIPER,,WDG2173,31,0,23,,,57,A
367512920,2022-01-05T11:03:57,29.95442,-90.22554,8.4,148.0,154.0,SANDPIPER,,WDG2173,31,0,23,,,57,A
367512920,2022-01-05T10:58:07,29.96419,-90.23621,8.5,122.9,132.0,SANDPIPER,,WDG2173,31,0,23,,,57,A
367512920,2022-01-05T11:17:36,29.92456,-90.21330,7.6,131.6,113.0,SANDPIPER,,WDG2173,31,0,23,,,57,A
367512920,2022-01-05T11:09:46,29.94155,-90.21975,8.8,166.1,168.0,SANDPIPER,,WDG2173,31,0,23,,,57,A
367512920,2022-01-05T11:06:16,29.94959,-90.22267,8.4,157.2,162.0,SANDPIPER,,WDG2173,31,0,23,,,57,A
367512920,2022-01-05T11:08:37,29.94425,-90.22061,8.8,162.8,167.0,SANDPIPER,,WDG2173,31,0,23,,,57,A
367512920,2022-01-05T11:27:57,29.92761,-90.18995,8.3,54.8,53.0,SANDPIPER,,WDG2173,31,0,23,,,57,A
367512920,2022-01-05T11:16:28,29.92623,-90.21511,7.4,149.5,123.0,SANDPIPER,,WDG2173,31,0,23,,,57,A
367512920,2022-01-05T11:07:27,29.94696,-90.22158,8.6,162.0,164.0,SANDPIPER,,WDG2173,31,0,23,,,57,A
367512920,2022-01-05T11:14:17,29.93070,-90.21718,8.3,166.5,153.0,SANDPIPER,,WDG2173,31,0,23,,,57,A
367512920,2022-01-05T11:18:37,29.92329,-90.21132,7.6,121.7,101.0,SANDPIPER,,WDG2173,31,0,23,,,57,A
367512920,2022-01-05T11:30:17,29.93087,-90.18491,8.5,52.7,52.0,SANDPIPER,,WDG2173,31,0,23,,,57,A
367512920,2022-01-05T11:13:16,29.93309,-90.21771,8.9,169.9,164.0,SANDPIPER,,WDG2173,31,0,23,,,57,A
367512920,2022-01-05T11:39:37,29.94507,-90.16496,8.6,50.7,48.0,SANDPIPER,,WDG2173,31,0,23,,,57,A
367512920,2022-01-05T11:32:36,29.93429,-90.17996,8.6,50.2,51.0,SANDPIPER,,WDG2173,31,0,23,,,57,A
367512920,2022-01-05T11:23:17,29.92273,-90.20053,7.9,71.9,66.0,SANDPIPER,,WDG2173,31,0,23,,,57,A
367512920,2022-01-05T11:24:25,29.92358,-90.19778,7.9,68.7,60.0,SANDPIPER,,WDG2173,31,0,23,,,57,A
367512920,2022-01-05T11:33:47,29.93609,-90.17743,8.6,51.7,53.0,SANDPIPER,,WDG2173,31,0,23,,,57,A
367512920,2022-01-05T11:46:25,29.95513,-90.15101,7.5,61.8,88.0,SANDPIPER,,WDG2173,31,0,23,,,57,A
367512920,2022-01-05T11:47:36,29.95581,-90.14848,6.8,81.9,111.0,SANDPIPER,,WDG2173,31,0,23,,,57,A
367512920,2022-01-05T11:26:47,29.92611,-90.19250,8.2,56.4,53.0,SANDPIPER,,WDG2173,31,0,23,,,57,A
367512920,2022-01-05T11:31:27,29.93258,-90.18242,8.5,51.3,52.0,SANDPIPER,,WDG2173,31,0,23,,,57,A
367512920,2022-01-05T11:29:06,29.92918,-90.18744,8.4,53.1,52.0,SANDPIPER,,WDG2173,31,0,23,,,57,A
367512920,2022-01-05T11:34:57,29.93783,-90.17490,8.6,51.2,52.0,SANDPIPER,,WDG2173,31,0,23,,,57,A
367512920,2022-01-05T11:51:57,29.95164,-90.14144,7.0,158.0,171.0,SANDPIPER,,WDG2173,31,0,23,,,57,A
367512920,2022-01-05T11:37:16,29.94144,-90.17000,8.7,49.9,53.0,SANDPIPER,,WDG2173,31,0,23,,,57,A
367512920,2022-01-05T11:41:56,29.94890,-90.16029,8.7,45.8,49.0,SANDPIPER,,WDG2173,31,0,23,,,57,A
367512920,2022-01-05T04:40:16,30.04810,-90.59995,0.0,168.2,246.0,SANDPIPER,,WDG2173,31,0,23,,,57,A
367512920,2022-01-05T11:48:39,29.95575,-90.14620,6.6,97.2,133.0,SANDPIPER,,WDG2173,31,0,23,,,57,A
367512920,2022-01-05T11:40:45,29.94689,-90.16264,8.7,47.9,46.0,SANDPIPER,,WDG2173,31,0,23,,,57,A
367512920,2022-01-05T11:49:47,29.95503,-90.14409,6.4,126.4,154.0,SANDPIPER,,WDG2173,31,0,23,,,57,A
367512920,2022-01-05T11:38:25,29.94330,-90.16758,8.7,50.6,53.0,SANDPIPER,,WDG2173,31,0,23,,,57,A
367512920,2022-01-05T11:45:17,29.95390,-90.15346,8.1,58.1,70.0,SANDPIPER,,WDG2173,31,0,23,,,57,A
367512920,2022-01-05T11:43:06,29.95082,-90.15797,8.4,49.6,53.0,SANDPIPER,,WDG2173,31,0,23,,,57,A
367512920,2022-01-05T11:56:36,29.94169,-90.13963,8.2,175.3,179.0,SANDPIPER,,WDG2173,31,0,23,,,57,A
367512920,2022-01-05T11:50:56,29.95339,-90.14249,7.0,147.8,165.0,SANDPIPER,,WDG2173,31,0,23,,,57,A
367512920,2022-01-05T11:44:16,29.95261,-90.15563,8.2,50.4,62.0,SANDPIPER,,WDG2173,31,0,23,,,57,A
367512920,2022-01-05T11:57:45,29.93905,-90.13953,8.2,179.3,180.0,SANDPIPER,,WDG2173,31,0,23,,,57,A
367512920,2022-01-05T12:00:56,29.93164,-90.13961,8.4,181.0,180.0,SANDPIPER,,WDG2173,31,0,23,,,57,A
367512920,2022-01-05T12:14:46,29.90925,-90.12323,8.0,101.0,95.0,SANDPIPER,,WDG2173,31,0,23,,,57,A
367512920,2022-01-05T12:02:06,29.92891,-90.13965,8.4,179.0,177.0,SANDPIPER,,WDG2173,31,0,23,,,57,A
367512920,2022-01-05T12:04:25,29.92357,-90.13945,8.2,174.9,169.0,SANDPIPER,,WDG2173,31,0,23,,,57,A
367512920,2022-01-05T11:58:47,29.93666,-90.13953,8.4,180.4,181.0,SANDPIPER,,WDG2173,31,0,23,,,57,A
367512920,2022-01-05T12:13:37,29.90977,-90.12612,8.0,104.1,97.0,SANDPIPER,,WDG2173,31,0,23,,,57,A
367512920,2022-01-05T11:54:16,29.94698,-90.14026,7.9,173.0,175.0,SANDPIPER,,WDG2173,31,0,23,,,57,A
367512920,2022-01-05T12:03:17,29.92617,-90.13958,8.2,175.9,175.0,SANDPIPER,,WDG2173,31,0,23,,,57,A
367512920,2022-01-05T11:59:56,29.93399,-90.13959,8.5,181.4,180.0,SANDPIPER,,WDG2173,31,0,23,,,57,A
367512920,2022-01-05T11:55:25,29.94442,-90.13990,8.2,174.5,177.0,SANDPIPER,,WDG2173,31,0,23,,,57,A
367512920,2022-01-05T12:17:05,29.90859,-90.11731,8.2,93.8,89.0,SANDPIPER,,WDG2173,31,0,23,,,57,A
367512920,2022-01-05T12:05:35,29.92096,-90.13910,7.9,171.0,160.0,SANDPIPER,,WDG2173,31,0,23,,,57,A
367512920,2022-01-05T12:31:06,29.91712,-90.07731,10.4,66.3,69.0,SANDPIPER,,WDG2173,31,0,23,,,57,A
367512920,2022-01-05T12:25:16,29.91096,-90.09531,10.1,72.0,72.0,SANDPIPER,,WDG2173,31,0,23,,,57,A
367512920,2022-01-05T12:06:36,29.91880,-90.13856,7.9,167.0,149.0,SANDPIPER,,WDG2173,31,0,23,,,57,A
367512920,2022-01-05T12:20:37,29.90854,-90.10793,8.2,88.0,81.0,SANDPIPER,,WDG2173,31,0,23,,,57,A
367512920,2022-01-05T12:15:55,29.90882,-90.12033,8.0,97.4,90.0,SANDPIPER,,WDG2173,31,0,23,,,57,A
367512920,2022-01-05T12:22:57,29.90933,-90.10189,8.3,78.2,75.0,SANDPIPER,,WDG2173,31,0,23,,,57,A
367512920,2022-01-05T12:24:06,29.91000,-90.09882,9.2,74.2,74.0,SANDPIPER,,WDG2173,31,0,23,,,57,A
367512920,2022-01-05T12:27:35,29.91318,-90.08811,10.3,69.0,69.0,SANDPIPER,,WDG2173,31,0,23,,,57,A
367512920,2022-01-05T12:43:57,29.94327,-90.05733,9.0,351.3,348.0,SANDPIPER,,WDG2173,31,0,23,,,57,A
367512920,2022-01-05T12:29:56,29.91584,-90.08092,10.4,67.2,71.0,SANDPIPER,,WDG2173,31,0,23,,,57,A
367512920,2022-01-05T12:28:47,29.91448,-90.08440,10.4,66.6,67.0,SANDPIPER,,WDG2173,31,0,23,,,57,A
367512920,2022-01-05T12:18:17,29.90849,-90.11412,8.3,90.0,88.0,SANDPIPER,,WDG2173,31,0,23,,,57,A
367512920,2022-01-05T12:50:43,29.95760,-90.05707,6.9,48.6,79.0,SANDPIPER,,WDG2173,31,0,23,,,57,A
367512920,2022-01-05T04:51:47,30.04812,-90.59995,0.0,224.7,244.0,SANDPIPER,,WDG2173,31,0,23,,,57,A
367512920,2022-01-05T12:38:06,29.92823,-90.06008,9.5,28.3,18.0,SANDPIPER,,WDG2173,31,0,23,,,57,A
367512920,2022-01-05T12:32:16,29.91840,-90.07372,10.3,68.4,65.0,SANDPIPER,,WDG2173,31,0,23,,,57,A
367512920,2022-01-05T12:35:47,29.92337,-90.06433,9.5,46.0,36.0,SANDPIPER,,WDG2173,31,0,23,,,57,A
367512920,2022-01-05T12:33:26,29.91977,-90.07025,10.1,64.1,57.0,SANDPIPER,,WDG2173,31,0,23,,,57,A
367512920,2022-01-05T12:39:16,29.93107,-90.05862,9.7,22.6,13.0,SANDPIPER,,WDG2173,31,0,23,,,57,A
367512920,2022-01-05T12:42:45,29.94014,-90.05697,9.8,357.8,350.0,SANDPIPER,,WDG2173,31,0,23,,,57,A
367512920,2022-01-05T12:40:27,29.93408,-90.05750,9.4,13.0,5.0,SANDPIPER,,WDG2173,31,0,23,,,57,A
367512920,2022-01-05T12:55:15,29.95861,-90.04515,9.5,102.1,107.0,SANDPIPER,,WDG2173,31,0,23,,,57,A
367512920,2022-01-05T12:46:15,29.94863,-90.05840,8.2,353.6,1.0,SANDPIPER,,WDG2173,31,0,23,,,57,A
367512920,2022-01-05T12:34:36,29.92135,-90.06710,9.6,55.9,44.0,SANDPIPER,,WDG2173,31,0,23,,,57,A
367512920,2022-01-05T12:56:25,29.95787,-90.04165,9.7,106.5,111.0,SANDPIPER,,WDG2173,31,0,23,,,57,A
367512920,2022-01-05T12:57:36,29.95690,-90.03811,9.9,108.5,111.0,SANDPIPER,,WDG2173,31,0,23,,,57,A
367512920,2022-01-05T12:48:36,29.95378,-90.05847,7.6,5.8,26.0,SANDPIPER,,WDG2173,31,0,23,,,57,A
367512920,2022-01-05T12:58:46,29.95587,-90.03459,10.0,107.6,114.0,SANDPIPER,,WDG2173,31,0,23,,,57,A
367512920,2022-01-05T13:08:17,29.94302,-90.00784,10.2,125.9,129.0,SANDPIPER,,WDG2173,31,0,23,,,57,A
367512920,2022-01-05T04:55:16,30.04812,-90.59995,0.0,319.4,243.0,SANDPIPER,,WDG2173,31,0,23,,,57,A
367512920,2022-01-05T12:49:40,29.95589,-90.05816,6.7,12.0,52.0,SANDPIPER,,WDG2173,31,0,23,,,57,A
367512920,2022-01-05T12:52:55,29.95910,-90.05183,8.4,85.4,96.0,SANDPIPER,,WDG2173,31,0,23,,,57,A
367512920,2022-01-05T12:41:37,29.93710,-90.05694,9.4,4.3,354.0,SANDPIPER,,WDG2173,31,0,23,,,57,A
367512920,2022-01-05T12:54:07,29.95908,-90.04848,9.0,95.7,102.0,SANDPIPER,,WDG2173,31,0,23,,,57,A
367512920,2022-01-05T13:03:37,29.95011,-90.02057,10.1,120.1,123.0,SANDPIPER,,WDG2173,31,0,23,,,57,A
367512920,2022-01-05T12:51:47,29.95870,-90.05477,8.0,71.6,91.0,SANDPIPER,,WDG2173,31,0,23,,,57,A
367512920,2022-01-05T12:47:27,29.95132,-90.05856,7.8,359.3,11.0,SANDPIPER,,WDG2173,31,0,23,,,57,A
367512920,2022-01-05T13:10:37,29.93900,-90.00166,10.3,125.0,128.0,SANDPIPER,,WDG2173,31,0,23,,,57,A
367512920,2022-01-05T13:01:17,29.95317,-90.02722,10.0,116.0,118.0,SANDPIPER,,WDG2173,31,0,23,,,57,A
367512920,2022-01-05T12:59:56,29.95472,-90.03112,9.9,113.0,118.0,SANDPIPER,,WDG2173,31,0,23,,,57,A
367512920,2022-01-05T13:00:15,29.95436,-90.03020,9.9,114.3,117.0,SANDPIPER,,WDG2173,31,0,23,,,57,A
367512920,2022-01-05T13:15:06,29.93111,-89.99010,10.1,125.6,121.0,SANDPIPER,,WDG2173,31,0,23,,,57,A
367512920,2022-01-05T13:16:16,29.92935,-89.98697,9.9,120.3,114.0,SANDPIPER,,WDG2173,31,0,23,,,57,A
367512920,2022-01-05T13:04:45,29.94850,-90.01743,10.1,122.0,124.0,SANDPIPER,,WDG2173,31,0,23,,,57,A
367512920,2022-01-05T13:07:07,29.94488,-90.01099,10.2,123.3,126.0,SANDPIPER,,WDG2173,31,0,23,,,57,A
367512920,2022-01-05T13:21:47,29.92320,-89.97099,8.3,109.9,98.0,SANDPIPER,,WDG2173,31,0,23,,,57,A
367512920,2022-01-05T13:09:25,29.94107,-90.00484,10.3,126.9,127.0,SANDPIPER,,WDG2173,31,0,23,,,57,A
367512920,2022-01-05T13:02:25,29.95178,-90.02394,10.0,117.3,121.0,SANDPIPER,,WDG2173,31,0,23,,,57,A
367512920,2022-01-05T13:13:56,29.93306,-89.99313,10.3,130.5,125.0,SANDPIPER,,WDG2173,31,0,23,,,57,A
367512920,2022-01-05T13:17:26,29.92789,-89.98363,10.0,114.2,114.0,SANDPIPER,,WDG2173,31,0,23,,,57,A
367512920,2022-01-05T13:19:36,29.92527,-89.97720,10.3,115.0,109.0,SANDPIPER,,WDG2173,31,0,23,,,57,A
367512920,2022-01-05T13:20:37,29.92419,-89.97420,10.1,112.3,103.0,SANDPIPER,,WDG2173,31,0,23,,,57,A
367512920,2022-01-05T13:29:42,29.92177,-89.95968,2.9,62.2,150.0,SANDPIPER,,WDG2173,31,0,23,,,57,A
367512920,2022-01-05T13:18:27,29.92669,-89.98067,10.2,115.0,114.0,SANDPIPER,,WDG2173,31,0,23,,,57,A
367512920,2022-01-05T13:30:46,29.92186,-89.95871,3.5,98.9,181.0,SANDPIPER,,WDG2173,31,0,23,,,57,A
367512920,2022-01-05T13:11:45,29.93704,-89.99871,10.3,129.1,131.0,SANDPIPER,,WDG2173,31,0,23,,,57,A
367512920,2022-01-05T13:12:46,29.93520,-89.99609,10.4,129.7,131.0,SANDPIPER,,WDG2173,31,0,23,,,57,A
367512920,2022-01-05T13:22:56,29.92251,-89.96827,7.5,103.8,96.0,SANDPIPER,,WDG2173,31,0,23,,,57,A
367512920,2022-01-05T13:25:17,29.92159,-89.96404,3.7,104.0,96.0,SANDPIPER,,WDG2173,31,0,23,,,57,A
367512920,2022-01-05T13:37:37,29.92016,-89.95601,0.2,29.8,255.0,SANDPIPER,,WDG2173,31,0,23,,,57,A
367512920,2022-01-05T13:24:07,29.92196,-89.96579,6.0,106.3,96.0,SANDPIPER,,WDG2173,31,0,23,,,57,A
367512920,2022-01-05T13:27:35,29.92106,-89.96106,2.2,86.4,92.0,SANDPIPER,,WDG2173,31,0,23,,,57,A
367512920,2022-01-05T13:47:47,29.92029,-89.95555,0.2,121.0,253.0,SANDPIPER,,WDG2173,31,0,23,,,57,A
367512920,2022-01-05T13:38:46,29.92022,-89.95590,0.4,42.5,254.0,SANDPIPER,,WDG2173,31,0,23,,,57,A
367512920,2022-01-05T13:28:39,29.92141,-89.96046,2.9,57.6,121.0,SANDPIPER,,WDG2173,31,0,23,,,57,A
367512920,2022-01-05T13:26:27,29.92129,-89.96270,4.7,105.6,93.0,SANDPIPER,,WDG2173,31,0,23,,,57,A
367512920,2022-01-05T13:32:56,29.92145,-89.95701,3.0,148.3,225.0,SANDPIPER,,WDG2173,31,0,23,,,57,A
367512920,2022-01-05T13:34:06,29.92088,-89.95645,1.6,135.0,239.0,SANDPIPER,,WDG2173,31,0,23,,,57,A
367512920,2022-01-05T05:15:15,30.04810,-90.59993,0.0,6.4,243.0,SANDPIPER,,WDG2173,31,0,23,,,57,A
367512920,2022-01-05T13:35:16,29.92048,-89.95614,1.3,142.1,248.0,SANDPIPER,,WDG2173,31,0,23,,,57,A
367512920,2022-01-05T13:31:50,29.92185,-89.95765,2.7,95.1,209.0,SANDPIPER,,WDG2173,31,0,23,,,57,A
367512920,2022-01-05T13:46:37,29.92031,-89.95560,0.1,73.8,253.0,SANDPIPER,,WDG2173,31,0,23,,,57,A
367512920,2022-01-05T13:39:57,29.92033,-89.95587,0.1,298.2,249.0,SANDPIPER,,WDG2173,31,0,23,,,57,A
367512920,2022-01-05T13:36:26,29.92018,-89.95604,0.7,169.7,254.0,SANDPIPER,,WDG2173,31,0,23,,,57,A
367512920,2022-01-05T13:58:15,29.92029,-89.95516,0.1,85.5,255.0,SANDPIPER,,WDG2173,31,0,23,,,57,A
367512920,2022-01-05T13:51:17,29.92019,-89.95548,0.2,155.4,257.0,SANDPIPER,,WDG2173,31,0,23,,,57,A
367512920,2022-01-05T13:41:06,29.92027,-89.95589,0.3,62.5,253.0,SANDPIPER,,WDG2173,31,0,23,,,57,A
367512920,2022-01-05T14:01:16,29.92033,-89.95525,0.1,163.7,254.0,SANDPIPER,,WDG2173,31,0,23,,,57,A
367512920,2022-01-05T13:45:36,29.92032,-89.95569,0.4,119.6,252.0,SANDPIPER,,WDG2173,31,0,23,,,57,A
367512920,2022-01-05T13:44:27,29.92039,-89.95572,0.1,196.0,249.0,SANDPIPER,,WDG2173,31,0,23,,,57,A
367512920,2022-01-05T14:08:06,29.92034,-89.95506,0.1,156.9,254.0,SANDPIPER,,WDG2173,31,0,23,,,57,A
367512920,2022-01-05T13:42:15,29.92036,-89.95582,0.3,12.7,250.0,SANDPIPER,,WDG2173,31,0,23,,,57,A
367512920,2022-01-05T14:09:15,29.92031,-89.95508,0.1,217.5,256.0,SANDPIPER,,WDG2173,31,0,23,,,57,A
367512920,2022-01-05T13:50:07,29.92025,-89.95548,0.2,195.4,255.0,SANDPIPER,,WDG2173,31,0,23,,,57,A
367512920,2022-01-05T13:54:45,29.92020,-89.95529,0.1,90.5,257.0,SANDPIPER,,WDG2173,31,0,23,,,57,A
367512920,2022-01-05T13:52:26,29.92019,-89.95539,0.3,62.7,257.0,SANDPIPER,,WDG2173,31,0,23,,,57,A
367512920,2022-01-05T13:59:25,29.92033,-89.95518,0.2,307.1,254.0,SANDPIPER,,WDG2173,31,0,23,,,57,A
367512920,2022-01-05T13:53:35,29.92021,-89.95532,0.1,68.9,257.0,SANDPIPER,,WDG2173,31,0,23,,,57,A
367512920,2022-01-05T14:18:25,29.92039,-89.95505,0.3,336.3,253.0,SANDPIPER,,WDG2173,31,0,23,,,57,A
367512920,2022-01-05T13:55:56,29.92023,-89.95522,0.2,32.3,258.0,SANDPIPER,,WDG2173,31,0,23,,,57,A
367512920,2022-01-05T14:05:46,29.92038,-89.95507,0.1,168.7,253.0,SANDPIPER,,WDG2173,31,0,23,,,57,A
367512920,2022-01-05T14:02:26,29.92035,-89.95519,0.4,45.9,254.0,SANDPIPER,,WDG2173,31,0,23,,,57,A
367512920,2022-01-05T13:57:06,29.92029,-89.95521,0.1,50.9,254.0,SANDPIPER,,WDG2173,31,0,23,,,57,A
367512920,2022-01-05T14:06:55,29.92036,-89.95507,0.0,188.8,254.0,SANDPIPER,,WDG2173,31,0,23,,,57,A
367512920,2022-01-05T14:10:26,29.92026,-89.95513,0.2,219.7,257.0,SANDPIPER,,WDG2173,31,0,23,,,57,A
367512920,2022-01-05T05:26:46,30.04813,-90.59994,0.0,343.8,243.0,SANDPIPER,,WDG2173,31,0,23,,,57,A
367512920,2022-01-05T05:27:56,30.04812,-90.59991,0.0,319.8,244.0,SANDPIPER,,WDG2173,31,0,23,,,57,A
367512920,2022-01-05T14:03:37,29.92041,-89.95504,0.1,345.0,252.0,SANDPIPER,,WDG2173,31,0,23,,,57,A
367512920,2022-01-05T14:16:15,29.92026,-89.95496,0.4,50.5,259.0,SANDPIPER,,WDG2173,31,0,23,,,57,A
367512920,2022-01-05T05:28:57,30.04812,-90.59994,0.0,141.1,244.0,SANDPIPER,,WDG2173,31,0,23,,,57,A
367512920,2022-01-05T14:25:17,29.92039,-89.95510,0.1,333.4,252.0,SANDPIPER,,WDG2173,31,0,23,,,57,A
367512920,2022-01-05T14:11:36,29.92024,-89.95512,0.1,140.2,258.0,SANDPIPER,,WDG2173,31,0,23,,,57,A
367512920,2022-01-05T14:12:46,29.92026,-89.95511,0.1,24.1,257.0,SANDPIPER,,WDG2173,31,0,23,,,57,A
367512920,2022-01-05T14:27:37,29.92037,-89.95511,0.2,162.4,253.0,SANDPIPER,,WDG2173,31,0,23,,,57,A
367512920,2022-01-05T14:20:47,29.92044,-89.95511,0.1,200.2,250.0,SANDPIPER,,WDG2173,31,0,23,,,57,A
367512920,2022-01-05T14:19:36,29.92045,-89.95511,0.2,319.5,250.0,SANDPIPER,,WDG2173,31,0,23,,,57,A
367512920,2022-01-05T14:15:07,29.92026,-89.95506,0.2,219.2,259.0,SANDPIPER,,WDG2173,31,0,23,,,57,A
367512920,2022-01-05T14:21:56,29.92041,-89.95510,0.2,168.3,252.0,SANDPIPER,,WDG2173,31,0,23,,,57,A
367512920,2022-01-05T14:13:55,29.92029,-89.95507,0.2,70.1,256.0,SANDPIPER,,WDG2173,31,0,23,,,57,A
367512920,2022-01-05T14:24:16,29.92040,-89.95510,0.0,168.0,252.0,SANDPIPER,,WDG2173,31,0,23,,,57,A
367512920,2022-01-05T14:17:16,29.92032,-89.95505,0.1,46.4,256.0,SANDPIPER,,WDG2173,31,0,23,,,57,A
367512920,2022-01-05T14:37:47,29.92030,-89.95530,0.2,258.4,253.0,SANDPIPER,,WDG2173,31,0,23,,,57,A
367512920,2022-01-05T14:26:27,29.92041,-89.95512,0.1,288.8,251.0,SANDPIPER,,WDG2173,31,0,23,,,57,A
367512920,2022-01-05T14:23:06,29.92040,-89.95510,0.0,323.5,252.0,SANDPIPER,,WDG2173,31,0,23,,,57,A
367512920,2022-01-05T14:29:56,29.92027,-89.95507,0.1,318.9,256.0,SANDPIPER,,WDG2173,31,0,23,,,57,A
367512920,2022-01-05T14:44:35,29.92044,-89.95519,0.1,221.1,250.0,SANDPIPER,,WDG2173,31,0,23,,,57,A
367512920,2022-01-05T14:35:35,29.92026,-89.95517,0.2,355.9,256.0,SANDPIPER,,WDG2173,31,0,23,,,57,A
367512920,2022-01-05T14:31:06,29.92026,-89.95507,0.1,169.8,257.0,SANDPIPER,,WDG2173,31,0,23,,,57,A
367512920,2022-01-05T14:28:45,29.92030,-89.95508,0.3,169.3,256.0,SANDPIPER,,WDG2173,31,0,23,,,57,A
367512920,2022-01-05T14:49:15,29.92043,-89.95519,0.0,306.4,250.0,SANDPIPER,,WDG2173,31,0,23,,,57,A
367512920,2022-01-05T14:51:26,29.92045,-89.95522,0.1,308.7,249.0,SANDPIPER,,WDG2173,31,0,23,,,57,A
367512920,2022-01-05T14:41:06,29.92041,-89.95519,0.3,342.4,249.0,SANDPIPER,,WDG2173,31,0,23,,,57,A
367512920,2022-01-05T14:42:17,29.92045,-89.95524,0.1,300.5,248.0,SANDPIPER,,WDG2173,31,0,23,,,57,A
367512920,2022-01-05T14:53:46,29.92047,-89.95523,0.0,244.0,248.0,SANDPIPER,,WDG2173,31,0,23,,,57,A
367512920,2022-01-05T14:34:27,29.92023,-89.95513,0.4,253.0,258.0,SANDPIPER,,WDG2173,31,0,23,,,57,A
367512920,2022-01-05T14:43:26,29.92045,-89.95519,0.1,90.0,249.0,SANDPIPER,,WDG2173,31,0,23,,,57,A
367512920,2022-01-05T14:57:05,29.92047,-89.95509,0.4,86.4,250.0,SANDPIPER,,WDG2173,31,0,23,,,57,A
367512920,2022-01-05T14:36:37,29.92030,-89.95520,0.2,299.4,254.0,SANDPIPER,,WDG2173,31,0,23,,,57,A
367512920,2022-01-05T14:39:57,29.92030,-89.95519,0.3,9.5,255.0,SANDPIPER,,WDG2173,31,0,23,,,57,A
367512920,2022-01-05T14:46:55,29.92040,-89.95524,0.1,219.0,251.0,SANDPIPER,,WDG2173,31,0,23,,,57,A
367512920,2022-01-05T14:48:06,29.92041,-89.95524,0.1,67.8,250.0,SANDPIPER,,WDG2173,31,0,23,,,57,A
367512920,2022-01-05T14:50:16,29.92044,-89.95520,0.0,276.6,249.0,SANDPIPER,,WDG2173,31,0,23,,,57,A
367512920,2022-01-05T15:01:16,29.92050,-89.95510,0.1,317.7,248.0,SANDPIPER,,WDG2173,31,0,23,,,57,A
367512920,2022-01-05T14:55:57,29.92046,-89.95521,0.2,112.5,249.0,SANDPIPER,,WDG2173,31,0,23,,,57,A
367512920,2022-01-05T14:54:47,29.92047,-89.95523,0.1,238.5,248.0,SANDPIPER,,WDG2173,31,0,23,,,57,A
367512920,2022-01-05T15:09:26,29.92050,-89.95512,0.0,190.8,248.0,SANDPIPER,,WDG2173,31,0,23,,,57,A
367512920,2022-01-05T14:58:06,29.92045,-89.95507,0.0,263.0,250.0,SANDPIPER,,WDG2173,31,0,23,,,57,A
367512920,2022-01-05T14:52:36,29.92046,-89.95523,0.0,310.5,248.0,SANDPIPER,,WDG2173,31,0,23,,,57,A
367512920,2022-01-05T14:59:15,29.92047,-89.95509,0.1,348.1,249.0,SANDPIPER,,WDG2173,31,0,23,,,57,A
367512920,2022-01-05T15:00:15,29.92050,-89.95509,0.1,337.8,248.0,SANDPIPER,,WDG2173,31,0,23,,,57,A
367512920,2022-01-05T15:15:06,29.92091,-89.95662,5.7,276.4,272.0,SANDPIPER,,WDG2173,31,0,23,,,57,A
367512920,2022-01-05T15:04:46,29.92046,-89.95510,0.0,340.5,250.0,SANDPIPER,,WDG2173,31,0,23,,,57,A
367512920,2022-01-05T15:02:27,29.92046,-89.95509,0.2,164.3,249.0,SANDPIPER,,WDG2173,31,0,23,,,57,A
367512920,2022-01-05T15:19:47,29.92088,-89.96288,2.8,255.6,244.0,SANDPIPER,,WDG2173,31,0,23,,,57,A
367512920,2022-01-05T15:05:57,29.92047,-89.95510,0.0,312.0,249.0,SANDPIPER,,WDG2173,31,0,23,,,57,A
367512920,2022-01-05T15:22:07,29.91997,-89.96495,2.8,245.5,233.0,SANDPIPER,,WDG2173,31,0,23,,,57,A
367512920,2022-01-05T15:03:37,29.92045,-89.95509,0.0,276.0,250.0,SANDPIPER,,WDG2173,31,0,23,,,57,A
367512920,2022-01-05T15:10:37,29.92047,-89.95511,0.0,174.3,250.0,SANDPIPER,,WDG2173,31,0,23,,,57,A
367512920,2022-01-05T15:24:26,29.91899,-89.96668,2.4,239.7,231.0,SANDPIPER,,WDG2173,31,0,23,,,57,A
367512920,2022-01-05T15:08:17,29.92050,-89.95512,0.0,325.3,248.0,SANDPIPER,,WDG2173,31,0,23,,,57,A
367512920,2022-01-05T15:27:56,29.91786,-89.96822,1.3,226.5,231.0,SANDPIPER,,WDG2173,31,0,23,,,57,A
367512920,2022-01-05T15:29:07,29.91753,-89.96867,1.5,229.7,232.0,SANDPIPER,,WDG2173,31,0,23,,,57,A
367512920,2022-01-05T15:16:16,29.92100,-89.95871,5.6,271.8,270.0,SANDPIPER,,WDG2173,31,0,23,,,57,A
367512920,2022-01-05T15:13:57,29.92066,-89.95468,3.9,283.8,274.0,SANDPIPER,,WDG2173,31,0,23,,,57,A
367512920,2022-01-05T15:31:26,29.91717,-89.96925,0.8,236.6,229.0,SANDPIPER,,WDG2173,31,0,23,,,57,A
367512920,2022-01-05T15:32:36,29.91715,-89.96931,0.1,140.0,229.0,SANDPIPER,,WDG2173,31,0,23,,,57,A
367512920,2022-01-05T15:20:56,29.92031,-89.96392,3.6,242.3,243.0,SANDPIPER,,WDG2173,31,0,23,,,57,A
367512920,2022-01-05T15:34:57,29.91714,-89.96931,0.1,300.4,230.0,SANDPIPER,,WDG2173,31,0,23,,,57,A
367512920,2022-01-05T15:37:17,29.91714,-89.96932,0.1,302.1,229.0,SANDPIPER,,WDG2173,31,0,23,,,57,A
367512920,2022-01-05T15:17:25,29.92101,-89.96031,3.9,266.8,266.0,SANDPIPER,,WDG2173,31,0,23,,,57,A
367512920,2022-01-05T15:38:37,29.91716,-89.96934,0.1,306.3,229.0,SANDPIPER,,WDG2173,31,0,23,,,57,A
367512920,2022-01-05T15:39:46,29.91713,-89.96938,0.4,239.3,229.0,SANDPIPER,,WDG2173,31,0,23,,,57,A
367512920,2022-01-05T15:23:17,29.91947,-89.96584,2.9,240.3,231.0,SANDPIPER,,WDG2173,31,0,23,,,57,A
367512920,2022-01-05T15:40:56,29.91691,-89.96965,1.1,226.9,230.0,SANDPIPER,,WDG2173,31,0,23,,,57,A
367512920,2022-01-05T15:30:17,29.91729,-89.96902,1.0,236.9,231.0,SANDPIPER,,WDG2173,31,0,23,,,57,A
367512920,2022-01-05T15:44:26,29.91609,-89.97076,1.0,229.1,230.0,SANDPIPER,,WDG2173,31,0,23,,,57,A
367512920,2022-01-05T15:47:56,29.91558,-89.97146,0.0,233.7,230.0,SANDPIPER,,WDG2173,31,0,23,,,57,A
367512920,2022-01-05T15:33:47,29.91714,-89.96931,0.0,166.1,229.0,SANDPIPER,,WDG2173,31,0,23,,,57,A
367512920,2022-01-05T15:52:36,29.91557,-89.97144,0.0,279.4,230.0,SANDPIPER,,WDG2173,31,0,23,,,57,A
367512920,2022-01-05T15:51:26,29.91555,-89.97146,0.0,147.4,230.0,SANDPIPER,,WDG2173,31,0,23,,,57,A
367512920,2022-01-05T15:42:05,29.91664,-89.97001,1.4,230.7,230.0,SANDPIPER,,WDG2173,31,0,23,,,57,A
367512920,2022-01-05T15:46:47,29.91564,-89.97137,0.7,235.5,230.0,SANDPIPER,,WDG2173,31,0,23,,,57,A
367512920,2022-01-05T15:36:07,29.91714,-89.96932,0.0,294.7,230.0,SANDPIPER,,WDG2173,31,0,23,,,57,A
367512920,2022-01-05T15:45:35,29.91589,-89.97104,1.3,226.5,230.0,SANDPIPER,,WDG2173,31,0,23,,,57,A
367512920,2022-01-05T15:43:17,29.91635,-89.97042,1.3,232.5,230.0,SANDPIPER,,WDG2173,31,0,23,,,57,A
367512920,2022-01-05T16:01:36,29.91512,-89.97207,1.8,233.8,232.0,SANDPIPER,,WDG2173,31,0,23,,,57,A
367512920,2022-01-05T15:50:16,29.91556,-89.97146,0.0,278.3,230.0,SANDPIPER,,WDG2173,31,0,23,,,57,A
367512920,2022-01-05T16:03:56,29.91420,-89.97337,2.5,229.1,232.0,SANDPIPER,,WDG2173,31,0,23,,,57,A
367512920,2022-01-05T15:53:46,29.91557,-89.97145,0.0,149.0,230.0,SANDPIPER,,WDG2173,31,0,23,,,57,A
367512920,2022-01-05T15:54:56,29.91556,-89.97145,0.0,292.3,230.0,SANDPIPER,,WDG2173,31,0,23,,,57,A
367512920,2022-01-05T16:06:16,29.91257,-89.97576,4.9,231.7,231.0,SANDPIPER,,WDG2173,31,0,23,,,57,A
367512920,2022-01-05T16:08:35,29.91064,-89.97862,4.8,227.1,232.0,SANDPIPER,,WDG2173,31,0,23,,,57,A
367512920,2022-01-05T16:11:56,29.90785,-89.98257,4.9,228.5,228.0,SANDPIPER,,WDG2173,31,0,23,,,57,A
367512920,2022-01-05T15:59:36,29.91557,-89.97145,0.2,229.4,231.0,SANDPIPER,,WDG2173,31,0,23,,,57,A
367512920,2022-01-05T16:14:16,29.90575,-89.98531,4.8,229.8,229.0,SANDPIPER,,WDG2173,31,0,23,,,57,A
367512920,2022-01-05T15:56:07,29.91555,-89.97147,0.0,241.8,231.0,SANDPIPER,,WDG2173,31,0,23,,,57,A
367512920,2022-01-05T16:16:36,29.90374,-89.98805,4.8,229.7,228.0,SANDPIPER,,WDG2173,31,0,23,,,57,A
367512920,2022-01-05T15:57:17,29.91557,-89.97146,0.0,13.5,231.0,SANDPIPER,,WDG2173,31,0,23,,,57,A
367512920,2022-01-05T16:20:06,29.90079,-89.99157,4.4,213.2,210.0,SANDPIPER,,WDG2173,31,0,23,,,57,A
367512920,2022-01-05T16:07:26,29.91159,-89.97719,4.9,235.1,231.0,SANDPIPER,,WDG2173,31,0,23,,,57,A
367512920,2022-01-05T16:10:55,29.90876,-89.98141,4.8,231.0,228.0,SANDPIPER,,WDG2173,31,0,23,,,57,A
367512920,2022-01-05T16:15:26,29.90474,-89.98667,4.8,228.8,228.0,SANDPIPER,,WDG2173,31,0,23,,,57,A
367512920,2022-01-05T16:09:47,29.90971,-89.98006,4.7,232.1,230.0,SANDPIPER,,WDG2173,31,0,23,,,57,A
367512920,2022-01-05T16:18:55,29.90191,-89.99062,4.2,221.8,211.0,SANDPIPER,,WDG2173,31,0,23,,,57,A
367512920,2022-01-05T16:17:47,29.90281,-89.98946,4.5,235.0,221.0,SANDPIPER,,WDG2173,31,0,23,,,57,A
367512920,2022-01-05T16:22:27,29.89824,-89.99337,4.6,209.7,206.0,SANDPIPER,,WDG2173,31,0,23,,,57,A
367512920,2022-01-05T16:13:06,29.90679,-89.98392,4.9,228.5,228.0,SANDPIPER,,WDG2173,31,0,23,,,57,A
367512920,2022-01-05T16:35:26,29.88247,-90.00266,5.0,205.3,206.0,SANDPIPER,,WDG2173,31,0,23,,,57,A
367512920,2022-01-05T16:37:47,29.87956,-90.00435,5.1,206.7,206.0,SANDPIPER,,WDG2173,31,0,23,,,57,A
367512920,2022-01-05T16:21:15,29.89956,-89.99247,4.6,212.5,207.0,SANDPIPER,,WDG2173,31,0,23,,,57,A
367512920,2022-01-05T16:38:57,29.87807,-90.00518,5.1,206.4,206.0,SANDPIPER,,WDG2173,31,0,23,,,57,A
367512920,2022-01-05T16:40:06,29.87661,-90.00604,5.1,207.6,206.0,SANDPIPER,,WDG2173,31,0,23,,,57,A
367512920,2022-01-05T16:41:17,29.87514,-90.00694,5.1,209.3,206.0,SANDPIPER,,WDG2173,31,0,23,,,57,A
367512920,2022-01-05T16:42:27,29.87373,-90.00784,5.0,208.6,204.0,SANDPIPER,,WDG2173,31,0,23,,,57,A
367512920,2022-01-05T16:23:35,29.89690,-89.99423,4.9,210.2,206.0,SANDPIPER,,WDG2173,31,0,23,,,57,A
367512920,2022-01-05T16:24:46,29.89546,-89.99509,4.9,206.7,205.0,SANDPIPER,,WDG2173,31,0,23,,,57,A
367512920,2022-01-05T06:20:56,30.04813,-90.59990,0.0,251.6,243.0,SANDPIPER,,WDG2173,31,0,23,,,57,A
367512920,2022-01-05T16:29:17,29.89007,-89.99833,4.8,204.7,205.0,SANDPIPER,,WDG2173,31,0,23,,,57,A
367512920,2022-01-05T16:30:46,29.88827,-89.99931,4.9,207.7,206.0,SANDPIPER,,WDG2173,31,0,23,,,57,A
367512920,2022-01-05T16:36:36,29.88100,-90.00348,5.0,206.9,207.0,SANDPIPER,,WDG2173,31,0,23,,,57,A
367512920,2022-01-05T16:34:17,29.88394,-90.00185,5.0,204.6,204.0,SANDPIPER,,WDG2173,31,0,23,,,57,A
367512920,2022-01-05T16:53:16,29.85999,-90.01607,5.1,209.8,206.0,SANDPIPER,,WDG2173,31,0,23,,,57,A
367512920,2022-01-05T16:31:56,29.88686,-90.00016,5.0,206.7,205.0,SANDPIPER,,WDG2173,31,0,23,,,57,A
367512920,2022-01-05T16:54:26,29.85854,-90.01701,5.0,207.9,205.0,SANDPIPER,,WDG2173,31,0,23,,,57,A
367512920,2022-01-05T16:43:36,29.87216,-90.00870,5.7,204.1,206.0,SANDPIPER,,WDG2173,31,0,23,,,57,A
367512920,2022-01-05T16:46:06,29.86898,-90.01061,5.1,208.4,206.0,SANDPIPER,,WDG2173,31,0,23,,,57,A
367512920,2022-01-05T16:56:47,29.85571,-90.01883,5.0,211.8,205.0,SANDPIPER,,WDG2173,31,0,23,,,57,A
367512920,2022-01-05T16:47:16,29.86754,-90.01152,5.0,209.6,204.0,SANDPIPER,,WDG2173,31,0,23,,,57,A
367512920,2022-01-05T16:49:36,29.86461,-90.01324,5.1,207.0,204.0,SANDPIPER,,WDG2173,31,0,23,,,57,A
367512920,2022-01-05T16:50:47,29.86309,-90.01413,5.2,206.6,205.0,SANDPIPER,,WDG2173,31,0,23,,,57,A
367512920,2022-01-05T06:26:37,30.04806,-90.59987,0.0,209.9,243.0,SANDPIPER,,WDG2173,31,0,23,,,57,A
367512920,2022-01-05T16:44:47,29.87063,-90.00960,5.1,209.5,206.0,SANDPIPER,,WDG2173,31,0,23,,,57,A
367512920,2022-01-05T17:06:47,29.84576,-90.02900,5.1,236.4,235.0,SANDPIPER,,WDG2173,31,0,23,,,57,A
367512920,2022-01-05T16:55:36,29.85713,-90.01790,5.0,209.8,206.0,SANDPIPER,,WDG2173,31,0,23,,,57,A
367512920,2022-01-05T16:57:56,29.85436,-90.01968,4.9,208.8,204.0,SANDPIPER,,WDG2173,31,0,23,,,57,A
367512920,2022-01-05T17:09:07,29.84382,-90.03200,5.1,233.9,237.0,SANDPIPER,,WDG2173,31,0,23,,,57,A
367512920,2022-01-05T17:10:16,29.84288,-90.03353,5.0,233.0,237.0,SANDPIPER,,WDG2173,31,0,23,,,57,A
367512920,2022-01-05T16:52:06,29.86143,-90.01510,5.2,208.3,207.0,SANDPIPER,,WDG2173,31,0,23,,,57,A
367512920,2022-01-05T17:12:26,29.84121,-90.03647,5.0,236.1,234.0,SANDPIPER,,WDG2173,31,0,23,,,57,A
367512920,2022-01-05T17:15:47,29.83862,-90.04052,4.3,232.8,234.0,SANDPIPER,,WDG2173,31,0,23,,,57,A
367512920,2022-01-05T06:34:47,30.04800,-90.60065,0.9,255.8,218.0,SANDPIPER,,WDG2173,31,0,23,,,57,A
367512920,2022-01-05T17:13:37,29.84025,-90.03804,5.0,235.2,234.0,SANDPIPER,,WDG2173,31,0,23,,,57,A
367512920,2022-01-05T17:05:36,29.84672,-90.02745,5.0,233.2,234.0,SANDPIPER,,WDG2173,31,0,23,,,57,A
367512920,2022-01-05T17:22:47,29.83361,-90.04775,4.3,233.7,236.0,SANDPIPER,,WDG2173,31,0,23,,,57,A
367512920,2022-01-05T17:14:46,29.83939,-90.03943,4.3,233.6,231.0,SANDPIPER,,WDG2173,31,0,23,,,57,A
367512920,2022-01-05T17:04:27,29.84766,-90.02592,5.0,235.8,235.0,SANDPIPER,,WDG2173,31,0,23,,,57,A
367512920,2022-01-05T17:07:56,29.84480,-90.03046,5.1,233.8,237.0,SANDPIPER,,WDG2173,31,0,23,,,57,A
367512920,2022-01-05T17:28:46,29.83066,-90.05253,1.4,243.3,233.0,SANDPIPER,,WDG2173,31,0,23,,,57,A
367512920,2022-01-05T17:18:07,29.83699,-90.04301,3.9,233.1,230.0,SANDPIPER,,WDG2173,31,0,23,,,57,A
367512920,2022-01-05T17:26:26,29.83185,-90.05069,2.9,228.1,234.0,SANDPIPER,,WDG2173,31,0,23,,,57,A
367512920,2022-01-05T17:21:35,29.83447,-90.04646,4.2,231.5,235.0,SANDPIPER,,WDG2173,31,0,23,,,57,A
367512920,2022-01-05T17:11:17,29.84209,-90.03490,5.1,237.5,237.0,SANDPIPER,,WDG2173,31,0,23,,,57,A
367512920,2022-01-05T17:29:55,29.83066,-90.05295,0.9,291.0,223.0,SANDPIPER,,WDG2173,31,0,23,,,57,A
367512920,2022-01-05T17:16:56,29.83778,-90.04178,4.3,233.8,233.0,SANDPIPER,,WDG2173,31,0,23,,,57,A
367512920,2022-01-05T17:35:37,29.83054,-90.05293,0.1,301.3,227.0,SANDPIPER,,WDG2173,31,0,23,,,57,A
367512920,2022-01-05T17:24:07,29.83280,-90.04914,3.5,234.6,234.0,SANDPIPER,,WDG2173,31,0,23,,,57,A
367512920,2022-01-05T17:19:15,29.83616,-90.04407,3.9,224.1,233.0,SANDPIPER,,WDG2173,31,0,23,,,57,A
367512920,2022-01-05T17:25:16,29.83230,-90.04999,2.3,235.5,233.0,SANDPIPER,,WDG2173,31,0,23,,,57,A
367512920,2022-01-05T17:30:56,29.83070,-90.05313,0.3,285.7,219.0,SANDPIPER,,WDG2173,31,0,23,,,57,A
367512920,2022-01-05T17:20:26,29.83527,-90.04522,4.2,232.3,236.0,SANDPIPER,,WDG2173,31,0,23,,,57,A
367512920,2022-01-05T17:36:45,29.83057,-90.05298,0.0,302.1,224.0,SANDPIPER,,WDG2173,31,0,23,,,57,A
367512920,2022-01-05T06:44:53,30.04219,-90.59937,2.6,161.9,220.0,SANDPIPER,,WDG2173,31,0,23,,,57,A
367512920,2022-01-05T17:48:26,29.83038,-90.05273,0.0,316.2,233.0,SANDPIPER,,WDG2173,31,0,23,,,57,A
367512920,2022-01-05T17:34:27,29.83056,-90.05297,0.3,124.7,224.0,SANDPIPER,,WDG2173,31,0,23,,,57,A
367512920,2022-01-05T17:41:27,29.83042,-90.05280,0.1,140.8,230.0,SANDPIPER,,WDG2173,31,0,23,,,57,A
367512920,2022-01-05T17:42:37,29.83040,-90.05277,0.1,138.0,230.0,SANDPIPER,,WDG2173,31,0,23,,,57,A
367512920,2022-01-05T17:32:07,29.83068,-90.05317,0.2,128.6,217.0,SANDPIPER,,WDG2173,31,0,23,,,57,A
367512920,2022-01-05T17:51:46,29.83045,-90.05281,0.1,266.0,229.0,SANDPIPER,,WDG2173,31,0,23,,,57,A
367512920,2022-01-05T17:33:16,29.83063,-90.05307,0.3,126.2,220.0,SANDPIPER,,WDG2173,31,0,23,,,57,A
367512920,2022-01-05T17:49:35,29.83041,-90.05277,0.2,317.1,231.0,SANDPIPER,,WDG2173,31,0,23,,,57,A
367512920,2022-01-05T17:40:17,29.83047,-90.05285,0.2,136.4,228.0,SANDPIPER,,WDG2173,31,0,23,,,57,A
367512920,2022-01-05T17:50:36,29.83045,-90.05281,0.0,251.1,230.0,SANDPIPER,,WDG2173,31,0,23,,,57,A
367512920,2022-01-05T17:44:56,29.83037,-90.05275,0.0,296.0,232.0,SANDPIPER,,WDG2173,31,0,23,,,57,A
367512920,2022-01-05T18:03:17,29.82486,-90.06229,5.2,238.0,235.0,SANDPIPER,,WDG2173,31,0,23,,,57,A
367512920,2022-01-05T17:52:55,29.83048,-90.05285,0.3,309.9,226.0,SANDPIPER,,WDG2173,31,0,23,,,57,A
367512920,2022-01-05T17:46:06,29.83037,-90.05275,0.0,251.2,232.0,SANDPIPER,,WDG2173,31,0,23,,,57,A
367512920,2022-01-05T18:09:06,29.81924,-90.06817,5.0,201.2,196.0,SANDPIPER,,WDG2173,31,0,23,,,57,A
367512920,2022-01-05T17:43:47,29.83039,-90.05276,0.1,151.8,231.0,SANDPIPER,,WDG2173,31,0,23,,,57,A
367512920,2022-01-05T17:54:25,29.83062,-90.05283,1.4,53.7,224.0,SANDPIPER,,WDG2173,31,0,23,,,57,A
367512920,2022-01-05T18:14:45,29.81153,-90.07118,5.0,198.5,186.0,SANDPIPER,,WDG2173,31,0,23,,,57,A
367512920,2022-01-05T18:02:06,29.82577,-90.06065,5.2,236.0,238.0,SANDPIPER,,WDG2173,31,0,23,,,57,A
367512920,2022-01-05T17:55:36,29.83061,-90.05265,1.4,222.6,235.0,SANDPIPER,,WDG2173,31,0,23,,,57,A
367512920,2022-01-05T18:18:16,29.80674,-90.07177,4.8,180.4,164.0,SANDPIPER,,WDG2173,31,0,23,,,57,A
367512920,2022-01-05T06:58:26,30.04132,-90.59952,0.0,318.4,237.0,SANDPIPER,,WDG2173,31,0,23,,,57,A
367512920,2022-01-05T18:00:56,29.82673,-90.05908,5.2,233.9,237.0,SANDPIPER,,WDG2173,31,0,23,,,57,A
367512920,2022-01-05T17:57:56,29.82917,-90.05505,5.0,235.8,238.0,SANDPIPER,,WDG2173,31,0,23,,,57,A
367512920,2022-01-05T18:24:57,29.79856,-90.06769,5.1,161.0,164.0,SANDPIPER,,WDG2173,31,0,23,,,57,A
367512920,2022-01-05T18:04:27,29.82398,-90.06387,5.0,237.1,227.0,SANDPIPER,,WDG2173,31,0,23,,,57,A
367512920,2022-01-05T18:12:36,29.81444,-90.06990,5.3,200.3,197.0,SANDPIPER,,WDG2173,31,0,23,,,57,A
367512920,2022-01-05T18:05:36,29.82308,-90.06534,4.7,230.5,212.0,SANDPIPER,,WDG2173,31,0,23,,,57,A
367512920,2022-01-05T18:28:26,29.79366,-90.06601,5.3,161.9,160.0,SANDPIPER,,WDG2173,31,0,23,,,57,A
367512920,2022-01-05T18:29:36,29.79201,-90.06535,5.4,160.6,163.0,SANDPIPER,,WDG2173,31,0,23,,,57,A
367512920,2022-01-05T18:06:47,29.82199,-90.06650,4.7,217.1,205.0,SANDPIPER,,WDG2173,31,0,23,,,57,A
367512920,2022-01-05T18:23:47,29.80010,-90.06830,5.0,154.8,162.0,SANDPIPER,,WDG2173,31,0,23,,,57,A
367512920,2022-01-05T18:07:56,29.82073,-90.06745,4.8,208.7,198.0,SANDPIPER,,WDG2173,31,0,23,,,57,A
367512920,2022-01-05T18:31:55,29.78879,-90.06411,5.0,165.0,178.0,SANDPIPER,,WDG2173,31,0,23,,,57,A
367512920,2022-01-05T18:17:06,29.80836,-90.07173,5.0,181.8,176.0,SANDPIPER,,WDG2173,31,0,23,,,57,A
367512920,2022-01-05T18:26:07,29.79691,-90.06722,5.2,167.7,162.0,SANDPIPER,,WDG2173,31,0,23,,,57,A
367512920,2022-01-05T18:19:17,29.80545,-90.07164,4.6,170.8,152.0,SANDPIPER,,WDG2173,31,0,23,,,57,A
367512920,2022-01-05T18:35:07,29.78450,-90.06400,4.8,187.7,198.0,SANDPIPER,,WDG2173,31,0,23,,,57,A
367512920,2022-01-05T18:11:26,29.81609,-90.06932,5.2,195.3,196.0,SANDPIPER,,WDG2173,31,0,23,,,57,A
367512920,2022-01-05T18:22:46,29.80131,-90.06909,5.1,146.4,155.0,SANDPIPER,,WDG2173,31,0,23,,,57,A
367512920,2022-01-05T18:43:16,29.77519,-90.07137,5.2,226.7,229.0,SANDPIPER,,WDG2173,31,0,23,,,57,A
367512920,2022-01-05T18:52:26,29.76729,-90.08319,4.9,222.6,225.0,SANDPIPER,,WDG2173,31,0,23,,,57,A
367512920,2022-01-05T18:54:46,29.76501,-90.08573,4.7,232.6,245.0,SANDPIPER,,WDG2173,31,0,23,,,57,A
367512920,2022-01-05T18:55:56,29.76436,-90.08696,3.3,240.9,249.0,SANDPIPER,,WDG2173,31,0,23,,,57,A
367512920,2022-01-05T18:39:46,29.77884,-90.06739,5.2,221.4,219.0,SANDPIPER,,WDG2173,31,0,23,,,57,A
367512920,2022-01-05T18:30:47,29.79036,-90.06469,5.3,159.9,169.0,SANDPIPER,,WDG2173,31,0,23,,,57,A
367512920,2022-01-05T18:40:56,29.77755,-90.06864,5.3,221.3,223.0,SANDPIPER,,WDG2173,31,0,23,,,57,A
367512920,2022-01-05T19:07:05,29.76248,-90.09427,2.0,262.6,262.0,SANDPIPER,,WDG2173,31,0,23,,,57,A
367512920,2022-01-05T18:34:06,29.78586,-90.06386,4.9,181.2,188.0,SANDPIPER,,WDG2173,31,0,23,,,57,A
367512920,2022-01-05T18:44:17,29.77418,-90.07262,5.3,228.8,233.0,SANDPIPER,,WDG2173,31,0,23,,,57,A
367512920,2022-01-05T19:10:46,29.76213,-90.09701,2.6,261.2,264.0,SANDPIPER,,WDG2173,31,0,23,,,57,A
367512920,2022-01-05T18:45:26,29.77315,-90.07417,5.3,233.4,234.0,SANDPIPER,,WDG2173,31,0,23,,,57,A
367512920,2022-01-05T18:36:16,29.78300,-90.06444,4.9,197.2,205.0,SANDPIPER,,WDG2173,31,0,23,,,57,A
367512920,2022-01-05T18:38:36,29.78009,-90.06615,5.1,214.2,219.0,SANDPIPER,,WDG2173,31,0,23,,,57,A
367512920,2022-01-05T18:57:07,29.76391,-90.08799,2.8,244.9,254.0,SANDPIPER,,WDG2173,31,0,23,,,57,A
367512920,2022-01-05T18:37:26,29.78149,-90.06516,5.0,208.0,213.0,SANDPIPER,,WDG2173,31,0,23,,,57,A
367512920,2022-01-05T18:59:25,29.76335,-90.08966,2.2,246.5,257.0,SANDPIPER,,WDG2173,31,0,23,,,57,A
367512920,2022-01-05T19:09:26,29.76227,-90.09593,2.5,261.6,263.0,SANDPIPER,,WDG2173,31,0,23,,,57,A
367512920,2022-01-05T18:50:07,29.76931,-90.08050,5.0,237.4,230.0,SANDPIPER,,WDG2173,31,0,23,,,57,A
367512920,2022-01-05T19:15:36,29.76180,-90.10219,3.2,269.2,267.0,SANDPIPER,,WDG2173,31,0,23,,,57,A
367512920,2022-01-05T18:42:07,29.77629,-90.06991,5.1,227.9,230.0,SANDPIPER,,WDG2173,31,0,23,,,57,A
367512920,2022-01-05T19:08:16,29.76240,-90.09503,2.3,261.0,262.0,SANDPIPER,,WDG2173,31,0,23,,,57,A
367512920,2022-01-05T18:46:35,29.77216,-90.07572,5.2,233.9,236.0,SANDPIPER,,WDG2173,31,0,23,,,57,A
367512920,2022-01-05T18:48:56,29.77025,-90.07890,5.1,235.0,235.0,SANDPIPER,,WDG2173,31,0,23,,,57,A
367512920,2022-01-05T19:17:57,29.76176,-90.10430,2.7,264.6,267.0,SANDPIPER,,WDG2173,31,0,23,,,57,A
367512920,2022-01-05T18:58:16,29.76364,-90.08890,2.5,247.9,253.0,SANDPIPER,,WDG2173,31,0,23,,,57,A
367512920,2022-01-05T19:11:57,29.76198,-90.09811,3.2,264.1,266.0,SANDPIPER,,WDG2173,31,0,23,,,57,A
367512920,2022-01-05T18:51:17,29.76839,-90.08195,4.8,230.7,223.0,SANDPIPER,,WDG2173,31,0,23,,,57,A
367512920,2022-01-05T19:25:46,29.76165,-90.11088,2.6,268.6,265.0,SANDPIPER,,WDG2173,31,0,23,,,57,A
367512920,2022-01-05T18:53:36,29.76608,-90.08444,5.0,219.8,234.0,SANDPIPER,,WDG2173,31,0,23,,,57,A
367512920,2022-01-05T19:16:45,29.76184,-90.10329,2.9,274.0,264.0,SANDPIPER,,WDG2173,31,0,23,,,57,A
367512920,2022-01-05T19:30:46,29.76144,-90.11480,2.5,259.2,261.0,SANDPIPER,,WDG2173,31,0,23,,,57,A
367512920,2022-01-05T19:42:25,29.75906,-90.12681,4.3,248.1,242.0,SANDPIPER,,WDG2173,31,0,23,,,57,A
367512920,2022-01-05T19:23:35,29.76166,-90.10910,2.6,270.6,266.0,SANDPIPER,,WDG2173,31,0,23,,,57,A
367512920,2022-01-05T19:13:07,29.76188,-90.09936,3.5,265.9,267.0,SANDPIPER,,WDG2173,31,0,23,,,57,A
367512920,2022-01-05T19:41:16,29.75959,-90.12539,4.0,249.8,244.0,SANDPIPER,,WDG2173,31,0,23,,,57,A
367512920,2022-01-05T19:37:46,29.76052,-90.12135,3.5,254.7,255.0,SANDPIPER,,WDG2173,31,0,23,,,57,A
367512920,2022-01-05T19:14:26,29.76182,-90.10090,3.7,268.1,268.0,SANDPIPER,,WDG2173,31,0,23,,,57,A
367512920,2022-01-05T19:19:07,29.76167,-90.10529,2.7,269.1,268.0,SANDPIPER,,WDG2173,31,0,23,,,57,A
367512920,2022-01-05T19:29:16,29.76162,-90.11367,2.4,265.7,258.0,SANDPIPER,,WDG2173,31,0,23,,,57,A
367512920,2022-01-05T19:44:46,29.75775,-90.12973,4.6,237.0,234.0,SANDPIPER,,WDG2173,31,0,23,,,57,A
367512920,2022-01-05T19:20:16,29.76166,-90.10627,2.7,266.9,267.0,SANDPIPER,,WDG2173,31,0,23,,,57,A
367512920,2022-01-05T19:21:17,29.76162,-90.10713,2.7,269.4,269.0,SANDPIPER,,WDG2173,31,0,23,,,57,A
367512920,2022-01-05T19:43:37,29.75848,-90.12827,4.3,243.5,238.0,SANDPIPER,,WDG2173,31,0,23,,,57,A
367512920,2022-01-05T19:53:17,29.75019,-90.13661,3.3,182.1,178.0,SANDPIPER,,WDG2173,31,0,23,,,57,A
367512920,2022-01-05T19:26:56,29.76165,-90.11184,2.5,273.4,264.0,SANDPIPER,,WDG2173,31,0,23,,,57,A
367512920,2022-01-05T19:36:36,29.76080,-90.12016,3.1,258.3,254.0,SANDPIPER,,WDG2173,31,0,23,,,57,A
367512920,2022-01-05T19:28:06,29.76164,-90.11278,2.5,268.6,261.0,SANDPIPER,,WDG2173,31,0,23,,,57,A
367512920,2022-01-05T19:49:45,29.75373,-90.13510,4.2,219.3,199.0,SANDPIPER,,WDG2173,31,0,23,,,57,A
367512920,2022-01-05T19:40:06,29.75997,-90.12400,3.8,253.1,248.0,SANDPIPER,,WDG2173,31,0,23,,,57,A
367512920,2022-01-05T19:57:55,29.74580,-90.13671,3.6,192.3,202.0,SANDPIPER,,WDG2173,31,0,23,,,57,A
367512920,2022-01-05T19:31:55,29.76132,-90.11573,2.6,265.5,262.0,SANDPIPER,,WDG2173,31,0,23,,,57,A
367512920,2022-01-05T19:35:25,29.76101,-90.11904,3.1,257.9,256.0,SANDPIPER,,WDG2173,31,0,23,,,57,A
367512920,2022-01-05T19:38:56,29.76030,-90.12268,3.6,259.4,251.0,SANDPIPER,,WDG2173,31,0,23,,,57,A
367512920,2022-01-05T19:33:06,29.76124,-90.11683,3.0,267.0,261.0,SANDPIPER,,WDG2173,31,0,23,,,57,A
367512920,2022-01-05T19:34:16,29.76119,-90.11793,3.1,266.5,257.0,SANDPIPER,,WDG2173,31,0,23,,,57,A
367512920,2022-01-05T19:45:57,29.75700,-90.13122,4.5,237.8,226.0,SANDPIPER,,WDG2173,31,0,23,,,57,A
367512920,2022-01-05T20:09:46,29.73154,-90.14806,6.0,217.7,220.0,SANDPIPER,,WDG2173,31,0,23,,,57,A
367512920,2022-01-05T19:47:25,29.75583,-90.13281,4.5,226.5,219.0,SANDPIPER,,WDG2173,31,0,23,,,57,A
367512920,2022-01-05T19:54:27,29.74911,-90.13662,3.4,180.3,181.0,SANDPIPER,,WDG2173,31,0,23,,,57,A
367512920,2022-01-05T20:05:07,29.73771,-90.14257,6.1,216.5,218.0,SANDPIPER,,WDG2173,31,0,23,,,57,A
367512920,2022-01-05T19:58:56,29.74482,-90.13705,3.7,200.4,209.0,SANDPIPER,,WDG2173,31,0,23,,,57,A
367512920,2022-01-05T19:52:06,29.75128,-90.13640,3.6,198.1,182.0,SANDPIPER,,WDG2173,31,0,23,,,57,A
367512920,2022-01-05T20:17:55,29.72129,-90.15752,5.0,216.6,217.0,SANDPIPER,,WDG2173,31,0,23,,,57,A
367512920,2022-01-05T20:21:25,29.71746,-90.16091,5.0,217.3,218.0,SANDPIPER,,WDG2173,31,0,23,,,57,A
367512920,2022-01-05T20:22:36,29.71613,-90.16208,5.0,217.0,217.0,SANDPIPER,,WDG2173,31,0,23,,,57,A
367512920,2022-01-05T20:06:17,29.73613,-90.14395,6.2,218.6,219.0,SANDPIPER,,WDG2173,31,0,23,,,57,A
367512920,2022-01-05T19:50:56,29.75251,-90.13586,4.3,206.6,189.0,SANDPIPER,,WDG2173,31,0,23,,,57,A
367512920,2022-01-05T20:00:26,29.74335,-90.13797,4.1,211.2,214.0,SANDPIPER,,WDG2173,31,0,23,,,57,A
367512920,2022-01-05T20:24:56,29.71355,-90.16430,5.1,217.5,218.0,SANDPIPER,,WDG2173,31,0,23,,,57,A
367512920,2022-01-05T20:03:56,29.73934,-90.14119,5.9,214.5,215.0,SANDPIPER,,WDG2173,31,0,23,,,57,A
367512920,2022-01-05T19:55:37,29.74799,-90.13665,3.4,179.9,184.0,SANDPIPER,,WDG2173,31,0,23,,,57,A
367512920,2022-01-05T19:56:47,29.74688,-90.13660,3.4,179.7,193.0,SANDPIPER,,WDG2173,31,0,23,,,57,A
367512920,2022-01-05T20:23:46,29.71483,-90.16318,5.0,215.5,216.0,SANDPIPER,,WDG2173,31,0,23,,,57,A
367512920,2022-01-05T20:15:37,29.72388,-90.15526,5.4,216.9,217.0,SANDPIPER,,WDG2173,31,0,23,,,57,A
367512920,2022-01-05T20:08:35,29.73309,-90.14668,5.9,216.4,219.0,SANDPIPER,,WDG2173,31,0,23,,,57,A
367512920,2022-01-05T20:16:46,29.72256,-90.15644,5.0,217.1,216.0,SANDPIPER,,WDG2173,31,0,23,,,57,A
367512920,2022-01-05T20:01:37,29.74221,-90.13890,4.6,218.0,214.0,SANDPIPER,,WDG2173,31,0,23,,,57,A
367512920,2022-01-05T20:02:45,29.74089,-90.13997,5.5,213.9,214.0,SANDPIPER,,WDG2173,31,0,23,,,57,A
367512920,2022-01-05T20:37:56,29.69845,-90.17738,5.3,217.1,218.0,SANDPIPER,,WDG2173,31,0,23,,,57,A
367512920,2022-01-05T20:07:27,29.73463,-90.14544,5.9,219.9,215.0,SANDPIPER,,WDG2173,31,0,23,,,57,A
367512920,2022-01-05T20:31:56,29.70545,-90.17128,5.2,214.0,217.0,SANDPIPER,,WDG2173,31,0,23,,,57,A
367512920,2022-01-05T20:34:15,29.70271,-90.17358,5.3,217.6,218.0,SANDPIPER,,WDG2173,31,0,23,,,57,A
367512920,2022-01-05T20:35:16,29.70152,-90.17463,5.3,217.7,219.0,SANDPIPER,,WDG2173,31,0,23,,,57,A
367512920,2022-01-05T20:41:17,29.69461,-90.18080,5.2,218.6,218.0,SANDPIPER,,WDG2173,31,0,23,,,57,A
367512920,2022-01-05T20:10:56,29.72997,-90.14953,6.2,219.9,219.0,SANDPIPER,,WDG2173,31,0,23,,,57,A
367512920,2022-01-05T20:12:05,29.72847,-90.15097,6.3,219.0,219.0,SANDPIPER,,WDG2173,31,0,23,,,57,A
367512920,2022-01-05T20:29:36,29.70807,-90.16889,5.3,217.1,219.0,SANDPIPER,,WDG2173,31,0,23,,,57,A
367512920,2022-01-05T20:13:16,29.72687,-90.15247,6.3,220.5,219.0,SANDPIPER,,WDG2173,31,0,23,,,57,A
367512920,2022-01-05T20:48:06,29.68703,-90.18755,5.1,216.0,216.0,SANDPIPER,,WDG2173,31,0,23,,,57,A
367512920,2022-01-05T20:49:17,29.68565,-90.18867,5.2,214.6,218.0,SANDPIPER,,WDG2173,31,0,23,,,57,A
367512920,2022-01-05T20:33:07,29.70408,-90.17242,5.3,218.5,218.0,SANDPIPER,,WDG2173,31,0,23,,,57,A
367512920,2022-01-05T20:50:25,29.68427,-90.18972,5.2,214.5,220.0,SANDPIPER,,WDG2173,31,0,23,,,57,A
367512920,2022-01-05T20:30:45,29.70679,-90.17015,5.3,219.5,216.0,SANDPIPER,,WDG2173,31,0,23,,,57,A
367512920,2022-01-05T20:42:25,29.69332,-90.18201,5.1,219.8,217.0,SANDPIPER,,WDG2173,31,0,23,,,57,A
367512920,2022-01-05T07:44:16,30.04195,-90.59877,0.1,156.7,230.0,SANDPIPER,,WDG2173,31,0,23,,,57,A
367512920,2022-01-05T20:19:07,29.72002,-90.15870,4.9,219.1,216.0,SANDPIPER,,WDG2173,31,0,23,,,57,A
367512920,2022-01-05T20:46:55,29.68842,-90.18640,5.1,218.6,215.0,SANDPIPER,,WDG2173,31,0,23,,,57,A
367512920,2022-01-05T20:20:17,29.71874,-90.15981,5.0,217.4,217.0,SANDPIPER,,WDG2173,31,0,23,,,57,A
367512920,2022-01-05T20:26:07,29.71218,-90.16548,5.2,216.8,217.0,SANDPIPER,,WDG2173,31,0,23,,,57,A
367512920,2022-01-05T20:36:26,29.70017,-90.17583,5.4,217.8,219.0,SANDPIPER,,WDG2173,31,0,23,,,57,A
367512920,2022-01-05T20:57:26,29.67735,-90.19645,4.5,221.6,219.0,SANDPIPER,,WDG2173,31,0,23,,,57,A
367512920,2022-01-05T20:51:36,29.68295,-90.19083,5.1,218.8,220.0,SANDPIPER,,WDG2173,31,0,23,,,57,A
367512920,2022-01-05T20:28:25,29.70947,-90.16774,5.2,214.5,218.0,SANDPIPER,,WDG2173,31,0,23,,,57,A
367512920,2022-01-05T20:56:17,29.67842,-90.19539,4.4,223.3,219.0,SANDPIPER,,WDG2173,31,0,23,,,57,A
367512920,2022-01-05T21:01:36,29.67339,-90.20014,4.5,215.7,216.0,SANDPIPER,,WDG2173,31,0,23,,,57,A
367512920,2022-01-05T21:02:57,29.67205,-90.20138,4.6,220.0,217.0,SANDPIPER,,WDG2173,31,0,23,,,57,A
367512920,2022-01-05T21:05:17,29.66971,-90.20348,4.6,220.0,219.0,SANDPIPER,,WDG2173,31,0,23,,,57,A
367512920,2022-01-05T21:06:26,29.66853,-90.20455,4.7,217.2,223.0,SANDPIPER,,WDG2173,31,0,23,,,57,A
367512920,2022-01-05T20:39:07,29.69706,-90.17860,5.3,217.1,217.0,SANDPIPER,,WDG2173,31,0,23,,,57,A
367512920,2022-01-05T07:51:16,30.04196,-90.59876,0.0,111.7,230.0,SANDPIPER,,WDG2173,31,0,23,,,57,A
367512920,2022-01-05T21:09:46,29.66537,-90.20798,4.8,228.6,230.0,SANDPIPER,,WDG2173,31,0,23,,,57,A
367512920,2022-01-05T20:40:16,29.69576,-90.17977,5.2,216.2,217.0,SANDPIPER,,WDG2173,31,0,23,,,57,A
367512920,2022-01-05T21:04:06,29.67090,-90.20243,4.6,219.3,217.0,SANDPIPER,,WDG2173,31,0,23,,,57,A
367512920,2022-01-05T20:53:56,29.68056,-90.19312,4.5,222.1,222.0,SANDPIPER,,WDG2173,31,0,23,,,57,A
367512920,2022-01-05T20:43:26,29.69223,-90.18300,4.9,218.5,216.0,SANDPIPER,,WDG2173,31,0,23,,,57,A
367512920,2022-01-05T20:44:36,29.69100,-90.18412,5.0,218.5,216.0,SANDPIPER,,WDG2173,31,0,23,,,57,A
367512920,2022-01-05T21:08:45,29.66628,-90.20689,4.8,225.4,228.0,SANDPIPER,,WDG2173,31,0,23,,,57,A
367512920,2022-01-05T07:55:47,30.04155,-90.59925,1.8,235.6,237.0,SANDPIPER,,WDG2173,31,0,23,,,57,A
367512920,2022-01-05T21:13:16,29.66242,-90.21199,4.7,233.0,233.0,SANDPIPER,,WDG2173,31,0,23,,,57,A
367512920,2022-01-05T21:17:56,29.65884,-90.21764,4.6,240.5,250.0,SANDPIPER,,WDG2173,31,0,23,,,57,A
367512920,2022-01-05T08:00:00,30.04017,-90.60143,1.9,243.5,295.0,SANDPIPER,,WDG2173,31,0,23,,,57,A
367512920,2022-01-05T21:16:46,29.65959,-90.21618,4.6,236.7,244.0,SANDPIPER,,WDG2173,31,0,23,,,57,A
367512920,2022-01-05T20:52:45,29.68168,-90.19196,4.8,219.9,223.0,SANDPIPER,,WDG2173,31,0,23,,,57,A
367512920,2022-01-05T21:27:16,29.65584,-90.23115,4.6,260.6,258.0,SANDPIPER,,WDG2173,31,0,23,,,57,A
367512920,2022-01-05T21:20:15,29.65780,-90.22083,4.7,258.3,256.0,SANDPIPER,,WDG2173,31,0,23,,,57,A
367512920,2022-01-05T21:07:37,29.66740,-90.20573,4.7,218.6,223.0,SANDPIPER,,WDG2173,31,0,23,,,57,A
367512920,2022-01-05T21:31:56,29.65436,-90.23767,4.7,252.9,257.0,SANDPIPER,,WDG2173,31,0,23,,,57,A
367512920,2022-01-05T08:05:17,30.04506,-90.59879,8.9,46.8,62.0,SANDPIPER,,WDG2173,31,0,23,,,57,A
367512920,2022-01-05T21:14:25,29.66149,-90.21336,4.8,232.4,234.0,SANDPIPER,,WDG2173,31,0,23,,,57,A
367512920,2022-01-05T21:28:26,29.65553,-90.23282,4.5,257.0,255.0,SANDPIPER,,WDG2173,31,0,23,,,57,A
367512920,2022-01-05T20:58:36,29.67628,-90.19757,4.5,223.1,217.0,SANDPIPER,,WDG2173,31,0,23,,,57,A
367512920,2022-01-05T21:12:06,29.66335,-90.21066,4.7,229.4,232.0,SANDPIPER,,WDG2173,31,0,23,,,57,A
367512920,2022-01-05T21:26:07,29.65614,-90.22948,4.7,258.1,257.0,SANDPIPER,,WDG2173,31,0,23,,,57,A
367512920,2022-01-05T20:59:46,29.67519,-90.19860,4.3,218.6,215.0,SANDPIPER,,WDG2173,31,0,23,,,57,A
367512920,2022-01-05T21:34:17,29.65365,-90.24117,4.8,259.2,257.0,SANDPIPER,,WDG2173,31,0,23,,,57,A
367512920,2022-01-05T21:30:45,29.65482,-90.23601,4.5,254.0,253.0,SANDPIPER,,WDG2173,31,0,23,,,57,A
367512920,2022-01-05T21:19:07,29.65819,-90.21919,4.5,251.7,257.0,SANDPIPER,,WDG2173,31,0,23,,,57,A
367512920,2022-01-05T21:15:37,29.66050,-90.21480,4.8,229.4,237.0,SANDPIPER,,WDG2173,31,0,23,,,57,A
367512920,2022-01-05T21:23:47,29.65676,-90.22603,4.7,258.6,259.0,SANDPIPER,,WDG2173,31,0,23,,,57,A
367512920,2022-01-05T21:41:17,29.65158,-90.25144,4.7,256.7,256.0,SANDPIPER,,WDG2173,31,0,23,,,57,A
367512920,2022-01-05T21:10:55,29.66437,-90.20930,4.8,229.4,230.0,SANDPIPER,,WDG2173,31,0,23,,,57,A
367512920,2022-01-05T21:29:35,29.65517,-90.23445,4.6,258.9,254.0,SANDPIPER,,WDG2173,31,0,23,,,57,A
367512920,2022-01-05T21:24:57,29.65643,-90.22776,4.7,257.9,258.0,SANDPIPER,,WDG2173,31,0,23,,,57,A
367512920,2022-01-05T21:35:26,29.65332,-90.24287,4.7,257.4,257.0,SANDPIPER,,WDG2173,31,0,23,,,57,A
367512920,2022-01-05T21:50:45,29.64861,-90.26530,4.8,257.6,254.0,SANDPIPER,,WDG2173,31,0,23,,,57,A
367512920,2022-01-05T21:40:06,29.65194,-90.24970,4.7,257.5,256.0,SANDPIPER,,WDG2173,31,0,23,,,57,A
367512920,2022-01-05T21:22:37,29.65709,-90.22429,4.8,256.2,258.0,SANDPIPER,,WDG2173,31,0,23,,,57,A
367512920,2022-01-05T21:55:37,29.64705,-90.27253,4.9,256.6,259.0,SANDPIPER,,WDG2173,31,0,23,,,57,A
367512920,2022-01-05T21:21:27,29.65743,-90.22258,4.8,257.3,257.0,SANDPIPER,,WDG2173,31,0,23,,,57,A
367512920,2022-01-05T21:51:56,29.64821,-90.26704,4.8,254.9,255.0,SANDPIPER,,WDG2173,31,0,23,,,57,A
367512920,2022-01-05T21:58:56,29.64630,-90.27755,4.8,265.0,268.0,SANDPIPER,,WDG2173,31,0,23,,,57,A
367512920,2022-01-05T22:00:16,29.64619,-90.27962,4.9,267.6,270.0,SANDPIPER,,WDG2173,31,0,23,,,57,A
367512920,2022-01-05T21:49:35,29.64897,-90.26357,4.8,256.3,255.0,SANDPIPER,,WDG2173,31,0,23,,,57,A
367512920,2022-01-05T21:46:07,29.65008,-90.25848,4.7,255.1,256.0,SANDPIPER,,WDG2173,31,0,23,,,57,A
367512920,2022-01-05T21:48:27,29.64934,-90.26189,4.8,255.0,256.0,SANDPIPER,,WDG2173,31,0,23,,,57,A
367512920,2022-01-05T22:07:26,29.64606,-90.29058,4.7,267.8,268.0,SANDPIPER,,WDG2173,31,0,23,,,57,A
367512920,2022-01-05T21:54:27,29.64741,-90.27078,4.9,257.8,257.0,SANDPIPER,,WDG2173,31,0,23,,,57,A
367512920,2022-01-05T22:01:26,29.64616,-90.28143,4.8,269.7,270.0,SANDPIPER,,WDG2173,31,0,23,,,57,A
367512920,2022-01-05T22:09:47,29.64602,-90.29405,4.5,266.4,268.0,SANDPIPER,,WDG2173,31,0,23,,,57,A
367512920,2022-01-05T21:36:36,29.65300,-90.24461,4.7,257.3,255.0,SANDPIPER,,WDG2173,31,0,23,,,57,A
367512920,2022-01-05T21:57:47,29.64646,-90.27580,4.8,261.2,266.0,SANDPIPER,,WDG2173,31,0,23,,,57,A
367512920,2022-01-05T22:08:37,29.64602,-90.29236,4.7,269.5,269.0,SANDPIPER,,WDG2173,31,0,23,,,57,A
367512920,2022-01-05T21:37:46,29.65264,-90.24629,4.7,257.2,255.0,SANDPIPER,,WDG2173,31,0,23,,,57,A
367512920,2022-01-05T21:39:05,29.65223,-90.24823,4.8,256.8,256.0,SANDPIPER,,WDG2173,31,0,23,,,57,A
367512920,2022-01-05T21:45:06,29.65043,-90.25701,4.7,257.3,255.0,SANDPIPER,,WDG2173,31,0,23,,,57,A
367512920,2022-01-05T22:16:57,29.64579,-90.30454,4.6,268.3,270.0,SANDPIPER,,WDG2173,31,0,23,,,57,A
367512920,2022-01-05T22:05:06,29.64609,-90.28706,4.8,269.6,269.0,SANDPIPER,,WDG2173,31,0,23,,,57,A
367512920,2022-01-05T22:10:55,29.64597,-90.29569,4.6,267.0,268.0,SANDPIPER,,WDG2173,31,0,23,,,57,A
367512920,2022-01-05T22:21:56,29.64566,-90.31149,4.4,267.2,267.0,SANDPIPER,,WDG2173,31,0,23,,,57,A
367512920,2022-01-05T22:25:16,29.64543,-90.31633,4.6,268.2,270.0,SANDPIPER,,WDG2173,31,0,23,,,57,A
367512920,2022-01-05T22:28:46,29.64542,-90.32148,4.7,266.8,269.0,SANDPIPER,,WDG2173,31,0,23,,,57,A
367512920,2022-01-05T22:27:37,29.64547,-90.31979,4.6,273.0,268.0,SANDPIPER,,WDG2173,31,0,23,,,57,A
367512920,2022-01-05T22:12:07,29.64593,-90.29747,4.6,268.1,268.0,SANDPIPER,,WDG2173,31,0,23,,,57,A
367512920,2022-01-05T08:22:36,30.04839,-90.55094,8.6,100.7,101.0,SANDPIPER,,WDG2173,31,0,23,,,57,A
367512920,2022-01-05T22:32:16,29.64534,-90.32662,4.4,270.0,258.0,SANDPIPER,,WDG2173,31,0,23,,,57,A
367512920,2022-01-05T22:24:07,29.64551,-90.31462,4.6,268.2,268.0,SANDPIPER,,WDG2173,31,0,23,,,57,A
367512920,2022-01-05T22:06:16,29.64610,-90.28884,4.8,270.5,268.0,SANDPIPER,,WDG2173,31,0,23,,,57,A
367512920,2022-01-05T22:36:47,29.64388,-90.33213,4.2,231.9,221.0,SANDPIPER,,WDG2173,31,0,23,,,57,A
367512920,2022-01-05T22:03:47,29.64613,-90.28504,4.8,266.6,269.0,SANDPIPER,,WDG2173,31,0,23,,,57,A
367512920,2022-01-05T22:29:57,29.64542,-90.32324,4.6,269.8,267.0,SANDPIPER,,WDG2173,31,0,23,,,57,A
367512920,2022-01-05T22:22:57,29.64556,-90.31292,4.5,264.4,268.0,SANDPIPER,,WDG2173,31,0,23,,,57,A
367512920,2022-01-05T22:31:07,29.64536,-90.32496,4.7,270.3,265.0,SANDPIPER,,WDG2173,31,0,23,,,57,A
367512920,2022-01-05T08:28:26,30.04579,-90.53553,8.3,96.1,87.0,SANDPIPER,,WDG2173,31,0,23,,,57,A
367512920,2022-01-05T22:34:37,29.64496,-90.32977,4.0,264.8,239.0,SANDPIPER,,WDG2173,31,0,23,,,57,A
367512920,2022-01-05T22:35:46,29.64456,-90.33108,3.8,238.2,226.0,SANDPIPER,,WDG2173,31,0,23,,,57,A
367512920,2022-01-05T22:42:55,29.63812,-90.33725,4.4,207.9,209.0,SANDPIPER,,WDG2173,31,0,23,,,57,A
367512920,2022-01-05T22:46:26,29.63433,-90.33999,4.5,210.1,208.0,SANDPIPER,,WDG2173,31,0,23,,,57,A
367512920,2022-01-05T22:15:36,29.64583,-90.30258,4.6,266.8,269.0,SANDPIPER,,WDG2173,31,0,23,,,57,A
367512920,2022-01-05T22:18:07,29.64582,-90.30621,4.4,267.5,267.0,SANDPIPER,,WDG2173,31,0,23,,,57,A
367512920,2022-01-05T22:14:27,29.64583,-90.30088,4.7,269.2,270.0,SANDPIPER,,WDG2173,31,0,23,,,57,A
367512920,2022-01-05T22:33:26,29.64514,-90.32818,4.4,261.2,253.0,SANDPIPER,,WDG2173,31,0,23,,,57,A
367512920,2022-01-05T22:44:06,29.63686,-90.33816,4.6,213.7,210.0,SANDPIPER,,WDG2173,31,0,23,,,57,A
367512920,2022-01-05T22:19:27,29.64581,-90.30804,4.3,269.5,266.0,SANDPIPER,,WDG2173,31,0,23,,,57,A
367512920,2022-01-05T08:35:17,30.04801,-90.51711,8.8,74.5,75.0,SANDPIPER,,WDG2173,31,0,23,,,57,A
367512920,2022-01-05T22:20:46,29.64577,-90.30987,4.3,268.6,265.0,SANDPIPER,,WDG2173,31,0,23,,,57,A
367512920,2022-01-05T08:36:25,30.04876,-90.51396,8.9,74.7,77.0,SANDPIPER,,WDG2173,31,0,23,,,57,A
367512920,2022-01-05T22:57:26,29.62215,-90.34847,4.7,210.6,211.0,SANDPIPER,,WDG2173,31,0,23,,,57,A
367512920,2022-01-05T22:39:17,29.64182,-90.33441,4.3,218.2,212.0,SANDPIPER,,WDG2173,31,0,23,,,57,A
367512920,2022-01-05T22:58:36,29.62085,-90.34938,4.7,211.5,212.0,SANDPIPER,,WDG2173,31,0,23,,,57,A
367512920,2022-01-05T22:26:25,29.64544,-90.31802,4.7,274.9,270.0,SANDPIPER,,WDG2173,31,0,23,,,57,A
367512920,2022-01-05T23:01:35,29.61756,-90.35181,4.7,216.2,212.0,SANDPIPER,,WDG2173,31,0,23,,,57,A
367512920,2022-01-05T23:03:56,29.61506,-90.35363,4.6,211.3,211.0,SANDPIPER,,WDG2173,31,0,23,,,57,A
367512920,2022-01-05T22:50:15,29.63010,-90.34289,4.6,208.6,208.0,SANDPIPER,,WDG2173,31,0,23,,,57,A
367512920,2022-01-05T22:41:37,29.63949,-90.33630,4.4,213.2,209.0,SANDPIPER,,WDG2173,31,0,23,,,57,A
367512920,2022-01-05T22:48:56,29.63153,-90.34189,4.7,213.6,209.0,SANDPIPER,,WDG2173,31,0,23,,,57,A
367512920,2022-01-05T22:52:56,29.62713,-90.34495,4.6,210.5,212.0,SANDPIPER,,WDG2173,31,0,23,,,57,A
367512920,2022-01-05T22:45:16,29.63556,-90.33903,4.7,213.5,212.0,SANDPIPER,,WDG2173,31,0,23,,,57,A
367512920,2022-01-05T22:51:37,29.62856,-90.34389,4.7,210.8,213.0,SANDPIPER,,WDG2173,31,0,23,,,57,A
367512920,2022-01-05T23:10:27,29.60772,-90.35868,4.8,209.8,213.0,SANDPIPER,,WDG2173,31,0,23,,,57,A
367512920,2022-01-05T23:09:16,29.60911,-90.35784,4.7,207.6,208.0,SANDPIPER,,WDG2173,31,0,23,,,57,A
367512920,2022-01-05T22:40:25,29.64070,-90.33532,4.4,214.3,212.0,SANDPIPER,,WDG2173,31,0,23,,,57,A
367512920,2022-01-05T23:18:05,29.59890,-90.36478,4.7,201.9,214.0,SANDPIPER,,WDG2173,31,0,23,,,57,A
367512920,2022-01-05T08:42:25,30.05188,-90.49721,8.7,79.2,88.0,SANDPIPER,,WDG2173,31,0,23,,,57,A
367512920,2022-01-05T22:59:45,29.61955,-90.35025,4.7,211.0,214.0,SANDPIPER,,WDG2173,31,0,23,,,57,A
367512920,2022-01-05T23:02:45,29.61635,-90.35274,4.5,208.8,211.0,SANDPIPER,,WDG2173,31,0,23,,,57,A
367512920,2022-01-05T22:54:06,29.62583,-90.34586,4.7,212.3,214.0,SANDPIPER,,WDG2173,31,0,23,,,57,A
367512920,2022-01-05T23:19:15,29.59763,-90.36573,4.8,211.3,213.0,SANDPIPER,,WDG2173,31,0,23,,,57,A
367512920,2022-01-05T22:56:16,29.62346,-90.34755,4.7,212.0,212.0,SANDPIPER,,WDG2173,31,0,23,,,57,A
367512920,2022-01-05T22:47:37,29.63301,-90.34084,4.7,210.8,211.0,SANDPIPER,,WDG2173,31,0,23,,,57,A
367512920,2022-01-05T08:48:07,30.05009,-90.48304,7.7,122.4,143.0,SANDPIPER,,WDG2173,31,0,23,,,57,A
367512920,2022-01-05T23:21:37,29.59489,-90.36771,5.0,212.7,213.0,SANDPIPER,,WDG2173,31,0,23,,,57,A
367512920,2022-01-05T23:30:07,29.58494,-90.37472,5.0,211.4,214.0,SANDPIPER,,WDG2173,31,0,23,,,57,A
367512920,2022-01-05T23:31:17,29.58358,-90.37571,4.9,213.5,213.0,SANDPIPER,,WDG2173,31,0,23,,,57,A
367512920,2022-01-05T23:26:37,29.58905,-90.37192,4.9,213.2,211.0,SANDPIPER,,WDG2173,31,0,23,,,57,A
367512920,2022-01-05T23:06:37,29.61211,-90.35577,4.7,213.4,210.0,SANDPIPER,,WDG2173,31,0,23,,,57,A
367512920,2022-01-05T08:50:26,30.04652,-90.47889,8.2,138.8,151.0,SANDPIPER,,WDG2173,31,0,23,,,57,A
367512920,2022-01-05T22:55:07,29.62473,-90.34671,4.6,211.1,210.0,SANDPIPER,,WDG2173,31,0,23,,,57,A
367512920,2022-01-05T23:28:55,29.58638,-90.37377,4.9,210.8,212.0,SANDPIPER,,WDG2173,31,0,23,,,57,A
367512920,2022-01-05T23:37:07,29.57687,-90.38061,4.9,212.5,212.0,SANDPIPER,,WDG2173,31,0,23,,,57,A
367512920,2022-01-05T23:14:15,29.60335,-90.36180,4.8,211.6,210.0,SANDPIPER,,WDG2173,31,0,23,,,57,A
367512920,2022-01-05T23:38:15,29.57557,-90.38156,4.9,213.8,210.0,SANDPIPER,,WDG2173,31,0,23,,,57,A
367512920,2022-01-05T23:12:55,29.60487,-90.36072,4.9,211.6,212.0,SANDPIPER,,WDG2173,31,0,23,,,57,A
367512920,2022-01-05T23:05:16,29.61359,-90.35469,4.7,212.7,211.0,SANDPIPER,,WDG2173,31,0,23,,,57,A
367512920,2022-01-05T23:35:56,29.57824,-90.37961,4.9,211.6,212.0,SANDPIPER,,WDG2173,31,0,23,,,57,A
367512920,2022-01-05T23:20:26,29.59627,-90.36672,4.9,213.4,212.0,SANDPIPER,,WDG2173,31,0,23,,,57,A
367512920,2022-01-05T23:08:07,29.61041,-90.35696,4.8,214.2,210.0,SANDPIPER,,WDG2173,31,0,23,,,57,A
367512920,2022-01-05T23:22:46,29.59356,-90.36870,5.0,213.2,212.0,SANDPIPER,,WDG2173,31,0,23,,,57,A
367512920,2022-01-05T23:47:55,29.56384,-90.38778,4.9,199.8,201.0,SANDPIPER,,WDG2173,31,0,23,,,57,A
367512920,2022-01-05T23:27:47,29.58770,-90.37284,4.9,210.8,212.0,SANDPIPER,,WDG2173,31,0,23,,,57,A
367512920,2022-01-05T23:15:46,29.60160,-90.36301,4.9,211.5,210.0,SANDPIPER,,WDG2173,31,0,23,,,57,A
367512920,2022-01-05T23:16:56,29.60023,-90.36388,4.9,210.6,213.0,SANDPIPER,,WDG2173,31,0,23,,,57,A
367512920,2022-01-05T23:33:36,29.58091,-90.37767,4.9,213.5,213.0,SANDPIPER,,WDG2173,31,0,23,,,57,A
367512920,2022-01-05T23:24:15,29.59182,-90.36994,5.0,211.7,212.0,SANDPIPER,,WDG2173,31,0,23,,,57,A
367512920,2022-01-05T23:54:45,29.55545,-90.39197,4.4,212.0,223.0,SANDPIPER,,WDG2173,31,0,23,,,57,A
367512920,2022-01-05T23:39:26,29.57420,-90.38254,4.9,211.8,208.0,SANDPIPER,,WDG2173,31,0,23,,,57,A
367512920,2022-01-05T23:25:26,29.59043,-90.37094,5.0,210.7,212.0,SANDPIPER,,WDG2173,31,0,23,,,57,A
367512920,2022-01-05T23:57:07,29.55320,-90.39423,4.6,230.7,236.0,SANDPIPER,,WDG2173,31,0,23,,,57,A
367512920,2022-01-05T23:40:37,29.57281,-90.38343,4.9,208.3,208.0,SANDPIPER,,WDG2173,31,0,23,,,57,A
367512920,2022-01-05T23:41:45,29.57147,-90.38431,4.8,210.2,203.0,SANDPIPER,,WDG2173,31,0,23,,,57,A
367512920,2022-01-05T09:04:17,30.01470,-90.47312,8.9,187.3,180.0,SANDPIPER,,WDG2173,31,0,23,,,57,A
367512920,2022-01-05T23:43:56,29.56882,-90.38556,4.7,203.1,201.0,SANDPIPER,,WDG2173,31,0,23,,,57,A
367512920,2022-01-05T23:45:07,29.56735,-90.38626,4.8,203.6,201.0,SANDPIPER,,WDG2173,31,0,23,,,57,A
367512920,2022-01-05T23:46:16,29.56593,-90.38691,4.8,199.5,201.0,SANDPIPER,,WDG2173,31,0,23,,,57,A
367512920,2022-01-05T09:07:40,30.00678,-90.47327,7.7,168.8,145.0,SANDPIPER,,WDG2173,31,0,23,,,57,A
367512920,2022-01-05T23:48:56,29.56255,-90.38832,4.8,203.3,203.0,SANDPIPER,,WDG2173,31,0,23,,,57,A
367512920,2022-01-05T23:51:17,29.55963,-90.38978,4.9,205.5,204.0,SANDPIPER,,WDG2173,31,0,23,,,57,A
367512920,2022-01-05T23:52:26,29.55820,-90.39052,4.9,205.6,206.0,SANDPIPER,,WDG2173,31,0,23,,,57,A
367512920,2022-01-05T23:55:56,29.55427,-90.39302,4.6,222.0,229.0,SANDPIPER,,WDG2173,31,0,23,,,57,A
367512920,2022-01-05T23:59:25,29.55142,-90.39688,4.5,235.3,253.0,SANDPIPER,,WDG2173,31,0,23,,,57,A
367512920,2022-01-05T23:50:07,29.56106,-90.38903,4.8,203.7,204.0,SANDPIPER,,WDG2173,31,0,23,,,57,A
367512920,2022-01-05T23:58:17,29.55224,-90.39557,4.7,230.4,242.0,SANDPIPER,,WDG2173,31,0,23,,,57,A
367512920,2022-01-05T09:26:26,29.99431,-90.42888,8.5,95.0,100.0,SANDPIPER,,WDG2173,31,0,23,,,57,A
367512920,2022-01-05T09:27:37,29.99397,-90.42566,8.5,98.8,103.0,SANDPIPER,,WDG2173,31,0,23,,,57,A
367512920,2022-01-05T09:29:55,29.99312,-90.41946,8.4,102.6,112.0,SANDPIPER,,WDG2173,31,0,23,,,57,A
367512920,2022-01-05T09:43:57,29.97112,-90.39617,8.7,170.4,171.0,SANDPIPER,,WDG2173,31,0,23,,,57,A
367512920,2022-01-05T09:55:26,29.94683,-90.38629,8.2,126.3,124.0,SANDPIPER,,WDG2173,31,0,23,,,57,A
367512920,2022-01-05T09:59:56,29.94133,-90.37580,8.6,114.6,112.0,SANDPIPER,,WDG2173,31,0,23,,,57,A
367512920,2022-01-05T10:04:36,29.93760,-90.36362,8.7,105.4,105.0,SANDPIPER,,WDG2173,31,0,23,,,57,A
367512920,2022-01-05T10:09:36,29.93465,-90.34994,8.7,104.2,99.0,SANDPIPER,,WDG2173,31,0,23,,,57,A
367512920,2022-01-05T10:11:46,29.93377,-90.34399,8.5,96.1,91.0,SANDPIPER,,WDG2173,31,0,23,,,57,A
367512920,2022-01-05T10:19:27,29.93537,-90.32330,8.2,68.7,57.0,SANDPIPER,,WDG2173,31,0,23,,,57,A
367512920,2022-01-05T10:20:37,29.93652,-90.32054,8.1,60.8,50.0,SANDPIPER,,WDG2173,31,0,23,,,57,A
367512920,2022-01-05T10:24:17,29.94207,-90.31308,8.5,43.3,42.0,SANDPIPER,,WDG2173,31,0,23,,,57,A
367512920,2022-01-05T10:38:27,29.96608,-90.28592,8.1,57.2,64.0,SANDPIPER,,WDG2173,31,0,23,,,57,A
367512920,2022-01-05T10:59:16,29.96260,-90.23372,8.4,127.2,136.0,SANDPIPER,,WDG2173,31,0,23,,,57,A
367512920,2022-01-05T11:05:07,29.95203,-90.22400,8.4,151.8,157.0,SANDPIPER,,WDG2173,31,0,23,,,57,A
367512920,2022-01-05T11:10:56,29.93876,-90.21900,8.8,167.7,168.0,SANDPIPER,,WDG2173,31,0,23,,,57,A
367512920,2022-01-05T11:15:26,29.92825,-90.21624,8.0,157.7,141.0,SANDPIPER,,WDG2173,31,0,23,,,57,A
367512920,2022-01-05T11:19:47,29.92226,-90.20878,7.4,110.7,86.0,SANDPIPER,,WDG2173,31,0,23,,,57,A
367512920,2022-01-05T11:22:06,29.92206,-90.20334,7.5,79.0,68.0,SANDPIPER,,WDG2173,31,0,23,,,57,A
367512920,2022-01-05T11:25:36,29.92468,-90.19510,8.0,62.0,55.0,SANDPIPER,,WDG2173,31,0,23,,,57,A
367512920,2022-01-05T11:36:06,29.93961,-90.17248,8.6,49.4,52.0,SANDPIPER,,WDG2173,31,0,23,,,57,A
367512920,2022-01-05T11:53:05,29.94940,-90.14069,7.4,167.4,176.0,SANDPIPER,,WDG2173,31,0,23,,,57,A
367512920,2022-01-05T12:07:47,29.91641,-90.13756,7.6,154.8,135.0,SANDPIPER,,WDG2173,31,0,23,,,57,A
367512920,2022-01-05T12:08:56,29.91434,-90.13610,7.5,143.9,121.0,SANDPIPER,,WDG2173,31,0,23,,,57,A
367512920,2022-01-05T12:10:06,29.91270,-90.13406,7.5,126.1,112.0,SANDPIPER,,WDG2173,31,0,23,,,57,A
367512920,2022-01-05T12:11:16,29.91146,-90.13164,7.6,117.6,106.0,SANDPIPER,,WDG2173,31,0,23,,,57,A
367512920,2022-01-05T12:12:26,29.91052,-90.12897,7.8,109.7,101.0,SANDPIPER,,WDG2173,31,0,23,,,57,A
367512920,2022-01-05T12:19:25,29.90845,-90.11109,8.3,89.2,85.0,SANDPIPER,,WDG2173,31,0,23,,,57,A
367512920,2022-01-05T12:21:46,29.90884,-90.10496,8.1,80.3,78.0,SANDPIPER,,WDG2173,31,0,23,,,57,A
367512920,2022-01-05T12:26:26,29.91204,-90.09168,10.3,70.7,71.0,SANDPIPER,,WDG2173,31,0,23,,,57,A
367512920,2022-01-05T12:36:56,29.92566,-90.06205,9.5,36.8,27.0,SANDPIPER,,WDG2173,31,0,23,,,57,A
367512920,2022-01-05T12:45:05,29.94595,-90.05796,8.6,349.2,353.0,SANDPIPER,,WDG2173,31,0,23,,,57,A
367512920,2022-01-05T13:05:55,29.94673,-90.01426,10.1,123.1,124.0,SANDPIPER,,WDG2173,31,0,23,,,57,A
367512920,2022-01-05T13:43:16,29.92035,-89.95574,0.3,75.6,251.0,SANDPIPER,,WDG2173,31,0,23,,,57,A
367512920,2022-01-05T13:48:57,29.92027,-89.95547,0.2,62.9,255.0,SANDPIPER,,WDG2173,31,0,23,,,57,A
367512920,2022-01-05T14:04:45,29.92040,-89.95508,0.1,179.3,252.0,SANDPIPER,,WDG2173,31,0,23,,,57,A
367512920,2022-01-05T14:32:07,29.92026,-89.95507,0.1,325.8,256.0,SANDPIPER,,WDG2173,31,0,23,,,57,A
367512920,2022-01-05T14:33:17,29.92026,-89.95506,0.0,200.7,257.0,SANDPIPER,,WDG2173,31,0,23,,,57,A
367512920,2022-01-05T14:38:56,29.92028,-89.95524,0.3,110.6,255.0,SANDPIPER,,WDG2173,31,0,23,,,57,A
367512920,2022-01-05T14:45:47,29.92043,-89.95521,0.1,238.6,250.0,SANDPIPER,,WDG2173,31,0,23,,,57,A
367512920,2022-01-05T15:07:06,29.92048,-89.95511,0.0,325.2,248.0,SANDPIPER,,WDG2173,31,0,23,,,57,A
367512920,2022-01-05T15:11:47,29.92061,-89.95511,1.2,31.3,244.0,SANDPIPER,,WDG2173,31,0,23,,,57,A
367512920,2022-01-05T15:12:50,29.92059,-89.95422,2.6,123.4,266.0,SANDPIPER,,WDG2173,31,0,23,,,57,A
367512920,2022-01-05T15:18:36,29.92095,-89.96180,3.9,267.0,260.0,SANDPIPER,,WDG2173,31,0,23,,,57,A
367512920,2022-01-05T15:25:36,29.91859,-89.96737,1.9,234.8,229.0,SANDPIPER,,WDG2173,31,0,23,,,57,A
367512920,2022-01-05T15:26:45,29.91819,-89.96788,1.9,223.7,229.0,SANDPIPER,,WDG2173,31,0,23,,,57,A
367512920,2022-01-05T15:49:07,29.91556,-89.97145,0.0,134.2,230.0,SANDPIPER,,WDG2173,31,0,23,,,57,A
367512920,2022-01-05T15:58:26,29.91557,-89.97145,0.0,31.1,231.0,SANDPIPER,,WDG2173,31,0,23,,,57,A
367512920,2022-01-05T16:00:26,29.91544,-89.97161,1.1,229.3,232.0,SANDPIPER,,WDG2173,31,0,23,,,57,A
367512920,2022-01-05T16:02:46,29.91469,-89.97268,2.2,230.0,231.0,SANDPIPER,,WDG2173,31,0,23,,,57,A
367512920,2022-01-05T16:05:06,29.91351,-89.97441,4.2,235.4,230.0,SANDPIPER,,WDG2173,31,0,23,,,57,A
367512920,2022-01-05T16:25:47,29.89422,-89.99582,4.9,207.7,206.0,SANDPIPER,,WDG2173,31,0,23,,,57,A
367512920,2022-01-05T16:26:56,29.89287,-89.99666,4.9,208.4,205.0,SANDPIPER,,WDG2173,31,0,23,,,57,A
367512920,2022-01-05T16:28:07,29.89146,-89.99752,4.7,207.0,204.0,SANDPIPER,,WDG2173,31,0,23,,,57,A
367512920,2022-01-05T16:33:07,29.88537,-90.00101,5.0,206.8,206.0,SANDPIPER,,WDG2173,31,0,23,,,57,A
367512920,2022-01-05T16:48:26,29.86611,-90.01238,5.0,207.2,204.0,SANDPIPER,,WDG2173,31,0,23,,,57,A
367512920,2022-01-05T16:59:06,29.85290,-90.02049,5.0,205.1,209.0,SANDPIPER,,WDG2173,31,0,23,,,57,A
367512920,2022-01-05T17:27:36,29.83118,-90.05170,3.5,232.8,234.0,SANDPIPER,,WDG2173,31,0,23,,,57,A
367512920,2022-01-05T17:37:57,29.83054,-90.05294,0.2,130.2,225.0,SANDPIPER,,WDG2173,31,0,23,,,57,A
367512920,2022-01-05T17:39:07,29.83050,-90.05290,0.2,130.1,226.0,SANDPIPER,,WDG2173,31,0,23,,,57,A
367512920,2022-01-05T17:47:16,29.83038,-90.05273,0.0,220.6,232.0,SANDPIPER,,WDG2173,31,0,23,,,57,A
367512920,2022-01-05T17:56:46,29.83002,-90.05361,4.2,236.9,238.0,SANDPIPER,,WDG2173,31,0,23,,,57,A
367512920,2022-01-05T17:59:06,29.82822,-90.05661,5.1,235.8,238.0,SANDPIPER,,WDG2173,31,0,23,,,57,A
367512920,2022-01-05T18:10:16,29.81770,-90.06883,5.1,197.8,192.0,SANDPIPER,,WDG2173,31,0,23,,,57,A
367512920,2022-01-05T18:13:37,29.81307,-90.07051,5.3,202.5,195.0,SANDPIPER,,WDG2173,31,0,23,,,57,A
367512920,2022-01-05T18:15:56,29.80993,-90.07154,5.0,188.6,182.0,SANDPIPER,,WDG2173,31,0,23,,,57,A
367512920,2022-01-05T18:20:26,29.80404,-90.07107,4.7,155.5,146.0,SANDPIPER,,WDG2173,31,0,23,,,57,A
367512920,2022-01-05T18:21:37,29.80267,-90.07017,5.0,147.7,146.0,SANDPIPER,,WDG2173,31,0,23,,,57,A
367512920,2022-01-05T18:27:17,29.79528,-90.06664,5.2,160.8,161.0,SANDPIPER,,WDG2173,31,0,23,,,57,A
367512920,2022-01-05T18:32:56,29.78743,-90.06384,4.8,177.1,184.0,SANDPIPER,,WDG2173,31,0,23,,,57,A
367512920,2022-01-05T18:47:46,29.77117,-90.07733,5.2,237.1,236.0,SANDPIPER,,WDG2173,31,0,23,,,57,A
367512920,2022-01-05T19:22:26,29.76163,-90.10813,2.7,271.4,268.0,SANDPIPER,,WDG2173,31,0,23,,,57,A
367512920,2022-01-05T19:24:45,29.76166,-90.11007,2.6,271.7,265.0,SANDPIPER,,WDG2173,31,0,23,,,57,A
367512920,2022-01-05T19:48:37,29.75476,-90.13402,4.6,222.5,212.0,SANDPIPER,,WDG2173,31,0,23,,,57,A
367512920,2022-01-05T20:14:25,29.72535,-90.15390,6.1,219.6,219.0,SANDPIPER,,WDG2173,31,0,23,,,57,A
367512920,2022-01-05T20:27:15,29.71088,-90.16661,5.2,217.0,217.0,SANDPIPER,,WDG2173,31,0,23,,,57,A
367512920,2022-01-05T20:45:47,29.68965,-90.18529,5.1,217.8,216.0,SANDPIPER,,WDG2173,31,0,23,,,57,A
367512920,2022-01-05T20:55:07,29.67947,-90.19428,4.5,222.4,220.0,SANDPIPER,,WDG2173,31,0,23,,,57,A
367512920,2022-01-05T21:33:06,29.65398,-90.23941,4.8,257.3,258.0,SANDPIPER,,WDG2173,31,0,23,,,57,A
367512920,2022-01-05T21:42:36,29.65120,-90.25340,4.7,258.2,256.0,SANDPIPER,,WDG2173,31,0,23,,,57,A
367512920,2022-01-05T21:43:57,29.65081,-90.25535,4.7,257.8,255.0,SANDPIPER,,WDG2173,31,0,23,,,57,A
367512920,2022-01-05T21:47:17,29.64972,-90.26018,4.7,256.8,256.0,SANDPIPER,,WDG2173,31,0,23,,,57,A
367512920,2022-01-05T21:53:16,29.64780,-90.26902,4.8,257.0,256.0,SANDPIPER,,WDG2173,31,0,23,,,57,A
367512920,2022-01-05T21:56:45,29.64670,-90.27424,4.8,257.7,263.0,SANDPIPER,,WDG2173,31,0,23,,,57,A
367512920,2022-01-05T22:02:36,29.64616,-90.28322,4.9,270.1,269.0,SANDPIPER,,WDG2173,31,0,23,,,57,A
367512920,2022-01-05T22:13:26,29.64588,-90.29938,4.6,267.5,268.0,SANDPIPER,,WDG2173,31,0,23,,,57,A
367512920,2022-01-05T22:37:55,29.64306,-90.33329,4.1,228.7,211.0,SANDPIPER,,WDG2173,31,0,23,,,57,A
367512920,2022-01-05T23:11:37,29.60638,-90.35963,4.9,211.5,213.0,SANDPIPER,,WDG2173,31,0,23,,,57,A
367512920,2022-01-05T23:32:27,29.58223,-90.37668,4.9,212.4,214.0,SANDPIPER,,WDG2173,31,0,23,,,57,A
367512920,2022-01-05T23:34:55,29.57939,-90.37879,4.9,211.6,212.0,SANDPIPER,,WDG2173,31,0,23,,,57,A
367512920,2022-01-05T23:42:46,29.57026,-90.38493,4.7,202.4,201.0,SANDPIPER,,WDG2173,31,0,23,,,57,A
367512920,2022-01-05T23:53:36,29.55675,-90.39127,4.8,200.5,211.0,SANDPIPER,,WDG2173,31,0,23,,,57,A
367512920,2022-01-06T00:00:17,29.55095,-90.39795,4.3,243.8,259.0,SANDPIPER,,WDG2173,31,0,23,,,57,A
367512920,2022-01-06T00:01:25,29.55045,-90.39939,4.2,254.5,273.0,SANDPIPER,,WDG2173,31,0,23,,,57,A
367512920,2022-01-06T00:02:36,29.55034,-90.40096,4.4,272.0,278.0,SANDPIPER,,WDG2173,31,0,23,,,57,A
367512920,2022-01-06T00:03:45,29.55047,-90.40264,4.7,278.2,280.0,SANDPIPER,,WDG2173,31,0,23,,,57,A
367512920,2022-01-06T00:04:46,29.55067,-90.40412,4.7,279.7,279.0,SANDPIPER,,WDG2173,31,0,23,,,57,A
367512920,2022-01-06T00:05:56,29.55095,-90.40590,4.8,280.5,280.0,SANDPIPER,,WDG2173,31,0,23,,,57,A
367512920,2022-01-06T00:07:05,29.55117,-90.40765,4.9,279.0,280.0,SANDPIPER,,WDG2173,31,0,23,,,57,A
367512920,2022-01-06T00:08:26,29.55149,-90.40973,5.0,279.5,279.0,SANDPIPER,,WDG2173,31,0,23,,,57,A
367512920,2022-01-06T00:09:37,29.55179,-90.41157,4.9,279.6,279.0,SANDPIPER,,WDG2173,31,0,23,,,57,A
367512920,2022-01-06T00:10:45,29.55204,-90.41332,4.9,280.4,278.0,SANDPIPER,,WDG2173,31,0,23,,,57,A
367512920,2022-01-06T00:14:26,29.55286,-90.41899,4.9,277.4,279.0,SANDPIPER,,WDG2173,31,0,23,,,57,A
367512920,2022-01-06T00:17:26,29.55361,-90.42359,4.9,282.9,281.0,SANDPIPER,,WDG2173,31,0,23,,,57,A
367512920,2022-01-06T00:15:36,29.55313,-90.42078,4.9,280.1,281.0,SANDPIPER,,WDG2173,31,0,23,,,57,A
367512920,2022-01-06T00:12:05,29.55235,-90.41536,4.9,280.6,279.0,SANDPIPER,,WDG2173,31,0,23,,,57,A
367512920,2022-01-06T00:13:17,29.55264,-90.41721,4.9,278.6,279.0,SANDPIPER,,WDG2173,31,0,23,,,57,A
367512920,2022-01-06T00:21:26,29.55469,-90.42975,4.9,280.9,278.0,SANDPIPER,,WDG2173,31,0,23,,,57,A
367512920,2022-01-06T00:19:56,29.55433,-90.42742,5.1,281.3,278.0,SANDPIPER,,WDG2173,31,0,23,,,57,A
367512920,2022-01-06T00:18:36,29.55393,-90.42536,4.9,282.3,280.0,SANDPIPER,,WDG2173,31,0,23,,,57,A
367512920,2022-01-06T00:22:36,29.55497,-90.43153,4.9,280.9,277.0,SANDPIPER,,WDG2173,31,0,23,,,57,A
367512920,2022-01-06T00:23:46,29.55524,-90.43331,4.8,278.0,275.0,SANDPIPER,,WDG2173,31,0,23,,,57,A
367512920,2022-01-06T00:24:56,29.55543,-90.43507,4.8,280.1,276.0,SANDPIPER,,WDG2173,31,0,23,,,57,A
367512920,2022-01-06T00:27:17,29.55586,-90.43874,5.0,278.4,277.0,SANDPIPER,,WDG2173,31,0,23,,,57,A
367512920,2022-01-06T00:26:06,29.55564,-90.43687,5.0,278.5,276.0,SANDPIPER,,WDG2173,31,0,23,,,57,A
367512920,2022-01-06T00:29:37,29.55628,-90.44240,5.0,279.9,281.0,SANDPIPER,,WDG2173,31,0,23,,,57,A
367512920,2022-01-06T00:30:56,29.55664,-90.44442,5.0,284.0,279.0,SANDPIPER,,WDG2173,31,0,23,,,57,A
367512920,2022-01-06T00:35:36,29.55755,-90.45168,4.9,275.1,276.0,SANDPIPER,,WDG2173,31,0,23,,,57,A
367512920,2022-01-06T00:28:27,29.55605,-90.44057,5.0,277.4,278.0,SANDPIPER,,WDG2173,31,0,23,,,57,A
367512920,2022-01-06T00:34:26,29.55738,-90.44988,4.9,278.6,276.0,SANDPIPER,,WDG2173,31,0,23,,,57,A
367512920,2022-01-06T00:32:07,29.55691,-90.44628,4.9,277.9,278.0,SANDPIPER,,WDG2173,31,0,23,,,57,A
367512920,2022-01-06T00:33:17,29.55712,-90.44809,4.9,274.3,278.0,SANDPIPER,,WDG2173,31,0,23,,,57,A
367512920,2022-01-06T00:36:46,29.55772,-90.45348,4.9,274.0,274.0,SANDPIPER,,WDG2173,31,0,23,,,57,A
367512920,2022-01-06T00:37:56,29.55784,-90.45529,4.9,274.5,274.0,SANDPIPER,,WDG2173,31,0,23,,,57,A
367512920,2022-01-06T00:39:07,29.55795,-90.45709,4.9,273.8,273.0,SANDPIPER,,WDG2173,31,0,23,,,57,A
367512920,2022-01-06T00:43:46,29.55835,-90.46429,4.8,273.7,273.0,SANDPIPER,,WDG2173,31,0,23,,,57,A
367512920,2022-01-06T00:42:36,29.55822,-90.46253,4.9,275.0,276.0,SANDPIPER,,WDG2173,31,0,23,,,57,A
367512920,2022-01-06T00:44:56,29.55842,-90.46613,4.9,272.2,273.0,SANDPIPER,,WDG2173,31,0,23,,,57,A
367512920,2022-01-06T00:40:16,29.55804,-90.45891,5.0,271.2,275.0,SANDPIPER,,WDG2173,31,0,23,,,57,A
367512920,2022-01-06T00:50:07,29.55871,-90.47409,4.8,273.3,271.0,SANDPIPER,,WDG2173,31,0,23,,,57,A
367512920,2022-01-06T00:41:27,29.55816,-90.46077,4.9,274.4,273.0,SANDPIPER,,WDG2173,31,0,23,,,57,A
367512920,2022-01-06T00:51:15,29.55874,-90.47587,4.9,270.5,272.0,SANDPIPER,,WDG2173,31,0,23,,,57,A
367512920,2022-01-06T00:48:56,29.55864,-90.47229,4.9,273.0,271.0,SANDPIPER,,WDG2173,31,0,23,,,57,A
367512920,2022-01-06T00:46:27,29.55848,-90.46845,4.9,271.5,273.0,SANDPIPER,,WDG2173,31,0,23,,,57,A
367512920,2022-01-06T00:55:16,29.55896,-90.48220,5.0,271.8,273.0,SANDPIPER,,WDG2173,31,0,23,,,57,A
367512920,2022-01-06T00:47:35,29.55859,-90.47022,4.8,274.4,271.0,SANDPIPER,,WDG2173,31,0,23,,,57,A
367512920,2022-01-06T00:52:27,29.55882,-90.47772,4.9,271.6,272.0,SANDPIPER,,WDG2173,31,0,23,,,57,A
367512920,2022-01-06T00:58:55,29.55920,-90.48790,4.9,272.7,272.0,SANDPIPER,,WDG2173,31,0,23,,,57,A
367512920,2022-01-06T00:53:35,29.55888,-90.47953,5.0,271.6,272.0,SANDPIPER,,WDG2173,31,0,23,,,57,A
367512920,2022-01-06T01:00:15,29.55929,-90.48999,5.0,272.1,271.0,SANDPIPER,,WDG2173,31,0,23,,,57,A
367512920,2022-01-06T00:57:45,29.55916,-90.48607,4.9,273.9,270.0,SANDPIPER,,WDG2173,31,0,23,,,57,A
367512920,2022-01-06T01:01:16,29.55935,-90.49157,5.0,273.0,271.0,SANDPIPER,,WDG2173,31,0,23,,,57,A
367512920,2022-01-06T01:03:26,29.55943,-90.49495,4.9,270.0,271.0,SANDPIPER,,WDG2173,31,0,23,,,57,A
367512920,2022-01-06T01:02:25,29.55941,-90.49338,4.9,271.5,271.0,SANDPIPER,,WDG2173,31,0,23,,,57,A
367512920,2022-01-06T01:05:45,29.55955,-90.49861,5.0,273.3,274.0,SANDPIPER,,WDG2173,31,0,23,,,57,A
367512920,2022-01-06T00:56:26,29.55904,-90.48399,4.9,273.7,272.0,SANDPIPER,,WDG2173,31,0,23,,,57,A
367512920,2022-01-06T01:04:35,29.55944,-90.49677,4.9,272.2,273.0,SANDPIPER,,WDG2173,31,0,23,,,57,A
367512920,2022-01-06T01:10:07,29.56000,-90.50542,4.9,272.6,274.0,SANDPIPER,,WDG2173,31,0,23,,,57,A
367512920,2022-01-06T01:11:15,29.56013,-90.50718,4.8,274.9,274.0,SANDPIPER,,WDG2173,31,0,23,,,57,A
367512920,2022-01-06T01:06:46,29.55966,-90.50019,5.0,273.9,273.0,SANDPIPER,,WDG2173,31,0,23,,,57,A
367512920,2022-01-06T01:17:07,29.56041,-90.51570,4.8,270.1,269.0,SANDPIPER,,WDG2173,31,0,23,,,57,A
367512920,2022-01-06T01:18:16,29.56041,-90.51747,4.9,270.0,269.0,SANDPIPER,,WDG2173,31,0,23,,,57,A
367512920,2022-01-06T01:14:47,29.56043,-90.51228,4.3,266.8,269.0,SANDPIPER,,WDG2173,31,0,23,,,57,A
367512920,2022-01-06T01:21:46,29.56041,-90.52302,5.0,270.7,271.0,SANDPIPER,,WDG2173,31,0,23,,,57,A
367512920,2022-01-06T01:28:46,29.56088,-90.53407,5.0,275.2,272.0,SANDPIPER,,WDG2173,31,0,23,,,57,A
367512920,2022-01-06T01:26:25,29.56071,-90.53035,5.0,272.9,272.0,SANDPIPER,,WDG2173,31,0,23,,,57,A
367512920,2022-01-06T01:29:56,29.56103,-90.53593,5.0,272.3,271.0,SANDPIPER,,WDG2173,31,0,23,,,57,A
367512920,2022-01-06T01:31:06,29.56109,-90.53778,4.9,271.0,272.0,SANDPIPER,,WDG2173,31,0,23,,,57,A
367512920,2022-01-06T01:22:55,29.56045,-90.52484,5.0,271.7,273.0,SANDPIPER,,WDG2173,31,0,23,,,57,A
367512920,2022-01-06T01:07:55,29.55978,-90.50201,5.0,275.4,274.0,SANDPIPER,,WDG2173,31,0,23,,,57,A
367512920,2022-01-06T01:08:56,29.55990,-90.50357,4.9,275.2,274.0,SANDPIPER,,WDG2173,31,0,23,,,57,A
367512920,2022-01-06T01:23:56,29.56055,-90.52642,5.0,274.2,272.0,SANDPIPER,,WDG2173,31,0,23,,,57,A
367512920,2022-01-06T01:12:27,29.56028,-90.50898,4.7,275.4,273.0,SANDPIPER,,WDG2173,31,0,23,,,57,A
367512920,2022-01-06T01:25:16,29.56064,-90.52854,5.0,273.9,272.0,SANDPIPER,,WDG2173,31,0,23,,,57,A
367512920,2022-01-06T01:36:46,29.56144,-90.54662,5.0,272.3,275.0,SANDPIPER,,WDG2173,31,0,23,,,57,A
367512920,2022-01-06T01:39:06,29.56162,-90.55030,4.9,275.0,278.0,SANDPIPER,,WDG2173,31,0,23,,,57,A
367512920,2022-01-06T01:27:36,29.56078,-90.53223,5.0,271.3,273.0,SANDPIPER,,WDG2173,31,0,23,,,57,A
367512920,2022-01-06T01:13:37,29.56039,-90.51066,4.5,274.2,271.0,SANDPIPER,,WDG2173,31,0,23,,,57,A
367512920,2022-01-06T01:41:26,29.56194,-90.55373,4.1,291.8,296.0,SANDPIPER,,WDG2173,31,0,23,,,57,A
367512920,2022-01-06T01:15:56,29.56041,-90.51393,4.6,268.2,270.0,SANDPIPER,,WDG2173,31,0,23,,,57,A
367512920,2022-01-06T01:32:15,29.56119,-90.53957,4.9,273.7,271.0,SANDPIPER,,WDG2173,31,0,23,,,57,A
367512920,2022-01-06T01:19:25,29.56038,-90.51928,5.0,267.4,270.0,SANDPIPER,,WDG2173,31,0,23,,,57,A
367512920,2022-01-06T01:20:36,29.56037,-90.52116,5.0,270.5,271.0,SANDPIPER,,WDG2173,31,0,23,,,57,A
367512920,2022-01-06T01:40:16,29.56177,-90.55211,4.8,273.5,284.0,SANDPIPER,,WDG2173,31,0,23,,,57,A
367512920,2022-01-06T01:42:46,29.56262,-90.55545,4.7,296.8,298.0,SANDPIPER,,WDG2173,31,0,23,,,57,A
367512920,2022-01-06T01:52:45,29.56904,-90.56925,4.9,296.1,297.0,SANDPIPER,,WDG2173,31,0,23,,,57,A
367512920,2022-01-06T01:53:46,29.56968,-90.57063,4.9,299.1,298.0,SANDPIPER,,WDG2173,31,0,23,,,57,A
367512920,2022-01-06T01:44:07,29.56344,-90.55728,4.8,298.4,297.0,SANDPIPER,,WDG2173,31,0,23,,,57,A
367512920,2022-01-06T01:45:16,29.56415,-90.55886,4.9,296.0,299.0,SANDPIPER,,WDG2173,31,0,23,,,57,A
367512920,2022-01-06T01:49:07,29.56666,-90.56415,5.0,297.9,298.0,SANDPIPER,,WDG2173,31,0,23,,,57,A
367512920,2022-01-06T01:47:56,29.56588,-90.56253,4.9,297.1,298.0,SANDPIPER,,WDG2173,31,0,23,,,57,A
367512920,2022-01-06T01:34:36,29.56133,-90.54322,4.9,274.5,272.0,SANDPIPER,,WDG2173,31,0,23,,,57,A
367512920,2022-01-06T01:35:37,29.56139,-90.54480,4.9,267.0,274.0,SANDPIPER,,WDG2173,31,0,23,,,57,A
367512920,2022-01-06T02:01:37,29.57478,-90.58156,4.9,296.1,299.0,SANDPIPER,,WDG2173,31,0,23,,,57,A
367512920,2022-01-06T01:50:16,29.56742,-90.56576,5.0,299.1,298.0,SANDPIPER,,WDG2173,31,0,23,,,57,A
367512920,2022-01-06T02:02:47,29.57559,-90.58317,4.9,300.5,296.0,SANDPIPER,,WDG2173,31,0,23,,,57,A
367512920,2022-01-06T01:37:56,29.56155,-90.54847,5.0,273.7,275.0,SANDPIPER,,WDG2173,31,0,23,,,57,A
367512920,2022-01-06T01:33:25,29.56123,-90.54138,4.9,272.0,273.0,SANDPIPER,,WDG2173,31,0,23,,,57,A
367512920,2022-01-06T02:05:05,29.57697,-90.58627,4.6,298.5,287.0,SANDPIPER,,WDG2173,31,0,23,,,57,A
367512920,2022-01-06T02:06:07,29.57750,-90.58755,4.3,291.3,278.0,SANDPIPER,,WDG2173,31,0,23,,,57,A
367512920,2022-01-06T01:56:06,29.57118,-90.57393,5.0,297.6,298.0,SANDPIPER,,WDG2173,31,0,23,,,57,A
367512920,2022-01-06T02:08:47,29.57787,-90.59107,4.4,265.7,262.0,SANDPIPER,,WDG2173,31,0,23,,,57,A
367512920,2022-01-06T01:59:27,29.57337,-90.57860,5.0,298.6,299.0,SANDPIPER,,WDG2173,31,0,23,,,57,A
367512920,2022-01-06T02:09:56,29.57769,-90.59275,4.7,266.3,263.0,SANDPIPER,,WDG2173,31,0,23,,,57,A
367512920,2022-01-06T02:00:27,29.57403,-90.57997,5.0,298.7,298.0,SANDPIPER,,WDG2173,31,0,23,,,57,A
367512920,2022-01-06T02:12:15,29.57730,-90.59615,4.6,258.0,260.0,SANDPIPER,,WDG2173,31,0,23,,,57,A
367512920,2022-01-06T02:14:26,29.57680,-90.59942,5.0,263.4,264.0,SANDPIPER,,WDG2173,31,0,23,,,57,A
367512920,2022-01-06T01:46:36,29.56501,-90.56070,4.9,299.5,298.0,SANDPIPER,,WDG2173,31,0,23,,,57,A
367512920,2022-01-06T02:15:45,29.57658,-90.60150,4.9,265.0,265.0,SANDPIPER,,WDG2173,31,0,23,,,57,A
367512920,2022-01-06T02:03:56,29.57633,-90.58472,4.8,296.6,292.0,SANDPIPER,,WDG2173,31,0,23,,,57,A
367512920,2022-01-06T01:51:37,29.56831,-90.56765,5.0,297.5,297.0,SANDPIPER,,WDG2173,31,0,23,,,57,A
367512920,2022-01-06T01:54:56,29.57044,-90.57229,5.0,296.4,298.0,SANDPIPER,,WDG2173,31,0,23,,,57,A
367512920,2022-01-06T02:13:17,29.57704,-90.59766,4.8,257.7,263.0,SANDPIPER,,WDG2173,31,0,23,,,57,A
367512920,2022-01-06T01:57:17,29.57195,-90.57558,5.0,298.4,298.0,SANDPIPER,,WDG2173,31,0,23,,,57,A
367512920,2022-01-06T02:11:07,29.57754,-90.59453,4.7,264.7,261.0,SANDPIPER,,WDG2173,31,0,23,,,57,A
367512920,2022-01-06T02:17:56,29.57629,-90.60490,4.9,264.1,264.0,SANDPIPER,,WDG2173,31,0,23,,,57,A
367512920,2022-01-06T02:29:16,29.57754,-90.62172,4.8,300.7,305.0,SANDPIPER,,WDG2173,31,0,23,,,57,A
367512920,2022-01-06T02:20:16,29.57597,-90.60852,5.0,262.7,264.0,SANDPIPER,,WDG2173,31,0,23,,,57,A
367512920,2022-01-06T02:30:45,29.57866,-90.62364,4.9,305.4,306.0,SANDPIPER,,WDG2173,31,0,23,,,57,A
367512920,2022-01-06T02:22:36,29.57562,-90.61214,4.8,271.2,277.0,SANDPIPER,,WDG2173,31,0,23,,,57,A
367512920,2022-01-06T02:31:55,29.57957,-90.62515,5.0,303.4,305.0,SANDPIPER,,WDG2173,31,0,23,,,57,A
367512920,2022-01-06T02:36:26,29.58310,-90.63112,5.0,304.1,305.0,SANDPIPER,,WDG2173,31,0,23,,,57,A
367512920,2022-01-06T02:35:17,29.58219,-90.62963,5.0,303.8,306.0,SANDPIPER,,WDG2173,31,0,23,,,57,A
367512920,2022-01-06T02:37:27,29.58385,-90.63245,5.0,304.8,306.0,SANDPIPER,,WDG2173,31,0,23,,,57,A
367512920,2022-01-06T02:34:07,29.58130,-90.62807,5.0,305.2,305.0,SANDPIPER,,WDG2173,31,0,23,,,57,A
367512920,2022-01-06T02:28:07,29.57684,-90.62025,4.6,296.6,302.0,SANDPIPER,,WDG2173,31,0,23,,,57,A
367512920,2022-01-06T02:07:27,29.57792,-90.58924,4.1,274.2,266.0,SANDPIPER,,WDG2173,31,0,23,,,57,A
367512920,2022-01-06T01:58:26,29.57269,-90.57716,5.0,298.8,298.0,SANDPIPER,,WDG2173,31,0,23,,,57,A
367512920,2022-01-06T02:25:46,29.57603,-90.61700,4.8,272.2,286.0,SANDPIPER,,WDG2173,31,0,23,,,57,A
367512920,2022-01-06T02:26:56,29.57628,-90.61866,4.5,284.1,297.0,SANDPIPER,,WDG2173,31,0,23,,,57,A
367512920,2022-01-06T02:41:27,29.58697,-90.63767,4.9,303.4,305.0,SANDPIPER,,WDG2173,31,0,23,,,57,A
367512920,2022-01-06T02:49:36,29.59302,-90.64830,5.0,302.8,306.0,SANDPIPER,,WDG2173,31,0,23,,,57,A
367512920,2022-01-06T02:46:06,29.59049,-90.64365,4.8,304.0,303.0,SANDPIPER,,WDG2173,31,0,23,,,57,A
367512920,2022-01-06T02:40:26,29.58620,-90.63637,5.0,303.3,306.0,SANDPIPER,,WDG2173,31,0,23,,,57,A
367512920,2022-01-06T02:50:37,29.59377,-90.64961,4.9,301.3,308.0,SANDPIPER,,WDG2173,31,0,23,,,57,A
367512920,2022-01-06T02:38:47,29.58488,-90.63418,5.0,303.6,306.0,SANDPIPER,,WDG2173,31,0,23,,,57,A
367512920,2022-01-06T02:32:56,29.58035,-90.62648,5.0,306.0,305.0,SANDPIPER,,WDG2173,31,0,23,,,57,A
367512920,2022-01-06T02:16:46,29.57644,-90.60305,4.9,264.4,265.0,SANDPIPER,,WDG2173,31,0,23,,,57,A
367512920,2022-01-06T02:19:07,29.57612,-90.60674,5.0,264.6,264.0,SANDPIPER,,WDG2173,31,0,23,,,57,A
367512920,2022-01-06T02:42:36,29.58787,-90.63918,4.9,304.8,305.0,SANDPIPER,,WDG2173,31,0,23,,,57,A
367512920,2022-01-06T02:44:57,29.58969,-90.64216,4.8,305.0,302.0,SANDPIPER,,WDG2173,31,0,23,,,57,A
367512920,2022-01-06T02:48:26,29.59216,-90.64677,4.9,302.2,306.0,SANDPIPER,,WDG2173,31,0,23,,,57,A
367512920,2022-01-06T02:23:37,29.57576,-90.61368,4.9,276.8,277.0,SANDPIPER,,WDG2173,31,0,23,,,57,A
367512920,2022-01-06T02:47:16,29.59130,-90.64521,4.9,298.6,304.0,SANDPIPER,,WDG2173,31,0,23,,,57,A
367512920,2022-01-06T02:52:57,29.59561,-90.65255,4.8,304.7,298.0,SANDPIPER,,WDG2173,31,0,23,,,57,A
367512920,2022-01-06T02:51:46,29.59470,-90.65107,4.9,304.9,304.0,SANDPIPER,,WDG2173,31,0,23,,,57,A
367512920,2022-01-06T02:43:45,29.58876,-90.64067,4.9,303.9,304.0,SANDPIPER,,WDG2173,31,0,23,,,57,A
367512920,2022-01-06T02:56:36,29.59762,-90.65741,4.7,287.3,282.0,SANDPIPER,,WDG2173,31,0,23,,,57,A
367512920,2022-01-06T03:07:57,29.60171,-90.67387,4.9,290.2,289.0,SANDPIPER,,WDG2173,31,0,23,,,57,A
367512920,2022-01-06T03:10:26,29.60286,-90.67749,4.9,286.8,291.0,SANDPIPER,,WDG2173,31,0,23,,,57,A
367512920,2022-01-06T03:15:06,29.60559,-90.68374,4.8,306.4,306.0,SANDPIPER,,WDG2173,31,0,23,,,57,A
367512920,2022-01-06T02:21:25,29.57571,-90.61034,4.9,261.9,271.0,SANDPIPER,,WDG2173,31,0,23,,,57,A
367512920,2022-01-06T03:11:37,29.60338,-90.67919,4.8,292.5,295.0,SANDPIPER,,WDG2173,31,0,23,,,57,A
367512920,2022-01-06T03:18:36,29.60832,-90.68817,4.9,306.8,308.0,SANDPIPER,,WDG2173,31,0,23,,,57,A
367512920,2022-01-06T02:24:45,29.57591,-90.61544,4.9,277.6,280.0,SANDPIPER,,WDG2173,31,0,23,,,57,A
367512920,2022-01-06T03:22:06,29.61108,-90.69258,4.9,302.8,303.0,SANDPIPER,,WDG2173,31,0,23,,,57,A
367512920,2022-01-06T03:16:16,29.60646,-90.68519,4.9,305.7,307.0,SANDPIPER,,WDG2173,31,0,23,,,57,A
367512920,2022-01-06T03:04:16,29.59991,-90.66854,4.7,287.3,290.0,SANDPIPER,,WDG2173,31,0,23,,,57,A
367512920,2022-01-06T03:20:56,29.61020,-90.69112,4.9,304.5,305.0,SANDPIPER,,WDG2173,31,0,23,,,57,A
367512920,2022-01-06T03:05:36,29.60050,-90.67047,4.9,291.4,292.0,SANDPIPER,,WDG2173,31,0,23,,,57,A
367512920,2022-01-06T03:06:47,29.60107,-90.67212,4.9,292.5,289.0,SANDPIPER,,WDG2173,31,0,23,,,57,A
367512920,2022-01-06T03:25:36,29.61350,-90.69688,4.3,292.0,275.0,SANDPIPER,,WDG2173,31,0,23,,,57,A
367512920,2022-01-06T03:30:16,29.61327,-90.70315,4.4,254.0,237.0,SANDPIPER,,WDG2173,31,0,23,,,57,A
367512920,2022-01-06T03:39:17,29.60482,-90.70936,4.6,188.5,188.0,SANDPIPER,,WDG2173,31,0,23,,,57,A
367512920,2022-01-06T03:33:36,29.61110,-90.70671,4.1,218.0,208.0,SANDPIPER,,WDG2173,31,0,23,,,57,A
367512920,2022-01-06T03:17:26,29.60740,-90.68668,4.9,307.0,306.0,SANDPIPER,,WDG2173,31,0,23,,,57,A
367512920,2022-01-06T03:34:46,29.60999,-90.70763,4.3,216.1,202.0,SANDPIPER,,WDG2173,31,0,23,,,57,A
367512920,2022-01-06T03:41:37,29.60187,-90.70984,4.5,185.6,188.0,SANDPIPER,,WDG2173,31,0,23,,,57,A
367512920,2022-01-06T03:27:55,29.61382,-90.69993,4.3,265.9,257.0,SANDPIPER,,WDG2173,31,0,23,,,57,A
367512920,2022-01-06T03:37:07,29.60743,-90.70891,4.3,196.8,188.0,SANDPIPER,,WDG2173,31,0,23,,,57,A
367512920,2022-01-06T03:43:57,29.59903,-90.71037,4.5,189.7,185.0,SANDPIPER,,WDG2173,31,0,23,,,57,A
367512920,2022-01-06T03:42:56,29.60022,-90.71015,4.4,190.6,186.0,SANDPIPER,,WDG2173,31,0,23,,,57,A
367512920,2022-01-06T03:24:26,29.61287,-90.69541,4.5,303.2,287.0,SANDPIPER,,WDG2173,31,0,23,,,57,A
367512920,2022-01-06T03:45:05,29.59759,-90.71053,4.4,180.6,185.0,SANDPIPER,,WDG2173,31,0,23,,,57,A
367512920,2022-01-06T03:26:45,29.61380,-90.69837,4.1,270.2,265.0,SANDPIPER,,WDG2173,31,0,23,,,57,A
367512920,2022-01-06T03:35:56,29.60877,-90.70834,4.1,197.9,195.0,SANDPIPER,,WDG2173,31,0,23,,,57,A
367512920,2022-01-06T03:29:07,29.61360,-90.70156,4.4,260.4,249.0,SANDPIPER,,WDG2173,31,0,23,,,57,A
367512920,2022-01-06T03:52:16,29.58959,-90.71241,4.3,204.7,204.0,SANDPIPER,,WDG2173,31,0,23,,,57,A
367512920,2022-01-06T03:55:16,29.58630,-90.71415,4.4,205.4,204.0,SANDPIPER,,WDG2173,31,0,23,,,57,A
367512920,2022-01-06T03:51:07,29.59084,-90.71181,4.3,202.8,203.0,SANDPIPER,,WDG2173,31,0,23,,,57,A
367512920,2022-01-06T03:31:26,29.61268,-90.70456,4.3,235.0,228.0,SANDPIPER,,WDG2173,31,0,23,,,57,A
367512920,2022-01-06T03:59:27,29.58180,-90.71679,4.1,215.8,195.0,SANDPIPER,,WDG2173,31,0,23,,,57,A
367512920,2022-01-06T03:46:17,29.59611,-90.71065,4.6,186.8,187.0,SANDPIPER,,WDG2173,31,0,23,,,57,A
367512920,2022-01-06T03:56:46,29.58462,-90.71500,4.4,202.1,205.0,SANDPIPER,,WDG2173,31,0,23,,,57,A
367512920,2022-01-06T03:58:07,29.58318,-90.71584,4.4,203.6,205.0,SANDPIPER,,WDG2173,31,0,23,,,57,A
367512920,2022-01-06T02:54:06,29.59640,-90.65400,4.7,297.7,292.0,SANDPIPER,,WDG2173,31,0,23,,,57,A
367512920,2022-01-06T04:07:45,29.57359,-90.71728,3.1,163.6,193.0,SANDPIPER,,WDG2173,31,0,23,,,57,A
367512920,2022-01-06T02:55:25,29.59712,-90.65576,4.7,292.6,285.0,SANDPIPER,,WDG2173,31,0,23,,,57,A
367512920,2022-01-06T04:11:07,29.57061,-90.71863,4.0,221.0,223.0,SANDPIPER,,WDG2173,31,0,23,,,57,A
367512920,2022-01-06T04:04:16,29.57701,-90.71803,3.8,181.3,170.0,SANDPIPER,,WDG2173,31,0,23,,,57,A
367512920,2022-01-06T04:05:26,29.57579,-90.71771,3.8,169.9,175.0,SANDPIPER,,WDG2173,31,0,23,,,57,A
367512920,2022-01-06T02:57:46,29.59800,-90.65905,4.7,283.4,282.0,SANDPIPER,,WDG2173,31,0,23,,,57,A
367512920,2022-01-06T03:49:45,29.59233,-90.71125,4.1,193.6,199.0,SANDPIPER,,WDG2173,31,0,23,,,57,A
367512920,2022-01-06T02:59:06,29.59837,-90.66103,4.8,280.2,283.0,SANDPIPER,,WDG2173,31,0,23,,,57,A
367512920,2022-01-06T04:08:46,29.57274,-90.71706,3.4,173.3,212.0,SANDPIPER,,WDG2173,31,0,23,,,57,A
367512920,2022-01-06T04:17:16,29.56636,-90.72296,3.8,219.2,245.0,SANDPIPER,,WDG2173,31,0,23,,,57,A
367512920,2022-01-06T04:19:37,29.56525,-90.72519,4.3,261.6,271.0,SANDPIPER,,WDG2173,31,0,23,,,57,A
367512920,2022-01-06T04:20:56,29.56516,-90.72710,4.8,268.1,273.0,SANDPIPER,,WDG2173,31,0,23,,,57,A
367512920,2022-01-06T04:00:27,29.58090,-90.71731,3.5,199.0,189.0,SANDPIPER,,WDG2173,31,0,23,,,57,A
367512920,2022-01-06T04:15:56,29.56744,-90.72200,2.7,224.7,227.0,SANDPIPER,,WDG2173,31,0,23,,,57,A
367512920,2022-01-06T04:25:37,29.56535,-90.73396,4.3,264.5,260.0,SANDPIPER,,WDG2173,31,0,23,,,57,A
367512920,2022-01-06T04:02:46,29.57862,-90.71789,3.7,188.1,180.0,SANDPIPER,,WDG2173,31,0,23,,,57,A
367512920,2022-01-06T04:12:15,29.56957,-90.71958,4.0,221.0,222.0,SANDPIPER,,WDG2173,31,0,23,,,57,A
367512920,2022-01-06T04:18:25,29.56558,-90.72380,3.2,242.0,263.0,SANDPIPER,,WDG2173,31,0,23,,,57,A
367512920,2022-01-06T04:28:27,29.56478,-90.73781,4.4,250.2,251.0,SANDPIPER,,WDG2173,31,0,23,,,57,A
367512920,2022-01-06T03:09:15,29.60230,-90.67577,4.9,290.7,290.0,SANDPIPER,,WDG2173,31,0,23,,,57,A
367512920,2022-01-06T03:38:16,29.60606,-90.70916,4.4,184.8,188.0,SANDPIPER,,WDG2173,31,0,23,,,57,A
367512920,2022-01-06T04:30:46,29.56373,-90.74093,4.6,248.9,251.0,SANDPIPER,,WDG2173,31,0,23,,,57,A
367512920,2022-01-06T04:31:55,29.56321,-90.74252,4.6,246.1,251.0,SANDPIPER,,WDG2173,31,0,23,,,57,A
367512920,2022-01-06T04:33:07,29.56270,-90.74421,4.7,253.2,248.0,SANDPIPER,,WDG2173,31,0,23,,,57,A
367512920,2022-01-06T03:12:47,29.60398,-90.68078,4.7,296.0,302.0,SANDPIPER,,WDG2173,31,0,23,,,57,A
367512920,2022-01-06T03:13:56,29.60471,-90.68228,4.7,301.3,305.0,SANDPIPER,,WDG2173,31,0,23,,,57,A
367512920,2022-01-06T04:34:16,29.56219,-90.74581,4.7,254.6,244.0,SANDPIPER,,WDG2173,31,0,23,,,57,A
367512920,2022-01-06T04:37:37,29.56041,-90.74930,4.1,215.0,207.0,SANDPIPER,,WDG2173,31,0,23,,,57,A
367512920,2022-01-06T04:13:36,29.56867,-90.72062,3.0,224.0,226.0,SANDPIPER,,WDG2173,31,0,23,,,57,A
367512920,2022-01-06T04:14:46,29.56804,-90.72134,2.7,225.8,224.0,SANDPIPER,,WDG2173,31,0,23,,,57,A
367512920,2022-01-06T04:38:45,29.55923,-90.75010,4.5,210.1,205.0,SANDPIPER,,WDG2173,31,0,23,,,57,A
367512920,2022-01-06T03:19:47,29.60928,-90.68966,4.9,307.1,306.0,SANDPIPER,,WDG2173,31,0,23,,,57,A
367512920,2022-01-06T04:42:16,29.55515,-90.75233,4.8,201.9,204.0,SANDPIPER,,WDG2173,31,0,23,,,57,A
367512920,2022-01-06T03:47:25,29.59477,-90.71080,3.9,185.6,189.0,SANDPIPER,,WDG2173,31,0,23,,,57,A
367512920,2022-01-06T03:23:16,29.61199,-90.69402,4.8,307.2,300.0,SANDPIPER,,WDG2173,31,0,23,,,57,A
367512920,2022-01-06T04:36:27,29.56130,-90.74833,3.6,232.5,214.0,SANDPIPER,,WDG2173,31,0,23,,,57,A
367512920,2022-01-06T03:54:07,29.58754,-90.71346,4.3,204.3,205.0,SANDPIPER,,WDG2173,31,0,23,,,57,A
367512920,2022-01-06T04:51:36,29.54372,-90.75884,4.9,205.9,205.0,SANDPIPER,,WDG2173,31,0,23,,,57,A
367512920,2022-01-06T04:35:26,29.56177,-90.74731,3.9,247.0,229.0,SANDPIPER,,WDG2173,31,0,23,,,57,A
367512920,2022-01-06T04:41:06,29.55657,-90.75162,4.7,203.3,203.0,SANDPIPER,,WDG2173,31,0,23,,,57,A
367512920,2022-01-06T04:29:37,29.56431,-90.73938,4.5,251.4,249.0,SANDPIPER,,WDG2173,31,0,23,,,57,A
367512920,2022-01-06T04:01:37,29.57976,-90.71760,3.7,189.8,188.0,SANDPIPER,,WDG2173,31,0,23,,,57,A
367512920,2022-01-06T04:52:46,29.54229,-90.75966,4.9,207.5,206.0,SANDPIPER,,WDG2173,31,0,23,,,57,A
367512920,2022-01-06T04:46:56,29.54943,-90.75550,5.0,208.8,207.0,SANDPIPER,,WDG2173,31,0,23,,,57,A
367512920,2022-01-06T04:48:05,29.54802,-90.75638,4.9,207.6,205.0,SANDPIPER,,WDG2173,31,0,23,,,57,A
367512920,2022-01-06T04:49:16,29.54659,-90.75719,4.9,206.3,204.0,SANDPIPER,,WDG2173,31,0,23,,,57,A
367512920,2022-01-06T04:50:26,29.54513,-90.75798,5.0,207.3,207.0,SANDPIPER,,WDG2173,31,0,23,,,57,A
367512920,2022-01-06T04:09:55,29.57165,-90.71764,4.3,220.1,224.0,SANDPIPER,,WDG2173,31,0,23,,,57,A
367512920,2022-01-06T04:45:47,29.55084,-90.75468,4.9,207.0,208.0,SANDPIPER,,WDG2173,31,0,23,,,57,A
367512920,2022-01-06T04:59:47,29.53576,-90.76542,4.2,258.9,269.0,SANDPIPER,,WDG2173,31,0,23,,,57,A
367512920,2022-01-06T04:54:07,29.54063,-90.76064,5.0,209.6,211.0,SANDPIPER,,WDG2173,31,0,23,,,57,A
367512920,2022-01-06T03:32:29,29.61202,-90.70579,4.0,235.8,215.0,SANDPIPER,,WDG2173,31,0,23,,,57,A
367512920,2022-01-06T04:44:36,29.55226,-90.75386,5.0,206.8,207.0,SANDPIPER,,WDG2173,31,0,23,,,57,A
367512920,2022-01-06T05:05:07,29.53580,-90.77349,4.9,272.8,270.0,SANDPIPER,,WDG2173,31,0,23,,,57,A
367512920,2022-01-06T05:07:26,29.53583,-90.77713,5.0,269.3,269.0,SANDPIPER,,WDG2173,31,0,23,,,57,A
367512920,2022-01-06T04:55:16,29.53930,-90.76162,4.9,210.8,211.0,SANDPIPER,,WDG2173,31,0,23,,,57,A
367512920,2022-01-06T03:40:26,29.60336,-90.70962,4.6,187.6,187.0,SANDPIPER,,WDG2173,31,0,23,,,57,A
367512920,2022-01-06T04:57:29,29.53686,-90.76295,3.5,213.6,246.0,SANDPIPER,,WDG2173,31,0,23,,,57,A
367512920,2022-01-06T05:15:26,29.53562,-90.78991,5.0,271.1,270.0,SANDPIPER,,WDG2173,31,0,23,,,57,A
367512920,2022-01-06T05:03:55,29.53574,-90.77164,4.9,267.4,272.0,SANDPIPER,,WDG2173,31,0,23,,,57,A
367512920,2022-01-06T04:56:25,29.53790,-90.76242,4.6,202.8,223.0,SANDPIPER,,WDG2173,31,0,23,,,57,A
367512920,2022-01-06T05:14:15,29.53560,-90.78800,5.0,270.7,270.0,SANDPIPER,,WDG2173,31,0,23,,,57,A
367512920,2022-01-06T04:58:36,29.53617,-90.76402,4.0,237.6,258.0,SANDPIPER,,WDG2173,31,0,23,,,57,A
367512920,2022-01-06T05:21:17,29.53573,-90.79921,4.9,270.4,268.0,SANDPIPER,,WDG2173,31,0,23,,,57,A
367512920,2022-01-06T03:48:37,29.59355,-90.71097,3.6,189.6,193.0,SANDPIPER,,WDG2173,31,0,23,,,57,A
367512920,2022-01-06T05:20:07,29.53576,-90.79737,5.0,270.2,268.0,SANDPIPER,,WDG2173,31,0,23,,,57,A
367512920,2022-01-06T05:01:26,29.53563,-90.76777,4.7,269.7,273.0,SANDPIPER,,WDG2173,31,0,23,,,57,A
367512920,2022-01-06T05:09:37,29.53579,-90.78061,5.0,269.8,268.0,SANDPIPER,,WDG2173,31,0,23,,,57,A
367512920,2022-01-06T05:22:26,29.53570,-90.80101,4.9,268.1,268.0,SANDPIPER,,WDG2173,31,0,23,,,57,A
367512920,2022-01-06T05:02:45,29.53568,-90.76982,4.9,273.0,272.0,SANDPIPER,,WDG2173,31,0,23,,,57,A
367512920,2022-01-06T05:10:47,29.53579,-90.78245,4.9,266.2,266.0,SANDPIPER,,WDG2173,31,0,23,,,57,A
367512920,2022-01-06T04:24:27,29.56536,-90.73234,4.4,274.5,266.0,SANDPIPER,,WDG2173,31,0,23,,,57,A
367512920,2022-01-06T05:23:36,29.53567,-90.80286,4.9,269.0,267.0,SANDPIPER,,WDG2173,31,0,23,,,57,A
367512920,2022-01-06T05:28:26,29.53545,-90.81038,4.9,269.2,270.0,SANDPIPER,,WDG2173,31,0,23,,,57,A
367512920,2022-01-06T05:37:36,29.53559,-90.82496,4.9,269.6,269.0,SANDPIPER,,WDG2173,31,0,23,,,57,A
367512920,2022-01-06T05:34:15,29.53550,-90.81968,5.0,271.8,270.0,SANDPIPER,,WDG2173,31,0,23,,,57,A
367512920,2022-01-06T05:35:17,29.53553,-90.82129,5.0,270.6,271.0,SANDPIPER,,WDG2173,31,0,23,,,57,A
367512920,2022-01-06T05:16:36,29.53567,-90.79178,5.1,270.5,269.0,SANDPIPER,,WDG2173,31,0,23,,,57,A
367512920,2022-01-06T05:39:47,29.53558,-90.82838,4.9,269.0,269.0,SANDPIPER,,WDG2173,31,0,23,,,57,A
367512920,2022-01-06T04:06:37,29.57463,-90.71752,3.5,174.2,181.0,SANDPIPER,,WDG2173,31,0,23,,,57,A
367512920,2022-01-06T05:45:35,29.53546,-90.83755,5.1,270.7,271.0,SANDPIPER,,WDG2173,31,0,23,,,57,A
367512920,2022-01-06T05:47:56,29.53548,-90.84129,4.9,270.6,268.0,SANDPIPER,,WDG2173,31,0,23,,,57,A
367512920,2022-01-06T05:25:56,29.53557,-90.80651,4.9,266.1,267.0,SANDPIPER,,WDG2173,31,0,23,,,57,A
367512920,2022-01-06T05:40:55,29.53552,-90.83021,5.0,268.8,269.0,SANDPIPER,,WDG2173,31,0,23,,,57,A
367512920,2022-01-06T05:29:36,29.53545,-90.81224,4.9,271.6,270.0,SANDPIPER,,WDG2173,31,0,23,,,57,A
367512920,2022-01-06T05:52:27,29.53537,-90.84834,4.8,268.0,269.0,SANDPIPER,,WDG2173,31,0,23,,,57,A
367512920,2022-01-06T05:54:47,29.53535,-90.85183,4.7,269.3,267.0,SANDPIPER,,WDG2173,31,0,23,,,57,A
367512920,2022-01-06T05:33:06,29.53544,-90.81781,5.1,272.5,271.0,SANDPIPER,,WDG2173,31,0,23,,,57,A
367512920,2022-01-06T05:46:46,29.53548,-90.83945,5.0,270.3,269.0,SANDPIPER,,WDG2173,31,0,23,,,57,A
367512920,2022-01-06T05:50:06,29.53545,-90.84470,4.9,269.8,268.0,SANDPIPER,,WDG2173,31,0,23,,,57,A
367512920,2022-01-06T05:51:15,29.53541,-90.84650,4.8,268.0,269.0,SANDPIPER,,WDG2173,31,0,23,,,57,A
367512920,2022-01-06T05:44:26,29.53546,-90.83571,4.9,269.4,271.0,SANDPIPER,,WDG2173,31,0,23,,,57,A
367512920,2022-01-06T06:06:36,29.53561,-90.86946,4.5,292.6,294.0,SANDPIPER,,WDG2173,31,0,23,,,57,A
367512920,2022-01-06T06:11:17,29.53821,-90.87597,5.0,297.3,297.0,SANDPIPER,,WDG2173,31,0,23,,,57,A
367512920,2022-01-06T06:12:26,29.53887,-90.87761,4.9,297.9,301.0,SANDPIPER,,WDG2173,31,0,23,,,57,A
367512920,2022-01-06T04:22:07,29.56521,-90.72893,4.8,270.9,273.0,SANDPIPER,,WDG2173,31,0,23,,,57,A
367512920,2022-01-06T06:00:55,29.53525,-90.86142,4.8,267.4,268.0,SANDPIPER,,WDG2173,31,0,23,,,57,A
367512920,2022-01-06T04:23:17,29.56528,-90.73065,4.6,272.2,272.0,SANDPIPER,,WDG2173,31,0,23,,,57,A
367512920,2022-01-06T06:15:55,29.54116,-90.88241,4.9,293.6,298.0,SANDPIPER,,WDG2173,31,0,23,,,57,A
367512920,2022-01-06T06:16:57,29.54183,-90.88380,4.9,302.2,298.0,SANDPIPER,,WDG2173,31,0,23,,,57,A
367512920,2022-01-06T05:55:56,29.53529,-90.85357,4.8,268.1,268.0,SANDPIPER,,WDG2173,31,0,23,,,57,A
367512920,2022-01-06T04:26:46,29.56521,-90.73555,4.5,265.9,255.0,SANDPIPER,,WDG2173,31,0,23,,,57,A
367512920,2022-01-06T05:08:27,29.53581,-90.77875,5.0,269.5,269.0,SANDPIPER,,WDG2173,31,0,23,,,57,A
367512920,2022-01-06T06:22:46,29.54542,-90.89191,4.9,295.8,301.0,SANDPIPER,,WDG2173,31,0,23,,,57,A
367512920,2022-01-06T06:03:16,29.53512,-90.86490,4.6,274.4,275.0,SANDPIPER,,WDG2173,31,0,23,,,57,A
367512920,2022-01-06T06:27:16,29.54844,-90.89791,4.9,300.0,298.0,SANDPIPER,,WDG2173,31,0,23,,,57,A
367512920,2022-01-06T06:05:27,29.53515,-90.86793,4.2,278.2,293.0,SANDPIPER,,WDG2173,31,0,23,,,57,A
367512920,2022-01-06T06:14:46,29.54047,-90.88080,5.0,301.5,297.0,SANDPIPER,,WDG2173,31,0,23,,,57,A
367512920,2022-01-06T06:07:46,29.53614,-90.87106,4.7,291.5,296.0,SANDPIPER,,WDG2173,31,0,23,,,57,A
367512920,2022-01-06T06:32:56,29.55207,-90.90572,4.9,299.4,297.0,SANDPIPER,,WDG2173,31,0,23,,,57,A
367512920,2022-01-06T06:35:16,29.55353,-90.90896,4.9,297.7,297.0,SANDPIPER,,WDG2173,31,0,23,,,57,A
367512920,2022-01-06T06:21:36,29.54470,-90.89028,4.9,295.7,299.0,SANDPIPER,,WDG2173,31,0,23,,,57,A
367512920,2022-01-06T04:39:56,29.55793,-90.75088,4.7,208.5,205.0,SANDPIPER,,WDG2173,31,0,23,,,57,A
367512920,2022-01-06T06:13:36,29.53966,-90.87918,4.9,298.3,299.0,SANDPIPER,,WDG2173,31,0,23,,,57,A
367512920,2022-01-06T04:43:27,29.55367,-90.75305,4.8,203.3,206.0,SANDPIPER,,WDG2173,31,0,23,,,57,A
367512920,2022-01-06T06:41:16,29.55705,-90.91731,4.9,296.3,300.0,SANDPIPER,,WDG2173,31,0,23,,,57,A
367512920,2022-01-06T06:25:06,29.54698,-90.89502,4.8,304.4,300.0,SANDPIPER,,WDG2173,31,0,23,,,57,A
367512920,2022-01-06T06:42:26,29.55778,-90.91893,4.9,297.9,299.0,SANDPIPER,,WDG2173,31,0,23,,,57,A
367512920,2022-01-06T05:17:47,29.53570,-90.79365,5.1,271.8,269.0,SANDPIPER,,WDG2173,31,0,23,,,57,A
367512920,2022-01-06T06:18:06,29.54255,-90.88539,4.9,295.4,298.0,SANDPIPER,,WDG2173,31,0,23,,,57,A
367512920,2022-01-06T06:45:55,29.55999,-90.92375,4.9,296.5,298.0,SANDPIPER,,WDG2173,31,0,23,,,57,A
367512920,2022-01-06T06:31:46,29.55131,-90.90415,4.9,298.4,298.0,SANDPIPER,,WDG2173,31,0,23,,,57,A
367512920,2022-01-06T06:47:16,29.56077,-90.92561,4.9,294.8,298.0,SANDPIPER,,WDG2173,31,0,23,,,57,A
367512920,2022-01-06T06:34:06,29.55282,-90.90736,4.9,296.9,297.0,SANDPIPER,,WDG2173,31,0,23,,,57,A
367512920,2022-01-06T06:43:36,29.55853,-90.92053,4.9,297.9,298.0,SANDPIPER,,WDG2173,31,0,23,,,57,A
367512920,2022-01-06T06:58:55,29.56808,-90.94137,4.7,301.8,303.0,SANDPIPER,,WDG2173,31,0,23,,,57,A
367512920,2022-01-06T07:00:17,29.56906,-90.94312,4.8,299.9,298.0,SANDPIPER,,WDG2173,31,0,23,,,57,A
367512920,2022-01-06T06:30:36,29.55055,-90.90254,4.9,297.3,298.0,SANDPIPER,,WDG2173,31,0,23,,,57,A
367512920,2022-01-06T07:01:26,29.56981,-90.94466,4.8,298.2,297.0,SANDPIPER,,WDG2173,31,0,23,,,57,A
367512920,2022-01-06T05:36:26,29.53557,-90.82311,5.0,270.3,269.0,SANDPIPER,,WDG2173,31,0,23,,,57,A
367512920,2022-01-06T06:51:57,29.56375,-90.93197,4.8,298.6,299.0,SANDPIPER,,WDG2173,31,0,23,,,57,A
367512920,2022-01-06T05:00:15,29.53567,-90.76605,4.4,263.0,271.0,SANDPIPER,,WDG2173,31,0,23,,,57,A
367512920,2022-01-06T05:38:37,29.53559,-90.82654,5.0,270.5,269.0,SANDPIPER,,WDG2173,31,0,23,,,57,A
367512920,2022-01-06T06:54:17,29.56521,-90.93514,4.9,295.6,297.0,SANDPIPER,,WDG2173,31,0,23,,,57,A
367512920,2022-01-06T07:10:46,29.57591,-90.95685,4.5,305.1,315.0,SANDPIPER,,WDG2173,31,0,23,,,57,A
367512920,2022-01-06T06:57:46,29.56733,-90.93990,4.7,299.0,300.0,SANDPIPER,,WDG2173,31,0,23,,,57,A
367512920,2022-01-06T06:44:45,29.55928,-90.92215,4.9,297.7,298.0,SANDPIPER,,WDG2173,31,0,23,,,57,A
367512920,2022-01-06T05:06:17,29.53582,-90.77532,5.0,271.3,269.0,SANDPIPER,,WDG2173,31,0,23,,,57,A
367512920,2022-01-06T07:16:26,29.58132,-90.96176,4.6,331.7,335.0,SANDPIPER,,WDG2173,31,0,23,,,57,A
367512920,2022-01-06T07:17:37,29.58271,-90.96256,4.7,331.1,335.0,SANDPIPER,,WDG2173,31,0,23,,,57,A
367512920,2022-01-06T06:48:25,29.56146,-90.92723,4.8,296.6,301.0,SANDPIPER,,WDG2173,31,0,23,,,57,A
367512920,2022-01-06T07:23:26,29.58951,-90.96640,4.7,327.8,332.0,SANDPIPER,,WDG2173,31,0,23,,,57,A
367512920,2022-01-06T07:19:57,29.58548,-90.96402,4.7,336.9,334.0,SANDPIPER,,WDG2173,31,0,23,,,57,A
367512920,2022-01-06T06:49:35,29.56221,-90.92879,4.8,299.6,301.0,SANDPIPER,,WDG2173,31,0,23,,,57,A
367512920,2022-01-06T07:08:35,29.57439,-90.95417,4.7,301.1,306.0,SANDPIPER,,WDG2173,31,0,23,,,57,A
367512920,2022-01-06T05:11:57,29.53571,-90.78433,5.0,268.6,267.0,SANDPIPER,,WDG2173,31,0,23,,,57,A
367512920,2022-01-06T07:24:37,29.59087,-90.96729,4.7,327.8,334.0,SANDPIPER,,WDG2173,31,0,23,,,57,A
367512920,2022-01-06T05:13:06,29.53564,-90.78614,5.0,267.8,268.0,SANDPIPER,,WDG2173,31,0,23,,,57,A
367512920,2022-01-06T07:29:16,29.59604,-90.97029,4.6,327.8,333.0,SANDPIPER,,WDG2173,31,0,23,,,57,A
367512920,2022-01-06T07:15:16,29.57998,-90.96098,4.4,333.6,335.0,SANDPIPER,,WDG2173,31,0,23,,,57,A
367512920,2022-01-06T07:34:55,29.60260,-90.97442,4.8,327.2,332.0,SANDPIPER,,WDG2173,31,0,23,,,57,A
367512920,2022-01-06T05:18:56,29.53572,-90.79549,5.0,274.5,270.0,SANDPIPER,,WDG2173,31,0,23,,,57,A
367512920,2022-01-06T07:37:06,29.60506,-90.97596,4.6,333.3,330.0,SANDPIPER,,WDG2173,31,0,23,,,57,A
367512920,2022-01-06T07:35:56,29.60372,-90.97519,4.7,331.3,334.0,SANDPIPER,,WDG2173,31,0,23,,,57,A
367512920,2022-01-06T07:40:26,29.60857,-90.97863,4.3,326.9,334.0,SANDPIPER,,WDG2173,31,0,23,,,57,A
367512920,2022-01-06T05:24:47,29.53564,-90.80469,4.9,269.9,267.0,SANDPIPER,,WDG2173,31,0,23,,,57,A
367512920,2022-01-06T07:11:55,29.57678,-90.95815,4.4,310.4,325.0,SANDPIPER,,WDG2173,31,0,23,,,57,A
367512920,2022-01-06T07:25:45,29.59216,-90.96809,4.7,332.7,334.0,SANDPIPER,,WDG2173,31,0,23,,,57,A
367512920,2022-01-06T05:59:27,29.53526,-90.85912,5.1,270.8,269.0,SANDPIPER,,WDG2173,31,0,23,,,57,A
367512920,2022-01-06T07:13:07,29.57787,-90.95927,4.5,315.6,328.0,SANDPIPER,,WDG2173,31,0,23,,,57,A
367512920,2022-01-06T07:45:07,29.61311,-90.98230,4.5,308.6,310.0,SANDPIPER,,WDG2173,31,0,23,,,57,A
367512920,2022-01-06T07:28:06,29.59473,-90.96957,4.4,339.2,336.0,SANDPIPER,,WDG2173,31,0,23,,,57,A
367512920,2022-01-06T06:02:06,29.53517,-90.86319,4.8,261.5,271.0,SANDPIPER,,WDG2173,31,0,23,,,57,A
367512920,2022-01-06T05:27:15,29.53549,-90.80855,4.9,268.9,269.0,SANDPIPER,,WDG2173,31,0,23,,,57,A
367512920,2022-01-06T07:49:45,29.61693,-90.98759,4.6,312.6,308.0,SANDPIPER,,WDG2173,31,0,23,,,57,A
367512920,2022-01-06T07:30:25,29.59737,-90.97102,4.7,338.5,334.0,SANDPIPER,,WDG2173,31,0,23,,,57,A
367512920,2022-01-06T07:33:47,29.60129,-90.97350,4.8,330.3,331.0,SANDPIPER,,WDG2173,31,0,23,,,57,A
367512920,2022-01-06T06:04:17,29.53505,-90.86639,4.5,258.7,284.0,SANDPIPER,,WDG2173,31,0,23,,,57,A
367512920,2022-01-06T05:30:47,29.53543,-90.81410,5.0,268.9,270.0,SANDPIPER,,WDG2173,31,0,23,,,57,A
367512920,2022-01-06T07:52:07,29.61835,-90.98982,3.2,301.9,304.0,SANDPIPER,,WDG2173,31,0,23,,,57,A
367512920,2022-01-06T07:21:06,29.58682,-90.96477,4.7,335.2,335.0,SANDPIPER,,WDG2173,31,0,23,,,57,A
367512920,2022-01-06T05:31:56,29.53542,-90.81596,5.0,269.7,271.0,SANDPIPER,,WDG2173,31,0,23,,,57,A
367512920,2022-01-06T07:38:07,29.60618,-90.97672,4.6,327.3,327.0,SANDPIPER,,WDG2173,31,0,23,,,57,A
367512920,2022-01-06T07:56:55,29.62037,-90.99334,2.1,292.5,302.0,SANDPIPER,,WDG2173,31,0,23,,,57,A
367512920,2022-01-06T06:10:07,29.53750,-90.87434,4.9,290.6,297.0,SANDPIPER,,WDG2173,31,0,23,,,57,A
367512920,2022-01-06T07:59:17,29.62149,-90.99520,4.1,308.6,300.0,SANDPIPER,,WDG2173,31,0,23,,,57,A
367512920,2022-01-06T07:32:46,29.60010,-90.97271,4.8,330.7,332.0,SANDPIPER,,WDG2173,31,0,23,,,57,A
367512920,2022-01-06T08:06:05,29.62427,-91.00342,4.2,281.5,264.0,SANDPIPER,,WDG2173,31,0,23,,,57,A
367512920,2022-01-06T08:01:26,29.62284,-90.99747,3.9,295.3,289.0,SANDPIPER,,WDG2173,31,0,23,,,57,A
367512920,2022-01-06T05:42:05,29.53552,-90.83205,5.0,271.2,268.0,SANDPIPER,,WDG2173,31,0,23,,,57,A
367512920,2022-01-06T07:50:55,29.61776,-90.98875,3.6,308.7,303.0,SANDPIPER,,WDG2173,31,0,23,,,57,A
367512920,2022-01-06T05:43:16,29.53549,-90.83389,5.0,269.7,270.0,SANDPIPER,,WDG2173,31,0,23,,,57,A
367512920,2022-01-06T08:09:36,29.62374,-91.00801,4.3,255.4,254.0,SANDPIPER,,WDG2173,31,0,23,,,57,A
367512920,2022-01-06T06:23:56,29.54619,-90.89349,4.9,296.9,301.0,SANDPIPER,,WDG2173,31,0,23,,,57,A
367512920,2022-01-06T07:55:46,29.62002,-90.99264,2.4,307.6,300.0,SANDPIPER,,WDG2173,31,0,23,,,57,A
367512920,2022-01-06T08:16:37,29.62230,-91.01692,4.0,281.8,285.0,SANDPIPER,,WDG2173,31,0,23,,,57,A
367512920,2022-01-06T05:49:05,29.53543,-90.84313,5.0,268.4,270.0,SANDPIPER,,WDG2173,31,0,23,,,57,A
367512920,2022-01-06T07:42:47,29.61110,-90.98010,4.3,327.5,318.0,SANDPIPER,,WDG2173,31,0,23,,,57,A
367512920,2022-01-06T08:17:46,29.62262,-91.01840,4.2,287.1,286.0,SANDPIPER,,WDG2173,31,0,23,,,57,A
367512920,2022-01-06T08:18:47,29.62292,-91.01970,4.2,290.5,288.0,SANDPIPER,,WDG2173,31,0,23,,,57,A
367512920,2022-01-06T07:46:16,29.61407,-90.98363,4.7,310.1,311.0,SANDPIPER,,WDG2173,31,0,23,,,57,A
367512920,2022-01-06T06:28:25,29.54919,-90.89952,4.9,297.8,298.0,SANDPIPER,,WDG2173,31,0,23,,,57,A
367512920,2022-01-06T05:53:36,29.53540,-90.85010,4.8,278.0,267.0,SANDPIPER,,WDG2173,31,0,23,,,57,A
367512920,2022-01-06T06:29:26,29.54984,-90.90091,4.9,297.3,298.0,SANDPIPER,,WDG2173,31,0,23,,,57,A
367512920,2022-01-06T08:03:46,29.62376,-91.00033,4.3,285.9,279.0,SANDPIPER,,WDG2173,31,0,23,,,57,A
367512920,2022-01-06T08:15:26,29.62212,-91.01543,3.9,271.3,281.0,SANDPIPER,,WDG2173,31,0,23,,,57,A
367512920,2022-01-06T07:48:35,29.61598,-90.98630,4.6,308.7,310.0,SANDPIPER,,WDG2173,31,0,23,,,57,A
367512920,2022-01-06T08:07:26,29.62414,-91.00515,4.3,266.7,262.0,SANDPIPER,,WDG2173,31,0,23,,,57,A
367512920,2022-01-06T05:57:06,29.53525,-90.85536,4.9,269.8,270.0,SANDPIPER,,WDG2173,31,0,23,,,57,A
367512920,2022-01-06T07:53:26,29.61902,-90.99090,3.1,308.7,303.0,SANDPIPER,,WDG2173,31,0,23,,,57,A
367512920,2022-01-06T05:58:16,29.53522,-90.85723,5.0,270.2,271.0,SANDPIPER,,WDG2173,31,0,23,,,57,A
367512920,2022-01-06T08:26:56,29.62337,-91.02947,4.0,259.8,264.0,SANDPIPER,,WDG2173,31,0,23,,,57,A
367512920,2022-01-06T08:28:07,29.62309,-91.03096,4.0,263.6,273.0,SANDPIPER,,WDG2173,31,0,23,,,57,A
367512920,2022-01-06T06:38:47,29.55558,-90.91386,4.9,296.7,297.0,SANDPIPER,,WDG2173,31,0,23,,,57,A
367512920,2022-01-06T08:10:46,29.62339,-91.00959,4.3,252.1,251.0,SANDPIPER,,WDG2173,31,0,23,,,57,A
367512920,2022-01-06T08:29:17,29.62300,-91.03242,4.0,270.4,281.0,SANDPIPER,,WDG2173,31,0,23,,,57,A
367512920,2022-01-06T08:14:15,29.62220,-91.01398,4.1,257.5,274.0,SANDPIPER,,WDG2173,31,0,23,,,57,A
367512920,2022-01-06T08:22:16,29.62414,-91.02400,3.8,277.4,269.0,SANDPIPER,,WDG2173,31,0,23,,,57,A
367512920,2022-01-06T06:40:06,29.55636,-90.91573,4.9,295.1,299.0,SANDPIPER,,WDG2173,31,0,23,,,57,A
367512920,2022-01-06T08:25:46,29.62362,-91.02808,4.0,240.7,261.0,SANDPIPER,,WDG2173,31,0,23,,,57,A
367512920,2022-01-06T06:08:56,29.53681,-90.87267,4.9,295.4,297.0,SANDPIPER,,WDG2173,31,0,23,,,57,A
367512920,2022-01-06T08:21:05,29.62374,-91.02257,4.1,284.0,280.0,SANDPIPER,,WDG2173,31,0,23,,,57,A
367512920,2022-01-06T08:30:26,29.62314,-91.03388,4.1,279.8,283.0,SANDPIPER,,WDG2173,31,0,23,,,57,A
367512920,2022-01-06T08:38:56,29.62335,-91.04499,4.3,258.5,257.0,SANDPIPER,,WDG2173,31,0,23,,,57,A
367512920,2022-01-06T08:36:26,29.62396,-91.04165,4.1,258.1,257.0,SANDPIPER,,WDG2173,31,0,23,,,57,A
367512920,2022-01-06T08:41:07,29.62281,-91.04795,4.4,256.2,254.0,SANDPIPER,,WDG2173,31,0,23,,,57,A
367512920,2022-01-06T08:40:06,29.62307,-91.04655,4.4,260.7,257.0,SANDPIPER,,WDG2173,31,0,23,,,57,A
367512920,2022-01-06T06:50:56,29.56310,-90.93062,4.9,298.4,299.0,SANDPIPER,,WDG2173,31,0,23,,,57,A
367512920,2022-01-06T08:11:47,29.62294,-91.01087,4.4,249.3,256.0,SANDPIPER,,WDG2173,31,0,23,,,57,A
367512920,2022-01-06T08:12:56,29.62250,-91.01230,3.9,259.1,266.0,SANDPIPER,,WDG2173,31,0,23,,,57,A
367512920,2022-01-06T08:45:46,29.62126,-91.05430,4.6,257.4,262.0,SANDPIPER,,WDG2173,31,0,23,,,57,A
367512920,2022-01-06T06:19:17,29.54328,-90.88705,4.9,297.5,298.0,SANDPIPER,,WDG2173,31,0,23,,,57,A
367512920,2022-01-06T08:31:37,29.62344,-91.03545,4.3,286.8,282.0,SANDPIPER,,WDG2173,31,0,23,,,57,A
367512920,2022-01-06T06:20:27,29.54398,-90.88869,4.9,294.8,299.0,SANDPIPER,,WDG2173,31,0,23,,,57,A
367512920,2022-01-06T08:35:17,29.62413,-91.04018,4.0,266.0,260.0,SANDPIPER,,WDG2173,31,0,23,,,57,A
367512920,2022-01-06T08:55:45,29.62461,-91.06747,4.8,298.6,291.0,SANDPIPER,,WDG2173,31,0,23,,,57,A
367512920,2022-01-06T08:52:25,29.62242,-91.06311,4.7,303.5,303.0,SANDPIPER,,WDG2173,31,0,23,,,57,A
367512920,2022-01-06T08:37:47,29.62362,-91.04343,4.3,256.4,257.0,SANDPIPER,,WDG2173,31,0,23,,,57,A
367512920,2022-01-06T08:51:16,29.62160,-91.06167,4.5,298.2,306.0,SANDPIPER,,WDG2173,31,0,23,,,57,A
367512920,2022-01-06T08:59:17,29.62635,-91.07242,4.7,284.6,288.0,SANDPIPER,,WDG2173,31,0,23,,,57,A
367512920,2022-01-06T08:44:36,29.62158,-91.05263,4.5,251.5,258.0,SANDPIPER,,WDG2173,31,0,23,,,57,A
367512920,2022-01-06T06:26:15,29.54777,-90.89656,4.9,300.1,299.0,SANDPIPER,,WDG2173,31,0,23,,,57,A
367512920,2022-01-06T09:03:05,29.62812,-91.07778,4.9,294.4,299.0,SANDPIPER,,WDG2173,31,0,23,,,57,A
367512920,2022-01-06T09:04:16,29.62886,-91.07950,5.1,299.5,309.0,SANDPIPER,,WDG2173,31,0,23,,,57,A
367512920,2022-01-06T09:07:45,29.63206,-91.08379,5.4,320.1,323.0,SANDPIPER,,WDG2173,31,0,23,,,57,A
367512920,2022-01-06T08:53:26,29.62317,-91.06437,4.8,301.7,298.0,SANDPIPER,,WDG2173,31,0,23,,,57,A
367512920,2022-01-06T08:34:06,29.62405,-91.03869,4.2,278.7,267.0,SANDPIPER,,WDG2173,31,0,23,,,57,A
367512920,2022-01-06T06:37:46,29.55502,-90.91244,4.9,294.9,296.0,SANDPIPER,,WDG2173,31,0,23,,,57,A
367512920,2022-01-06T09:14:35,29.63898,-91.09203,5.0,294.9,287.0,SANDPIPER,,WDG2173,31,0,23,,,57,A
367512920,2022-01-06T09:06:36,29.63078,-91.08255,5.1,311.6,324.0,SANDPIPER,,WDG2173,31,0,23,,,57,A
367512920,2022-01-06T09:10:06,29.63485,-91.08634,5.4,324.0,312.0,SANDPIPER,,WDG2173,31,0,23,,,57,A
367512920,2022-01-06T09:11:16,29.63604,-91.08778,5.4,312.4,310.0,SANDPIPER,,WDG2173,31,0,23,,,57,A
367512920,2022-01-06T08:42:15,29.62244,-91.04947,4.3,250.8,253.0,SANDPIPER,,WDG2173,31,0,23,,,57,A
367512920,2022-01-06T09:25:57,29.64182,-91.10661,3.9,247.3,234.0,SANDPIPER,,WDG2173,31,0,23,,,57,A
367512920,2022-01-06T09:27:07,29.64110,-91.10789,4.3,231.9,232.0,SANDPIPER,,WDG2173,31,0,23,,,57,A
367512920,2022-01-06T09:01:56,29.62747,-91.07623,4.6,290.4,298.0,SANDPIPER,,WDG2173,31,0,23,,,57,A
367512920,2022-01-06T07:22:17,29.58819,-90.96554,4.7,331.6,332.0,SANDPIPER,,WDG2173,31,0,23,,,57,A
367512920,2022-01-06T08:47:57,29.62076,-91.05742,4.4,265.0,279.0,SANDPIPER,,WDG2173,31,0,23,,,57,A
367512920,2022-01-06T08:49:06,29.62075,-91.05896,4.1,280.8,292.0,SANDPIPER,,WDG2173,31,0,23,,,57,A
367512920,2022-01-06T06:53:06,29.56450,-90.93354,4.9,298.2,299.0,SANDPIPER,,WDG2173,31,0,23,,,57,A
367512920,2022-01-06T09:23:37,29.64196,-91.10404,3.5,287.4,260.0,SANDPIPER,,WDG2173,31,0,23,,,57,A
367512920,2022-01-06T06:55:25,29.56589,-90.93672,4.8,296.2,300.0,SANDPIPER,,WDG2173,31,0,23,,,57,A
367512920,2022-01-06T06:56:35,29.56658,-90.93832,4.8,297.5,300.0,SANDPIPER,,WDG2173,31,0,23,,,57,A
367512920,2022-01-06T09:13:26,29.63815,-91.09049,5.1,309.5,296.0,SANDPIPER,,WDG2173,31,0,23,,,57,A
367512920,2022-01-06T09:18:06,29.64043,-91.09743,4.5,284.7,282.0,SANDPIPER,,WDG2173,31,0,23,,,57,A
367512920,2022-01-06T09:28:16,29.64018,-91.10908,4.3,231.3,243.0,SANDPIPER,,WDG2173,31,0,23,,,57,A
367512920,2022-01-06T09:30:35,29.63882,-91.11161,3.7,255.6,266.0,SANDPIPER,,WDG2173,31,0,23,,,57,A
367512920,2022-01-06T09:21:26,29.64135,-91.10162,3.7,278.2,277.0,SANDPIPER,,WDG2173,31,0,23,,,57,A
367512920,2022-01-06T09:32:56,29.63845,-91.11445,4.0,269.3,288.0,SANDPIPER,,WDG2173,31,0,23,,,57,A
367512920,2022-01-06T09:22:35,29.64164,-91.10295,3.7,283.9,273.0,SANDPIPER,,WDG2173,31,0,23,,,57,A
367512920,2022-01-06T09:34:07,29.63860,-91.11591,3.9,283.7,303.0,SANDPIPER,,WDG2173,31,0,23,,,57,A
367512920,2022-01-06T07:09:36,29.57507,-90.95542,4.6,302.8,310.0,SANDPIPER,,WDG2173,31,0,23,,,57,A
367512920,2022-01-06T09:24:46,29.64211,-91.10528,3.5,266.9,246.0,SANDPIPER,,WDG2173,31,0,23,,,57,A
367512920,2022-01-06T09:47:37,29.65232,-91.12445,4.8,338.1,342.0,SANDPIPER,,WDG2173,31,0,23,,,57,A
367512920,2022-01-06T09:37:25,29.64044,-91.11894,3.9,331.7,341.0,SANDPIPER,,WDG2173,31,0,23,,,57,A
367512920,2022-01-06T07:41:36,29.60986,-90.97930,4.4,334.5,328.0,SANDPIPER,,WDG2173,31,0,23,,,57,A
367512920,2022-01-06T07:14:15,29.57894,-90.96028,4.4,320.7,334.0,SANDPIPER,,WDG2173,31,0,23,,,57,A
367512920,2022-01-06T09:39:36,29.64284,-91.12009,4.4,341.8,343.0,SANDPIPER,,WDG2173,31,0,23,,,57,A
367512920,2022-01-06T09:35:16,29.63898,-91.11723,3.6,290.3,322.0,SANDPIPER,,WDG2173,31,0,23,,,57,A
367512920,2022-01-06T07:43:55,29.61215,-90.98104,4.3,314.6,311.0,SANDPIPER,,WDG2173,31,0,23,,,57,A
367512920,2022-01-06T07:18:45,29.58403,-90.96333,4.7,335.0,337.0,SANDPIPER,,WDG2173,31,0,23,,,57,A
367512920,2022-01-06T09:31:45,29.63846,-91.11296,3.8,260.7,279.0,SANDPIPER,,WDG2173,31,0,23,,,57,A
367512920,2022-01-06T10:03:15,29.67073,-91.13513,4.8,328.4,328.0,SANDPIPER,,WDG2173,31,0,23,,,57,A
367512920,2022-01-06T09:52:15,29.65810,-91.12692,4.7,337.2,335.0,SANDPIPER,,WDG2173,31,0,23,,,57,A
367512920,2022-01-06T09:36:17,29.63954,-91.11816,3.5,304.6,333.0,SANDPIPER,,WDG2173,31,0,23,,,57,A
367512920,2022-01-06T09:42:56,29.64677,-91.12184,4.6,339.0,340.0,SANDPIPER,,WDG2173,31,0,23,,,57,A
367512920,2022-01-06T09:44:05,29.64815,-91.12246,4.5,336.8,341.0,SANDPIPER,,WDG2173,31,0,23,,,57,A
367512920,2022-01-06T09:19:07,29.64070,-91.09879,4.2,282.5,283.0,SANDPIPER,,WDG2173,31,0,23,,,57,A
367512920,2022-01-06T07:26:55,29.59342,-90.96901,4.4,322.2,341.0,SANDPIPER,,WDG2173,31,0,23,,,57,A
367512920,2022-01-06T09:54:25,29.66062,-91.12828,4.7,332.9,333.0,SANDPIPER,,WDG2173,31,0,23,,,57,A
367512920,2022-01-06T07:54:37,29.61957,-90.99183,2.9,299.4,300.0,SANDPIPER,,WDG2173,31,0,23,,,57,A
367512920,2022-01-06T07:31:37,29.59876,-90.97189,4.8,331.8,332.0,SANDPIPER,,WDG2173,31,0,23,,,57,A
367512920,2022-01-06T10:05:37,29.67340,-91.13711,4.8,327.4,324.0,SANDPIPER,,WDG2173,31,0,23,,,57,A
367512920,2022-01-06T09:48:45,29.65378,-91.12508,4.9,339.7,342.0,SANDPIPER,,WDG2173,31,0,23,,,57,A
367512920,2022-01-06T08:02:37,29.62335,-90.99886,4.1,285.0,284.0,SANDPIPER,,WDG2173,31,0,23,,,57,A
367512920,2022-01-06T07:39:15,29.60739,-90.97767,4.6,321.9,330.0,SANDPIPER,,WDG2173,31,0,23,,,57,A
367512920,2022-01-06T09:55:37,29.66202,-91.12907,4.7,335.3,329.0,SANDPIPER,,WDG2173,31,0,23,,,57,A
367512920,2022-01-06T08:04:57,29.62408,-91.00189,4.2,279.6,270.0,SANDPIPER,,WDG2173,31,0,23,,,57,A
367512920,2022-01-06T08:08:35,29.62401,-91.00670,4.2,256.2,255.0,SANDPIPER,,WDG2173,31,0,23,,,57,A
367512920,2022-01-06T10:26:25,29.68462,-91.16206,3.8,251.3,247.0,SANDPIPER,,WDG2173,31,0,23,,,57,A
367512920,2022-01-06T09:38:35,29.64169,-91.11964,4.3,334.3,343.0,SANDPIPER,,WDG2173,31,0,23,,,57,A
367512920,2022-01-06T10:10:15,29.67792,-91.14147,4.7,312.9,315.0,SANDPIPER,,WDG2173,31,0,23,,,57,A
367512920,2022-01-06T10:07:56,29.67581,-91.13912,4.5,318.6,316.0,SANDPIPER,,WDG2173,31,0,23,,,57,A
367512920,2022-01-06T10:04:26,29.67203,-91.13616,4.8,325.2,329.0,SANDPIPER,,WDG2173,31,0,23,,,57,A
367512920,2022-01-06T10:11:26,29.67897,-91.14279,4.7,312.4,315.0,SANDPIPER,,WDG2173,31,0,23,,,57,A
367512920,2022-01-06T10:17:15,29.68374,-91.14923,4.4,295.7,283.0,SANDPIPER,,WDG2173,31,0,23,,,57,A
367512920,2022-01-06T07:47:26,29.61503,-90.98496,4.7,310.4,310.0,SANDPIPER,,WDG2173,31,0,23,,,57,A
367512920,2022-01-06T10:09:06,29.67691,-91.14025,4.6,317.0,314.0,SANDPIPER,,WDG2173,31,0,23,,,57,A
367512920,2022-01-06T10:36:37,29.68323,-91.16908,0.1,261.6,269.0,SANDPIPER,,WDG2173,31,0,23,,,57,A
367512920,2022-01-06T10:18:27,29.68423,-91.15082,4.5,283.6,279.0,SANDPIPER,,WDG2173,31,0,23,,,57,A
367512920,2022-01-06T10:21:55,29.68495,-91.15600,4.9,275.4,270.0,SANDPIPER,,WDG2173,31,0,23,,,57,A
367512920,2022-01-06T09:51:06,29.65671,-91.12623,4.6,335.7,335.0,SANDPIPER,,WDG2173,31,0,23,,,57,A
367512920,2022-01-06T10:35:25,29.68323,-91.16901,0.8,270.7,270.0,SANDPIPER,,WDG2173,31,0,23,,,57,A
367512920,2022-01-06T08:19:56,29.62336,-91.02118,4.3,292.2,285.0,SANDPIPER,,WDG2173,31,0,23,,,57,A
367512920,2022-01-06T10:24:07,29.68501,-91.15924,4.2,266.5,258.0,SANDPIPER,,WDG2173,31,0,23,,,57,A
367512920,2022-01-06T07:58:07,29.62077,-90.99410,2.9,307.0,304.0,SANDPIPER,,WDG2173,31,0,23,,,57,A
367512920,2022-01-06T10:41:16,29.68322,-91.17052,1.1,277.4,267.0,SANDPIPER,,WDG2173,31,0,23,,,57,A
367512920,2022-01-06T08:23:25,29.62431,-91.02540,3.8,278.1,257.0,SANDPIPER,,WDG2173,31,0,23,,,57,A
367512920,2022-01-06T08:00:25,29.62228,-90.99642,4.1,308.9,295.0,SANDPIPER,,WDG2173,31,0,23,,,57,A
367512920,2022-01-06T10:52:55,29.68311,-91.17275,0.3,266.7,267.0,SANDPIPER,,WDG2173,31,0,23,,,57,A
367512920,2022-01-06T10:47:05,29.68312,-91.17261,0.5,267.8,267.0,SANDPIPER,,WDG2173,31,0,23,,,57,A
367512920,2022-01-06T08:24:45,29.62410,-91.02693,3.9,253.3,250.0,SANDPIPER,,WDG2173,31,0,23,,,57,A
367512920,2022-01-06T10:51:45,29.68313,-91.17274,0.0,231.1,267.0,SANDPIPER,,WDG2173,31,0,23,,,57,A
367512920,2022-01-06T10:34:16,29.68323,-91.16867,1.2,275.2,270.0,SANDPIPER,,WDG2173,31,0,23,,,57,A
367512920,2022-01-06T10:25:15,29.68486,-91.16068,4.0,257.7,253.0,SANDPIPER,,WDG2173,31,0,23,,,57,A
367512920,2022-01-06T10:58:36,29.68297,-91.17535,1.9,267.5,266.0,SANDPIPER,,WDG2173,31,0,23,,,57,A
367512920,2022-01-06T10:38:57,29.68324,-91.16962,1.1,265.4,268.0,SANDPIPER,,WDG2173,31,0,23,,,57,A
367512920,2022-01-06T11:01:07,29.68293,-91.17605,0.8,273.3,267.0,SANDPIPER,,WDG2173,31,0,23,,,57,A
367512920,2022-01-06T10:31:57,29.68321,-91.16712,2.7,267.1,272.0,SANDPIPER,,WDG2173,31,0,23,,,57,A
367512920,2022-01-06T10:42:27,29.68319,-91.17111,2.0,264.5,267.0,SANDPIPER,,WDG2173,31,0,23,,,57,A
367512920,2022-01-06T10:48:16,29.68311,-91.17270,0.2,257.4,268.0,SANDPIPER,,WDG2173,31,0,23,,,57,A
367512920,2022-01-06T10:49:25,29.68312,-91.17274,0.0,278.4,267.0,SANDPIPER,,WDG2173,31,0,23,,,57,A
367512920,2022-01-06T10:19:35,29.68451,-91.15247,4.8,281.6,278.0,SANDPIPER,,WDG2173,31,0,23,,,57,A
367512920,2022-01-06T10:20:46,29.68480,-91.15424,4.8,278.1,274.0,SANDPIPER,,WDG2173,31,0,23,,,57,A
367512920,2022-01-06T10:55:07,29.68306,-91.17362,1.3,262.2,267.0,SANDPIPER,,WDG2173,31,0,23,,,57,A
367512920,2022-01-06T11:10:17,29.68432,-91.18636,4.7,290.0,286.0,SANDPIPER,,WDG2173,31,0,23,,,57,A
367512920,2022-01-06T10:56:17,29.68303,-91.17415,1.8,270.8,266.0,SANDPIPER,,WDG2173,31,0,23,,,57,A
367512920,2022-01-06T08:43:26,29.62202,-91.05104,4.4,255.4,255.0,SANDPIPER,,WDG2173,31,0,23,,,57,A
367512920,2022-01-06T10:57:26,29.68300,-91.17475,1.5,266.2,266.0,SANDPIPER,,WDG2173,31,0,23,,,57,A
367512920,2022-01-06T10:54:05,29.68310,-91.17306,1.5,266.6,267.0,SANDPIPER,,WDG2173,31,0,23,,,57,A
367512920,2022-01-06T08:46:47,29.62099,-91.05577,4.6,257.8,268.0,SANDPIPER,,WDG2173,31,0,23,,,57,A
367512920,2022-01-06T08:32:47,29.62384,-91.03697,4.2,287.1,274.0,SANDPIPER,,WDG2173,31,0,23,,,57,A
367512920,2022-01-06T10:30:56,29.68326,-91.16625,2.7,262.3,271.0,SANDPIPER,,WDG2173,31,0,23,,,57,A
367512920,2022-01-06T11:25:17,29.68657,-91.21171,7.9,233.9,234.0,SANDPIPER,,WDG2173,31,0,23,,,57,A
367512920,2022-01-06T10:37:47,29.68324,-91.16929,0.8,265.6,269.0,SANDPIPER,,WDG2173,31,0,23,,,57,A
367512920,2022-01-06T11:28:46,29.68090,-91.21903,9.1,221.7,224.0,SANDPIPER,,WDG2173,31,0,23,,,57,A
367512920,2022-01-06T10:40:07,29.68325,-91.17009,1.3,269.4,267.0,SANDPIPER,,WDG2173,31,0,23,,,57,A
367512920,2022-01-06T11:06:55,29.68284,-91.18191,3.7,285.7,290.0,SANDPIPER,,WDG2173,31,0,23,,,57,A
367512920,2022-01-06T11:15:55,29.68667,-91.19557,5.9,289.7,291.0,SANDPIPER,,WDG2173,31,0,23,,,57,A
367512920,2022-01-06T11:08:07,29.68332,-91.18341,4.5,291.1,289.0,SANDPIPER,,WDG2173,31,0,23,,,57,A
367512920,2022-01-06T11:35:46,29.66863,-91.23415,8.9,225.6,217.0,SANDPIPER,,WDG2173,31,0,23,,,57,A
367512920,2022-01-06T11:19:26,29.68831,-91.20122,5.1,277.6,271.0,SANDPIPER,,WDG2173,31,0,23,,,57,A
367512920,2022-01-06T08:58:07,29.62584,-91.07080,4.7,293.2,289.0,SANDPIPER,,WDG2173,31,0,23,,,57,A
367512920,2022-01-06T11:14:46,29.68612,-91.19348,6.0,284.3,287.0,SANDPIPER,,WDG2173,31,0,23,,,57,A
367512920,2022-01-06T08:50:15,29.62107,-91.06044,4.1,290.7,303.0,SANDPIPER,,WDG2173,31,0,23,,,57,A
367512920,2022-01-06T11:22:56,29.68824,-91.20711,5.4,259.3,255.0,SANDPIPER,,WDG2173,31,0,23,,,57,A
367512920,2022-01-06T11:40:36,29.66074,-91.24011,6.0,208.3,229.0,SANDPIPER,,WDG2173,31,0,23,,,57,A
367512920,2022-01-06T08:54:35,29.62392,-91.06588,4.7,294.6,294.0,SANDPIPER,,WDG2173,31,0,23,,,57,A
367512920,2022-01-06T11:41:39,29.65931,-91.24094,5.7,209.0,252.0,SANDPIPER,,WDG2173,31,0,23,,,57,A
367512920,2022-01-06T09:05:26,29.62975,-91.08108,5.0,306.5,316.0,SANDPIPER,,WDG2173,31,0,23,,,57,A
367512920,2022-01-06T11:42:45,29.65840,-91.24267,5.4,250.5,260.0,SANDPIPER,,WDG2173,31,0,23,,,57,A
367512920,2022-01-06T08:56:55,29.62525,-91.06910,4.8,293.3,290.0,SANDPIPER,,WDG2173,31,0,23,,,57,A
367512920,2022-01-06T11:32:16,29.67436,-91.22617,9.3,226.1,234.0,SANDPIPER,,WDG2173,31,0,23,,,57,A
367512920,2022-01-06T11:17:07,29.68736,-91.19760,5.6,295.1,287.0,SANDPIPER,,WDG2173,31,0,23,,,57,A
367512920,2022-01-06T09:12:17,29.63702,-91.08907,5.4,310.1,308.0,SANDPIPER,,WDG2173,31,0,23,,,57,A
367512920,2022-01-06T11:05:46,29.68268,-91.18069,3.3,267.1,284.0,SANDPIPER,,WDG2173,31,0,23,,,57,A
367512920,2022-01-06T09:16:56,29.64008,-91.09569,5.3,285.1,282.0,SANDPIPER,,WDG2173,31,0,23,,,57,A
367512920,2022-01-06T09:08:56,29.63346,-91.08507,5.5,320.9,319.0,SANDPIPER,,WDG2173,31,0,23,,,57,A
367512920,2022-01-06T09:20:17,29.64106,-91.10025,4.0,282.7,280.0,SANDPIPER,,WDG2173,31,0,23,,,57,A
367512920,2022-01-06T11:27:37,29.68294,-91.21661,9.1,226.8,229.0,SANDPIPER,,WDG2173,31,0,23,,,57,A
367512920,2022-01-06T11:39:26,29.66253,-91.23902,6.5,214.0,215.0,SANDPIPER,,WDG2173,31,0,23,,,57,A
367512920,2022-01-06T11:29:56,29.67862,-91.22132,9.3,220.4,230.0,SANDPIPER,,WDG2173,31,0,23,,,57,A
367512920,2022-01-06T11:46:17,29.65731,-91.24828,4.9,249.2,252.0,SANDPIPER,,WDG2173,31,0,23,,,57,A
367512920,2022-01-06T11:11:25,29.68480,-91.18798,4.6,286.3,284.0,SANDPIPER,,WDG2173,31,0,23,,,57,A
367512920,2022-01-06T11:13:37,29.68560,-91.19137,5.7,284.2,285.0,SANDPIPER,,WDG2173,31,0,23,,,57,A
367512920,2022-01-06T09:15:47,29.63961,-91.09384,5.2,290.6,282.0,SANDPIPER,,WDG2173,31,0,23,,,57,A
367512920,2022-01-06T12:08:16,29.64836,-91.27746,4.4,219.8,242.0,SANDPIPER,,WDG2173,31,0,23,,,57,A
367512920,2022-01-06T11:18:16,29.68797,-91.19939,5.2,288.7,277.0,SANDPIPER,,WDG2173,31,0,23,,,57,A
367512920,2022-01-06T11:48:35,29.65645,-91.25163,4.9,247.1,248.0,SANDPIPER,,WDG2173,31,0,23,,,57,A
367512920,2022-01-06T11:50:46,29.65521,-91.25485,5.2,243.7,250.0,SANDPIPER,,WDG2173,31,0,23,,,57,A
367512920,2022-01-06T11:57:36,29.65244,-91.26414,4.4,264.3,269.0,SANDPIPER,,WDG2173,31,0,23,,,57,A
367512920,2022-01-06T09:29:27,29.63939,-91.11038,4.1,238.5,253.0,SANDPIPER,,WDG2173,31,0,23,,,57,A
367512920,2022-01-06T11:47:26,29.65691,-91.24996,4.7,247.6,250.0,SANDPIPER,,WDG2173,31,0,23,,,57,A
367512920,2022-01-06T11:58:46,29.65235,-91.26587,4.7,270.5,271.0,SANDPIPER,,WDG2173,31,0,23,,,57,A
367512920,2022-01-06T11:51:55,29.65456,-91.25665,5.3,247.1,250.0,SANDPIPER,,WDG2173,31,0,23,,,57,A
367512920,2022-01-06T11:33:26,29.67238,-91.22880,9.3,232.7,234.0,SANDPIPER,,WDG2173,31,0,23,,,57,A
367512920,2022-01-06T11:54:17,29.65335,-91.25992,4.5,245.4,256.0,SANDPIPER,,WDG2173,31,0,23,,,57,A
367512920,2022-01-06T11:38:16,29.66434,-91.23771,6.6,214.3,213.0,SANDPIPER,,WDG2173,31,0,23,,,57,A
367512920,2022-01-06T12:03:47,29.65210,-91.27262,4.0,241.2,231.0,SANDPIPER,,WDG2173,31,0,23,,,57,A
367512920,2022-01-06T12:12:47,29.64608,-91.28289,4.3,259.1,269.0,SANDPIPER,,WDG2173,31,0,23,,,57,A
367512920,2022-01-06T12:35:46,29.63999,-91.31668,4.9,255.3,260.0,SANDPIPER,,WDG2173,31,0,23,,,57,A
367512920,2022-01-06T09:40:47,29.64424,-91.12067,4.6,338.8,341.0,SANDPIPER,,WDG2173,31,0,23,,,57,A
367512920,2022-01-06T09:41:55,29.64557,-91.12124,4.6,338.1,337.0,SANDPIPER,,WDG2173,31,0,23,,,57,A
367512920,2022-01-06T12:09:27,29.64749,-91.27873,4.3,233.4,253.0,SANDPIPER,,WDG2173,31,0,23,,,57,A
367512920,2022-01-06T12:40:17,29.63917,-91.32316,4.6,272.1,278.0,SANDPIPER,,WDG2173,31,0,23,,,57,A
367512920,2022-01-06T09:46:26,29.65087,-91.12379,4.6,337.7,340.0,SANDPIPER,,WDG2173,31,0,23,,,57,A
367512920,2022-01-06T12:20:55,29.64513,-91.29444,4.7,255.4,256.0,SANDPIPER,,WDG2173,31,0,23,,,57,A
367512920,2022-01-06T09:45:15,29.64949,-91.12311,4.6,336.9,339.0,SANDPIPER,,WDG2173,31,0,23,,,57,A
367512920,2022-01-06T12:22:07,29.64470,-91.29615,4.7,251.3,257.0,SANDPIPER,,WDG2173,31,0,23,,,57,A
367512920,2022-01-06T12:48:26,29.64076,-91.33714,4.7,278.3,279.0,SANDPIPER,,WDG2173,31,0,23,,,57,A
367512920,2022-01-06T12:10:35,29.64687,-91.28007,4.3,244.5,258.0,SANDPIPER,,WDG2173,31,0,23,,,57,A
367512920,2022-01-06T09:49:55,29.65527,-91.12561,4.8,345.3,338.0,SANDPIPER,,WDG2173,31,0,23,,,57,A
367512920,2022-01-06T12:25:36,29.64342,-91.30140,4.9,255.6,258.0,SANDPIPER,,WDG2173,31,0,23,,,57,A
367512920,2022-01-06T12:11:46,29.64637,-91.28155,4.3,252.9,264.0,SANDPIPER,,WDG2173,31,0,23,,,57,A
367512920,2022-01-06T11:49:36,29.65593,-91.25309,5.0,243.6,247.0,SANDPIPER,,WDG2173,31,0,23,,,57,A
367512920,2022-01-06T12:18:37,29.64578,-91.29114,4.6,258.0,258.0,SANDPIPER,,WDG2173,31,0,23,,,57,A
367512920,2022-01-06T12:26:46,29.64301,-91.30316,4.9,256.6,259.0,SANDPIPER,,WDG2173,31,0,23,,,57,A
367512920,2022-01-06T12:53:06,29.64147,-91.34351,4.3,275.0,273.0,SANDPIPER,,WDG2173,31,0,23,,,57,A
367512920,2022-01-06T12:27:57,29.64264,-91.30496,4.9,256.5,258.0,SANDPIPER,,WDG2173,31,0,23,,,57,A
367512920,2022-01-06T09:53:16,29.65928,-91.12751,4.7,336.8,334.0,SANDPIPER,,WDG2173,31,0,23,,,57,A
367512920,2022-01-06T09:56:46,29.66331,-91.12993,4.7,331.5,329.0,SANDPIPER,,WDG2173,31,0,23,,,57,A
367512920,2022-01-06T12:57:46,29.64179,-91.34973,4.2,273.0,275.0,SANDPIPER,,WDG2173,31,0,23,,,57,A
367512920,2022-01-06T12:19:46,29.64549,-91.29277,4.6,257.4,257.0,SANDPIPER,,WDG2173,31,0,23,,,57,A
367512920,2022-01-06T12:01:35,29.65264,-91.27003,4.2,272.6,252.0,SANDPIPER,,WDG2173,31,0,23,,,57,A
367512920,2022-01-06T09:59:05,29.66594,-91.13177,4.9,326.8,329.0,SANDPIPER,,WDG2173,31,0,23,,,57,A
367512920,2022-01-06T09:57:56,29.66462,-91.13086,4.8,327.8,329.0,SANDPIPER,,WDG2173,31,0,23,,,57,A
367512920,2022-01-06T12:24:26,29.64387,-91.29965,5.0,256.4,256.0,SANDPIPER,,WDG2173,31,0,23,,,57,A
367512920,2022-01-06T10:00:56,29.66810,-91.13324,4.9,329.1,329.0,SANDPIPER,,WDG2173,31,0,23,,,57,A
367512920,2022-01-06T10:02:05,29.66941,-91.13418,4.8,328.2,329.0,SANDPIPER,,WDG2173,31,0,23,,,57,A
367512920,2022-01-06T12:05:56,29.65049,-91.27498,4.6,230.8,230.0,SANDPIPER,,WDG2173,31,0,23,,,57,A
367512920,2022-01-06T13:07:56,29.64250,-91.36150,2.6,283.1,279.0,SANDPIPER,,WDG2173,31,0,23,,,57,A
367512920,2022-01-06T12:30:15,29.64189,-91.30844,4.9,256.5,258.0,SANDPIPER,,WDG2173,31,0,23,,,57,A
367512920,2022-01-06T13:08:57,29.64260,-91.36228,2.5,276.8,281.0,SANDPIPER,,WDG2173,31,0,23,,,57,A
367512920,2022-01-06T13:12:17,29.64309,-91.36471,2.3,287.1,282.0,SANDPIPER,,WDG2173,31,0,23,,,57,A
367512920,2022-01-06T12:33:36,29.64081,-91.31344,4.9,257.6,257.0,SANDPIPER,,WDG2173,31,0,23,,,57,A
367512920,2022-01-06T10:06:46,29.67468,-91.13806,4.6,326.2,318.0,SANDPIPER,,WDG2173,31,0,23,,,57,A
367512920,2022-01-06T13:15:36,29.64356,-91.36704,2.3,281.9,282.0,SANDPIPER,,WDG2173,31,0,23,,,57,A
367512920,2022-01-06T13:19:07,29.64409,-91.36948,2.2,283.7,282.0,SANDPIPER,,WDG2173,31,0,23,,,57,A
367512920,2022-01-06T12:49:36,29.64096,-91.33880,4.4,278.3,278.0,SANDPIPER,,WDG2173,31,0,23,,,57,A
367512920,2022-01-06T12:15:06,29.64597,-91.28614,4.5,273.1,270.0,SANDPIPER,,WDG2173,31,0,23,,,57,A
367512920,2022-01-06T12:47:16,29.64059,-91.33532,5.4,275.7,278.0,SANDPIPER,,WDG2173,31,0,23,,,57,A
367512920,2022-01-06T12:16:17,29.64604,-91.28784,4.5,273.5,264.0,SANDPIPER,,WDG2173,31,0,23,,,57,A
367512920,2022-01-06T13:23:36,29.64488,-91.37339,4.8,283.5,279.0,SANDPIPER,,WDG2173,31,0,23,,,57,A
367512920,2022-01-06T10:12:36,29.68001,-91.14409,4.8,313.2,315.0,SANDPIPER,,WDG2173,31,0,23,,,57,A
367512920,2022-01-06T10:13:46,29.68112,-91.14532,4.7,317.3,312.0,SANDPIPER,,WDG2173,31,0,23,,,57,A
367512920,2022-01-06T13:27:06,29.64575,-91.37798,4.4,281.3,282.0,SANDPIPER,,WDG2173,31,0,23,,,57,A
367512920,2022-01-06T10:16:06,29.68307,-91.14783,4.4,304.6,291.0,SANDPIPER,,WDG2173,31,0,23,,,57,A
367512920,2022-01-06T10:14:55,29.68216,-91.14651,4.5,312.5,302.0,SANDPIPER,,WDG2173,31,0,23,,,57,A
367512920,2022-01-06T13:28:17,29.64616,-91.38008,6.5,282.9,281.0,SANDPIPER,,WDG2173,31,0,23,,,57,A
367512920,2022-01-06T13:34:05,29.64799,-91.39124,6.0,282.7,283.0,SANDPIPER,,WDG2173,31,0,23,,,57,A
367512920,2022-01-06T12:58:55,29.64188,-91.35127,4.2,271.8,274.0,SANDPIPER,,WDG2173,31,0,23,,,57,A
367512920,2022-01-06T13:03:15,29.64200,-91.35703,3.4,268.7,276.0,SANDPIPER,,WDG2173,31,0,23,,,57,A
367512920,2022-01-06T10:22:56,29.68503,-91.15756,4.8,269.8,266.0,SANDPIPER,,WDG2173,31,0,23,,,57,A
367512920,2022-01-06T12:29:05,29.64228,-91.30668,4.9,256.2,257.0,SANDPIPER,,WDG2173,31,0,23,,,57,A
367512920,2022-01-06T13:36:27,29.64882,-91.39616,7.4,294.2,295.0,SANDPIPER,,WDG2173,31,0,23,,,57,A
367512920,2022-01-06T13:41:07,29.65139,-91.40332,4.6,289.1,287.0,SANDPIPER,,WDG2173,31,0,23,,,57,A
367512920,2022-01-06T12:32:27,29.64119,-91.31172,4.9,255.0,257.0,SANDPIPER,,WDG2173,31,0,23,,,57,A
367512920,2022-01-06T10:29:47,29.68343,-91.16529,2.7,252.1,267.0,SANDPIPER,,WDG2173,31,0,23,,,57,A
367512920,2022-01-06T12:34:45,29.64036,-91.31518,4.9,251.3,258.0,SANDPIPER,,WDG2173,31,0,23,,,57,A
367512920,2022-01-06T10:27:27,29.68418,-91.16322,3.8,246.0,251.0,SANDPIPER,,WDG2173,31,0,23,,,57,A
367512920,2022-01-06T10:28:36,29.68368,-91.16431,2.9,242.6,261.0,SANDPIPER,,WDG2173,31,0,23,,,57,A
367512920,2022-01-06T13:06:46,29.64232,-91.36049,2.9,279.9,279.0,SANDPIPER,,WDG2173,31,0,23,,,57,A
367512920,2022-01-06T12:37:57,29.63923,-91.31982,4.4,261.7,273.0,SANDPIPER,,WDG2173,31,0,23,,,57,A
367512920,2022-01-06T12:39:06,29.63913,-91.32145,4.4,268.8,276.0,SANDPIPER,,WDG2173,31,0,23,,,57,A
367512920,2022-01-06T13:17:56,29.64390,-91.36866,2.3,285.9,282.0,SANDPIPER,,WDG2173,31,0,23,,,57,A
367512920,2022-01-06T13:51:37,29.65600,-91.41792,4.7,289.8,290.0,SANDPIPER,,WDG2173,31,0,23,,,57,A
367512920,2022-01-06T10:33:07,29.68321,-91.16807,2.2,274.3,271.0,SANDPIPER,,WDG2173,31,0,23,,,57,A
367512920,2022-01-06T13:14:26,29.64339,-91.36620,2.2,284.8,282.0,SANDPIPER,,WDG2173,31,0,23,,,57,A
367512920,2022-01-06T13:11:07,29.64292,-91.36387,2.3,282.2,282.0,SANDPIPER,,WDG2173,31,0,23,,,57,A
367512920,2022-01-06T13:16:46,29.64371,-91.36786,2.3,282.0,283.0,SANDPIPER,,WDG2173,31,0,23,,,57,A
367512920,2022-01-06T13:57:16,29.65827,-91.42500,3.6,292.8,292.0,SANDPIPER,,WDG2173,31,0,23,,,57,A
367512920,2022-01-06T14:03:16,29.66078,-91.43255,4.5,291.3,291.0,SANDPIPER,,WDG2173,31,0,23,,,57,A
367512920,2022-01-06T10:45:56,29.68312,-91.17246,0.6,264.5,268.0,SANDPIPER,,WDG2173,31,0,23,,,57,A
367512920,2022-01-06T13:21:17,29.64444,-91.37100,2.3,282.3,280.0,SANDPIPER,,WDG2173,31,0,23,,,57,A
367512920,2022-01-06T14:04:26,29.66127,-91.43413,4.5,289.9,292.0,SANDPIPER,,WDG2173,31,0,23,,,57,A
367512920,2022-01-06T13:22:27,29.64460,-91.37187,2.9,283.5,280.0,SANDPIPER,,WDG2173,31,0,23,,,57,A
367512920,2022-01-06T10:43:37,29.68315,-91.17181,1.7,263.7,267.0,SANDPIPER,,WDG2173,31,0,23,,,57,A
367512920,2022-01-06T10:44:46,29.68313,-91.17222,0.6,266.6,268.0,SANDPIPER,,WDG2173,31,0,23,,,57,A
367512920,2022-01-06T10:50:36,29.68313,-91.17273,0.0,273.6,267.0,SANDPIPER,,WDG2173,31,0,23,,,57,A
367512920,2022-01-06T13:25:55,29.64542,-91.37643,3.9,283.4,282.0,SANDPIPER,,WDG2173,31,0,23,,,57,A
367512920,2022-01-06T13:38:47,29.65029,-91.40005,4.8,292.5,289.0,SANDPIPER,,WDG2173,31,0,23,,,57,A
367512920,2022-01-06T14:10:16,29.66430,-91.44052,4.4,333.1,334.0,SANDPIPER,,WDG2173,31,0,23,,,57,A
367512920,2022-01-06T13:39:56,29.65084,-91.40166,4.8,291.1,289.0,SANDPIPER,,WDG2173,31,0,23,,,57,A
367512920,2022-01-06T13:29:27,29.64662,-91.38249,6.4,281.8,278.0,SANDPIPER,,WDG2173,31,0,23,,,57,A
367512920,2022-01-06T14:12:37,29.66717,-91.44200,4.6,338.5,316.0,SANDPIPER,,WDG2173,31,0,23,,,57,A
367512920,2022-01-06T13:32:57,29.64760,-91.38909,6.1,280.7,282.0,SANDPIPER,,WDG2173,31,0,23,,,57,A
367512920,2022-01-06T13:02:07,29.64201,-91.35567,4.3,271.2,273.0,SANDPIPER,,WDG2173,31,0,23,,,57,A
367512920,2022-01-06T13:04:26,29.64202,-91.35824,3.1,273.7,280.0,SANDPIPER,,WDG2173,31,0,23,,,57,A
367512920,2022-01-06T14:17:15,29.67011,-91.44690,4.5,290.0,293.0,SANDPIPER,,WDG2173,31,0,23,,,57,A
367512920,2022-01-06T14:18:25,29.67064,-91.44838,4.2,289.7,295.0,SANDPIPER,,WDG2173,31,0,23,,,57,A
367512920,2022-01-06T10:59:45,29.68294,-91.17588,0.3,244.2,268.0,SANDPIPER,,WDG2173,31,0,23,,,57,A
367512920,2022-01-06T13:05:37,29.64214,-91.35939,3.1,279.0,280.0,SANDPIPER,,WDG2173,31,0,23,,,57,A
367512920,2022-01-06T14:20:47,29.67174,-91.45120,4.1,295.4,297.0,SANDPIPER,,WDG2173,31,0,23,,,57,A
367512920,2022-01-06T13:43:27,29.65235,-91.40654,4.6,289.7,289.0,SANDPIPER,,WDG2173,31,0,23,,,57,A
367512920,2022-01-06T13:42:16,29.65185,-91.40490,4.6,288.2,288.0,SANDPIPER,,WDG2173,31,0,23,,,57,A
367512920,2022-01-06T11:02:15,29.68287,-91.17676,3.0,265.5,268.0,SANDPIPER,,WDG2173,31,0,23,,,57,A
367512920,2022-01-06T11:03:26,29.68280,-91.17802,3.6,268.1,270.0,SANDPIPER,,WDG2173,31,0,23,,,57,A
367512920,2022-01-06T13:48:07,29.65441,-91.41296,4.7,289.1,290.0,SANDPIPER,,WDG2173,31,0,23,,,57,A
367512920,2022-01-06T11:04:37,29.68272,-91.17942,3.6,272.1,275.0,SANDPIPER,,WDG2173,31,0,23,,,57,A
367512920,2022-01-06T13:50:27,29.65544,-91.41625,4.8,290.6,291.0,SANDPIPER,,WDG2173,31,0,23,,,57,A
367512920,2022-01-06T13:53:56,29.65703,-91.42117,4.5,290.3,291.0,SANDPIPER,,WDG2173,31,0,23,,,57,A
367512920,2022-01-06T11:09:16,29.68387,-91.18498,4.7,293.0,287.0,SANDPIPER,,WDG2173,31,0,23,,,57,A
367512920,2022-01-06T14:33:36,29.67757,-91.46420,2.8,297.6,297.0,SANDPIPER,,WDG2173,31,0,23,,,57,A
367512920,2022-01-06T11:12:26,29.68514,-91.18941,4.7,285.2,284.0,SANDPIPER,,WDG2173,31,0,23,,,57,A
367512920,2022-01-06T14:06:47,29.66217,-91.43721,4.1,291.7,306.0,SANDPIPER,,WDG2173,31,0,23,,,57,A
367512920,2022-01-06T14:01:16,29.65989,-91.42978,4.6,291.8,291.0,SANDPIPER,,WDG2173,31,0,23,,,57,A
367512920,2022-01-06T14:14:56,29.66903,-91.44372,4.1,299.5,288.0,SANDPIPER,,WDG2173,31,0,23,,,57,A
367512920,2022-01-06T11:20:37,29.68845,-91.20315,5.2,272.0,266.0,SANDPIPER,,WDG2173,31,0,23,,,57,A
367512920,2022-01-06T14:11:25,29.66568,-91.44130,5.0,337.0,330.0,SANDPIPER,,WDG2173,31,0,23,,,57,A
367512920,2022-01-06T11:21:47,29.68840,-91.20512,5.4,266.1,262.0,SANDPIPER,,WDG2173,31,0,23,,,57,A
367512920,2022-01-06T11:24:05,29.68780,-91.20933,6.7,255.3,239.0,SANDPIPER,,WDG2173,31,0,23,,,57,A
367512920,2022-01-06T14:16:05,29.66959,-91.44525,4.7,291.0,290.0,SANDPIPER,,WDG2173,31,0,23,,,57,A
367512920,2022-01-06T14:53:26,29.68616,-91.48429,4.1,296.0,299.0,SANDPIPER,,WDG2173,31,0,23,,,57,A
367512920,2022-01-06T11:26:26,29.68494,-91.21415,8.7,230.3,229.0,SANDPIPER,,WDG2173,31,0,23,,,57,A
367512920,2022-01-06T14:19:35,29.67118,-91.44979,4.1,292.6,296.0,SANDPIPER,,WDG2173,31,0,23,,,57,A
367512920,2022-01-06T14:21:55,29.67230,-91.45252,4.0,298.2,297.0,SANDPIPER,,WDG2173,31,0,23,,,57,A
367512920,2022-01-06T14:24:16,29.67345,-91.45515,3.9,296.1,297.0,SANDPIPER,,WDG2173,31,0,23,,,57,A
367512920,2022-01-06T11:31:07,29.67645,-91.22382,9.4,224.4,228.0,SANDPIPER,,WDG2173,31,0,23,,,57,A
367512920,2022-01-06T14:58:07,29.68868,-91.48989,4.3,295.6,301.0,SANDPIPER,,WDG2173,31,0,23,,,57,A
367512920,2022-01-06T14:31:17,29.67673,-91.46242,2.9,299.3,297.0,SANDPIPER,,WDG2173,31,0,23,,,57,A
367512920,2022-01-06T14:32:26,29.67715,-91.46332,2.7,297.4,296.0,SANDPIPER,,WDG2173,31,0,23,,,57,A
367512920,2022-01-06T14:59:16,29.68931,-91.49128,4.3,297.3,301.0,SANDPIPER,,WDG2173,31,0,23,,,57,A
367512920,2022-01-06T14:30:06,29.67625,-91.46140,3.4,297.1,298.0,SANDPIPER,,WDG2173,31,0,23,,,57,A
367512920,2022-01-06T13:45:45,29.65337,-91.40970,4.6,292.5,289.0,SANDPIPER,,WDG2173,31,0,23,,,57,A
367512920,2022-01-06T11:34:36,29.67056,-91.23159,9.4,233.1,228.0,SANDPIPER,,WDG2173,31,0,23,,,57,A
367512920,2022-01-06T14:27:47,29.67515,-91.45897,3.8,299.1,298.0,SANDPIPER,,WDG2173,31,0,23,,,57,A
367512920,2022-01-06T11:37:06,29.66619,-91.23638,7.5,212.4,209.0,SANDPIPER,,WDG2173,31,0,23,,,57,A
367512920,2022-01-06T14:34:37,29.67794,-91.46502,3.0,297.2,298.0,SANDPIPER,,WDG2173,31,0,23,,,57,A
367512920,2022-01-06T14:36:56,29.67888,-91.46703,3.2,299.3,296.0,SANDPIPER,,WDG2173,31,0,23,,,57,A
367512920,2022-01-06T15:08:17,29.69441,-91.50211,3.8,297.4,298.0,SANDPIPER,,WDG2173,31,0,23,,,57,A
367512920,2022-01-06T13:55:05,29.65748,-91.42260,3.9,288.9,291.0,SANDPIPER,,WDG2173,31,0,23,,,57,A
367512920,2022-01-06T14:39:17,29.67983,-91.46899,2.9,301.1,294.0,SANDPIPER,,WDG2173,31,0,23,,,57,A
367512920,2022-01-06T15:11:36,29.69659,-91.50713,7.9,292.7,294.0,SANDPIPER,,WDG2173,31,0,23,,,57,A
367512920,2022-01-06T11:43:55,29.65791,-91.24453,5.1,257.4,262.0,SANDPIPER,,WDG2173,31,0,23,,,57,A
367512920,2022-01-06T11:45:07,29.65762,-91.24646,5.2,260.2,257.0,SANDPIPER,,WDG2173,31,0,23,,,57,A
367512920,2022-01-06T14:42:55,29.68136,-91.47284,4.4,296.3,296.0,SANDPIPER,,WDG2173,31,0,23,,,57,A
367512920,2022-01-06T11:53:07,29.65391,-91.25835,4.7,249.4,253.0,SANDPIPER,,WDG2173,31,0,23,,,57,A
367512920,2022-01-06T15:20:55,29.70500,-91.52578,5.7,297.2,293.0,SANDPIPER,,WDG2173,31,0,23,,,57,A
367512920,2022-01-06T11:55:26,29.65287,-91.26135,4.2,247.4,262.0,SANDPIPER,,WDG2173,31,0,23,,,57,A
367512920,2022-01-06T15:23:17,29.70661,-91.52933,5.0,297.5,289.0,SANDPIPER,,WDG2173,31,0,23,,,57,A
367512920,2022-01-06T11:56:35,29.65255,-91.26280,4.0,262.7,268.0,SANDPIPER,,WDG2173,31,0,23,,,57,A
367512920,2022-01-06T14:13:45,29.66830,-91.44260,3.5,324.3,297.0,SANDPIPER,,WDG2173,31,0,23,,,57,A
367512920,2022-01-06T14:55:47,29.68743,-91.48709,4.2,298.1,300.0,SANDPIPER,,WDG2173,31,0,23,,,57,A
367512920,2022-01-06T11:59:55,29.65238,-91.26765,4.9,272.7,270.0,SANDPIPER,,WDG2173,31,0,23,,,57,A
367512920,2022-01-06T15:02:36,29.69147,-91.49564,5.0,301.5,300.0,SANDPIPER,,WDG2173,31,0,23,,,57,A
367512920,2022-01-06T15:33:35,29.71411,-91.54396,5.3,323.9,326.0,SANDPIPER,,WDG2173,31,0,23,,,57,A
367512920,2022-01-06T15:03:47,29.69221,-91.49711,4.3,299.2,298.0,SANDPIPER,,WDG2173,31,0,23,,,57,A
367512920,2022-01-06T15:00:17,29.68987,-91.49250,4.4,296.8,303.0,SANDPIPER,,WDG2173,31,0,23,,,57,A
367512920,2022-01-06T12:04:55,29.65131,-91.27388,4.4,233.0,228.0,SANDPIPER,,WDG2173,31,0,23,,,57,A
367512920,2022-01-06T12:02:46,29.65254,-91.27150,3.8,257.1,236.0,SANDPIPER,,WDG2173,31,0,23,,,57,A
367512920,2022-01-06T14:23:06,29.67286,-91.45387,4.0,295.9,298.0,SANDPIPER,,WDG2173,31,0,23,,,57,A
367512920,2022-01-06T15:07:07,29.69389,-91.50089,3.8,297.4,298.0,SANDPIPER,,WDG2173,31,0,23,,,57,A
367512920,2022-01-06T15:04:56,29.69282,-91.49845,4.0,296.2,298.0,SANDPIPER,,WDG2173,31,0,23,,,57,A
367512920,2022-01-06T14:25:26,29.67400,-91.45644,3.9,295.4,298.0,SANDPIPER,,WDG2173,31,0,23,,,57,A
367512920,2022-01-06T12:07:06,29.64950,-91.27631,4.7,225.8,228.0,SANDPIPER,,WDG2173,31,0,23,,,57,A
367512920,2022-01-06T15:40:16,29.72224,-91.55096,5.6,324.6,323.0,SANDPIPER,,WDG2173,31,0,23,,,57,A
367512920,2022-01-06T14:28:56,29.67572,-91.46021,3.8,296.9,298.0,SANDPIPER,,WDG2173,31,0,23,,,57,A
367512920,2022-01-06T15:17:26,29.70233,-91.52012,6.1,298.7,297.0,SANDPIPER,,WDG2173,31,0,23,,,57,A
367512920,2022-01-06T15:10:26,29.69570,-91.50464,5.8,300.2,293.0,SANDPIPER,,WDG2173,31,0,23,,,57,A
367512920,2022-01-06T12:13:56,29.64595,-91.28450,4.5,268.6,272.0,SANDPIPER,,WDG2173,31,0,23,,,57,A
367512920,2022-01-06T15:12:45,29.69760,-91.50992,8.1,293.8,298.0,SANDPIPER,,WDG2173,31,0,23,,,57,A
367512920,2022-01-06T15:49:16,29.73157,-91.56111,5.4,331.1,324.0,SANDPIPER,,WDG2173,31,0,23,,,57,A
367512920,2022-01-06T15:18:35,29.70327,-91.52204,5.9,300.3,296.0,SANDPIPER,,WDG2173,31,0,23,,,57,A
367512920,2022-01-06T14:41:46,29.68081,-91.47134,4.1,291.2,294.0,SANDPIPER,,WDG2173,31,0,23,,,57,A
367512920,2022-01-06T12:17:26,29.64599,-91.28946,4.4,265.0,260.0,SANDPIPER,,WDG2173,31,0,23,,,57,A
367512920,2022-01-06T15:24:26,29.70720,-91.53107,5.1,289.5,293.0,SANDPIPER,,WDG2173,31,0,23,,,57,A
367512920,2022-01-06T15:25:37,29.70789,-91.53285,5.3,292.9,295.0,SANDPIPER,,WDG2173,31,0,23,,,57,A
367512920,2022-01-06T15:27:56,29.70949,-91.53643,5.4,296.0,293.0,SANDPIPER,,WDG2173,31,0,23,,,57,A
367512920,2022-01-06T15:22:06,29.70582,-91.52761,5.4,300.7,293.0,SANDPIPER,,WDG2173,31,0,23,,,57,A
367512920,2022-01-06T15:29:07,29.71018,-91.53827,5.4,296.7,298.0,SANDPIPER,,WDG2173,31,0,23,,,57,A
367512920,2022-01-06T14:45:16,29.68250,-91.47547,3.6,298.6,297.0,SANDPIPER,,WDG2173,31,0,23,,,57,A
367512920,2022-01-06T15:30:16,29.71092,-91.53999,5.2,300.1,309.0,SANDPIPER,,WDG2173,31,0,23,,,57,A
367512920,2022-01-06T14:46:27,29.68301,-91.47659,3.3,299.0,296.0,SANDPIPER,,WDG2173,31,0,23,,,57,A
367512920,2022-01-06T12:31:26,29.64153,-91.31022,4.9,256.8,257.0,SANDPIPER,,WDG2173,31,0,23,,,57,A
367512920,2022-01-06T15:32:26,29.71276,-91.54277,5.0,320.8,325.0,SANDPIPER,,WDG2173,31,0,23,,,57,A
367512920,2022-01-06T15:31:25,29.71178,-91.54163,5.0,310.5,322.0,SANDPIPER,,WDG2173,31,0,23,,,57,A
367512920,2022-01-06T12:23:17,29.64427,-91.29790,4.9,253.1,257.0,SANDPIPER,,WDG2173,31,0,23,,,57,A
367512920,2022-01-06T12:36:56,29.63955,-91.31843,4.8,252.7,265.0,SANDPIPER,,WDG2173,31,0,23,,,57,A
367512920,2022-01-06T14:52:16,29.68559,-91.48294,4.2,294.0,299.0,SANDPIPER,,WDG2173,31,0,23,,,57,A
367512920,2022-01-06T16:01:36,29.74313,-91.57509,5.2,317.2,302.0,SANDPIPER,,WDG2173,31,0,23,,,57,A
367512920,2022-01-06T15:38:06,29.71957,-91.54863,5.5,318.1,323.0,SANDPIPER,,WDG2173,31,0,23,,,57,A
367512920,2022-01-06T14:54:37,29.68679,-91.48568,4.2,297.9,299.0,SANDPIPER,,WDG2173,31,0,23,,,57,A
367512920,2022-01-06T15:34:46,29.71556,-91.54506,5.4,327.8,323.0,SANDPIPER,,WDG2173,31,0,23,,,57,A
367512920,2022-01-06T15:35:55,29.71695,-91.54630,5.5,321.9,323.0,SANDPIPER,,WDG2173,31,0,23,,,57,A
367512920,2022-01-06T12:41:26,29.63930,-91.32484,4.7,275.8,279.0,SANDPIPER,,WDG2173,31,0,23,,,57,A
367512920,2022-01-06T15:39:15,29.72099,-91.54990,5.6,323.3,322.0,SANDPIPER,,WDG2173,31,0,23,,,57,A
367512920,2022-01-06T12:43:47,29.63978,-91.32891,5.9,278.1,278.0,SANDPIPER,,WDG2173,31,0,23,,,57,A
367512920,2022-01-06T15:42:26,29.72485,-91.55311,5.1,321.5,309.0,SANDPIPER,,WDG2173,31,0,23,,,57,A
367512920,2022-01-06T16:14:27,29.75051,-91.59495,5.6,301.5,300.0,SANDPIPER,,WDG2173,31,0,23,,,57,A
367512920,2022-01-06T16:12:07,29.74845,-91.59139,5.8,302.9,302.0,SANDPIPER,,WDG2173,31,0,23,,,57,A
367512920,2022-01-06T12:46:06,29.64038,-91.33320,5.9,277.9,277.0,SANDPIPER,,WDG2173,31,0,23,,,57,A
367512920,2022-01-06T15:50:19,29.73290,-91.56180,4.6,330.9,303.0,SANDPIPER,,WDG2173,31,0,23,,,57,A
367512920,2022-01-06T15:43:27,29.72590,-91.55426,5.1,314.2,307.0,SANDPIPER,,WDG2173,31,0,23,,,57,A
367512920,2022-01-06T15:52:35,29.73471,-91.56441,4.9,288.8,285.0,SANDPIPER,,WDG2173,31,0,23,,,57,A
367512920,2022-01-06T15:46:56,29.72891,-91.55881,5.1,309.0,327.0,SANDPIPER,,WDG2173,31,0,23,,,57,A
367512920,2022-01-06T12:50:47,29.64116,-91.34038,4.2,277.3,276.0,SANDPIPER,,WDG2173,31,0,23,,,57,A
367512920,2022-01-06T15:51:27,29.73392,-91.56289,4.7,309.6,291.0,SANDPIPER,,WDG2173,31,0,23,,,57,A
367512920,2022-01-06T12:51:56,29.64134,-91.34192,4.2,278.5,275.0,SANDPIPER,,WDG2173,31,0,23,,,57,A
367512920,2022-01-06T15:09:25,29.69501,-91.50332,3.8,299.8,297.0,SANDPIPER,,WDG2173,31,0,23,,,57,A
367512920,2022-01-06T15:53:36,29.73513,-91.56597,5.2,281.7,289.0,SANDPIPER,,WDG2173,31,0,23,,,57,A
367512920,2022-01-06T15:54:40,29.73537,-91.56754,4.4,292.1,312.0,SANDPIPER,,WDG2173,31,0,23,,,57,A
367512920,2022-01-06T16:22:36,29.75918,-91.60482,4.2,311.2,284.0,SANDPIPER,,WDG2173,31,0,23,,,57,A
367512920,2022-01-06T15:59:06,29.74017,-91.57247,5.6,326.4,322.0,SANDPIPER,,WDG2173,31,0,23,,,57,A
367512920,2022-01-06T12:42:36,29.63951,-91.32671,5.5,278.3,279.0,SANDPIPER,,WDG2173,31,0,23,,,57,A
367512920,2022-01-06T15:16:17,29.70131,-91.51796,8.0,299.9,298.0,SANDPIPER,,WDG2173,31,0,23,,,57,A
367512920,2022-01-06T15:56:56,29.73745,-91.57018,5.4,316.9,325.0,SANDPIPER,,WDG2173,31,0,23,,,57,A
367512920,2022-01-06T13:00:56,29.64198,-91.35404,4.4,271.0,273.0,SANDPIPER,,WDG2173,31,0,23,,,57,A
367512920,2022-01-06T12:44:56,29.64007,-91.33100,5.9,278.6,278.0,SANDPIPER,,WDG2173,31,0,23,,,57,A
367512920,2022-01-06T15:19:45,29.70418,-91.52389,5.7,297.8,293.0,SANDPIPER,,WDG2173,31,0,23,,,57,A
367512920,2022-01-06T16:29:35,29.75993,-91.61539,5.4,268.0,268.0,SANDPIPER,,WDG2173,31,0,23,,,57,A
367512920,2022-01-06T16:07:27,29.74607,-91.58372,5.6,274.4,278.0,SANDPIPER,,WDG2173,31,0,23,,,57,A
367512920,2022-01-06T16:37:55,29.75992,-91.62791,4.6,270.1,271.0,SANDPIPER,,WDG2173,31,0,23,,,57,A
367512920,2022-01-06T16:13:15,29.74952,-91.59314,5.7,305.4,297.0,SANDPIPER,,WDG2173,31,0,23,,,57,A
367512920,2022-01-06T12:54:16,29.64156,-91.34505,4.2,273.2,273.0,SANDPIPER,,WDG2173,31,0,23,,,57,A
367512920,2022-01-06T12:55:26,29.64166,-91.34662,4.2,274.2,272.0,SANDPIPER,,WDG2173,31,0,23,,,57,A
367512920,2022-01-06T16:42:37,29.76009,-91.63481,4.6,275.5,270.0,SANDPIPER,,WDG2173,31,0,23,,,57,A
367512920,2022-01-06T13:13:25,29.64324,-91.36550,2.2,282.1,282.0,SANDPIPER,,WDG2173,31,0,23,,,57,A
367512920,2022-01-06T12:56:36,29.64174,-91.34816,4.2,273.1,273.0,SANDPIPER,,WDG2173,31,0,23,,,57,A
367512920,2022-01-06T16:46:06,29.76022,-91.63984,4.6,269.5,268.0,SANDPIPER,,WDG2173,31,0,23,,,57,A
367512920,2022-01-06T16:23:45,29.75987,-91.60618,4.2,299.2,271.0,SANDPIPER,,WDG2173,31,0,23,,,57,A
367512920,2022-01-06T16:19:06,29.75528,-91.60108,5.8,321.1,318.0,SANDPIPER,,WDG2173,31,0,23,,,57,A
367512920,2022-01-06T16:28:27,29.75997,-91.61338,5.5,270.3,268.0,SANDPIPER,,WDG2173,31,0,23,,,57,A
367512920,2022-01-06T16:49:35,29.76024,-91.64500,4.6,271.0,268.0,SANDPIPER,,WDG2173,31,0,23,,,57,A
367512920,2022-01-06T16:50:47,29.76029,-91.64673,4.6,272.1,267.0,SANDPIPER,,WDG2173,31,0,23,,,57,A
367512920,2022-01-06T16:24:56,29.76017,-91.60769,4.4,275.3,265.0,SANDPIPER,,WDG2173,31,0,23,,,57,A
367512920,2022-01-06T16:33:16,29.75987,-91.62115,4.7,269.8,268.0,SANDPIPER,,WDG2173,31,0,23,,,57,A
367512920,2022-01-06T16:59:57,29.76048,-91.66083,4.8,273.0,267.0,SANDPIPER,,WDG2173,31,0,23,,,57,A
367512920,2022-01-06T16:55:17,29.76034,-91.65357,4.9,269.8,268.0,SANDPIPER,,WDG2173,31,0,23,,,57,A
367512920,2022-01-06T13:24:46,29.64513,-91.37507,4.2,281.3,283.0,SANDPIPER,,WDG2173,31,0,23,,,57,A
367512920,2022-01-06T16:34:26,29.75985,-91.62284,4.6,272.7,271.0,SANDPIPER,,WDG2173,31,0,23,,,57,A
367512920,2022-01-06T16:32:07,29.75988,-91.61940,4.8,269.0,269.0,SANDPIPER,,WDG2173,31,0,23,,,57,A
367512920,2022-01-06T16:35:36,29.75991,-91.62457,4.6,271.4,271.0,SANDPIPER,,WDG2173,31,0,23,,,57,A
367512920,2022-01-06T16:40:17,29.75996,-91.63135,4.7,267.9,270.0,SANDPIPER,,WDG2173,31,0,23,,,57,A
367512920,2022-01-06T17:09:46,29.76080,-91.67587,4.8,272.6,266.0,SANDPIPER,,WDG2173,31,0,23,,,57,A
367512920,2022-01-06T15:57:57,29.73865,-91.57128,5.6,325.8,324.0,SANDPIPER,,WDG2173,31,0,23,,,57,A
367512920,2022-01-06T13:10:06,29.64277,-91.36314,2.4,284.9,282.0,SANDPIPER,,WDG2173,31,0,23,,,57,A
367512920,2022-01-06T16:41:27,29.75999,-91.63309,4.7,273.4,271.0,SANDPIPER,,WDG2173,31,0,23,,,57,A
367512920,2022-01-06T16:00:26,29.74182,-91.57383,5.4,323.0,312.0,SANDPIPER,,WDG2173,31,0,23,,,57,A
367512920,2022-01-06T16:44:55,29.76022,-91.63814,4.5,272.6,268.0,SANDPIPER,,WDG2173,31,0,23,,,57,A
367512920,2022-01-06T13:37:35,29.64962,-91.39829,5.5,293.2,292.0,SANDPIPER,,WDG2173,31,0,23,,,57,A
367512920,2022-01-06T17:17:57,29.76088,-91.68826,4.9,268.9,265.0,SANDPIPER,,WDG2173,31,0,23,,,57,A
367512920,2022-01-06T13:20:16,29.64429,-91.37029,2.3,285.9,280.0,SANDPIPER,,WDG2173,31,0,23,,,57,A
367512920,2022-01-06T16:10:56,29.74746,-91.58958,5.6,300.1,300.0,SANDPIPER,,WDG2173,31,0,23,,,57,A
367512920,2022-01-06T17:22:35,29.76109,-91.69534,4.7,277.7,273.0,SANDPIPER,,WDG2173,31,0,23,,,57,A
367512920,2022-01-06T17:20:16,29.76090,-91.69181,4.8,273.1,268.0,SANDPIPER,,WDG2173,31,0,23,,,57,A
367512920,2022-01-06T13:44:37,29.65284,-91.40812,4.6,290.4,289.0,SANDPIPER,,WDG2173,31,0,23,,,57,A
367512920,2022-01-06T16:54:16,29.76036,-91.65199,5.0,271.8,267.0,SANDPIPER,,WDG2173,31,0,23,,,57,A
367512920,2022-01-06T17:29:36,29.76348,-91.70574,4.9,293.1,289.0,SANDPIPER,,WDG2173,31,0,23,,,57,A
367512920,2022-01-06T16:58:47,29.76047,-91.65904,4.8,272.4,267.0,SANDPIPER,,WDG2173,31,0,23,,,57,A
367512920,2022-01-06T17:01:37,29.76051,-91.66341,4.9,270.6,270.0,SANDPIPER,,WDG2173,31,0,23,,,57,A
367512920,2022-01-06T13:30:36,29.64696,-91.38464,5.9,279.4,278.0,SANDPIPER,,WDG2173,31,0,23,,,57,A
367512920,2022-01-06T17:02:46,29.76061,-91.66512,4.6,268.6,266.0,SANDPIPER,,WDG2173,31,0,23,,,57,A
367512920,2022-01-06T13:31:46,29.64727,-91.38679,6.0,279.1,280.0,SANDPIPER,,WDG2173,31,0,23,,,57,A
367512920,2022-01-06T13:56:06,29.65783,-91.42374,3.7,290.9,292.0,SANDPIPER,,WDG2173,31,0,23,,,57,A
367512920,2022-01-06T17:06:17,29.76063,-91.67058,4.9,275.8,269.0,SANDPIPER,,WDG2173,31,0,23,,,57,A
367512920,2022-01-06T13:35:16,29.64824,-91.39346,6.4,272.5,289.0,SANDPIPER,,WDG2173,31,0,23,,,57,A
367512920,2022-01-06T13:58:26,29.65872,-91.42627,3.7,290.3,291.0,SANDPIPER,,WDG2173,31,0,23,,,57,A
367512920,2022-01-06T17:42:06,29.76654,-91.72420,5.0,253.2,250.0,SANDPIPER,,WDG2173,31,0,23,,,57,A
367512920,2022-01-06T17:10:56,29.76083,-91.67763,4.8,271.8,268.0,SANDPIPER,,WDG2173,31,0,23,,,57,A
367512920,2022-01-06T17:12:07,29.76091,-91.67941,4.7,273.6,266.0,SANDPIPER,,WDG2173,31,0,23,,,57,A
367512920,2022-01-06T16:30:57,29.75991,-91.61760,4.9,270.6,268.0,SANDPIPER,,WDG2173,31,0,23,,,57,A
367512920,2022-01-06T17:14:27,29.76096,-91.68287,4.7,265.2,264.0,SANDPIPER,,WDG2173,31,0,23,,,57,A
367512920,2022-01-06T14:05:36,29.66176,-91.43570,4.5,290.7,295.0,SANDPIPER,,WDG2173,31,0,23,,,57,A
367512920,2022-01-06T17:47:55,29.76433,-91.73326,5.2,260.3,261.0,SANDPIPER,,WDG2173,31,0,23,,,57,A
367512920,2022-01-06T14:07:57,29.66270,-91.43858,3.8,296.2,318.0,SANDPIPER,,WDG2173,31,0,23,,,57,A
367512920,2022-01-06T16:36:47,29.75998,-91.62626,4.5,272.8,268.0,SANDPIPER,,WDG2173,31,0,23,,,57,A
367512920,2022-01-06T14:09:06,29.66331,-91.43970,3.5,303.3,331.0,SANDPIPER,,WDG2173,31,0,23,,,57,A
367512920,2022-01-06T13:46:55,29.65388,-91.41131,4.6,287.5,289.0,SANDPIPER,,WDG2173,31,0,23,,,57,A
367512920,2022-01-06T17:51:26,29.76393,-91.73914,5.3,272.7,270.0,SANDPIPER,,WDG2173,31,0,23,,,57,A
367512920,2022-01-06T13:49:17,29.65491,-91.41463,4.7,290.4,290.0,SANDPIPER,,WDG2173,31,0,23,,,57,A
367512920,2022-01-06T17:53:35,29.76404,-91.74254,4.6,272.7,269.0,SANDPIPER,,WDG2173,31,0,23,,,57,A
367512920,2022-01-06T17:57:05,29.76421,-91.74737,4.4,264.9,261.0,SANDPIPER,,WDG2173,31,0,23,,,57,A
367512920,2022-01-06T17:24:57,29.76146,-91.69882,4.8,277.1,283.0,SANDPIPER,,WDG2173,31,0,23,,,57,A
367512920,2022-01-06T18:00:16,29.76407,-91.75175,4.3,273.4,267.0,SANDPIPER,,WDG2173,31,0,23,,,57,A
367512920,2022-01-06T13:52:47,29.65651,-91.41955,4.8,290.2,290.0,SANDPIPER,,WDG2173,31,0,23,,,57,A
367512920,2022-01-06T16:47:17,29.76021,-91.64157,4.6,270.3,268.0,SANDPIPER,,WDG2173,31,0,23,,,57,A
367512920,2022-01-06T17:30:45,29.76408,-91.70743,5.0,291.8,288.0,SANDPIPER,,WDG2173,31,0,23,,,57,A
367512920,2022-01-06T18:04:57,29.76411,-91.75696,2.7,265.3,263.0,SANDPIPER,,WDG2173,31,0,23,,,57,A
367512920,2022-01-06T17:34:16,29.76572,-91.71254,4.8,287.0,283.0,SANDPIPER,,WDG2173,31,0,23,,,57,A
367512920,2022-01-06T17:33:06,29.76523,-91.71086,4.9,292.8,284.0,SANDPIPER,,WDG2173,31,0,23,,,57,A
367512920,2022-01-06T17:35:26,29.76616,-91.71430,4.9,286.4,284.0,SANDPIPER,,WDG2173,31,0,23,,,57,A
367512920,2022-01-06T17:37:37,29.76698,-91.71756,4.7,286.1,273.0,SANDPIPER,,WDG2173,31,0,23,,,57,A
367512920,2022-01-06T17:38:46,29.76728,-91.71922,4.6,275.9,261.0,SANDPIPER,,WDG2173,31,0,23,,,57,A
367512920,2022-01-06T17:39:56,29.76723,-91.72097,4.7,261.8,254.0,SANDPIPER,,WDG2173,31,0,23,,,57,A
367512920,2022-01-06T17:41:05,29.76693,-91.72267,4.9,255.0,251.0,SANDPIPER,,WDG2173,31,0,23,,,57,A
367512920,2022-01-06T16:56:27,29.76037,-91.65540,4.9,272.0,268.0,SANDPIPER,,WDG2173,31,0,23,,,57,A
367512920,2022-01-06T18:10:36,29.76416,-91.76460,4.5,271.0,267.0,SANDPIPER,,WDG2173,31,0,23,,,57,A
367512920,2022-01-06T17:44:26,29.76545,-91.72773,5.1,254.3,253.0,SANDPIPER,,WDG2173,31,0,23,,,57,A
367512920,2022-01-06T17:45:37,29.76492,-91.72952,5.0,257.3,259.0,SANDPIPER,,WDG2173,31,0,23,,,57,A
367512920,2022-01-06T17:46:47,29.76460,-91.73140,5.2,260.2,261.0,SANDPIPER,,WDG2173,31,0,23,,,57,A
367512920,2022-01-06T17:49:07,29.76408,-91.73522,5.2,261.1,265.0,SANDPIPER,,WDG2173,31,0,23,,,57,A
367512920,2022-01-06T18:21:27,29.76882,-91.77889,4.7,301.7,297.0,SANDPIPER,,WDG2173,31,0,23,,,57,A
367512920,2022-01-06T14:44:06,29.68194,-91.47420,3.9,295.8,297.0,SANDPIPER,,WDG2173,31,0,23,,,57,A
367512920,2022-01-06T17:55:57,29.76417,-91.74578,4.2,272.7,266.0,SANDPIPER,,WDG2173,31,0,23,,,57,A
367512920,2022-01-06T18:28:26,29.77340,-91.78798,5.0,297.2,298.0,SANDPIPER,,WDG2173,31,0,23,,,57,A
367512920,2022-01-06T17:13:16,29.76096,-91.68112,4.7,272.1,265.0,SANDPIPER,,WDG2173,31,0,23,,,57,A
367512920,2022-01-06T18:24:57,29.77113,-91.78345,4.7,302.1,299.0,SANDPIPER,,WDG2173,31,0,23,,,57,A
367512920,2022-01-06T18:26:07,29.77198,-91.78486,4.6,300.9,296.0,SANDPIPER,,WDG2173,31,0,23,,,57,A
367512920,2022-01-06T18:27:15,29.77270,-91.78635,4.7,296.9,296.0,SANDPIPER,,WDG2173,31,0,23,,,57,A
367512920,2022-01-06T18:31:55,29.77586,-91.79296,5.3,303.3,301.0,SANDPIPER,,WDG2173,31,0,23,,,57,A
367512920,2022-01-06T18:01:25,29.76409,-91.75331,4.2,271.4,268.0,SANDPIPER,,WDG2173,31,0,23,,,57,A
367512920,2022-01-06T14:49:57,29.68446,-91.48013,4.1,293.7,297.0,SANDPIPER,,WDG2173,31,0,23,,,57,A
367512920,2022-01-06T14:51:06,29.68503,-91.48153,4.2,296.2,298.0,SANDPIPER,,WDG2173,31,0,23,,,57,A
367512920,2022-01-06T18:35:55,29.77848,-91.79823,3.4,303.4,301.0,SANDPIPER,,WDG2173,31,0,23,,,57,A
367512920,2022-01-06T17:23:45,29.76131,-91.69707,4.6,279.0,276.0,SANDPIPER,,WDG2173,31,0,23,,,57,A
367512920,2022-01-06T18:39:25,29.77986,-91.80120,3.9,293.3,303.0,SANDPIPER,,WDG2173,31,0,23,,,57,A
367512920,2022-01-06T18:37:05,29.77901,-91.79912,2.7,304.2,298.0,SANDPIPER,,WDG2173,31,0,23,,,57,A
367512920,2022-01-06T18:07:16,29.76412,-91.75992,4.4,271.4,268.0,SANDPIPER,,WDG2173,31,0,23,,,57,A
367512920,2022-01-06T18:13:57,29.76416,-91.76919,4.4,283.0,290.0,SANDPIPER,,WDG2173,31,0,23,,,57,A
367512920,2022-01-06T18:45:16,29.78236,-91.80575,1.6,268.2,298.0,SANDPIPER,,WDG2173,31,0,23,,,57,A
367512920,2022-01-06T18:16:47,29.76573,-91.77294,4.8,301.8,299.0,SANDPIPER,,WDG2173,31,0,23,,,57,A
367512920,2022-01-06T14:26:36,29.67457,-91.45771,3.8,297.2,298.0,SANDPIPER,,WDG2173,31,0,23,,,57,A
367512920,2022-01-06T15:01:26,29.69063,-91.49403,4.9,301.5,302.0,SANDPIPER,,WDG2173,31,0,23,,,57,A
367512920,2022-01-06T18:19:06,29.76726,-91.77589,4.7,296.5,298.0,SANDPIPER,,WDG2173,31,0,23,,,57,A
367512920,2022-01-06T18:12:47,29.76403,-91.76759,4.2,268.6,278.0,SANDPIPER,,WDG2173,31,0,23,,,57,A
367512920,2022-01-06T18:50:56,29.78373,-91.80812,1.7,305.1,301.0,SANDPIPER,,WDG2173,31,0,23,,,57,A
367512920,2022-01-06T18:55:36,29.78597,-91.81238,3.9,315.2,318.0,SANDPIPER,,WDG2173,31,0,23,,,57,A
367512920,2022-01-06T18:56:47,29.78683,-91.81355,4.1,316.2,326.0,SANDPIPER,,WDG2173,31,0,23,,,57,A
367512920,2022-01-06T14:35:46,29.67840,-91.46602,3.1,297.5,296.0,SANDPIPER,,WDG2173,31,0,23,,,57,A
367512920,2022-01-06T18:34:46,29.77784,-91.79689,5.0,296.4,299.0,SANDPIPER,,WDG2173,31,0,23,,,57,A
367512920,2022-01-06T19:08:56,29.80070,-91.81808,4.6,341.8,341.0,SANDPIPER,,WDG2173,31,0,23,,,57,A
367512920,2022-01-06T15:15:07,29.69998,-91.51530,8.2,299.3,300.0,SANDPIPER,,WDG2173,31,0,23,,,57,A
367512920,2022-01-06T14:38:06,29.67936,-91.46805,3.0,297.1,295.0,SANDPIPER,,WDG2173,31,0,23,,,57,A
367512920,2022-01-06T18:38:17,29.77947,-91.79996,2.7,292.6,295.0,SANDPIPER,,WDG2173,31,0,23,,,57,A
367512920,2022-01-06T14:40:36,29.68034,-91.47011,3.1,296.6,293.0,SANDPIPER,,WDG2173,31,0,23,,,57,A
367512920,2022-01-06T19:12:27,29.80500,-91.81986,4.7,336.8,335.0,SANDPIPER,,WDG2173,31,0,23,,,57,A
367512920,2022-01-06T17:52:27,29.76397,-91.74079,5.1,270.9,269.0,SANDPIPER,,WDG2173,31,0,23,,,57,A
367512920,2022-01-06T18:40:37,29.78058,-91.80256,4.4,305.3,306.0,SANDPIPER,,WDG2173,31,0,23,,,57,A
367512920,2022-01-06T18:44:07,29.78232,-91.80513,1.8,296.7,289.0,SANDPIPER,,WDG2173,31,0,23,,,57,A
367512920,2022-01-06T14:47:35,29.68347,-91.47765,3.2,294.4,296.0,SANDPIPER,,WDG2173,31,0,23,,,57,A
367512920,2022-01-06T18:48:37,29.78302,-91.80720,1.6,310.4,307.0,SANDPIPER,,WDG2173,31,0,23,,,57,A
367512920,2022-01-06T14:48:46,29.68393,-91.47877,3.6,293.9,296.0,SANDPIPER,,WDG2173,31,0,23,,,57,A
367512920,2022-01-06T19:14:46,29.80766,-91.82128,4.6,336.4,338.0,SANDPIPER,,WDG2173,31,0,23,,,57,A
367512920,2022-01-06T18:41:47,29.78142,-91.80379,3.6,305.4,302.0,SANDPIPER,,WDG2173,31,0,23,,,57,A
367512920,2022-01-06T18:06:05,29.76404,-91.75830,4.2,270.7,269.0,SANDPIPER,,WDG2173,31,0,23,,,57,A
367512920,2022-01-06T14:56:55,29.68805,-91.48845,4.3,297.9,300.0,SANDPIPER,,WDG2173,31,0,23,,,57,A
367512920,2022-01-06T18:09:35,29.76418,-91.76317,4.4,267.5,266.0,SANDPIPER,,WDG2173,31,0,23,,,57,A
367512920,2022-01-06T19:25:37,29.82069,-91.82568,4.1,354.1,351.0,SANDPIPER,,WDG2173,31,0,23,,,57,A
367512920,2022-01-06T18:49:46,29.78337,-91.80765,1.7,308.3,305.0,SANDPIPER,,WDG2173,31,0,23,,,57,A
367512920,2022-01-06T19:30:16,29.82075,-91.82595,2.6,4.3,352.0,SANDPIPER,,WDG2173,31,0,23,,,57,A
367512920,2022-01-06T18:15:05,29.76466,-91.77071,4.6,293.4,295.0,SANDPIPER,,WDG2173,31,0,23,,,57,A
367512920,2022-01-06T19:37:16,29.82965,-91.82692,4.5,348.1,339.0,SANDPIPER,,WDG2173,31,0,23,,,57,A
367512920,2022-01-06T15:06:06,29.69340,-91.49976,3.9,297.1,298.0,SANDPIPER,,WDG2173,31,0,23,,,57,A
367512920,2022-01-06T19:10:06,29.80213,-91.81863,4.6,340.6,340.0,SANDPIPER,,WDG2173,31,0,23,,,57,A
367512920,2022-01-06T19:11:17,29.80359,-91.81920,4.6,339.6,335.0,SANDPIPER,,WDG2173,31,0,23,,,57,A
367512920,2022-01-06T18:23:45,29.77033,-91.78191,4.7,301.0,298.0,SANDPIPER,,WDG2173,31,0,23,,,57,A
367512920,2022-01-06T19:13:36,29.80635,-91.82055,4.6,338.7,335.0,SANDPIPER,,WDG2173,31,0,23,,,57,A
367512920,2022-01-06T19:15:56,29.80907,-91.82186,4.7,341.8,339.0,SANDPIPER,,WDG2173,31,0,23,,,57,A
367512920,2022-01-06T19:17:06,29.81058,-91.82243,4.8,342.3,338.0,SANDPIPER,,WDG2173,31,0,23,,,57,A
367512920,2022-01-06T19:50:06,29.84099,-91.83989,4.8,298.9,299.0,SANDPIPER,,WDG2173,31,0,23,,,57,A
367512920,2022-01-06T19:19:46,29.81385,-91.82367,4.5,339.9,337.0,SANDPIPER,,WDG2173,31,0,23,,,57,A
367512920,2022-01-06T15:13:56,29.69872,-91.51262,8.0,296.5,300.0,SANDPIPER,,WDG2173,31,0,23,,,57,A
367512920,2022-01-06T19:20:55,29.81520,-91.82419,4.4,343.2,338.0,SANDPIPER,,WDG2173,31,0,23,,,57,A
367512920,2022-01-06T15:48:05,29.73014,-91.56003,5.1,322.8,329.0,SANDPIPER,,WDG2173,31,0,23,,,57,A
367512920,2022-01-06T19:53:26,29.84309,-91.84463,4.7,295.8,297.0,SANDPIPER,,WDG2173,31,0,23,,,57,A
367512920,2022-01-06T18:33:36,29.77715,-91.79527,4.9,297.3,295.0,SANDPIPER,,WDG2173,31,0,23,,,57,A
367512920,2022-01-06T19:48:57,29.84021,-91.83841,4.6,304.8,301.0,SANDPIPER,,WDG2173,31,0,23,,,57,A
367512920,2022-01-06T19:52:16,29.84236,-91.84303,5.1,298.6,301.0,SANDPIPER,,WDG2173,31,0,23,,,57,A
367512920,2022-01-06T19:26:46,29.82186,-91.82577,2.3,348.8,353.0,SANDPIPER,,WDG2173,31,0,23,,,57,A
367512920,2022-01-06T15:55:46,29.73619,-91.56889,5.0,310.3,321.0,SANDPIPER,,WDG2173,31,0,23,,,57,A
367512920,2022-01-06T19:27:57,29.82199,-91.82603,0.7,234.3,10.0,SANDPIPER,,WDG2173,31,0,23,,,57,A
367512920,2022-01-06T19:23:16,29.81791,-91.82519,4.3,344.2,347.0,SANDPIPER,,WDG2173,31,0,23,,,57,A
367512920,2022-01-06T19:31:26,29.82217,-91.82600,4.6,352.7,346.0,SANDPIPER,,WDG2173,31,0,23,,,57,A
367512920,2022-01-06T19:57:56,29.84497,-91.85073,4.6,271.9,271.0,SANDPIPER,,WDG2173,31,0,23,,,57,A
367512920,2022-01-06T15:26:45,29.70863,-91.53465,5.5,296.8,297.0,SANDPIPER,,WDG2173,31,0,23,,,57,A
367512920,2022-01-06T19:33:46,29.82507,-91.82647,4.8,353.4,351.0,SANDPIPER,,WDG2173,31,0,23,,,57,A
367512920,2022-01-06T19:38:26,29.83109,-91.82748,4.7,341.1,335.0,SANDPIPER,,WDG2173,31,0,23,,,57,A
367512920,2022-01-06T20:06:16,29.84482,-91.86290,4.5,268.3,275.0,SANDPIPER,,WDG2173,31,0,23,,,57,A
367512920,2022-01-06T19:41:56,29.83469,-91.82969,4.3,307.1,303.0,SANDPIPER,,WDG2173,31,0,23,,,57,A
367512920,2022-01-06T19:44:17,29.83636,-91.83274,5.0,299.9,307.0,SANDPIPER,,WDG2173,31,0,23,,,57,A
367512920,2022-01-06T15:37:05,29.71838,-91.54754,5.5,321.8,323.0,SANDPIPER,,WDG2173,31,0,23,,,57,A
367512920,2022-01-06T19:45:26,29.83727,-91.83423,4.9,304.5,309.0,SANDPIPER,,WDG2173,31,0,23,,,57,A
367512920,2022-01-06T16:03:57,29.74506,-91.57792,4.8,294.8,279.0,SANDPIPER,,WDG2173,31,0,23,,,57,A
367512920,2022-01-06T15:41:25,29.72370,-91.55209,5.4,326.8,317.0,SANDPIPER,,WDG2173,31,0,23,,,57,A
367512920,2022-01-06T16:05:07,29.74554,-91.57970,5.2,283.4,277.0,SANDPIPER,,WDG2173,31,0,23,,,57,A
367512920,2022-01-06T16:08:37,29.74623,-91.58579,5.5,278.4,288.0,SANDPIPER,,WDG2173,31,0,23,,,57,A
367512920,2022-01-06T16:09:47,29.74665,-91.58777,5.4,289.6,296.0,SANDPIPER,,WDG2173,31,0,23,,,57,A
367512920,2022-01-06T20:19:07,29.84491,-91.88130,4.7,269.5,272.0,SANDPIPER,,WDG2173,31,0,23,,,57,A
367512920,2022-01-06T19:55:45,29.84422,-91.84776,4.5,295.3,290.0,SANDPIPER,,WDG2173,31,0,23,,,57,A
367512920,2022-01-06T15:44:35,29.72703,-91.55559,5.0,308.6,300.0,SANDPIPER,,WDG2173,31,0,23,,,57,A
367512920,2022-01-06T19:56:47,29.84474,-91.84913,4.5,294.7,278.0,SANDPIPER,,WDG2173,31,0,23,,,57,A
367512920,2022-01-06T20:26:07,29.84500,-91.89116,4.6,273.4,275.0,SANDPIPER,,WDG2173,31,0,23,,,57,A
367512920,2022-01-06T15:45:46,29.72791,-91.55724,5.3,303.4,311.0,SANDPIPER,,WDG2173,31,0,23,,,57,A
367512920,2022-01-06T20:23:46,29.84476,-91.88785,4.2,273.4,279.0,SANDPIPER,,WDG2173,31,0,23,,,57,A
367512920,2022-01-06T19:51:07,29.84165,-91.84132,5.1,298.9,299.0,SANDPIPER,,WDG2173,31,0,23,,,57,A
367512920,2022-01-06T19:54:35,29.84367,-91.84620,4.5,293.6,294.0,SANDPIPER,,WDG2173,31,0,23,,,57,A
367512920,2022-01-06T16:16:46,29.75249,-91.59832,5.5,313.5,317.0,SANDPIPER,,WDG2173,31,0,23,,,57,A
367512920,2022-01-06T20:33:16,29.84518,-91.90134,4.6,274.2,272.0,SANDPIPER,,WDG2173,31,0,23,,,57,A
367512920,2022-01-06T20:29:25,29.84497,-91.89588,4.5,267.8,275.0,SANDPIPER,,WDG2173,31,0,23,,,57,A
367512920,2022-01-06T20:39:06,29.84500,-91.90975,4.5,267.7,277.0,SANDPIPER,,WDG2173,31,0,23,,,57,A
367512920,2022-01-06T20:01:36,29.84486,-91.85608,4.4,272.3,276.0,SANDPIPER,,WDG2173,31,0,23,,,57,A
367512920,2022-01-06T19:18:35,29.81245,-91.82313,4.7,342.0,337.0,SANDPIPER,,WDG2173,31,0,23,,,57,A
367512920,2022-01-06T20:03:56,29.84498,-91.85948,4.6,267.4,271.0,SANDPIPER,,WDG2173,31,0,23,,,57,A
367512920,2022-01-06T20:37:56,29.84493,-91.90806,4.4,277.3,280.0,SANDPIPER,,WDG2173,31,0,23,,,57,A
367512920,2022-01-06T20:13:16,29.84473,-91.87281,4.2,268.9,278.0,SANDPIPER,,WDG2173,31,0,23,,,57,A
367512920,2022-01-06T20:08:37,29.84507,-91.86622,4.6,278.0,272.0,SANDPIPER,,WDG2173,31,0,23,,,57,A
367512920,2022-01-06T20:10:56,29.84500,-91.86958,4.6,265.4,270.0,SANDPIPER,,WDG2173,31,0,23,,,57,A
367512920,2022-01-06T20:12:07,29.84480,-91.87126,4.4,259.7,275.0,SANDPIPER,,WDG2173,31,0,23,,,57,A
367512920,2022-01-06T16:02:47,29.74424,-91.57644,4.9,310.3,289.0,SANDPIPER,,WDG2173,31,0,23,,,57,A
367512920,2022-01-06T20:14:25,29.84490,-91.87436,4.4,279.0,274.0,SANDPIPER,,WDG2173,31,0,23,,,57,A
367512920,2022-01-06T20:15:36,29.84499,-91.87608,4.7,270.6,271.0,SANDPIPER,,WDG2173,31,0,23,,,57,A
367512920,2022-01-06T19:29:07,29.82107,-91.82613,4.3,173.9,7.0,SANDPIPER,,WDG2173,31,0,23,,,57,A
367512920,2022-01-06T20:16:46,29.84495,-91.87781,4.6,268.6,271.0,SANDPIPER,,WDG2173,31,0,23,,,57,A
367512920,2022-01-06T16:06:17,29.74586,-91.58166,5.5,279.1,275.0,SANDPIPER,,WDG2173,31,0,23,,,57,A
367512920,2022-01-06T20:17:57,29.84492,-91.87956,4.6,269.9,272.0,SANDPIPER,,WDG2173,31,0,23,,,57,A
367512920,2022-01-06T20:57:57,29.84357,-91.93828,5.1,263.6,264.0,SANDPIPER,,WDG2173,31,0,23,,,57,A
367512920,2022-01-06T20:59:06,29.84335,-91.94013,5.1,263.6,261.0,SANDPIPER,,WDG2173,31,0,23,,,57,A
367512920,2022-01-06T16:39:05,29.76000,-91.62961,4.6,270.1,269.0,SANDPIPER,,WDG2173,31,0,23,,,57,A
367512920,2022-01-06T19:39:36,29.83251,-91.82798,4.5,339.6,325.0,SANDPIPER,,WDG2173,31,0,23,,,57,A
367512920,2022-01-06T21:05:06,29.84158,-91.94925,4.9,257.2,263.0,SANDPIPER,,WDG2173,31,0,23,,,57,A
367512920,2022-01-06T20:28:17,29.84497,-91.89428,4.4,269.2,276.0,SANDPIPER,,WDG2173,31,0,23,,,57,A
367512920,2022-01-06T20:36:46,29.84489,-91.90643,4.4,268.6,278.0,SANDPIPER,,WDG2173,31,0,23,,,57,A
367512920,2022-01-06T19:40:46,29.83381,-91.82860,4.2,332.7,308.0,SANDPIPER,,WDG2173,31,0,23,,,57,A
367512920,2022-01-06T16:15:37,29.75137,-91.59676,5.5,301.4,311.0,SANDPIPER,,WDG2173,31,0,23,,,57,A
367512920,2022-01-06T19:43:07,29.83553,-91.83115,4.9,302.8,303.0,SANDPIPER,,WDG2173,31,0,23,,,57,A
367512920,2022-01-06T20:30:46,29.84497,-91.89773,4.4,271.0,278.0,SANDPIPER,,WDG2173,31,0,23,,,57,A
367512920,2022-01-06T16:17:56,29.75383,-91.59971,5.6,318.9,319.0,SANDPIPER,,WDG2173,31,0,23,,,57,A
367512920,2022-01-06T20:42:35,29.84507,-91.91477,4.5,271.0,277.0,SANDPIPER,,WDG2173,31,0,23,,,57,A
367512920,2022-01-06T21:07:26,29.84095,-91.95276,4.8,262.6,264.0,SANDPIPER,,WDG2173,31,0,23,,,57,A
367512920,2022-01-06T16:20:16,29.75678,-91.60229,5.5,325.7,310.0,SANDPIPER,,WDG2173,31,0,23,,,57,A
367512920,2022-01-06T20:44:56,29.84522,-91.91817,4.6,277.7,276.0,SANDPIPER,,WDG2173,31,0,23,,,57,A
367512920,2022-01-06T19:47:46,29.83933,-91.83704,4.9,308.7,304.0,SANDPIPER,,WDG2173,31,0,23,,,57,A
367512920,2022-01-06T21:14:16,29.83897,-91.96318,4.9,260.1,263.0,SANDPIPER,,WDG2173,31,0,23,,,57,A
367512920,2022-01-06T16:21:27,29.75811,-91.60358,5.2,315.9,298.0,SANDPIPER,,WDG2173,31,0,23,,,57,A
367512920,2022-01-06T20:47:16,29.84540,-91.92169,4.8,267.8,271.0,SANDPIPER,,WDG2173,31,0,23,,,57,A
367512920,2022-01-06T20:35:35,29.84496,-91.90477,4.6,258.7,273.0,SANDPIPER,,WDG2173,31,0,23,,,57,A
367512920,2022-01-06T16:48:26,29.76018,-91.64327,4.7,269.7,269.0,SANDPIPER,,WDG2173,31,0,23,,,57,A
367512920,2022-01-06T21:16:47,29.83836,-91.96705,4.9,262.1,262.0,SANDPIPER,,WDG2173,31,0,23,,,57,A
367512920,2022-01-06T16:51:55,29.76031,-91.64842,4.7,271.4,267.0,SANDPIPER,,WDG2173,31,0,23,,,57,A
367512920,2022-01-06T20:51:57,29.84502,-91.92879,4.9,264.8,264.0,SANDPIPER,,WDG2173,31,0,23,,,57,A
367512920,2022-01-06T21:17:56,29.83810,-91.96885,5.0,260.9,259.0,SANDPIPER,,WDG2173,31,0,23,,,57,A
367512920,2022-01-06T16:53:05,29.76032,-91.65018,4.8,271.5,268.0,SANDPIPER,,WDG2173,31,0,23,,,57,A
367512920,2022-01-06T21:19:07,29.83774,-91.97073,5.2,257.0,257.0,SANDPIPER,,WDG2173,31,0,23,,,57,A
367512920,2022-01-06T21:23:47,29.83580,-91.97787,5.0,259.9,260.0,SANDPIPER,,WDG2173,31,0,23,,,57,A
367512920,2022-01-06T20:46:06,29.84541,-91.91992,4.8,274.5,272.0,SANDPIPER,,WDG2173,31,0,23,,,57,A
367512920,2022-01-06T16:26:05,29.76015,-91.60944,4.9,268.7,264.0,SANDPIPER,,WDG2173,31,0,23,,,57,A
367512920,2022-01-06T16:27:16,29.76003,-91.61133,5.3,267.5,267.0,SANDPIPER,,WDG2173,31,0,23,,,57,A
367512920,2022-01-06T20:48:27,29.84533,-91.92349,4.8,268.4,269.0,SANDPIPER,,WDG2173,31,0,23,,,57,A
367512920,2022-01-06T19:59:06,29.84493,-91.85248,4.7,267.8,272.0,SANDPIPER,,WDG2173,31,0,23,,,57,A
367512920,2022-01-06T21:27:16,29.83435,-91.98347,5.2,250.7,257.0,SANDPIPER,,WDG2173,31,0,23,,,57,A
367512920,2022-01-06T20:00:26,29.84487,-91.85443,4.5,268.6,273.0,SANDPIPER,,WDG2173,31,0,23,,,57,A
367512920,2022-01-06T21:02:46,29.84230,-91.94573,4.8,257.3,261.0,SANDPIPER,,WDG2173,31,0,23,,,57,A
367512920,2022-01-06T21:35:26,29.83026,-91.99540,4.5,240.6,255.0,SANDPIPER,,WDG2173,31,0,23,,,57,A
367512920,2022-01-06T17:07:25,29.76070,-91.67231,4.8,272.7,268.0,SANDPIPER,,WDG2173,31,0,23,,,57,A
367512920,2022-01-06T21:08:36,29.84072,-91.95455,4.9,261.9,260.0,SANDPIPER,,WDG2173,31,0,23,,,57,A
367512920,2022-01-06T21:36:35,29.82964,-91.99680,4.1,246.2,261.0,SANDPIPER,,WDG2173,31,0,23,,,57,A
367512920,2022-01-06T21:09:46,29.84038,-91.95633,4.9,256.9,261.0,SANDPIPER,,WDG2173,31,0,23,,,57,A
367512920,2022-01-06T17:08:37,29.76075,-91.67410,4.7,267.9,266.0,SANDPIPER,,WDG2173,31,0,23,,,57,A
367512920,2022-01-06T20:07:25,29.84484,-91.86453,4.4,275.6,277.0,SANDPIPER,,WDG2173,31,0,23,,,57,A
367512920,2022-01-06T21:10:55,29.84005,-91.95809,4.9,257.2,261.0,SANDPIPER,,WDG2173,31,0,23,,,57,A
367512920,2022-01-06T21:33:05,29.83142,-91.99222,4.5,248.4,256.0,SANDPIPER,,WDG2173,31,0,23,,,57,A
367512920,2022-01-06T21:11:56,29.83970,-91.95963,4.9,254.3,260.0,SANDPIPER,,WDG2173,31,0,23,,,57,A
367512920,2022-01-06T21:40:05,29.82862,-92.00131,4.6,253.1,256.0,SANDPIPER,,WDG2173,31,0,23,,,57,A
367512920,2022-01-06T20:09:46,29.84511,-91.86789,4.5,269.4,270.0,SANDPIPER,,WDG2173,31,0,23,,,57,A
367512920,2022-01-06T21:06:15,29.84125,-91.95099,4.9,257.8,263.0,SANDPIPER,,WDG2173,31,0,23,,,57,A
367512920,2022-01-06T16:43:47,29.76017,-91.63649,4.5,273.4,269.0,SANDPIPER,,WDG2173,31,0,23,,,57,A
367512920,2022-01-06T21:43:37,29.82702,-92.00626,4.7,249.6,255.0,SANDPIPER,,WDG2173,31,0,23,,,57,A
367512920,2022-01-06T21:51:37,29.82323,-92.01767,5.0,245.4,254.0,SANDPIPER,,WDG2173,31,0,23,,,57,A
367512920,2022-01-06T21:15:37,29.83859,-91.96527,4.9,257.2,265.0,SANDPIPER,,WDG2173,31,0,23,,,57,A
367512920,2022-01-06T21:44:45,29.82651,-92.00784,4.6,250.2,256.0,SANDPIPER,,WDG2173,31,0,23,,,57,A
367512920,2022-01-06T21:54:05,29.82199,-92.02147,5.0,245.6,256.0,SANDPIPER,,WDG2173,31,0,23,,,57,A
367512920,2022-01-06T21:45:46,29.82610,-92.00929,4.7,249.9,255.0,SANDPIPER,,WDG2173,31,0,23,,,57,A
367512920,2022-01-06T20:21:25,29.84478,-91.88467,4.4,267.2,276.0,SANDPIPER,,WDG2173,31,0,23,,,57,A
367512920,2022-01-06T21:55:07,29.82148,-92.02294,4.8,248.5,258.0,SANDPIPER,,WDG2173,31,0,23,,,57,A
367512920,2022-01-06T21:20:16,29.83722,-91.97252,5.1,250.8,258.0,SANDPIPER,,WDG2173,31,0,23,,,57,A
367512920,2022-01-06T21:56:16,29.82096,-92.02457,4.7,249.3,259.0,SANDPIPER,,WDG2173,31,0,23,,,57,A
367512920,2022-01-06T17:26:07,29.76178,-91.70059,4.9,285.4,288.0,SANDPIPER,,WDG2173,31,0,23,,,57,A
367512920,2022-01-06T17:27:15,29.76225,-91.70229,4.9,290.3,290.0,SANDPIPER,,WDG2173,31,0,23,,,57,A
367512920,2022-01-06T17:28:26,29.76285,-91.70404,5.0,292.9,290.0,SANDPIPER,,WDG2173,31,0,23,,,57,A
367512920,2022-01-06T21:50:27,29.82384,-92.01602,4.6,245.7,254.0,SANDPIPER,,WDG2173,31,0,23,,,57,A
367512920,2022-01-06T21:21:27,29.83668,-91.97435,5.2,248.8,259.0,SANDPIPER,,WDG2173,31,0,23,,,57,A
367512920,2022-01-06T21:30:45,29.83255,-91.98901,4.9,248.6,254.0,SANDPIPER,,WDG2173,31,0,23,,,57,A
367512920,2022-01-06T17:36:36,29.76663,-91.71608,4.9,287.4,280.0,SANDPIPER,,WDG2173,31,0,23,,,57,A
367512920,2022-01-06T21:24:56,29.83546,-91.97973,5.3,256.9,256.0,SANDPIPER,,WDG2173,31,0,23,,,57,A
367512920,2022-01-06T22:08:26,29.81517,-92.04287,5.2,252.7,253.0,SANDPIPER,,WDG2173,31,0,23,,,57,A
367512920,2022-01-06T21:37:45,29.82921,-91.99819,3.9,252.8,263.0,SANDPIPER,,WDG2173,31,0,23,,,57,A
367512920,2022-01-06T21:28:26,29.83382,-91.98532,5.4,252.2,255.0,SANDPIPER,,WDG2173,31,0,23,,,57,A
367512920,2022-01-06T16:57:37,29.76039,-91.65723,4.9,274.4,268.0,SANDPIPER,,WDG2173,31,0,23,,,57,A
367512920,2022-01-06T21:34:15,29.83088,-91.99381,4.6,249.3,254.0,SANDPIPER,,WDG2173,31,0,23,,,57,A
367512920,2022-01-06T21:29:35,29.83321,-91.98725,5.5,249.5,253.0,SANDPIPER,,WDG2173,31,0,23,,,57,A
367512920,2022-01-06T17:43:17,29.76603,-91.72599,5.1,251.7,249.0,SANDPIPER,,WDG2173,31,0,23,,,57,A
367512920,2022-01-06T21:41:17,29.82811,-92.00296,4.6,250.6,256.0,SANDPIPER,,WDG2173,31,0,23,,,57,A
367512920,2022-01-06T22:07:17,29.81574,-92.04108,5.1,251.6,255.0,SANDPIPER,,WDG2173,31,0,23,,,57,A
367512920,2022-01-06T17:03:57,29.76055,-91.66692,4.9,268.7,267.0,SANDPIPER,,WDG2173,31,0,23,,,57,A
367512920,2022-01-06T17:05:06,29.76056,-91.66876,4.9,271.2,269.0,SANDPIPER,,WDG2173,31,0,23,,,57,A
367512920,2022-01-06T17:50:17,29.76392,-91.73714,5.3,266.8,269.0,SANDPIPER,,WDG2173,31,0,23,,,57,A
367512920,2022-01-06T22:09:36,29.81456,-92.04466,5.2,249.9,253.0,SANDPIPER,,WDG2173,31,0,23,,,57,A
367512920,2022-01-06T22:20:06,29.80904,-92.06135,5.5,245.3,252.0,SANDPIPER,,WDG2173,31,0,23,,,57,A
367512920,2022-01-06T20:50:46,29.84512,-91.92697,4.7,270.8,268.0,SANDPIPER,,WDG2173,31,0,23,,,57,A
367512920,2022-01-06T17:54:46,29.76409,-91.74418,4.4,271.8,268.0,SANDPIPER,,WDG2173,31,0,23,,,57,A
367512920,2022-01-06T21:46:56,29.82562,-92.01095,4.8,251.4,255.0,SANDPIPER,,WDG2173,31,0,23,,,57,A
367512920,2022-01-06T20:53:07,29.84468,-91.93053,4.8,258.3,266.0,SANDPIPER,,WDG2173,31,0,23,,,57,A
367512920,2022-01-06T21:48:05,29.82513,-92.01269,5.1,250.0,252.0,SANDPIPER,,WDG2173,31,0,23,,,57,A
367512920,2022-01-06T22:30:56,29.80345,-92.07898,5.6,249.0,251.0,SANDPIPER,,WDG2173,31,0,23,,,57,A
367512920,2022-01-06T21:52:56,29.82253,-92.01972,5.3,250.3,257.0,SANDPIPER,,WDG2173,31,0,23,,,57,A
367512920,2022-01-06T22:23:35,29.80719,-92.06699,5.4,247.3,252.0,SANDPIPER,,WDG2173,31,0,23,,,57,A
367512920,2022-01-06T21:03:56,29.84194,-91.94748,4.8,256.6,262.0,SANDPIPER,,WDG2173,31,0,23,,,57,A
367512920,2022-01-06T18:08:26,29.76416,-91.76158,4.5,274.3,266.0,SANDPIPER,,WDG2173,31,0,23,,,57,A
367512920,2022-01-06T18:11:45,29.76417,-91.76623,4.3,264.8,267.0,SANDPIPER,,WDG2173,31,0,23,,,57,A
367512920,2022-01-06T17:15:36,29.76089,-91.68466,4.9,270.5,266.0,SANDPIPER,,WDG2173,31,0,23,,,57,A
367512920,2022-01-06T17:16:45,29.76090,-91.68641,4.8,268.2,266.0,SANDPIPER,,WDG2173,31,0,23,,,57,A
367512920,2022-01-06T22:11:56,29.81335,-92.04819,5.1,253.0,254.0,SANDPIPER,,WDG2173,31,0,23,,,57,A
367512920,2022-01-06T22:44:15,29.79567,-92.10246,6.3,256.0,256.0,SANDPIPER,,WDG2173,31,0,23,,,57,A
367512920,2022-01-06T17:19:06,29.76085,-91.69006,4.8,269.7,266.0,SANDPIPER,,WDG2173,31,0,23,,,57,A
367512920,2022-01-06T22:13:06,29.81275,-92.05000,5.3,250.7,255.0,SANDPIPER,,WDG2173,31,0,23,,,57,A
367512920,2022-01-06T22:36:47,29.80014,-92.08857,5.4,245.0,255.0,SANDPIPER,,WDG2173,31,0,23,,,57,A
367512920,2022-01-06T21:13:06,29.83929,-91.96139,4.9,256.5,262.0,SANDPIPER,,WDG2173,31,0,23,,,57,A
367512920,2022-01-06T17:21:27,29.76097,-91.69361,4.8,274.3,270.0,SANDPIPER,,WDG2173,31,0,23,,,57,A
367512920,2022-01-06T22:03:46,29.81758,-92.03580,5.0,243.1,254.0,SANDPIPER,,WDG2173,31,0,23,,,57,A
367512920,2022-01-06T22:39:06,29.79882,-92.09260,6.3,248.1,258.0,SANDPIPER,,WDG2173,31,0,23,,,57,A
367512920,2022-01-06T22:51:26,29.79282,-92.11031,0.2,147.7,237.0,SANDPIPER,,WDG2173,31,0,23,,,57,A
367512920,2022-01-06T22:41:36,29.79723,-92.09745,6.6,245.9,258.0,SANDPIPER,,WDG2173,31,0,23,,,57,A
367512920,2022-01-06T18:20:16,29.76808,-91.77738,4.6,302.5,297.0,SANDPIPER,,WDG2173,31,0,23,,,57,A
367512920,2022-01-06T22:58:15,29.79269,-92.11025,0.0,332.0,244.0,SANDPIPER,,WDG2173,31,0,23,,,57,A
367512920,2022-01-06T22:21:16,29.80839,-92.06321,5.5,249.2,254.0,SANDPIPER,,WDG2173,31,0,23,,,57,A
367512920,2022-01-06T18:22:35,29.76956,-91.78040,4.7,297.3,298.0,SANDPIPER,,WDG2173,31,0,23,,,57,A
367512920,2022-01-06T21:22:37,29.83615,-91.97611,4.8,253.5,262.0,SANDPIPER,,WDG2173,31,0,23,,,57,A
367512920,2022-01-06T22:18:57,29.80965,-92.05946,5.4,251.5,254.0,SANDPIPER,,WDG2173,31,0,23,,,57,A
367512920,2022-01-06T22:25:55,29.80593,-92.07080,5.5,251.0,253.0,SANDPIPER,,WDG2173,31,0,23,,,57,A
367512920,2022-01-06T22:16:37,29.81096,-92.05571,5.5,248.1,251.0,SANDPIPER,,WDG2173,31,0,23,,,57,A
367512920,2022-01-06T22:53:36,29.79268,-92.11024,0.0,288.7,242.0,SANDPIPER,,WDG2173,31,0,23,,,57,A
367512920,2022-01-06T22:54:46,29.79270,-92.11024,0.0,277.5,243.0,SANDPIPER,,WDG2173,31,0,23,,,57,A
367512920,2022-01-06T17:31:56,29.76464,-91.70912,5.0,290.1,288.0,SANDPIPER,,WDG2173,31,0,23,,,57,A
367512920,2022-01-06T22:24:47,29.80656,-92.06894,5.4,249.4,252.0,SANDPIPER,,WDG2173,31,0,23,,,57,A
367512920,2022-01-06T22:22:26,29.80780,-92.06512,5.5,244.2,252.0,SANDPIPER,,WDG2173,31,0,23,,,57,A
367512920,2022-01-06T23:09:15,29.79269,-92.11025,0.0,310.8,244.0,SANDPIPER,,WDG2173,31,0,23,,,57,A
367512920,2022-01-06T18:29:37,29.77416,-91.78967,5.1,296.5,300.0,SANDPIPER,,WDG2173,31,0,23,,,57,A
367512920,2022-01-06T22:59:26,29.79269,-92.11026,0.0,268.5,244.0,SANDPIPER,,WDG2173,31,0,23,,,57,A
367512920,2022-01-06T22:27:17,29.80522,-92.07304,5.4,250.1,254.0,SANDPIPER,,WDG2173,31,0,23,,,57,A
367512920,2022-01-06T23:03:27,29.79268,-92.11026,0.0,254.7,244.0,SANDPIPER,,WDG2173,31,0,23,,,57,A
367512920,2022-01-06T22:34:36,29.80129,-92.08511,5.5,243.8,254.0,SANDPIPER,,WDG2173,31,0,23,,,57,A
367512920,2022-01-06T22:33:27,29.80201,-92.08325,5.7,244.7,252.0,SANDPIPER,,WDG2173,31,0,23,,,57,A
367512920,2022-01-06T22:42:45,29.79646,-92.09962,6.3,247.4,260.0,SANDPIPER,,WDG2173,31,0,23,,,57,A
367512920,2022-01-06T23:11:35,29.79269,-92.11026,0.0,240.1,243.0,SANDPIPER,,WDG2173,31,0,23,,,57,A
367512920,2022-01-06T22:46:45,29.79389,-92.10703,5.7,245.0,259.0,SANDPIPER,,WDG2173,31,0,23,,,57,A
367512920,2022-01-06T23:27:57,29.79268,-92.11027,0.0,285.2,243.0,SANDPIPER,,WDG2173,31,0,23,,,57,A
367512920,2022-01-06T22:45:36,29.79477,-92.10504,6.5,243.2,253.0,SANDPIPER,,WDG2173,31,0,23,,,57,A
367512920,2022-01-06T22:49:07,29.79295,-92.10994,1.7,247.5,240.0,SANDPIPER,,WDG2173,31,0,23,,,57,A
367512920,2022-01-06T23:36:16,29.79269,-92.11027,0.0,216.3,244.0,SANDPIPER,,WDG2173,31,0,23,,,57,A
367512920,2022-01-06T23:22:07,29.79269,-92.11026,0.0,225.3,244.0,SANDPIPER,,WDG2173,31,0,23,,,57,A
367512920,2022-01-06T23:39:55,29.79268,-92.11025,0.0,245.8,244.0,SANDPIPER,,WDG2173,31,0,23,,,57,A
367512920,2022-01-06T18:53:16,29.78467,-91.80976,3.8,301.9,302.0,SANDPIPER,,WDG2173,31,0,23,,,57,A
367512920,2022-01-06T22:55:55,29.79269,-92.11023,0.0,286.2,243.0,SANDPIPER,,WDG2173,31,0,23,,,57,A
367512920,2022-01-06T22:52:35,29.79273,-92.11025,0.3,166.6,241.0,SANDPIPER,,WDG2173,31,0,23,,,57,A
367512920,2022-01-06T23:44:35,29.79268,-92.11025,0.0,69.1,244.0,SANDPIPER,,WDG2173,31,0,23,,,57,A
367512920,2022-01-06T23:29:07,29.79268,-92.11026,0.0,271.9,244.0,SANDPIPER,,WDG2173,31,0,23,,,57,A
367512920,2022-01-06T23:30:17,29.79268,-92.11026,0.0,211.7,245.0,SANDPIPER,,WDG2173,31,0,23,,,57,A
367512920,2022-01-06T21:59:45,29.81951,-92.02970,5.0,246.8,254.0,SANDPIPER,,WDG2173,31,0,23,,,57,A
367512920,2022-01-06T19:07:46,29.79929,-91.81758,4.5,343.8,342.0,SANDPIPER,,WDG2173,31,0,23,,,57,A
367512920,2022-01-06T23:50:26,29.79278,-92.11044,1.3,269.3,238.0,SANDPIPER,,WDG2173,31,0,23,,,57,A
367512920,2022-01-06T22:02:45,29.81813,-92.03429,5.2,252.3,253.0,SANDPIPER,,WDG2173,31,0,23,,,57,A
367512920,2022-01-06T23:08:06,29.79269,-92.11026,0.0,272.1,243.0,SANDPIPER,,WDG2173,31,0,23,,,57,A
367512920,2022-01-06T17:58:16,29.76402,-91.74897,4.4,267.1,268.0,SANDPIPER,,WDG2173,31,0,23,,,57,A
367512920,2022-01-06T23:38:36,29.79268,-92.11026,0.0,241.3,244.0,SANDPIPER,,WDG2173,31,0,23,,,57,A
367512920,2022-01-06T17:59:27,29.76402,-91.75064,4.4,270.9,269.0,SANDPIPER,,WDG2173,31,0,23,,,57,A
367512920,2022-01-06T23:10:26,29.79269,-92.11025,0.0,261.4,244.0,SANDPIPER,,WDG2173,31,0,23,,,57,A
367512920,2022-01-06T23:04:35,29.79269,-92.11025,0.0,235.0,244.0,SANDPIPER,,WDG2173,31,0,23,,,57,A
367512920,2022-01-06T23:15:06,29.79268,-92.11027,0.0,245.6,243.0,SANDPIPER,,WDG2173,31,0,23,,,57,A
367512920,2022-01-06T23:58:56,29.79266,-92.11140,0.1,156.5,228.0,SANDPIPER,,WDG2173,31,0,23,,,57,A
367512920,2022-01-06T22:10:47,29.81390,-92.04646,5.1,248.8,254.0,SANDPIPER,,WDG2173,31,0,23,,,57,A
367512920,2022-01-06T18:03:46,29.76415,-91.75606,2.7,267.9,261.0,SANDPIPER,,WDG2173,31,0,23,,,57,A
367512920,2022-01-06T23:16:16,29.79268,-92.11028,0.0,171.7,243.0,SANDPIPER,,WDG2173,31,0,23,,,57,A
367512920,2022-01-06T23:46:57,29.79267,-92.11029,0.3,249.9,245.0,SANDPIPER,,WDG2173,31,0,23,,,57,A
367512920,2022-01-06T23:48:06,29.79272,-92.11029,1.0,263.9,244.0,SANDPIPER,,WDG2173,31,0,23,,,57,A
367512920,2022-01-06T22:14:16,29.81219,-92.05189,5.4,251.1,253.0,SANDPIPER,,WDG2173,31,0,23,,,57,A
367512920,2022-01-06T23:54:07,29.79282,-92.11146,0.2,234.6,220.0,SANDPIPER,,WDG2173,31,0,23,,,57,A
367512920,2022-01-06T23:17:26,29.79269,-92.11027,0.0,191.6,243.0,SANDPIPER,,WDG2173,31,0,23,,,57,A
367512920,2022-01-06T23:25:36,29.79269,-92.11026,0.0,261.5,243.0,SANDPIPER,,WDG2173,31,0,23,,,57,A
367512920,2022-01-06T23:57:36,29.79268,-92.11140,0.1,148.1,227.0,SANDPIPER,,WDG2173,31,0,23,,,57,A
367512920,2022-01-06T18:17:55,29.76652,-91.77440,4.7,301.1,297.0,SANDPIPER,,WDG2173,31,0,23,,,57,A
367512920,2022-01-06T23:31:27,29.79268,-92.11026,0.0,243.3,244.0,SANDPIPER,,WDG2173,31,0,23,,,57,A
367512920,2022-01-06T23:26:46,29.79268,-92.11026,0.0,282.5,244.0,SANDPIPER,,WDG2173,31,0,23,,,57,A
367512920,2022-01-06T23:35:05,29.79268,-92.11026,0.0,282.4,244.0,SANDPIPER,,WDG2173,31,0,23,,,57,A
367512920,2022-01-06T23:37:26,29.79268,-92.11026,0.0,276.6,243.0,SANDPIPER,,WDG2173,31,0,23,,,57,A
367512920,2022-01-06T23:32:36,29.79268,-92.11026,0.0,256.0,245.0,SANDPIPER,,WDG2173,31,0,23,,,57,A
367512920,2022-01-06T19:34:56,29.82664,-91.82663,4.9,357.2,350.0,SANDPIPER,,WDG2173,31,0,23,,,57,A
367512920,2022-01-06T23:43:27,29.79269,-92.11026,0.0,282.5,244.0,SANDPIPER,,WDG2173,31,0,23,,,57,A
367512920,2022-01-06T22:37:55,29.79949,-92.09045,5.7,245.0,258.0,SANDPIPER,,WDG2173,31,0,23,,,57,A
367512920,2022-01-06T18:30:45,29.77493,-91.79130,5.1,302.7,302.0,SANDPIPER,,WDG2173,31,0,23,,,57,A
367512920,2022-01-06T23:45:45,29.79267,-92.11028,0.0,158.8,245.0,SANDPIPER,,WDG2173,31,0,23,,,57,A
367512920,2022-01-06T22:40:17,29.79804,-92.09487,6.5,246.3,259.0,SANDPIPER,,WDG2173,31,0,23,,,57,A
367512920,2022-01-06T23:52:56,29.79276,-92.11131,0.6,287.8,225.0,SANDPIPER,,WDG2173,31,0,23,,,57,A
367512920,2022-01-06T22:47:56,29.79337,-92.10887,4.2,252.5,250.0,SANDPIPER,,WDG2173,31,0,23,,,57,A
367512920,2022-01-06T23:49:15,29.79280,-92.11035,0.3,350.6,240.0,SANDPIPER,,WDG2173,31,0,23,,,57,A
367512920,2022-01-06T18:42:55,29.78198,-91.80451,2.2,308.4,293.0,SANDPIPER,,WDG2173,31,0,23,,,57,A
367512920,2022-01-06T18:46:25,29.78248,-91.80629,1.5,289.7,305.0,SANDPIPER,,WDG2173,31,0,23,,,57,A
367512920,2022-01-06T18:47:26,29.78268,-91.80673,1.6,302.0,307.0,SANDPIPER,,WDG2173,31,0,23,,,57,A
367512920,2022-01-06T18:52:06,29.78411,-91.80876,2.2,303.1,302.0,SANDPIPER,,WDG2173,31,0,23,,,57,A
367512920,2022-01-06T23:02:06,29.79268,-92.11027,0.0,259.0,244.0,SANDPIPER,,WDG2173,31,0,23,,,57,A
367512920,2022-01-06T18:54:25,29.78530,-91.81111,4.2,292.7,307.0,SANDPIPER,,WDG2173,31,0,23,,,57,A
367512920,2022-01-06T23:05:47,29.79269,-92.11026,0.0,266.9,243.0,SANDPIPER,,WDG2173,31,0,23,,,57,A
367512920,2022-01-06T18:57:56,29.78777,-91.81455,3.9,318.8,335.0,SANDPIPER,,WDG2173,31,0,23,,,57,A
367512920,2022-01-06T20:02:47,29.84498,-91.85779,4.6,273.8,272.0,SANDPIPER,,WDG2173,31,0,23,,,57,A
367512920,2022-01-06T18:59:06,29.78884,-91.81529,4.0,335.1,346.0,SANDPIPER,,WDG2173,31,0,23,,,57,A
367512920,2022-01-06T23:13:56,29.79268,-92.11027,0.0,276.7,243.0,SANDPIPER,,WDG2173,31,0,23,,,57,A
367512920,2022-01-06T23:23:17,29.79270,-92.11026,0.0,293.4,244.0,SANDPIPER,,WDG2173,31,0,23,,,57,A
367512920,2022-01-06T19:22:05,29.81653,-91.82470,4.3,340.9,341.0,SANDPIPER,,WDG2173,31,0,23,,,57,A
367512920,2022-01-06T19:24:26,29.81931,-91.82549,4.3,351.4,350.0,SANDPIPER,,WDG2173,31,0,23,,,57,A
367512920,2022-01-06T20:24:55,29.84487,-91.88943,4.4,273.2,279.0,SANDPIPER,,WDG2173,31,0,23,,,57,A
367512920,2022-01-06T20:27:15,29.84506,-91.89281,4.6,269.6,273.0,SANDPIPER,,WDG2173,31,0,23,,,57,A
367512920,2022-01-06T19:32:36,29.82358,-91.82621,4.3,349.2,348.0,SANDPIPER,,WDG2173,31,0,23,,,57,A
367512920,2022-01-06T19:36:07,29.82821,-91.82670,4.7,358.4,345.0,SANDPIPER,,WDG2173,31,0,23,,,57,A
367512920,2022-01-06T23:51:37,29.79274,-92.11097,1.2,269.7,230.0,SANDPIPER,,WDG2173,31,0,23,,,57,A
367512920,2022-01-06T20:34:26,29.84513,-91.90304,4.7,266.7,271.0,SANDPIPER,,WDG2173,31,0,23,,,57,A
367512920,2022-01-06T20:40:16,29.84508,-91.91141,4.6,273.5,274.0,SANDPIPER,,WDG2173,31,0,23,,,57,A
367512920,2022-01-06T20:41:25,29.84505,-91.91309,4.6,267.1,275.0,SANDPIPER,,WDG2173,31,0,23,,,57,A
367512920,2022-01-06T19:46:36,29.83832,-91.83564,5.0,312.6,307.0,SANDPIPER,,WDG2173,31,0,23,,,57,A
367512920,2022-01-06T20:49:35,29.84522,-91.92520,4.7,266.7,269.0,SANDPIPER,,WDG2173,31,0,23,,,57,A
367512920,2022-01-06T20:54:17,29.84438,-91.93239,5.2,260.7,267.0,SANDPIPER,,WDG2173,31,0,23,,,57,A
367512920,2022-01-06T20:56:37,29.84383,-91.93617,5.0,260.8,266.0,SANDPIPER,,WDG2173,31,0,23,,,57,A
367512920,2022-01-06T21:01:36,29.84270,-91.94398,4.9,255.8,259.0,SANDPIPER,,WDG2173,31,0,23,,,57,A
367512920,2022-01-06T20:05:06,29.84492,-91.86119,4.6,267.3,272.0,SANDPIPER,,WDG2173,31,0,23,,,57,A
367512920,2022-01-06T20:20:16,29.84487,-91.88302,4.7,269.3,273.0,SANDPIPER,,WDG2173,31,0,23,,,57,A
367512920,2022-01-06T20:22:36,29.84473,-91.88627,4.2,274.8,278.0,SANDPIPER,,WDG2173,31,0,23,,,57,A
367512920,2022-01-06T20:32:06,29.84510,-91.89964,4.6,273.5,276.0,SANDPIPER,,WDG2173,31,0,23,,,57,A
367512920,2022-01-06T21:31:57,29.83197,-91.99071,4.7,247.7,255.0,SANDPIPER,,WDG2173,31,0,23,,,57,A
367512920,2022-01-06T20:43:47,29.84512,-91.91648,4.5,272.2,278.0,SANDPIPER,,WDG2173,31,0,23,,,57,A
367512920,2022-01-06T21:38:56,29.82891,-91.99969,4.3,260.5,262.0,SANDPIPER,,WDG2173,31,0,23,,,57,A
367512920,2022-01-06T21:42:26,29.82761,-92.00459,4.7,249.3,254.0,SANDPIPER,,WDG2173,31,0,23,,,57,A
367512920,2022-01-06T20:55:27,29.84417,-91.93431,5.2,260.6,263.0,SANDPIPER,,WDG2173,31,0,23,,,57,A
367512920,2022-01-06T21:49:16,29.82450,-92.01443,4.8,245.9,251.0,SANDPIPER,,WDG2173,31,0,23,,,57,A
367512920,2022-01-06T21:57:26,29.82051,-92.02626,4.8,254.5,257.0,SANDPIPER,,WDG2173,31,0,23,,,57,A
367512920,2022-01-06T22:00:26,29.81922,-92.03070,4.8,249.2,255.0,SANDPIPER,,WDG2173,31,0,23,,,57,A
367512920,2022-01-06T22:04:55,29.81696,-92.03756,5.3,247.3,252.0,SANDPIPER,,WDG2173,31,0,23,,,57,A
367512920,2022-01-06T21:26:05,29.83493,-91.98158,5.3,250.5,257.0,SANDPIPER,,WDG2173,31,0,23,,,57,A
367512920,2022-01-06T22:29:35,29.80407,-92.07675,5.5,248.6,256.0,SANDPIPER,,WDG2173,31,0,23,,,57,A
367512920,2022-01-06T22:32:15,29.80266,-92.08122,5.7,247.2,254.0,SANDPIPER,,WDG2173,31,0,23,,,57,A
367512920,2022-01-06T21:58:37,29.82004,-92.02799,4.8,255.5,255.0,SANDPIPER,,WDG2173,31,0,23,,,57,A
367512920,2022-01-06T22:01:35,29.81875,-92.03245,5.2,249.4,252.0,SANDPIPER,,WDG2173,31,0,23,,,57,A
367512920,2022-01-06T22:06:07,29.81622,-92.03935,4.9,244.6,257.0,SANDPIPER,,WDG2173,31,0,23,,,57,A
367512920,2022-01-06T22:50:15,29.79286,-92.11028,0.6,251.0,236.0,SANDPIPER,,WDG2173,31,0,23,,,57,A
367512920,2022-01-06T22:15:26,29.81163,-92.05381,5.4,254.6,251.0,SANDPIPER,,WDG2173,31,0,23,,,57,A
367512920,2022-01-06T22:17:46,29.81028,-92.05756,5.4,249.2,253.0,SANDPIPER,,WDG2173,31,0,23,,,57,A
367512920,2022-01-06T22:28:25,29.80465,-92.07485,5.3,252.4,255.0,SANDPIPER,,WDG2173,31,0,23,,,57,A
367512920,2022-01-06T22:35:37,29.80074,-92.08669,5.3,253.0,256.0,SANDPIPER,,WDG2173,31,0,23,,,57,A
367512920,2022-01-06T23:12:47,29.79268,-92.11026,0.0,292.4,243.0,SANDPIPER,,WDG2173,31,0,23,,,57,A
367512920,2022-01-06T23:18:36,29.79268,-92.11027,0.0,268.1,243.0,SANDPIPER,,WDG2173,31,0,23,,,57,A
367512920,2022-01-06T22:57:06,29.79269,-92.11023,0.0,314.2,245.0,SANDPIPER,,WDG2173,31,0,23,,,57,A
367512920,2022-01-06T23:00:55,29.79269,-92.11028,0.0,269.2,243.0,SANDPIPER,,WDG2173,31,0,23,,,57,A
367512920,2022-01-06T23:06:55,29.79269,-92.11026,0.0,242.6,243.0,SANDPIPER,,WDG2173,31,0,23,,,57,A
367512920,2022-01-06T23:33:45,29.79267,-92.11027,0.0,321.2,244.0,SANDPIPER,,WDG2173,31,0,23,,,57,A
367512920,2022-01-06T23:41:06,29.79269,-92.11026,0.0,244.4,244.0,SANDPIPER,,WDG2173,31,0,23,,,57,A
367512920,2022-01-06T23:42:17,29.79268,-92.11025,0.0,301.9,244.0,SANDPIPER,,WDG2173,31,0,23,,,57,A
367512920,2022-01-06T23:19:45,29.79268,-92.11026,0.0,255.3,243.0,SANDPIPER,,WDG2173,31,0,23,,,57,A
367512920,2022-01-06T23:20:55,29.79269,-92.11026,0.0,285.4,243.0,SANDPIPER,,WDG2173,31,0,23,,,57,A
367512920,2022-01-06T23:24:26,29.79269,-92.11026,0.0,303.0,244.0,SANDPIPER,,WDG2173,31,0,23,,,57,A
367512920,2022-01-06T23:55:16,29.79273,-92.11145,0.2,166.5,224.0,SANDPIPER,,WDG2173,31,0,23,,,57,A
367512920,2022-01-06T23:56:27,29.79271,-92.11143,0.1,140.5,226.0,SANDPIPER,,WDG2173,31,0,23,,,57,A
