367614030,2022-01-01T00:00:00,43.34653,-124.32051,0.0,194.7,511.0,NORTH BEND,,WDH4086,31,0,20,6,,90,A
367614030,2022-01-01T00:01:09,43.34657,-124.32051,0.0,182.4,511.0,NORTH BEND,,WDH4086,31,0,20,6,,90,A
367614030,2022-01-01T00:02:20,43.34655,-124.32051,0.0,171.1,511.0,NORTH BEND,,WDH4086,31,0,20,6,,90,A
367614030,2022-01-01T00:03:29,43.34656,-124.32052,0.0,175.9,511.0,NORTH BEND,,WDH4086,31,0,20,6,,90,A
367614030,2022-01-01T00:04:40,43.34655,-124.32053,0.0,192.8,511.0,NORTH BEND,,WDH4086,31,0,20,6,,90,A
367614030,2022-01-01T00:05:50,43.34655,-124.32052,0.0,198.4,511.0,NORTH BEND,,WDH4086,31,0,20,6,,90,A
367614030,2022-01-01T00:09:10,43.34659,-124.32052,0.0,208.6,511.0,NORTH BEND,,WDH4086,31,0,20,6,,90,A
367614030,2022-01-01T00:07:59,43.34659,-124.32051,0.0,205.6,511.0,NORTH BEND,,WDH4086,31,0,20,6,,90,A
367614030,2022-01-01T00:06:58,43.34658,-124.32050,0.0,199.6,511.0,NORTH BEND,,WDH4086,31,0,20,6,,90,A
367614030,2022-01-01T00:12:40,43.34657,-124.32052,0.0,214.3,511.0,NORTH BEND,,WDH4086,31,0,20,6,,90,A
367614030,2022-01-01T00:13:49,43.34658,-124.32050,0.1,213.0,511.0,NORTH BEND,,WDH4086,31,0,20,6,,90,A
367614030,2022-01-01T00:10:20,43.34653,-124.32054,0.0,208.2,511.0,NORTH BEND,,WDH4086,31,0,20,6,,90,A
367614030,2022-01-01T00:11:30,43.34655,-124.32053,0.0,209.4,511.0,NORTH BEND,,WDH4086,31,0,20,6,,90,A
367614030,2022-01-01T00:16:09,43.34659,-124.32054,0.0,218.9,511.0,NORTH BEND,,WDH4086,31,0,20,6,,90,A
367614030,2022-01-01T00:18:39,43.34656,-124.32053,0.0,213.3,511.0,NORTH BEND,,WDH4086,31,0,20,6,,90,A
367614030,2022-01-01T00:14:59,43.34655,-124.32054,0.0,217.0,511.0,NORTH BEND,,WDH4086,31,0,20,6,,90,A
367614030,2022-01-01T00:20:59,43.34655,-124.32052,0.0,218.5,511.0,NORTH BEND,,WDH4086,31,0,20,6,,90,A
367614030,2022-01-01T00:23:19,43.34657,-124.32052,0.0,221.4,511.0,NORTH BEND,,WDH4086,31,0,20,6,,90,A
367614030,2022-01-01T00:17:30,43.34656,-124.32050,0.0,216.7,511.0,NORTH BEND,,WDH4086,31,0,20,6,,90,A
367614030,2022-01-01T00:24:29,43.34656,-124.32051,0.0,220.4,511.0,NORTH BEND,,WDH4086,31,0,20,6,,90,A
367614030,2022-01-01T00:25:40,43.34655,-124.32052,0.0,223.9,511.0,NORTH BEND,,WDH4086,31,0,20,6,,90,A
367614030,2022-01-01T00:19:49,43.34655,-124.32055,0.0,221.7,511.0,NORTH BEND,,WDH4086,31,0,20,6,,90,A
367614030,2022-01-01T00:22:10,43.34657,-124.32051,0.0,220.5,511.0,NORTH BEND,,WDH4086,31,0,20,6,,90,A
367614030,2022-01-01T00:29:09,43.34657,-124.32052,0.0,229.9,511.0,NORTH BEND,,WDH4086,31,0,20,6,,90,A
367614030,2022-01-01T00:26:49,43.34655,-124.32052,0.0,227.4,511.0,NORTH BEND,,WDH4086,31,0,20,6,,90,A
367614030,2022-01-01T00:34:50,43.34656,-124.32052,0.0,221.5,511.0,NORTH BEND,,WDH4086,31,0,20,6,,90,A
367614030,2022-01-01T00:35:59,43.34656,-124.32054,0.0,225.1,511.0,NORTH BEND,,WDH4086,31,0,20,6,,90,A
367614030,2022-01-01T00:38:20,43.34654,-124.32055,0.0,224.4,511.0,NORTH BEND,,WDH4086,31,0,20,6,,90,A
367614030,2022-01-01T00:37:09,43.34655,-124.32053,0.0,225.6,511.0,NORTH BEND,,WDH4086,31,0,20,6,,90,A
367614030,2022-01-01T00:39:29,43.34651,-124.32055,0.0,232.3,511.0,NORTH BEND,,WDH4086,31,0,20,6,,90,A
367614030,2022-01-01T00:43:09,43.34654,-124.32054,0.0,223.5,511.0,NORTH BEND,,WDH4086,31,0,20,6,,90,A
367614030,2022-01-01T00:40:39,43.34651,-124.32056,0.0,233.4,511.0,NORTH BEND,,WDH4086,31,0,20,6,,90,A
367614030,2022-01-01T00:44:19,43.34656,-124.32056,0.0,226.5,511.0,NORTH BEND,,WDH4086,31,0,20,6,,90,A
367614030,2022-01-01T00:47:50,43.34655,-124.32052,0.0,229.4,511.0,NORTH BEND,,WDH4086,31,0,20,6,,90,A
367614030,2022-01-01T00:50:09,43.34656,-124.32051,0.0,237.3,511.0,NORTH BEND,,WDH4086,31,0,20,6,,90,A
367614030,2022-01-01T00:28:00,43.34655,-124.32052,0.0,225.3,511.0,NORTH BEND,,WDH4086,31,0,20,6,,90,A
367614030,2022-01-01T00:54:40,43.34654,-124.32053,0.0,266.9,511.0,NORTH BEND,,WDH4086,31,0,20,6,,90,A
367614030,2022-01-01T00:51:19,43.34657,-124.32052,0.0,246.4,511.0,NORTH BEND,,WDH4086,31,0,20,6,,90,A
367614030,2022-01-01T00:52:20,43.34655,-124.32054,0.0,257.8,511.0,NORTH BEND,,WDH4086,31,0,20,6,,90,A
367614030,2022-01-01T00:49:00,43.34657,-124.32052,0.0,224.4,511.0,NORTH BEND,,WDH4086,31,0,20,6,,90,A
367614030,2022-01-01T00:55:50,43.34654,-124.32053,0.0,276.4,511.0,NORTH BEND,,WDH4086,31,0,20,6,,90,A
367614030,2022-01-01T00:57:00,43.34654,-124.32051,0.0,282.9,511.0,NORTH BEND,,WDH4086,31,0,20,6,,90,A
367614030,2022-01-01T01:01:09,43.34657,-124.32051,0.0,290.0,511.0,NORTH BEND,,WDH4086,31,0,20,6,,90,A
367614030,2022-01-01T01:00:00,43.34657,-124.32051,0.0,279.9,511.0,NORTH BEND,,WDH4086,31,0,20,6,,90,A
367614030,2022-01-01T01:04:39,43.34657,-124.32051,0.0,282.0,511.0,NORTH BEND,,WDH4086,31,0,20,6,,90,A
367614030,2022-01-01T00:53:29,43.34655,-124.32053,0.0,265.2,511.0,NORTH BEND,,WDH4086,31,0,20,6,,90,A
367614030,2022-01-01T00:59:20,43.34659,-124.32051,0.0,276.2,511.0,NORTH BEND,,WDH4086,31,0,20,6,,90,A
367614030,2022-01-01T01:06:59,43.34654,-124.32055,0.0,290.8,511.0,NORTH BEND,,WDH4086,31,0,20,6,,90,A
367614030,2022-01-01T01:05:50,43.34656,-124.32052,0.0,285.3,511.0,NORTH BEND,,WDH4086,31,0,20,6,,90,A
367614030,2022-01-01T01:08:09,43.34655,-124.32055,0.0,293.4,511.0,NORTH BEND,,WDH4086,31,0,20,6,,90,A
367614030,2022-01-01T01:09:19,43.34655,-124.32054,0.1,294.9,511.0,NORTH BEND,,WDH4086,31,0,20,6,,90,A
367614030,2022-01-01T01:10:39,43.34656,-124.32054,0.0,297.3,511.0,NORTH BEND,,WDH4086,31,0,20,6,,90,A
367614030,2022-01-01T01:16:09,43.34658,-124.32056,0.0,289.1,511.0,NORTH BEND,,WDH4086,31,0,20,6,,90,A
367614030,2022-01-01T01:03:29,43.34654,-124.32049,0.0,280.1,511.0,NORTH BEND,,WDH4086,31,0,20,6,,90,A
367614030,2022-01-01T01:14:59,43.34657,-124.32056,0.1,293.9,511.0,NORTH BEND,,WDH4086,31,0,20,6,,90,A
367614030,2022-01-01T00:41:59,43.34655,-124.32053,0.1,226.6,511.0,NORTH BEND,,WDH4086,31,0,20,6,,90,A
367614030,2022-01-01T01:18:29,43.34656,-124.32055,0.0,279.1,511.0,NORTH BEND,,WDH4086,31,0,20,6,,90,A
367614030,2022-01-01T01:12:49,43.34650,-124.32058,0.0,296.2,511.0,NORTH BEND,,WDH4086,31,0,20,6,,90,A
367614030,2022-01-01T01:17:19,43.34656,-124.32055,0.0,288.9,511.0,NORTH BEND,,WDH4086,31,0,20,6,,90,A
367614030,2022-01-01T00:45:29,43.34655,-124.32055,0.0,231.4,511.0,NORTH BEND,,WDH4086,31,0,20,6,,90,A
367614030,2022-01-01T01:25:29,43.34655,-124.32051,0.0,255.2,511.0,NORTH BEND,,WDH4086,31,0,20,6,,90,A
367614030,2022-01-01T01:22:00,43.34656,-124.32053,0.0,291.2,511.0,NORTH BEND,,WDH4086,31,0,20,6,,90,A
367614030,2022-01-01T00:46:39,43.34657,-124.32054,0.0,232.8,511.0,NORTH BEND,,WDH4086,31,0,20,6,,90,A
367614030,2022-01-01T01:19:39,43.34654,-124.32053,0.0,285.3,511.0,NORTH BEND,,WDH4086,31,0,20,6,,90,A
367614030,2022-01-01T01:13:50,43.34655,-124.32056,0.0,291.8,511.0,NORTH BEND,,WDH4086,31,0,20,6,,90,A
367614030,2022-01-01T01:24:19,43.34655,-124.32053,0.0,273.9,511.0,NORTH BEND,,WDH4086,31,0,20,6,,90,A
367614030,2022-01-01T01:26:39,43.34655,-124.32051,0.1,244.9,511.0,NORTH BEND,,WDH4086,31,0,20,6,,90,A
367614030,2022-01-01T01:23:10,43.34655,-124.32053,0.0,284.5,511.0,NORTH BEND,,WDH4086,31,0,20,6,,90,A
367614030,2022-01-01T01:31:59,43.34655,-124.32052,0.0,223.0,511.0,NORTH BEND,,WDH4086,31,0,20,6,,90,A
367614030,2022-01-01T01:28:59,43.34656,-124.32051,0.0,236.8,511.0,NORTH BEND,,WDH4086,31,0,20,6,,90,A
367614030,2022-01-01T01:34:19,43.34657,-124.32053,0.0,231.2,511.0,NORTH BEND,,WDH4086,31,0,20,6,,90,A
367614030,2022-01-01T01:36:40,43.34655,-124.32052,0.0,226.6,511.0,NORTH BEND,,WDH4086,31,0,20,6,,90,A
367614030,2022-01-01T01:35:29,43.34656,-124.32053,0.0,227.7,511.0,NORTH BEND,,WDH4086,31,0,20,6,,90,A
367614030,2022-01-01T01:27:50,43.34656,-124.32050,0.0,242.6,511.0,NORTH BEND,,WDH4086,31,0,20,6,,90,A
367614030,2022-01-01T01:37:49,43.34661,-124.32054,0.0,229.3,511.0,NORTH BEND,,WDH4086,31,0,20,6,,90,A
367614030,2022-01-01T01:33:09,43.34656,-124.32052,0.0,236.1,511.0,NORTH BEND,,WDH4086,31,0,20,6,,90,A
367614030,2022-01-01T00:58:10,43.34656,-124.32051,0.0,281.1,511.0,NORTH BEND,,WDH4086,31,0,20,6,,90,A
367614030,2022-01-01T01:39:00,43.34658,-124.32051,0.0,227.8,511.0,NORTH BEND,,WDH4086,31,0,20,6,,90,A
367614030,2022-01-01T01:41:19,43.34656,-124.32052,0.0,227.3,511.0,NORTH BEND,,WDH4086,31,0,20,6,,90,A
367614030,2022-01-01T01:49:20,43.34651,-124.32060,0.0,225.0,511.0,NORTH BEND,,WDH4086,31,0,20,6,,90,A
367614030,2022-01-01T01:40:09,43.34656,-124.32052,0.0,226.1,511.0,NORTH BEND,,WDH4086,31,0,20,6,,90,A
367614030,2022-01-01T01:46:00,43.34654,-124.32053,0.0,223.1,511.0,NORTH BEND,,WDH4086,31,0,20,6,,90,A
367614030,2022-01-01T01:43:49,43.34654,-124.32052,0.0,220.3,511.0,NORTH BEND,,WDH4086,31,0,20,6,,90,A
367614030,2022-01-01T01:02:20,43.34657,-124.32050,0.0,287.5,511.0,NORTH BEND,,WDH4086,31,0,20,6,,90,A
367614030,2022-01-01T01:44:59,43.34655,-124.32054,0.0,222.9,511.0,NORTH BEND,,WDH4086,31,0,20,6,,90,A
367614030,2022-01-01T01:48:10,43.34650,-124.32058,0.0,229.8,511.0,NORTH BEND,,WDH4086,31,0,20,6,,90,A
367614030,2022-01-01T01:55:09,43.34654,-124.32054,0.0,245.6,511.0,NORTH BEND,,WDH4086,31,0,20,6,,90,A
367614030,2022-01-01T01:56:20,43.34656,-124.32053,0.0,262.2,511.0,NORTH BEND,,WDH4086,31,0,20,6,,90,A
367614030,2022-01-01T02:01:19,43.34656,-124.32054,0.0,275.2,511.0,NORTH BEND,,WDH4086,31,0,20,6,,90,A
367614030,2022-01-01T01:51:39,43.34657,-124.32057,0.0,234.0,511.0,NORTH BEND,,WDH4086,31,0,20,6,,90,A
367614030,2022-01-01T01:53:59,43.34655,-124.32055,0.0,244.2,511.0,NORTH BEND,,WDH4086,31,0,20,6,,90,A
367614030,2022-01-01T01:57:29,43.34655,-124.32054,0.0,256.1,511.0,NORTH BEND,,WDH4086,31,0,20,6,,90,A
367614030,2022-01-01T02:00:10,43.34655,-124.32053,0.0,271.3,511.0,NORTH BEND,,WDH4086,31,0,20,6,,90,A
367614030,2022-01-01T01:59:50,43.34655,-124.32054,0.0,269.6,511.0,NORTH BEND,,WDH4086,31,0,20,6,,90,A
367614030,2022-01-01T02:07:09,43.34654,-124.32055,0.0,295.2,511.0,NORTH BEND,,WDH4086,31,0,20,6,,90,A
367614030,2022-01-01T02:13:00,43.34655,-124.32054,0.0,269.1,511.0,NORTH BEND,,WDH4086,31,0,20,6,,90,A
367614030,2022-01-01T02:10:39,43.34655,-124.32052,0.0,278.9,511.0,NORTH BEND,,WDH4086,31,0,20,6,,90,A
367614030,2022-01-01T02:02:29,43.34656,-124.32055,0.0,278.8,511.0,NORTH BEND,,WDH4086,31,0,20,6,,90,A
367614030,2022-01-01T02:15:20,43.34660,-124.32055,0.0,263.8,511.0,NORTH BEND,,WDH4086,31,0,20,6,,90,A
367614030,2022-01-01T02:03:40,43.34656,-124.32055,0.0,291.1,511.0,NORTH BEND,,WDH4086,31,0,20,6,,90,A
367614030,2022-01-01T02:09:29,43.34654,-124.32053,0.0,287.8,511.0,NORTH BEND,,WDH4086,31,0,20,6,,90,A
367614030,2022-01-01T02:16:29,43.34656,-124.32053,0.0,268.4,511.0,NORTH BEND,,WDH4086,31,0,20,6,,90,A
367614030,2022-01-01T02:04:49,43.34657,-124.32054,0.0,296.5,511.0,NORTH BEND,,WDH4086,31,0,20,6,,90,A
367614030,2022-01-01T02:11:50,43.34653,-124.32055,0.0,278.6,511.0,NORTH BEND,,WDH4086,31,0,20,6,,90,A
367614030,2022-01-01T02:05:59,43.34656,-124.32056,0.0,288.5,511.0,NORTH BEND,,WDH4086,31,0,20,6,,90,A
367614030,2022-01-01T02:08:20,43.34653,-124.32055,0.0,293.3,511.0,NORTH BEND,,WDH4086,31,0,20,6,,90,A
367614030,2022-01-01T02:22:29,43.34657,-124.32053,0.0,278.0,511.0,NORTH BEND,,WDH4086,31,0,20,6,,90,A
367614030,2022-01-01T01:11:40,43.34656,-124.32054,0.0,300.1,511.0,NORTH BEND,,WDH4086,31,0,20,6,,90,A
367614030,2022-01-01T02:23:39,43.34654,-124.32052,0.0,280.4,511.0,NORTH BEND,,WDH4086,31,0,20,6,,90,A
367614030,2022-01-01T02:20:11,43.34656,-124.32054,0.0,259.9,511.0,NORTH BEND,,WDH4086,31,0,20,6,,90,A
367614030,2022-01-01T02:14:10,43.34656,-124.32053,0.0,269.5,511.0,NORTH BEND,,WDH4086,31,0,20,6,,90,A
367614030,2022-01-01T02:29:09,43.34657,-124.32055,0.0,279.3,511.0,NORTH BEND,,WDH4086,31,0,20,6,,90,A
367614030,2022-01-01T02:25:49,43.34659,-124.32049,0.0,291.9,511.0,NORTH BEND,,WDH4086,31,0,20,6,,90,A
367614030,2022-01-01T02:21:20,43.34656,-124.32054,0.0,268.6,511.0,NORTH BEND,,WDH4086,31,0,20,6,,90,A
367614030,2022-01-01T02:26:50,43.34652,-124.32053,0.0,294.3,511.0,NORTH BEND,,WDH4086,31,0,20,6,,90,A
367614030,2022-01-01T02:38:10,43.34655,-124.32055,0.0,212.3,511.0,NORTH BEND,,WDH4086,31,0,20,6,,90,A
367614030,2022-01-01T02:27:59,43.34657,-124.32053,0.0,293.6,511.0,NORTH BEND,,WDH4086,31,0,20,6,,90,A
367614030,2022-01-01T02:39:20,43.34655,-124.32054,0.0,215.3,511.0,NORTH BEND,,WDH4086,31,0,20,6,,90,A
367614030,2022-01-01T02:40:29,43.34656,-124.32055,0.0,212.3,511.0,NORTH BEND,,WDH4086,31,0,20,6,,90,A
367614030,2022-01-01T02:37:00,43.34657,-124.32056,0.0,216.1,511.0,NORTH BEND,,WDH4086,31,0,20,6,,90,A
367614030,2022-01-01T02:34:40,43.34657,-124.32055,0.0,218.9,511.0,NORTH BEND,,WDH4086,31,0,20,6,,90,A
367614030,2022-01-01T02:46:19,43.34656,-124.32053,0.0,209.0,511.0,NORTH BEND,,WDH4086,31,0,20,6,,90,A
367614030,2022-01-01T02:45:09,43.34656,-124.32053,0.0,208.3,511.0,NORTH BEND,,WDH4086,31,0,20,6,,90,A
367614030,2022-01-01T01:20:50,43.34657,-124.32053,0.0,292.1,511.0,NORTH BEND,,WDH4086,31,0,20,6,,90,A
367614030,2022-01-01T02:33:29,43.34656,-124.32053,0.0,227.0,511.0,NORTH BEND,,WDH4086,31,0,20,6,,90,A
367614030,2022-01-01T02:35:49,43.34655,-124.32052,0.0,215.8,511.0,NORTH BEND,,WDH4086,31,0,20,6,,90,A
367614030,2022-01-01T02:49:49,43.34653,-124.32054,0.0,209.3,511.0,NORTH BEND,,WDH4086,31,0,20,6,,90,A
367614030,2022-01-01T02:51:00,43.34655,-124.32057,0.0,214.7,511.0,NORTH BEND,,WDH4086,31,0,20,6,,90,A
367614030,2022-01-01T02:52:10,43.34656,-124.32055,0.0,213.0,511.0,NORTH BEND,,WDH4086,31,0,20,6,,90,A
367614030,2022-01-01T02:57:00,43.34654,-124.32057,0.0,218.9,511.0,NORTH BEND,,WDH4086,31,0,20,6,,90,A
367614030,2022-01-01T02:53:20,43.34655,-124.32055,0.0,220.5,511.0,NORTH BEND,,WDH4086,31,0,20,6,,90,A
367614030,2022-01-01T02:41:40,43.34657,-124.32056,0.0,211.1,511.0,NORTH BEND,,WDH4086,31,0,20,6,,90,A
367614030,2022-01-01T02:42:49,43.34657,-124.32054,0.0,214.2,511.0,NORTH BEND,,WDH4086,31,0,20,6,,90,A
367614030,2022-01-01T03:00:10,43.34655,-124.32054,0.0,229.3,511.0,NORTH BEND,,WDH4086,31,0,20,6,,90,A
367614030,2022-01-01T03:02:29,43.34655,-124.32057,0.0,227.5,511.0,NORTH BEND,,WDH4086,31,0,20,6,,90,A
367614030,2022-01-01T03:03:39,43.34654,-124.32054,0.0,242.9,511.0,NORTH BEND,,WDH4086,31,0,20,6,,90,A
367614030,2022-01-01T03:01:19,43.34657,-124.32053,0.0,230.0,511.0,NORTH BEND,,WDH4086,31,0,20,6,,90,A
367614030,2022-01-01T02:58:10,43.34654,-124.32057,0.0,225.9,511.0,NORTH BEND,,WDH4086,31,0,20,6,,90,A
367614030,2022-01-01T03:04:50,43.34656,-124.32053,0.0,251.4,511.0,NORTH BEND,,WDH4086,31,0,20,6,,90,A
367614030,2022-01-01T03:05:59,43.34651,-124.32054,0.0,247.7,511.0,NORTH BEND,,WDH4086,31,0,20,6,,90,A
367614030,2022-01-01T03:08:10,43.34654,-124.32055,0.0,263.4,511.0,NORTH BEND,,WDH4086,31,0,20,6,,90,A
367614030,2022-01-01T02:54:29,43.34654,-124.32057,0.0,231.4,511.0,NORTH BEND,,WDH4086,31,0,20,6,,90,A
367614030,2022-01-01T03:16:20,43.34653,-124.32057,0.1,236.2,511.0,NORTH BEND,,WDH4086,31,0,20,6,,90,A
367614030,2022-01-01T03:11:40,43.34651,-124.32055,0.0,240.5,511.0,NORTH BEND,,WDH4086,31,0,20,6,,90,A
367614030,2022-01-01T03:14:00,43.34651,-124.32057,0.0,240.4,511.0,NORTH BEND,,WDH4086,31,0,20,6,,90,A
367614030,2022-01-01T02:55:39,43.34654,-124.32057,0.0,223.1,511.0,NORTH BEND,,WDH4086,31,0,20,6,,90,A
367614030,2022-01-01T03:07:00,43.34656,-124.32053,0.0,263.5,511.0,NORTH BEND,,WDH4086,31,0,20,6,,90,A
367614030,2022-01-01T03:17:29,43.34654,-124.32053,0.0,227.3,511.0,NORTH BEND,,WDH4086,31,0,20,6,,90,A
367614030,2022-01-01T02:59:19,43.34654,-124.32057,0.0,224.1,511.0,NORTH BEND,,WDH4086,31,0,20,6,,90,A
367614030,2022-01-01T03:19:49,43.34653,-124.32054,0.0,224.6,511.0,NORTH BEND,,WDH4086,31,0,20,6,,90,A
367614030,2022-01-01T03:12:50,43.34651,-124.32056,0.0,242.9,511.0,NORTH BEND,,WDH4086,31,0,20,6,,90,A
367614030,2022-01-01T03:15:10,43.34653,-124.32054,0.0,235.6,511.0,NORTH BEND,,WDH4086,31,0,20,6,,90,A
367614030,2022-01-01T03:09:19,43.34654,-124.32055,0.0,259.1,511.0,NORTH BEND,,WDH4086,31,0,20,6,,90,A
367614030,2022-01-01T03:24:30,43.34652,-124.32052,0.0,226.8,511.0,NORTH BEND,,WDH4086,31,0,20,6,,90,A
367614030,2022-01-01T03:29:10,43.34655,-124.32052,0.0,230.7,511.0,NORTH BEND,,WDH4086,31,0,20,6,,90,A
367614030,2022-01-01T01:42:39,43.34656,-124.32051,0.0,223.2,511.0,NORTH BEND,,WDH4086,31,0,20,6,,90,A
367614030,2022-01-01T03:26:50,43.34654,-124.32051,0.0,224.8,511.0,NORTH BEND,,WDH4086,31,0,20,6,,90,A
367614030,2022-01-01T03:10:29,43.34651,-124.32056,0.0,248.5,511.0,NORTH BEND,,WDH4086,31,0,20,6,,90,A
367614030,2022-01-01T03:28:00,43.34654,-124.32053,0.0,228.7,511.0,NORTH BEND,,WDH4086,31,0,20,6,,90,A
367614030,2022-01-01T03:23:20,43.34652,-124.32051,0.0,225.0,511.0,NORTH BEND,,WDH4086,31,0,20,6,,90,A
367614030,2022-01-01T03:18:40,43.34651,-124.32057,0.0,227.7,511.0,NORTH BEND,,WDH4086,31,0,20,6,,90,A
367614030,2022-01-01T03:35:50,43.34656,-124.32058,0.0,232.0,511.0,NORTH BEND,,WDH4086,31,0,20,6,,90,A
367614030,2022-01-01T03:32:10,43.34655,-124.32052,0.0,230.6,511.0,NORTH BEND,,WDH4086,31,0,20,6,,90,A
367614030,2022-01-01T01:47:09,43.34653,-124.32057,0.0,225.8,511.0,NORTH BEND,,WDH4086,31,0,20,6,,90,A
367614030,2022-01-01T03:39:20,43.34654,-124.32053,0.1,243.2,511.0,NORTH BEND,,WDH4086,31,0,20,6,,90,A
367614030,2022-01-01T03:20:59,43.34650,-124.32058,0.0,227.4,511.0,NORTH BEND,,WDH4086,31,0,20,6,,90,A
367614030,2022-01-01T03:40:29,43.34656,-124.32053,0.1,248.8,511.0,NORTH BEND,,WDH4086,31,0,20,6,,90,A
367614030,2022-01-01T03:38:10,43.34653,-124.32052,0.0,242.2,511.0,NORTH BEND,,WDH4086,31,0,20,6,,90,A
367614030,2022-01-01T03:34:39,43.34656,-124.32050,0.0,224.8,511.0,NORTH BEND,,WDH4086,31,0,20,6,,90,A
367614030,2022-01-01T03:31:00,43.34652,-124.32051,0.0,230.6,511.0,NORTH BEND,,WDH4086,31,0,20,6,,90,A
367614030,2022-01-01T03:25:40,43.34653,-124.32051,0.0,226.0,511.0,NORTH BEND,,WDH4086,31,0,20,6,,90,A
367614030,2022-01-01T03:36:59,43.34649,-124.32057,0.0,236.6,511.0,NORTH BEND,,WDH4086,31,0,20,6,,90,A
367614030,2022-01-01T01:50:30,43.34654,-124.32060,0.0,222.7,511.0,NORTH BEND,,WDH4086,31,0,20,6,,90,A
367614030,2022-01-01T03:45:09,43.34647,-124.32055,0.0,254.5,511.0,NORTH BEND,,WDH4086,31,0,20,6,,90,A
367614030,2022-01-01T01:52:50,43.34656,-124.32052,0.0,229.8,511.0,NORTH BEND,,WDH4086,31,0,20,6,,90,A
367614030,2022-01-01T03:33:20,43.34656,-124.32052,0.0,229.2,511.0,NORTH BEND,,WDH4086,31,0,20,6,,90,A
367614030,2022-01-01T03:49:50,43.34654,-124.32052,0.0,264.3,511.0,NORTH BEND,,WDH4086,31,0,20,6,,90,A
367614030,2022-01-01T03:54:19,43.34653,-124.32052,0.0,251.3,511.0,NORTH BEND,,WDH4086,31,0,20,6,,90,A
367614030,2022-01-01T04:02:29,43.34654,-124.32054,0.0,241.0,511.0,NORTH BEND,,WDH4086,31,0,20,6,,90,A
367614030,2022-01-01T03:43:59,43.34652,-124.32053,0.0,255.7,511.0,NORTH BEND,,WDH4086,31,0,20,6,,90,A
367614030,2022-01-01T03:50:59,43.34653,-124.32051,0.0,255.6,511.0,NORTH BEND,,WDH4086,31,0,20,6,,90,A
367614030,2022-01-01T03:41:39,43.34653,-124.32053,0.0,249.6,511.0,NORTH BEND,,WDH4086,31,0,20,6,,90,A
367614030,2022-01-01T01:58:40,43.34654,-124.32052,0.0,260.2,511.0,NORTH BEND,,WDH4086,31,0,20,6,,90,A
367614030,2022-01-01T03:46:20,43.34650,-124.32053,0.0,260.4,511.0,NORTH BEND,,WDH4086,31,0,20,6,,90,A
367614030,2022-01-01T03:56:40,43.34652,-124.32056,0.0,242.4,511.0,NORTH BEND,,WDH4086,31,0,20,6,,90,A
367614030,2022-01-01T03:53:09,43.34651,-124.32053,0.0,251.1,511.0,NORTH BEND,,WDH4086,31,0,20,6,,90,A
367614030,2022-01-01T03:55:30,43.34652,-124.32054,0.0,247.0,511.0,NORTH BEND,,WDH4086,31,0,20,6,,90,A
367614030,2022-01-01T03:57:49,43.34654,-124.32053,0.0,248.1,511.0,NORTH BEND,,WDH4086,31,0,20,6,,90,A
367614030,2022-01-01T03:59:09,43.34654,-124.32054,0.0,244.0,511.0,NORTH BEND,,WDH4086,31,0,20,6,,90,A
367614030,2022-01-01T04:01:20,43.34654,-124.32048,0.0,240.8,511.0,NORTH BEND,,WDH4086,31,0,20,6,,90,A
367614030,2022-01-01T04:11:50,43.34655,-124.32050,0.0,249.5,511.0,NORTH BEND,,WDH4086,31,0,20,6,,90,A
367614030,2022-01-01T04:03:40,43.34649,-124.32048,0.0,245.3,511.0,NORTH BEND,,WDH4086,31,0,20,6,,90,A
367614030,2022-01-01T03:52:00,43.34653,-124.32053,0.0,255.9,511.0,NORTH BEND,,WDH4086,31,0,20,6,,90,A
367614030,2022-01-01T04:14:10,43.34653,-124.32050,0.0,252.3,511.0,NORTH BEND,,WDH4086,31,0,20,6,,90,A
367614030,2022-01-01T04:07:11,43.34654,-124.32050,0.0,242.3,511.0,NORTH BEND,,WDH4086,31,0,20,6,,90,A
367614030,2022-01-01T04:08:20,43.34654,-124.32052,0.0,239.4,511.0,NORTH BEND,,WDH4086,31,0,20,6,,90,A
367614030,2022-01-01T04:20:59,43.34657,-124.32054,0.0,226.3,511.0,NORTH BEND,,WDH4086,31,0,20,6,,90,A
367614030,2022-01-01T04:13:00,43.34654,-124.32046,0.0,252.0,511.0,NORTH BEND,,WDH4086,31,0,20,6,,90,A
367614030,2022-01-01T04:00:10,43.34652,-124.32053,0.0,246.3,511.0,NORTH BEND,,WDH4086,31,0,20,6,,90,A
367614030,2022-01-01T04:15:19,43.34655,-124.32050,0.0,259.1,511.0,NORTH BEND,,WDH4086,31,0,20,6,,90,A
367614030,2022-01-01T04:16:29,43.34655,-124.32053,0.0,239.5,511.0,NORTH BEND,,WDH4086,31,0,20,6,,90,A
367614030,2022-01-01T04:17:39,43.34656,-124.32052,0.0,237.7,511.0,NORTH BEND,,WDH4086,31,0,20,6,,90,A
367614030,2022-01-01T04:04:50,43.34651,-124.32049,0.0,238.8,511.0,NORTH BEND,,WDH4086,31,0,20,6,,90,A
367614030,2022-01-01T04:18:49,43.34656,-124.32053,0.0,234.0,511.0,NORTH BEND,,WDH4086,31,0,20,6,,90,A
367614030,2022-01-01T04:19:50,43.34655,-124.32054,0.0,228.6,511.0,NORTH BEND,,WDH4086,31,0,20,6,,90,A
367614030,2022-01-01T04:24:29,43.34655,-124.32052,0.0,222.0,511.0,NORTH BEND,,WDH4086,31,0,20,6,,90,A
367614030,2022-01-01T04:09:29,43.34654,-124.32051,0.0,246.1,511.0,NORTH BEND,,WDH4086,31,0,20,6,,90,A
367614030,2022-01-01T04:23:20,43.34656,-124.32053,0.0,222.9,511.0,NORTH BEND,,WDH4086,31,0,20,6,,90,A
367614030,2022-01-01T04:10:39,43.34653,-124.32051,0.0,247.4,511.0,NORTH BEND,,WDH4086,31,0,20,6,,90,A
367614030,2022-01-01T04:25:40,43.34656,-124.32052,0.0,226.1,511.0,NORTH BEND,,WDH4086,31,0,20,6,,90,A
367614030,2022-01-01T04:27:59,43.34656,-124.32053,0.0,229.8,511.0,NORTH BEND,,WDH4086,31,0,20,6,,90,A
367614030,2022-01-01T04:26:49,43.34660,-124.32054,0.0,233.1,511.0,NORTH BEND,,WDH4086,31,0,20,6,,90,A
367614030,2022-01-01T04:39:29,43.34655,-124.32054,0.0,226.7,511.0,NORTH BEND,,WDH4086,31,0,20,6,,90,A
367614030,2022-01-01T04:29:10,43.34656,-124.32052,0.1,233.6,511.0,NORTH BEND,,WDH4086,31,0,20,6,,90,A
367614030,2022-01-01T04:45:10,43.34653,-124.32053,0.0,230.0,511.0,NORTH BEND,,WDH4086,31,0,20,6,,90,A
367614030,2022-01-01T04:35:00,43.34654,-124.32053,0.1,232.2,511.0,NORTH BEND,,WDH4086,31,0,20,6,,90,A
367614030,2022-01-01T04:22:09,43.34657,-124.32054,0.1,223.5,511.0,NORTH BEND,,WDH4086,31,0,20,6,,90,A
367614030,2022-01-01T02:17:39,43.34657,-124.32055,0.0,261.2,511.0,NORTH BEND,,WDH4086,31,0,20,6,,90,A
367614030,2022-01-01T04:38:20,43.34655,-124.32054,0.0,231.8,511.0,NORTH BEND,,WDH4086,31,0,20,6,,90,A
367614030,2022-01-01T02:18:49,43.34656,-124.32054,0.0,263.6,511.0,NORTH BEND,,WDH4086,31,0,20,6,,90,A
367614030,2022-01-01T04:41:49,43.34654,-124.32052,0.0,226.1,511.0,NORTH BEND,,WDH4086,31,0,20,6,,90,A
367614030,2022-01-01T04:42:59,43.34653,-124.32053,0.0,227.1,511.0,NORTH BEND,,WDH4086,31,0,20,6,,90,A
367614030,2022-01-01T04:33:50,43.34655,-124.32054,0.0,232.4,511.0,NORTH BEND,,WDH4086,31,0,20,6,,90,A
367614030,2022-01-01T04:44:00,43.34653,-124.32053,0.0,229.4,511.0,NORTH BEND,,WDH4086,31,0,20,6,,90,A
367614030,2022-01-01T04:40:39,43.34654,-124.32053,0.0,224.5,511.0,NORTH BEND,,WDH4086,31,0,20,6,,90,A
367614030,2022-01-01T04:55:39,43.34656,-124.32054,0.0,260.7,511.0,NORTH BEND,,WDH4086,31,0,20,6,,90,A
367614030,2022-01-01T04:32:40,43.34656,-124.32053,0.0,231.2,511.0,NORTH BEND,,WDH4086,31,0,20,6,,90,A
367614030,2022-01-01T02:24:40,43.34656,-124.32053,0.0,285.7,511.0,NORTH BEND,,WDH4086,31,0,20,6,,90,A
367614030,2022-01-01T04:47:30,43.34655,-124.32052,0.1,251.2,511.0,NORTH BEND,,WDH4086,31,0,20,6,,90,A
367614030,2022-01-01T04:37:19,43.34656,-124.32052,0.0,229.9,511.0,NORTH BEND,,WDH4086,31,0,20,6,,90,A
367614030,2022-01-01T04:53:19,43.34657,-124.32055,0.0,262.1,511.0,NORTH BEND,,WDH4086,31,0,20,6,,90,A
367614030,2022-01-01T05:04:40,43.34656,-124.32054,0.0,283.6,511.0,NORTH BEND,,WDH4086,31,0,20,6,,90,A
367614030,2022-01-01T04:46:20,43.34654,-124.32052,0.0,240.7,511.0,NORTH BEND,,WDH4086,31,0,20,6,,90,A
367614030,2022-01-01T04:48:40,43.34654,-124.32052,0.1,249.0,511.0,NORTH BEND,,WDH4086,31,0,20,6,,90,A
367614030,2022-01-01T04:54:30,43.34656,-124.32053,0.0,260.2,511.0,NORTH BEND,,WDH4086,31,0,20,6,,90,A
367614030,2022-01-01T04:59:09,43.34653,-124.32058,0.1,288.0,511.0,NORTH BEND,,WDH4086,31,0,20,6,,90,A
367614030,2022-01-01T05:03:29,43.34662,-124.32055,0.0,284.4,511.0,NORTH BEND,,WDH4086,31,0,20,6,,90,A
367614030,2022-01-01T04:49:50,43.34654,-124.32051,0.0,253.0,511.0,NORTH BEND,,WDH4086,31,0,20,6,,90,A
367614030,2022-01-01T05:00:09,43.34652,-124.32055,0.0,287.4,511.0,NORTH BEND,,WDH4086,31,0,20,6,,90,A
367614030,2022-01-01T05:14:10,43.34656,-124.32055,0.1,214.3,511.0,NORTH BEND,,WDH4086,31,0,20,6,,90,A
367614030,2022-01-01T05:06:00,43.34655,-124.32051,0.0,278.4,511.0,NORTH BEND,,WDH4086,31,0,20,6,,90,A
367614030,2022-01-01T05:02:19,43.34656,-124.32054,0.0,283.2,511.0,NORTH BEND,,WDH4086,31,0,20,6,,90,A
367614030,2022-01-01T04:56:49,43.34653,-124.32056,0.1,267.5,511.0,NORTH BEND,,WDH4086,31,0,20,6,,90,A
367614030,2022-01-01T04:57:59,43.34654,-124.32060,0.0,277.2,511.0,NORTH BEND,,WDH4086,31,0,20,6,,90,A
367614030,2022-01-01T05:28:00,43.34660,-124.32057,0.0,256.7,511.0,NORTH BEND,,WDH4086,31,0,20,6,,90,A
367614030,2022-01-01T05:15:20,43.34658,-124.32053,0.0,217.5,511.0,NORTH BEND,,WDH4086,31,0,20,6,,90,A
367614030,2022-01-01T05:16:29,43.34655,-124.32055,0.0,213.1,511.0,NORTH BEND,,WDH4086,31,0,20,6,,90,A
367614030,2022-01-01T05:07:10,43.34654,-124.32052,0.0,272.0,511.0,NORTH BEND,,WDH4086,31,0,20,6,,90,A
367614030,2022-01-01T05:17:30,43.34658,-124.32054,0.1,210.3,511.0,NORTH BEND,,WDH4086,31,0,20,6,,90,A
367614030,2022-01-01T05:09:30,43.34657,-124.32053,0.1,273.8,511.0,NORTH BEND,,WDH4086,31,0,20,6,,90,A
367614030,2022-01-01T05:08:19,43.34655,-124.32054,0.0,275.5,511.0,NORTH BEND,,WDH4086,31,0,20,6,,90,A
367614030,2022-01-01T05:20:59,43.34657,-124.32052,0.0,216.5,511.0,NORTH BEND,,WDH4086,31,0,20,6,,90,A
367614030,2022-01-01T05:10:39,43.34656,-124.32054,0.0,248.8,511.0,NORTH BEND,,WDH4086,31,0,20,6,,90,A
367614030,2022-01-01T05:11:49,43.34658,-124.32051,0.1,233.0,511.0,NORTH BEND,,WDH4086,31,0,20,6,,90,A
367614030,2022-01-01T05:18:39,43.34656,-124.32052,0.0,213.4,511.0,NORTH BEND,,WDH4086,31,0,20,6,,90,A
367614030,2022-01-01T05:13:00,43.34658,-124.32053,0.0,218.4,511.0,NORTH BEND,,WDH4086,31,0,20,6,,90,A
367614030,2022-01-01T05:39:39,43.34657,-124.32051,0.0,275.0,511.0,NORTH BEND,,WDH4086,31,0,20,6,,90,A
367614030,2022-01-01T05:26:50,43.34658,-124.32053,0.0,253.5,511.0,NORTH BEND,,WDH4086,31,0,20,6,,90,A
367614030,2022-01-01T05:19:49,43.34658,-124.32054,0.0,207.4,511.0,NORTH BEND,,WDH4086,31,0,20,6,,90,A
367614030,2022-01-01T05:45:30,43.34655,-124.32056,0.0,320.3,511.0,NORTH BEND,,WDH4086,31,0,20,6,,90,A
367614030,2022-01-01T02:44:00,43.34656,-124.32054,0.0,210.7,511.0,NORTH BEND,,WDH4086,31,0,20,6,,90,A
367614030,2022-01-01T05:23:20,43.34659,-124.32053,0.0,240.2,511.0,NORTH BEND,,WDH4086,31,0,20,6,,90,A
367614030,2022-01-01T05:32:50,43.34655,-124.32055,0.0,264.1,511.0,NORTH BEND,,WDH4086,31,0,20,6,,90,A
367614030,2022-01-01T05:33:59,43.34654,-124.32060,0.0,280.0,511.0,NORTH BEND,,WDH4086,31,0,20,6,,90,A
367614030,2022-01-01T05:35:09,43.34656,-124.32054,0.0,282.8,511.0,NORTH BEND,,WDH4086,31,0,20,6,,90,A
367614030,2022-01-01T05:38:30,43.34657,-124.32053,0.1,274.5,511.0,NORTH BEND,,WDH4086,31,0,20,6,,90,A
367614030,2022-01-01T05:43:19,43.34655,-124.32055,0.1,300.0,511.0,NORTH BEND,,WDH4086,31,0,20,6,,90,A
367614030,2022-01-01T02:47:30,43.34654,-124.32055,0.1,210.1,511.0,NORTH BEND,,WDH4086,31,0,20,6,,90,A
367614030,2022-01-01T05:29:10,43.34658,-124.32052,0.0,261.0,511.0,NORTH BEND,,WDH4086,31,0,20,6,,90,A
367614030,2022-01-01T02:48:39,43.34653,-124.32055,0.0,206.0,511.0,NORTH BEND,,WDH4086,31,0,20,6,,90,A
367614030,2022-01-01T05:44:29,43.34655,-124.32056,0.0,320.4,511.0,NORTH BEND,,WDH4086,31,0,20,6,,90,A
367614030,2022-01-01T05:37:19,43.34657,-124.32054,0.0,288.8,511.0,NORTH BEND,,WDH4086,31,0,20,6,,90,A
367614030,2022-01-01T05:50:09,43.34655,-124.32055,0.0,327.4,511.0,NORTH BEND,,WDH4086,31,0,20,6,,90,A
367614030,2022-01-01T06:09:09,43.34660,-124.32050,0.0,318.5,511.0,NORTH BEND,,WDH4086,31,0,20,6,,90,A
367614030,2022-01-01T05:47:49,43.34656,-124.32056,0.0,327.6,511.0,NORTH BEND,,WDH4086,31,0,20,6,,90,A
367614030,2022-01-01T05:48:59,43.34657,-124.32053,0.0,327.4,511.0,NORTH BEND,,WDH4086,31,0,20,6,,90,A
367614030,2022-01-01T06:13:50,43.34657,-124.32050,0.0,248.6,511.0,NORTH BEND,,WDH4086,31,0,20,6,,90,A
367614030,2022-01-01T06:15:00,43.34654,-124.32052,0.0,244.3,511.0,NORTH BEND,,WDH4086,31,0,20,6,,90,A
367614030,2022-01-01T05:42:10,43.34657,-124.32053,0.0,280.2,511.0,NORTH BEND,,WDH4086,31,0,20,6,,90,A
367614030,2022-01-01T05:52:39,43.34656,-124.32056,0.0,327.6,511.0,NORTH BEND,,WDH4086,31,0,20,6,,90,A
367614030,2022-01-01T05:53:49,43.34656,-124.32055,0.1,329.3,511.0,NORTH BEND,,WDH4086,31,0,20,6,,90,A
367614030,2022-01-01T05:58:30,43.34654,-124.32054,0.0,357.2,511.0,NORTH BEND,,WDH4086,31,0,20,6,,90,A
367614030,2022-01-01T06:03:29,43.34655,-124.32054,0.0,352.1,511.0,NORTH BEND,,WDH4086,31,0,20,6,,90,A
367614030,2022-01-01T05:59:40,43.34651,-124.32057,0.0,355.2,511.0,NORTH BEND,,WDH4086,31,0,20,6,,90,A
367614030,2022-01-01T05:57:19,43.34653,-124.32058,0.0,338.7,511.0,NORTH BEND,,WDH4086,31,0,20,6,,90,A
367614030,2022-01-01T06:01:10,43.34653,-124.32054,0.0,2.2,511.0,NORTH BEND,,WDH4086,31,0,20,6,,90,A
367614030,2022-01-01T05:46:39,43.34657,-124.32056,0.1,331.0,511.0,NORTH BEND,,WDH4086,31,0,20,6,,90,A
367614030,2022-01-01T06:02:19,43.34654,-124.32054,0.0,356.3,511.0,NORTH BEND,,WDH4086,31,0,20,6,,90,A
367614030,2022-01-01T06:04:40,43.34655,-124.32053,0.0,347.9,511.0,NORTH BEND,,WDH4086,31,0,20,6,,90,A
367614030,2022-01-01T06:06:59,43.34656,-124.32052,0.0,343.0,511.0,NORTH BEND,,WDH4086,31,0,20,6,,90,A
367614030,2022-01-01T06:08:00,43.34655,-124.32052,0.0,341.2,511.0,NORTH BEND,,WDH4086,31,0,20,6,,90,A
367614030,2022-01-01T06:38:50,43.34657,-124.32061,0.0,215.2,511.0,NORTH BEND,,WDH4086,31,0,20,6,,90,A
367614030,2022-01-01T06:21:00,43.34656,-124.32054,0.0,217.4,511.0,NORTH BEND,,WDH4086,31,0,20,6,,90,A
367614030,2022-01-01T06:18:39,43.34661,-124.32053,0.0,230.0,511.0,NORTH BEND,,WDH4086,31,0,20,6,,90,A
367614030,2022-01-01T06:12:39,43.34656,-124.32052,0.0,259.8,511.0,NORTH BEND,,WDH4086,31,0,20,6,,90,A
367614030,2022-01-01T06:22:09,43.34660,-124.32051,0.0,218.0,511.0,NORTH BEND,,WDH4086,31,0,20,6,,90,A
367614030,2022-01-01T06:10:20,43.34658,-124.32051,0.0,303.0,511.0,NORTH BEND,,WDH4086,31,0,20,6,,90,A
367614030,2022-01-01T06:23:19,43.34668,-124.32046,0.0,215.5,511.0,NORTH BEND,,WDH4086,31,0,20,6,,90,A
367614030,2022-01-01T06:24:20,43.34657,-124.32052,0.0,220.3,511.0,NORTH BEND,,WDH4086,31,0,20,6,,90,A
367614030,2022-01-01T06:11:30,43.34657,-124.32052,0.1,287.3,511.0,NORTH BEND,,WDH4086,31,0,20,6,,90,A
367614030,2022-01-01T06:26:40,43.34658,-124.32052,0.0,217.8,511.0,NORTH BEND,,WDH4086,31,0,20,6,,90,A
367614030,2022-01-01T06:34:20,43.34654,-124.32053,0.0,211.5,511.0,NORTH BEND,,WDH4086,31,0,20,6,,90,A
367614030,2022-01-01T06:27:49,43.34660,-124.32050,0.0,213.8,511.0,NORTH BEND,,WDH4086,31,0,20,6,,90,A
367614030,2022-01-01T06:33:10,43.34656,-124.32057,0.0,209.9,511.0,NORTH BEND,,WDH4086,31,0,20,6,,90,A
367614030,2022-01-01T06:35:30,43.34658,-124.32057,0.0,209.9,511.0,NORTH BEND,,WDH4086,31,0,20,6,,90,A
367614030,2022-01-01T06:17:19,43.34654,-124.32054,0.0,228.1,511.0,NORTH BEND,,WDH4086,31,0,20,6,,90,A
367614030,2022-01-01T06:36:40,43.34655,-124.32054,0.0,211.8,511.0,NORTH BEND,,WDH4086,31,0,20,6,,90,A
367614030,2022-01-01T06:19:50,43.34659,-124.32053,0.0,221.0,511.0,NORTH BEND,,WDH4086,31,0,20,6,,90,A
367614030,2022-01-01T06:40:09,43.34655,-124.32060,0.0,216.6,511.0,NORTH BEND,,WDH4086,31,0,20,6,,90,A
367614030,2022-01-01T06:41:20,43.34658,-124.32060,0.0,209.4,511.0,NORTH BEND,,WDH4086,31,0,20,6,,90,A
367614030,2022-01-01T06:31:59,43.34661,-124.32054,0.0,216.2,511.0,NORTH BEND,,WDH4086,31,0,20,6,,90,A
367614030,2022-01-01T06:25:30,43.34656,-124.32052,0.0,218.1,511.0,NORTH BEND,,WDH4086,31,0,20,6,,90,A
367614030,2022-01-01T06:50:40,43.34650,-124.32057,0.0,199.3,511.0,NORTH BEND,,WDH4086,31,0,20,6,,90,A
367614030,2022-01-01T06:48:19,43.34655,-124.32052,0.0,197.3,511.0,NORTH BEND,,WDH4086,31,0,20,6,,90,A
367614030,2022-01-01T06:47:09,43.34653,-124.32052,0.0,207.2,511.0,NORTH BEND,,WDH4086,31,0,20,6,,90,A
367614030,2022-01-01T06:37:49,43.34656,-124.32061,0.1,215.9,511.0,NORTH BEND,,WDH4086,31,0,20,6,,90,A
367614030,2022-01-01T03:22:10,43.34652,-124.32056,0.0,228.2,511.0,NORTH BEND,,WDH4086,31,0,20,6,,90,A
367614030,2022-01-01T06:56:29,43.34654,-124.32055,0.0,188.3,511.0,NORTH BEND,,WDH4086,31,0,20,6,,90,A
367614030,2022-01-01T06:52:59,43.34652,-124.32057,0.0,188.1,511.0,NORTH BEND,,WDH4086,31,0,20,6,,90,A
367614030,2022-01-01T07:18:39,43.34653,-124.32056,0.0,329.3,511.0,NORTH BEND,,WDH4086,31,0,20,6,,90,A
367614030,2022-01-01T06:59:50,43.34655,-124.32053,0.1,203.1,511.0,NORTH BEND,,WDH4086,31,0,20,6,,90,A
367614030,2022-01-01T06:43:39,43.34657,-124.32057,0.0,211.1,511.0,NORTH BEND,,WDH4086,31,0,20,6,,90,A
367614030,2022-01-01T07:19:50,43.34653,-124.32057,0.1,330.2,511.0,NORTH BEND,,WDH4086,31,0,20,6,,90,A
367614030,2022-01-01T07:20:59,43.34653,-124.32055,0.1,332.1,511.0,NORTH BEND,,WDH4086,31,0,20,6,,90,A
367614030,2022-01-01T06:54:10,43.34651,-124.32058,0.0,179.9,511.0,NORTH BEND,,WDH4086,31,0,20,6,,90,A
367614030,2022-01-01T06:55:19,43.34652,-124.32058,0.1,181.3,511.0,NORTH BEND,,WDH4086,31,0,20,6,,90,A
367614030,2022-01-01T06:57:39,43.34654,-124.32054,0.1,193.0,511.0,NORTH BEND,,WDH4086,31,0,20,6,,90,A
367614030,2022-01-01T07:03:29,43.34655,-124.32054,0.0,266.4,511.0,NORTH BEND,,WDH4086,31,0,20,6,,90,A
367614030,2022-01-01T07:00:00,43.34655,-124.32053,0.1,201.8,511.0,NORTH BEND,,WDH4086,31,0,20,6,,90,A
367614030,2022-01-01T07:27:59,43.34653,-124.32054,0.1,334.6,511.0,NORTH BEND,,WDH4086,31,0,20,6,,90,A
367614030,2022-01-01T06:44:50,43.34655,-124.32053,0.1,216.8,511.0,NORTH BEND,,WDH4086,31,0,20,6,,90,A
367614030,2022-01-01T07:02:19,43.34654,-124.32053,0.0,242.7,511.0,NORTH BEND,,WDH4086,31,0,20,6,,90,A
367614030,2022-01-01T06:51:50,43.34649,-124.32059,0.0,188.0,511.0,NORTH BEND,,WDH4086,31,0,20,6,,90,A
367614030,2022-01-01T07:05:50,43.34653,-124.32053,0.0,319.9,511.0,NORTH BEND,,WDH4086,31,0,20,6,,90,A
367614030,2022-01-01T07:06:59,43.34655,-124.32051,0.1,322.4,511.0,NORTH BEND,,WDH4086,31,0,20,6,,90,A
367614030,2022-01-01T07:12:50,43.34655,-124.32052,0.0,327.1,511.0,NORTH BEND,,WDH4086,31,0,20,6,,90,A
367614030,2022-01-01T07:09:20,43.34653,-124.32054,0.0,322.1,511.0,NORTH BEND,,WDH4086,31,0,20,6,,90,A
367614030,2022-01-01T07:10:30,43.34653,-124.32052,0.0,321.8,511.0,NORTH BEND,,WDH4086,31,0,20,6,,90,A
367614030,2022-01-01T06:58:40,43.34654,-124.32053,0.1,189.3,511.0,NORTH BEND,,WDH4086,31,0,20,6,,90,A
367614030,2022-01-01T07:14:00,43.34653,-124.32055,0.1,332.9,511.0,NORTH BEND,,WDH4086,31,0,20,6,,90,A
367614030,2022-01-01T07:15:10,43.34652,-124.32054,0.0,332.2,511.0,NORTH BEND,,WDH4086,31,0,20,6,,90,A
367614030,2022-01-01T07:17:30,43.34653,-124.32055,0.0,328.0,511.0,NORTH BEND,,WDH4086,31,0,20,6,,90,A
367614030,2022-01-01T07:16:19,43.34653,-124.32053,0.0,329.4,511.0,NORTH BEND,,WDH4086,31,0,20,6,,90,A
367614030,2022-01-01T07:25:40,43.34652,-124.32051,0.0,323.0,511.0,NORTH BEND,,WDH4086,31,0,20,6,,90,A
367614030,2022-01-01T07:08:10,43.34653,-124.32055,0.0,327.4,511.0,NORTH BEND,,WDH4086,31,0,20,6,,90,A
367614030,2022-01-01T07:04:39,43.34655,-124.32053,0.0,315.9,511.0,NORTH BEND,,WDH4086,31,0,20,6,,90,A
367614030,2022-01-01T07:24:29,43.34652,-124.32055,0.0,328.6,511.0,NORTH BEND,,WDH4086,31,0,20,6,,90,A
367614030,2022-01-01T07:53:29,43.34655,-124.32054,0.0,314.1,511.0,NORTH BEND,,WDH4086,31,0,20,6,,90,A
367614030,2022-01-01T07:55:59,43.34653,-124.32056,0.1,294.8,511.0,NORTH BEND,,WDH4086,31,0,20,6,,90,A
367614030,2022-01-01T07:31:29,43.34655,-124.32054,0.0,340.6,511.0,NORTH BEND,,WDH4086,31,0,20,6,,90,A
367614030,2022-01-01T07:11:39,43.34654,-124.32056,0.0,324.8,511.0,NORTH BEND,,WDH4086,31,0,20,6,,90,A
367614030,2022-01-01T07:38:30,43.34655,-124.32053,0.1,330.9,511.0,NORTH BEND,,WDH4086,31,0,20,6,,90,A
367614030,2022-01-01T07:39:40,43.34660,-124.32058,0.0,340.2,511.0,NORTH BEND,,WDH4086,31,0,20,6,,90,A
367614030,2022-01-01T07:33:50,43.34653,-124.32052,0.0,340.7,511.0,NORTH BEND,,WDH4086,31,0,20,6,,90,A
367614030,2022-01-01T07:35:00,43.34653,-124.32052,0.0,338.3,511.0,NORTH BEND,,WDH4086,31,0,20,6,,90,A
367614030,2022-01-01T07:43:00,43.34656,-124.32057,0.1,330.1,511.0,NORTH BEND,,WDH4086,31,0,20,6,,90,A
367614030,2022-01-01T08:03:39,43.34654,-124.32053,0.0,210.7,511.0,NORTH BEND,,WDH4086,31,0,20,6,,90,A
367614030,2022-01-01T07:30:20,43.34654,-124.32053,0.1,338.2,511.0,NORTH BEND,,WDH4086,31,0,20,6,,90,A
367614030,2022-01-01T07:45:20,43.34655,-124.32056,0.1,334.0,511.0,NORTH BEND,,WDH4086,31,0,20,6,,90,A
367614030,2022-01-01T08:11:59,43.34655,-124.32056,0.0,174.4,511.0,NORTH BEND,,WDH4086,31,0,20,6,,90,A
367614030,2022-01-01T08:13:10,43.34655,-124.32055,0.0,177.8,511.0,NORTH BEND,,WDH4086,31,0,20,6,,90,A
367614030,2022-01-01T07:44:10,43.34657,-124.32058,0.1,324.7,511.0,NORTH BEND,,WDH4086,31,0,20,6,,90,A
367614030,2022-01-01T07:46:30,43.34654,-124.32055,0.0,335.2,511.0,NORTH BEND,,WDH4086,31,0,20,6,,90,A
367614030,2022-01-01T07:26:50,43.34653,-124.32053,0.0,325.9,511.0,NORTH BEND,,WDH4086,31,0,20,6,,90,A
367614030,2022-01-01T07:36:09,43.34655,-124.32052,0.1,330.8,511.0,NORTH BEND,,WDH4086,31,0,20,6,,90,A
367614030,2022-01-01T07:54:39,43.34655,-124.32054,0.0,303.4,511.0,NORTH BEND,,WDH4086,31,0,20,6,,90,A
367614030,2022-01-01T07:37:20,43.34656,-124.32050,0.0,332.4,511.0,NORTH BEND,,WDH4086,31,0,20,6,,90,A
367614030,2022-01-01T07:29:10,43.34654,-124.32055,0.1,331.2,511.0,NORTH BEND,,WDH4086,31,0,20,6,,90,A
367614030,2022-01-01T07:40:50,43.34656,-124.32057,0.0,341.5,511.0,NORTH BEND,,WDH4086,31,0,20,6,,90,A
367614030,2022-01-01T03:42:50,43.34651,-124.32053,0.0,253.5,511.0,NORTH BEND,,WDH4086,31,0,20,6,,90,A
367614030,2022-01-01T08:23:39,43.34655,-124.32055,0.0,182.0,511.0,NORTH BEND,,WDH4086,31,0,20,6,,90,A
367614030,2022-01-01T07:57:09,43.34654,-124.32055,0.0,281.2,511.0,NORTH BEND,,WDH4086,31,0,20,6,,90,A
367614030,2022-01-01T07:47:40,43.34654,-124.32055,0.0,327.7,511.0,NORTH BEND,,WDH4086,31,0,20,6,,90,A
367614030,2022-01-01T07:48:49,43.34654,-124.32054,0.1,336.9,511.0,NORTH BEND,,WDH4086,31,0,20,6,,90,A
367614030,2022-01-01T07:49:59,43.34654,-124.32053,0.0,332.4,511.0,NORTH BEND,,WDH4086,31,0,20,6,,90,A
367614030,2022-01-01T03:47:30,43.34653,-124.32052,0.0,262.4,511.0,NORTH BEND,,WDH4086,31,0,20,6,,90,A
367614030,2022-01-01T07:58:20,43.34654,-124.32054,0.0,263.3,511.0,NORTH BEND,,WDH4086,31,0,20,6,,90,A
367614030,2022-01-01T07:52:19,43.34656,-124.32055,0.0,309.2,511.0,NORTH BEND,,WDH4086,31,0,20,6,,90,A
367614030,2022-01-01T08:00:09,43.34654,-124.32053,0.0,246.0,511.0,NORTH BEND,,WDH4086,31,0,20,6,,90,A
367614030,2022-01-01T08:07:19,43.34654,-124.32053,0.0,207.8,511.0,NORTH BEND,,WDH4086,31,0,20,6,,90,A
367614030,2022-01-01T08:09:39,43.34655,-124.32054,0.0,187.7,511.0,NORTH BEND,,WDH4086,31,0,20,6,,90,A
367614030,2022-01-01T08:08:30,43.34656,-124.32054,0.1,201.6,511.0,NORTH BEND,,WDH4086,31,0,20,6,,90,A
367614030,2022-01-01T07:59:29,43.34653,-124.32052,0.0,255.8,511.0,NORTH BEND,,WDH4086,31,0,20,6,,90,A
367614030,2022-01-01T08:04:40,43.34654,-124.32055,0.0,215.0,511.0,NORTH BEND,,WDH4086,31,0,20,6,,90,A
367614030,2022-01-01T03:48:39,43.34653,-124.32054,0.0,259.1,511.0,NORTH BEND,,WDH4086,31,0,20,6,,90,A
367614030,2022-01-01T07:51:09,43.34656,-124.32053,0.1,319.8,511.0,NORTH BEND,,WDH4086,31,0,20,6,,90,A
367614030,2022-01-01T08:15:29,43.34655,-124.32052,0.1,165.9,511.0,NORTH BEND,,WDH4086,31,0,20,6,,90,A
367614030,2022-01-01T08:17:50,43.34655,-124.32053,0.0,153.0,511.0,NORTH BEND,,WDH4086,31,0,20,6,,90,A
367614030,2022-01-01T08:10:49,43.34657,-124.32056,0.0,188.0,511.0,NORTH BEND,,WDH4086,31,0,20,6,,90,A
367614030,2022-01-01T08:14:19,43.34655,-124.32054,0.0,170.0,511.0,NORTH BEND,,WDH4086,31,0,20,6,,90,A
367614030,2022-01-01T08:02:30,43.34654,-124.32054,0.0,223.2,511.0,NORTH BEND,,WDH4086,31,0,20,6,,90,A
367614030,2022-01-01T08:30:40,43.34654,-124.32053,0.0,223.6,511.0,NORTH BEND,,WDH4086,31,0,20,6,,90,A
367614030,2022-01-01T08:05:50,43.34655,-124.32054,0.0,205.5,511.0,NORTH BEND,,WDH4086,31,0,20,6,,90,A
367614030,2022-01-01T08:31:49,43.34654,-124.32053,0.0,228.1,511.0,NORTH BEND,,WDH4086,31,0,20,6,,90,A
367614030,2022-01-01T08:20:10,43.34655,-124.32052,0.0,148.2,511.0,NORTH BEND,,WDH4086,31,0,20,6,,90,A
367614030,2022-01-01T08:21:20,43.34654,-124.32051,0.0,153.0,511.0,NORTH BEND,,WDH4086,31,0,20,6,,90,A
367614030,2022-01-01T08:35:19,43.34653,-124.32052,0.0,235.1,511.0,NORTH BEND,,WDH4086,31,0,20,6,,90,A
367614030,2022-01-01T08:36:20,43.34652,-124.32054,0.0,228.4,511.0,NORTH BEND,,WDH4086,31,0,20,6,,90,A
367614030,2022-01-01T09:00:09,43.34656,-124.32054,0.0,219.4,511.0,NORTH BEND,,WDH4086,31,0,20,6,,90,A
367614030,2022-01-01T08:38:39,43.34655,-124.32052,0.0,221.7,511.0,NORTH BEND,,WDH4086,31,0,20,6,,90,A
367614030,2022-01-01T09:01:19,43.34655,-124.32054,0.0,208.8,511.0,NORTH BEND,,WDH4086,31,0,20,6,,90,A
367614030,2022-01-01T08:24:49,43.34657,-124.32054,0.1,201.9,511.0,NORTH BEND,,WDH4086,31,0,20,6,,90,A
367614030,2022-01-01T08:26:00,43.34656,-124.32054,0.0,210.6,511.0,NORTH BEND,,WDH4086,31,0,20,6,,90,A
367614030,2022-01-01T08:27:10,43.34655,-124.32054,0.0,202.8,511.0,NORTH BEND,,WDH4086,31,0,20,6,,90,A
367614030,2022-01-01T08:28:20,43.34656,-124.32054,0.1,207.3,511.0,NORTH BEND,,WDH4086,31,0,20,6,,90,A
367614030,2022-01-01T08:40:59,43.34656,-124.32052,0.1,221.3,511.0,NORTH BEND,,WDH4086,31,0,20,6,,90,A
367614030,2022-01-01T08:29:29,43.34655,-124.32054,0.0,221.3,511.0,NORTH BEND,,WDH4086,31,0,20,6,,90,A
367614030,2022-01-01T08:44:30,43.34655,-124.32055,0.0,225.5,511.0,NORTH BEND,,WDH4086,31,0,20,6,,90,A
367614030,2022-01-01T08:39:50,43.34655,-124.32053,0.0,226.1,511.0,NORTH BEND,,WDH4086,31,0,20,6,,90,A
367614030,2022-01-01T08:18:59,43.34656,-124.32051,0.1,142.0,511.0,NORTH BEND,,WDH4086,31,0,20,6,,90,A
367614030,2022-01-01T08:32:59,43.34653,-124.32053,0.0,233.7,511.0,NORTH BEND,,WDH4086,31,0,20,6,,90,A
367614030,2022-01-01T09:14:30,43.34658,-124.32055,0.1,230.4,511.0,NORTH BEND,,WDH4086,31,0,20,6,,90,A
367614030,2022-01-01T08:47:50,43.34657,-124.32051,0.0,212.7,511.0,NORTH BEND,,WDH4086,31,0,20,6,,90,A
367614030,2022-01-01T09:15:41,43.34656,-124.32052,0.1,229.4,511.0,NORTH BEND,,WDH4086,31,0,20,6,,90,A
367614030,2022-01-01T08:52:30,43.34657,-124.32051,0.0,221.8,511.0,NORTH BEND,,WDH4086,31,0,20,6,,90,A
367614030,2022-01-01T08:53:39,43.34656,-124.32052,0.0,215.7,511.0,NORTH BEND,,WDH4086,31,0,20,6,,90,A
367614030,2022-01-01T08:51:20,43.34656,-124.32052,0.0,216.7,511.0,NORTH BEND,,WDH4086,31,0,20,6,,90,A
367614030,2022-01-01T08:54:49,43.34656,-124.32053,0.1,211.1,511.0,NORTH BEND,,WDH4086,31,0,20,6,,90,A
367614030,2022-01-01T08:55:59,43.34655,-124.32052,0.0,223.8,511.0,NORTH BEND,,WDH4086,31,0,20,6,,90,A
367614030,2022-01-01T08:42:09,43.34655,-124.32056,0.0,218.4,511.0,NORTH BEND,,WDH4086,31,0,20,6,,90,A
367614030,2022-01-01T08:43:19,43.34655,-124.32052,0.1,221.2,511.0,NORTH BEND,,WDH4086,31,0,20,6,,90,A
367614030,2022-01-01T04:05:59,43.34653,-124.32053,0.0,241.8,511.0,NORTH BEND,,WDH4086,31,0,20,6,,90,A
367614030,2022-01-01T08:59:29,43.34656,-124.32052,0.1,216.1,511.0,NORTH BEND,,WDH4086,31,0,20,6,,90,A
367614030,2022-01-01T08:46:49,43.34654,-124.32052,0.1,222.7,511.0,NORTH BEND,,WDH4086,31,0,20,6,,90,A
367614030,2022-01-01T08:50:10,43.34656,-124.32051,0.0,217.3,511.0,NORTH BEND,,WDH4086,31,0,20,6,,90,A
367614030,2022-01-01T09:02:29,43.34655,-124.32055,0.0,215.9,511.0,NORTH BEND,,WDH4086,31,0,20,6,,90,A
367614030,2022-01-01T08:34:09,43.34652,-124.32054,0.1,227.4,511.0,NORTH BEND,,WDH4086,31,0,20,6,,90,A
367614030,2022-01-01T09:32:49,43.34660,-124.32052,0.0,229.3,511.0,NORTH BEND,,WDH4086,31,0,20,6,,90,A
367614030,2022-01-01T09:08:30,43.34656,-124.32052,0.0,225.7,511.0,NORTH BEND,,WDH4086,31,0,20,6,,90,A
367614030,2022-01-01T09:16:50,43.34659,-124.32054,0.0,239.5,511.0,NORTH BEND,,WDH4086,31,0,20,6,,90,A
367614030,2022-01-01T09:40:59,43.34657,-124.32051,0.0,271.3,511.0,NORTH BEND,,WDH4086,31,0,20,6,,90,A
367614030,2022-01-01T09:09:39,43.34656,-124.32053,0.0,219.3,511.0,NORTH BEND,,WDH4086,31,0,20,6,,90,A
367614030,2022-01-01T09:17:59,43.34658,-124.32053,0.0,240.5,511.0,NORTH BEND,,WDH4086,31,0,20,6,,90,A
367614030,2022-01-01T08:49:00,43.34655,-124.32052,0.0,213.8,511.0,NORTH BEND,,WDH4086,31,0,20,6,,90,A
367614030,2022-01-01T09:07:19,43.34654,-124.32052,0.0,220.5,511.0,NORTH BEND,,WDH4086,31,0,20,6,,90,A
367614030,2022-01-01T09:46:49,43.34654,-124.32053,0.1,300.8,511.0,NORTH BEND,,WDH4086,31,0,20,6,,90,A
367614030,2022-01-01T09:22:39,43.34656,-124.32052,0.0,252.3,511.0,NORTH BEND,,WDH4086,31,0,20,6,,90,A
367614030,2022-01-01T09:11:00,43.34657,-124.32054,0.0,223.9,511.0,NORTH BEND,,WDH4086,31,0,20,6,,90,A
367614030,2022-01-01T09:20:19,43.34656,-124.32051,0.1,253.2,511.0,NORTH BEND,,WDH4086,31,0,20,6,,90,A
367614030,2022-01-01T09:23:49,43.34656,-124.32054,0.0,260.8,511.0,NORTH BEND,,WDH4086,31,0,20,6,,90,A
367614030,2022-01-01T08:57:09,43.34656,-124.32053,0.1,223.2,511.0,NORTH BEND,,WDH4086,31,0,20,6,,90,A
367614030,2022-01-01T09:25:00,43.34656,-124.32052,0.0,267.4,511.0,NORTH BEND,,WDH4086,31,0,20,6,,90,A
367614030,2022-01-01T09:28:30,43.34654,-124.32052,0.0,229.8,511.0,NORTH BEND,,WDH4086,31,0,20,6,,90,A
367614030,2022-01-01T09:06:10,43.34654,-124.32052,0.0,220.8,511.0,NORTH BEND,,WDH4086,31,0,20,6,,90,A
367614030,2022-01-01T09:35:10,43.34656,-124.32050,0.0,229.5,511.0,NORTH BEND,,WDH4086,31,0,20,6,,90,A
367614030,2022-01-01T09:39:50,43.34657,-124.32049,0.0,263.3,511.0,NORTH BEND,,WDH4086,31,0,20,6,,90,A
367614030,2022-01-01T09:42:09,43.34654,-124.32053,0.0,275.5,511.0,NORTH BEND,,WDH4086,31,0,20,6,,90,A
367614030,2022-01-01T09:27:19,43.34655,-124.32052,0.0,242.2,511.0,NORTH BEND,,WDH4086,31,0,20,6,,90,A
367614030,2022-01-01T09:37:29,43.34658,-124.32049,0.0,251.1,511.0,NORTH BEND,,WDH4086,31,0,20,6,,90,A
367614030,2022-01-01T09:13:19,43.34656,-124.32055,0.0,230.7,511.0,NORTH BEND,,WDH4086,31,0,20,6,,90,A
367614030,2022-01-01T09:44:30,43.34653,-124.32054,0.1,297.5,511.0,NORTH BEND,,WDH4086,31,0,20,6,,90,A
367614030,2022-01-01T09:19:09,43.34657,-124.32053,0.0,244.7,511.0,NORTH BEND,,WDH4086,31,0,20,6,,90,A
367614030,2022-01-01T09:34:00,43.34658,-124.32052,0.0,221.1,511.0,NORTH BEND,,WDH4086,31,0,20,6,,90,A
367614030,2022-01-01T10:16:09,43.34656,-124.32054,0.0,321.2,511.0,NORTH BEND,,WDH4086,31,0,20,6,,90,A
367614030,2022-01-01T09:21:30,43.34656,-124.32052,0.0,252.2,511.0,NORTH BEND,,WDH4086,31,0,20,6,,90,A
367614030,2022-01-01T09:36:19,43.34657,-124.32050,0.0,241.4,511.0,NORTH BEND,,WDH4086,31,0,20,6,,90,A
367614030,2022-01-01T09:45:40,43.34656,-124.32052,0.0,302.2,511.0,NORTH BEND,,WDH4086,31,0,20,6,,90,A
367614030,2022-01-01T09:52:39,43.34657,-124.32052,0.0,292.7,511.0,NORTH BEND,,WDH4086,31,0,20,6,,90,A
367614030,2022-01-01T09:50:20,43.34656,-124.32053,0.0,298.2,511.0,NORTH BEND,,WDH4086,31,0,20,6,,90,A
367614030,2022-01-01T09:43:19,43.34655,-124.32052,0.1,280.9,511.0,NORTH BEND,,WDH4086,31,0,20,6,,90,A
367614030,2022-01-01T09:38:40,43.34657,-124.32051,0.0,262.2,511.0,NORTH BEND,,WDH4086,31,0,20,6,,90,A
367614030,2022-01-01T09:48:00,43.34656,-124.32055,0.0,304.2,511.0,NORTH BEND,,WDH4086,31,0,20,6,,90,A
367614030,2022-01-01T09:49:10,43.34656,-124.32054,0.0,295.2,511.0,NORTH BEND,,WDH4086,31,0,20,6,,90,A
367614030,2022-01-01T10:24:19,43.34654,-124.32055,0.0,304.6,511.0,NORTH BEND,,WDH4086,31,0,20,6,,90,A
367614030,2022-01-01T09:59:40,43.34656,-124.32053,0.0,304.1,511.0,NORTH BEND,,WDH4086,31,0,20,6,,90,A
367614030,2022-01-01T09:29:40,43.34654,-124.32051,0.1,227.2,511.0,NORTH BEND,,WDH4086,31,0,20,6,,90,A
367614030,2022-01-01T10:00:09,43.34658,-124.32054,0.0,304.0,511.0,NORTH BEND,,WDH4086,31,0,20,6,,90,A
367614030,2022-01-01T09:56:09,43.34656,-124.32053,0.0,302.0,511.0,NORTH BEND,,WDH4086,31,0,20,6,,90,A
367614030,2022-01-01T09:57:19,43.34656,-124.32053,0.0,304.3,511.0,NORTH BEND,,WDH4086,31,0,20,6,,90,A
367614030,2022-01-01T09:53:49,43.34656,-124.32053,0.0,294.6,511.0,NORTH BEND,,WDH4086,31,0,20,6,,90,A
367614030,2022-01-01T10:01:11,43.34656,-124.32054,0.0,305.5,511.0,NORTH BEND,,WDH4086,31,0,20,6,,90,A
367614030,2022-01-01T10:06:59,43.34654,-124.32055,0.0,301.8,511.0,NORTH BEND,,WDH4086,31,0,20,6,,90,A
367614030,2022-01-01T09:54:59,43.34655,-124.32053,0.0,296.7,511.0,NORTH BEND,,WDH4086,31,0,20,6,,90,A
367614030,2022-01-01T10:08:09,43.34655,-124.32055,0.1,304.0,511.0,NORTH BEND,,WDH4086,31,0,20,6,,90,A
367614030,2022-01-01T04:36:09,43.34654,-124.32053,0.0,228.8,511.0,NORTH BEND,,WDH4086,31,0,20,6,,90,A
367614030,2022-01-01T10:34:00,43.34656,-124.32053,0.1,338.1,511.0,NORTH BEND,,WDH4086,31,0,20,6,,90,A
367614030,2022-01-01T10:05:50,43.34656,-124.32055,0.0,304.6,511.0,NORTH BEND,,WDH4086,31,0,20,6,,90,A
367614030,2022-01-01T10:09:20,43.34656,-124.32055,0.0,303.2,511.0,NORTH BEND,,WDH4086,31,0,20,6,,90,A
367614030,2022-01-01T10:10:29,43.34654,-124.32053,0.0,303.8,511.0,NORTH BEND,,WDH4086,31,0,20,6,,90,A
367614030,2022-01-01T10:02:19,43.34655,-124.32053,0.0,301.2,511.0,NORTH BEND,,WDH4086,31,0,20,6,,90,A
367614030,2022-01-01T10:13:50,43.34656,-124.32053,0.1,308.5,511.0,NORTH BEND,,WDH4086,31,0,20,6,,90,A
367614030,2022-01-01T10:03:30,43.34657,-124.32054,0.1,304.2,511.0,NORTH BEND,,WDH4086,31,0,20,6,,90,A
367614030,2022-01-01T10:40:59,43.34657,-124.32052,0.0,328.5,511.0,NORTH BEND,,WDH4086,31,0,20,6,,90,A
367614030,2022-01-01T10:04:40,43.34659,-124.32056,0.1,295.5,511.0,NORTH BEND,,WDH4086,31,0,20,6,,90,A
367614030,2022-01-01T09:58:30,43.34657,-124.32054,0.0,308.3,511.0,NORTH BEND,,WDH4086,31,0,20,6,,90,A
367614030,2022-01-01T10:17:19,43.34657,-124.32052,0.0,319.6,511.0,NORTH BEND,,WDH4086,31,0,20,6,,90,A
367614030,2022-01-01T10:19:40,43.34655,-124.32053,0.0,310.4,511.0,NORTH BEND,,WDH4086,31,0,20,6,,90,A
367614030,2022-01-01T10:20:49,43.34656,-124.32054,0.0,313.3,511.0,NORTH BEND,,WDH4086,31,0,20,6,,90,A
367614030,2022-01-01T10:18:30,43.34657,-124.32052,0.0,316.4,511.0,NORTH BEND,,WDH4086,31,0,20,6,,90,A
367614030,2022-01-01T10:11:30,43.34656,-124.32054,0.1,305.3,511.0,NORTH BEND,,WDH4086,31,0,20,6,,90,A
367614030,2022-01-01T10:53:30,43.34656,-124.32055,0.0,330.2,511.0,NORTH BEND,,WDH4086,31,0,20,6,,90,A
367614030,2022-01-01T10:14:59,43.34655,-124.32052,0.0,317.3,511.0,NORTH BEND,,WDH4086,31,0,20,6,,90,A
367614030,2022-01-01T10:25:29,43.34656,-124.32056,0.0,311.5,511.0,NORTH BEND,,WDH4086,31,0,20,6,,90,A
367614030,2022-01-01T10:54:40,43.34656,-124.32053,0.0,330.3,511.0,NORTH BEND,,WDH4086,31,0,20,6,,90,A
367614030,2022-01-01T10:21:59,43.34656,-124.32052,0.0,310.7,511.0,NORTH BEND,,WDH4086,31,0,20,6,,90,A
367614030,2022-01-01T10:27:49,43.34653,-124.32056,0.0,327.1,511.0,NORTH BEND,,WDH4086,31,0,20,6,,90,A
367614030,2022-01-01T10:23:09,43.34654,-124.32053,0.1,305.3,511.0,NORTH BEND,,WDH4086,31,0,20,6,,90,A
367614030,2022-01-01T10:32:49,43.34658,-124.32056,0.0,340.4,511.0,NORTH BEND,,WDH4086,31,0,20,6,,90,A
367614030,2022-01-01T10:29:00,43.34652,-124.32054,0.1,331.6,511.0,NORTH BEND,,WDH4086,31,0,20,6,,90,A
367614030,2022-01-01T11:00:10,43.34657,-124.32051,0.0,324.6,511.0,NORTH BEND,,WDH4086,31,0,20,6,,90,A
367614030,2022-01-01T11:02:30,43.34656,-124.32049,0.0,314.5,511.0,NORTH BEND,,WDH4086,31,0,20,6,,90,A
367614030,2022-01-01T10:12:39,43.34656,-124.32053,0.0,298.9,511.0,NORTH BEND,,WDH4086,31,0,20,6,,90,A
367614030,2022-01-01T10:38:39,43.34656,-124.32052,0.0,333.3,511.0,NORTH BEND,,WDH4086,31,0,20,6,,90,A
367614030,2022-01-01T11:04:49,43.34654,-124.32053,0.0,312.3,511.0,NORTH BEND,,WDH4086,31,0,20,6,,90,A
367614030,2022-01-01T10:42:00,43.34656,-124.32051,0.1,333.0,511.0,NORTH BEND,,WDH4086,31,0,20,6,,90,A
367614030,2022-01-01T10:43:10,43.34658,-124.32052,0.0,329.5,511.0,NORTH BEND,,WDH4086,31,0,20,6,,90,A
367614030,2022-01-01T10:39:50,43.34655,-124.32053,0.1,330.3,511.0,NORTH BEND,,WDH4086,31,0,20,6,,90,A
367614030,2022-01-01T11:13:50,43.34655,-124.32053,0.0,285.1,511.0,NORTH BEND,,WDH4086,31,0,20,6,,90,A
367614030,2022-01-01T10:46:30,43.34656,-124.32054,0.0,333.2,511.0,NORTH BEND,,WDH4086,31,0,20,6,,90,A
367614030,2022-01-01T04:50:59,43.34655,-124.32052,0.0,257.2,511.0,NORTH BEND,,WDH4086,31,0,20,6,,90,A
367614030,2022-01-01T10:36:20,43.34656,-124.32053,0.0,335.3,511.0,NORTH BEND,,WDH4086,31,0,20,6,,90,A
367614030,2022-01-01T04:52:09,43.34656,-124.32053,0.0,261.5,511.0,NORTH BEND,,WDH4086,31,0,20,6,,90,A
367614030,2022-01-01T11:23:10,43.34654,-124.32050,0.0,233.2,511.0,NORTH BEND,,WDH4086,31,0,20,6,,90,A
367614030,2022-01-01T11:24:19,43.34654,-124.32052,0.0,225.0,511.0,NORTH BEND,,WDH4086,31,0,20,6,,90,A
367614030,2022-01-01T10:49:59,43.34655,-124.32056,0.0,334.1,511.0,NORTH BEND,,WDH4086,31,0,20,6,,90,A
367614030,2022-01-01T10:48:49,43.34657,-124.32053,0.0,332.6,511.0,NORTH BEND,,WDH4086,31,0,20,6,,90,A
367614030,2022-01-01T11:27:49,43.34650,-124.32057,0.0,199.0,511.0,NORTH BEND,,WDH4086,31,0,20,6,,90,A
367614030,2022-01-01T10:51:10,43.34656,-124.32054,0.1,334.9,511.0,NORTH BEND,,WDH4086,31,0,20,6,,90,A
367614030,2022-01-01T10:58:10,43.34653,-124.32051,0.0,329.8,511.0,NORTH BEND,,WDH4086,31,0,20,6,,90,A
367614030,2022-01-01T10:47:39,43.34656,-124.32052,0.1,336.6,511.0,NORTH BEND,,WDH4086,31,0,20,6,,90,A
367614030,2022-01-01T10:56:59,43.34654,-124.32054,0.0,331.4,511.0,NORTH BEND,,WDH4086,31,0,20,6,,90,A
367614030,2022-01-01T11:36:59,43.34656,-124.32052,0.0,252.7,511.0,NORTH BEND,,WDH4086,31,0,20,6,,90,A
367614030,2022-01-01T11:06:00,43.34656,-124.32050,0.0,307.4,511.0,NORTH BEND,,WDH4086,31,0,20,6,,90,A
367614030,2022-01-01T11:07:10,43.34660,-124.32054,0.0,307.8,511.0,NORTH BEND,,WDH4086,31,0,20,6,,90,A
367614030,2022-01-01T05:01:10,43.34656,-124.32058,0.0,293.3,511.0,NORTH BEND,,WDH4086,31,0,20,6,,90,A
367614030,2022-01-01T11:08:18,43.34656,-124.32052,0.0,310.9,511.0,NORTH BEND,,WDH4086,31,0,20,6,,90,A
367614030,2022-01-01T11:41:39,43.34652,-124.32055,0.0,266.2,511.0,NORTH BEND,,WDH4086,31,0,20,6,,90,A
367614030,2022-01-01T11:43:59,43.34653,-124.32054,0.0,265.5,511.0,NORTH BEND,,WDH4086,31,0,20,6,,90,A
367614030,2022-01-01T11:09:19,43.34658,-124.32054,0.0,304.6,511.0,NORTH BEND,,WDH4086,31,0,20,6,,90,A
367614030,2022-01-01T11:10:20,43.34660,-124.32049,0.0,306.1,511.0,NORTH BEND,,WDH4086,31,0,20,6,,90,A
367614030,2022-01-01T11:14:59,43.34654,-124.32052,0.0,275.1,511.0,NORTH BEND,,WDH4086,31,0,20,6,,90,A
367614030,2022-01-01T11:01:20,43.34655,-124.32053,0.0,321.9,511.0,NORTH BEND,,WDH4086,31,0,20,6,,90,A
367614030,2022-01-01T11:18:30,43.34655,-124.32052,0.0,271.6,511.0,NORTH BEND,,WDH4086,31,0,20,6,,90,A
367614030,2022-01-01T11:19:40,43.34654,-124.32051,0.0,260.3,511.0,NORTH BEND,,WDH4086,31,0,20,6,,90,A
367614030,2022-01-01T11:50:40,43.34657,-124.32054,0.0,243.0,511.0,NORTH BEND,,WDH4086,31,0,20,6,,90,A
367614030,2022-01-01T11:51:49,43.34656,-124.32053,0.0,235.4,511.0,NORTH BEND,,WDH4086,31,0,20,6,,90,A
367614030,2022-01-01T11:52:50,43.34656,-124.32050,0.0,237.3,511.0,NORTH BEND,,WDH4086,31,0,20,6,,90,A
367614030,2022-01-01T11:17:20,43.34656,-124.32051,0.0,266.2,511.0,NORTH BEND,,WDH4086,31,0,20,6,,90,A
367614030,2022-01-01T11:53:59,43.34653,-124.32051,0.0,243.6,511.0,NORTH BEND,,WDH4086,31,0,20,6,,90,A
367614030,2022-01-01T10:52:19,43.34656,-124.32053,0.0,335.3,511.0,NORTH BEND,,WDH4086,31,0,20,6,,90,A
367614030,2022-01-01T11:11:30,43.34656,-124.32053,0.1,304.3,511.0,NORTH BEND,,WDH4086,31,0,20,6,,90,A
367614030,2022-01-01T11:25:29,43.34653,-124.32054,0.1,206.9,511.0,NORTH BEND,,WDH4086,31,0,20,6,,90,A
367614030,2022-01-01T11:29:00,43.34653,-124.32058,0.0,205.2,511.0,NORTH BEND,,WDH4086,31,0,20,6,,90,A
367614030,2022-01-01T10:59:20,43.34655,-124.32050,0.0,328.6,511.0,NORTH BEND,,WDH4086,31,0,20,6,,90,A
367614030,2022-01-01T11:26:39,43.34654,-124.32053,0.0,206.9,511.0,NORTH BEND,,WDH4086,31,0,20,6,,90,A
367614030,2022-01-01T11:31:09,43.34657,-124.32053,0.0,215.2,511.0,NORTH BEND,,WDH4086,31,0,20,6,,90,A
367614030,2022-01-01T12:13:50,43.34655,-124.32052,0.1,288.0,511.0,NORTH BEND,,WDH4086,31,0,20,6,,90,A
367614030,2022-01-01T11:42:49,43.34653,-124.32056,0.0,268.2,511.0,NORTH BEND,,WDH4086,31,0,20,6,,90,A
367614030,2022-01-01T11:35:50,43.34653,-124.32050,0.0,239.9,511.0,NORTH BEND,,WDH4086,31,0,20,6,,90,A
367614030,2022-01-01T12:16:00,43.34654,-124.32054,0.0,258.9,511.0,NORTH BEND,,WDH4086,31,0,20,6,,90,A
367614030,2022-01-01T11:12:40,43.34655,-124.32053,0.0,301.5,511.0,NORTH BEND,,WDH4086,31,0,20,6,,90,A
367614030,2022-01-01T11:45:10,43.34655,-124.32054,0.0,253.5,511.0,NORTH BEND,,WDH4086,31,0,20,6,,90,A
367614030,2022-01-01T11:47:20,43.34655,-124.32054,0.0,240.9,511.0,NORTH BEND,,WDH4086,31,0,20,6,,90,A
367614030,2022-01-01T11:16:09,43.34657,-124.32050,0.0,268.3,511.0,NORTH BEND,,WDH4086,31,0,20,6,,90,A
367614030,2022-01-01T12:22:59,43.34654,-124.32053,0.1,234.2,511.0,NORTH BEND,,WDH4086,31,0,20,6,,90,A
367614030,2022-01-01T12:00:00,43.34656,-124.32054,0.0,249.4,511.0,NORTH BEND,,WDH4086,31,0,20,6,,90,A
367614030,2022-01-01T12:25:10,43.34654,-124.32052,0.0,245.0,511.0,NORTH BEND,,WDH4086,31,0,20,6,,90,A
367614030,2022-01-01T11:38:10,43.34654,-124.32054,0.0,255.6,511.0,NORTH BEND,,WDH4086,31,0,20,6,,90,A
367614030,2022-01-01T12:02:20,43.34656,-124.32054,0.1,236.6,511.0,NORTH BEND,,WDH4086,31,0,20,6,,90,A
367614030,2022-01-01T12:03:29,43.34655,-124.32050,0.0,238.0,511.0,NORTH BEND,,WDH4086,31,0,20,6,,90,A
367614030,2022-01-01T12:04:30,43.34655,-124.32051,0.0,245.2,511.0,NORTH BEND,,WDH4086,31,0,20,6,,90,A
367614030,2022-01-01T11:48:29,43.34654,-124.32053,0.0,234.3,511.0,NORTH BEND,,WDH4086,31,0,20,6,,90,A
367614030,2022-01-01T11:32:20,43.34657,-124.32052,0.0,224.2,511.0,NORTH BEND,,WDH4086,31,0,20,6,,90,A
367614030,2022-01-01T11:49:30,43.34656,-124.32055,0.0,236.4,511.0,NORTH BEND,,WDH4086,31,0,20,6,,90,A
367614030,2022-01-01T12:34:29,43.34654,-124.32055,0.0,266.2,511.0,NORTH BEND,,WDH4086,31,0,20,6,,90,A
367614030,2022-01-01T11:56:10,43.34652,-124.32054,0.0,250.5,511.0,NORTH BEND,,WDH4086,31,0,20,6,,90,A
367614030,2022-01-01T05:22:09,43.34658,-124.32053,0.0,224.8,511.0,NORTH BEND,,WDH4086,31,0,20,6,,90,A
367614030,2022-01-01T11:59:49,43.34656,-124.32054,0.0,249.1,511.0,NORTH BEND,,WDH4086,31,0,20,6,,90,A
367614030,2022-01-01T12:01:09,43.34655,-124.32053,0.1,238.6,511.0,NORTH BEND,,WDH4086,31,0,20,6,,90,A
367614030,2022-01-01T11:39:19,43.34653,-124.32054,0.1,270.8,511.0,NORTH BEND,,WDH4086,31,0,20,6,,90,A
367614030,2022-01-01T12:06:50,43.34654,-124.32052,0.1,254.7,511.0,NORTH BEND,,WDH4086,31,0,20,6,,90,A
367614030,2022-01-01T05:24:29,43.34657,-124.32053,0.0,243.9,511.0,NORTH BEND,,WDH4086,31,0,20,6,,90,A
367614030,2022-01-01T12:12:39,43.34653,-124.32052,0.0,299.1,511.0,NORTH BEND,,WDH4086,31,0,20,6,,90,A
367614030,2022-01-01T11:58:40,43.34654,-124.32053,0.0,246.0,511.0,NORTH BEND,,WDH4086,31,0,20,6,,90,A
367614030,2022-01-01T12:07:59,43.34654,-124.32052,0.0,272.4,511.0,NORTH BEND,,WDH4086,31,0,20,6,,90,A
367614030,2022-01-01T12:24:09,43.34654,-124.32052,0.0,240.5,511.0,NORTH BEND,,WDH4086,31,0,20,6,,90,A
367614030,2022-01-01T05:25:40,43.34658,-124.32054,0.0,248.0,511.0,NORTH BEND,,WDH4086,31,0,20,6,,90,A
367614030,2022-01-01T12:11:30,43.34654,-124.32052,0.0,297.1,511.0,NORTH BEND,,WDH4086,31,0,20,6,,90,A
367614030,2022-01-01T12:53:59,43.34653,-124.32052,0.1,283.1,511.0,NORTH BEND,,WDH4086,31,0,20,6,,90,A
367614030,2022-01-01T12:20:39,43.34654,-124.32052,0.1,237.9,511.0,NORTH BEND,,WDH4086,31,0,20,6,,90,A
367614030,2022-01-01T12:17:09,43.34654,-124.32053,0.0,252.0,511.0,NORTH BEND,,WDH4086,31,0,20,6,,90,A
367614030,2022-01-01T12:18:21,43.34652,-124.32054,0.1,243.5,511.0,NORTH BEND,,WDH4086,31,0,20,6,,90,A
367614030,2022-01-01T12:59:49,43.34654,-124.32050,0.0,294.6,511.0,NORTH BEND,,WDH4086,31,0,20,6,,90,A
367614030,2022-01-01T12:19:29,43.34655,-124.32051,0.0,241.7,511.0,NORTH BEND,,WDH4086,31,0,20,6,,90,A
367614030,2022-01-01T11:55:00,43.34651,-124.32057,0.0,252.2,511.0,NORTH BEND,,WDH4086,31,0,20,6,,90,A
367614030,2022-01-01T12:41:20,43.34651,-124.32053,0.0,278.0,511.0,NORTH BEND,,WDH4086,31,0,20,6,,90,A
367614030,2022-01-01T13:10:51,43.34657,-124.32052,0.0,305.2,511.0,NORTH BEND,,WDH4086,31,0,20,6,,90,A
367614030,2022-01-01T12:27:29,43.34655,-124.32052,0.0,255.0,511.0,NORTH BEND,,WDH4086,31,0,20,6,,90,A
367614030,2022-01-01T12:21:50,43.34655,-124.32053,0.1,236.1,511.0,NORTH BEND,,WDH4086,31,0,20,6,,90,A
367614030,2022-01-01T05:36:10,43.34657,-124.32052,0.0,288.5,511.0,NORTH BEND,,WDH4086,31,0,20,6,,90,A
367614030,2022-01-01T12:29:50,43.34654,-124.32058,0.0,270.5,511.0,NORTH BEND,,WDH4086,31,0,20,6,,90,A
367614030,2022-01-01T12:05:40,43.34655,-124.32052,0.0,244.2,511.0,NORTH BEND,,WDH4086,31,0,20,6,,90,A
367614030,2022-01-01T12:48:10,43.34653,-124.32053,0.0,275.5,511.0,NORTH BEND,,WDH4086,31,0,20,6,,90,A
367614030,2022-01-01T12:36:40,43.34652,-124.32050,0.1,272.9,511.0,NORTH BEND,,WDH4086,31,0,20,6,,90,A
367614030,2022-01-01T12:26:19,43.34655,-124.32053,0.1,255.6,511.0,NORTH BEND,,WDH4086,31,0,20,6,,90,A
367614030,2022-01-01T12:32:10,43.34655,-124.32061,0.1,265.7,511.0,NORTH BEND,,WDH4086,31,0,20,6,,90,A
367614030,2022-01-01T05:40:49,43.34657,-124.32053,0.1,271.4,511.0,NORTH BEND,,WDH4086,31,0,20,6,,90,A
367614030,2022-01-01T12:09:10,43.34655,-124.32052,0.0,284.2,511.0,NORTH BEND,,WDH4086,31,0,20,6,,90,A
367614030,2022-01-01T12:44:49,43.34653,-124.32054,0.1,276.2,511.0,NORTH BEND,,WDH4086,31,0,20,6,,90,A
367614030,2022-01-01T13:23:49,43.34656,-124.32052,0.0,316.7,511.0,NORTH BEND,,WDH4086,31,0,20,6,,90,A
367614030,2022-01-01T12:47:00,43.34652,-124.32054,0.1,272.7,511.0,NORTH BEND,,WDH4086,31,0,20,6,,90,A
367614030,2022-01-01T12:40:10,43.34655,-124.32050,0.1,279.9,511.0,NORTH BEND,,WDH4086,31,0,20,6,,90,A
367614030,2022-01-01T12:42:29,43.34652,-124.32055,0.0,269.2,511.0,NORTH BEND,,WDH4086,31,0,20,6,,90,A
367614030,2022-01-01T13:29:30,43.34651,-124.32050,0.0,308.8,511.0,NORTH BEND,,WDH4086,31,0,20,6,,90,A
367614030,2022-01-01T12:43:39,43.34653,-124.32054,0.0,280.8,511.0,NORTH BEND,,WDH4086,31,0,20,6,,90,A
367614030,2022-01-01T12:14:51,43.34654,-124.32053,0.0,279.6,511.0,NORTH BEND,,WDH4086,31,0,20,6,,90,A
367614030,2022-01-01T13:02:50,43.34656,-124.32051,0.0,299.2,511.0,NORTH BEND,,WDH4086,31,0,20,6,,90,A
367614030,2022-01-01T12:49:20,43.34653,-124.32053,0.0,281.9,511.0,NORTH BEND,,WDH4086,31,0,20,6,,90,A
367614030,2022-01-01T05:51:20,43.34658,-124.32058,0.0,331.8,511.0,NORTH BEND,,WDH4086,31,0,20,6,,90,A
367614030,2022-01-01T13:38:59,43.34655,-124.32052,0.0,246.8,511.0,NORTH BEND,,WDH4086,31,0,20,6,,90,A
367614030,2022-01-01T12:52:50,43.34653,-124.32052,0.0,282.8,511.0,NORTH BEND,,WDH4086,31,0,20,6,,90,A
367614030,2022-01-01T13:42:30,43.34654,-124.32053,0.0,240.8,511.0,NORTH BEND,,WDH4086,31,0,20,6,,90,A
367614030,2022-01-01T13:43:40,43.34653,-124.32051,0.0,249.3,511.0,NORTH BEND,,WDH4086,31,0,20,6,,90,A
367614030,2022-01-01T13:00:20,43.34655,-124.32051,0.0,295.7,511.0,NORTH BEND,,WDH4086,31,0,20,6,,90,A
367614030,2022-01-01T12:50:29,43.34653,-124.32053,0.0,282.6,511.0,NORTH BEND,,WDH4086,31,0,20,6,,90,A
367614030,2022-01-01T05:54:59,43.34657,-124.32057,0.0,336.4,511.0,NORTH BEND,,WDH4086,31,0,20,6,,90,A
367614030,2022-01-01T12:28:40,43.34653,-124.32056,0.0,264.3,511.0,NORTH BEND,,WDH4086,31,0,20,6,,90,A
367614030,2022-01-01T12:58:39,43.34656,-124.32050,0.1,294.8,511.0,NORTH BEND,,WDH4086,31,0,20,6,,90,A
367614030,2022-01-01T12:30:59,43.34651,-124.32057,0.0,265.1,511.0,NORTH BEND,,WDH4086,31,0,20,6,,90,A
367614030,2022-01-01T13:11:59,43.34655,-124.32052,0.0,305.1,511.0,NORTH BEND,,WDH4086,31,0,20,6,,90,A
367614030,2022-01-01T13:49:29,43.34655,-124.32050,0.0,241.2,511.0,NORTH BEND,,WDH4086,31,0,20,6,,90,A
367614030,2022-01-01T12:55:09,43.34654,-124.32052,0.0,294.0,511.0,NORTH BEND,,WDH4086,31,0,20,6,,90,A
367614030,2022-01-01T13:07:29,43.34653,-124.32054,0.0,302.2,511.0,NORTH BEND,,WDH4086,31,0,20,6,,90,A
367614030,2022-01-01T12:35:39,43.34653,-124.32054,0.0,264.1,511.0,NORTH BEND,,WDH4086,31,0,20,6,,90,A
367614030,2022-01-01T12:57:30,43.34654,-124.32052,0.0,294.4,511.0,NORTH BEND,,WDH4086,31,0,20,6,,90,A
367614030,2022-01-01T13:55:20,43.34655,-124.32052,0.0,234.7,511.0,NORTH BEND,,WDH4086,31,0,20,6,,90,A
367614030,2022-01-01T05:56:10,43.34655,-124.32059,0.0,339.9,511.0,NORTH BEND,,WDH4086,31,0,20,6,,90,A
367614030,2022-01-01T13:01:30,43.34655,-124.32050,0.1,299.3,511.0,NORTH BEND,,WDH4086,31,0,20,6,,90,A
367614030,2022-01-01T12:39:00,43.34652,-124.32052,0.0,269.7,511.0,NORTH BEND,,WDH4086,31,0,20,6,,90,A
367614030,2022-01-01T13:03:59,43.34655,-124.32052,0.1,302.2,511.0,NORTH BEND,,WDH4086,31,0,20,6,,90,A
367614030,2022-01-01T13:19:10,43.34654,-124.32054,0.0,308.3,511.0,NORTH BEND,,WDH4086,31,0,20,6,,90,A
367614030,2022-01-01T05:59:59,43.34652,-124.32056,0.0,359.6,511.0,NORTH BEND,,WDH4086,31,0,20,6,,90,A
367614030,2022-01-01T13:09:50,43.34654,-124.32053,0.0,301.0,511.0,NORTH BEND,,WDH4086,31,0,20,6,,90,A
367614030,2022-01-01T13:08:40,43.34653,-124.32054,0.1,303.0,511.0,NORTH BEND,,WDH4086,31,0,20,6,,90,A
367614030,2022-01-01T13:13:09,43.34660,-124.32052,0.0,301.4,511.0,NORTH BEND,,WDH4086,31,0,20,6,,90,A
367614030,2022-01-01T13:14:19,43.34657,-124.32051,0.1,305.3,511.0,NORTH BEND,,WDH4086,31,0,20,6,,90,A
367614030,2022-01-01T13:21:29,43.34654,-124.32051,0.0,308.5,511.0,NORTH BEND,,WDH4086,31,0,20,6,,90,A
367614030,2022-01-01T13:15:30,43.34651,-124.32049,0.0,304.4,511.0,NORTH BEND,,WDH4086,31,0,20,6,,90,A
367614030,2022-01-01T13:16:39,43.34654,-124.32050,0.0,302.1,511.0,NORTH BEND,,WDH4086,31,0,20,6,,90,A
367614030,2022-01-01T06:05:49,43.34655,-124.32054,0.0,349.6,511.0,NORTH BEND,,WDH4086,31,0,20,6,,90,A
367614030,2022-01-01T13:28:20,43.34654,-124.32052,0.0,309.2,511.0,NORTH BEND,,WDH4086,31,0,20,6,,90,A
367614030,2022-01-01T12:51:39,43.34653,-124.32052,0.0,281.0,511.0,NORTH BEND,,WDH4086,31,0,20,6,,90,A
367614030,2022-01-01T13:36:49,43.34653,-124.32050,0.0,253.0,511.0,NORTH BEND,,WDH4086,31,0,20,6,,90,A
367614030,2022-01-01T14:18:50,43.34654,-124.32055,0.0,276.5,511.0,NORTH BEND,,WDH4086,31,0,20,6,,90,A
367614030,2022-01-01T13:24:59,43.34654,-124.32054,0.0,317.0,511.0,NORTH BEND,,WDH4086,31,0,20,6,,90,A
367614030,2022-01-01T13:26:10,43.34656,-124.32054,0.0,315.8,511.0,NORTH BEND,,WDH4086,31,0,20,6,,90,A
367614030,2022-01-01T13:37:50,43.34654,-124.32051,0.0,257.2,511.0,NORTH BEND,,WDH4086,31,0,20,6,,90,A
367614030,2022-01-01T13:05:10,43.34654,-124.32052,0.1,307.7,511.0,NORTH BEND,,WDH4086,31,0,20,6,,90,A
367614030,2022-01-01T13:06:20,43.34653,-124.32053,0.0,307.1,511.0,NORTH BEND,,WDH4086,31,0,20,6,,90,A
367614030,2022-01-01T13:50:40,43.34651,-124.32050,0.0,242.3,511.0,NORTH BEND,,WDH4086,31,0,20,6,,90,A
367614030,2022-01-01T13:44:50,43.34655,-124.32051,0.0,246.5,511.0,NORTH BEND,,WDH4086,31,0,20,6,,90,A
367614030,2022-01-01T13:41:20,43.34654,-124.32051,0.0,244.5,511.0,NORTH BEND,,WDH4086,31,0,20,6,,90,A
367614030,2022-01-01T13:51:49,43.34654,-124.32051,0.0,233.1,511.0,NORTH BEND,,WDH4086,31,0,20,6,,90,A
367614030,2022-01-01T13:48:19,43.34654,-124.32052,0.0,248.7,511.0,NORTH BEND,,WDH4086,31,0,20,6,,90,A
367614030,2022-01-01T13:54:09,43.34654,-124.32054,0.0,234.8,511.0,NORTH BEND,,WDH4086,31,0,20,6,,90,A
367614030,2022-01-01T13:18:00,43.34655,-124.32053,0.0,302.9,511.0,NORTH BEND,,WDH4086,31,0,20,6,,90,A
367614030,2022-01-01T13:20:20,43.34654,-124.32052,0.1,313.2,511.0,NORTH BEND,,WDH4086,31,0,20,6,,90,A
367614030,2022-01-01T13:53:00,43.34656,-124.32051,0.0,236.4,511.0,NORTH BEND,,WDH4086,31,0,20,6,,90,A
367614030,2022-01-01T14:02:29,43.34655,-124.32052,0.0,226.7,511.0,NORTH BEND,,WDH4086,31,0,20,6,,90,A
367614030,2022-01-01T14:48:30,43.34656,-124.32050,0.0,285.0,511.0,NORTH BEND,,WDH4086,31,0,20,6,,90,A
367614030,2022-01-01T13:56:29,43.34654,-124.32053,0.1,231.9,511.0,NORTH BEND,,WDH4086,31,0,20,6,,90,A
367614030,2022-01-01T14:08:20,43.34657,-124.32053,0.0,246.4,511.0,NORTH BEND,,WDH4086,31,0,20,6,,90,A
367614030,2022-01-01T14:00:00,43.34654,-124.32054,0.1,219.4,511.0,NORTH BEND,,WDH4086,31,0,20,6,,90,A
367614030,2022-01-01T06:16:09,43.34652,-124.32054,0.0,233.3,511.0,NORTH BEND,,WDH4086,31,0,20,6,,90,A
367614030,2022-01-01T14:56:50,43.34655,-124.32053,0.0,327.5,511.0,NORTH BEND,,WDH4086,31,0,20,6,,90,A
367614030,2022-01-01T14:15:19,43.34655,-124.32053,0.0,275.1,511.0,NORTH BEND,,WDH4086,31,0,20,6,,90,A
367614030,2022-01-01T14:07:10,43.34656,-124.32052,0.0,238.6,511.0,NORTH BEND,,WDH4086,31,0,20,6,,90,A
367614030,2022-01-01T14:59:09,43.34655,-124.32050,0.0,332.3,511.0,NORTH BEND,,WDH4086,31,0,20,6,,90,A
367614030,2022-01-01T14:21:01,43.34655,-124.32051,0.1,284.8,511.0,NORTH BEND,,WDH4086,31,0,20,6,,90,A
367614030,2022-01-01T14:04:49,43.34656,-124.32052,0.0,239.6,511.0,NORTH BEND,,WDH4086,31,0,20,6,,90,A
367614030,2022-01-01T14:23:30,43.34653,-124.32054,0.0,292.3,511.0,NORTH BEND,,WDH4086,31,0,20,6,,90,A
367614030,2022-01-01T14:13:00,43.34654,-124.32053,0.0,256.0,511.0,NORTH BEND,,WDH4086,31,0,20,6,,90,A
367614030,2022-01-01T14:06:00,43.34656,-124.32052,0.0,238.6,511.0,NORTH BEND,,WDH4086,31,0,20,6,,90,A
367614030,2022-01-01T14:26:59,43.34657,-124.32054,0.1,301.5,511.0,NORTH BEND,,WDH4086,31,0,20,6,,90,A
367614030,2022-01-01T14:14:10,43.34654,-124.32054,0.0,253.8,511.0,NORTH BEND,,WDH4086,31,0,20,6,,90,A
367614030,2022-01-01T15:08:00,43.34665,-124.32049,0.1,330.0,511.0,NORTH BEND,,WDH4086,31,0,20,6,,90,A
367614030,2022-01-01T14:29:19,43.34659,-124.32056,0.1,311.0,511.0,NORTH BEND,,WDH4086,31,0,20,6,,90,A
367614030,2022-01-01T14:10:40,43.34655,-124.32052,0.0,237.5,511.0,NORTH BEND,,WDH4086,31,0,20,6,,90,A
367614030,2022-01-01T14:30:30,43.34656,-124.32053,0.2,322.9,511.0,NORTH BEND,,WDH4086,31,0,20,6,,90,A
367614030,2022-01-01T14:11:50,43.34655,-124.32051,0.0,238.7,511.0,NORTH BEND,,WDH4086,31,0,20,6,,90,A
367614030,2022-01-01T14:22:20,43.34654,-124.32051,0.0,288.6,511.0,NORTH BEND,,WDH4086,31,0,20,6,,90,A
367614030,2022-01-01T15:14:10,43.34654,-124.32052,0.0,336.5,511.0,NORTH BEND,,WDH4086,31,0,20,6,,90,A
367614030,2022-01-01T14:24:40,43.34656,-124.32055,0.0,294.9,511.0,NORTH BEND,,WDH4086,31,0,20,6,,90,A
367614030,2022-01-01T06:28:59,43.34660,-124.32052,0.0,212.0,511.0,NORTH BEND,,WDH4086,31,0,20,6,,90,A
367614030,2022-01-01T14:34:20,43.34656,-124.32050,0.0,356.1,511.0,NORTH BEND,,WDH4086,31,0,20,6,,90,A
367614030,2022-01-01T14:35:40,43.34655,-124.32052,0.0,349.9,511.0,NORTH BEND,,WDH4086,31,0,20,6,,90,A
367614030,2022-01-01T14:38:00,43.34657,-124.32054,0.0,339.0,511.0,NORTH BEND,,WDH4086,31,0,20,6,,90,A
367614030,2022-01-01T13:57:39,43.34655,-124.32055,0.0,223.1,511.0,NORTH BEND,,WDH4086,31,0,20,6,,90,A
367614030,2022-01-01T14:41:29,43.34656,-124.32053,0.1,327.0,511.0,NORTH BEND,,WDH4086,31,0,20,6,,90,A
367614030,2022-01-01T14:25:50,43.34656,-124.32053,0.1,293.8,511.0,NORTH BEND,,WDH4086,31,0,20,6,,90,A
367614030,2022-01-01T14:31:39,43.34659,-124.32052,0.1,342.0,511.0,NORTH BEND,,WDH4086,31,0,20,6,,90,A
367614030,2022-01-01T14:28:10,43.34656,-124.32054,0.1,322.0,511.0,NORTH BEND,,WDH4086,31,0,20,6,,90,A
367614030,2022-01-01T14:45:00,43.34655,-124.32050,0.0,305.2,511.0,NORTH BEND,,WDH4086,31,0,20,6,,90,A
367614030,2022-01-01T14:03:39,43.34658,-124.32054,0.1,238.4,511.0,NORTH BEND,,WDH4086,31,0,20,6,,90,A
367614030,2022-01-01T14:47:19,43.34657,-124.32049,0.0,282.0,511.0,NORTH BEND,,WDH4086,31,0,20,6,,90,A
367614030,2022-01-01T14:39:09,43.34653,-124.32052,0.0,338.9,511.0,NORTH BEND,,WDH4086,31,0,20,6,,90,A
367614030,2022-01-01T15:28:20,43.34651,-124.32058,0.1,255.6,511.0,NORTH BEND,,WDH4086,31,0,20,6,,90,A
367614030,2022-01-01T14:09:30,43.34656,-124.32051,0.0,241.1,511.0,NORTH BEND,,WDH4086,31,0,20,6,,90,A
367614030,2022-01-01T14:53:20,43.34649,-124.32060,0.0,299.4,511.0,NORTH BEND,,WDH4086,31,0,20,6,,90,A
367614030,2022-01-01T14:36:49,43.34656,-124.32056,0.0,343.5,511.0,NORTH BEND,,WDH4086,31,0,20,6,,90,A
367614030,2022-01-01T14:58:00,43.34654,-124.32052,0.0,325.2,511.0,NORTH BEND,,WDH4086,31,0,20,6,,90,A
367614030,2022-01-01T15:00:00,43.34655,-124.32051,0.0,334.8,511.0,NORTH BEND,,WDH4086,31,0,20,6,,90,A
367614030,2022-01-01T14:43:49,43.34656,-124.32051,0.1,311.5,511.0,NORTH BEND,,WDH4086,31,0,20,6,,90,A
367614030,2022-01-01T15:03:29,43.34657,-124.32052,0.1,333.6,511.0,NORTH BEND,,WDH4086,31,0,20,6,,90,A
367614030,2022-01-01T15:04:30,43.34663,-124.32048,0.0,334.3,511.0,NORTH BEND,,WDH4086,31,0,20,6,,90,A
367614030,2022-01-01T06:42:29,43.34656,-124.32057,0.1,204.3,511.0,NORTH BEND,,WDH4086,31,0,20,6,,90,A
367614030,2022-01-01T15:05:39,43.34658,-124.32049,0.0,331.3,511.0,NORTH BEND,,WDH4086,31,0,20,6,,90,A
367614030,2022-01-01T15:13:00,43.34656,-124.32050,0.1,332.2,511.0,NORTH BEND,,WDH4086,31,0,20,6,,90,A
367614030,2022-01-01T14:49:39,43.34656,-124.32051,0.0,284.2,511.0,NORTH BEND,,WDH4086,31,0,20,6,,90,A
367614030,2022-01-01T14:52:09,43.34653,-124.32055,0.0,288.9,511.0,NORTH BEND,,WDH4086,31,0,20,6,,90,A
367614030,2022-01-01T14:33:19,43.34658,-124.32053,0.0,340.2,511.0,NORTH BEND,,WDH4086,31,0,20,6,,90,A
367614030,2022-01-01T15:49:29,43.34655,-124.32052,0.0,293.1,511.0,NORTH BEND,,WDH4086,31,0,20,6,,90,A
367614030,2022-01-01T06:45:59,43.34654,-124.32053,0.0,209.0,511.0,NORTH BEND,,WDH4086,31,0,20,6,,90,A
367614030,2022-01-01T14:54:30,43.34654,-124.32054,0.1,300.8,511.0,NORTH BEND,,WDH4086,31,0,20,6,,90,A
367614030,2022-01-01T14:55:39,43.34654,-124.32053,0.0,319.2,511.0,NORTH BEND,,WDH4086,31,0,20,6,,90,A
367614030,2022-01-01T15:17:39,43.34655,-124.32051,0.0,337.6,511.0,NORTH BEND,,WDH4086,31,0,20,6,,90,A
367614030,2022-01-01T15:18:49,43.34657,-124.32049,0.0,333.5,511.0,NORTH BEND,,WDH4086,31,0,20,6,,90,A
367614030,2022-01-01T15:23:30,43.34657,-124.32052,0.1,264.3,511.0,NORTH BEND,,WDH4086,31,0,20,6,,90,A
367614030,2022-01-01T14:40:20,43.34656,-124.32053,0.0,339.6,511.0,NORTH BEND,,WDH4086,31,0,20,6,,90,A
367614030,2022-01-01T15:10:19,43.34659,-124.32048,0.0,328.3,511.0,NORTH BEND,,WDH4086,31,0,20,6,,90,A
367614030,2022-01-01T15:01:09,43.34654,-124.32053,0.0,332.6,511.0,NORTH BEND,,WDH4086,31,0,20,6,,90,A
367614030,2022-01-01T14:42:39,43.34656,-124.32053,0.0,319.0,511.0,NORTH BEND,,WDH4086,31,0,20,6,,90,A
367614030,2022-01-01T15:02:20,43.34656,-124.32052,0.0,330.6,511.0,NORTH BEND,,WDH4086,31,0,20,6,,90,A
367614030,2022-01-01T16:00:09,43.34655,-124.32051,0.0,274.1,511.0,NORTH BEND,,WDH4086,31,0,20,6,,90,A
367614030,2022-01-01T15:11:30,43.34657,-124.32053,0.0,332.0,511.0,NORTH BEND,,WDH4086,31,0,20,6,,90,A
367614030,2022-01-01T15:06:49,43.34660,-124.32051,0.0,319.8,511.0,NORTH BEND,,WDH4086,31,0,20,6,,90,A
367614030,2022-01-01T06:49:29,43.34654,-124.32053,0.0,202.4,511.0,NORTH BEND,,WDH4086,31,0,20,6,,90,A
367614030,2022-01-01T15:09:09,43.34667,-124.32048,0.0,343.0,511.0,NORTH BEND,,WDH4086,31,0,20,6,,90,A
367614030,2022-01-01T15:35:29,43.34656,-124.32052,0.0,248.3,511.0,NORTH BEND,,WDH4086,31,0,20,6,,90,A
367614030,2022-01-01T15:19:59,43.34655,-124.32050,0.1,307.0,511.0,NORTH BEND,,WDH4086,31,0,20,6,,90,A
367614030,2022-01-01T15:24:39,43.34655,-124.32052,0.0,257.5,511.0,NORTH BEND,,WDH4086,31,0,20,6,,90,A
367614030,2022-01-01T15:22:19,43.34653,-124.32052,0.0,275.2,511.0,NORTH BEND,,WDH4086,31,0,20,6,,90,A
367614030,2022-01-01T15:39:59,43.34655,-124.32054,0.0,255.6,511.0,NORTH BEND,,WDH4086,31,0,20,6,,90,A
367614030,2022-01-01T16:15:10,43.34659,-124.32053,0.1,189.0,511.0,NORTH BEND,,WDH4086,31,0,20,6,,90,A
367614030,2022-01-01T15:27:10,43.34651,-124.32057,0.1,247.6,511.0,NORTH BEND,,WDH4086,31,0,20,6,,90,A
367614030,2022-01-01T15:25:50,43.34649,-124.32058,0.1,258.3,511.0,NORTH BEND,,WDH4086,31,0,20,6,,90,A
367614030,2022-01-01T15:38:50,43.34655,-124.32053,0.0,263.1,511.0,NORTH BEND,,WDH4086,31,0,20,6,,90,A
367614030,2022-01-01T15:30:40,43.34653,-124.32056,0.0,253.7,511.0,NORTH BEND,,WDH4086,31,0,20,6,,90,A
367614030,2022-01-01T15:29:29,43.34653,-124.32056,0.0,249.0,511.0,NORTH BEND,,WDH4086,31,0,20,6,,90,A
367614030,2022-01-01T15:33:09,43.34654,-124.32053,0.0,252.7,511.0,NORTH BEND,,WDH4086,31,0,20,6,,90,A
367614030,2022-01-01T15:34:19,43.34654,-124.32053,0.0,251.3,511.0,NORTH BEND,,WDH4086,31,0,20,6,,90,A
367614030,2022-01-01T15:50:39,43.34654,-124.32052,0.0,298.4,511.0,NORTH BEND,,WDH4086,31,0,20,6,,90,A
367614030,2022-01-01T15:54:09,43.34654,-124.32050,0.0,300.2,511.0,NORTH BEND,,WDH4086,31,0,20,6,,90,A
367614030,2022-01-01T15:42:20,43.34654,-124.32055,0.0,268.7,511.0,NORTH BEND,,WDH4086,31,0,20,6,,90,A
367614030,2022-01-01T15:43:30,43.34653,-124.32055,0.1,279.0,511.0,NORTH BEND,,WDH4086,31,0,20,6,,90,A
367614030,2022-01-01T15:51:49,43.34656,-124.32053,0.0,300.6,511.0,NORTH BEND,,WDH4086,31,0,20,6,,90,A
367614030,2022-01-01T16:34:09,43.34657,-124.32055,0.1,217.0,511.0,NORTH BEND,,WDH4086,31,0,20,6,,90,A
367614030,2022-01-01T15:56:40,43.34655,-124.32051,0.0,297.7,511.0,NORTH BEND,,WDH4086,31,0,20,6,,90,A
367614030,2022-01-01T15:53:00,43.34656,-124.32053,0.0,300.0,511.0,NORTH BEND,,WDH4086,31,0,20,6,,90,A
367614030,2022-01-01T15:41:09,43.34654,-124.32056,0.0,264.4,511.0,NORTH BEND,,WDH4086,31,0,20,6,,90,A
367614030,2022-01-01T15:48:20,43.34654,-124.32053,0.0,287.5,511.0,NORTH BEND,,WDH4086,31,0,20,6,,90,A
367614030,2022-01-01T16:01:19,43.34655,-124.32056,0.0,269.1,511.0,NORTH BEND,,WDH4086,31,0,20,6,,90,A
367614030,2022-01-01T16:02:30,43.34654,-124.32053,0.1,236.6,511.0,NORTH BEND,,WDH4086,31,0,20,6,,90,A
367614030,2022-01-01T15:59:00,43.34655,-124.32052,0.0,276.8,511.0,NORTH BEND,,WDH4086,31,0,20,6,,90,A
367614030,2022-01-01T07:01:10,43.34656,-124.32051,0.0,206.1,511.0,NORTH BEND,,WDH4086,31,0,20,6,,90,A
367614030,2022-01-01T16:45:49,43.34656,-124.32053,0.0,193.8,511.0,NORTH BEND,,WDH4086,31,0,20,6,,90,A
367614030,2022-01-01T15:32:00,43.34655,-124.32052,0.0,252.7,511.0,NORTH BEND,,WDH4086,31,0,20,6,,90,A
367614030,2022-01-01T16:12:50,43.34656,-124.32053,0.0,195.5,511.0,NORTH BEND,,WDH4086,31,0,20,6,,90,A
367614030,2022-01-01T15:36:31,43.34655,-124.32052,0.0,251.6,511.0,NORTH BEND,,WDH4086,31,0,20,6,,90,A
367614030,2022-01-01T16:17:29,43.34657,-124.32055,0.1,212.7,511.0,NORTH BEND,,WDH4086,31,0,20,6,,90,A
367614030,2022-01-01T16:19:59,43.34656,-124.32053,0.0,199.8,511.0,NORTH BEND,,WDH4086,31,0,20,6,,90,A
367614030,2022-01-01T16:04:49,43.34653,-124.32054,0.0,205.8,511.0,NORTH BEND,,WDH4086,31,0,20,6,,90,A
367614030,2022-01-01T16:21:09,43.34656,-124.32053,0.0,203.8,511.0,NORTH BEND,,WDH4086,31,0,20,6,,90,A
367614030,2022-01-01T15:47:00,43.34654,-124.32051,0.0,286.7,511.0,NORTH BEND,,WDH4086,31,0,20,6,,90,A
367614030,2022-01-01T16:10:30,43.34654,-124.32052,0.0,192.6,511.0,NORTH BEND,,WDH4086,31,0,20,6,,90,A
367614030,2022-01-01T16:23:30,43.34660,-124.32054,0.0,209.0,511.0,NORTH BEND,,WDH4086,31,0,20,6,,90,A
367614030,2022-01-01T16:25:50,43.34655,-124.32050,0.0,198.1,511.0,NORTH BEND,,WDH4086,31,0,20,6,,90,A
367614030,2022-01-01T16:16:19,43.34657,-124.32054,0.0,204.6,511.0,NORTH BEND,,WDH4086,31,0,20,6,,90,A
367614030,2022-01-01T17:11:30,43.34652,-124.32054,0.0,314.4,511.0,NORTH BEND,,WDH4086,31,0,20,6,,90,A
367614030,2022-01-01T16:28:10,43.34658,-124.32052,0.0,204.7,511.0,NORTH BEND,,WDH4086,31,0,20,6,,90,A
367614030,2022-01-01T16:18:50,43.34654,-124.32053,0.0,206.1,511.0,NORTH BEND,,WDH4086,31,0,20,6,,90,A
367614030,2022-01-01T16:36:30,43.34654,-124.32053,0.0,196.6,511.0,NORTH BEND,,WDH4086,31,0,20,6,,90,A
367614030,2022-01-01T16:22:19,43.34656,-124.32053,0.0,200.2,511.0,NORTH BEND,,WDH4086,31,0,20,6,,90,A
367614030,2022-01-01T15:57:50,43.34657,-124.32053,0.1,291.8,511.0,NORTH BEND,,WDH4086,31,0,20,6,,90,A
367614030,2022-01-01T17:17:19,43.34656,-124.32050,0.1,313.1,511.0,NORTH BEND,,WDH4086,31,0,20,6,,90,A
367614030,2022-01-01T17:20:49,43.34656,-124.32054,0.1,341.0,511.0,NORTH BEND,,WDH4086,31,0,20,6,,90,A
367614030,2022-01-01T16:27:00,43.34659,-124.32053,0.0,210.4,511.0,NORTH BEND,,WDH4086,31,0,20,6,,90,A
367614030,2022-01-01T16:39:59,43.34656,-124.32053,0.0,190.3,511.0,NORTH BEND,,WDH4086,31,0,20,6,,90,A
367614030,2022-01-01T17:23:10,43.34656,-124.32056,0.1,344.6,511.0,NORTH BEND,,WDH4086,31,0,20,6,,90,A
367614030,2022-01-01T16:29:19,43.34660,-124.32052,0.0,216.1,511.0,NORTH BEND,,WDH4086,31,0,20,6,,90,A
367614030,2022-01-01T16:05:50,43.34654,-124.32052,0.0,200.4,511.0,NORTH BEND,,WDH4086,31,0,20,6,,90,A
367614030,2022-01-01T16:06:59,43.34655,-124.32052,0.0,192.3,511.0,NORTH BEND,,WDH4086,31,0,20,6,,90,A
367614030,2022-01-01T16:43:29,43.34655,-124.32050,0.0,173.0,511.0,NORTH BEND,,WDH4086,31,0,20,6,,90,A
367614030,2022-01-01T16:31:50,43.34659,-124.32053,0.0,226.1,511.0,NORTH BEND,,WDH4086,31,0,20,6,,90,A
367614030,2022-01-01T17:28:59,43.34655,-124.32053,0.1,351.7,511.0,NORTH BEND,,WDH4086,31,0,20,6,,90,A
367614030,2022-01-01T16:09:20,43.34654,-124.32052,0.0,192.7,511.0,NORTH BEND,,WDH4086,31,0,20,6,,90,A
367614030,2022-01-01T16:35:20,43.34655,-124.32053,0.1,212.2,511.0,NORTH BEND,,WDH4086,31,0,20,6,,90,A
367614030,2022-01-01T07:22:09,43.34653,-124.32053,0.1,325.6,511.0,NORTH BEND,,WDH4086,31,0,20,6,,90,A
367614030,2022-01-01T16:11:39,43.34656,-124.32052,0.0,194.9,511.0,NORTH BEND,,WDH4086,31,0,20,6,,90,A
367614030,2022-01-01T07:23:20,43.34652,-124.32053,0.0,323.5,511.0,NORTH BEND,,WDH4086,31,0,20,6,,90,A
367614030,2022-01-01T16:41:09,43.34655,-124.32052,0.0,182.6,511.0,NORTH BEND,,WDH4086,31,0,20,6,,90,A
367614030,2022-01-01T16:42:19,43.34656,-124.32053,0.0,189.7,511.0,NORTH BEND,,WDH4086,31,0,20,6,,90,A
367614030,2022-01-01T16:44:39,43.34656,-124.32054,0.0,183.9,511.0,NORTH BEND,,WDH4086,31,0,20,6,,90,A
367614030,2022-01-01T16:50:39,43.34655,-124.32053,0.1,246.5,511.0,NORTH BEND,,WDH4086,31,0,20,6,,90,A
367614030,2022-01-01T16:47:00,43.34656,-124.32053,0.0,210.7,511.0,NORTH BEND,,WDH4086,31,0,20,6,,90,A
367614030,2022-01-01T16:48:09,43.34655,-124.32050,0.0,208.0,511.0,NORTH BEND,,WDH4086,31,0,20,6,,90,A
367614030,2022-01-01T16:51:49,43.34654,-124.32052,0.0,252.0,511.0,NORTH BEND,,WDH4086,31,0,20,6,,90,A
367614030,2022-01-01T17:02:20,43.34656,-124.32053,0.0,283.3,511.0,NORTH BEND,,WDH4086,31,0,20,6,,90,A
367614030,2022-01-01T17:49:29,43.34657,-124.32051,0.0,347.5,511.0,NORTH BEND,,WDH4086,31,0,20,6,,90,A
367614030,2022-01-01T16:54:09,43.34656,-124.32053,0.0,259.1,511.0,NORTH BEND,,WDH4086,31,0,20,6,,90,A
367614030,2022-01-01T16:56:19,43.34654,-124.32051,0.0,248.7,511.0,NORTH BEND,,WDH4086,31,0,20,6,,90,A
367614030,2022-01-01T17:10:19,43.34650,-124.32057,0.1,313.7,511.0,NORTH BEND,,WDH4086,31,0,20,6,,90,A
367614030,2022-01-01T17:00:00,43.34656,-124.32053,0.0,265.7,511.0,NORTH BEND,,WDH4086,31,0,20,6,,90,A
367614030,2022-01-01T16:33:00,43.34656,-124.32051,0.0,214.5,511.0,NORTH BEND,,WDH4086,31,0,20,6,,90,A
367614030,2022-01-01T17:01:10,43.34655,-124.32051,0.0,271.8,511.0,NORTH BEND,,WDH4086,31,0,20,6,,90,A
367614030,2022-01-01T17:16:10,43.34657,-124.32054,0.0,315.6,511.0,NORTH BEND,,WDH4086,31,0,20,6,,90,A
367614030,2022-01-01T16:58:50,43.34657,-124.32055,0.1,265.2,511.0,NORTH BEND,,WDH4086,31,0,20,6,,90,A
367614030,2022-01-01T17:15:00,43.34657,-124.32051,0.0,323.3,511.0,NORTH BEND,,WDH4086,31,0,20,6,,90,A
367614030,2022-01-01T16:37:39,43.34656,-124.32052,0.1,191.1,511.0,NORTH BEND,,WDH4086,31,0,20,6,,90,A
367614030,2022-01-01T17:05:50,43.34656,-124.32054,0.0,297.0,511.0,NORTH BEND,,WDH4086,31,0,20,6,,90,A
367614030,2022-01-01T18:03:29,43.34656,-124.32052,0.0,333.4,511.0,NORTH BEND,,WDH4086,31,0,20,6,,90,A
367614030,2022-01-01T17:04:39,43.34655,-124.32053,0.0,293.0,511.0,NORTH BEND,,WDH4086,31,0,20,6,,90,A
367614030,2022-01-01T17:22:00,43.34656,-124.32054,0.0,348.8,511.0,NORTH BEND,,WDH4086,31,0,20,6,,90,A
367614030,2022-01-01T17:08:00,43.34651,-124.32054,0.0,312.0,511.0,NORTH BEND,,WDH4086,31,0,20,6,,90,A
367614030,2022-01-01T18:08:09,43.34653,-124.32055,0.0,345.0,511.0,NORTH BEND,,WDH4086,31,0,20,6,,90,A
367614030,2022-01-01T07:32:39,43.34653,-124.32050,0.0,336.6,511.0,NORTH BEND,,WDH4086,31,0,20,6,,90,A
367614030,2022-01-01T16:49:30,43.34657,-124.32054,0.0,243.9,511.0,NORTH BEND,,WDH4086,31,0,20,6,,90,A
367614030,2022-01-01T17:13:49,43.34656,-124.32051,0.0,321.1,511.0,NORTH BEND,,WDH4086,31,0,20,6,,90,A
367614030,2022-01-01T16:52:59,43.34656,-124.32053,0.0,255.6,511.0,NORTH BEND,,WDH4086,31,0,20,6,,90,A
367614030,2022-01-01T17:19:40,43.34656,-124.32054,0.1,337.8,511.0,NORTH BEND,,WDH4086,31,0,20,6,,90,A
367614030,2022-01-01T16:57:40,43.34655,-124.32052,0.0,251.5,511.0,NORTH BEND,,WDH4086,31,0,20,6,,90,A
367614030,2022-01-01T17:37:50,43.34659,-124.32053,0.0,325.7,511.0,NORTH BEND,,WDH4086,31,0,20,6,,90,A
367614030,2022-01-01T17:24:20,43.34655,-124.32054,0.1,351.8,511.0,NORTH BEND,,WDH4086,31,0,20,6,,90,A
367614030,2022-01-01T17:27:49,43.34654,-124.32053,0.0,2.7,511.0,NORTH BEND,,WDH4086,31,0,20,6,,90,A
367614030,2022-01-01T17:25:30,43.34652,-124.32057,0.0,358.6,511.0,NORTH BEND,,WDH4086,31,0,20,6,,90,A
367614030,2022-01-01T17:42:30,43.34657,-124.32050,0.1,341.9,511.0,NORTH BEND,,WDH4086,31,0,20,6,,90,A
367614030,2022-01-01T18:25:40,43.34657,-124.32053,0.1,321.5,511.0,NORTH BEND,,WDH4086,31,0,20,6,,90,A
367614030,2022-01-01T18:26:49,43.34658,-124.32052,0.1,327.5,511.0,NORTH BEND,,WDH4086,31,0,20,6,,90,A
367614030,2022-01-01T17:32:09,43.34657,-124.32050,0.0,350.2,511.0,NORTH BEND,,WDH4086,31,0,20,6,,90,A
367614030,2022-01-01T17:46:00,43.34656,-124.32052,0.1,356.5,511.0,NORTH BEND,,WDH4086,31,0,20,6,,90,A
367614030,2022-01-01T17:33:20,43.34658,-124.32052,0.1,348.3,511.0,NORTH BEND,,WDH4086,31,0,20,6,,90,A
367614030,2022-01-01T18:27:59,43.34660,-124.32051,0.0,323.8,511.0,NORTH BEND,,WDH4086,31,0,20,6,,90,A
367614030,2022-01-01T17:48:19,43.34657,-124.32050,0.0,353.1,511.0,NORTH BEND,,WDH4086,31,0,20,6,,90,A
367614030,2022-01-01T17:09:09,43.34655,-124.32055,0.0,313.5,511.0,NORTH BEND,,WDH4086,31,0,20,6,,90,A
367614030,2022-01-01T17:51:49,43.34658,-124.32050,0.1,353.7,511.0,NORTH BEND,,WDH4086,31,0,20,6,,90,A
367614030,2022-01-01T17:38:58,43.34658,-124.32050,0.0,338.7,511.0,NORTH BEND,,WDH4086,31,0,20,6,,90,A
367614030,2022-01-01T17:40:10,43.34658,-124.32050,0.1,346.6,511.0,NORTH BEND,,WDH4086,31,0,20,6,,90,A
367614030,2022-01-01T17:55:19,43.34655,-124.32052,0.0,338.3,511.0,NORTH BEND,,WDH4086,31,0,20,6,,90,A
367614030,2022-01-01T17:12:40,43.34655,-124.32053,0.1,316.5,511.0,NORTH BEND,,WDH4086,31,0,20,6,,90,A
367614030,2022-01-01T17:43:40,43.34657,-124.32052,0.0,351.1,511.0,NORTH BEND,,WDH4086,31,0,20,6,,90,A
367614030,2022-01-01T18:34:39,43.34658,-124.32053,0.0,235.0,511.0,NORTH BEND,,WDH4086,31,0,20,6,,90,A
367614030,2022-01-01T17:44:49,43.34656,-124.32050,0.0,348.3,511.0,NORTH BEND,,WDH4086,31,0,20,6,,90,A
367614030,2022-01-01T17:56:29,43.34652,-124.32054,0.2,346.5,511.0,NORTH BEND,,WDH4086,31,0,20,6,,90,A
367614030,2022-01-01T18:37:00,43.34658,-124.32053,0.1,230.9,511.0,NORTH BEND,,WDH4086,31,0,20,6,,90,A
367614030,2022-01-01T17:18:29,43.34657,-124.32052,0.1,321.9,511.0,NORTH BEND,,WDH4086,31,0,20,6,,90,A
367614030,2022-01-01T17:50:39,43.34661,-124.32050,0.1,344.6,511.0,NORTH BEND,,WDH4086,31,0,20,6,,90,A
367614030,2022-01-01T07:41:59,43.34656,-124.32055,0.1,327.6,511.0,NORTH BEND,,WDH4086,31,0,20,6,,90,A
367614030,2022-01-01T17:52:59,43.34656,-124.32049,0.0,349.5,511.0,NORTH BEND,,WDH4086,31,0,20,6,,90,A
367614030,2022-01-01T18:05:50,43.34655,-124.32052,0.1,338.7,511.0,NORTH BEND,,WDH4086,31,0,20,6,,90,A
367614030,2022-01-01T18:07:00,43.34654,-124.32054,0.1,346.3,511.0,NORTH BEND,,WDH4086,31,0,20,6,,90,A
367614030,2022-01-01T17:26:40,43.34654,-124.32055,0.1,359.9,511.0,NORTH BEND,,WDH4086,31,0,20,6,,90,A
367614030,2022-01-01T18:46:19,43.34658,-124.32052,0.0,240.8,511.0,NORTH BEND,,WDH4086,31,0,20,6,,90,A
367614030,2022-01-01T17:54:10,43.34653,-124.32055,0.0,341.8,511.0,NORTH BEND,,WDH4086,31,0,20,6,,90,A
367614030,2022-01-01T18:11:39,43.34654,-124.32057,0.1,330.5,511.0,NORTH BEND,,WDH4086,31,0,20,6,,90,A
367614030,2022-01-01T17:30:59,43.34656,-124.32051,0.1,350.9,511.0,NORTH BEND,,WDH4086,31,0,20,6,,90,A
367614030,2022-01-01T17:58:49,43.34656,-124.32053,0.1,331.1,511.0,NORTH BEND,,WDH4086,31,0,20,6,,90,A
367614030,2022-01-01T18:00:10,43.34656,-124.32053,0.0,353.6,511.0,NORTH BEND,,WDH4086,31,0,20,6,,90,A
367614030,2022-01-01T18:01:19,43.34658,-124.32053,0.0,344.3,511.0,NORTH BEND,,WDH4086,31,0,20,6,,90,A
367614030,2022-01-01T18:02:20,43.34658,-124.32052,0.1,337.6,511.0,NORTH BEND,,WDH4086,31,0,20,6,,90,A
367614030,2022-01-01T18:15:09,43.34657,-124.32054,0.1,335.6,511.0,NORTH BEND,,WDH4086,31,0,20,6,,90,A
367614030,2022-01-01T18:56:30,43.34656,-124.32052,0.1,265.5,511.0,NORTH BEND,,WDH4086,31,0,20,6,,90,A
367614030,2022-01-01T18:04:40,43.34658,-124.32052,0.1,343.1,511.0,NORTH BEND,,WDH4086,31,0,20,6,,90,A
367614030,2022-01-01T17:35:29,43.34660,-124.32052,0.1,344.7,511.0,NORTH BEND,,WDH4086,31,0,20,6,,90,A
367614030,2022-01-01T18:18:40,43.34657,-124.32052,0.0,342.0,511.0,NORTH BEND,,WDH4086,31,0,20,6,,90,A
367614030,2022-01-01T18:19:49,43.34660,-124.32049,0.0,344.0,511.0,NORTH BEND,,WDH4086,31,0,20,6,,90,A
367614030,2022-01-01T18:09:19,43.34654,-124.32055,0.1,336.5,511.0,NORTH BEND,,WDH4086,31,0,20,6,,90,A
367614030,2022-01-01T18:10:29,43.34654,-124.32055,0.0,339.5,511.0,NORTH BEND,,WDH4086,31,0,20,6,,90,A
367614030,2022-01-01T18:13:59,43.34655,-124.32053,0.1,333.3,511.0,NORTH BEND,,WDH4086,31,0,20,6,,90,A
367614030,2022-01-01T17:47:09,43.34655,-124.32050,0.0,0.0,511.0,NORTH BEND,,WDH4086,31,0,20,6,,90,A
367614030,2022-01-01T18:32:19,43.34660,-124.32052,0.1,258.0,511.0,NORTH BEND,,WDH4086,31,0,20,6,,90,A
367614030,2022-01-01T19:10:39,43.34654,-124.32050,0.0,323.2,511.0,NORTH BEND,,WDH4086,31,0,20,6,,90,A
367614030,2022-01-01T18:22:10,43.34654,-124.32054,0.0,330.6,511.0,NORTH BEND,,WDH4086,31,0,20,6,,90,A
367614030,2022-01-01T18:17:29,43.34655,-124.32053,0.1,326.9,511.0,NORTH BEND,,WDH4086,31,0,20,6,,90,A
367614030,2022-01-01T18:23:20,43.34656,-124.32054,0.1,328.3,511.0,NORTH BEND,,WDH4086,31,0,20,6,,90,A
367614030,2022-01-01T18:24:29,43.34656,-124.32053,0.0,331.5,511.0,NORTH BEND,,WDH4086,31,0,20,6,,90,A
367614030,2022-01-01T18:29:00,43.34659,-124.32051,0.1,318.3,511.0,NORTH BEND,,WDH4086,31,0,20,6,,90,A
367614030,2022-01-01T18:47:29,43.34658,-124.32052,0.0,241.4,511.0,NORTH BEND,,WDH4086,31,0,20,6,,90,A
367614030,2022-01-01T19:27:00,43.34656,-124.32053,0.1,278.4,511.0,NORTH BEND,,WDH4086,31,0,20,6,,90,A
367614030,2022-01-01T08:01:20,43.34654,-124.32053,0.0,233.4,511.0,NORTH BEND,,WDH4086,31,0,20,6,,90,A
367614030,2022-01-01T18:49:40,43.34658,-124.32054,0.0,245.6,511.0,NORTH BEND,,WDH4086,31,0,20,6,,90,A
367614030,2022-01-01T18:35:49,43.34660,-124.32052,0.1,235.7,511.0,NORTH BEND,,WDH4086,31,0,20,6,,90,A
367614030,2022-01-01T19:30:40,43.34656,-124.32051,0.0,276.4,511.0,NORTH BEND,,WDH4086,31,0,20,6,,90,A
367614030,2022-01-01T19:31:49,43.34655,-124.32050,0.1,273.5,511.0,NORTH BEND,,WDH4086,31,0,20,6,,90,A
367614030,2022-01-01T18:53:09,43.34655,-124.32051,0.1,246.0,511.0,NORTH BEND,,WDH4086,31,0,20,6,,90,A
367614030,2022-01-01T18:38:10,43.34657,-124.32055,0.0,224.1,511.0,NORTH BEND,,WDH4086,31,0,20,6,,90,A
367614030,2022-01-01T18:40:29,43.34657,-124.32054,0.1,214.7,511.0,NORTH BEND,,WDH4086,31,0,20,6,,90,A
367614030,2022-01-01T18:39:19,43.34658,-124.32054,0.0,235.4,511.0,NORTH BEND,,WDH4086,31,0,20,6,,90,A
367614030,2022-01-01T18:44:00,43.34658,-124.32051,0.1,236.9,511.0,NORTH BEND,,WDH4086,31,0,20,6,,90,A
367614030,2022-01-01T19:34:09,43.34653,-124.32046,0.1,278.4,511.0,NORTH BEND,,WDH4086,31,0,20,6,,90,A
367614030,2022-01-01T18:41:40,43.34658,-124.32056,0.0,223.5,511.0,NORTH BEND,,WDH4086,31,0,20,6,,90,A
367614030,2022-01-01T19:35:30,43.34652,-124.32052,0.0,278.8,511.0,NORTH BEND,,WDH4086,31,0,20,6,,90,A
367614030,2022-01-01T18:45:10,43.34661,-124.32054,0.0,240.4,511.0,NORTH BEND,,WDH4086,31,0,20,6,,90,A
367614030,2022-01-01T18:20:59,43.34658,-124.32051,0.1,331.2,511.0,NORTH BEND,,WDH4086,31,0,20,6,,90,A
367614030,2022-01-01T19:41:30,43.34654,-124.32053,0.0,276.1,511.0,NORTH BEND,,WDH4086,31,0,20,6,,90,A
367614030,2022-01-01T19:01:19,43.34655,-124.32052,0.1,302.2,511.0,NORTH BEND,,WDH4086,31,0,20,6,,90,A
367614030,2022-01-01T18:48:39,43.34658,-124.32051,0.0,240.8,511.0,NORTH BEND,,WDH4086,31,0,20,6,,90,A
367614030,2022-01-01T18:55:19,43.34658,-124.32053,0.0,257.0,511.0,NORTH BEND,,WDH4086,31,0,20,6,,90,A
367614030,2022-01-01T19:47:19,43.34654,-124.32052,0.0,245.4,511.0,NORTH BEND,,WDH4086,31,0,20,6,,90,A
367614030,2022-01-01T19:05:59,43.34655,-124.32051,0.1,317.8,511.0,NORTH BEND,,WDH4086,31,0,20,6,,90,A
367614030,2022-01-01T18:51:59,43.34656,-124.32053,0.1,262.0,511.0,NORTH BEND,,WDH4086,31,0,20,6,,90,A
367614030,2022-01-01T19:08:20,43.34654,-124.32047,0.0,319.1,511.0,NORTH BEND,,WDH4086,31,0,20,6,,90,A
367614030,2022-01-01T18:31:10,43.34658,-124.32054,0.1,271.8,511.0,NORTH BEND,,WDH4086,31,0,20,6,,90,A
367614030,2022-01-01T18:33:29,43.34659,-124.32055,0.1,241.3,511.0,NORTH BEND,,WDH4086,31,0,20,6,,90,A
367614030,2022-01-01T19:09:30,43.34653,-124.32049,0.0,318.9,511.0,NORTH BEND,,WDH4086,31,0,20,6,,90,A
367614030,2022-01-01T18:54:10,43.34656,-124.32050,0.1,246.4,511.0,NORTH BEND,,WDH4086,31,0,20,6,,90,A
367614030,2022-01-01T18:57:40,43.34655,-124.32051,0.0,281.3,511.0,NORTH BEND,,WDH4086,31,0,20,6,,90,A
367614030,2022-01-01T19:53:09,43.34654,-124.32052,0.0,272.3,511.0,NORTH BEND,,WDH4086,31,0,20,6,,90,A
367614030,2022-01-01T18:58:49,43.34654,-124.32051,0.1,285.4,511.0,NORTH BEND,,WDH4086,31,0,20,6,,90,A
367614030,2022-01-01T18:59:59,43.34655,-124.32049,0.1,282.6,511.0,NORTH BEND,,WDH4086,31,0,20,6,,90,A
367614030,2022-01-01T19:17:40,43.34656,-124.32054,0.1,310.6,511.0,NORTH BEND,,WDH4086,31,0,20,6,,90,A
367614030,2022-01-01T18:42:50,43.34657,-124.32053,0.0,228.5,511.0,NORTH BEND,,WDH4086,31,0,20,6,,90,A
367614030,2022-01-01T19:18:49,43.34655,-124.32057,0.0,317.3,511.0,NORTH BEND,,WDH4086,31,0,20,6,,90,A
367614030,2022-01-01T19:04:49,43.34655,-124.32051,0.0,313.9,511.0,NORTH BEND,,WDH4086,31,0,20,6,,90,A
367614030,2022-01-01T19:21:09,43.34656,-124.32056,0.1,319.6,511.0,NORTH BEND,,WDH4086,31,0,20,6,,90,A
367614030,2022-01-01T20:01:30,43.34656,-124.32051,0.0,299.2,511.0,NORTH BEND,,WDH4086,31,0,20,6,,90,A
367614030,2022-01-01T08:16:39,43.34657,-124.32053,0.0,161.8,511.0,NORTH BEND,,WDH4086,31,0,20,6,,90,A
367614030,2022-01-01T20:05:00,43.34653,-124.32049,0.0,285.4,511.0,NORTH BEND,,WDH4086,31,0,20,6,,90,A
367614030,2022-01-01T19:14:10,43.34655,-124.32051,0.1,297.8,511.0,NORTH BEND,,WDH4086,31,0,20,6,,90,A
367614030,2022-01-01T19:28:09,43.34655,-124.32048,0.0,276.9,511.0,NORTH BEND,,WDH4086,31,0,20,6,,90,A
367614030,2022-01-01T18:50:50,43.34656,-124.32056,0.0,255.6,511.0,NORTH BEND,,WDH4086,31,0,20,6,,90,A
367614030,2022-01-01T19:20:00,43.34655,-124.32052,0.0,320.5,511.0,NORTH BEND,,WDH4086,31,0,20,6,,90,A
367614030,2022-01-01T19:15:20,43.34656,-124.32051,0.0,298.7,511.0,NORTH BEND,,WDH4086,31,0,20,6,,90,A
367614030,2022-01-01T08:22:30,43.34654,-124.32052,0.0,166.5,511.0,NORTH BEND,,WDH4086,31,0,20,6,,90,A
367614030,2022-01-01T19:22:20,43.34656,-124.32058,0.1,323.6,511.0,NORTH BEND,,WDH4086,31,0,20,6,,90,A
367614030,2022-01-01T20:17:50,43.34653,-124.32054,0.0,284.9,511.0,NORTH BEND,,WDH4086,31,0,20,6,,90,A
367614030,2022-01-01T19:23:29,43.34658,-124.32053,0.1,301.6,511.0,NORTH BEND,,WDH4086,31,0,20,6,,90,A
367614030,2022-01-01T19:39:09,43.34653,-124.32052,0.0,288.3,511.0,NORTH BEND,,WDH4086,31,0,20,6,,90,A
367614030,2022-01-01T19:44:59,43.34653,-124.32051,0.0,254.4,511.0,NORTH BEND,,WDH4086,31,0,20,6,,90,A
367614030,2022-01-01T19:24:40,43.34655,-124.32057,0.0,278.2,511.0,NORTH BEND,,WDH4086,31,0,20,6,,90,A
367614030,2022-01-01T19:07:10,43.34656,-124.32048,0.0,325.4,511.0,NORTH BEND,,WDH4086,31,0,20,6,,90,A
367614030,2022-01-01T19:48:30,43.34654,-124.32052,0.0,261.7,511.0,NORTH BEND,,WDH4086,31,0,20,6,,90,A
367614030,2022-01-01T19:32:59,43.34654,-124.32053,0.1,269.5,511.0,NORTH BEND,,WDH4086,31,0,20,6,,90,A
367614030,2022-01-01T19:29:20,43.34655,-124.32054,0.1,278.6,511.0,NORTH BEND,,WDH4086,31,0,20,6,,90,A
367614030,2022-01-01T19:37:49,43.34651,-124.32054,0.0,282.3,511.0,NORTH BEND,,WDH4086,31,0,20,6,,90,A
367614030,2022-01-01T19:54:20,43.34652,-124.32055,0.0,283.1,511.0,NORTH BEND,,WDH4086,31,0,20,6,,90,A
367614030,2022-01-01T19:13:00,43.34654,-124.32051,0.1,283.0,511.0,NORTH BEND,,WDH4086,31,0,20,6,,90,A
367614030,2022-01-01T19:57:40,43.34654,-124.32053,0.0,296.3,511.0,NORTH BEND,,WDH4086,31,0,20,6,,90,A
367614030,2022-01-01T19:16:29,43.34656,-124.32051,0.1,316.2,511.0,NORTH BEND,,WDH4086,31,0,20,6,,90,A
367614030,2022-01-01T19:36:39,43.34652,-124.32050,0.0,280.0,511.0,NORTH BEND,,WDH4086,31,0,20,6,,90,A
367614030,2022-01-01T20:39:09,43.34656,-124.32051,0.0,326.3,511.0,NORTH BEND,,WDH4086,31,0,20,6,,90,A
367614030,2022-01-01T19:40:19,43.34653,-124.32055,0.0,287.4,511.0,NORTH BEND,,WDH4086,31,0,20,6,,90,A
367614030,2022-01-01T19:59:59,43.34657,-124.32053,0.0,297.0,511.0,NORTH BEND,,WDH4086,31,0,20,6,,90,A
367614030,2022-01-01T20:08:30,43.34655,-124.32051,0.0,311.6,511.0,NORTH BEND,,WDH4086,31,0,20,6,,90,A
367614030,2022-01-01T20:52:00,43.34656,-124.32049,0.0,235.5,511.0,NORTH BEND,,WDH4086,31,0,20,6,,90,A
367614030,2022-01-01T20:13:10,43.34655,-124.32051,0.0,328.7,511.0,NORTH BEND,,WDH4086,31,0,20,6,,90,A
367614030,2022-01-01T19:50:49,43.34653,-124.32052,0.0,263.8,511.0,NORTH BEND,,WDH4086,31,0,20,6,,90,A
367614030,2022-01-01T19:51:59,43.34656,-124.32052,0.0,275.0,511.0,NORTH BEND,,WDH4086,31,0,20,6,,90,A
367614030,2022-01-01T20:11:49,43.34655,-124.32050,0.0,339.5,511.0,NORTH BEND,,WDH4086,31,0,20,6,,90,A
367614030,2022-01-01T08:37:29,43.34655,-124.32052,0.0,236.9,511.0,NORTH BEND,,WDH4086,31,0,20,6,,90,A
367614030,2022-01-01T21:00:00,43.34658,-124.32052,0.0,233.8,511.0,NORTH BEND,,WDH4086,31,0,20,6,,90,A
367614030,2022-01-01T21:03:29,43.34655,-124.32054,0.0,239.6,511.0,NORTH BEND,,WDH4086,31,0,20,6,,90,A
367614030,2022-01-01T19:43:49,43.34654,-124.32053,0.0,260.5,511.0,NORTH BEND,,WDH4086,31,0,20,6,,90,A
367614030,2022-01-01T21:05:39,43.34657,-124.32052,0.0,245.6,511.0,NORTH BEND,,WDH4086,31,0,20,6,,90,A
367614030,2022-01-01T20:20:00,43.34654,-124.32053,0.0,274.3,511.0,NORTH BEND,,WDH4086,31,0,20,6,,90,A
367614030,2022-01-01T20:10:39,43.34656,-124.32050,0.0,329.7,511.0,NORTH BEND,,WDH4086,31,0,20,6,,90,A
367614030,2022-01-01T21:09:09,43.34656,-124.32049,0.0,253.1,511.0,NORTH BEND,,WDH4086,31,0,20,6,,90,A
367614030,2022-01-01T20:22:20,43.34654,-124.32050,0.1,271.7,511.0,NORTH BEND,,WDH4086,31,0,20,6,,90,A
367614030,2022-01-01T20:09:38,43.34656,-124.32050,0.0,322.1,511.0,NORTH BEND,,WDH4086,31,0,20,6,,90,A
367614030,2022-01-01T19:49:40,43.34654,-124.32052,0.0,257.2,511.0,NORTH BEND,,WDH4086,31,0,20,6,,90,A
367614030,2022-01-01T08:45:40,43.34656,-124.32053,0.1,230.2,511.0,NORTH BEND,,WDH4086,31,0,20,6,,90,A
367614030,2022-01-01T20:34:30,43.34658,-124.32049,0.0,339.6,511.0,NORTH BEND,,WDH4086,31,0,20,6,,90,A
367614030,2022-01-01T20:06:09,43.34655,-124.32052,0.0,298.6,511.0,NORTH BEND,,WDH4086,31,0,20,6,,90,A
367614030,2022-01-01T20:16:40,43.34655,-124.32054,0.0,287.3,511.0,NORTH BEND,,WDH4086,31,0,20,6,,90,A
367614030,2022-01-01T20:18:59,43.34653,-124.32053,0.0,278.0,511.0,NORTH BEND,,WDH4086,31,0,20,6,,90,A
367614030,2022-01-01T20:41:29,43.34656,-124.32051,0.0,268.4,511.0,NORTH BEND,,WDH4086,31,0,20,6,,90,A
367614030,2022-01-01T20:26:50,43.34654,-124.32051,0.0,333.8,511.0,NORTH BEND,,WDH4086,31,0,20,6,,90,A
367614030,2022-01-01T20:28:00,43.34652,-124.32051,0.0,342.0,511.0,NORTH BEND,,WDH4086,31,0,20,6,,90,A
367614030,2022-01-01T20:21:10,43.34654,-124.32051,0.0,272.7,511.0,NORTH BEND,,WDH4086,31,0,20,6,,90,A
367614030,2022-01-01T20:03:49,43.34654,-124.32054,0.0,294.9,511.0,NORTH BEND,,WDH4086,31,0,20,6,,90,A
367614030,2022-01-01T20:49:40,43.34660,-124.32049,0.0,229.4,511.0,NORTH BEND,,WDH4086,31,0,20,6,,90,A
367614030,2022-01-01T20:07:20,43.34654,-124.32052,0.0,302.7,511.0,NORTH BEND,,WDH4086,31,0,20,6,,90,A
367614030,2022-01-01T20:47:19,43.34658,-124.32049,0.0,233.3,511.0,NORTH BEND,,WDH4086,31,0,20,6,,90,A
367614030,2022-01-01T20:33:20,43.34655,-124.32051,0.0,342.4,511.0,NORTH BEND,,WDH4086,31,0,20,6,,90,A
367614030,2022-01-01T21:35:49,43.34656,-124.32050,0.0,274.3,511.0,NORTH BEND,,WDH4086,31,0,20,6,,90,A
367614030,2022-01-01T21:38:09,43.34654,-124.32050,0.1,253.4,511.0,NORTH BEND,,WDH4086,31,0,20,6,,90,A
367614030,2022-01-01T20:57:50,43.34658,-124.32052,0.1,233.9,511.0,NORTH BEND,,WDH4086,31,0,20,6,,90,A
367614030,2022-01-01T21:39:20,43.34656,-124.32051,0.0,250.0,511.0,NORTH BEND,,WDH4086,31,0,20,6,,90,A
367614030,2022-01-01T20:32:10,43.34658,-124.32050,0.1,349.1,511.0,NORTH BEND,,WDH4086,31,0,20,6,,90,A
367614030,2022-01-01T21:01:09,43.34657,-124.32051,0.0,233.6,511.0,NORTH BEND,,WDH4086,31,0,20,6,,90,A
367614030,2022-01-01T08:58:19,43.34657,-124.32053,0.0,217.7,511.0,NORTH BEND,,WDH4086,31,0,20,6,,90,A
367614030,2022-01-01T20:59:00,43.34658,-124.32052,0.0,235.0,511.0,NORTH BEND,,WDH4086,31,0,20,6,,90,A
367614030,2022-01-01T20:46:10,43.34663,-124.32049,0.0,235.9,511.0,NORTH BEND,,WDH4086,31,0,20,6,,90,A
367614030,2022-01-01T20:50:49,43.34655,-124.32048,0.0,229.3,511.0,NORTH BEND,,WDH4086,31,0,20,6,,90,A
367614030,2022-01-01T20:24:30,43.34654,-124.32049,0.0,307.7,511.0,NORTH BEND,,WDH4086,31,0,20,6,,90,A
367614030,2022-01-01T21:06:49,43.34651,-124.32054,0.0,256.5,511.0,NORTH BEND,,WDH4086,31,0,20,6,,90,A
367614030,2022-01-01T20:48:29,43.34663,-124.32051,0.0,234.5,511.0,NORTH BEND,,WDH4086,31,0,20,6,,90,A
367614030,2022-01-01T21:47:50,43.34654,-124.32051,0.0,228.2,511.0,NORTH BEND,,WDH4086,31,0,20,6,,90,A
367614030,2022-01-01T20:53:10,43.34656,-124.32050,0.0,236.5,511.0,NORTH BEND,,WDH4086,31,0,20,6,,90,A
367614030,2022-01-01T21:48:59,43.34654,-124.32053,0.0,240.7,511.0,NORTH BEND,,WDH4086,31,0,20,6,,90,A
367614030,2022-01-01T20:25:39,43.34654,-124.32048,0.0,325.9,511.0,NORTH BEND,,WDH4086,31,0,20,6,,90,A
367614030,2022-01-01T09:03:39,43.34652,-124.32055,0.0,220.3,511.0,NORTH BEND,,WDH4086,31,0,20,6,,90,A
367614030,2022-01-01T21:50:09,43.34653,-124.32049,0.0,255.6,511.0,NORTH BEND,,WDH4086,31,0,20,6,,90,A
367614030,2022-01-01T20:55:29,43.34656,-124.32049,0.0,236.4,511.0,NORTH BEND,,WDH4086,31,0,20,6,,90,A
367614030,2022-01-01T20:29:10,43.34656,-124.32052,0.1,347.2,511.0,NORTH BEND,,WDH4086,31,0,20,6,,90,A
367614030,2022-01-01T20:44:59,43.34656,-124.32049,0.0,242.8,511.0,NORTH BEND,,WDH4086,31,0,20,6,,90,A
367614030,2022-01-01T20:31:00,43.34656,-124.32052,0.0,346.2,511.0,NORTH BEND,,WDH4086,31,0,20,6,,90,A
367614030,2022-01-01T09:04:50,43.34653,-124.32052,0.0,213.4,511.0,NORTH BEND,,WDH4086,31,0,20,6,,90,A
367614030,2022-01-01T21:56:59,43.34654,-124.32049,0.0,315.5,511.0,NORTH BEND,,WDH4086,31,0,20,6,,90,A
367614030,2022-01-01T21:58:09,43.34656,-124.32051,0.0,320.3,511.0,NORTH BEND,,WDH4086,31,0,20,6,,90,A
367614030,2022-01-01T20:38:00,43.34658,-124.32051,0.0,348.9,511.0,NORTH BEND,,WDH4086,31,0,20,6,,90,A
367614030,2022-01-01T21:07:59,43.34655,-124.32050,0.1,258.4,511.0,NORTH BEND,,WDH4086,31,0,20,6,,90,A
367614030,2022-01-01T22:07:09,43.34654,-124.32052,0.0,336.7,511.0,NORTH BEND,,WDH4086,31,0,20,6,,90,A
367614030,2022-01-01T21:04:30,43.34665,-124.32051,0.0,244.4,511.0,NORTH BEND,,WDH4086,31,0,20,6,,90,A
367614030,2022-01-01T20:40:19,43.34658,-124.32051,0.1,296.4,511.0,NORTH BEND,,WDH4086,31,0,20,6,,90,A
367614030,2022-01-01T20:42:40,43.34657,-124.32052,0.0,261.1,511.0,NORTH BEND,,WDH4086,31,0,20,6,,90,A
367614030,2022-01-01T21:13:40,43.34656,-124.32052,0.0,240.0,511.0,NORTH BEND,,WDH4086,31,0,20,6,,90,A
367614030,2022-01-01T21:16:10,43.34656,-124.32052,0.0,245.0,511.0,NORTH BEND,,WDH4086,31,0,20,6,,90,A
367614030,2022-01-01T09:12:09,43.34656,-124.32054,0.0,229.9,511.0,NORTH BEND,,WDH4086,31,0,20,6,,90,A
367614030,2022-01-01T21:14:59,43.34655,-124.32052,0.0,239.0,511.0,NORTH BEND,,WDH4086,31,0,20,6,,90,A
367614030,2022-01-01T21:34:39,43.34653,-124.32050,0.0,272.6,511.0,NORTH BEND,,WDH4086,31,0,20,6,,90,A
367614030,2022-01-01T20:54:19,43.34656,-124.32049,0.0,236.2,511.0,NORTH BEND,,WDH4086,31,0,20,6,,90,A
367614030,2022-01-01T22:22:20,43.34653,-124.32053,0.0,340.1,511.0,NORTH BEND,,WDH4086,31,0,20,6,,90,A
367614030,2022-01-01T21:10:10,43.34658,-124.32051,0.0,250.1,511.0,NORTH BEND,,WDH4086,31,0,20,6,,90,A
367614030,2022-01-01T22:30:59,43.34656,-124.32051,0.0,337.5,511.0,NORTH BEND,,WDH4086,31,0,20,6,,90,A
367614030,2022-01-01T21:02:19,43.34658,-124.32053,0.1,236.8,511.0,NORTH BEND,,WDH4086,31,0,20,6,,90,A
367614030,2022-01-01T21:17:19,43.34654,-124.32055,0.1,237.7,511.0,NORTH BEND,,WDH4086,31,0,20,6,,90,A
367614030,2022-01-01T21:45:19,43.34655,-124.32053,0.1,237.3,511.0,NORTH BEND,,WDH4086,31,0,20,6,,90,A
367614030,2022-01-01T22:34:30,43.34657,-124.32049,0.0,333.3,511.0,NORTH BEND,,WDH4086,31,0,20,6,,90,A
367614030,2022-01-01T21:27:59,43.34658,-124.32054,0.0,250.6,511.0,NORTH BEND,,WDH4086,31,0,20,6,,90,A
367614030,2022-01-01T09:26:09,43.34654,-124.32051,0.1,262.2,511.0,NORTH BEND,,WDH4086,31,0,20,6,,90,A
367614030,2022-01-01T22:40:39,43.34656,-124.32050,0.0,268.8,511.0,NORTH BEND,,WDH4086,31,0,20,6,,90,A
367614030,2022-01-01T21:41:39,43.34658,-124.32052,0.1,242.4,511.0,NORTH BEND,,WDH4086,31,0,20,6,,90,A
367614030,2022-01-01T21:12:30,43.34655,-124.32051,0.0,243.3,511.0,NORTH BEND,,WDH4086,31,0,20,6,,90,A
367614030,2022-01-01T21:54:39,43.34654,-124.32050,0.1,304.3,511.0,NORTH BEND,,WDH4086,31,0,20,6,,90,A
367614030,2022-01-01T21:42:50,43.34655,-124.32055,0.0,243.1,511.0,NORTH BEND,,WDH4086,31,0,20,6,,90,A
367614030,2022-01-01T21:53:30,43.34655,-124.32051,0.0,292.0,511.0,NORTH BEND,,WDH4086,31,0,20,6,,90,A
367614030,2022-01-01T21:18:29,43.34652,-124.32056,0.0,243.7,511.0,NORTH BEND,,WDH4086,31,0,20,6,,90,A
367614030,2022-01-01T21:19:40,43.34653,-124.32055,0.1,252.1,511.0,NORTH BEND,,WDH4086,31,0,20,6,,90,A
367614030,2022-01-01T21:20:50,43.34652,-124.32058,0.0,246.6,511.0,NORTH BEND,,WDH4086,31,0,20,6,,90,A
367614030,2022-01-01T22:02:30,43.34655,-124.32051,0.0,331.5,511.0,NORTH BEND,,WDH4086,31,0,20,6,,90,A
367614030,2022-01-01T22:04:49,43.34652,-124.32054,0.1,333.4,511.0,NORTH BEND,,WDH4086,31,0,20,6,,90,A
367614030,2022-01-01T21:23:09,43.34652,-124.32055,0.1,255.7,511.0,NORTH BEND,,WDH4086,31,0,20,6,,90,A
367614030,2022-01-01T21:32:20,43.34653,-124.32052,0.0,252.9,511.0,NORTH BEND,,WDH4086,31,0,20,6,,90,A
367614030,2022-01-01T21:33:29,43.34653,-124.32051,0.0,276.1,511.0,NORTH BEND,,WDH4086,31,0,20,6,,90,A
367614030,2022-01-01T21:25:40,43.34654,-124.32055,0.0,251.6,511.0,NORTH BEND,,WDH4086,31,0,20,6,,90,A
367614030,2022-01-01T21:36:59,43.34655,-124.32049,0.0,264.0,511.0,NORTH BEND,,WDH4086,31,0,20,6,,90,A
367614030,2022-01-01T22:09:19,43.34652,-124.32053,0.0,337.9,511.0,NORTH BEND,,WDH4086,31,0,20,6,,90,A
367614030,2022-01-01T21:29:10,43.34654,-124.32055,0.0,248.6,511.0,NORTH BEND,,WDH4086,31,0,20,6,,90,A
367614030,2022-01-01T22:11:40,43.34655,-124.32050,0.1,335.4,511.0,NORTH BEND,,WDH4086,31,0,20,6,,90,A
367614030,2022-01-01T21:40:29,43.34658,-124.32053,0.0,246.0,511.0,NORTH BEND,,WDH4086,31,0,20,6,,90,A
367614030,2022-01-01T23:02:19,43.34656,-124.32052,0.0,260.3,511.0,NORTH BEND,,WDH4086,31,0,20,6,,90,A
367614030,2022-01-01T22:13:59,43.34656,-124.32051,0.0,337.6,511.0,NORTH BEND,,WDH4086,31,0,20,6,,90,A
367614030,2022-01-01T22:12:49,43.34657,-124.32051,0.0,335.5,511.0,NORTH BEND,,WDH4086,31,0,20,6,,90,A
367614030,2022-01-01T22:03:40,43.34654,-124.32051,0.0,330.4,511.0,NORTH BEND,,WDH4086,31,0,20,6,,90,A
367614030,2022-01-01T22:16:29,43.34655,-124.32051,0.0,340.6,511.0,NORTH BEND,,WDH4086,31,0,20,6,,90,A
367614030,2022-01-01T22:23:30,43.34655,-124.32051,0.0,340.2,511.0,NORTH BEND,,WDH4086,31,0,20,6,,90,A
367614030,2022-01-01T22:01:19,43.34656,-124.32050,0.0,328.8,511.0,NORTH BEND,,WDH4086,31,0,20,6,,90,A
367614030,2022-01-01T21:52:20,43.34655,-124.32051,0.1,274.4,511.0,NORTH BEND,,WDH4086,31,0,20,6,,90,A
367614030,2022-01-01T22:29:20,43.34657,-124.32052,0.0,339.9,511.0,NORTH BEND,,WDH4086,31,0,20,6,,90,A
367614030,2022-01-01T21:59:19,43.34657,-124.32050,0.0,322.7,511.0,NORTH BEND,,WDH4086,31,0,20,6,,90,A
367614030,2022-01-01T22:38:10,43.34655,-124.32053,0.0,308.0,511.0,NORTH BEND,,WDH4086,31,0,20,6,,90,A
367614030,2022-01-01T22:24:39,43.34656,-124.32054,0.0,337.5,511.0,NORTH BEND,,WDH4086,31,0,20,6,,90,A
367614030,2022-01-01T22:17:39,43.34656,-124.32050,0.0,338.7,511.0,NORTH BEND,,WDH4086,31,0,20,6,,90,A
367614030,2022-01-01T21:55:50,43.34654,-124.32049,0.0,307.4,511.0,NORTH BEND,,WDH4086,31,0,20,6,,90,A
367614030,2022-01-01T22:18:49,43.34656,-124.32050,0.0,340.5,511.0,NORTH BEND,,WDH4086,31,0,20,6,,90,A
367614030,2022-01-01T22:45:20,43.34655,-124.32052,0.0,237.5,511.0,NORTH BEND,,WDH4086,31,0,20,6,,90,A
367614030,2022-01-01T22:00:09,43.34656,-124.32049,0.0,324.5,511.0,NORTH BEND,,WDH4086,31,0,20,6,,90,A
367614030,2022-01-01T22:27:09,43.34655,-124.32050,0.0,334.1,511.0,NORTH BEND,,WDH4086,31,0,20,6,,90,A
367614030,2022-01-01T22:33:19,43.34656,-124.32051,0.0,331.1,511.0,NORTH BEND,,WDH4086,31,0,20,6,,90,A
367614030,2022-01-01T09:51:30,43.34657,-124.32053,0.1,298.8,511.0,NORTH BEND,,WDH4086,31,0,20,6,,90,A
367614030,2022-01-01T22:20:00,43.34655,-124.32051,0.0,339.1,511.0,NORTH BEND,,WDH4086,31,0,20,6,,90,A
367614030,2022-01-01T23:47:19,43.34656,-124.32055,0.0,197.4,511.0,NORTH BEND,,WDH4086,31,0,20,6,,90,A
367614030,2022-01-01T22:56:59,43.34658,-124.32051,0.0,223.8,511.0,NORTH BEND,,WDH4086,31,0,20,6,,90,A
367614030,2022-01-01T22:10:29,43.34654,-124.32051,0.0,333.8,511.0,NORTH BEND,,WDH4086,31,0,20,6,,90,A
367614030,2022-01-01T22:58:10,43.34657,-124.32051,0.0,226.9,511.0,NORTH BEND,,WDH4086,31,0,20,6,,90,A
367614030,2022-01-01T22:44:10,43.34655,-124.32055,0.0,247.6,511.0,NORTH BEND,,WDH4086,31,0,20,6,,90,A
367614030,2022-01-01T22:15:10,43.34656,-124.32051,0.0,339.9,511.0,NORTH BEND,,WDH4086,31,0,20,6,,90,A
367614030,2022-01-01T22:28:19,43.34657,-124.32052,0.0,330.5,511.0,NORTH BEND,,WDH4086,31,0,20,6,,90,A
367614030,2022-01-01T22:42:59,43.34658,-124.32052,0.0,254.7,511.0,NORTH BEND,,WDH4086,31,0,20,6,,90,A
367614030,2022-01-01T22:32:10,43.34656,-124.32053,0.0,335.2,511.0,NORTH BEND,,WDH4086,31,0,20,6,,90,A
367614030,2022-01-01T22:46:30,43.34657,-124.32052,0.0,233.6,511.0,NORTH BEND,,WDH4086,31,0,20,6,,90,A
367614030,2022-01-01T22:47:39,43.34655,-124.32049,0.0,228.5,511.0,NORTH BEND,,WDH4086,31,0,20,6,,90,A
367614030,2022-01-01T23:09:09,43.34658,-124.32051,0.0,341.2,511.0,NORTH BEND,,WDH4086,31,0,20,6,,90,A
367614030,2022-01-01T22:21:10,43.34655,-124.32053,0.0,340.8,511.0,NORTH BEND,,WDH4086,31,0,20,6,,90,A
367614030,2022-01-01T22:49:59,43.34658,-124.32051,0.0,226.1,511.0,NORTH BEND,,WDH4086,31,0,20,6,,90,A
367614030,2022-01-01T22:54:39,43.34657,-124.32049,0.0,219.9,511.0,NORTH BEND,,WDH4086,31,0,20,6,,90,A
367614030,2022-01-01T23:10:20,43.34657,-124.32052,0.0,348.2,511.0,NORTH BEND,,WDH4086,31,0,20,6,,90,A
367614030,2022-01-01T22:35:49,43.34656,-124.32049,0.0,333.5,511.0,NORTH BEND,,WDH4086,31,0,20,6,,90,A
367614030,2022-01-01T22:25:49,43.34655,-124.32053,0.0,333.3,511.0,NORTH BEND,,WDH4086,31,0,20,6,,90,A
367614030,2022-01-01T23:17:20,43.34658,-124.32052,0.0,3.6,511.0,NORTH BEND,,WDH4086,31,0,20,6,,90,A
367614030,2022-01-01T23:15:00,43.34654,-124.32056,0.0,0.1,511.0,NORTH BEND,,WDH4086,31,0,20,6,,90,A
367614030,2022-01-01T22:59:20,43.34658,-124.32053,0.0,234.2,511.0,NORTH BEND,,WDH4086,31,0,20,6,,90,A
367614030,2022-01-01T22:41:49,43.34654,-124.32052,0.0,265.2,511.0,NORTH BEND,,WDH4086,31,0,20,6,,90,A
367614030,2022-01-01T23:03:29,43.34658,-124.32050,0.0,274.8,511.0,NORTH BEND,,WDH4086,31,0,20,6,,90,A
367614030,2022-01-01T23:05:40,43.34659,-124.32051,0.0,306.6,511.0,NORTH BEND,,WDH4086,31,0,20,6,,90,A
367614030,2022-01-01T23:08:00,43.34659,-124.32051,0.0,337.0,511.0,NORTH BEND,,WDH4086,31,0,20,6,,90,A
367614030,2022-01-01T23:26:39,43.34656,-124.32052,0.0,350.7,511.0,NORTH BEND,,WDH4086,31,0,20,6,,90,A
367614030,2022-01-01T23:06:49,43.34658,-124.32051,0.0,322.2,511.0,NORTH BEND,,WDH4086,31,0,20,6,,90,A
367614030,2022-01-01T23:11:30,43.34658,-124.32050,0.0,356.5,511.0,NORTH BEND,,WDH4086,31,0,20,6,,90,A
367614030,2022-01-01T23:13:49,43.34656,-124.32051,0.0,3.1,511.0,NORTH BEND,,WDH4086,31,0,20,6,,90,A
367614030,2022-01-01T23:32:20,43.34655,-124.32051,0.0,312.3,511.0,NORTH BEND,,WDH4086,31,0,20,6,,90,A
367614030,2022-01-01T22:52:19,43.34658,-124.32053,0.0,225.3,511.0,NORTH BEND,,WDH4086,31,0,20,6,,90,A
367614030,2022-01-01T22:53:30,43.34656,-124.32051,0.0,220.8,511.0,NORTH BEND,,WDH4086,31,0,20,6,,90,A
367614030,2022-01-01T23:12:39,43.34655,-124.32053,0.0,1.3,511.0,NORTH BEND,,WDH4086,31,0,20,6,,90,A
367614030,2022-01-01T23:29:59,43.34654,-124.32052,0.0,326.1,511.0,NORTH BEND,,WDH4086,31,0,20,6,,90,A
367614030,2022-01-01T22:48:50,43.34656,-124.32049,0.0,230.6,511.0,NORTH BEND,,WDH4086,31,0,20,6,,90,A
367614030,2022-01-01T23:33:29,43.34654,-124.32051,0.0,303.9,511.0,NORTH BEND,,WDH4086,31,0,20,6,,90,A
367614030,2022-01-01T23:34:40,43.34656,-124.32052,0.0,295.9,511.0,NORTH BEND,,WDH4086,31,0,20,6,,90,A
367614030,2022-01-01T23:35:49,43.34655,-124.32051,0.0,293.3,511.0,NORTH BEND,,WDH4086,31,0,20,6,,90,A
367614030,2022-01-01T22:51:09,43.34656,-124.32052,0.0,223.1,511.0,NORTH BEND,,WDH4086,31,0,20,6,,90,A
367614030,2022-01-01T22:59:59,43.34658,-124.32050,0.0,241.7,511.0,NORTH BEND,,WDH4086,31,0,20,6,,90,A
367614030,2022-01-01T23:23:09,43.34656,-124.32052,0.0,7.3,511.0,NORTH BEND,,WDH4086,31,0,20,6,,90,A
367614030,2022-01-01T23:04:30,43.34656,-124.32051,0.0,288.6,511.0,NORTH BEND,,WDH4086,31,0,20,6,,90,A
367614030,2022-01-01T23:25:29,43.34656,-124.32053,0.0,2.2,511.0,NORTH BEND,,WDH4086,31,0,20,6,,90,A
367614030,2022-01-01T22:55:50,43.34657,-124.32050,0.0,227.3,511.0,NORTH BEND,,WDH4086,31,0,20,6,,90,A
367614030,2022-01-01T23:40:30,43.34654,-124.32052,0.0,228.4,511.0,NORTH BEND,,WDH4086,31,0,20,6,,90,A
367614030,2022-01-01T23:41:40,43.34657,-124.32054,0.0,213.6,511.0,NORTH BEND,,WDH4086,31,0,20,6,,90,A
367614030,2022-01-01T23:31:10,43.34655,-124.32050,0.0,314.4,511.0,NORTH BEND,,WDH4086,31,0,20,6,,90,A
367614030,2022-01-01T23:46:09,43.34655,-124.32054,0.0,199.6,511.0,NORTH BEND,,WDH4086,31,0,20,6,,90,A
367614030,2022-01-01T23:39:20,43.34654,-124.32053,0.0,240.9,511.0,NORTH BEND,,WDH4086,31,0,20,6,,90,A
367614030,2022-01-01T23:51:59,43.34654,-124.32051,0.0,201.2,511.0,NORTH BEND,,WDH4086,31,0,20,6,,90,A
367614030,2022-01-01T23:53:10,43.34653,-124.32053,0.0,202.0,511.0,NORTH BEND,,WDH4086,31,0,20,6,,90,A
367614030,2022-01-01T23:54:19,43.34655,-124.32050,0.0,199.0,511.0,NORTH BEND,,WDH4086,31,0,20,6,,90,A
367614030,2022-01-01T23:18:29,43.34655,-124.32051,0.0,8.3,511.0,NORTH BEND,,WDH4086,31,0,20,6,,90,A
367614030,2022-01-01T23:19:39,43.34655,-124.32052,0.0,8.6,511.0,NORTH BEND,,WDH4086,31,0,20,6,,90,A
367614030,2022-01-01T23:56:40,43.34654,-124.32052,0.0,195.8,511.0,NORTH BEND,,WDH4086,31,0,20,6,,90,A
367614030,2022-01-01T23:16:09,43.34656,-124.32052,0.0,3.5,511.0,NORTH BEND,,WDH4086,31,0,20,6,,90,A
367614030,2022-01-01T23:24:20,43.34656,-124.32051,0.0,3.9,511.0,NORTH BEND,,WDH4086,31,0,20,6,,90,A
367614030,2022-01-01T23:27:40,43.34655,-124.32049,0.0,347.7,511.0,NORTH BEND,,WDH4086,31,0,20,6,,90,A
367614030,2022-01-01T23:48:29,43.34654,-124.32051,0.0,193.7,511.0,NORTH BEND,,WDH4086,31,0,20,6,,90,A
367614030,2022-01-01T23:55:29,43.34653,-124.32052,0.0,201.2,511.0,NORTH BEND,,WDH4086,31,0,20,6,,90,A
367614030,2022-01-01T23:38:10,43.34655,-124.32051,0.0,249.0,511.0,NORTH BEND,,WDH4086,31,0,20,6,,90,A
367614030,2022-01-01T23:28:50,43.34654,-124.32052,0.0,345.4,511.0,NORTH BEND,,WDH4086,31,0,20,6,,90,A
367614030,2022-01-01T23:59:09,43.34654,-124.32052,0.0,185.1,511.0,NORTH BEND,,WDH4086,31,0,20,6,,90,A
367614030,2022-01-01T23:42:48,43.34655,-124.32054,0.0,203.8,511.0,NORTH BEND,,WDH4086,31,0,20,6,,90,A
367614030,2022-01-01T10:26:40,43.34657,-124.32054,0.0,319.8,511.0,NORTH BEND,,WDH4086,31,0,20,6,,90,A
367614030,2022-01-01T23:43:50,43.34656,-124.32052,0.0,199.9,511.0,NORTH BEND,,WDH4086,31,0,20,6,,90,A
367614030,2022-01-01T10:35:10,43.34654,-124.32053,0.0,337.4,511.0,NORTH BEND,,WDH4086,31,0,20,6,,90,A
367614030,2022-01-01T10:37:29,43.34655,-124.32053,0.0,334.9,511.0,NORTH BEND,,WDH4086,31,0,20,6,,90,A
367614030,2022-01-01T23:58:00,43.34656,-124.32051,0.0,186.5,511.0,NORTH BEND,,WDH4086,31,0,20,6,,90,A
367614030,2022-01-01T10:44:20,43.34655,-124.32050,0.1,332.5,511.0,NORTH BEND,,WDH4086,31,0,20,6,,90,A
367614030,2022-01-01T10:45:29,43.34654,-124.32054,0.0,335.9,511.0,NORTH BEND,,WDH4086,31,0,20,6,,90,A
367614030,2022-01-01T10:55:50,43.34657,-124.32053,0.1,328.7,511.0,NORTH BEND,,WDH4086,31,0,20,6,,90,A
367614030,2022-01-01T11:03:40,43.34656,-124.32049,0.0,316.9,511.0,NORTH BEND,,WDH4086,31,0,20,6,,90,A
367614030,2022-01-01T11:20:49,43.34655,-124.32050,0.0,243.2,511.0,NORTH BEND,,WDH4086,31,0,20,6,,90,A
367614030,2022-01-01T11:22:00,43.34654,-124.32050,0.1,245.2,511.0,NORTH BEND,,WDH4086,31,0,20,6,,90,A
367614030,2022-01-01T11:33:30,43.34657,-124.32055,0.0,227.8,511.0,NORTH BEND,,WDH4086,31,0,20,6,,90,A
367614030,2022-01-01T11:34:40,43.34657,-124.32052,0.0,234.6,511.0,NORTH BEND,,WDH4086,31,0,20,6,,90,A
367614030,2022-01-01T11:40:29,43.34652,-124.32059,0.1,271.6,511.0,NORTH BEND,,WDH4086,31,0,20,6,,90,A
367614030,2022-01-01T11:46:19,43.34654,-124.32054,0.0,251.4,511.0,NORTH BEND,,WDH4086,31,0,20,6,,90,A
367614030,2022-01-01T11:57:29,43.34654,-124.32052,0.0,242.0,511.0,NORTH BEND,,WDH4086,31,0,20,6,,90,A
367614030,2022-01-01T12:10:19,43.34651,-124.32054,0.0,297.3,511.0,NORTH BEND,,WDH4086,31,0,20,6,,90,A
367614030,2022-01-01T12:33:20,43.34652,-124.32055,0.0,263.6,511.0,NORTH BEND,,WDH4086,31,0,20,6,,90,A
367614030,2022-01-01T12:37:50,43.34650,-124.32050,0.0,276.0,511.0,NORTH BEND,,WDH4086,31,0,20,6,,90,A
367614030,2022-01-01T12:45:50,43.34652,-124.32053,0.0,272.8,511.0,NORTH BEND,,WDH4086,31,0,20,6,,90,A
367614030,2022-01-01T12:56:20,43.34655,-124.32050,0.0,299.4,511.0,NORTH BEND,,WDH4086,31,0,20,6,,90,A
367614030,2022-01-01T13:22:40,43.34654,-124.32054,0.0,312.0,511.0,NORTH BEND,,WDH4086,31,0,20,6,,90,A
367614030,2022-01-01T13:27:11,43.34654,-124.32051,0.1,311.1,511.0,NORTH BEND,,WDH4086,31,0,20,6,,90,A
367614030,2022-01-01T13:40:10,43.34656,-124.32052,0.0,246.4,511.0,NORTH BEND,,WDH4086,31,0,20,6,,90,A
367614030,2022-01-01T13:46:00,43.34655,-124.32050,0.0,243.9,511.0,NORTH BEND,,WDH4086,31,0,20,6,,90,A
367614030,2022-01-01T13:47:09,43.34655,-124.32053,0.0,244.7,511.0,NORTH BEND,,WDH4086,31,0,20,6,,90,A
367614030,2022-01-01T13:58:50,43.34654,-124.32055,0.0,220.5,511.0,NORTH BEND,,WDH4086,31,0,20,6,,90,A
367614030,2022-01-01T14:00:09,43.34654,-124.32054,0.0,218.8,511.0,NORTH BEND,,WDH4086,31,0,20,6,,90,A
367614030,2022-01-01T14:01:20,43.34655,-124.32052,0.0,222.0,511.0,NORTH BEND,,WDH4086,31,0,20,6,,90,A
367614030,2022-01-01T14:16:29,43.34654,-124.32053,0.0,280.1,511.0,NORTH BEND,,WDH4086,31,0,20,6,,90,A
367614030,2022-01-01T14:17:39,43.34657,-124.32057,0.1,285.3,511.0,NORTH BEND,,WDH4086,31,0,20,6,,90,A
367614030,2022-01-01T14:20:00,43.34655,-124.32054,0.0,289.5,511.0,NORTH BEND,,WDH4086,31,0,20,6,,90,A
367614030,2022-01-01T14:46:09,43.34658,-124.32050,0.1,301.6,511.0,NORTH BEND,,WDH4086,31,0,20,6,,90,A
367614030,2022-01-01T14:51:00,43.34655,-124.32051,0.0,278.6,511.0,NORTH BEND,,WDH4086,31,0,20,6,,90,A
367614030,2022-01-01T15:15:20,43.34658,-124.32051,0.0,327.3,511.0,NORTH BEND,,WDH4086,31,0,20,6,,90,A
367614030,2022-01-01T15:16:30,43.34656,-124.32050,0.0,333.8,511.0,NORTH BEND,,WDH4086,31,0,20,6,,90,A
367614030,2022-01-01T15:21:10,43.34654,-124.32051,0.0,285.5,511.0,NORTH BEND,,WDH4086,31,0,20,6,,90,A
367614030,2022-01-01T15:37:40,43.34654,-124.32055,0.0,256.0,511.0,NORTH BEND,,WDH4086,31,0,20,6,,90,A
367614030,2022-01-01T15:44:40,43.34653,-124.32055,0.0,284.6,511.0,NORTH BEND,,WDH4086,31,0,20,6,,90,A
367614030,2022-01-01T15:45:49,43.34654,-124.32053,0.0,286.4,511.0,NORTH BEND,,WDH4086,31,0,20,6,,90,A
367614030,2022-01-01T15:55:19,43.34656,-124.32051,0.0,297.9,511.0,NORTH BEND,,WDH4086,31,0,20,6,,90,A
367614030,2022-01-01T16:03:39,43.34653,-124.32054,0.0,220.9,511.0,NORTH BEND,,WDH4086,31,0,20,6,,90,A
367614030,2022-01-01T16:08:09,43.34654,-124.32052,0.0,189.9,511.0,NORTH BEND,,WDH4086,31,0,20,6,,90,A
367614030,2022-01-01T16:13:59,43.34658,-124.32054,0.1,194.7,511.0,NORTH BEND,,WDH4086,31,0,20,6,,90,A
367614030,2022-01-01T16:24:39,43.34656,-124.32054,0.1,196.8,511.0,NORTH BEND,,WDH4086,31,0,20,6,,90,A
367614030,2022-01-01T16:38:49,43.34656,-124.32052,0.0,192.7,511.0,NORTH BEND,,WDH4086,31,0,20,6,,90,A
367614030,2022-01-01T16:55:10,43.34656,-124.32050,0.1,254.6,511.0,NORTH BEND,,WDH4086,31,0,20,6,,90,A
367614030,2022-01-01T17:03:29,43.34656,-124.32052,0.0,296.1,511.0,NORTH BEND,,WDH4086,31,0,20,6,,90,A
367614030,2022-01-01T17:06:59,43.34652,-124.32055,0.0,296.8,511.0,NORTH BEND,,WDH4086,31,0,20,6,,90,A
367614030,2022-01-01T17:34:21,43.34656,-124.32051,0.0,349.0,511.0,NORTH BEND,,WDH4086,31,0,20,6,,90,A
367614030,2022-01-01T17:36:39,43.34658,-124.32051,0.1,344.9,511.0,NORTH BEND,,WDH4086,31,0,20,6,,90,A
367614030,2022-01-01T17:41:19,43.34656,-124.32054,0.1,347.6,511.0,NORTH BEND,,WDH4086,31,0,20,6,,90,A
367614030,2022-01-01T17:57:40,43.34654,-124.32056,0.1,349.4,511.0,NORTH BEND,,WDH4086,31,0,20,6,,90,A
367614030,2022-01-01T17:59:59,43.34656,-124.32053,0.0,351.2,511.0,NORTH BEND,,WDH4086,31,0,20,6,,90,A
367614030,2022-01-01T18:12:49,43.34654,-124.32054,0.0,326.0,511.0,NORTH BEND,,WDH4086,31,0,20,6,,90,A
367614030,2022-01-01T18:16:19,43.34657,-124.32051,0.0,333.4,511.0,NORTH BEND,,WDH4086,31,0,20,6,,90,A
367614030,2022-01-01T18:30:09,43.34658,-124.32054,0.0,291.5,511.0,NORTH BEND,,WDH4086,31,0,20,6,,90,A
367614030,2022-01-01T19:00:10,43.34656,-124.32051,0.0,285.1,511.0,NORTH BEND,,WDH4086,31,0,20,6,,90,A
367614030,2022-01-01T19:02:30,43.34654,-124.32052,0.0,310.5,511.0,NORTH BEND,,WDH4086,31,0,20,6,,90,A
367614030,2022-01-01T19:03:39,43.34654,-124.32054,0.0,316.4,511.0,NORTH BEND,,WDH4086,31,0,20,6,,90,A
367614030,2022-01-01T19:11:49,43.34655,-124.32051,0.1,311.5,511.0,NORTH BEND,,WDH4086,31,0,20,6,,90,A
367614030,2022-01-01T19:25:49,43.34656,-124.32056,0.0,278.2,511.0,NORTH BEND,,WDH4086,31,0,20,6,,90,A
367614030,2022-01-01T19:42:40,43.34654,-124.32052,0.0,271.0,511.0,NORTH BEND,,WDH4086,31,0,20,6,,90,A
367614030,2022-01-01T19:46:10,43.34654,-124.32053,0.0,252.5,511.0,NORTH BEND,,WDH4086,31,0,20,6,,90,A
367614030,2022-01-01T19:55:21,43.34653,-124.32054,0.0,289.8,511.0,NORTH BEND,,WDH4086,31,0,20,6,,90,A
367614030,2022-01-01T19:56:29,43.34656,-124.32055,0.0,290.7,511.0,NORTH BEND,,WDH4086,31,0,20,6,,90,A
367614030,2022-01-01T19:58:50,43.34656,-124.32054,0.0,294.9,511.0,NORTH BEND,,WDH4086,31,0,20,6,,90,A
367614030,2022-01-01T20:00:09,43.34656,-124.32053,0.1,294.2,511.0,NORTH BEND,,WDH4086,31,0,20,6,,90,A
367614030,2022-01-01T20:02:40,43.34654,-124.32053,0.0,297.2,511.0,NORTH BEND,,WDH4086,31,0,20,6,,90,A
367614030,2022-01-01T20:14:19,43.34655,-124.32056,0.1,307.2,511.0,NORTH BEND,,WDH4086,31,0,20,6,,90,A
367614030,2022-01-01T20:15:29,43.34655,-124.32052,0.0,298.7,511.0,NORTH BEND,,WDH4086,31,0,20,6,,90,A
367614030,2022-01-01T20:23:29,43.34654,-124.32052,0.0,291.3,511.0,NORTH BEND,,WDH4086,31,0,20,6,,90,A
367614030,2022-01-01T20:35:40,43.34654,-124.32048,0.0,356.0,511.0,NORTH BEND,,WDH4086,31,0,20,6,,90,A
367614030,2022-01-01T20:36:49,43.34658,-124.32049,0.0,357.5,511.0,NORTH BEND,,WDH4086,31,0,20,6,,90,A
367614030,2022-01-01T20:43:50,43.34663,-124.32050,0.0,251.7,511.0,NORTH BEND,,WDH4086,31,0,20,6,,90,A
367614030,2022-01-01T20:56:39,43.34658,-124.32051,0.0,233.0,511.0,NORTH BEND,,WDH4086,31,0,20,6,,90,A
367614030,2022-01-01T21:11:20,43.34657,-124.32052,0.0,246.8,511.0,NORTH BEND,,WDH4086,31,0,20,6,,90,A
367614030,2022-01-01T21:21:59,43.34652,-124.32056,0.0,245.1,511.0,NORTH BEND,,WDH4086,31,0,20,6,,90,A
367614030,2022-01-01T21:24:30,43.34652,-124.32057,0.1,254.9,511.0,NORTH BEND,,WDH4086,31,0,20,6,,90,A
367614030,2022-01-01T21:26:51,43.34654,-124.32055,0.0,244.6,511.0,NORTH BEND,,WDH4086,31,0,20,6,,90,A
367614030,2022-01-01T21:31:09,43.34656,-124.32052,0.0,255.0,511.0,NORTH BEND,,WDH4086,31,0,20,6,,90,A
367614030,2022-01-01T21:44:00,43.34657,-124.32053,0.0,243.0,511.0,NORTH BEND,,WDH4086,31,0,20,6,,90,A
367614030,2022-01-01T21:46:39,43.34655,-124.32053,0.1,228.9,511.0,NORTH BEND,,WDH4086,31,0,20,6,,90,A
367614030,2022-01-01T21:51:10,43.34654,-124.32049,0.0,273.3,511.0,NORTH BEND,,WDH4086,31,0,20,6,,90,A
367614030,2022-01-01T22:06:00,43.34654,-124.32053,0.0,336.6,511.0,NORTH BEND,,WDH4086,31,0,20,6,,90,A
367614030,2022-01-01T22:08:10,43.34653,-124.32052,0.0,336.4,511.0,NORTH BEND,,WDH4086,31,0,20,6,,90,A
367614030,2022-01-01T22:36:59,43.34659,-124.32051,0.0,330.9,511.0,NORTH BEND,,WDH4086,31,0,20,6,,90,A
367614030,2022-01-01T22:39:20,43.34656,-124.32053,0.0,291.5,511.0,NORTH BEND,,WDH4086,31,0,20,6,,90,A
367614030,2022-01-01T23:01:09,43.34657,-124.32051,0.0,247.5,511.0,NORTH BEND,,WDH4086,31,0,20,6,,90,A
367614030,2022-01-01T23:20:50,43.34657,-124.32052,0.0,14.0,511.0,NORTH BEND,,WDH4086,31,0,20,6,,90,A
367614030,2022-01-01T23:21:59,43.34657,-124.32052,0.0,9.5,511.0,NORTH BEND,,WDH4086,31,0,20,6,,90,A
367614030,2022-01-01T23:36:59,43.34653,-124.32051,0.0,274.7,511.0,NORTH BEND,,WDH4086,31,0,20,6,,90,A
367614030,2022-01-01T23:44:59,43.34654,-124.32055,0.0,198.4,511.0,NORTH BEND,,WDH4086,31,0,20,6,,90,A
367614030,2022-01-01T23:49:39,43.34654,-124.32053,0.0,198.1,511.0,NORTH BEND,,WDH4086,31,0,20,6,,90,A
367614030,2022-01-01T23:50:50,43.34653,-124.32055,0.0,199.1,511.0,NORTH BEND,,WDH4086,31,0,20,6,,90,A
367614030,2022-01-02T00:00:10,43.34656,-124.32051,0.0,194.2,511.0,NORTH BEND,,WDH4086,31,0,20,6,,90,A
367614030,2022-01-02T00:01:19,43.34657,-124.32051,0.0,202.4,511.0,NORTH BEND,,WDH4086,31,0,20,6,,90,A
367614030,2022-01-02T00:02:29,43.34655,-124.32050,0.0,203.4,511.0,NORTH BEND,,WDH4086,31,0,20,6,,90,A
367614030,2022-01-02T00:03:40,43.34658,-124.32050,0.0,205.2,511.0,NORTH BEND,,WDH4086,31,0,20,6,,90,A
367614030,2022-01-02T00:04:49,43.34657,-124.32051,0.0,209.3,511.0,NORTH BEND,,WDH4086,31,0,20,6,,90,A
367614030,2022-01-02T00:07:19,43.34655,-124.32052,0.0,209.8,511.0,NORTH BEND,,WDH4086,31,0,20,6,,90,A
367614030,2022-01-02T00:08:29,43.34656,-124.32051,0.0,210.1,511.0,NORTH BEND,,WDH4086,31,0,20,6,,90,A
367614030,2022-01-02T00:10:49,43.34656,-124.32052,0.0,210.5,511.0,NORTH BEND,,WDH4086,31,0,20,6,,90,A
367614030,2022-01-02T00:06:00,43.34658,-124.32047,0.0,210.7,511.0,NORTH BEND,,WDH4086,31,0,20,6,,90,A
367614030,2022-01-02T00:09:41,43.34656,-124.32050,0.0,209.9,511.0,NORTH BEND,,WDH4086,31,0,20,6,,90,A
367614030,2022-01-02T00:13:10,43.34657,-124.32050,0.0,212.3,511.0,NORTH BEND,,WDH4086,31,0,20,6,,90,A
367614030,2022-01-02T00:14:20,43.34657,-124.32051,0.0,213.3,511.0,NORTH BEND,,WDH4086,31,0,20,6,,90,A
367614030,2022-01-02T00:15:29,43.34656,-124.32053,0.0,219.7,511.0,NORTH BEND,,WDH4086,31,0,20,6,,90,A
367614030,2022-01-02T00:19:19,43.34654,-124.32052,0.0,231.1,511.0,NORTH BEND,,WDH4086,31,0,20,6,,90,A
367614030,2022-01-02T00:20:29,43.34654,-124.32052,0.0,233.1,511.0,NORTH BEND,,WDH4086,31,0,20,6,,90,A
367614030,2022-01-02T00:21:40,43.34654,-124.32053,0.0,234.6,511.0,NORTH BEND,,WDH4086,31,0,20,6,,90,A
367614030,2022-01-02T00:24:00,43.34655,-124.32053,0.0,233.6,511.0,NORTH BEND,,WDH4086,31,0,20,6,,90,A
367614030,2022-01-02T00:22:50,43.34654,-124.32052,0.0,236.4,511.0,NORTH BEND,,WDH4086,31,0,20,6,,90,A
367614030,2022-01-02T00:25:09,43.34655,-124.32052,0.0,235.3,511.0,NORTH BEND,,WDH4086,31,0,20,6,,90,A
367614030,2022-01-02T00:26:20,43.34656,-124.32051,0.0,238.9,511.0,NORTH BEND,,WDH4086,31,0,20,6,,90,A
367614030,2022-01-02T00:27:29,43.34656,-124.32052,0.0,234.0,511.0,NORTH BEND,,WDH4086,31,0,20,6,,90,A
367614030,2022-01-02T00:12:00,43.34656,-124.32051,0.0,213.2,511.0,NORTH BEND,,WDH4086,31,0,20,6,,90,A
367614030,2022-01-02T00:28:39,43.34656,-124.32051,0.0,234.7,511.0,NORTH BEND,,WDH4086,31,0,20,6,,90,A
367614030,2022-01-02T00:32:20,43.34656,-124.32055,0.0,228.3,511.0,NORTH BEND,,WDH4086,31,0,20,6,,90,A
367614030,2022-01-02T00:31:09,43.34658,-124.32055,0.0,235.7,511.0,NORTH BEND,,WDH4086,31,0,20,6,,90,A
367614030,2022-01-02T00:36:09,43.34654,-124.32051,0.0,226.6,511.0,NORTH BEND,,WDH4086,31,0,20,6,,90,A
367614030,2022-01-02T00:33:30,43.34656,-124.32056,0.1,231.5,511.0,NORTH BEND,,WDH4086,31,0,20,6,,90,A
367614030,2022-01-02T00:38:31,43.34654,-124.32052,0.0,229.4,511.0,NORTH BEND,,WDH4086,31,0,20,6,,90,A
367614030,2022-01-02T00:34:40,43.34653,-124.32055,0.0,228.6,511.0,NORTH BEND,,WDH4086,31,0,20,6,,90,A
367614030,2022-01-02T00:39:39,43.34654,-124.32053,0.0,231.4,511.0,NORTH BEND,,WDH4086,31,0,20,6,,90,A
367614030,2022-01-02T00:41:59,43.34655,-124.32054,0.0,236.4,511.0,NORTH BEND,,WDH4086,31,0,20,6,,90,A
367614030,2022-01-02T00:16:39,43.34656,-124.32052,0.0,221.4,511.0,NORTH BEND,,WDH4086,31,0,20,6,,90,A
367614030,2022-01-02T00:37:20,43.34652,-124.32055,0.0,229.4,511.0,NORTH BEND,,WDH4086,31,0,20,6,,90,A
367614030,2022-01-02T00:46:39,43.34654,-124.32052,0.0,255.5,511.0,NORTH BEND,,WDH4086,31,0,20,6,,90,A
367614030,2022-01-02T00:43:10,43.34657,-124.32053,0.0,237.5,511.0,NORTH BEND,,WDH4086,31,0,20,6,,90,A
367614030,2022-01-02T00:47:49,43.34654,-124.32052,0.0,263.4,511.0,NORTH BEND,,WDH4086,31,0,20,6,,90,A
367614030,2022-01-02T00:40:50,43.34654,-124.32054,0.0,237.5,511.0,NORTH BEND,,WDH4086,31,0,20,6,,90,A
367614030,2022-01-02T00:18:10,43.34655,-124.32052,0.0,226.1,511.0,NORTH BEND,,WDH4086,31,0,20,6,,90,A
367614030,2022-01-02T00:44:20,43.34656,-124.32052,0.0,247.8,511.0,NORTH BEND,,WDH4086,31,0,20,6,,90,A
367614030,2022-01-02T00:53:59,43.34655,-124.32051,0.0,275.3,511.0,NORTH BEND,,WDH4086,31,0,20,6,,90,A
367614030,2022-01-02T00:48:59,43.34654,-124.32052,0.0,272.0,511.0,NORTH BEND,,WDH4086,31,0,20,6,,90,A
367614030,2022-01-02T00:50:19,43.34654,-124.32052,0.0,273.0,511.0,NORTH BEND,,WDH4086,31,0,20,6,,90,A
367614030,2022-01-02T00:51:30,43.34653,-124.32052,0.0,272.8,511.0,NORTH BEND,,WDH4086,31,0,20,6,,90,A
367614030,2022-01-02T00:52:40,43.34654,-124.32052,0.0,279.6,511.0,NORTH BEND,,WDH4086,31,0,20,6,,90,A
367614030,2022-01-02T00:55:09,43.34654,-124.32052,0.0,278.8,511.0,NORTH BEND,,WDH4086,31,0,20,6,,90,A
367614030,2022-01-02T01:02:29,43.34656,-124.32052,0.0,286.1,511.0,NORTH BEND,,WDH4086,31,0,20,6,,90,A
367614030,2022-01-02T00:56:20,43.34655,-124.32052,0.0,282.2,511.0,NORTH BEND,,WDH4086,31,0,20,6,,90,A
367614030,2022-01-02T01:04:49,43.34654,-124.32055,0.0,292.1,511.0,NORTH BEND,,WDH4086,31,0,20,6,,90,A
367614030,2022-01-02T00:58:50,43.34656,-124.32050,0.0,282.2,511.0,NORTH BEND,,WDH4086,31,0,20,6,,90,A
367614030,2022-01-02T01:00:00,43.34652,-124.32048,0.0,284.4,511.0,NORTH BEND,,WDH4086,31,0,20,6,,90,A
367614030,2022-01-02T01:01:10,43.34655,-124.32050,0.0,282.6,511.0,NORTH BEND,,WDH4086,31,0,20,6,,90,A
367614030,2022-01-02T01:03:40,43.34654,-124.32056,0.0,290.9,511.0,NORTH BEND,,WDH4086,31,0,20,6,,90,A
367614030,2022-01-02T01:07:10,43.34658,-124.32053,0.0,295.0,511.0,NORTH BEND,,WDH4086,31,0,20,6,,90,A
367614030,2022-01-02T01:05:50,43.34655,-124.32056,0.0,293.4,511.0,NORTH BEND,,WDH4086,31,0,20,6,,90,A
367614030,2022-01-02T00:30:00,43.34661,-124.32055,0.0,236.4,511.0,NORTH BEND,,WDH4086,31,0,20,6,,90,A
367614030,2022-01-02T01:10:40,43.34655,-124.32054,0.0,296.5,511.0,NORTH BEND,,WDH4086,31,0,20,6,,90,A
367614030,2022-01-02T01:08:19,43.34658,-124.32054,0.0,294.4,511.0,NORTH BEND,,WDH4086,31,0,20,6,,90,A
367614030,2022-01-02T01:11:50,43.34656,-124.32054,0.0,290.8,511.0,NORTH BEND,,WDH4086,31,0,20,6,,90,A
367614030,2022-01-02T01:17:20,43.34658,-124.32055,0.0,294.3,511.0,NORTH BEND,,WDH4086,31,0,20,6,,90,A
367614030,2022-01-02T01:09:29,43.34656,-124.32055,0.0,294.8,511.0,NORTH BEND,,WDH4086,31,0,20,6,,90,A
367614030,2022-01-02T01:20:50,43.34656,-124.32053,0.0,270.3,511.0,NORTH BEND,,WDH4086,31,0,20,6,,90,A
367614030,2022-01-02T01:13:59,43.34651,-124.32053,0.0,284.6,511.0,NORTH BEND,,WDH4086,31,0,20,6,,90,A
367614030,2022-01-02T01:12:58,43.34656,-124.32055,0.0,293.0,511.0,NORTH BEND,,WDH4086,31,0,20,6,,90,A
367614030,2022-01-02T01:19:39,43.34655,-124.32054,0.0,283.3,511.0,NORTH BEND,,WDH4086,31,0,20,6,,90,A
367614030,2022-01-02T01:15:10,43.34654,-124.32055,0.0,291.0,511.0,NORTH BEND,,WDH4086,31,0,20,6,,90,A
367614030,2022-01-02T01:18:29,43.34657,-124.32054,0.0,294.2,511.0,NORTH BEND,,WDH4086,31,0,20,6,,90,A
367614030,2022-01-02T01:16:19,43.34657,-124.32055,0.0,293.0,511.0,NORTH BEND,,WDH4086,31,0,20,6,,90,A
367614030,2022-01-02T01:21:59,43.34656,-124.32053,0.0,255.4,511.0,NORTH BEND,,WDH4086,31,0,20,6,,90,A
367614030,2022-01-02T01:24:19,43.34656,-124.32051,0.0,243.4,511.0,NORTH BEND,,WDH4086,31,0,20,6,,90,A
367614030,2022-01-02T01:28:59,43.34656,-124.32052,0.0,234.2,511.0,NORTH BEND,,WDH4086,31,0,20,6,,90,A
367614030,2022-01-02T01:25:30,43.34656,-124.32051,0.0,237.1,511.0,NORTH BEND,,WDH4086,31,0,20,6,,90,A
367614030,2022-01-02T01:27:50,43.34655,-124.32051,0.0,228.4,511.0,NORTH BEND,,WDH4086,31,0,20,6,,90,A
367614030,2022-01-02T01:26:40,43.34656,-124.32051,0.0,236.0,511.0,NORTH BEND,,WDH4086,31,0,20,6,,90,A
367614030,2022-01-02T01:31:20,43.34660,-124.32056,0.0,229.3,511.0,NORTH BEND,,WDH4086,31,0,20,6,,90,A
367614030,2022-01-02T01:36:00,43.34655,-124.32052,0.0,227.6,511.0,NORTH BEND,,WDH4086,31,0,20,6,,90,A
367614030,2022-01-02T01:32:29,43.34656,-124.32052,0.0,228.1,511.0,NORTH BEND,,WDH4086,31,0,20,6,,90,A
367614030,2022-01-02T01:34:49,43.34656,-124.32051,0.0,228.0,511.0,NORTH BEND,,WDH4086,31,0,20,6,,90,A
367614030,2022-01-02T01:30:10,43.34657,-124.32053,0.0,233.3,511.0,NORTH BEND,,WDH4086,31,0,20,6,,90,A
367614030,2022-01-02T01:39:29,43.34654,-124.32052,0.0,224.0,511.0,NORTH BEND,,WDH4086,31,0,20,6,,90,A
367614030,2022-01-02T01:37:09,43.34655,-124.32051,0.0,228.6,511.0,NORTH BEND,,WDH4086,31,0,20,6,,90,A
367614030,2022-01-02T01:33:39,43.34659,-124.32052,0.0,230.0,511.0,NORTH BEND,,WDH4086,31,0,20,6,,90,A
367614030,2022-01-02T01:43:59,43.34654,-124.32054,0.0,233.8,511.0,NORTH BEND,,WDH4086,31,0,20,6,,90,A
367614030,2022-01-02T01:38:20,43.34656,-124.32052,0.0,226.6,511.0,NORTH BEND,,WDH4086,31,0,20,6,,90,A
367614030,2022-01-02T01:42:50,43.34654,-124.32054,0.0,226.6,511.0,NORTH BEND,,WDH4086,31,0,20,6,,90,A
367614030,2022-01-02T01:47:20,43.34655,-124.32057,0.0,225.4,511.0,NORTH BEND,,WDH4086,31,0,20,6,,90,A
367614030,2022-01-02T01:40:40,43.34654,-124.32053,0.0,226.7,511.0,NORTH BEND,,WDH4086,31,0,20,6,,90,A
367614030,2022-01-02T01:46:10,43.34653,-124.32059,0.0,227.6,511.0,NORTH BEND,,WDH4086,31,0,20,6,,90,A
367614030,2022-01-02T01:45:00,43.34651,-124.32058,0.0,229.3,511.0,NORTH BEND,,WDH4086,31,0,20,6,,90,A
367614030,2022-01-02T01:49:39,43.34656,-124.32055,0.0,239.8,511.0,NORTH BEND,,WDH4086,31,0,20,6,,90,A
367614030,2022-01-02T00:45:30,43.34654,-124.32052,0.0,250.8,511.0,NORTH BEND,,WDH4086,31,0,20,6,,90,A
367614030,2022-01-02T01:51:59,43.34653,-124.32054,0.0,265.8,511.0,NORTH BEND,,WDH4086,31,0,20,6,,90,A
367614030,2022-01-02T01:41:49,43.34656,-124.32051,0.0,226.8,511.0,NORTH BEND,,WDH4086,31,0,20,6,,90,A
367614030,2022-01-02T01:53:19,43.34655,-124.32052,0.0,262.7,511.0,NORTH BEND,,WDH4086,31,0,20,6,,90,A
367614030,2022-01-02T01:48:29,43.34656,-124.32057,0.0,230.8,511.0,NORTH BEND,,WDH4086,31,0,20,6,,90,A
367614030,2022-01-02T01:56:49,43.34655,-124.32053,0.0,274.4,511.0,NORTH BEND,,WDH4086,31,0,20,6,,90,A
367614030,2022-01-02T02:03:29,43.34652,-124.32061,0.0,294.7,511.0,NORTH BEND,,WDH4086,31,0,20,6,,90,A
367614030,2022-01-02T02:02:20,43.34654,-124.32053,0.0,291.8,511.0,NORTH BEND,,WDH4086,31,0,20,6,,90,A
367614030,2022-01-02T01:54:30,43.34655,-124.32053,0.0,266.3,511.0,NORTH BEND,,WDH4086,31,0,20,6,,90,A
367614030,2022-01-02T02:01:09,43.34654,-124.32056,0.0,293.5,511.0,NORTH BEND,,WDH4086,31,0,20,6,,90,A
367614030,2022-01-02T01:59:10,43.34656,-124.32054,0.0,289.9,511.0,NORTH BEND,,WDH4086,31,0,20,6,,90,A
367614030,2022-01-02T01:55:40,43.34654,-124.32053,0.0,271.1,511.0,NORTH BEND,,WDH4086,31,0,20,6,,90,A
367614030,2022-01-02T01:58:00,43.34654,-124.32054,0.0,273.6,511.0,NORTH BEND,,WDH4086,31,0,20,6,,90,A
367614030,2022-01-02T02:00:00,43.34655,-124.32056,0.0,288.0,511.0,NORTH BEND,,WDH4086,31,0,20,6,,90,A
367614030,2022-01-02T02:04:40,43.34654,-124.32056,0.0,292.8,511.0,NORTH BEND,,WDH4086,31,0,20,6,,90,A
367614030,2022-01-02T00:57:39,43.34658,-124.32052,0.0,280.3,511.0,NORTH BEND,,WDH4086,31,0,20,6,,90,A
367614030,2022-01-02T02:16:10,43.34656,-124.32054,0.0,268.7,511.0,NORTH BEND,,WDH4086,31,0,20,6,,90,A
367614030,2022-01-02T02:05:50,43.34654,-124.32054,0.0,284.4,511.0,NORTH BEND,,WDH4086,31,0,20,6,,90,A
367614030,2022-01-02T02:07:00,43.34655,-124.32055,0.0,283.5,511.0,NORTH BEND,,WDH4086,31,0,20,6,,90,A
367614030,2022-01-02T02:12:50,43.34654,-124.32053,0.0,266.5,511.0,NORTH BEND,,WDH4086,31,0,20,6,,90,A
367614030,2022-01-02T02:17:20,43.34656,-124.32054,0.0,276.7,511.0,NORTH BEND,,WDH4086,31,0,20,6,,90,A
367614030,2022-01-02T02:10:29,43.34657,-124.32053,0.0,269.3,511.0,NORTH BEND,,WDH4086,31,0,20,6,,90,A
367614030,2022-01-02T02:20:49,43.34658,-124.32054,0.0,284.8,511.0,NORTH BEND,,WDH4086,31,0,20,6,,90,A
367614030,2022-01-02T02:23:10,43.34654,-124.32054,0.0,287.1,511.0,NORTH BEND,,WDH4086,31,0,20,6,,90,A
367614030,2022-01-02T02:14:00,43.34654,-124.32053,0.0,260.6,511.0,NORTH BEND,,WDH4086,31,0,20,6,,90,A
367614030,2022-01-02T02:15:09,43.34654,-124.32053,0.0,266.8,511.0,NORTH BEND,,WDH4086,31,0,20,6,,90,A
367614030,2022-01-02T02:24:20,43.34655,-124.32052,0.0,276.8,511.0,NORTH BEND,,WDH4086,31,0,20,6,,90,A
367614030,2022-01-02T02:22:00,43.34653,-124.32055,0.0,285.4,511.0,NORTH BEND,,WDH4086,31,0,20,6,,90,A
367614030,2022-01-02T02:18:30,43.34658,-124.32052,0.0,280.9,511.0,NORTH BEND,,WDH4086,31,0,20,6,,90,A
367614030,2022-01-02T02:19:40,43.34655,-124.32053,0.0,284.4,511.0,NORTH BEND,,WDH4086,31,0,20,6,,90,A
367614030,2022-01-02T02:29:00,43.34656,-124.32054,0.0,232.1,511.0,NORTH BEND,,WDH4086,31,0,20,6,,90,A
367614030,2022-01-02T02:33:09,43.34656,-124.32055,0.0,212.9,511.0,NORTH BEND,,WDH4086,31,0,20,6,,90,A
367614030,2022-01-02T02:26:40,43.34657,-124.32054,0.0,253.9,511.0,NORTH BEND,,WDH4086,31,0,20,6,,90,A
367614030,2022-01-02T02:37:50,43.34655,-124.32054,0.0,206.1,511.0,NORTH BEND,,WDH4086,31,0,20,6,,90,A
367614030,2022-01-02T02:27:49,43.34656,-124.32052,0.0,244.4,511.0,NORTH BEND,,WDH4086,31,0,20,6,,90,A
367614030,2022-01-02T02:42:20,43.34655,-124.32052,0.0,209.7,511.0,NORTH BEND,,WDH4086,31,0,20,6,,90,A
367614030,2022-01-02T02:36:39,43.34656,-124.32054,0.0,208.0,511.0,NORTH BEND,,WDH4086,31,0,20,6,,90,A
367614030,2022-01-02T02:35:30,43.34656,-124.32056,0.0,211.6,511.0,NORTH BEND,,WDH4086,31,0,20,6,,90,A
367614030,2022-01-02T02:46:59,43.34658,-124.32054,0.0,211.6,511.0,NORTH BEND,,WDH4086,31,0,20,6,,90,A
367614030,2022-01-02T02:43:29,43.34654,-124.32054,0.0,209.4,511.0,NORTH BEND,,WDH4086,31,0,20,6,,90,A
367614030,2022-01-02T02:50:39,43.34654,-124.32056,0.0,247.8,511.0,NORTH BEND,,WDH4086,31,0,20,6,,90,A
367614030,2022-01-02T02:38:59,43.34656,-124.32054,0.0,208.9,511.0,NORTH BEND,,WDH4086,31,0,20,6,,90,A
367614030,2022-01-02T02:41:19,43.34656,-124.32052,0.0,210.0,511.0,NORTH BEND,,WDH4086,31,0,20,6,,90,A
367614030,2022-01-02T02:49:29,43.34659,-124.32055,0.0,235.5,511.0,NORTH BEND,,WDH4086,31,0,20,6,,90,A
367614030,2022-01-02T02:51:49,43.34655,-124.32056,0.0,247.0,511.0,NORTH BEND,,WDH4086,31,0,20,6,,90,A
367614030,2022-01-02T02:44:39,43.34651,-124.32057,0.0,206.9,511.0,NORTH BEND,,WDH4086,31,0,20,6,,90,A
367614030,2022-01-02T02:48:10,43.34658,-124.32053,0.0,216.2,511.0,NORTH BEND,,WDH4086,31,0,20,6,,90,A
367614030,2022-01-02T03:00:00,43.34658,-124.32052,0.0,263.2,511.0,NORTH BEND,,WDH4086,31,0,20,6,,90,A
367614030,2022-01-02T02:59:50,43.34659,-124.32051,0.0,261.3,511.0,NORTH BEND,,WDH4086,31,0,20,6,,90,A
367614030,2022-01-02T01:23:10,43.34658,-124.32053,0.0,249.4,511.0,NORTH BEND,,WDH4086,31,0,20,6,,90,A
367614030,2022-01-02T03:02:19,43.34654,-124.32052,0.0,271.7,511.0,NORTH BEND,,WDH4086,31,0,20,6,,90,A
367614030,2022-01-02T02:55:19,43.34655,-124.32055,0.0,256.7,511.0,NORTH BEND,,WDH4086,31,0,20,6,,90,A
367614030,2022-01-02T02:56:31,43.34654,-124.32053,0.0,256.0,511.0,NORTH BEND,,WDH4086,31,0,20,6,,90,A
367614030,2022-01-02T02:58:40,43.34654,-124.32054,0.0,265.0,511.0,NORTH BEND,,WDH4086,31,0,20,6,,90,A
367614030,2022-01-02T02:57:39,43.34656,-124.32055,0.0,261.1,511.0,NORTH BEND,,WDH4086,31,0,20,6,,90,A
367614030,2022-01-02T03:03:29,43.34655,-124.32051,0.0,279.2,511.0,NORTH BEND,,WDH4086,31,0,20,6,,90,A
367614030,2022-01-02T03:01:10,43.34656,-124.32053,0.0,275.0,511.0,NORTH BEND,,WDH4086,31,0,20,6,,90,A
367614030,2022-01-02T03:05:49,43.34653,-124.32053,0.0,282.7,511.0,NORTH BEND,,WDH4086,31,0,20,6,,90,A
367614030,2022-01-02T03:04:39,43.34654,-124.32053,0.0,280.0,511.0,NORTH BEND,,WDH4086,31,0,20,6,,90,A
367614030,2022-01-02T03:06:59,43.34651,-124.32055,0.0,265.9,511.0,NORTH BEND,,WDH4086,31,0,20,6,,90,A
367614030,2022-01-02T03:17:30,43.34653,-124.32054,0.0,218.0,511.0,NORTH BEND,,WDH4086,31,0,20,6,,90,A
367614030,2022-01-02T03:09:19,43.34652,-124.32054,0.0,263.7,511.0,NORTH BEND,,WDH4086,31,0,20,6,,90,A
367614030,2022-01-02T03:11:39,43.34653,-124.32055,0.0,240.9,511.0,NORTH BEND,,WDH4086,31,0,20,6,,90,A
367614030,2022-01-02T03:10:29,43.34652,-124.32055,0.1,249.2,511.0,NORTH BEND,,WDH4086,31,0,20,6,,90,A
367614030,2022-01-02T03:08:09,43.34651,-124.32054,0.0,263.7,511.0,NORTH BEND,,WDH4086,31,0,20,6,,90,A
367614030,2022-01-02T03:15:09,43.34655,-124.32053,0.0,223.4,511.0,NORTH BEND,,WDH4086,31,0,20,6,,90,A
367614030,2022-01-02T03:16:19,43.34654,-124.32054,0.0,221.8,511.0,NORTH BEND,,WDH4086,31,0,20,6,,90,A
367614030,2022-01-02T03:23:19,43.34655,-124.32052,0.0,221.6,511.0,NORTH BEND,,WDH4086,31,0,20,6,,90,A
367614030,2022-01-02T03:18:39,43.34651,-124.32052,0.0,219.3,511.0,NORTH BEND,,WDH4086,31,0,20,6,,90,A
367614030,2022-01-02T03:12:50,43.34655,-124.32054,0.0,232.8,511.0,NORTH BEND,,WDH4086,31,0,20,6,,90,A
367614030,2022-01-02T03:26:51,43.34653,-124.32051,0.0,222.5,511.0,NORTH BEND,,WDH4086,31,0,20,6,,90,A
367614030,2022-01-02T03:22:09,43.34655,-124.32052,0.0,220.6,511.0,NORTH BEND,,WDH4086,31,0,20,6,,90,A
367614030,2022-01-02T03:21:00,43.34654,-124.32053,0.0,221.8,511.0,NORTH BEND,,WDH4086,31,0,20,6,,90,A
367614030,2022-01-02T03:29:10,43.34655,-124.32051,0.0,225.4,511.0,NORTH BEND,,WDH4086,31,0,20,6,,90,A
367614030,2022-01-02T03:24:29,43.34653,-124.32051,0.0,224.9,511.0,NORTH BEND,,WDH4086,31,0,20,6,,90,A
367614030,2022-01-02T03:33:30,43.34655,-124.32051,0.0,237.5,511.0,NORTH BEND,,WDH4086,31,0,20,6,,90,A
367614030,2022-01-02T03:35:50,43.34653,-124.32052,0.0,246.2,511.0,NORTH BEND,,WDH4086,31,0,20,6,,90,A
367614030,2022-01-02T03:28:00,43.34654,-124.32052,0.0,225.3,511.0,NORTH BEND,,WDH4086,31,0,20,6,,90,A
367614030,2022-01-02T03:36:59,43.34653,-124.32054,0.0,250.0,511.0,NORTH BEND,,WDH4086,31,0,20,6,,90,A
367614030,2022-01-02T03:31:10,43.34656,-124.32051,0.0,221.6,511.0,NORTH BEND,,WDH4086,31,0,20,6,,90,A
367614030,2022-01-02T03:39:20,43.34654,-124.32054,0.0,256.1,511.0,NORTH BEND,,WDH4086,31,0,20,6,,90,A
367614030,2022-01-02T03:34:39,43.34655,-124.32051,0.0,242.7,511.0,NORTH BEND,,WDH4086,31,0,20,6,,90,A
367614030,2022-01-02T03:40:29,43.34653,-124.32054,0.0,255.1,511.0,NORTH BEND,,WDH4086,31,0,20,6,,90,A
367614030,2022-01-02T03:41:40,43.34650,-124.32054,0.0,259.1,511.0,NORTH BEND,,WDH4086,31,0,20,6,,90,A
367614030,2022-01-02T03:43:59,43.34654,-124.32057,0.0,269.3,511.0,NORTH BEND,,WDH4086,31,0,20,6,,90,A
367614030,2022-01-02T03:32:19,43.34657,-124.32052,0.0,227.4,511.0,NORTH BEND,,WDH4086,31,0,20,6,,90,A
367614030,2022-01-02T01:50:50,43.34656,-124.32055,0.0,245.0,511.0,NORTH BEND,,WDH4086,31,0,20,6,,90,A
367614030,2022-01-02T03:42:49,43.34654,-124.32052,0.0,262.6,511.0,NORTH BEND,,WDH4086,31,0,20,6,,90,A
367614030,2022-01-02T03:50:50,43.34653,-124.32054,0.0,257.8,511.0,NORTH BEND,,WDH4086,31,0,20,6,,90,A
367614030,2022-01-02T03:46:19,43.34655,-124.32049,0.0,262.9,511.0,NORTH BEND,,WDH4086,31,0,20,6,,90,A
367614030,2022-01-02T03:51:59,43.34652,-124.32055,0.0,252.1,511.0,NORTH BEND,,WDH4086,31,0,20,6,,90,A
367614030,2022-01-02T03:47:20,43.34656,-124.32052,0.0,265.3,511.0,NORTH BEND,,WDH4086,31,0,20,6,,90,A
367614030,2022-01-02T03:54:20,43.34655,-124.32053,0.0,249.3,511.0,NORTH BEND,,WDH4086,31,0,20,6,,90,A
367614030,2022-01-02T03:56:40,43.34654,-124.32053,0.1,248.4,511.0,NORTH BEND,,WDH4086,31,0,20,6,,90,A
367614030,2022-01-02T03:59:00,43.34652,-124.32051,0.0,248.9,511.0,NORTH BEND,,WDH4086,31,0,20,6,,90,A
367614030,2022-01-02T03:49:40,43.34650,-124.32053,0.1,259.4,511.0,NORTH BEND,,WDH4086,31,0,20,6,,90,A
367614030,2022-01-02T03:53:10,43.34651,-124.32054,0.0,250.2,511.0,NORTH BEND,,WDH4086,31,0,20,6,,90,A
367614030,2022-01-02T04:04:30,43.34654,-124.32051,0.0,257.2,511.0,NORTH BEND,,WDH4086,31,0,20,6,,90,A
367614030,2022-01-02T04:02:19,43.34651,-124.32051,0.0,261.0,511.0,NORTH BEND,,WDH4086,31,0,20,6,,90,A
367614030,2022-01-02T03:55:29,43.34654,-124.32052,0.0,251.3,511.0,NORTH BEND,,WDH4086,31,0,20,6,,90,A
367614030,2022-01-02T03:57:49,43.34653,-124.32054,0.0,245.8,511.0,NORTH BEND,,WDH4086,31,0,20,6,,90,A
367614030,2022-01-02T04:10:49,43.34653,-124.32049,0.0,261.2,511.0,NORTH BEND,,WDH4086,31,0,20,6,,90,A
367614030,2022-01-02T04:01:10,43.34651,-124.32050,0.0,262.0,511.0,NORTH BEND,,WDH4086,31,0,20,6,,90,A
367614030,2022-01-02T04:13:00,43.34655,-124.32053,0.0,244.7,511.0,NORTH BEND,,WDH4086,31,0,20,6,,90,A
367614030,2022-01-02T04:03:29,43.34651,-124.32050,0.0,262.6,511.0,NORTH BEND,,WDH4086,31,0,20,6,,90,A
367614030,2022-01-02T04:00:00,43.34646,-124.32046,0.0,260.8,511.0,NORTH BEND,,WDH4086,31,0,20,6,,90,A
367614030,2022-01-02T04:05:49,43.34656,-124.32049,0.0,263.0,511.0,NORTH BEND,,WDH4086,31,0,20,6,,90,A
367614030,2022-01-02T04:09:40,43.34654,-124.32049,0.0,260.8,511.0,NORTH BEND,,WDH4086,31,0,20,6,,90,A
367614030,2022-01-02T04:14:09,43.34657,-124.32051,0.0,247.1,511.0,NORTH BEND,,WDH4086,31,0,20,6,,90,A
367614030,2022-01-02T04:15:19,43.34656,-124.32054,0.0,237.5,511.0,NORTH BEND,,WDH4086,31,0,20,6,,90,A
367614030,2022-01-02T04:19:49,43.34657,-124.32051,0.0,227.3,511.0,NORTH BEND,,WDH4086,31,0,20,6,,90,A
367614030,2022-01-02T04:16:29,43.34656,-124.32052,0.0,230.9,511.0,NORTH BEND,,WDH4086,31,0,20,6,,90,A
367614030,2022-01-02T04:11:59,43.34656,-124.32052,0.0,254.1,511.0,NORTH BEND,,WDH4086,31,0,20,6,,90,A
367614030,2022-01-02T04:23:20,43.34657,-124.32053,0.0,226.9,511.0,NORTH BEND,,WDH4086,31,0,20,6,,90,A
367614030,2022-01-02T04:06:59,43.34654,-124.32049,0.0,257.9,511.0,NORTH BEND,,WDH4086,31,0,20,6,,90,A
367614030,2022-01-02T04:24:29,43.34655,-124.32053,0.0,225.6,511.0,NORTH BEND,,WDH4086,31,0,20,6,,90,A
367614030,2022-01-02T04:25:39,43.34656,-124.32053,0.0,229.2,511.0,NORTH BEND,,WDH4086,31,0,20,6,,90,A
367614030,2022-01-02T04:17:30,43.34657,-124.32053,0.0,232.2,511.0,NORTH BEND,,WDH4086,31,0,20,6,,90,A
367614030,2022-01-02T02:08:10,43.34654,-124.32054,0.0,277.9,511.0,NORTH BEND,,WDH4086,31,0,20,6,,90,A
367614030,2022-01-02T02:09:19,43.34654,-124.32052,0.0,275.1,511.0,NORTH BEND,,WDH4086,31,0,20,6,,90,A
367614030,2022-01-02T04:26:50,43.34655,-124.32052,0.0,229.3,511.0,NORTH BEND,,WDH4086,31,0,20,6,,90,A
367614030,2022-01-02T04:30:20,43.34656,-124.32053,0.0,240.6,511.0,NORTH BEND,,WDH4086,31,0,20,6,,90,A
367614030,2022-01-02T04:33:49,43.34656,-124.32051,0.0,239.9,511.0,NORTH BEND,,WDH4086,31,0,20,6,,90,A
367614030,2022-01-02T04:31:30,43.34657,-124.32053,0.0,241.0,511.0,NORTH BEND,,WDH4086,31,0,20,6,,90,A
367614030,2022-01-02T04:32:40,43.34656,-124.32050,0.0,236.0,511.0,NORTH BEND,,WDH4086,31,0,20,6,,90,A
367614030,2022-01-02T04:18:39,43.34656,-124.32053,0.0,228.4,511.0,NORTH BEND,,WDH4086,31,0,20,6,,90,A
367614030,2022-01-02T04:20:59,43.34655,-124.32052,0.0,225.5,511.0,NORTH BEND,,WDH4086,31,0,20,6,,90,A
367614030,2022-01-02T02:11:39,43.34656,-124.32054,0.0,264.7,511.0,NORTH BEND,,WDH4086,31,0,20,6,,90,A
367614030,2022-01-02T04:38:29,43.34654,-124.32053,0.0,237.2,511.0,NORTH BEND,,WDH4086,31,0,20,6,,90,A
367614030,2022-01-02T04:40:51,43.34651,-124.32053,0.0,242.7,511.0,NORTH BEND,,WDH4086,31,0,20,6,,90,A
367614030,2022-01-02T04:41:59,43.34652,-124.32052,0.0,253.1,511.0,NORTH BEND,,WDH4086,31,0,20,6,,90,A
367614030,2022-01-02T04:28:00,43.34657,-124.32052,0.0,235.7,511.0,NORTH BEND,,WDH4086,31,0,20,6,,90,A
367614030,2022-01-02T04:44:19,43.34656,-124.32052,0.0,264.2,511.0,NORTH BEND,,WDH4086,31,0,20,6,,90,A
367614030,2022-01-02T04:29:09,43.34658,-124.32054,0.0,235.0,511.0,NORTH BEND,,WDH4086,31,0,20,6,,90,A
367614030,2022-01-02T04:35:00,43.34656,-124.32053,0.0,236.4,511.0,NORTH BEND,,WDH4086,31,0,20,6,,90,A
367614030,2022-01-02T04:36:10,43.34655,-124.32052,0.0,234.5,511.0,NORTH BEND,,WDH4086,31,0,20,6,,90,A
367614030,2022-01-02T04:51:19,43.34654,-124.32053,0.0,254.5,511.0,NORTH BEND,,WDH4086,31,0,20,6,,90,A
367614030,2022-01-02T04:39:40,43.34651,-124.32052,0.1,237.0,511.0,NORTH BEND,,WDH4086,31,0,20,6,,90,A
367614030,2022-01-02T04:37:20,43.34653,-124.32052,0.0,235.9,511.0,NORTH BEND,,WDH4086,31,0,20,6,,90,A
367614030,2022-01-02T04:52:30,43.34652,-124.32053,0.0,255.5,511.0,NORTH BEND,,WDH4086,31,0,20,6,,90,A
367614030,2022-01-02T04:53:40,43.34654,-124.32054,0.0,256.2,511.0,NORTH BEND,,WDH4086,31,0,20,6,,90,A
367614030,2022-01-02T04:43:10,43.34653,-124.32053,0.0,261.1,511.0,NORTH BEND,,WDH4086,31,0,20,6,,90,A
367614030,2022-01-02T04:56:10,43.34653,-124.32054,0.0,265.3,511.0,NORTH BEND,,WDH4086,31,0,20,6,,90,A
367614030,2022-01-02T04:57:19,43.34654,-124.32055,0.0,274.4,511.0,NORTH BEND,,WDH4086,31,0,20,6,,90,A
367614030,2022-01-02T04:46:49,43.34656,-124.32054,0.0,262.3,511.0,NORTH BEND,,WDH4086,31,0,20,6,,90,A
367614030,2022-01-02T05:00:00,43.34657,-124.32053,0.0,272.5,511.0,NORTH BEND,,WDH4086,31,0,20,6,,90,A
367614030,2022-01-02T04:59:41,43.34657,-124.32053,0.0,276.7,511.0,NORTH BEND,,WDH4086,31,0,20,6,,90,A
367614030,2022-01-02T04:49:09,43.34656,-124.32051,0.0,257.8,511.0,NORTH BEND,,WDH4086,31,0,20,6,,90,A
367614030,2022-01-02T04:50:10,43.34656,-124.32051,0.0,263.9,511.0,NORTH BEND,,WDH4086,31,0,20,6,,90,A
367614030,2022-01-02T02:25:30,43.34656,-124.32056,0.0,267.2,511.0,NORTH BEND,,WDH4086,31,0,20,6,,90,A
367614030,2022-01-02T05:08:20,43.34657,-124.32050,0.0,220.2,511.0,NORTH BEND,,WDH4086,31,0,20,6,,90,A
367614030,2022-01-02T05:06:00,43.34656,-124.32051,0.0,232.2,511.0,NORTH BEND,,WDH4086,31,0,20,6,,90,A
367614030,2022-01-02T05:09:30,43.34658,-124.32053,0.0,214.5,511.0,NORTH BEND,,WDH4086,31,0,20,6,,90,A
367614030,2022-01-02T05:10:39,43.34660,-124.32050,0.0,211.8,511.0,NORTH BEND,,WDH4086,31,0,20,6,,90,A
367614030,2022-01-02T04:55:00,43.34653,-124.32057,0.0,265.3,511.0,NORTH BEND,,WDH4086,31,0,20,6,,90,A
367614030,2022-01-02T05:15:19,43.34658,-124.32054,0.0,217.8,511.0,NORTH BEND,,WDH4086,31,0,20,6,,90,A
367614030,2022-01-02T05:02:29,43.34652,-124.32053,0.0,256.0,511.0,NORTH BEND,,WDH4086,31,0,20,6,,90,A
367614030,2022-01-02T02:32:00,43.34656,-124.32054,0.0,216.0,511.0,NORTH BEND,,WDH4086,31,0,20,6,,90,A
367614030,2022-01-02T05:01:09,43.34655,-124.32054,0.0,265.7,511.0,NORTH BEND,,WDH4086,31,0,20,6,,90,A
367614030,2022-01-02T05:21:10,43.34661,-124.32055,0.0,260.2,511.0,NORTH BEND,,WDH4086,31,0,20,6,,90,A
367614030,2022-01-02T02:34:19,43.34654,-124.32054,0.0,209.2,511.0,NORTH BEND,,WDH4086,31,0,20,6,,90,A
367614030,2022-01-02T05:22:19,43.34659,-124.32052,0.0,258.0,511.0,NORTH BEND,,WDH4086,31,0,20,6,,90,A
367614030,2022-01-02T05:03:30,43.34654,-124.32053,0.1,256.7,511.0,NORTH BEND,,WDH4086,31,0,20,6,,90,A
367614030,2022-01-02T05:16:30,43.34658,-124.32052,0.0,224.3,511.0,NORTH BEND,,WDH4086,31,0,20,6,,90,A
367614030,2022-01-02T05:07:09,43.34657,-124.32050,0.0,226.2,511.0,NORTH BEND,,WDH4086,31,0,20,6,,90,A
367614030,2022-01-02T05:11:49,43.34654,-124.32054,0.0,213.1,511.0,NORTH BEND,,WDH4086,31,0,20,6,,90,A
367614030,2022-01-02T05:29:19,43.34655,-124.32057,0.0,276.9,511.0,NORTH BEND,,WDH4086,31,0,20,6,,90,A
367614030,2022-01-02T05:23:30,43.34658,-124.32055,0.0,262.7,511.0,NORTH BEND,,WDH4086,31,0,20,6,,90,A
367614030,2022-01-02T05:14:09,43.34658,-124.32051,0.0,211.8,511.0,NORTH BEND,,WDH4086,31,0,20,6,,90,A
367614030,2022-01-02T05:31:40,43.34656,-124.32052,0.0,278.3,511.0,NORTH BEND,,WDH4086,31,0,20,6,,90,A
367614030,2022-01-02T05:32:50,43.34657,-124.32053,0.0,278.8,511.0,NORTH BEND,,WDH4086,31,0,20,6,,90,A
367614030,2022-01-02T05:18:49,43.34658,-124.32054,0.0,249.8,511.0,NORTH BEND,,WDH4086,31,0,20,6,,90,A
367614030,2022-01-02T02:40:09,43.34655,-124.32055,0.0,206.7,511.0,NORTH BEND,,WDH4086,31,0,20,6,,90,A
367614030,2022-01-02T05:40:10,43.34652,-124.32058,0.0,295.1,511.0,NORTH BEND,,WDH4086,31,0,20,6,,90,A
367614030,2022-01-02T05:38:59,43.34656,-124.32053,0.0,279.9,511.0,NORTH BEND,,WDH4086,31,0,20,6,,90,A
367614030,2022-01-02T05:24:40,43.34656,-124.32056,0.1,271.9,511.0,NORTH BEND,,WDH4086,31,0,20,6,,90,A
367614030,2022-01-02T05:41:19,43.34656,-124.32056,0.0,296.9,511.0,NORTH BEND,,WDH4086,31,0,20,6,,90,A
367614030,2022-01-02T05:36:40,43.34658,-124.32053,0.0,266.1,511.0,NORTH BEND,,WDH4086,31,0,20,6,,90,A
367614030,2022-01-02T05:37:50,43.34655,-124.32053,0.0,268.3,511.0,NORTH BEND,,WDH4086,31,0,20,6,,90,A
367614030,2022-01-02T05:28:10,43.34656,-124.32054,0.0,275.8,511.0,NORTH BEND,,WDH4086,31,0,20,6,,90,A
367614030,2022-01-02T05:27:00,43.34656,-124.32058,0.0,274.7,511.0,NORTH BEND,,WDH4086,31,0,20,6,,90,A
367614030,2022-01-02T05:44:49,43.34656,-124.32052,0.0,302.0,511.0,NORTH BEND,,WDH4086,31,0,20,6,,90,A
367614030,2022-01-02T05:43:40,43.34656,-124.32054,0.0,308.0,511.0,NORTH BEND,,WDH4086,31,0,20,6,,90,A
367614030,2022-01-02T02:45:50,43.34653,-124.32057,0.0,209.4,511.0,NORTH BEND,,WDH4086,31,0,20,6,,90,A
367614030,2022-01-02T05:50:39,43.34657,-124.32053,0.0,325.0,511.0,NORTH BEND,,WDH4086,31,0,20,6,,90,A
367614030,2022-01-02T05:48:20,43.34657,-124.32054,0.0,321.7,511.0,NORTH BEND,,WDH4086,31,0,20,6,,90,A
367614030,2022-01-02T05:35:19,43.34657,-124.32052,0.0,270.9,511.0,NORTH BEND,,WDH4086,31,0,20,6,,90,A
367614030,2022-01-02T05:54:09,43.34653,-124.32053,0.0,341.1,511.0,NORTH BEND,,WDH4086,31,0,20,6,,90,A
367614030,2022-01-02T05:51:49,43.34656,-124.32054,0.0,330.0,511.0,NORTH BEND,,WDH4086,31,0,20,6,,90,A
367614030,2022-01-02T05:58:39,43.34654,-124.32051,0.0,343.9,511.0,NORTH BEND,,WDH4086,31,0,20,6,,90,A
367614030,2022-01-02T06:01:09,43.34654,-124.32053,0.0,334.7,511.0,NORTH BEND,,WDH4086,31,0,20,6,,90,A
367614030,2022-01-02T06:00:00,43.34654,-124.32053,0.0,341.0,511.0,NORTH BEND,,WDH4086,31,0,20,6,,90,A
367614030,2022-01-02T05:45:59,43.34656,-124.32054,0.0,310.2,511.0,NORTH BEND,,WDH4086,31,0,20,6,,90,A
367614030,2022-01-02T05:49:29,43.34657,-124.32053,0.0,319.5,511.0,NORTH BEND,,WDH4086,31,0,20,6,,90,A
367614030,2022-01-02T06:05:40,43.34657,-124.32051,0.0,279.0,511.0,NORTH BEND,,WDH4086,31,0,20,6,,90,A
367614030,2022-01-02T06:07:59,43.34658,-124.32049,0.0,250.4,511.0,NORTH BEND,,WDH4086,31,0,20,6,,90,A
367614030,2022-01-02T06:06:50,43.34661,-124.32049,0.1,266.1,511.0,NORTH BEND,,WDH4086,31,0,20,6,,90,A
367614030,2022-01-02T05:56:20,43.34652,-124.32055,0.0,342.9,511.0,NORTH BEND,,WDH4086,31,0,20,6,,90,A
367614030,2022-01-02T02:52:59,43.34656,-124.32055,0.0,250.3,511.0,NORTH BEND,,WDH4086,31,0,20,6,,90,A
367614030,2022-01-02T05:52:59,43.34652,-124.32060,0.0,335.6,511.0,NORTH BEND,,WDH4086,31,0,20,6,,90,A
367614030,2022-01-02T02:54:10,43.34655,-124.32056,0.0,256.4,511.0,NORTH BEND,,WDH4086,31,0,20,6,,90,A
367614030,2022-01-02T06:16:09,43.34658,-124.32053,0.0,223.1,511.0,NORTH BEND,,WDH4086,31,0,20,6,,90,A
367614030,2022-01-02T05:55:19,43.34651,-124.32056,0.0,344.9,511.0,NORTH BEND,,WDH4086,31,0,20,6,,90,A
367614030,2022-01-02T05:59:50,43.34655,-124.32052,0.0,344.0,511.0,NORTH BEND,,WDH4086,31,0,20,6,,90,A
367614030,2022-01-02T06:17:20,43.34657,-124.32054,0.0,226.8,511.0,NORTH BEND,,WDH4086,31,0,20,6,,90,A
367614030,2022-01-02T06:02:10,43.34657,-124.32051,0.0,332.4,511.0,NORTH BEND,,WDH4086,31,0,20,6,,90,A
367614030,2022-01-02T06:22:00,43.34656,-124.32052,0.0,227.4,511.0,NORTH BEND,,WDH4086,31,0,20,6,,90,A
367614030,2022-01-02T06:19:39,43.34673,-124.32041,0.0,227.7,511.0,NORTH BEND,,WDH4086,31,0,20,6,,90,A
367614030,2022-01-02T06:20:49,43.34656,-124.32052,0.0,227.0,511.0,NORTH BEND,,WDH4086,31,0,20,6,,90,A
367614030,2022-01-02T06:24:19,43.34655,-124.32052,0.0,242.9,511.0,NORTH BEND,,WDH4086,31,0,20,6,,90,A
367614030,2022-01-02T06:25:30,43.34657,-124.32055,0.0,246.8,511.0,NORTH BEND,,WDH4086,31,0,20,6,,90,A
367614030,2022-01-02T06:23:09,43.34660,-124.32051,0.0,230.4,511.0,NORTH BEND,,WDH4086,31,0,20,6,,90,A
367614030,2022-01-02T06:10:19,43.34656,-124.32054,0.0,236.1,511.0,NORTH BEND,,WDH4086,31,0,20,6,,90,A
367614030,2022-01-02T06:09:10,43.34655,-124.32052,0.1,237.6,511.0,NORTH BEND,,WDH4086,31,0,20,6,,90,A
367614030,2022-01-02T06:33:30,43.34659,-124.32058,0.1,224.1,511.0,NORTH BEND,,WDH4086,31,0,20,6,,90,A
367614030,2022-01-02T06:31:10,43.34655,-124.32054,0.0,232.7,511.0,NORTH BEND,,WDH4086,31,0,20,6,,90,A
367614030,2022-01-02T06:14:59,43.34663,-124.32052,0.0,225.9,511.0,NORTH BEND,,WDH4086,31,0,20,6,,90,A
367614030,2022-01-02T06:12:39,43.34654,-124.32054,0.0,225.3,511.0,NORTH BEND,,WDH4086,31,0,20,6,,90,A
367614030,2022-01-02T06:35:50,43.34654,-124.32057,0.0,221.4,511.0,NORTH BEND,,WDH4086,31,0,20,6,,90,A
367614030,2022-01-02T06:13:50,43.34654,-124.32053,0.0,224.6,511.0,NORTH BEND,,WDH4086,31,0,20,6,,90,A
367614030,2022-01-02T06:38:10,43.34656,-124.32058,0.0,221.8,511.0,NORTH BEND,,WDH4086,31,0,20,6,,90,A
367614030,2022-01-02T06:34:39,43.34655,-124.32055,0.1,226.7,511.0,NORTH BEND,,WDH4086,31,0,20,6,,90,A
367614030,2022-01-02T06:39:20,43.34654,-124.32056,0.0,224.0,511.0,NORTH BEND,,WDH4086,31,0,20,6,,90,A
367614030,2022-01-02T06:40:30,43.34656,-124.32056,0.1,226.5,511.0,NORTH BEND,,WDH4086,31,0,20,6,,90,A
367614030,2022-01-02T06:18:30,43.34661,-124.32050,0.0,226.6,511.0,NORTH BEND,,WDH4086,31,0,20,6,,90,A
367614030,2022-01-02T06:42:40,43.34654,-124.32053,0.0,222.4,511.0,NORTH BEND,,WDH4086,31,0,20,6,,90,A
367614030,2022-01-02T06:43:49,43.34655,-124.32055,0.0,219.3,511.0,NORTH BEND,,WDH4086,31,0,20,6,,90,A
367614030,2022-01-02T06:26:40,43.34660,-124.32049,0.0,257.9,511.0,NORTH BEND,,WDH4086,31,0,20,6,,90,A
367614030,2022-01-02T06:28:00,43.34659,-124.32050,0.0,250.8,511.0,NORTH BEND,,WDH4086,31,0,20,6,,90,A
367614030,2022-01-02T06:46:20,43.34649,-124.32054,0.0,218.6,511.0,NORTH BEND,,WDH4086,31,0,20,6,,90,A
367614030,2022-01-02T06:29:10,43.34656,-124.32054,0.1,246.9,511.0,NORTH BEND,,WDH4086,31,0,20,6,,90,A
367614030,2022-01-02T03:13:59,43.34655,-124.32051,0.0,226.3,511.0,NORTH BEND,,WDH4086,31,0,20,6,,90,A
367614030,2022-01-02T06:56:49,43.34657,-124.32049,0.0,272.3,511.0,NORTH BEND,,WDH4086,31,0,20,6,,90,A
367614030,2022-01-02T06:54:39,43.34654,-124.32053,0.0,237.1,511.0,NORTH BEND,,WDH4086,31,0,20,6,,90,A
367614030,2022-01-02T06:58:00,43.34654,-124.32052,0.0,291.2,511.0,NORTH BEND,,WDH4086,31,0,20,6,,90,A
367614030,2022-01-02T06:37:00,43.34656,-124.32058,0.0,220.5,511.0,NORTH BEND,,WDH4086,31,0,20,6,,90,A
367614030,2022-01-02T03:19:50,43.34654,-124.32051,0.0,217.5,511.0,NORTH BEND,,WDH4086,31,0,20,6,,90,A
367614030,2022-01-02T06:53:31,43.34655,-124.32051,0.0,238.5,511.0,NORTH BEND,,WDH4086,31,0,20,6,,90,A
367614030,2022-01-02T07:01:20,43.34654,-124.32054,0.1,308.5,511.0,NORTH BEND,,WDH4086,31,0,20,6,,90,A
367614030,2022-01-02T07:03:30,43.34655,-124.32052,0.0,306.7,511.0,NORTH BEND,,WDH4086,31,0,20,6,,90,A
367614030,2022-01-02T06:41:39,43.34653,-124.32055,0.0,223.4,511.0,NORTH BEND,,WDH4086,31,0,20,6,,90,A
367614030,2022-01-02T07:05:49,43.34654,-124.32053,0.0,311.9,511.0,NORTH BEND,,WDH4086,31,0,20,6,,90,A
367614030,2022-01-02T06:45:10,43.34654,-124.32052,0.0,218.2,511.0,NORTH BEND,,WDH4086,31,0,20,6,,90,A
367614030,2022-01-02T07:09:20,43.34654,-124.32056,0.0,317.1,511.0,NORTH BEND,,WDH4086,31,0,20,6,,90,A
367614030,2022-01-02T07:10:40,43.34653,-124.32054,0.0,309.4,511.0,NORTH BEND,,WDH4086,31,0,20,6,,90,A
367614030,2022-01-02T07:11:50,43.34655,-124.32051,0.0,312.6,511.0,NORTH BEND,,WDH4086,31,0,20,6,,90,A
367614030,2022-01-02T06:47:30,43.34646,-124.32062,0.0,214.0,511.0,NORTH BEND,,WDH4086,31,0,20,6,,90,A
367614030,2022-01-02T06:48:40,43.34650,-124.32057,0.0,213.1,511.0,NORTH BEND,,WDH4086,31,0,20,6,,90,A
367614030,2022-01-02T06:49:49,43.34648,-124.32058,0.0,238.4,511.0,NORTH BEND,,WDH4086,31,0,20,6,,90,A
367614030,2022-01-02T06:51:00,43.34650,-124.32057,0.0,243.8,511.0,NORTH BEND,,WDH4086,31,0,20,6,,90,A
367614030,2022-01-02T06:52:20,43.34653,-124.32054,0.0,237.0,511.0,NORTH BEND,,WDH4086,31,0,20,6,,90,A
367614030,2022-01-02T07:17:40,43.34653,-124.32054,0.0,316.1,511.0,NORTH BEND,,WDH4086,31,0,20,6,,90,A
367614030,2022-01-02T07:14:10,43.34653,-124.32053,0.0,322.6,511.0,NORTH BEND,,WDH4086,31,0,20,6,,90,A
367614030,2022-01-02T06:55:40,43.34655,-124.32055,0.0,238.2,511.0,NORTH BEND,,WDH4086,31,0,20,6,,90,A
367614030,2022-01-02T03:25:39,43.34655,-124.32051,0.0,224.1,511.0,NORTH BEND,,WDH4086,31,0,20,6,,90,A
367614030,2022-01-02T07:18:50,43.34653,-124.32056,0.0,316.5,511.0,NORTH BEND,,WDH4086,31,0,20,6,,90,A
367614030,2022-01-02T07:00:09,43.34655,-124.32052,0.0,306.6,511.0,NORTH BEND,,WDH4086,31,0,20,6,,90,A
367614030,2022-01-02T07:20:01,43.34652,-124.32055,0.0,320.3,511.0,NORTH BEND,,WDH4086,31,0,20,6,,90,A
367614030,2022-01-02T07:08:10,43.34654,-124.32055,0.0,312.9,511.0,NORTH BEND,,WDH4086,31,0,20,6,,90,A
367614030,2022-01-02T07:07:00,43.34654,-124.32053,0.0,308.9,511.0,NORTH BEND,,WDH4086,31,0,20,6,,90,A
367614030,2022-01-02T07:04:40,43.34653,-124.32055,0.0,310.4,511.0,NORTH BEND,,WDH4086,31,0,20,6,,90,A
367614030,2022-01-02T07:36:19,43.34658,-124.32056,0.0,315.2,511.0,NORTH BEND,,WDH4086,31,0,20,6,,90,A
367614030,2022-01-02T07:27:10,43.34656,-124.32057,0.0,318.0,511.0,NORTH BEND,,WDH4086,31,0,20,6,,90,A
367614030,2022-01-02T07:13:00,43.34653,-124.32053,0.0,314.9,511.0,NORTH BEND,,WDH4086,31,0,20,6,,90,A
367614030,2022-01-02T07:37:30,43.34656,-124.32057,0.0,322.0,511.0,NORTH BEND,,WDH4086,31,0,20,6,,90,A
367614030,2022-01-02T07:40:50,43.34657,-124.32058,0.0,320.8,511.0,NORTH BEND,,WDH4086,31,0,20,6,,90,A
367614030,2022-01-02T07:15:20,43.34653,-124.32054,0.0,314.9,511.0,NORTH BEND,,WDH4086,31,0,20,6,,90,A
367614030,2022-01-02T07:16:29,43.34654,-124.32055,0.0,314.4,511.0,NORTH BEND,,WDH4086,31,0,20,6,,90,A
367614030,2022-01-02T07:44:19,43.34657,-124.32056,0.0,329.9,511.0,NORTH BEND,,WDH4086,31,0,20,6,,90,A
367614030,2022-01-02T07:41:59,43.34654,-124.32056,0.0,326.5,511.0,NORTH BEND,,WDH4086,31,0,20,6,,90,A
367614030,2022-01-02T07:52:40,43.34653,-124.32055,0.0,272.1,511.0,NORTH BEND,,WDH4086,31,0,20,6,,90,A
367614030,2022-01-02T07:21:20,43.34653,-124.32053,0.0,319.0,511.0,NORTH BEND,,WDH4086,31,0,20,6,,90,A
367614030,2022-01-02T07:38:40,43.34657,-124.32057,0.0,323.1,511.0,NORTH BEND,,WDH4086,31,0,20,6,,90,A
367614030,2022-01-02T07:39:41,43.34658,-124.32058,0.0,321.6,511.0,NORTH BEND,,WDH4086,31,0,20,6,,90,A
367614030,2022-01-02T07:23:40,43.34654,-124.32056,0.0,317.6,511.0,NORTH BEND,,WDH4086,31,0,20,6,,90,A
367614030,2022-01-02T07:24:50,43.34654,-124.32056,0.0,319.6,511.0,NORTH BEND,,WDH4086,31,0,20,6,,90,A
367614030,2022-01-02T07:32:50,43.34656,-124.32054,0.0,319.4,511.0,NORTH BEND,,WDH4086,31,0,20,6,,90,A
367614030,2022-01-02T07:56:20,43.34654,-124.32053,0.0,254.7,511.0,NORTH BEND,,WDH4086,31,0,20,6,,90,A
367614030,2022-01-02T07:28:19,43.34654,-124.32052,0.0,314.4,511.0,NORTH BEND,,WDH4086,31,0,20,6,,90,A
367614030,2022-01-02T07:29:30,43.34654,-124.32051,0.0,320.2,511.0,NORTH BEND,,WDH4086,31,0,20,6,,90,A
367614030,2022-01-02T07:46:39,43.34655,-124.32053,0.0,312.4,511.0,NORTH BEND,,WDH4086,31,0,20,6,,90,A
367614030,2022-01-02T07:54:00,43.34654,-124.32054,0.0,273.6,511.0,NORTH BEND,,WDH4086,31,0,20,6,,90,A
367614030,2022-01-02T07:50:20,43.34654,-124.32053,0.0,285.0,511.0,NORTH BEND,,WDH4086,31,0,20,6,,90,A
367614030,2022-01-02T07:58:40,43.34654,-124.32055,0.0,251.3,511.0,NORTH BEND,,WDH4086,31,0,20,6,,90,A
367614030,2022-01-02T07:43:10,43.34654,-124.32056,0.0,328.6,511.0,NORTH BEND,,WDH4086,31,0,20,6,,90,A
367614030,2022-01-02T03:38:10,43.34655,-124.32054,0.0,255.6,511.0,NORTH BEND,,WDH4086,31,0,20,6,,90,A
367614030,2022-01-02T08:08:11,43.34655,-124.32055,0.0,233.0,511.0,NORTH BEND,,WDH4086,31,0,20,6,,90,A
367614030,2022-01-02T08:10:30,43.34654,-124.32054,0.0,222.3,511.0,NORTH BEND,,WDH4086,31,0,20,6,,90,A
367614030,2022-01-02T07:55:10,43.34653,-124.32053,0.0,265.4,511.0,NORTH BEND,,WDH4086,31,0,20,6,,90,A
367614030,2022-01-02T07:49:00,43.34656,-124.32054,0.0,307.2,511.0,NORTH BEND,,WDH4086,31,0,20,6,,90,A
367614030,2022-01-02T08:11:40,43.34654,-124.32053,0.0,208.2,511.0,NORTH BEND,,WDH4086,31,0,20,6,,90,A
367614030,2022-01-02T08:05:49,43.34657,-124.32057,0.0,241.4,511.0,NORTH BEND,,WDH4086,31,0,20,6,,90,A
367614030,2022-01-02T07:47:49,43.34655,-124.32052,0.0,311.7,511.0,NORTH BEND,,WDH4086,31,0,20,6,,90,A
367614030,2022-01-02T03:45:10,43.34654,-124.32055,0.0,267.6,511.0,NORTH BEND,,WDH4086,31,0,20,6,,90,A
367614030,2022-01-02T08:25:30,43.34654,-124.32055,0.0,236.3,511.0,NORTH BEND,,WDH4086,31,0,20,6,,90,A
367614030,2022-01-02T07:59:49,43.34655,-124.32053,0.0,245.7,511.0,NORTH BEND,,WDH4086,31,0,20,6,,90,A
367614030,2022-01-02T07:57:29,43.34653,-124.32053,0.0,246.5,511.0,NORTH BEND,,WDH4086,31,0,20,6,,90,A
367614030,2022-01-02T08:17:20,43.34652,-124.32052,0.0,161.9,511.0,NORTH BEND,,WDH4086,31,0,20,6,,90,A
367614030,2022-01-02T08:14:00,43.34655,-124.32053,0.0,174.2,511.0,NORTH BEND,,WDH4086,31,0,20,6,,90,A
367614030,2022-01-02T08:01:10,43.34656,-124.32054,0.0,256.7,511.0,NORTH BEND,,WDH4086,31,0,20,6,,90,A
367614030,2022-01-02T08:04:39,43.34656,-124.32056,0.0,250.7,511.0,NORTH BEND,,WDH4086,31,0,20,6,,90,A
367614030,2022-01-02T08:21:59,43.34656,-124.32055,0.0,225.3,511.0,NORTH BEND,,WDH4086,31,0,20,6,,90,A
367614030,2022-01-02T08:03:30,43.34655,-124.32053,0.1,247.0,511.0,NORTH BEND,,WDH4086,31,0,20,6,,90,A
367614030,2022-01-02T08:31:59,43.34649,-124.32053,0.0,243.1,511.0,NORTH BEND,,WDH4086,31,0,20,6,,90,A
367614030,2022-01-02T08:35:40,43.34656,-124.32053,0.0,249.0,511.0,NORTH BEND,,WDH4086,31,0,20,6,,90,A
367614030,2022-01-02T03:48:29,43.34650,-124.32054,0.0,267.4,511.0,NORTH BEND,,WDH4086,31,0,20,6,,90,A
367614030,2022-01-02T08:07:00,43.34657,-124.32056,0.0,243.7,511.0,NORTH BEND,,WDH4086,31,0,20,6,,90,A
367614030,2022-01-02T08:09:20,43.34655,-124.32055,0.0,231.2,511.0,NORTH BEND,,WDH4086,31,0,20,6,,90,A
367614030,2022-01-02T08:40:21,43.34654,-124.32055,0.1,260.1,511.0,NORTH BEND,,WDH4086,31,0,20,6,,90,A
367614030,2022-01-02T08:12:50,43.34656,-124.32053,0.0,193.1,511.0,NORTH BEND,,WDH4086,31,0,20,6,,90,A
367614030,2022-01-02T08:15:10,43.34656,-124.32054,0.0,167.7,511.0,NORTH BEND,,WDH4086,31,0,20,6,,90,A
367614030,2022-01-02T08:33:09,43.34652,-124.32054,0.0,249.3,511.0,NORTH BEND,,WDH4086,31,0,20,6,,90,A
367614030,2022-01-02T08:19:41,43.34654,-124.32054,0.0,187.4,511.0,NORTH BEND,,WDH4086,31,0,20,6,,90,A
367614030,2022-01-02T08:37:59,43.34655,-124.32054,0.0,253.9,511.0,NORTH BEND,,WDH4086,31,0,20,6,,90,A
367614030,2022-01-02T08:20:50,43.34655,-124.32053,0.0,214.2,511.0,NORTH BEND,,WDH4086,31,0,20,6,,90,A
367614030,2022-01-02T08:42:50,43.34654,-124.32053,0.0,253.0,511.0,NORTH BEND,,WDH4086,31,0,20,6,,90,A
367614030,2022-01-02T08:23:10,43.34656,-124.32056,0.0,218.2,511.0,NORTH BEND,,WDH4086,31,0,20,6,,90,A
367614030,2022-01-02T08:24:20,43.34654,-124.32052,0.0,226.7,511.0,NORTH BEND,,WDH4086,31,0,20,6,,90,A
367614030,2022-01-02T08:26:39,43.34654,-124.32054,0.0,238.9,511.0,NORTH BEND,,WDH4086,31,0,20,6,,90,A
367614030,2022-01-02T09:03:20,43.34655,-124.32054,0.0,240.1,511.0,NORTH BEND,,WDH4086,31,0,20,6,,90,A
367614030,2022-01-02T09:00:00,43.34653,-124.32054,0.0,251.1,511.0,NORTH BEND,,WDH4086,31,0,20,6,,90,A
367614030,2022-01-02T08:29:10,43.34652,-124.32054,0.0,248.9,511.0,NORTH BEND,,WDH4086,31,0,20,6,,90,A
367614030,2022-01-02T09:02:19,43.34656,-124.32053,0.0,242.3,511.0,NORTH BEND,,WDH4086,31,0,20,6,,90,A
367614030,2022-01-02T08:50:59,43.34656,-124.32054,0.0,243.2,511.0,NORTH BEND,,WDH4086,31,0,20,6,,90,A
367614030,2022-01-02T08:28:00,43.34652,-124.32055,0.0,246.8,511.0,NORTH BEND,,WDH4086,31,0,20,6,,90,A
367614030,2022-01-02T09:04:30,43.34656,-124.32052,0.0,242.4,511.0,NORTH BEND,,WDH4086,31,0,20,6,,90,A
367614030,2022-01-02T09:07:59,43.34656,-124.32053,0.0,241.9,511.0,NORTH BEND,,WDH4086,31,0,20,6,,90,A
367614030,2022-01-02T08:53:20,43.34657,-124.32053,0.0,246.5,511.0,NORTH BEND,,WDH4086,31,0,20,6,,90,A
367614030,2022-01-02T09:12:40,43.34658,-124.32054,0.1,259.2,511.0,NORTH BEND,,WDH4086,31,0,20,6,,90,A
367614030,2022-01-02T08:41:41,43.34655,-124.32054,0.0,258.3,511.0,NORTH BEND,,WDH4086,31,0,20,6,,90,A
367614030,2022-01-02T08:36:49,43.34654,-124.32052,0.0,246.7,511.0,NORTH BEND,,WDH4086,31,0,20,6,,90,A
367614030,2022-01-02T08:59:10,43.34654,-124.32053,0.0,256.9,511.0,NORTH BEND,,WDH4086,31,0,20,6,,90,A
367614030,2022-01-02T08:43:59,43.34656,-124.32051,0.0,252.6,511.0,NORTH BEND,,WDH4086,31,0,20,6,,90,A
367614030,2022-01-02T08:49:50,43.34655,-124.32052,0.0,242.7,511.0,NORTH BEND,,WDH4086,31,0,20,6,,90,A
367614030,2022-01-02T09:19:40,43.34656,-124.32053,0.0,281.2,511.0,NORTH BEND,,WDH4086,31,0,20,6,,90,A
367614030,2022-01-02T08:48:39,43.34657,-124.32051,0.0,244.9,511.0,NORTH BEND,,WDH4086,31,0,20,6,,90,A
367614030,2022-01-02T09:22:00,43.34656,-124.32052,0.0,280.4,511.0,NORTH BEND,,WDH4086,31,0,20,6,,90,A
367614030,2022-01-02T09:11:30,43.34656,-124.32051,0.0,244.0,511.0,NORTH BEND,,WDH4086,31,0,20,6,,90,A
367614030,2022-01-02T08:52:09,43.34654,-124.32053,0.0,245.7,511.0,NORTH BEND,,WDH4086,31,0,20,6,,90,A
367614030,2022-01-02T04:08:30,43.34656,-124.32048,0.0,255.4,511.0,NORTH BEND,,WDH4086,31,0,20,6,,90,A
367614030,2022-01-02T09:26:39,43.34653,-124.32055,0.0,248.7,511.0,NORTH BEND,,WDH4086,31,0,20,6,,90,A
367614030,2022-01-02T09:17:19,43.34656,-124.32052,0.0,269.4,511.0,NORTH BEND,,WDH4086,31,0,20,6,,90,A
367614030,2022-01-02T09:28:59,43.34657,-124.32053,0.0,251.0,511.0,NORTH BEND,,WDH4086,31,0,20,6,,90,A
367614030,2022-01-02T09:20:49,43.34658,-124.32052,0.0,282.9,511.0,NORTH BEND,,WDH4086,31,0,20,6,,90,A
367614030,2022-01-02T09:01:09,43.34655,-124.32052,0.0,244.3,511.0,NORTH BEND,,WDH4086,31,0,20,6,,90,A
367614030,2022-01-02T08:55:40,43.34656,-124.32053,0.0,253.5,511.0,NORTH BEND,,WDH4086,31,0,20,6,,90,A
367614030,2022-01-02T08:58:00,43.34654,-124.32055,0.0,250.5,511.0,NORTH BEND,,WDH4086,31,0,20,6,,90,A
367614030,2022-01-02T09:16:09,43.34656,-124.32051,0.0,265.4,511.0,NORTH BEND,,WDH4086,31,0,20,6,,90,A
367614030,2022-01-02T09:25:30,43.34654,-124.32055,0.0,254.2,511.0,NORTH BEND,,WDH4086,31,0,20,6,,90,A
367614030,2022-01-02T09:06:50,43.34656,-124.32055,0.0,241.4,511.0,NORTH BEND,,WDH4086,31,0,20,6,,90,A
367614030,2022-01-02T09:38:20,43.34657,-124.32054,0.0,282.5,511.0,NORTH BEND,,WDH4086,31,0,20,6,,90,A
367614030,2022-01-02T09:13:50,43.34658,-124.32053,0.0,259.6,511.0,NORTH BEND,,WDH4086,31,0,20,6,,90,A
367614030,2022-01-02T09:44:20,43.34656,-124.32055,0.0,296.6,511.0,NORTH BEND,,WDH4086,31,0,20,6,,90,A
367614030,2022-01-02T09:47:50,43.34657,-124.32052,0.0,294.9,511.0,NORTH BEND,,WDH4086,31,0,20,6,,90,A
367614030,2022-01-02T09:51:19,43.34658,-124.32054,0.0,291.8,511.0,NORTH BEND,,WDH4086,31,0,20,6,,90,A
367614030,2022-01-02T09:18:30,43.34657,-124.32052,0.0,277.1,511.0,NORTH BEND,,WDH4086,31,0,20,6,,90,A
367614030,2022-01-02T09:30:21,43.34658,-124.32054,0.0,249.2,511.0,NORTH BEND,,WDH4086,31,0,20,6,,90,A
367614030,2022-01-02T09:33:50,43.34658,-124.32052,0.0,262.2,511.0,NORTH BEND,,WDH4086,31,0,20,6,,90,A
367614030,2022-01-02T04:22:11,43.34656,-124.32050,0.0,227.2,511.0,NORTH BEND,,WDH4086,31,0,20,6,,90,A
367614030,2022-01-02T09:46:39,43.34656,-124.32054,0.0,297.0,511.0,NORTH BEND,,WDH4086,31,0,20,6,,90,A
367614030,2022-01-02T09:36:01,43.34659,-124.32051,0.0,268.2,511.0,NORTH BEND,,WDH4086,31,0,20,6,,90,A
367614030,2022-01-02T09:24:19,43.34654,-124.32053,0.0,254.0,511.0,NORTH BEND,,WDH4086,31,0,20,6,,90,A
367614030,2022-01-02T09:52:30,43.34658,-124.32053,0.0,286.8,511.0,NORTH BEND,,WDH4086,31,0,20,6,,90,A
367614030,2022-01-02T09:40:50,43.34655,-124.32054,0.0,291.6,511.0,NORTH BEND,,WDH4086,31,0,20,6,,90,A
367614030,2022-01-02T09:27:49,43.34648,-124.32055,0.0,253.5,511.0,NORTH BEND,,WDH4086,31,0,20,6,,90,A
367614030,2022-01-02T09:31:29,43.34654,-124.32051,0.0,243.8,511.0,NORTH BEND,,WDH4086,31,0,20,6,,90,A
367614030,2022-01-02T09:39:39,43.34658,-124.32054,0.0,288.1,511.0,NORTH BEND,,WDH4086,31,0,20,6,,90,A
367614030,2022-01-02T10:05:59,43.34656,-124.32055,0.0,298.0,511.0,NORTH BEND,,WDH4086,31,0,20,6,,90,A
367614030,2022-01-02T09:41:59,43.34658,-124.32054,0.0,296.1,511.0,NORTH BEND,,WDH4086,31,0,20,6,,90,A
367614030,2022-01-02T09:37:09,43.34658,-124.32052,0.0,276.7,511.0,NORTH BEND,,WDH4086,31,0,20,6,,90,A
367614030,2022-01-02T09:43:09,43.34656,-124.32055,0.1,291.8,511.0,NORTH BEND,,WDH4086,31,0,20,6,,90,A
367614030,2022-01-02T10:11:49,43.34655,-124.32054,0.0,322.5,511.0,NORTH BEND,,WDH4086,31,0,20,6,,90,A
367614030,2022-01-02T09:50:09,43.34657,-124.32055,0.0,296.5,511.0,NORTH BEND,,WDH4086,31,0,20,6,,90,A
367614030,2022-01-02T10:01:20,43.34659,-124.32054,0.0,284.1,511.0,NORTH BEND,,WDH4086,31,0,20,6,,90,A
367614030,2022-01-02T10:02:30,43.34656,-124.32056,0.0,297.3,511.0,NORTH BEND,,WDH4086,31,0,20,6,,90,A
367614030,2022-01-02T10:15:20,43.34658,-124.32056,0.0,308.8,511.0,NORTH BEND,,WDH4086,31,0,20,6,,90,A
367614030,2022-01-02T09:45:29,43.34655,-124.32054,0.0,296.6,511.0,NORTH BEND,,WDH4086,31,0,20,6,,90,A
367614030,2022-01-02T10:17:30,43.34656,-124.32053,0.1,308.9,511.0,NORTH BEND,,WDH4086,31,0,20,6,,90,A
367614030,2022-01-02T09:48:59,43.34658,-124.32054,0.0,294.8,511.0,NORTH BEND,,WDH4086,31,0,20,6,,90,A
367614030,2022-01-02T10:13:01,43.34656,-124.32051,0.0,316.7,511.0,NORTH BEND,,WDH4086,31,0,20,6,,90,A
367614030,2022-01-02T10:14:09,43.34657,-124.32054,0.0,317.8,511.0,NORTH BEND,,WDH4086,31,0,20,6,,90,A
367614030,2022-01-02T09:53:39,43.34657,-124.32054,0.0,285.1,511.0,NORTH BEND,,WDH4086,31,0,20,6,,90,A
367614030,2022-01-02T09:54:50,43.34659,-124.32052,0.0,291.9,511.0,NORTH BEND,,WDH4086,31,0,20,6,,90,A
367614030,2022-01-02T09:55:59,43.34658,-124.32054,0.0,291.1,511.0,NORTH BEND,,WDH4086,31,0,20,6,,90,A
367614030,2022-01-02T09:58:10,43.34654,-124.32054,0.0,291.9,511.0,NORTH BEND,,WDH4086,31,0,20,6,,90,A
367614030,2022-01-02T09:59:19,43.34658,-124.32054,0.0,290.0,511.0,NORTH BEND,,WDH4086,31,0,20,6,,90,A
367614030,2022-01-02T10:22:10,43.34656,-124.32056,0.0,318.9,511.0,NORTH BEND,,WDH4086,31,0,20,6,,90,A
367614030,2022-01-02T10:00:10,43.34657,-124.32052,0.0,289.1,511.0,NORTH BEND,,WDH4086,31,0,20,6,,90,A
367614030,2022-01-02T10:23:19,43.34655,-124.32055,0.0,323.3,511.0,NORTH BEND,,WDH4086,31,0,20,6,,90,A
367614030,2022-01-02T10:03:39,43.34656,-124.32057,0.0,295.5,511.0,NORTH BEND,,WDH4086,31,0,20,6,,90,A
367614030,2022-01-02T10:08:19,43.34657,-124.32054,0.0,298.2,511.0,NORTH BEND,,WDH4086,31,0,20,6,,90,A
367614030,2022-01-02T10:40:10,43.34654,-124.32051,0.0,331.2,511.0,NORTH BEND,,WDH4086,31,0,20,6,,90,A
367614030,2022-01-02T10:37:50,43.34657,-124.32051,0.1,329.7,511.0,NORTH BEND,,WDH4086,31,0,20,6,,90,A
367614030,2022-01-02T10:04:49,43.34656,-124.32055,0.0,295.1,511.0,NORTH BEND,,WDH4086,31,0,20,6,,90,A
367614030,2022-01-02T10:16:29,43.34656,-124.32055,0.0,306.7,511.0,NORTH BEND,,WDH4086,31,0,20,6,,90,A
367614030,2022-01-02T10:41:20,43.34657,-124.32055,0.0,331.1,511.0,NORTH BEND,,WDH4086,31,0,20,6,,90,A
367614030,2022-01-02T10:07:09,43.34657,-124.32054,0.0,303.9,511.0,NORTH BEND,,WDH4086,31,0,20,6,,90,A
367614030,2022-01-02T04:45:30,43.34656,-124.32052,0.0,263.1,511.0,NORTH BEND,,WDH4086,31,0,20,6,,90,A
367614030,2022-01-02T10:21:00,43.34656,-124.32056,0.0,313.3,511.0,NORTH BEND,,WDH4086,31,0,20,6,,90,A
367614030,2022-01-02T10:09:30,43.34658,-124.32054,0.0,306.5,511.0,NORTH BEND,,WDH4086,31,0,20,6,,90,A
367614030,2022-01-02T10:48:19,43.34656,-124.32054,0.0,328.9,511.0,NORTH BEND,,WDH4086,31,0,20,6,,90,A
367614030,2022-01-02T10:47:10,43.34656,-124.32055,0.0,329.4,511.0,NORTH BEND,,WDH4086,31,0,20,6,,90,A
367614030,2022-01-02T10:10:40,43.34656,-124.32053,0.0,316.0,511.0,NORTH BEND,,WDH4086,31,0,20,6,,90,A
367614030,2022-01-02T04:48:00,43.34656,-124.32053,0.0,257.9,511.0,NORTH BEND,,WDH4086,31,0,20,6,,90,A
367614030,2022-01-02T10:43:39,43.34657,-124.32055,0.0,331.1,511.0,NORTH BEND,,WDH4086,31,0,20,6,,90,A
367614030,2022-01-02T10:55:19,43.34658,-124.32052,0.0,318.3,511.0,NORTH BEND,,WDH4086,31,0,20,6,,90,A
367614030,2022-01-02T10:44:50,43.34658,-124.32053,0.1,330.2,511.0,NORTH BEND,,WDH4086,31,0,20,6,,90,A
367614030,2022-01-02T10:19:49,43.34654,-124.32056,0.1,306.6,511.0,NORTH BEND,,WDH4086,31,0,20,6,,90,A
367614030,2022-01-02T10:24:30,43.34654,-124.32058,0.0,326.8,511.0,NORTH BEND,,WDH4086,31,0,20,6,,90,A
367614030,2022-01-02T10:59:59,43.34656,-124.32051,0.1,306.7,511.0,NORTH BEND,,WDH4086,31,0,20,6,,90,A
367614030,2022-01-02T10:39:00,43.34658,-124.32052,0.0,331.1,511.0,NORTH BEND,,WDH4086,31,0,20,6,,90,A
367614030,2022-01-02T10:25:39,43.34654,-124.32054,0.0,330.1,511.0,NORTH BEND,,WDH4086,31,0,20,6,,90,A
367614030,2022-01-02T10:26:50,43.34656,-124.32055,0.0,332.3,511.0,NORTH BEND,,WDH4086,31,0,20,6,,90,A
367614030,2022-01-02T10:27:59,43.34656,-124.32055,0.0,331.4,511.0,NORTH BEND,,WDH4086,31,0,20,6,,90,A
367614030,2022-01-02T11:10:39,43.34654,-124.32052,0.0,272.1,511.0,NORTH BEND,,WDH4086,31,0,20,6,,90,A
367614030,2022-01-02T10:31:59,43.34655,-124.32054,0.1,328.5,511.0,NORTH BEND,,WDH4086,31,0,20,6,,90,A
367614030,2022-01-02T11:03:30,43.34657,-124.32053,0.0,313.6,511.0,NORTH BEND,,WDH4086,31,0,20,6,,90,A
367614030,2022-01-02T11:18:49,43.34656,-124.32050,0.1,229.9,511.0,NORTH BEND,,WDH4086,31,0,20,6,,90,A
367614030,2022-01-02T11:21:10,43.34652,-124.32060,0.0,210.2,511.0,NORTH BEND,,WDH4086,31,0,20,6,,90,A
367614030,2022-01-02T10:45:59,43.34656,-124.32055,0.1,330.4,511.0,NORTH BEND,,WDH4086,31,0,20,6,,90,A
367614030,2022-01-02T04:58:30,43.34656,-124.32053,0.0,268.6,511.0,NORTH BEND,,WDH4086,31,0,20,6,,90,A
367614030,2022-01-02T10:42:30,43.34654,-124.32055,0.0,332.9,511.0,NORTH BEND,,WDH4086,31,0,20,6,,90,A
367614030,2022-01-02T10:49:30,43.34656,-124.32055,0.1,328.0,511.0,NORTH BEND,,WDH4086,31,0,20,6,,90,A
367614030,2022-01-02T10:50:39,43.34657,-124.32054,0.1,329.4,511.0,NORTH BEND,,WDH4086,31,0,20,6,,90,A
367614030,2022-01-02T11:26:49,43.34658,-124.32055,0.0,214.6,511.0,NORTH BEND,,WDH4086,31,0,20,6,,90,A
367614030,2022-01-02T10:51:49,43.34658,-124.32055,0.0,328.8,511.0,NORTH BEND,,WDH4086,31,0,20,6,,90,A
367614030,2022-01-02T11:31:31,43.34655,-124.32051,0.1,247.0,511.0,NORTH BEND,,WDH4086,31,0,20,6,,90,A
367614030,2022-01-02T11:15:20,43.34655,-124.32051,0.0,261.0,511.0,NORTH BEND,,WDH4086,31,0,20,6,,90,A
367614030,2022-01-02T11:04:51,43.34655,-124.32052,0.0,306.9,511.0,NORTH BEND,,WDH4086,31,0,20,6,,90,A
367614030,2022-01-02T11:05:59,43.34658,-124.32053,0.1,307.1,511.0,NORTH BEND,,WDH4086,31,0,20,6,,90,A
367614030,2022-01-02T10:57:39,43.34656,-124.32052,0.0,312.6,511.0,NORTH BEND,,WDH4086,31,0,20,6,,90,A
367614030,2022-01-02T05:04:39,43.34654,-124.32051,0.1,251.5,511.0,NORTH BEND,,WDH4086,31,0,20,6,,90,A
367614030,2022-01-02T10:58:51,43.34656,-124.32047,0.0,308.4,511.0,NORTH BEND,,WDH4086,31,0,20,6,,90,A
367614030,2022-01-02T11:00:11,43.34655,-124.32052,0.0,306.1,511.0,NORTH BEND,,WDH4086,31,0,20,6,,90,A
367614030,2022-01-02T10:53:00,43.34657,-124.32051,0.0,328.2,511.0,NORTH BEND,,WDH4086,31,0,20,6,,90,A
367614030,2022-01-02T11:08:20,43.34658,-124.32054,0.0,298.7,511.0,NORTH BEND,,WDH4086,31,0,20,6,,90,A
367614030,2022-01-02T11:38:31,43.34653,-124.32058,0.1,246.6,511.0,NORTH BEND,,WDH4086,31,0,20,6,,90,A
367614030,2022-01-02T11:23:20,43.34654,-124.32056,0.0,204.4,511.0,NORTH BEND,,WDH4086,31,0,20,6,,90,A
367614030,2022-01-02T11:24:29,43.34650,-124.32062,0.0,208.4,511.0,NORTH BEND,,WDH4086,31,0,20,6,,90,A
367614030,2022-01-02T11:42:00,43.34656,-124.32055,0.0,222.1,511.0,NORTH BEND,,WDH4086,31,0,20,6,,90,A
367614030,2022-01-02T11:28:00,43.34655,-124.32052,0.1,228.4,511.0,NORTH BEND,,WDH4086,31,0,20,6,,90,A
367614030,2022-01-02T11:43:10,43.34656,-124.32054,0.0,217.2,511.0,NORTH BEND,,WDH4086,31,0,20,6,,90,A
367614030,2022-01-02T11:01:19,43.34655,-124.32052,0.0,307.7,511.0,NORTH BEND,,WDH4086,31,0,20,6,,90,A
367614030,2022-01-02T11:02:29,43.34657,-124.32049,0.0,308.3,511.0,NORTH BEND,,WDH4086,31,0,20,6,,90,A
367614030,2022-01-02T11:30:20,43.34659,-124.32052,0.0,242.8,511.0,NORTH BEND,,WDH4086,31,0,20,6,,90,A
367614030,2022-01-02T11:12:59,43.34655,-124.32050,0.0,257.3,511.0,NORTH BEND,,WDH4086,31,0,20,6,,90,A
367614030,2022-01-02T11:50:40,43.34653,-124.32055,0.0,225.2,511.0,NORTH BEND,,WDH4086,31,0,20,6,,90,A
367614030,2022-01-02T11:35:00,43.34656,-124.32054,0.0,258.5,511.0,NORTH BEND,,WDH4086,31,0,20,6,,90,A
367614030,2022-01-02T11:16:30,43.34655,-124.32051,0.0,242.2,511.0,NORTH BEND,,WDH4086,31,0,20,6,,90,A
367614030,2022-01-02T11:17:40,43.34655,-124.32049,0.0,236.7,511.0,NORTH BEND,,WDH4086,31,0,20,6,,90,A
367614030,2022-01-02T11:20:01,43.34656,-124.32052,0.0,221.5,511.0,NORTH BEND,,WDH4086,31,0,20,6,,90,A
367614030,2022-01-02T11:55:19,43.34655,-124.32056,0.1,224.8,511.0,NORTH BEND,,WDH4086,31,0,20,6,,90,A
367614030,2022-01-02T11:22:19,43.34655,-124.32055,0.0,206.1,511.0,NORTH BEND,,WDH4086,31,0,20,6,,90,A
367614030,2022-01-02T11:40:50,43.34656,-124.32054,0.0,233.7,511.0,NORTH BEND,,WDH4086,31,0,20,6,,90,A
367614030,2022-01-02T05:13:01,43.34658,-124.32056,0.0,211.3,511.0,NORTH BEND,,WDH4086,31,0,20,6,,90,A
367614030,2022-01-02T11:57:39,43.34656,-124.32054,0.0,212.8,511.0,NORTH BEND,,WDH4086,31,0,20,6,,90,A
367614030,2022-01-02T11:14:09,43.34657,-124.32050,0.0,258.6,511.0,NORTH BEND,,WDH4086,31,0,20,6,,90,A
367614030,2022-01-02T05:17:39,43.34657,-124.32052,0.0,234.1,511.0,NORTH BEND,,WDH4086,31,0,20,6,,90,A
367614030,2022-01-02T11:29:09,43.34656,-124.32052,0.0,244.3,511.0,NORTH BEND,,WDH4086,31,0,20,6,,90,A
367614030,2022-01-02T12:05:59,43.34657,-124.32051,0.0,288.7,511.0,NORTH BEND,,WDH4086,31,0,20,6,,90,A
367614030,2022-01-02T05:20:01,43.34658,-124.32053,0.0,255.7,511.0,NORTH BEND,,WDH4086,31,0,20,6,,90,A
367614030,2022-01-02T12:07:20,43.34654,-124.32053,0.0,289.3,511.0,NORTH BEND,,WDH4086,31,0,20,6,,90,A
367614030,2022-01-02T12:08:29,43.34657,-124.32051,0.0,293.7,511.0,NORTH BEND,,WDH4086,31,0,20,6,,90,A
367614030,2022-01-02T11:32:39,43.34658,-124.32053,0.0,259.6,511.0,NORTH BEND,,WDH4086,31,0,20,6,,90,A
367614030,2022-01-02T11:33:50,43.34654,-124.32055,0.0,253.2,511.0,NORTH BEND,,WDH4086,31,0,20,6,,90,A
367614030,2022-01-02T12:10:39,43.34651,-124.32054,0.0,270.3,511.0,NORTH BEND,,WDH4086,31,0,20,6,,90,A
367614030,2022-01-02T11:25:39,43.34655,-124.32057,0.0,211.4,511.0,NORTH BEND,,WDH4086,31,0,20,6,,90,A
367614030,2022-01-02T11:37:19,43.34654,-124.32056,0.1,256.5,511.0,NORTH BEND,,WDH4086,31,0,20,6,,90,A
367614030,2022-01-02T11:36:10,43.34652,-124.32060,0.0,262.4,511.0,NORTH BEND,,WDH4086,31,0,20,6,,90,A
367614030,2022-01-02T12:13:01,43.34654,-124.32052,0.1,242.8,511.0,NORTH BEND,,WDH4086,31,0,20,6,,90,A
367614030,2022-01-02T11:39:40,43.34655,-124.32056,0.0,242.0,511.0,NORTH BEND,,WDH4086,31,0,20,6,,90,A
367614030,2022-01-02T12:18:40,43.34654,-124.32053,0.1,234.4,511.0,NORTH BEND,,WDH4086,31,0,20,6,,90,A
367614030,2022-01-02T11:44:20,43.34654,-124.32052,0.0,208.9,511.0,NORTH BEND,,WDH4086,31,0,20,6,,90,A
367614030,2022-01-02T11:45:29,43.34656,-124.32054,0.1,208.4,511.0,NORTH BEND,,WDH4086,31,0,20,6,,90,A
367614030,2022-01-02T12:02:29,43.34657,-124.32053,0.0,252.0,511.0,NORTH BEND,,WDH4086,31,0,20,6,,90,A
367614030,2022-01-02T12:04:50,43.34655,-124.32051,0.1,270.6,511.0,NORTH BEND,,WDH4086,31,0,20,6,,90,A
367614030,2022-01-02T11:47:59,43.34656,-124.32054,0.1,210.8,511.0,NORTH BEND,,WDH4086,31,0,20,6,,90,A
367614030,2022-01-02T11:49:10,43.34654,-124.32052,0.0,214.3,511.0,NORTH BEND,,WDH4086,31,0,20,6,,90,A
367614030,2022-01-02T05:25:49,43.34657,-124.32054,0.0,279.7,511.0,NORTH BEND,,WDH4086,31,0,20,6,,90,A
367614030,2022-01-02T12:25:30,43.34657,-124.32061,0.2,258.2,511.0,NORTH BEND,,WDH4086,31,0,20,6,,90,A
367614030,2022-01-02T11:53:00,43.34654,-124.32053,0.0,218.5,511.0,NORTH BEND,,WDH4086,31,0,20,6,,90,A
367614030,2022-01-02T11:54:09,43.34654,-124.32054,0.0,221.3,511.0,NORTH BEND,,WDH4086,31,0,20,6,,90,A
367614030,2022-01-02T05:30:30,43.34656,-124.32057,0.0,277.6,511.0,NORTH BEND,,WDH4086,31,0,20,6,,90,A
367614030,2022-01-02T11:56:30,43.34655,-124.32055,0.0,218.9,511.0,NORTH BEND,,WDH4086,31,0,20,6,,90,A
367614030,2022-01-02T12:32:29,43.34654,-124.32051,0.0,276.3,511.0,NORTH BEND,,WDH4086,31,0,20,6,,90,A
367614030,2022-01-02T12:16:20,43.34654,-124.32052,0.0,237.9,511.0,NORTH BEND,,WDH4086,31,0,20,6,,90,A
367614030,2022-01-02T11:58:50,43.34656,-124.32049,0.0,227.4,511.0,NORTH BEND,,WDH4086,31,0,20,6,,90,A
367614030,2022-01-02T12:01:19,43.34657,-124.32053,0.0,239.1,511.0,NORTH BEND,,WDH4086,31,0,20,6,,90,A
367614030,2022-01-02T12:39:29,43.34654,-124.32055,0.0,264.5,511.0,NORTH BEND,,WDH4086,31,0,20,6,,90,A
367614030,2022-01-02T12:23:10,43.34654,-124.32054,0.0,256.8,511.0,NORTH BEND,,WDH4086,31,0,20,6,,90,A
367614030,2022-01-02T12:03:39,43.34654,-124.32053,0.0,259.7,511.0,NORTH BEND,,WDH4086,31,0,20,6,,90,A
367614030,2022-01-02T12:00:10,43.34657,-124.32054,0.0,238.1,511.0,NORTH BEND,,WDH4086,31,0,20,6,,90,A
367614030,2022-01-02T12:44:09,43.34654,-124.32054,0.1,273.4,511.0,NORTH BEND,,WDH4086,31,0,20,6,,90,A
367614030,2022-01-02T05:33:59,43.34657,-124.32053,0.0,275.1,511.0,NORTH BEND,,WDH4086,31,0,20,6,,90,A
367614030,2022-01-02T12:11:50,43.34656,-124.32057,0.1,251.2,511.0,NORTH BEND,,WDH4086,31,0,20,6,,90,A
367614030,2022-01-02T12:09:30,43.34651,-124.32055,0.1,283.5,511.0,NORTH BEND,,WDH4086,31,0,20,6,,90,A
367614030,2022-01-02T12:14:09,43.34653,-124.32055,0.0,239.3,511.0,NORTH BEND,,WDH4086,31,0,20,6,,90,A
367614030,2022-01-02T12:15:19,43.34654,-124.32054,0.0,238.3,511.0,NORTH BEND,,WDH4086,31,0,20,6,,90,A
367614030,2022-01-02T12:53:30,43.34656,-124.32053,0.1,291.3,511.0,NORTH BEND,,WDH4086,31,0,20,6,,90,A
367614030,2022-01-02T12:17:29,43.34655,-124.32052,0.0,235.6,511.0,NORTH BEND,,WDH4086,31,0,20,6,,90,A
367614030,2022-01-02T12:55:59,43.34656,-124.32051,0.0,289.2,511.0,NORTH BEND,,WDH4086,31,0,20,6,,90,A
367614030,2022-01-02T12:19:50,43.34656,-124.32052,0.1,241.7,511.0,NORTH BEND,,WDH4086,31,0,20,6,,90,A
367614030,2022-01-02T12:22:00,43.34655,-124.32054,0.0,250.0,511.0,NORTH BEND,,WDH4086,31,0,20,6,,90,A
367614030,2022-01-02T12:20:59,43.34655,-124.32052,0.0,247.6,511.0,NORTH BEND,,WDH4086,31,0,20,6,,90,A
367614030,2022-01-02T12:24:20,43.34654,-124.32056,0.0,262.5,511.0,NORTH BEND,,WDH4086,31,0,20,6,,90,A
367614030,2022-01-02T12:31:20,43.34655,-124.32055,0.0,264.0,511.0,NORTH BEND,,WDH4086,31,0,20,6,,90,A
367614030,2022-01-02T12:51:09,43.34654,-124.32053,0.0,296.0,511.0,NORTH BEND,,WDH4086,31,0,20,6,,90,A
367614030,2022-01-02T05:42:30,43.34656,-124.32054,0.0,306.9,511.0,NORTH BEND,,WDH4086,31,0,20,6,,90,A
367614030,2022-01-02T13:09:19,43.34658,-124.32051,0.0,309.4,511.0,NORTH BEND,,WDH4086,31,0,20,6,,90,A
367614030,2022-01-02T12:27:50,43.34653,-124.32057,0.0,265.1,511.0,NORTH BEND,,WDH4086,31,0,20,6,,90,A
367614030,2022-01-02T12:28:59,43.34653,-124.32056,0.0,270.8,511.0,NORTH BEND,,WDH4086,31,0,20,6,,90,A
367614030,2022-01-02T05:47:10,43.34658,-124.32055,0.0,319.4,511.0,NORTH BEND,,WDH4086,31,0,20,6,,90,A
367614030,2022-01-02T12:38:20,43.34652,-124.32055,0.0,264.3,511.0,NORTH BEND,,WDH4086,31,0,20,6,,90,A
367614030,2022-01-02T12:57:10,43.34655,-124.32051,0.0,294.4,511.0,NORTH BEND,,WDH4086,31,0,20,6,,90,A
367614030,2022-01-02T13:14:00,43.34656,-124.32052,0.0,312.3,511.0,NORTH BEND,,WDH4086,31,0,20,6,,90,A
367614030,2022-01-02T12:33:39,43.34651,-124.32052,0.0,279.1,511.0,NORTH BEND,,WDH4086,31,0,20,6,,90,A
367614030,2022-01-02T13:16:30,43.34654,-124.32052,0.0,316.4,511.0,NORTH BEND,,WDH4086,31,0,20,6,,90,A
367614030,2022-01-02T13:17:40,43.34655,-124.32052,0.0,318.2,511.0,NORTH BEND,,WDH4086,31,0,20,6,,90,A
367614030,2022-01-02T12:45:19,43.34654,-124.32052,0.0,285.7,511.0,NORTH BEND,,WDH4086,31,0,20,6,,90,A
367614030,2022-01-02T13:20:00,43.34656,-124.32054,0.0,317.6,511.0,NORTH BEND,,WDH4086,31,0,20,6,,90,A
367614030,2022-01-02T13:21:09,43.34655,-124.32057,0.0,320.2,511.0,NORTH BEND,,WDH4086,31,0,20,6,,90,A
367614030,2022-01-02T12:37:10,43.34652,-124.32052,0.0,265.5,511.0,NORTH BEND,,WDH4086,31,0,20,6,,90,A
367614030,2022-01-02T13:22:30,43.34656,-124.32056,0.0,310.2,511.0,NORTH BEND,,WDH4086,31,0,20,6,,90,A
367614030,2022-01-02T13:23:39,43.34654,-124.32053,0.0,304.7,511.0,NORTH BEND,,WDH4086,31,0,20,6,,90,A
367614030,2022-01-02T12:40:39,43.34653,-124.32055,0.1,268.6,511.0,NORTH BEND,,WDH4086,31,0,20,6,,90,A
367614030,2022-01-02T12:41:51,43.34652,-124.32055,0.0,269.7,511.0,NORTH BEND,,WDH4086,31,0,20,6,,90,A
367614030,2022-01-02T13:10:29,43.34656,-124.32050,0.0,308.1,511.0,NORTH BEND,,WDH4086,31,0,20,6,,90,A
367614030,2022-01-02T12:46:29,43.34656,-124.32051,0.0,284.3,511.0,NORTH BEND,,WDH4086,31,0,20,6,,90,A
367614030,2022-01-02T05:57:31,43.34654,-124.32053,0.0,346.1,511.0,NORTH BEND,,WDH4086,31,0,20,6,,90,A
367614030,2022-01-02T12:48:51,43.34654,-124.32052,0.0,281.8,511.0,NORTH BEND,,WDH4086,31,0,20,6,,90,A
367614030,2022-01-02T12:54:41,43.34656,-124.32051,0.0,287.3,511.0,NORTH BEND,,WDH4086,31,0,20,6,,90,A
367614030,2022-01-02T13:01:09,43.34656,-124.32052,0.0,303.7,511.0,NORTH BEND,,WDH4086,31,0,20,6,,90,A
367614030,2022-01-02T12:58:30,43.34656,-124.32051,0.0,299.0,511.0,NORTH BEND,,WDH4086,31,0,20,6,,90,A
367614030,2022-01-02T13:02:20,43.34654,-124.32053,0.1,307.9,511.0,NORTH BEND,,WDH4086,31,0,20,6,,90,A
367614030,2022-01-02T13:34:00,43.34657,-124.32052,0.0,253.6,511.0,NORTH BEND,,WDH4086,31,0,20,6,,90,A
367614030,2022-01-02T12:50:00,43.34654,-124.32053,0.0,287.4,511.0,NORTH BEND,,WDH4086,31,0,20,6,,90,A
367614030,2022-01-02T13:37:30,43.34656,-124.32051,0.0,243.1,511.0,NORTH BEND,,WDH4086,31,0,20,6,,90,A
367614030,2022-01-02T13:38:40,43.34655,-124.32053,0.0,238.9,511.0,NORTH BEND,,WDH4086,31,0,20,6,,90,A
367614030,2022-01-02T13:05:50,43.34655,-124.32053,0.0,312.4,511.0,NORTH BEND,,WDH4086,31,0,20,6,,90,A
367614030,2022-01-02T12:59:40,43.34657,-124.32052,0.0,301.3,511.0,NORTH BEND,,WDH4086,31,0,20,6,,90,A
367614030,2022-01-02T06:03:19,43.34656,-124.32050,0.0,326.5,511.0,NORTH BEND,,WDH4086,31,0,20,6,,90,A
367614030,2022-01-02T13:04:40,43.34654,-124.32054,0.1,310.7,511.0,NORTH BEND,,WDH4086,31,0,20,6,,90,A
367614030,2022-01-02T06:04:31,43.34660,-124.32049,0.0,304.5,511.0,NORTH BEND,,WDH4086,31,0,20,6,,90,A
367614030,2022-01-02T13:08:10,43.34656,-124.32051,0.0,309.3,511.0,NORTH BEND,,WDH4086,31,0,20,6,,90,A
367614030,2022-01-02T13:12:49,43.34654,-124.32049,0.0,309.6,511.0,NORTH BEND,,WDH4086,31,0,20,6,,90,A
367614030,2022-01-02T13:32:50,43.34654,-124.32052,0.0,259.3,511.0,NORTH BEND,,WDH4086,31,0,20,6,,90,A
367614030,2022-01-02T13:00:00,43.34656,-124.32052,0.1,300.2,511.0,NORTH BEND,,WDH4086,31,0,20,6,,90,A
367614030,2022-01-02T13:35:10,43.34656,-124.32053,0.1,244.3,511.0,NORTH BEND,,WDH4086,31,0,20,6,,90,A
367614030,2022-01-02T13:03:30,43.34655,-124.32055,0.0,311.3,511.0,NORTH BEND,,WDH4086,31,0,20,6,,90,A
367614030,2022-01-02T13:36:20,43.34658,-124.32053,0.0,246.5,511.0,NORTH BEND,,WDH4086,31,0,20,6,,90,A
367614030,2022-01-02T13:11:39,43.34655,-124.32051,0.1,311.7,511.0,NORTH BEND,,WDH4086,31,0,20,6,,90,A
367614030,2022-01-02T13:56:10,43.34656,-124.32056,0.1,231.2,511.0,NORTH BEND,,WDH4086,31,0,20,6,,90,A
367614030,2022-01-02T13:15:09,43.34654,-124.32054,0.1,312.6,511.0,NORTH BEND,,WDH4086,31,0,20,6,,90,A
367614030,2022-01-02T13:57:19,43.34655,-124.32055,0.0,232.4,511.0,NORTH BEND,,WDH4086,31,0,20,6,,90,A
367614030,2022-01-02T13:58:29,43.34656,-124.32054,0.0,232.4,511.0,NORTH BEND,,WDH4086,31,0,20,6,,90,A
367614030,2022-01-02T13:18:51,43.34657,-124.32052,0.1,317.4,511.0,NORTH BEND,,WDH4086,31,0,20,6,,90,A
367614030,2022-01-02T14:00:10,43.34656,-124.32054,0.0,239.2,511.0,NORTH BEND,,WDH4086,31,0,20,6,,90,A
367614030,2022-01-02T13:24:51,43.34654,-124.32053,0.0,302.5,511.0,NORTH BEND,,WDH4086,31,0,20,6,,90,A
367614030,2022-01-02T06:11:29,43.34649,-124.32055,0.0,230.9,511.0,NORTH BEND,,WDH4086,31,0,20,6,,90,A
367614030,2022-01-02T13:46:50,43.34654,-124.32053,0.0,249.4,511.0,NORTH BEND,,WDH4086,31,0,20,6,,90,A
367614030,2022-01-02T13:28:10,43.34652,-124.32049,0.0,295.7,511.0,NORTH BEND,,WDH4086,31,0,20,6,,90,A
367614030,2022-01-02T13:27:09,43.34654,-124.32051,0.0,304.5,511.0,NORTH BEND,,WDH4086,31,0,20,6,,90,A
367614030,2022-01-02T14:03:50,43.34654,-124.32052,0.0,246.8,511.0,NORTH BEND,,WDH4086,31,0,20,6,,90,A
367614030,2022-01-02T13:51:30,43.34653,-124.32055,0.1,240.3,511.0,NORTH BEND,,WDH4086,31,0,20,6,,90,A
367614030,2022-01-02T13:53:49,43.34655,-124.32055,0.0,233.5,511.0,NORTH BEND,,WDH4086,31,0,20,6,,90,A
367614030,2022-01-02T14:12:09,43.34655,-124.32054,0.0,283.3,511.0,NORTH BEND,,WDH4086,31,0,20,6,,90,A
367614030,2022-01-02T14:09:50,43.34655,-124.32054,0.0,248.8,511.0,NORTH BEND,,WDH4086,31,0,20,6,,90,A
367614030,2022-01-02T14:14:30,43.34656,-124.32052,0.0,293.7,511.0,NORTH BEND,,WDH4086,31,0,20,6,,90,A
367614030,2022-01-02T13:41:00,43.34655,-124.32051,0.0,236.8,511.0,NORTH BEND,,WDH4086,31,0,20,6,,90,A
367614030,2022-01-02T13:29:20,43.34655,-124.32054,0.0,286.6,511.0,NORTH BEND,,WDH4086,31,0,20,6,,90,A
367614030,2022-01-02T14:01:39,43.34656,-124.32052,0.0,240.4,511.0,NORTH BEND,,WDH4086,31,0,20,6,,90,A
367614030,2022-01-02T13:44:30,43.34655,-124.32051,0.0,246.5,511.0,NORTH BEND,,WDH4086,31,0,20,6,,90,A
367614030,2022-01-02T14:16:49,43.34654,-124.32053,0.1,290.1,511.0,NORTH BEND,,WDH4086,31,0,20,6,,90,A
367614030,2022-01-02T14:07:30,43.34654,-124.32054,0.0,237.7,511.0,NORTH BEND,,WDH4086,31,0,20,6,,90,A
367614030,2022-01-02T13:49:09,43.34655,-124.32053,0.0,240.2,511.0,NORTH BEND,,WDH4086,31,0,20,6,,90,A
367614030,2022-01-02T13:47:59,43.34656,-124.32052,0.0,243.5,511.0,NORTH BEND,,WDH4086,31,0,20,6,,90,A
367614030,2022-01-02T13:50:19,43.34653,-124.32055,0.0,238.7,511.0,NORTH BEND,,WDH4086,31,0,20,6,,90,A
367614030,2022-01-02T13:39:50,43.34654,-124.32052,0.0,240.1,511.0,NORTH BEND,,WDH4086,31,0,20,6,,90,A
367614030,2022-01-02T14:29:51,43.34652,-124.32057,0.0,332.7,511.0,NORTH BEND,,WDH4086,31,0,20,6,,90,A
367614030,2022-01-02T14:02:40,43.34657,-124.32052,0.0,239.3,511.0,NORTH BEND,,WDH4086,31,0,20,6,,90,A
367614030,2022-01-02T14:25:09,43.34657,-124.32053,0.1,325.8,511.0,NORTH BEND,,WDH4086,31,0,20,6,,90,A
367614030,2022-01-02T14:40:11,43.34657,-124.32052,0.0,328.6,511.0,NORTH BEND,,WDH4086,31,0,20,6,,90,A
367614030,2022-01-02T14:04:59,43.34655,-124.32052,0.0,246.1,511.0,NORTH BEND,,WDH4086,31,0,20,6,,90,A
367614030,2022-01-02T13:55:00,43.34655,-124.32055,0.1,232.9,511.0,NORTH BEND,,WDH4086,31,0,20,6,,90,A
367614030,2022-01-02T14:06:10,43.34655,-124.32053,0.0,243.8,511.0,NORTH BEND,,WDH4086,31,0,20,6,,90,A
367614030,2022-01-02T14:36:40,43.34656,-124.32052,0.0,344.8,511.0,NORTH BEND,,WDH4086,31,0,20,6,,90,A
367614030,2022-01-02T14:10:59,43.34655,-124.32053,0.0,275.4,511.0,NORTH BEND,,WDH4086,31,0,20,6,,90,A
367614030,2022-01-02T14:34:20,43.34656,-124.32056,0.0,344.8,511.0,NORTH BEND,,WDH4086,31,0,20,6,,90,A
367614030,2022-01-02T06:32:19,43.34655,-124.32054,0.0,227.6,511.0,NORTH BEND,,WDH4086,31,0,20,6,,90,A
367614030,2022-01-02T13:59:39,43.34658,-124.32055,0.0,240.1,511.0,NORTH BEND,,WDH4086,31,0,20,6,,90,A
367614030,2022-01-02T14:17:59,43.34653,-124.32053,0.0,284.3,511.0,NORTH BEND,,WDH4086,31,0,20,6,,90,A
367614030,2022-01-02T14:50:30,43.34654,-124.32053,0.1,301.3,511.0,NORTH BEND,,WDH4086,31,0,20,6,,90,A
367614030,2022-01-02T14:21:29,43.34656,-124.32055,0.0,291.5,511.0,NORTH BEND,,WDH4086,31,0,20,6,,90,A
367614030,2022-01-02T14:22:39,43.34657,-124.32056,0.1,295.4,511.0,NORTH BEND,,WDH4086,31,0,20,6,,90,A
367614030,2022-01-02T14:56:20,43.34653,-124.32053,0.0,328.5,511.0,NORTH BEND,,WDH4086,31,0,20,6,,90,A
367614030,2022-01-02T14:13:10,43.34654,-124.32056,0.0,295.6,511.0,NORTH BEND,,WDH4086,31,0,20,6,,90,A
367614030,2022-01-02T14:23:50,43.34654,-124.32058,0.0,326.3,511.0,NORTH BEND,,WDH4086,31,0,20,6,,90,A
367614030,2022-01-02T14:15:40,43.34657,-124.32055,0.0,294.6,511.0,NORTH BEND,,WDH4086,31,0,20,6,,90,A
367614030,2022-01-02T15:01:20,43.34657,-124.32049,0.0,331.0,511.0,NORTH BEND,,WDH4086,31,0,20,6,,90,A
367614030,2022-01-02T14:51:39,43.34653,-124.32058,0.0,315.8,511.0,NORTH BEND,,WDH4086,31,0,20,6,,90,A
367614030,2022-01-02T14:26:19,43.34656,-124.32054,0.0,328.8,511.0,NORTH BEND,,WDH4086,31,0,20,6,,90,A
367614030,2022-01-02T14:59:50,43.34655,-124.32053,0.1,328.9,511.0,NORTH BEND,,WDH4086,31,0,20,6,,90,A
367614030,2022-01-02T15:06:00,43.34665,-124.32052,0.0,314.6,511.0,NORTH BEND,,WDH4086,31,0,20,6,,90,A
367614030,2022-01-02T14:32:09,43.34655,-124.32055,0.0,338.6,511.0,NORTH BEND,,WDH4086,31,0,20,6,,90,A
367614030,2022-01-02T14:35:29,43.34656,-124.32054,0.0,343.1,511.0,NORTH BEND,,WDH4086,31,0,20,6,,90,A
367614030,2022-01-02T14:27:29,43.34657,-124.32056,0.0,328.8,511.0,NORTH BEND,,WDH4086,31,0,20,6,,90,A
367614030,2022-01-02T15:03:39,43.34667,-124.32048,0.0,323.5,511.0,NORTH BEND,,WDH4086,31,0,20,6,,90,A
367614030,2022-01-02T15:08:11,43.34657,-124.32053,0.0,320.1,511.0,NORTH BEND,,WDH4086,31,0,20,6,,90,A
367614030,2022-01-02T14:38:59,43.34655,-124.32054,0.0,335.0,511.0,NORTH BEND,,WDH4086,31,0,20,6,,90,A
367614030,2022-01-02T15:04:49,43.34660,-124.32053,0.0,330.4,511.0,NORTH BEND,,WDH4086,31,0,20,6,,90,A
367614030,2022-01-02T15:13:59,43.34656,-124.32048,0.0,322.6,511.0,NORTH BEND,,WDH4086,31,0,20,6,,90,A
367614030,2022-01-02T14:30:59,43.34654,-124.32056,0.0,338.2,511.0,NORTH BEND,,WDH4086,31,0,20,6,,90,A
367614030,2022-01-02T15:09:21,43.34654,-124.32052,0.0,321.5,511.0,NORTH BEND,,WDH4086,31,0,20,6,,90,A
367614030,2022-01-02T14:43:40,43.34652,-124.32050,0.0,300.7,511.0,NORTH BEND,,WDH4086,31,0,20,6,,90,A
367614030,2022-01-02T14:28:40,43.34659,-124.32053,0.0,332.9,511.0,NORTH BEND,,WDH4086,31,0,20,6,,90,A
367614030,2022-01-02T14:44:51,43.34655,-124.32052,0.0,301.8,511.0,NORTH BEND,,WDH4086,31,0,20,6,,90,A
367614030,2022-01-02T15:12:50,43.34656,-124.32052,0.0,323.2,511.0,NORTH BEND,,WDH4086,31,0,20,6,,90,A
367614030,2022-01-02T14:47:09,43.34655,-124.32054,0.0,301.9,511.0,NORTH BEND,,WDH4086,31,0,20,6,,90,A
367614030,2022-01-02T14:48:20,43.34649,-124.32062,0.0,303.4,511.0,NORTH BEND,,WDH4086,31,0,20,6,,90,A
367614030,2022-01-02T15:23:20,43.34651,-124.32057,0.0,246.0,511.0,NORTH BEND,,WDH4086,31,0,20,6,,90,A
367614030,2022-01-02T14:41:20,43.34656,-124.32052,0.0,324.3,511.0,NORTH BEND,,WDH4086,31,0,20,6,,90,A
367614030,2022-01-02T15:24:29,43.34651,-124.32056,0.0,259.7,511.0,NORTH BEND,,WDH4086,31,0,20,6,,90,A
367614030,2022-01-02T15:17:29,43.34654,-124.32053,0.0,271.8,511.0,NORTH BEND,,WDH4086,31,0,20,6,,90,A
367614030,2022-01-02T14:52:50,43.34654,-124.32055,0.0,322.8,511.0,NORTH BEND,,WDH4086,31,0,20,6,,90,A
367614030,2022-01-02T14:54:01,43.34653,-124.32055,0.0,324.4,511.0,NORTH BEND,,WDH4086,31,0,20,6,,90,A
367614030,2022-01-02T15:28:00,43.34655,-124.32052,0.1,248.7,511.0,NORTH BEND,,WDH4086,31,0,20,6,,90,A
367614030,2022-01-02T14:42:30,43.34655,-124.32052,0.0,318.6,511.0,NORTH BEND,,WDH4086,31,0,20,6,,90,A
367614030,2022-01-02T15:26:49,43.34652,-124.32054,0.0,250.4,511.0,NORTH BEND,,WDH4086,31,0,20,6,,90,A
367614030,2022-01-02T15:32:39,43.34653,-124.32052,0.0,245.7,511.0,NORTH BEND,,WDH4086,31,0,20,6,,90,A
367614030,2022-01-02T14:57:29,43.34652,-124.32053,0.0,330.9,511.0,NORTH BEND,,WDH4086,31,0,20,6,,90,A
367614030,2022-01-02T14:49:29,43.34654,-124.32057,0.0,295.1,511.0,NORTH BEND,,WDH4086,31,0,20,6,,90,A
367614030,2022-01-02T14:58:39,43.34655,-124.32052,0.0,332.3,511.0,NORTH BEND,,WDH4086,31,0,20,6,,90,A
367614030,2022-01-02T15:00:10,43.34657,-124.32053,0.0,326.9,511.0,NORTH BEND,,WDH4086,31,0,20,6,,90,A
367614030,2022-01-02T15:10:30,43.34653,-124.32053,0.0,330.9,511.0,NORTH BEND,,WDH4086,31,0,20,6,,90,A
367614030,2022-01-02T15:11:39,43.34657,-124.32050,0.0,320.3,511.0,NORTH BEND,,WDH4086,31,0,20,6,,90,A
367614030,2022-01-02T15:37:20,43.34652,-124.32056,0.0,258.8,511.0,NORTH BEND,,WDH4086,31,0,20,6,,90,A
367614030,2022-01-02T15:40:49,43.34652,-124.32054,0.0,270.1,511.0,NORTH BEND,,WDH4086,31,0,20,6,,90,A
367614030,2022-01-02T15:52:20,43.34655,-124.32051,0.0,299.7,511.0,NORTH BEND,,WDH4086,31,0,20,6,,90,A
367614030,2022-01-02T15:39:40,43.34653,-124.32053,0.0,267.4,511.0,NORTH BEND,,WDH4086,31,0,20,6,,90,A
367614030,2022-01-02T15:16:20,43.34654,-124.32050,0.0,288.5,511.0,NORTH BEND,,WDH4086,31,0,20,6,,90,A
367614030,2022-01-02T15:44:10,43.34653,-124.32053,0.0,282.1,511.0,NORTH BEND,,WDH4086,31,0,20,6,,90,A
367614030,2022-01-02T15:07:10,43.34656,-124.32053,0.0,321.3,511.0,NORTH BEND,,WDH4086,31,0,20,6,,90,A
367614030,2022-01-02T15:53:40,43.34657,-124.32053,0.1,294.9,511.0,NORTH BEND,,WDH4086,31,0,20,6,,90,A
367614030,2022-01-02T15:42:59,43.34654,-124.32051,0.0,280.6,511.0,NORTH BEND,,WDH4086,31,0,20,6,,90,A
367614030,2022-01-02T15:47:39,43.34655,-124.32053,0.0,297.4,511.0,NORTH BEND,,WDH4086,31,0,20,6,,90,A
367614030,2022-01-02T15:18:39,43.34654,-124.32051,0.0,263.7,511.0,NORTH BEND,,WDH4086,31,0,20,6,,90,A
367614030,2022-01-02T15:45:20,43.34654,-124.32052,0.1,284.0,511.0,NORTH BEND,,WDH4086,31,0,20,6,,90,A
367614030,2022-01-02T15:46:30,43.34654,-124.32052,0.0,289.7,511.0,NORTH BEND,,WDH4086,31,0,20,6,,90,A
367614030,2022-01-02T15:25:40,43.34648,-124.32055,0.0,253.6,511.0,NORTH BEND,,WDH4086,31,0,20,6,,90,A
367614030,2022-01-02T15:15:09,43.34654,-124.32052,0.0,312.2,511.0,NORTH BEND,,WDH4086,31,0,20,6,,90,A
367614030,2022-01-02T15:54:49,43.34657,-124.32055,0.0,278.4,511.0,NORTH BEND,,WDH4086,31,0,20,6,,90,A
367614030,2022-01-02T16:08:01,43.34659,-124.32052,0.0,201.4,511.0,NORTH BEND,,WDH4086,31,0,20,6,,90,A
367614030,2022-01-02T15:31:30,43.34654,-124.32050,0.0,247.8,511.0,NORTH BEND,,WDH4086,31,0,20,6,,90,A
367614030,2022-01-02T15:22:11,43.34650,-124.32058,0.1,247.7,511.0,NORTH BEND,,WDH4086,31,0,20,6,,90,A
367614030,2022-01-02T06:59:09,43.34654,-124.32053,0.0,292.6,511.0,NORTH BEND,,WDH4086,31,0,20,6,,90,A
367614030,2022-01-02T16:02:19,43.34654,-124.32052,0.0,202.8,511.0,NORTH BEND,,WDH4086,31,0,20,6,,90,A
367614030,2022-01-02T07:02:29,43.34654,-124.32054,0.0,310.9,511.0,NORTH BEND,,WDH4086,31,0,20,6,,90,A
367614030,2022-01-02T16:20:00,43.34658,-124.32053,0.0,199.4,511.0,NORTH BEND,,WDH4086,31,0,20,6,,90,A
367614030,2022-01-02T16:09:09,43.34656,-124.32053,0.0,201.4,511.0,NORTH BEND,,WDH4086,31,0,20,6,,90,A
367614030,2022-01-02T15:33:49,43.34652,-124.32055,0.0,247.0,511.0,NORTH BEND,,WDH4086,31,0,20,6,,90,A
367614030,2022-01-02T15:29:10,43.34654,-124.32053,0.0,247.8,511.0,NORTH BEND,,WDH4086,31,0,20,6,,90,A
367614030,2022-01-02T16:23:20,43.34658,-124.32053,0.0,209.5,511.0,NORTH BEND,,WDH4086,31,0,20,6,,90,A
367614030,2022-01-02T16:24:31,43.34659,-124.32052,0.0,211.2,511.0,NORTH BEND,,WDH4086,31,0,20,6,,90,A
367614030,2022-01-02T15:41:51,43.34652,-124.32052,0.0,272.7,511.0,NORTH BEND,,WDH4086,31,0,20,6,,90,A
367614030,2022-01-02T15:56:11,43.34654,-124.32053,0.0,268.8,511.0,NORTH BEND,,WDH4086,31,0,20,6,,90,A
367614030,2022-01-02T16:00:00,43.34655,-124.32054,0.0,220.6,511.0,NORTH BEND,,WDH4086,31,0,20,6,,90,A
367614030,2022-01-02T15:58:31,43.34655,-124.32054,0.0,245.8,511.0,NORTH BEND,,WDH4086,31,0,20,6,,90,A
367614030,2022-01-02T16:27:50,43.34660,-124.32052,0.0,208.6,511.0,NORTH BEND,,WDH4086,31,0,20,6,,90,A
367614030,2022-01-02T15:59:40,43.34655,-124.32053,0.0,225.2,511.0,NORTH BEND,,WDH4086,31,0,20,6,,90,A
367614030,2022-01-02T15:48:51,43.34655,-124.32053,0.0,300.9,511.0,NORTH BEND,,WDH4086,31,0,20,6,,90,A
367614030,2022-01-02T15:51:10,43.34656,-124.32053,0.0,301.6,511.0,NORTH BEND,,WDH4086,31,0,20,6,,90,A
367614030,2022-01-02T16:05:40,43.34655,-124.32053,0.0,198.5,511.0,NORTH BEND,,WDH4086,31,0,20,6,,90,A
367614030,2022-01-02T16:26:49,43.34658,-124.32052,0.0,213.6,511.0,NORTH BEND,,WDH4086,31,0,20,6,,90,A
367614030,2022-01-02T16:06:51,43.34654,-124.32052,0.0,198.7,511.0,NORTH BEND,,WDH4086,31,0,20,6,,90,A
367614030,2022-01-02T16:38:29,43.34657,-124.32051,0.0,202.8,511.0,NORTH BEND,,WDH4086,31,0,20,6,,90,A
367614030,2022-01-02T16:11:50,43.34654,-124.32054,0.0,194.5,511.0,NORTH BEND,,WDH4086,31,0,20,6,,90,A
367614030,2022-01-02T16:41:10,43.34657,-124.32053,0.0,212.3,511.0,NORTH BEND,,WDH4086,31,0,20,6,,90,A
367614030,2022-01-02T15:49:59,43.34654,-124.32053,0.0,295.9,511.0,NORTH BEND,,WDH4086,31,0,20,6,,90,A
367614030,2022-01-02T16:01:11,43.34654,-124.32053,0.0,211.6,511.0,NORTH BEND,,WDH4086,31,0,20,6,,90,A
367614030,2022-01-02T16:15:30,43.34653,-124.32052,0.0,198.1,511.0,NORTH BEND,,WDH4086,31,0,20,6,,90,A
367614030,2022-01-02T16:37:19,43.34656,-124.32053,0.0,196.9,511.0,NORTH BEND,,WDH4086,31,0,20,6,,90,A
367614030,2022-01-02T16:40:00,43.34656,-124.32052,0.0,208.8,511.0,NORTH BEND,,WDH4086,31,0,20,6,,90,A
367614030,2022-01-02T16:18:51,43.34658,-124.32053,0.0,202.6,511.0,NORTH BEND,,WDH4086,31,0,20,6,,90,A
367614030,2022-01-02T16:22:19,43.34660,-124.32053,0.0,216.8,511.0,NORTH BEND,,WDH4086,31,0,20,6,,90,A
367614030,2022-01-02T16:03:20,43.34655,-124.32052,0.0,200.4,511.0,NORTH BEND,,WDH4086,31,0,20,6,,90,A
367614030,2022-01-02T16:45:50,43.34656,-124.32055,0.0,242.8,511.0,NORTH BEND,,WDH4086,31,0,20,6,,90,A
367614030,2022-01-02T16:57:19,43.34658,-124.32052,0.0,266.0,511.0,NORTH BEND,,WDH4086,31,0,20,6,,90,A
367614030,2022-01-02T16:53:50,43.34655,-124.32051,0.0,256.2,511.0,NORTH BEND,,WDH4086,31,0,20,6,,90,A
367614030,2022-01-02T16:46:59,43.34655,-124.32054,0.0,246.8,511.0,NORTH BEND,,WDH4086,31,0,20,6,,90,A
367614030,2022-01-02T16:54:59,43.34656,-124.32053,0.1,264.9,511.0,NORTH BEND,,WDH4086,31,0,20,6,,90,A
367614030,2022-01-02T16:56:10,43.34655,-124.32052,0.0,261.7,511.0,NORTH BEND,,WDH4086,31,0,20,6,,90,A
367614030,2022-01-02T16:32:39,43.34654,-124.32054,0.0,198.4,511.0,NORTH BEND,,WDH4086,31,0,20,6,,90,A
367614030,2022-01-02T16:10:30,43.34660,-124.32054,0.0,198.9,511.0,NORTH BEND,,WDH4086,31,0,20,6,,90,A
367614030,2022-01-02T16:33:49,43.34654,-124.32052,0.0,196.2,511.0,NORTH BEND,,WDH4086,31,0,20,6,,90,A
367614030,2022-01-02T16:14:19,43.34654,-124.32054,0.0,200.5,511.0,NORTH BEND,,WDH4086,31,0,20,6,,90,A
367614030,2022-01-02T17:03:30,43.34650,-124.32058,0.0,290.7,511.0,NORTH BEND,,WDH4086,31,0,20,6,,90,A
367614030,2022-01-02T17:08:20,43.34654,-124.32054,0.0,285.6,511.0,NORTH BEND,,WDH4086,31,0,20,6,,90,A
367614030,2022-01-02T16:17:40,43.34655,-124.32053,0.0,198.1,511.0,NORTH BEND,,WDH4086,31,0,20,6,,90,A
367614030,2022-01-02T07:22:29,43.34655,-124.32054,0.0,321.0,511.0,NORTH BEND,,WDH4086,31,0,20,6,,90,A
367614030,2022-01-02T16:42:19,43.34654,-124.32052,0.0,216.6,511.0,NORTH BEND,,WDH4086,31,0,20,6,,90,A
367614030,2022-01-02T07:25:59,43.34654,-124.32055,0.1,322.6,511.0,NORTH BEND,,WDH4086,31,0,20,6,,90,A
367614030,2022-01-02T17:10:40,43.34655,-124.32052,0.0,295.6,511.0,NORTH BEND,,WDH4086,31,0,20,6,,90,A
367614030,2022-01-02T16:25:40,43.34657,-124.32053,0.0,207.5,511.0,NORTH BEND,,WDH4086,31,0,20,6,,90,A
367614030,2022-01-02T17:07:10,43.34652,-124.32056,0.0,281.9,511.0,NORTH BEND,,WDH4086,31,0,20,6,,90,A
367614030,2022-01-02T17:14:09,43.34657,-124.32054,0.0,309.8,511.0,NORTH BEND,,WDH4086,31,0,20,6,,90,A
367614030,2022-01-02T16:28:59,43.34657,-124.32051,0.0,205.1,511.0,NORTH BEND,,WDH4086,31,0,20,6,,90,A
367614030,2022-01-02T16:49:19,43.34655,-124.32054,0.0,252.4,511.0,NORTH BEND,,WDH4086,31,0,20,6,,90,A
367614030,2022-01-02T17:09:29,43.34656,-124.32052,0.0,298.6,511.0,NORTH BEND,,WDH4086,31,0,20,6,,90,A
367614030,2022-01-02T17:24:29,43.34654,-124.32052,0.0,358.2,511.0,NORTH BEND,,WDH4086,31,0,20,6,,90,A
367614030,2022-01-02T17:25:39,43.34654,-124.32053,0.1,357.9,511.0,NORTH BEND,,WDH4086,31,0,20,6,,90,A
367614030,2022-01-02T17:19:50,43.34654,-124.32057,0.0,351.2,511.0,NORTH BEND,,WDH4086,31,0,20,6,,90,A
367614030,2022-01-02T16:34:59,43.34656,-124.32054,0.0,200.2,511.0,NORTH BEND,,WDH4086,31,0,20,6,,90,A
367614030,2022-01-02T16:36:09,43.34655,-124.32053,0.0,194.1,511.0,NORTH BEND,,WDH4086,31,0,20,6,,90,A
367614030,2022-01-02T16:51:30,43.34655,-124.32051,0.0,249.2,511.0,NORTH BEND,,WDH4086,31,0,20,6,,90,A
367614030,2022-01-02T16:59:30,43.34656,-124.32053,0.0,284.7,511.0,NORTH BEND,,WDH4086,31,0,20,6,,90,A
367614030,2022-01-02T07:30:39,43.34653,-124.32051,0.0,315.8,511.0,NORTH BEND,,WDH4086,31,0,20,6,,90,A
367614030,2022-01-02T07:31:40,43.34656,-124.32053,0.0,315.5,511.0,NORTH BEND,,WDH4086,31,0,20,6,,90,A
367614030,2022-01-02T17:06:00,43.34649,-124.32060,0.0,303.1,511.0,NORTH BEND,,WDH4086,31,0,20,6,,90,A
367614030,2022-01-02T17:01:10,43.34653,-124.32054,0.0,286.5,511.0,NORTH BEND,,WDH4086,31,0,20,6,,90,A
367614030,2022-01-02T16:44:39,43.34657,-124.32053,0.0,226.7,511.0,NORTH BEND,,WDH4086,31,0,20,6,,90,A
367614030,2022-01-02T17:34:50,43.34657,-124.32052,0.0,342.6,511.0,NORTH BEND,,WDH4086,31,0,20,6,,90,A
367614030,2022-01-02T07:33:59,43.34657,-124.32053,0.0,316.8,511.0,NORTH BEND,,WDH4086,31,0,20,6,,90,A
367614030,2022-01-02T07:35:09,43.34664,-124.32058,0.0,316.7,511.0,NORTH BEND,,WDH4086,31,0,20,6,,90,A
367614030,2022-01-02T17:31:19,43.34656,-124.32054,0.0,346.1,511.0,NORTH BEND,,WDH4086,31,0,20,6,,90,A
367614030,2022-01-02T17:32:31,43.34656,-124.32052,0.0,347.9,511.0,NORTH BEND,,WDH4086,31,0,20,6,,90,A
367614030,2022-01-02T16:50:20,43.34656,-124.32053,0.0,253.2,511.0,NORTH BEND,,WDH4086,31,0,20,6,,90,A
367614030,2022-01-02T17:33:39,43.34658,-124.32056,0.0,342.2,511.0,NORTH BEND,,WDH4086,31,0,20,6,,90,A
367614030,2022-01-02T17:41:49,43.34656,-124.32053,0.1,340.9,511.0,NORTH BEND,,WDH4086,31,0,20,6,,90,A
367614030,2022-01-02T17:15:20,43.34655,-124.32055,0.0,322.4,511.0,NORTH BEND,,WDH4086,31,0,20,6,,90,A
367614030,2022-01-02T16:58:20,43.34658,-124.32056,0.0,269.1,511.0,NORTH BEND,,WDH4086,31,0,20,6,,90,A
367614030,2022-01-02T07:45:29,43.34655,-124.32054,0.0,323.4,511.0,NORTH BEND,,WDH4086,31,0,20,6,,90,A
367614030,2022-01-02T17:47:50,43.34656,-124.32052,0.0,336.5,511.0,NORTH BEND,,WDH4086,31,0,20,6,,90,A
367614030,2022-01-02T17:42:59,43.34654,-124.32049,0.0,348.3,511.0,NORTH BEND,,WDH4086,31,0,20,6,,90,A
367614030,2022-01-02T17:49:00,43.34654,-124.32051,0.0,336.4,511.0,NORTH BEND,,WDH4086,31,0,20,6,,90,A
367614030,2022-01-02T17:59:30,43.34658,-124.32055,0.1,326.7,511.0,NORTH BEND,,WDH4086,31,0,20,6,,90,A
367614030,2022-01-02T17:50:10,43.34654,-124.32053,0.1,336.4,511.0,NORTH BEND,,WDH4086,31,0,20,6,,90,A
367614030,2022-01-02T17:26:50,43.34656,-124.32050,0.0,358.5,511.0,NORTH BEND,,WDH4086,31,0,20,6,,90,A
367614030,2022-01-02T17:29:09,43.34655,-124.32052,0.0,355.2,511.0,NORTH BEND,,WDH4086,31,0,20,6,,90,A
367614030,2022-01-02T17:11:50,43.34656,-124.32055,0.0,293.7,511.0,NORTH BEND,,WDH4086,31,0,20,6,,90,A
367614030,2022-01-02T18:08:10,43.34654,-124.32054,0.1,334.9,511.0,NORTH BEND,,WDH4086,31,0,20,6,,90,A
367614030,2022-01-02T17:13:00,43.34658,-124.32053,0.0,288.8,511.0,NORTH BEND,,WDH4086,31,0,20,6,,90,A
367614030,2022-01-02T17:52:30,43.34649,-124.32058,0.0,342.7,511.0,NORTH BEND,,WDH4086,31,0,20,6,,90,A
367614030,2022-01-02T17:37:11,43.34657,-124.32053,0.0,344.9,511.0,NORTH BEND,,WDH4086,31,0,20,6,,90,A
367614030,2022-01-02T18:11:50,43.34654,-124.32053,0.1,337.6,511.0,NORTH BEND,,WDH4086,31,0,20,6,,90,A
367614030,2022-01-02T17:23:19,43.34654,-124.32053,0.0,359.8,511.0,NORTH BEND,,WDH4086,31,0,20,6,,90,A
367614030,2022-01-02T18:12:59,43.34656,-124.32054,0.0,333.4,511.0,NORTH BEND,,WDH4086,31,0,20,6,,90,A
367614030,2022-01-02T18:15:20,43.34659,-124.32051,0.0,335.5,511.0,NORTH BEND,,WDH4086,31,0,20,6,,90,A
367614030,2022-01-02T07:51:29,43.34654,-124.32057,0.0,290.1,511.0,NORTH BEND,,WDH4086,31,0,20,6,,90,A
367614030,2022-01-02T17:40:40,43.34654,-124.32051,0.0,345.4,511.0,NORTH BEND,,WDH4086,31,0,20,6,,90,A
367614030,2022-01-02T17:39:30,43.34656,-124.32051,0.0,335.8,511.0,NORTH BEND,,WDH4086,31,0,20,6,,90,A
367614030,2022-01-02T18:17:40,43.34656,-124.32055,0.0,333.9,511.0,NORTH BEND,,WDH4086,31,0,20,6,,90,A
367614030,2022-01-02T17:30:10,43.34655,-124.32051,0.0,352.5,511.0,NORTH BEND,,WDH4086,31,0,20,6,,90,A
367614030,2022-01-02T17:44:09,43.34658,-124.32051,0.0,353.6,511.0,NORTH BEND,,WDH4086,31,0,20,6,,90,A
367614030,2022-01-02T17:28:00,43.34655,-124.32053,0.0,356.3,511.0,NORTH BEND,,WDH4086,31,0,20,6,,90,A
367614030,2022-01-02T18:05:50,43.34653,-124.32057,0.1,327.8,511.0,NORTH BEND,,WDH4086,31,0,20,6,,90,A
367614030,2022-01-02T17:45:30,43.34658,-124.32051,0.0,344.3,511.0,NORTH BEND,,WDH4086,31,0,20,6,,90,A
367614030,2022-01-02T18:06:59,43.34654,-124.32056,0.1,325.3,511.0,NORTH BEND,,WDH4086,31,0,20,6,,90,A
367614030,2022-01-02T18:23:30,43.34659,-124.32053,0.0,320.2,511.0,NORTH BEND,,WDH4086,31,0,20,6,,90,A
367614030,2022-01-02T17:35:59,43.34659,-124.32053,0.0,344.1,511.0,NORTH BEND,,WDH4086,31,0,20,6,,90,A
367614030,2022-01-02T18:14:10,43.34657,-124.32053,0.0,331.8,511.0,NORTH BEND,,WDH4086,31,0,20,6,,90,A
367614030,2022-01-02T17:53:50,43.34651,-124.32055,0.1,343.2,511.0,NORTH BEND,,WDH4086,31,0,20,6,,90,A
367614030,2022-01-02T18:21:11,43.34657,-124.32055,0.1,323.3,511.0,NORTH BEND,,WDH4086,31,0,20,6,,90,A
367614030,2022-01-02T18:24:40,43.34658,-124.32052,0.1,295.2,511.0,NORTH BEND,,WDH4086,31,0,20,6,,90,A
367614030,2022-01-02T08:00:00,43.34655,-124.32054,0.0,243.0,511.0,NORTH BEND,,WDH4086,31,0,20,6,,90,A
367614030,2022-01-02T18:25:49,43.34659,-124.32054,0.1,255.5,511.0,NORTH BEND,,WDH4086,31,0,20,6,,90,A
367614030,2022-01-02T18:27:00,43.34659,-124.32055,0.1,248.3,511.0,NORTH BEND,,WDH4086,31,0,20,6,,90,A
367614030,2022-01-02T08:02:19,43.34654,-124.32054,0.0,245.5,511.0,NORTH BEND,,WDH4086,31,0,20,6,,90,A
367614030,2022-01-02T17:51:20,43.34655,-124.32051,0.1,344.3,511.0,NORTH BEND,,WDH4086,31,0,20,6,,90,A
367614030,2022-01-02T18:10:30,43.34656,-124.32054,0.0,329.7,511.0,NORTH BEND,,WDH4086,31,0,20,6,,90,A
367614030,2022-01-02T18:36:09,43.34656,-124.32054,0.0,225.5,511.0,NORTH BEND,,WDH4086,31,0,20,6,,90,A
367614030,2022-01-02T18:53:40,43.34656,-124.32052,0.1,251.2,511.0,NORTH BEND,,WDH4086,31,0,20,6,,90,A
367614030,2022-01-02T18:38:30,43.34656,-124.32055,0.0,216.7,511.0,NORTH BEND,,WDH4086,31,0,20,6,,90,A
367614030,2022-01-02T17:58:20,43.34657,-124.32053,0.1,332.4,511.0,NORTH BEND,,WDH4086,31,0,20,6,,90,A
367614030,2022-01-02T18:03:30,43.34655,-124.32053,0.0,336.2,511.0,NORTH BEND,,WDH4086,31,0,20,6,,90,A
367614030,2022-01-02T18:04:40,43.34656,-124.32054,0.0,325.9,511.0,NORTH BEND,,WDH4086,31,0,20,6,,90,A
367614030,2022-01-02T18:01:11,43.34656,-124.32053,0.0,337.4,511.0,NORTH BEND,,WDH4086,31,0,20,6,,90,A
367614030,2022-01-02T18:16:30,43.34658,-124.32053,0.0,329.8,511.0,NORTH BEND,,WDH4086,31,0,20,6,,90,A
367614030,2022-01-02T18:43:09,43.34658,-124.32053,0.0,222.5,511.0,NORTH BEND,,WDH4086,31,0,20,6,,90,A
367614030,2022-01-02T18:42:00,43.34657,-124.32054,0.0,229.8,511.0,NORTH BEND,,WDH4086,31,0,20,6,,90,A
367614030,2022-01-02T18:18:50,43.34654,-124.32056,0.0,325.5,511.0,NORTH BEND,,WDH4086,31,0,20,6,,90,A
367614030,2022-01-02T18:35:00,43.34657,-124.32056,0.0,222.0,511.0,NORTH BEND,,WDH4086,31,0,20,6,,90,A
367614030,2022-01-02T18:54:49,43.34657,-124.32053,0.0,253.0,511.0,NORTH BEND,,WDH4086,31,0,20,6,,90,A
367614030,2022-01-02T18:51:21,43.34658,-124.32054,0.1,238.7,511.0,NORTH BEND,,WDH4086,31,0,20,6,,90,A
367614030,2022-01-02T18:37:29,43.34658,-124.32057,0.0,225.9,511.0,NORTH BEND,,WDH4086,31,0,20,6,,90,A
367614030,2022-01-02T18:52:39,43.34657,-124.32053,0.0,253.6,511.0,NORTH BEND,,WDH4086,31,0,20,6,,90,A
367614030,2022-01-02T18:32:40,43.34658,-124.32055,0.0,225.6,511.0,NORTH BEND,,WDH4086,31,0,20,6,,90,A
367614030,2022-01-02T18:58:10,43.34655,-124.32054,0.0,279.2,511.0,NORTH BEND,,WDH4086,31,0,20,6,,90,A
367614030,2022-01-02T18:44:10,43.34658,-124.32052,0.1,229.4,511.0,NORTH BEND,,WDH4086,31,0,20,6,,90,A
367614030,2022-01-02T18:28:10,43.34657,-124.32054,0.0,234.9,511.0,NORTH BEND,,WDH4086,31,0,20,6,,90,A
367614030,2022-01-02T18:22:20,43.34657,-124.32053,0.0,322.2,511.0,NORTH BEND,,WDH4086,31,0,20,6,,90,A
367614030,2022-01-02T18:39:39,43.34657,-124.32054,0.0,228.0,511.0,NORTH BEND,,WDH4086,31,0,20,6,,90,A
367614030,2022-01-02T18:30:30,43.34658,-124.32054,0.1,220.1,511.0,NORTH BEND,,WDH4086,31,0,20,6,,90,A
367614030,2022-01-02T18:46:30,43.34656,-124.32057,0.0,234.9,511.0,NORTH BEND,,WDH4086,31,0,20,6,,90,A
367614030,2022-01-02T19:05:49,43.34655,-124.32050,0.0,338.9,511.0,NORTH BEND,,WDH4086,31,0,20,6,,90,A
367614030,2022-01-02T18:48:59,43.34656,-124.32053,0.1,248.7,511.0,NORTH BEND,,WDH4086,31,0,20,6,,90,A
367614030,2022-01-02T19:08:11,43.34654,-124.32053,0.0,326.2,511.0,NORTH BEND,,WDH4086,31,0,20,6,,90,A
367614030,2022-01-02T18:31:39,43.34658,-124.32053,0.0,225.9,511.0,NORTH BEND,,WDH4086,31,0,20,6,,90,A
367614030,2022-01-02T19:07:00,43.34655,-124.32050,0.1,336.4,511.0,NORTH BEND,,WDH4086,31,0,20,6,,90,A
367614030,2022-01-02T18:33:50,43.34657,-124.32056,0.0,216.5,511.0,NORTH BEND,,WDH4086,31,0,20,6,,90,A
367614030,2022-01-02T18:45:20,43.34659,-124.32055,0.0,233.3,511.0,NORTH BEND,,WDH4086,31,0,20,6,,90,A
367614030,2022-01-02T19:00:00,43.34655,-124.32054,0.0,307.3,511.0,NORTH BEND,,WDH4086,31,0,20,6,,90,A
367614030,2022-01-02T19:14:00,43.34655,-124.32054,0.1,334.5,511.0,NORTH BEND,,WDH4086,31,0,20,6,,90,A
367614030,2022-01-02T19:37:19,43.34655,-124.32054,0.0,338.8,511.0,NORTH BEND,,WDH4086,31,0,20,6,,90,A
367614030,2022-01-02T19:39:30,43.34656,-124.32054,0.0,336.8,511.0,NORTH BEND,,WDH4086,31,0,20,6,,90,A
367614030,2022-01-02T18:59:29,43.34654,-124.32057,0.1,298.4,511.0,NORTH BEND,,WDH4086,31,0,20,6,,90,A
367614030,2022-01-02T08:16:19,43.34654,-124.32054,0.0,173.9,511.0,NORTH BEND,,WDH4086,31,0,20,6,,90,A
367614030,2022-01-02T19:01:01,43.34655,-124.32054,0.0,317.7,511.0,NORTH BEND,,WDH4086,31,0,20,6,,90,A
367614030,2022-01-02T19:18:40,43.34656,-124.32056,0.0,332.4,511.0,NORTH BEND,,WDH4086,31,0,20,6,,90,A
367614030,2022-01-02T08:18:30,43.34654,-124.32053,0.0,167.4,511.0,NORTH BEND,,WDH4086,31,0,20,6,,90,A
367614030,2022-01-02T19:24:29,43.34654,-124.32054,0.1,307.6,511.0,NORTH BEND,,WDH4086,31,0,20,6,,90,A
367614030,2022-01-02T19:02:10,43.34654,-124.32051,0.0,330.4,511.0,NORTH BEND,,WDH4086,31,0,20,6,,90,A
367614030,2022-01-02T19:04:31,43.34655,-124.32050,0.0,341.4,511.0,NORTH BEND,,WDH4086,31,0,20,6,,90,A
367614030,2022-01-02T18:47:49,43.34656,-124.32054,0.0,254.8,511.0,NORTH BEND,,WDH4086,31,0,20,6,,90,A
367614030,2022-01-02T19:28:00,43.34655,-124.32050,0.1,312.0,511.0,NORTH BEND,,WDH4086,31,0,20,6,,90,A
367614030,2022-01-02T18:57:00,43.34654,-124.32057,0.0,261.1,511.0,NORTH BEND,,WDH4086,31,0,20,6,,90,A
367614030,2022-01-02T19:25:40,43.34656,-124.32053,0.0,311.2,511.0,NORTH BEND,,WDH4086,31,0,20,6,,90,A
367614030,2022-01-02T19:51:00,43.34654,-124.32054,0.0,345.8,511.0,NORTH BEND,,WDH4086,31,0,20,6,,90,A
367614030,2022-01-02T19:09:20,43.34655,-124.32052,0.0,330.2,511.0,NORTH BEND,,WDH4086,31,0,20,6,,90,A
367614030,2022-01-02T19:10:31,43.34656,-124.32052,0.0,335.2,511.0,NORTH BEND,,WDH4086,31,0,20,6,,90,A
367614030,2022-01-02T19:32:39,43.34654,-124.32053,0.1,310.3,511.0,NORTH BEND,,WDH4086,31,0,20,6,,90,A
367614030,2022-01-02T19:19:50,43.34657,-124.32055,0.0,324.4,511.0,NORTH BEND,,WDH4086,31,0,20,6,,90,A
367614030,2022-01-02T19:20:59,43.34656,-124.32058,0.0,309.0,511.0,NORTH BEND,,WDH4086,31,0,20,6,,90,A
367614030,2022-01-02T19:41:50,43.34656,-124.32053,0.0,333.2,511.0,NORTH BEND,,WDH4086,31,0,20,6,,90,A
367614030,2022-01-02T20:00:10,43.34654,-124.32053,0.1,343.6,511.0,NORTH BEND,,WDH4086,31,0,20,6,,90,A
367614030,2022-01-02T20:02:29,43.34657,-124.32052,0.0,354.8,511.0,NORTH BEND,,WDH4086,31,0,20,6,,90,A
367614030,2022-01-02T19:22:10,43.34656,-124.32055,0.1,314.9,511.0,NORTH BEND,,WDH4086,31,0,20,6,,90,A
367614030,2022-01-02T19:40:39,43.34654,-124.32053,0.0,344.8,511.0,NORTH BEND,,WDH4086,31,0,20,6,,90,A
367614030,2022-01-02T19:11:40,43.34656,-124.32052,0.1,331.1,511.0,NORTH BEND,,WDH4086,31,0,20,6,,90,A
367614030,2022-01-02T19:12:50,43.34656,-124.32055,0.2,326.5,511.0,NORTH BEND,,WDH4086,31,0,20,6,,90,A
367614030,2022-01-02T19:49:50,43.34653,-124.32054,0.0,355.6,511.0,NORTH BEND,,WDH4086,31,0,20,6,,90,A
367614030,2022-01-02T19:31:30,43.34653,-124.32052,0.1,307.7,511.0,NORTH BEND,,WDH4086,31,0,20,6,,90,A
367614030,2022-01-02T19:15:10,43.34654,-124.32055,0.1,329.1,511.0,NORTH BEND,,WDH4086,31,0,20,6,,90,A
367614030,2022-01-02T08:34:20,43.34653,-124.32053,0.1,244.0,511.0,NORTH BEND,,WDH4086,31,0,20,6,,90,A
367614030,2022-01-02T19:55:39,43.34656,-124.32054,0.1,337.0,511.0,NORTH BEND,,WDH4086,31,0,20,6,,90,A
367614030,2022-01-02T19:17:29,43.34656,-124.32059,0.2,340.2,511.0,NORTH BEND,,WDH4086,31,0,20,6,,90,A
367614030,2022-01-02T19:57:59,43.34657,-124.32055,0.0,334.4,511.0,NORTH BEND,,WDH4086,31,0,20,6,,90,A
367614030,2022-01-02T19:36:10,43.34654,-124.32056,0.1,344.1,511.0,NORTH BEND,,WDH4086,31,0,20,6,,90,A
367614030,2022-01-02T19:53:19,43.34656,-124.32054,0.1,352.2,511.0,NORTH BEND,,WDH4086,31,0,20,6,,90,A
367614030,2022-01-02T19:23:20,43.34656,-124.32052,0.1,325.5,511.0,NORTH BEND,,WDH4086,31,0,20,6,,90,A
367614030,2022-01-02T20:23:20,43.34654,-124.32052,0.1,350.0,511.0,NORTH BEND,,WDH4086,31,0,20,6,,90,A
367614030,2022-01-02T20:03:39,43.34656,-124.32051,0.0,7.9,511.0,NORTH BEND,,WDH4086,31,0,20,6,,90,A
367614030,2022-01-02T19:38:20,43.34656,-124.32054,0.1,335.5,511.0,NORTH BEND,,WDH4086,31,0,20,6,,90,A
367614030,2022-01-02T19:43:59,43.34654,-124.32053,0.0,333.8,511.0,NORTH BEND,,WDH4086,31,0,20,6,,90,A
367614030,2022-01-02T19:26:50,43.34657,-124.32052,0.1,312.0,511.0,NORTH BEND,,WDH4086,31,0,20,6,,90,A
367614030,2022-01-02T08:39:09,43.34654,-124.32054,0.0,247.1,511.0,NORTH BEND,,WDH4086,31,0,20,6,,90,A
367614030,2022-01-02T19:30:19,43.34653,-124.32053,0.0,305.6,511.0,NORTH BEND,,WDH4086,31,0,20,6,,90,A
367614030,2022-01-02T19:52:10,43.34656,-124.32058,0.1,344.6,511.0,NORTH BEND,,WDH4086,31,0,20,6,,90,A
367614030,2022-01-02T19:33:51,43.34654,-124.32054,0.1,319.1,511.0,NORTH BEND,,WDH4086,31,0,20,6,,90,A
367614030,2022-01-02T20:34:00,43.34655,-124.32051,0.0,333.0,511.0,NORTH BEND,,WDH4086,31,0,20,6,,90,A
367614030,2022-01-02T19:35:00,43.34654,-124.32055,0.1,330.1,511.0,NORTH BEND,,WDH4086,31,0,20,6,,90,A
367614030,2022-01-02T20:17:40,43.34653,-124.32053,0.0,294.9,511.0,NORTH BEND,,WDH4086,31,0,20,6,,90,A
367614030,2022-01-02T19:54:30,43.34654,-124.32052,0.1,339.1,511.0,NORTH BEND,,WDH4086,31,0,20,6,,90,A
367614030,2022-01-02T19:56:50,43.34658,-124.32055,0.1,344.3,511.0,NORTH BEND,,WDH4086,31,0,20,6,,90,A
367614030,2022-01-02T20:21:09,43.34654,-124.32051,0.0,330.8,511.0,NORTH BEND,,WDH4086,31,0,20,6,,90,A
367614030,2022-01-02T20:12:59,43.34656,-124.32053,0.0,314.1,511.0,NORTH BEND,,WDH4086,31,0,20,6,,90,A
367614030,2022-01-02T19:59:10,43.34657,-124.32054,0.0,337.3,511.0,NORTH BEND,,WDH4086,31,0,20,6,,90,A
367614030,2022-01-02T19:46:21,43.34654,-124.32053,0.1,356.5,511.0,NORTH BEND,,WDH4086,31,0,20,6,,90,A
367614030,2022-01-02T19:45:10,43.34654,-124.32054,0.1,352.4,511.0,NORTH BEND,,WDH4086,31,0,20,6,,90,A
367614030,2022-01-02T20:44:30,43.34661,-124.32052,0.0,238.7,511.0,NORTH BEND,,WDH4086,31,0,20,6,,90,A
367614030,2022-01-02T20:45:39,43.34658,-124.32052,0.0,224.2,511.0,NORTH BEND,,WDH4086,31,0,20,6,,90,A
367614030,2022-01-02T20:07:09,43.34656,-124.32051,0.1,346.5,511.0,NORTH BEND,,WDH4086,31,0,20,6,,90,A
367614030,2022-01-02T08:45:10,43.34653,-124.32053,0.0,242.6,511.0,NORTH BEND,,WDH4086,31,0,20,6,,90,A
367614030,2022-01-02T20:18:50,43.34655,-124.32052,0.0,316.4,511.0,NORTH BEND,,WDH4086,31,0,20,6,,90,A
367614030,2022-01-02T19:47:31,43.34654,-124.32054,0.1,1.7,511.0,NORTH BEND,,WDH4086,31,0,20,6,,90,A
367614030,2022-01-02T20:20:00,43.34654,-124.32051,0.0,330.2,511.0,NORTH BEND,,WDH4086,31,0,20,6,,90,A
367614030,2022-01-02T08:46:20,43.34656,-124.32051,0.0,246.5,511.0,NORTH BEND,,WDH4086,31,0,20,6,,90,A
367614030,2022-01-02T20:51:30,43.34656,-124.32053,0.0,252.1,511.0,NORTH BEND,,WDH4086,31,0,20,6,,90,A
367614030,2022-01-02T20:11:50,43.34655,-124.32053,0.0,312.3,511.0,NORTH BEND,,WDH4086,31,0,20,6,,90,A
367614030,2022-01-02T20:10:40,43.34656,-124.32052,0.1,317.6,511.0,NORTH BEND,,WDH4086,31,0,20,6,,90,A
367614030,2022-01-02T08:47:30,43.34655,-124.32051,0.0,239.2,511.0,NORTH BEND,,WDH4086,31,0,20,6,,90,A
367614030,2022-01-02T20:36:20,43.34655,-124.32053,0.0,307.1,511.0,NORTH BEND,,WDH4086,31,0,20,6,,90,A
367614030,2022-01-02T20:38:39,43.34658,-124.32053,0.1,266.1,511.0,NORTH BEND,,WDH4086,31,0,20,6,,90,A
367614030,2022-01-02T20:56:11,43.34658,-124.32052,0.0,234.4,511.0,NORTH BEND,,WDH4086,31,0,20,6,,90,A
367614030,2022-01-02T20:08:20,43.34656,-124.32051,0.0,339.3,511.0,NORTH BEND,,WDH4086,31,0,20,6,,90,A
367614030,2022-01-02T20:37:30,43.34654,-124.32054,0.0,278.6,511.0,NORTH BEND,,WDH4086,31,0,20,6,,90,A
367614030,2022-01-02T21:04:39,43.34654,-124.32054,0.1,267.0,511.0,NORTH BEND,,WDH4086,31,0,20,6,,90,A
367614030,2022-01-02T20:29:20,43.34656,-124.32050,0.1,354.6,511.0,NORTH BEND,,WDH4086,31,0,20,6,,90,A
367614030,2022-01-02T20:41:01,43.34660,-124.32053,0.1,254.3,511.0,NORTH BEND,,WDH4086,31,0,20,6,,90,A
367614030,2022-01-02T20:09:30,43.34657,-124.32052,0.0,333.1,511.0,NORTH BEND,,WDH4086,31,0,20,6,,90,A
367614030,2022-01-02T20:31:40,43.34652,-124.32052,0.0,359.7,511.0,NORTH BEND,,WDH4086,31,0,20,6,,90,A
367614030,2022-01-02T20:43:20,43.34657,-124.32052,0.1,242.3,511.0,NORTH BEND,,WDH4086,31,0,20,6,,90,A
367614030,2022-01-02T08:54:31,43.34652,-124.32054,0.0,249.0,511.0,NORTH BEND,,WDH4086,31,0,20,6,,90,A
367614030,2022-01-02T20:25:49,43.34655,-124.32053,0.0,359.4,511.0,NORTH BEND,,WDH4086,31,0,20,6,,90,A
367614030,2022-01-02T21:11:30,43.34656,-124.32053,0.0,259.6,511.0,NORTH BEND,,WDH4086,31,0,20,6,,90,A
367614030,2022-01-02T08:56:49,43.34654,-124.32054,0.0,254.8,511.0,NORTH BEND,,WDH4086,31,0,20,6,,90,A
367614030,2022-01-02T20:30:29,43.34656,-124.32050,0.1,356.2,511.0,NORTH BEND,,WDH4086,31,0,20,6,,90,A
367614030,2022-01-02T20:49:09,43.34656,-124.32050,0.1,253.4,511.0,NORTH BEND,,WDH4086,31,0,20,6,,90,A
367614030,2022-01-02T20:16:31,43.34646,-124.32057,0.1,298.7,511.0,NORTH BEND,,WDH4086,31,0,20,6,,90,A
367614030,2022-01-02T20:53:49,43.34657,-124.32053,0.1,246.5,511.0,NORTH BEND,,WDH4086,31,0,20,6,,90,A
367614030,2022-01-02T21:00:09,43.34654,-124.32054,0.1,238.0,511.0,NORTH BEND,,WDH4086,31,0,20,6,,90,A
367614030,2022-01-02T20:42:10,43.34661,-124.32050,0.0,247.6,511.0,NORTH BEND,,WDH4086,31,0,20,6,,90,A
367614030,2022-01-02T21:21:00,43.34655,-124.32055,0.1,222.9,511.0,NORTH BEND,,WDH4086,31,0,20,6,,90,A
367614030,2022-01-02T20:39:49,43.34658,-124.32053,0.0,261.3,511.0,NORTH BEND,,WDH4086,31,0,20,6,,90,A
367614030,2022-01-02T21:07:00,43.34657,-124.32051,0.0,264.4,511.0,NORTH BEND,,WDH4086,31,0,20,6,,90,A
367614030,2022-01-02T20:22:10,43.34654,-124.32051,0.0,344.5,511.0,NORTH BEND,,WDH4086,31,0,20,6,,90,A
367614030,2022-01-02T20:24:29,43.34649,-124.32054,0.0,356.4,511.0,NORTH BEND,,WDH4086,31,0,20,6,,90,A
367614030,2022-01-02T20:47:59,43.34655,-124.32051,0.0,256.1,511.0,NORTH BEND,,WDH4086,31,0,20,6,,90,A
367614030,2022-01-02T20:28:09,43.34657,-124.32051,0.1,358.2,511.0,NORTH BEND,,WDH4086,31,0,20,6,,90,A
367614030,2022-01-02T21:08:01,43.34656,-124.32051,0.0,266.5,511.0,NORTH BEND,,WDH4086,31,0,20,6,,90,A
367614030,2022-01-02T21:16:09,43.34653,-124.32055,0.1,234.1,511.0,NORTH BEND,,WDH4086,31,0,20,6,,90,A
367614030,2022-01-02T20:55:01,43.34659,-124.32053,0.0,241.7,511.0,NORTH BEND,,WDH4086,31,0,20,6,,90,A
367614030,2022-01-02T21:01:20,43.34654,-124.32055,0.0,237.5,511.0,NORTH BEND,,WDH4086,31,0,20,6,,90,A
367614030,2022-01-02T21:02:21,43.34653,-124.32053,0.0,249.4,511.0,NORTH BEND,,WDH4086,31,0,20,6,,90,A
367614030,2022-01-02T09:05:41,43.34656,-124.32052,0.0,240.6,511.0,NORTH BEND,,WDH4086,31,0,20,6,,90,A
367614030,2022-01-02T21:26:40,43.34655,-124.32054,0.0,278.9,511.0,NORTH BEND,,WDH4086,31,0,20,6,,90,A
367614030,2022-01-02T09:09:10,43.34656,-124.32055,0.0,238.4,511.0,NORTH BEND,,WDH4086,31,0,20,6,,90,A
367614030,2022-01-02T21:22:09,43.34658,-124.32052,0.0,221.7,511.0,NORTH BEND,,WDH4086,31,0,20,6,,90,A
367614030,2022-01-02T21:24:21,43.34658,-124.32053,0.1,250.8,511.0,NORTH BEND,,WDH4086,31,0,20,6,,90,A
367614030,2022-01-02T20:58:29,43.34655,-124.32054,0.0,238.3,511.0,NORTH BEND,,WDH4086,31,0,20,6,,90,A
367614030,2022-01-02T21:46:30,43.34653,-124.32049,0.0,348.4,511.0,NORTH BEND,,WDH4086,31,0,20,6,,90,A
367614030,2022-01-02T21:10:20,43.34655,-124.32052,0.0,256.8,511.0,NORTH BEND,,WDH4086,31,0,20,6,,90,A
367614030,2022-01-02T20:59:40,43.34654,-124.32053,0.0,239.1,511.0,NORTH BEND,,WDH4086,31,0,20,6,,90,A
367614030,2022-01-02T21:48:50,43.34655,-124.32049,0.0,347.5,511.0,NORTH BEND,,WDH4086,31,0,20,6,,90,A
367614030,2022-01-02T09:10:19,43.34657,-124.32053,0.1,240.0,511.0,NORTH BEND,,WDH4086,31,0,20,6,,90,A
367614030,2022-01-02T20:46:51,43.34652,-124.32053,0.0,229.4,511.0,NORTH BEND,,WDH4086,31,0,20,6,,90,A
367614030,2022-01-02T09:15:00,43.34657,-124.32053,0.0,258.7,511.0,NORTH BEND,,WDH4086,31,0,20,6,,90,A
367614030,2022-01-02T21:17:30,43.34653,-124.32056,0.1,231.7,511.0,NORTH BEND,,WDH4086,31,0,20,6,,90,A
367614030,2022-01-02T21:14:59,43.34652,-124.32055,0.0,253.7,511.0,NORTH BEND,,WDH4086,31,0,20,6,,90,A
367614030,2022-01-02T21:31:30,43.34656,-124.32049,0.0,298.5,511.0,NORTH BEND,,WDH4086,31,0,20,6,,90,A
367614030,2022-01-02T21:38:21,43.34658,-124.32054,0.1,332.6,511.0,NORTH BEND,,WDH4086,31,0,20,6,,90,A
367614030,2022-01-02T21:19:50,43.34654,-124.32055,0.0,226.2,511.0,NORTH BEND,,WDH4086,31,0,20,6,,90,A
367614030,2022-01-02T20:52:39,43.34657,-124.32053,0.0,246.5,511.0,NORTH BEND,,WDH4086,31,0,20,6,,90,A
367614030,2022-01-02T21:35:00,43.34656,-124.32052,0.0,326.1,511.0,NORTH BEND,,WDH4086,31,0,20,6,,90,A
367614030,2022-01-02T21:37:20,43.34655,-124.32054,0.0,332.1,511.0,NORTH BEND,,WDH4086,31,0,20,6,,90,A
367614030,2022-01-02T21:12:40,43.34655,-124.32054,0.0,253.2,511.0,NORTH BEND,,WDH4086,31,0,20,6,,90,A
367614030,2022-01-02T21:03:29,43.34653,-124.32052,0.0,259.8,511.0,NORTH BEND,,WDH4086,31,0,20,6,,90,A
367614030,2022-01-02T21:41:49,43.34656,-124.32052,0.0,334.7,511.0,NORTH BEND,,WDH4086,31,0,20,6,,90,A
367614030,2022-01-02T21:05:50,43.34651,-124.32054,0.1,264.3,511.0,NORTH BEND,,WDH4086,31,0,20,6,,90,A
367614030,2022-01-02T21:49:59,43.34653,-124.32051,0.0,352.5,511.0,NORTH BEND,,WDH4086,31,0,20,6,,90,A
367614030,2022-01-02T21:29:00,43.34656,-124.32049,0.0,300.3,511.0,NORTH BEND,,WDH4086,31,0,20,6,,90,A
367614030,2022-01-02T21:30:21,43.34656,-124.32051,0.0,297.5,511.0,NORTH BEND,,WDH4086,31,0,20,6,,90,A
367614030,2022-01-02T21:53:19,43.34655,-124.32051,0.1,358.2,511.0,NORTH BEND,,WDH4086,31,0,20,6,,90,A
367614030,2022-01-02T21:09:10,43.34656,-124.32052,0.1,261.1,511.0,NORTH BEND,,WDH4086,31,0,20,6,,90,A
367614030,2022-01-02T21:23:19,43.34658,-124.32052,0.1,230.4,511.0,NORTH BEND,,WDH4086,31,0,20,6,,90,A
367614030,2022-01-02T21:36:10,43.34658,-124.32053,0.0,327.6,511.0,NORTH BEND,,WDH4086,31,0,20,6,,90,A
367614030,2022-01-02T09:23:10,43.34656,-124.32051,0.0,261.2,511.0,NORTH BEND,,WDH4086,31,0,20,6,,90,A
367614030,2022-01-02T21:27:51,43.34655,-124.32052,0.0,281.5,511.0,NORTH BEND,,WDH4086,31,0,20,6,,90,A
367614030,2022-01-02T21:39:29,43.34656,-124.32054,0.0,335.2,511.0,NORTH BEND,,WDH4086,31,0,20,6,,90,A
367614030,2022-01-02T21:40:39,43.34657,-124.32054,0.0,337.4,511.0,NORTH BEND,,WDH4086,31,0,20,6,,90,A
367614030,2022-01-02T21:57:59,43.34656,-124.32050,0.0,344.8,511.0,NORTH BEND,,WDH4086,31,0,20,6,,90,A
367614030,2022-01-02T22:01:21,43.34653,-124.32054,0.0,346.3,511.0,NORTH BEND,,WDH4086,31,0,20,6,,90,A
367614030,2022-01-02T21:18:40,43.34653,-124.32055,0.1,233.0,511.0,NORTH BEND,,WDH4086,31,0,20,6,,90,A
367614030,2022-01-02T21:45:19,43.34654,-124.32051,0.0,346.8,511.0,NORTH BEND,,WDH4086,31,0,20,6,,90,A
367614030,2022-01-02T22:04:50,43.34652,-124.32053,0.0,343.8,511.0,NORTH BEND,,WDH4086,31,0,20,6,,90,A
367614030,2022-01-02T22:07:11,43.34656,-124.32050,0.0,340.2,511.0,NORTH BEND,,WDH4086,31,0,20,6,,90,A
367614030,2022-01-02T22:10:40,43.34656,-124.32050,0.0,338.9,511.0,NORTH BEND,,WDH4086,31,0,20,6,,90,A
367614030,2022-01-02T21:43:00,43.34654,-124.32053,0.1,331.0,511.0,NORTH BEND,,WDH4086,31,0,20,6,,90,A
367614030,2022-01-02T21:25:30,43.34655,-124.32053,0.0,252.5,511.0,NORTH BEND,,WDH4086,31,0,20,6,,90,A
367614030,2022-01-02T21:52:11,43.34655,-124.32052,0.1,355.7,511.0,NORTH BEND,,WDH4086,31,0,20,6,,90,A
367614030,2022-01-02T21:54:20,43.34654,-124.32050,0.0,358.6,511.0,NORTH BEND,,WDH4086,31,0,20,6,,90,A
367614030,2022-01-02T22:17:00,43.34653,-124.32053,0.0,330.5,511.0,NORTH BEND,,WDH4086,31,0,20,6,,90,A
367614030,2022-01-02T21:47:39,43.34654,-124.32048,0.0,345.9,511.0,NORTH BEND,,WDH4086,31,0,20,6,,90,A
367614030,2022-01-02T21:59:09,43.34654,-124.32051,0.0,344.0,511.0,NORTH BEND,,WDH4086,31,0,20,6,,90,A
367614030,2022-01-02T21:33:50,43.34656,-124.32049,0.0,315.9,511.0,NORTH BEND,,WDH4086,31,0,20,6,,90,A
367614030,2022-01-02T09:32:40,43.34658,-124.32052,0.0,256.7,511.0,NORTH BEND,,WDH4086,31,0,20,6,,90,A
367614030,2022-01-02T21:56:51,43.34656,-124.32051,0.0,349.9,511.0,NORTH BEND,,WDH4086,31,0,20,6,,90,A
367614030,2022-01-02T22:30:59,43.34656,-124.32051,0.0,337.6,511.0,NORTH BEND,,WDH4086,31,0,20,6,,90,A
367614030,2022-01-02T22:08:21,43.34657,-124.32050,0.0,337.4,511.0,NORTH BEND,,WDH4086,31,0,20,6,,90,A
367614030,2022-01-02T22:03:40,43.34653,-124.32048,0.0,342.1,511.0,NORTH BEND,,WDH4086,31,0,20,6,,90,A
367614030,2022-01-02T09:35:00,43.34661,-124.32049,0.0,266.8,511.0,NORTH BEND,,WDH4086,31,0,20,6,,90,A
367614030,2022-01-02T21:44:09,43.34653,-124.32055,0.0,338.3,511.0,NORTH BEND,,WDH4086,31,0,20,6,,90,A
367614030,2022-01-02T22:05:59,43.34654,-124.32052,0.0,343.4,511.0,NORTH BEND,,WDH4086,31,0,20,6,,90,A
367614030,2022-01-02T22:12:10,43.34656,-124.32051,0.0,334.3,511.0,NORTH BEND,,WDH4086,31,0,20,6,,90,A
367614030,2022-01-02T22:47:20,43.34656,-124.32052,0.0,213.8,511.0,NORTH BEND,,WDH4086,31,0,20,6,,90,A
367614030,2022-01-02T22:13:19,43.34657,-124.32050,0.0,329.6,511.0,NORTH BEND,,WDH4086,31,0,20,6,,90,A
367614030,2022-01-02T22:37:59,43.34655,-124.32052,0.0,256.1,511.0,NORTH BEND,,WDH4086,31,0,20,6,,90,A
367614030,2022-01-02T22:18:10,43.34654,-124.32053,0.0,333.1,511.0,NORTH BEND,,WDH4086,31,0,20,6,,90,A
367614030,2022-01-02T22:19:20,43.34655,-124.32051,0.0,334.8,511.0,NORTH BEND,,WDH4086,31,0,20,6,,90,A
367614030,2022-01-02T21:55:29,43.34657,-124.32052,0.0,353.3,511.0,NORTH BEND,,WDH4086,31,0,20,6,,90,A
367614030,2022-01-02T23:01:19,43.34656,-124.32053,0.0,297.4,511.0,NORTH BEND,,WDH4086,31,0,20,6,,90,A
367614030,2022-01-02T22:20:29,43.34656,-124.32052,0.0,341.1,511.0,NORTH BEND,,WDH4086,31,0,20,6,,90,A
367614030,2022-01-02T22:21:31,43.34655,-124.32053,0.0,344.1,511.0,NORTH BEND,,WDH4086,31,0,20,6,,90,A
367614030,2022-01-02T22:02:30,43.34653,-124.32052,0.0,346.7,511.0,NORTH BEND,,WDH4086,31,0,20,6,,90,A
367614030,2022-01-02T22:23:49,43.34655,-124.32052,0.0,340.3,511.0,NORTH BEND,,WDH4086,31,0,20,6,,90,A
367614030,2022-01-02T23:06:59,43.34655,-124.32052,0.0,352.4,511.0,NORTH BEND,,WDH4086,31,0,20,6,,90,A
367614030,2022-01-02T22:26:09,43.34658,-124.32052,0.0,340.5,511.0,NORTH BEND,,WDH4086,31,0,20,6,,90,A
367614030,2022-01-02T22:27:21,43.34657,-124.32053,0.0,328.4,511.0,NORTH BEND,,WDH4086,31,0,20,6,,90,A
367614030,2022-01-02T22:33:21,43.34658,-124.32051,0.0,328.7,511.0,NORTH BEND,,WDH4086,31,0,20,6,,90,A
367614030,2022-01-02T22:34:30,43.34656,-124.32052,0.0,302.7,511.0,NORTH BEND,,WDH4086,31,0,20,6,,90,A
367614030,2022-01-02T23:13:59,43.34657,-124.32053,0.0,9.0,511.0,NORTH BEND,,WDH4086,31,0,20,6,,90,A
367614030,2022-01-02T22:35:40,43.34656,-124.32051,0.0,281.6,511.0,NORTH BEND,,WDH4086,31,0,20,6,,90,A
367614030,2022-01-02T22:58:50,43.34654,-124.32049,0.0,258.9,511.0,NORTH BEND,,WDH4086,31,0,20,6,,90,A
367614030,2022-01-02T22:15:50,43.34656,-124.32050,0.0,329.4,511.0,NORTH BEND,,WDH4086,31,0,20,6,,90,A
367614030,2022-01-02T23:00:00,43.34656,-124.32051,0.0,276.0,511.0,NORTH BEND,,WDH4086,31,0,20,6,,90,A
367614030,2022-01-02T22:36:49,43.34658,-124.32051,0.0,265.2,511.0,NORTH BEND,,WDH4086,31,0,20,6,,90,A
367614030,2022-01-02T22:43:50,43.34656,-124.32049,0.0,209.9,511.0,NORTH BEND,,WDH4086,31,0,20,6,,90,A
367614030,2022-01-02T23:20:40,43.34654,-124.32053,0.0,2.6,511.0,NORTH BEND,,WDH4086,31,0,20,6,,90,A
367614030,2022-01-02T23:00:09,43.34655,-124.32051,0.0,279.7,511.0,NORTH BEND,,WDH4086,31,0,20,6,,90,A
367614030,2022-01-02T23:08:10,43.34655,-124.32052,0.1,2.8,511.0,NORTH BEND,,WDH4086,31,0,20,6,,90,A
367614030,2022-01-02T22:44:59,43.34656,-124.32049,0.0,209.9,511.0,NORTH BEND,,WDH4086,31,0,20,6,,90,A
367614030,2022-01-02T23:04:40,43.34655,-124.32051,0.0,343.2,511.0,NORTH BEND,,WDH4086,31,0,20,6,,90,A
367614030,2022-01-02T22:42:40,43.34656,-124.32050,0.0,217.0,511.0,NORTH BEND,,WDH4086,31,0,20,6,,90,A
367614030,2022-01-02T23:27:40,43.34653,-124.32051,0.0,323.1,511.0,NORTH BEND,,WDH4086,31,0,20,6,,90,A
367614030,2022-01-02T22:25:00,43.34656,-124.32051,0.0,342.7,511.0,NORTH BEND,,WDH4086,31,0,20,6,,90,A
367614030,2022-01-02T22:50:50,43.34657,-124.32050,0.0,204.2,511.0,NORTH BEND,,WDH4086,31,0,20,6,,90,A
367614030,2022-01-02T23:10:31,43.34655,-124.32052,0.0,1.8,511.0,NORTH BEND,,WDH4086,31,0,20,6,,90,A
367614030,2022-01-02T22:29:40,43.34655,-124.32051,0.0,330.2,511.0,NORTH BEND,,WDH4086,31,0,20,6,,90,A
367614030,2022-01-02T23:33:30,43.34654,-124.32052,0.0,297.9,511.0,NORTH BEND,,WDH4086,31,0,20,6,,90,A
367614030,2022-01-02T22:56:39,43.34656,-124.32049,0.0,224.4,511.0,NORTH BEND,,WDH4086,31,0,20,6,,90,A
367614030,2022-01-02T23:34:41,43.34654,-124.32053,0.0,283.4,511.0,NORTH BEND,,WDH4086,31,0,20,6,,90,A
367614030,2022-01-02T22:54:20,43.34657,-124.32051,0.1,215.7,511.0,NORTH BEND,,WDH4086,31,0,20,6,,90,A
367614030,2022-01-02T23:35:50,43.34655,-124.32052,0.0,275.2,511.0,NORTH BEND,,WDH4086,31,0,20,6,,90,A
367614030,2022-01-02T23:23:01,43.34655,-124.32052,0.0,349.0,511.0,NORTH BEND,,WDH4086,31,0,20,6,,90,A
367614030,2022-01-02T22:57:40,43.34656,-124.32051,0.0,234.5,511.0,NORTH BEND,,WDH4086,31,0,20,6,,90,A
367614030,2022-01-02T22:55:29,43.34658,-124.32052,0.0,216.5,511.0,NORTH BEND,,WDH4086,31,0,20,6,,90,A
367614030,2022-01-02T23:18:30,43.34657,-124.32053,0.0,0.1,511.0,NORTH BEND,,WDH4086,31,0,20,6,,90,A
367614030,2022-01-02T23:25:19,43.34654,-124.32052,0.0,340.6,511.0,NORTH BEND,,WDH4086,31,0,20,6,,90,A
367614030,2022-01-02T23:02:29,43.34658,-124.32051,0.0,317.4,511.0,NORTH BEND,,WDH4086,31,0,20,6,,90,A
367614030,2022-01-02T23:24:10,43.34654,-124.32052,0.0,347.9,511.0,NORTH BEND,,WDH4086,31,0,20,6,,90,A
367614030,2022-01-02T23:42:40,43.34654,-124.32052,0.0,183.8,511.0,NORTH BEND,,WDH4086,31,0,20,6,,90,A
367614030,2022-01-02T23:28:49,43.34654,-124.32051,0.0,323.2,511.0,NORTH BEND,,WDH4086,31,0,20,6,,90,A
367614030,2022-01-02T09:57:09,43.34656,-124.32053,0.0,290.6,511.0,NORTH BEND,,WDH4086,31,0,20,6,,90,A
367614030,2022-01-02T23:09:21,43.34655,-124.32051,0.0,4.0,511.0,NORTH BEND,,WDH4086,31,0,20,6,,90,A
367614030,2022-01-02T23:31:00,43.34656,-124.32052,0.0,317.0,511.0,NORTH BEND,,WDH4086,31,0,20,6,,90,A
367614030,2022-01-02T22:46:09,43.34656,-124.32051,0.0,207.7,511.0,NORTH BEND,,WDH4086,31,0,20,6,,90,A
367614030,2022-01-02T23:05:50,43.34655,-124.32053,0.0,347.2,511.0,NORTH BEND,,WDH4086,31,0,20,6,,90,A
367614030,2022-01-02T23:50:50,43.34654,-124.32052,0.0,189.9,511.0,NORTH BEND,,WDH4086,31,0,20,6,,90,A
367614030,2022-01-02T22:49:41,43.34655,-124.32049,0.0,203.0,511.0,NORTH BEND,,WDH4086,31,0,20,6,,90,A
367614030,2022-01-02T23:16:10,43.34655,-124.32053,0.0,11.7,511.0,NORTH BEND,,WDH4086,31,0,20,6,,90,A
367614030,2022-01-02T22:52:00,43.34656,-124.32049,0.0,207.6,511.0,NORTH BEND,,WDH4086,31,0,20,6,,90,A
367614030,2022-01-02T23:41:30,43.34654,-124.32052,0.0,183.0,511.0,NORTH BEND,,WDH4086,31,0,20,6,,90,A
367614030,2022-01-02T23:11:40,43.34655,-124.32052,0.0,5.5,511.0,NORTH BEND,,WDH4086,31,0,20,6,,90,A
367614030,2022-01-02T23:19:39,43.34654,-124.32053,0.0,0.9,511.0,NORTH BEND,,WDH4086,31,0,20,6,,90,A
367614030,2022-01-02T23:17:19,43.34658,-124.32052,0.0,12.7,511.0,NORTH BEND,,WDH4086,31,0,20,6,,90,A
367614030,2022-01-02T23:49:41,43.34654,-124.32054,0.0,186.6,511.0,NORTH BEND,,WDH4086,31,0,20,6,,90,A
367614030,2022-01-02T23:03:30,43.34658,-124.32051,0.0,329.5,511.0,NORTH BEND,,WDH4086,31,0,20,6,,90,A
367614030,2022-01-02T23:53:09,43.34654,-124.32054,0.0,184.2,511.0,NORTH BEND,,WDH4086,31,0,20,6,,90,A
367614030,2022-01-02T23:29:59,43.34656,-124.32051,0.0,317.2,511.0,NORTH BEND,,WDH4086,31,0,20,6,,90,A
367614030,2022-01-02T23:55:29,43.34656,-124.32051,0.0,182.1,511.0,NORTH BEND,,WDH4086,31,0,20,6,,90,A
367614030,2022-01-02T23:32:09,43.34655,-124.32053,0.0,307.8,511.0,NORTH BEND,,WDH4086,31,0,20,6,,90,A
367614030,2022-01-02T23:38:10,43.34652,-124.32054,0.0,210.9,511.0,NORTH BEND,,WDH4086,31,0,20,6,,90,A
367614030,2022-01-02T23:40:19,43.34654,-124.32053,0.0,180.4,511.0,NORTH BEND,,WDH4086,31,0,20,6,,90,A
367614030,2022-01-02T23:59:00,43.34654,-124.32053,0.0,205.6,511.0,NORTH BEND,,WDH4086,31,0,20,6,,90,A
367614030,2022-01-02T23:37:00,43.34656,-124.32052,0.0,238.4,511.0,NORTH BEND,,WDH4086,31,0,20,6,,90,A
367614030,2022-01-02T23:39:11,43.34653,-124.32051,0.0,199.3,511.0,NORTH BEND,,WDH4086,31,0,20,6,,90,A
367614030,2022-01-02T23:52:01,43.34653,-124.32053,0.0,188.7,511.0,NORTH BEND,,WDH4086,31,0,20,6,,90,A
367614030,2022-01-02T10:18:40,43.34655,-124.32054,0.0,293.7,511.0,NORTH BEND,,WDH4086,31,0,20,6,,90,A
367614030,2022-01-02T23:43:49,43.34655,-124.32051,0.1,182.7,511.0,NORTH BEND,,WDH4086,31,0,20,6,,90,A
367614030,2022-01-02T23:46:11,43.34651,-124.32058,0.0,181.5,511.0,NORTH BEND,,WDH4086,31,0,20,6,,90,A
367614030,2022-01-02T10:29:10,43.34656,-124.32054,0.0,331.3,511.0,NORTH BEND,,WDH4086,31,0,20,6,,90,A
367614030,2022-01-02T10:33:10,43.34656,-124.32052,0.0,334.2,511.0,NORTH BEND,,WDH4086,31,0,20,6,,90,A
367614030,2022-01-02T10:34:21,43.34656,-124.32052,0.0,334.3,511.0,NORTH BEND,,WDH4086,31,0,20,6,,90,A
367614030,2022-01-02T10:35:30,43.34655,-124.32052,0.1,332.7,511.0,NORTH BEND,,WDH4086,31,0,20,6,,90,A
367614030,2022-01-02T10:36:40,43.34656,-124.32052,0.0,331.5,511.0,NORTH BEND,,WDH4086,31,0,20,6,,90,A
367614030,2022-01-02T10:54:09,43.34659,-124.32052,0.0,326.8,511.0,NORTH BEND,,WDH4086,31,0,20,6,,90,A
367614030,2022-01-02T10:56:30,43.34657,-124.32051,0.0,314.0,511.0,NORTH BEND,,WDH4086,31,0,20,6,,90,A
367614030,2022-01-02T11:07:10,43.34656,-124.32053,0.0,304.0,511.0,NORTH BEND,,WDH4086,31,0,20,6,,90,A
367614030,2022-01-02T11:09:30,43.34656,-124.32052,0.0,283.5,511.0,NORTH BEND,,WDH4086,31,0,20,6,,90,A
367614030,2022-01-02T11:11:51,43.34656,-124.32051,0.0,264.3,511.0,NORTH BEND,,WDH4086,31,0,20,6,,90,A
367614030,2022-01-02T11:46:40,43.34658,-124.32054,0.0,212.7,511.0,NORTH BEND,,WDH4086,31,0,20,6,,90,A
367614030,2022-01-02T11:51:50,43.34651,-124.32054,0.0,221.0,511.0,NORTH BEND,,WDH4086,31,0,20,6,,90,A
367614030,2022-01-02T12:26:40,43.34652,-124.32057,0.0,270.6,511.0,NORTH BEND,,WDH4086,31,0,20,6,,90,A
367614030,2022-01-02T12:30:09,43.34653,-124.32053,0.0,264.7,511.0,NORTH BEND,,WDH4086,31,0,20,6,,90,A
367614030,2022-01-02T12:34:51,43.34653,-124.32052,0.0,277.7,511.0,NORTH BEND,,WDH4086,31,0,20,6,,90,A
367614030,2022-01-02T12:36:00,43.34657,-124.32051,0.1,270.8,511.0,NORTH BEND,,WDH4086,31,0,20,6,,90,A
367614030,2022-01-02T12:42:59,43.34653,-124.32053,0.0,272.9,511.0,NORTH BEND,,WDH4086,31,0,20,6,,90,A
367614030,2022-01-02T12:47:50,43.34654,-124.32052,0.0,283.8,511.0,NORTH BEND,,WDH4086,31,0,20,6,,90,A
367614030,2022-01-02T12:52:20,43.34656,-124.32051,0.0,297.2,511.0,NORTH BEND,,WDH4086,31,0,20,6,,90,A
367614030,2022-01-02T13:07:01,43.34657,-124.32052,0.0,315.1,511.0,NORTH BEND,,WDH4086,31,0,20,6,,90,A
367614030,2022-01-02T13:25:59,43.34654,-124.32053,0.0,306.1,511.0,NORTH BEND,,WDH4086,31,0,20,6,,90,A
367614030,2022-01-02T13:30:30,43.34653,-124.32053,0.0,264.0,511.0,NORTH BEND,,WDH4086,31,0,20,6,,90,A
367614030,2022-01-02T13:31:39,43.34656,-124.32053,0.0,263.1,511.0,NORTH BEND,,WDH4086,31,0,20,6,,90,A
367614030,2022-01-02T13:42:09,43.34654,-124.32050,0.0,238.9,511.0,NORTH BEND,,WDH4086,31,0,20,6,,90,A
367614030,2022-01-02T13:43:20,43.34654,-124.32052,0.0,243.9,511.0,NORTH BEND,,WDH4086,31,0,20,6,,90,A
367614030,2022-01-02T13:45:40,43.34654,-124.32051,0.0,246.5,511.0,NORTH BEND,,WDH4086,31,0,20,6,,90,A
367614030,2022-01-02T13:52:40,43.34655,-124.32053,0.0,231.4,511.0,NORTH BEND,,WDH4086,31,0,20,6,,90,A
367614030,2022-01-02T14:08:40,43.34655,-124.32055,0.0,252.2,511.0,NORTH BEND,,WDH4086,31,0,20,6,,90,A
367614030,2022-01-02T14:19:10,43.34653,-124.32057,0.0,292.3,511.0,NORTH BEND,,WDH4086,31,0,20,6,,90,A
367614030,2022-01-02T14:20:19,43.34655,-124.32057,0.0,293.4,511.0,NORTH BEND,,WDH4086,31,0,20,6,,90,A
367614030,2022-01-02T14:33:19,43.34655,-124.32060,0.1,344.4,511.0,NORTH BEND,,WDH4086,31,0,20,6,,90,A
367614030,2022-01-02T14:37:49,43.34658,-124.32055,0.0,338.2,511.0,NORTH BEND,,WDH4086,31,0,20,6,,90,A
367614030,2022-01-02T14:46:00,43.34655,-124.32054,0.0,297.6,511.0,NORTH BEND,,WDH4086,31,0,20,6,,90,A
367614030,2022-01-02T14:55:11,43.34655,-124.32053,0.0,328.5,511.0,NORTH BEND,,WDH4086,31,0,20,6,,90,A
367614030,2022-01-02T15:02:29,43.34655,-124.32048,0.1,324.9,511.0,NORTH BEND,,WDH4086,31,0,20,6,,90,A
367614030,2022-01-02T15:19:50,43.34656,-124.32056,0.0,259.5,511.0,NORTH BEND,,WDH4086,31,0,20,6,,90,A
367614030,2022-01-02T15:21:01,43.34652,-124.32055,0.0,252.1,511.0,NORTH BEND,,WDH4086,31,0,20,6,,90,A
367614030,2022-01-02T15:30:19,43.34654,-124.32053,0.0,250.1,511.0,NORTH BEND,,WDH4086,31,0,20,6,,90,A
367614030,2022-01-02T15:34:59,43.34652,-124.32055,0.0,255.7,511.0,NORTH BEND,,WDH4086,31,0,20,6,,90,A
367614030,2022-01-02T15:36:10,43.34656,-124.32055,0.1,248.8,511.0,NORTH BEND,,WDH4086,31,0,20,6,,90,A
367614030,2022-01-02T15:38:30,43.34655,-124.32056,0.0,263.8,511.0,NORTH BEND,,WDH4086,31,0,20,6,,90,A
367614030,2022-01-02T15:57:20,43.34653,-124.32052,0.0,271.6,511.0,NORTH BEND,,WDH4086,31,0,20,6,,90,A
367614030,2022-01-02T16:04:30,43.34656,-124.32053,0.0,198.7,511.0,NORTH BEND,,WDH4086,31,0,20,6,,90,A
367614030,2022-01-02T16:13:09,43.34661,-124.32055,0.0,206.8,511.0,NORTH BEND,,WDH4086,31,0,20,6,,90,A
367614030,2022-01-02T16:16:31,43.34655,-124.32053,0.0,196.4,511.0,NORTH BEND,,WDH4086,31,0,20,6,,90,A
367614030,2022-01-02T16:21:10,43.34656,-124.32051,0.0,198.5,511.0,NORTH BEND,,WDH4086,31,0,20,6,,90,A
367614030,2022-01-02T16:43:29,43.34656,-124.32054,0.0,218.0,511.0,NORTH BEND,,WDH4086,31,0,20,6,,90,A
367614030,2022-01-02T16:48:11,43.34655,-124.32054,0.0,254.0,511.0,NORTH BEND,,WDH4086,31,0,20,6,,90,A
367614030,2022-01-02T16:52:39,43.34657,-124.32053,0.0,248.9,511.0,NORTH BEND,,WDH4086,31,0,20,6,,90,A
367614030,2022-01-02T17:00:00,43.34655,-124.32052,0.0,286.6,511.0,NORTH BEND,,WDH4086,31,0,20,6,,90,A
367614030,2022-01-02T17:02:20,43.34655,-124.32054,0.0,285.1,511.0,NORTH BEND,,WDH4086,31,0,20,6,,90,A
367614030,2022-01-02T17:04:39,43.34654,-124.32056,0.0,290.3,511.0,NORTH BEND,,WDH4086,31,0,20,6,,90,A
367614030,2022-01-02T17:16:21,43.34655,-124.32056,0.0,318.2,511.0,NORTH BEND,,WDH4086,31,0,20,6,,90,A
367614030,2022-01-02T17:17:30,43.34655,-124.32054,0.0,325.6,511.0,NORTH BEND,,WDH4086,31,0,20,6,,90,A
367614030,2022-01-02T17:18:40,43.34655,-124.32057,0.1,339.0,511.0,NORTH BEND,,WDH4086,31,0,20,6,,90,A
367614030,2022-01-02T17:21:01,43.34654,-124.32055,0.0,352.2,511.0,NORTH BEND,,WDH4086,31,0,20,6,,90,A
367614030,2022-01-02T17:22:10,43.34653,-124.32055,0.0,357.2,511.0,NORTH BEND,,WDH4086,31,0,20,6,,90,A
367614030,2022-01-02T17:38:20,43.34656,-124.32050,0.1,339.4,511.0,NORTH BEND,,WDH4086,31,0,20,6,,90,A
367614030,2022-01-02T17:46:40,43.34658,-124.32052,0.0,342.7,511.0,NORTH BEND,,WDH4086,31,0,20,6,,90,A
367614030,2022-01-02T17:55:00,43.34654,-124.32052,0.0,331.7,511.0,NORTH BEND,,WDH4086,31,0,20,6,,90,A
367614030,2022-01-02T17:56:10,43.34655,-124.32053,0.0,337.2,511.0,NORTH BEND,,WDH4086,31,0,20,6,,90,A
367614030,2022-01-02T17:57:11,43.34656,-124.32053,0.1,341.7,511.0,NORTH BEND,,WDH4086,31,0,20,6,,90,A
367614030,2022-01-02T18:00:01,43.34657,-124.32055,0.0,327.0,511.0,NORTH BEND,,WDH4086,31,0,20,6,,90,A
367614030,2022-01-02T18:02:20,43.34656,-124.32053,0.0,333.9,511.0,NORTH BEND,,WDH4086,31,0,20,6,,90,A
367614030,2022-01-02T18:09:20,43.34655,-124.32054,0.0,327.4,511.0,NORTH BEND,,WDH4086,31,0,20,6,,90,A
367614030,2022-01-02T18:20:00,43.34655,-124.32055,0.0,326.9,511.0,NORTH BEND,,WDH4086,31,0,20,6,,90,A
367614030,2022-01-02T18:29:19,43.34660,-124.32056,0.0,229.7,511.0,NORTH BEND,,WDH4086,31,0,20,6,,90,A
367614030,2022-01-02T18:40:50,43.34656,-124.32054,0.0,235.5,511.0,NORTH BEND,,WDH4086,31,0,20,6,,90,A
367614030,2022-01-02T18:50:10,43.34657,-124.32053,0.0,239.4,511.0,NORTH BEND,,WDH4086,31,0,20,6,,90,A
367614030,2022-01-02T18:55:59,43.34655,-124.32055,0.1,241.5,511.0,NORTH BEND,,WDH4086,31,0,20,6,,90,A
367614030,2022-01-02T19:03:20,43.34655,-124.32051,0.0,336.4,511.0,NORTH BEND,,WDH4086,31,0,20,6,,90,A
367614030,2022-01-02T19:16:20,43.34656,-124.32054,0.1,337.5,511.0,NORTH BEND,,WDH4086,31,0,20,6,,90,A
367614030,2022-01-02T19:29:10,43.34655,-124.32052,0.1,309.3,511.0,NORTH BEND,,WDH4086,31,0,20,6,,90,A
367614030,2022-01-02T19:42:51,43.34655,-124.32053,0.1,328.5,511.0,NORTH BEND,,WDH4086,31,0,20,6,,90,A
367614030,2022-01-02T19:48:39,43.34656,-124.32053,0.1,354.6,511.0,NORTH BEND,,WDH4086,31,0,20,6,,90,A
367614030,2022-01-02T20:01:19,43.34656,-124.32053,0.0,359.0,511.0,NORTH BEND,,WDH4086,31,0,20,6,,90,A
367614030,2022-01-02T20:04:50,43.34657,-124.32052,0.1,1.8,511.0,NORTH BEND,,WDH4086,31,0,20,6,,90,A
367614030,2022-01-02T20:06:00,43.34656,-124.32052,0.0,356.9,511.0,NORTH BEND,,WDH4086,31,0,20,6,,90,A
367614030,2022-01-02T20:14:10,43.34656,-124.32053,0.0,298.0,511.0,NORTH BEND,,WDH4086,31,0,20,6,,90,A
367614030,2022-01-02T20:15:19,43.34653,-124.32054,0.0,307.9,511.0,NORTH BEND,,WDH4086,31,0,20,6,,90,A
367614030,2022-01-02T20:27:00,43.34656,-124.32051,0.1,355.1,511.0,NORTH BEND,,WDH4086,31,0,20,6,,90,A
367614030,2022-01-02T20:32:49,43.34655,-124.32050,0.1,357.8,511.0,NORTH BEND,,WDH4086,31,0,20,6,,90,A
367614030,2022-01-02T20:35:10,43.34653,-124.32053,0.0,315.8,511.0,NORTH BEND,,WDH4086,31,0,20,6,,90,A
367614030,2022-01-02T20:50:19,43.34655,-124.32050,0.0,252.0,511.0,NORTH BEND,,WDH4086,31,0,20,6,,90,A
367614030,2022-01-02T20:57:20,43.34658,-124.32052,0.0,231.1,511.0,NORTH BEND,,WDH4086,31,0,20,6,,90,A
367614030,2022-01-02T21:13:51,43.34653,-124.32053,0.0,252.9,511.0,NORTH BEND,,WDH4086,31,0,20,6,,90,A
367614030,2022-01-02T21:32:40,43.34653,-124.32051,0.0,301.0,511.0,NORTH BEND,,WDH4086,31,0,20,6,,90,A
367614030,2022-01-02T21:51:10,43.34654,-124.32054,0.0,349.0,511.0,NORTH BEND,,WDH4086,31,0,20,6,,90,A
367614030,2022-01-02T22:00:09,43.34654,-124.32051,0.0,339.7,511.0,NORTH BEND,,WDH4086,31,0,20,6,,90,A
367614030,2022-01-02T22:09:29,43.34658,-124.32049,0.0,338.8,511.0,NORTH BEND,,WDH4086,31,0,20,6,,90,A
367614030,2022-01-02T22:14:29,43.34656,-124.32050,0.0,328.8,511.0,NORTH BEND,,WDH4086,31,0,20,6,,90,A
367614030,2022-01-02T22:22:39,43.34655,-124.32053,0.1,342.3,511.0,NORTH BEND,,WDH4086,31,0,20,6,,90,A
367614030,2022-01-02T22:28:30,43.34657,-124.32054,0.0,329.0,511.0,NORTH BEND,,WDH4086,31,0,20,6,,90,A
367614030,2022-01-02T22:32:10,43.34659,-124.32052,0.0,335.8,511.0,NORTH BEND,,WDH4086,31,0,20,6,,90,A
367614030,2022-01-02T22:39:09,43.34658,-124.32051,0.0,239.1,511.0,NORTH BEND,,WDH4086,31,0,20,6,,90,A
367614030,2022-01-02T22:40:19,43.34654,-124.32054,0.0,232.8,511.0,NORTH BEND,,WDH4086,31,0,20,6,,90,A
367614030,2022-01-02T22:41:30,43.34656,-124.32052,0.0,223.7,511.0,NORTH BEND,,WDH4086,31,0,20,6,,90,A
367614030,2022-01-02T22:48:30,43.34657,-124.32052,0.0,204.3,511.0,NORTH BEND,,WDH4086,31,0,20,6,,90,A
367614030,2022-01-02T22:53:10,43.34658,-124.32051,0.0,201.2,511.0,NORTH BEND,,WDH4086,31,0,20,6,,90,A
367614030,2022-01-02T23:12:49,43.34658,-124.32053,0.0,5.4,511.0,NORTH BEND,,WDH4086,31,0,20,6,,90,A
367614030,2022-01-02T23:15:00,43.34656,-124.32055,0.0,9.4,511.0,NORTH BEND,,WDH4086,31,0,20,6,,90,A
367614030,2022-01-02T23:21:51,43.34655,-124.32053,0.0,1.7,511.0,NORTH BEND,,WDH4086,31,0,20,6,,90,A
367614030,2022-01-02T23:26:30,43.34654,-124.32051,0.0,332.4,511.0,NORTH BEND,,WDH4086,31,0,20,6,,90,A
367614030,2022-01-02T23:45:00,43.34655,-124.32054,0.0,182.4,511.0,NORTH BEND,,WDH4086,31,0,20,6,,90,A
367614030,2022-01-02T23:47:19,43.34654,-124.32052,0.0,187.4,511.0,NORTH BEND,,WDH4086,31,0,20,6,,90,A
367614030,2022-01-02T23:48:30,43.34652,-124.32056,0.0,187.6,511.0,NORTH BEND,,WDH4086,31,0,20,6,,90,A
367614030,2022-01-02T23:54:20,43.34655,-124.32052,0.1,176.1,511.0,NORTH BEND,,WDH4086,31,0,20,6,,90,A
367614030,2022-01-02T23:56:39,43.34656,-124.32054,0.0,195.5,511.0,NORTH BEND,,WDH4086,31,0,20,6,,90,A
367614030,2022-01-02T23:57:50,43.34654,-124.32052,0.0,200.7,511.0,NORTH BEND,,WDH4086,31,0,20,6,,90,A
367614030,2022-01-03T00:00:00,43.34656,-124.32052,0.0,212.3,511.0,NORTH BEND,,WDH4086,31,0,20,6,,90,A
367614030,2022-01-03T00:01:20,43.34656,-124.32052,0.0,212.6,511.0,NORTH BEND,,WDH4086,31,0,20,6,,90,A
367614030,2022-01-03T00:04:00,43.34653,-124.32052,0.0,215.7,511.0,NORTH BEND,,WDH4086,31,0,20,6,,90,A
367614030,2022-01-03T00:02:30,43.34653,-124.32054,0.0,212.7,511.0,NORTH BEND,,WDH4086,31,0,20,6,,90,A
367614030,2022-01-03T00:05:10,43.34656,-124.32051,0.1,217.0,511.0,NORTH BEND,,WDH4086,31,0,20,6,,90,A
367614030,2022-01-03T00:06:19,43.34655,-124.32051,0.0,215.3,511.0,NORTH BEND,,WDH4086,31,0,20,6,,90,A
367614030,2022-01-03T00:08:50,43.34657,-124.32053,0.1,211.6,511.0,NORTH BEND,,WDH4086,31,0,20,6,,90,A
367614030,2022-01-03T00:07:39,43.34657,-124.32050,0.0,216.9,511.0,NORTH BEND,,WDH4086,31,0,20,6,,90,A
367614030,2022-01-03T00:10:01,43.34658,-124.32054,0.0,217.8,511.0,NORTH BEND,,WDH4086,31,0,20,6,,90,A
367614030,2022-01-03T00:13:30,43.34655,-124.32052,0.0,227.5,511.0,NORTH BEND,,WDH4086,31,0,20,6,,90,A
367614030,2022-01-03T00:12:19,43.34655,-124.32054,0.1,222.0,511.0,NORTH BEND,,WDH4086,31,0,20,6,,90,A
367614030,2022-01-03T00:14:39,43.34655,-124.32053,0.0,223.9,511.0,NORTH BEND,,WDH4086,31,0,20,6,,90,A
367614030,2022-01-03T00:15:51,43.34653,-124.32053,0.0,224.9,511.0,NORTH BEND,,WDH4086,31,0,20,6,,90,A
367614030,2022-01-03T00:17:01,43.34654,-124.32053,0.0,223.8,511.0,NORTH BEND,,WDH4086,31,0,20,6,,90,A
367614030,2022-01-03T00:18:09,43.34655,-124.32052,0.0,227.2,511.0,NORTH BEND,,WDH4086,31,0,20,6,,90,A
367614030,2022-01-03T00:19:20,43.34655,-124.32051,0.0,221.3,511.0,NORTH BEND,,WDH4086,31,0,20,6,,90,A
367614030,2022-01-03T00:24:10,43.34657,-124.32053,0.0,222.7,511.0,NORTH BEND,,WDH4086,31,0,20,6,,90,A
367614030,2022-01-03T00:23:01,43.34654,-124.32053,0.0,223.5,511.0,NORTH BEND,,WDH4086,31,0,20,6,,90,A
367614030,2022-01-03T00:11:09,43.34655,-124.32055,0.0,219.5,511.0,NORTH BEND,,WDH4086,31,0,20,6,,90,A
367614030,2022-01-03T00:21:50,43.34657,-124.32052,0.0,228.2,511.0,NORTH BEND,,WDH4086,31,0,20,6,,90,A
367614030,2022-01-03T00:20:39,43.34655,-124.32052,0.0,224.2,511.0,NORTH BEND,,WDH4086,31,0,20,6,,90,A
367614030,2022-01-03T00:25:20,43.34658,-124.32053,0.0,227.3,511.0,NORTH BEND,,WDH4086,31,0,20,6,,90,A
367614030,2022-01-03T00:26:29,43.34656,-124.32054,0.1,238.4,511.0,NORTH BEND,,WDH4086,31,0,20,6,,90,A
367614030,2022-01-03T00:27:39,43.34656,-124.32054,0.0,232.3,511.0,NORTH BEND,,WDH4086,31,0,20,6,,90,A
367614030,2022-01-03T00:28:40,43.34656,-124.32055,0.1,228.1,511.0,NORTH BEND,,WDH4086,31,0,20,6,,90,A
367614030,2022-01-03T00:29:50,43.34654,-124.32056,0.0,235.1,511.0,NORTH BEND,,WDH4086,31,0,20,6,,90,A
367614030,2022-01-03T00:31:50,43.34653,-124.32052,0.0,236.3,511.0,NORTH BEND,,WDH4086,31,0,20,6,,90,A
367614030,2022-01-03T00:33:00,43.34654,-124.32054,0.0,242.1,511.0,NORTH BEND,,WDH4086,31,0,20,6,,90,A
367614030,2022-01-03T00:36:29,43.34653,-124.32055,0.0,244.4,511.0,NORTH BEND,,WDH4086,31,0,20,6,,90,A
367614030,2022-01-03T00:37:39,43.34655,-124.32055,0.0,249.9,511.0,NORTH BEND,,WDH4086,31,0,20,6,,90,A
367614030,2022-01-03T00:38:50,43.34654,-124.32055,0.0,246.4,511.0,NORTH BEND,,WDH4086,31,0,20,6,,90,A
367614030,2022-01-03T00:39:59,43.34654,-124.32055,0.1,249.7,511.0,NORTH BEND,,WDH4086,31,0,20,6,,90,A
367614030,2022-01-03T00:41:09,43.34655,-124.32052,0.0,253.7,511.0,NORTH BEND,,WDH4086,31,0,20,6,,90,A
367614030,2022-01-03T00:42:21,43.34656,-124.32052,0.0,249.7,511.0,NORTH BEND,,WDH4086,31,0,20,6,,90,A
367614030,2022-01-03T00:43:29,43.34656,-124.32053,0.0,261.4,511.0,NORTH BEND,,WDH4086,31,0,20,6,,90,A
367614030,2022-01-03T00:45:50,43.34655,-124.32053,0.0,264.1,511.0,NORTH BEND,,WDH4086,31,0,20,6,,90,A
367614030,2022-01-03T00:44:39,43.34655,-124.32053,0.0,272.5,511.0,NORTH BEND,,WDH4086,31,0,20,6,,90,A
367614030,2022-01-03T00:46:59,43.34655,-124.32053,0.0,265.3,511.0,NORTH BEND,,WDH4086,31,0,20,6,,90,A
367614030,2022-01-03T00:55:10,43.34656,-124.32051,0.0,288.7,511.0,NORTH BEND,,WDH4086,31,0,20,6,,90,A
367614030,2022-01-03T00:49:19,43.34655,-124.32052,0.0,276.7,511.0,NORTH BEND,,WDH4086,31,0,20,6,,90,A
367614030,2022-01-03T00:51:40,43.34656,-124.32051,0.1,273.7,511.0,NORTH BEND,,WDH4086,31,0,20,6,,90,A
367614030,2022-01-03T00:54:00,43.34655,-124.32051,0.1,278.2,511.0,NORTH BEND,,WDH4086,31,0,20,6,,90,A
367614030,2022-01-03T01:01:10,43.34654,-124.32055,0.0,290.7,511.0,NORTH BEND,,WDH4086,31,0,20,6,,90,A
367614030,2022-01-03T00:59:41,43.34657,-124.32053,0.0,294.1,511.0,NORTH BEND,,WDH4086,31,0,20,6,,90,A
367614030,2022-01-03T00:56:19,43.34656,-124.32051,0.0,296.6,511.0,NORTH BEND,,WDH4086,31,0,20,6,,90,A
367614030,2022-01-03T01:02:20,43.34655,-124.32056,0.0,289.9,511.0,NORTH BEND,,WDH4086,31,0,20,6,,90,A
367614030,2022-01-03T00:58:30,43.34656,-124.32052,0.1,289.0,511.0,NORTH BEND,,WDH4086,31,0,20,6,,90,A
367614030,2022-01-03T01:00:00,43.34657,-124.32053,0.0,295.0,511.0,NORTH BEND,,WDH4086,31,0,20,6,,90,A
367614030,2022-01-03T01:05:50,43.34660,-124.32055,0.0,285.5,511.0,NORTH BEND,,WDH4086,31,0,20,6,,90,A
367614030,2022-01-03T01:08:10,43.34658,-124.32054,0.0,300.5,511.0,NORTH BEND,,WDH4086,31,0,20,6,,90,A
367614030,2022-01-03T01:14:09,43.34656,-124.32053,0.1,304.9,511.0,NORTH BEND,,WDH4086,31,0,20,6,,90,A
367614030,2022-01-03T01:03:31,43.34655,-124.32054,0.0,281.1,511.0,NORTH BEND,,WDH4086,31,0,20,6,,90,A
367614030,2022-01-03T01:04:40,43.34656,-124.32054,0.0,282.2,511.0,NORTH BEND,,WDH4086,31,0,20,6,,90,A
367614030,2022-01-03T01:11:49,43.34661,-124.32056,0.1,311.9,511.0,NORTH BEND,,WDH4086,31,0,20,6,,90,A
367614030,2022-01-03T01:10:30,43.34656,-124.32054,0.0,311.2,511.0,NORTH BEND,,WDH4086,31,0,20,6,,90,A
367614030,2022-01-03T01:17:40,43.34658,-124.32053,0.0,276.2,511.0,NORTH BEND,,WDH4086,31,0,20,6,,90,A
367614030,2022-01-03T01:16:30,43.34660,-124.32054,0.0,293.2,511.0,NORTH BEND,,WDH4086,31,0,20,6,,90,A
367614030,2022-01-03T01:13:00,43.34659,-124.32054,0.0,307.2,511.0,NORTH BEND,,WDH4086,31,0,20,6,,90,A
367614030,2022-01-03T01:15:20,43.34656,-124.32054,0.0,301.5,511.0,NORTH BEND,,WDH4086,31,0,20,6,,90,A
367614030,2022-01-03T00:34:11,43.34652,-124.32054,0.0,240.8,511.0,NORTH BEND,,WDH4086,31,0,20,6,,90,A
367614030,2022-01-03T01:27:01,43.34659,-124.32054,0.0,249.0,511.0,NORTH BEND,,WDH4086,31,0,20,6,,90,A
367614030,2022-01-03T01:28:09,43.34656,-124.32052,0.1,237.2,511.0,NORTH BEND,,WDH4086,31,0,20,6,,90,A
367614030,2022-01-03T01:18:50,43.34658,-124.32053,0.1,265.7,511.0,NORTH BEND,,WDH4086,31,0,20,6,,90,A
367614030,2022-01-03T00:35:20,43.34653,-124.32054,0.1,239.1,511.0,NORTH BEND,,WDH4086,31,0,20,6,,90,A
367614030,2022-01-03T01:25:51,43.34658,-124.32053,0.0,241.0,511.0,NORTH BEND,,WDH4086,31,0,20,6,,90,A
367614030,2022-01-03T01:24:40,43.34658,-124.32053,0.0,250.6,511.0,NORTH BEND,,WDH4086,31,0,20,6,,90,A
367614030,2022-01-03T01:21:10,43.34656,-124.32052,0.1,244.7,511.0,NORTH BEND,,WDH4086,31,0,20,6,,90,A
367614030,2022-01-03T01:20:00,43.34656,-124.32051,0.0,254.1,511.0,NORTH BEND,,WDH4086,31,0,20,6,,90,A
367614030,2022-01-03T01:22:20,43.34654,-124.32051,0.0,251.0,511.0,NORTH BEND,,WDH4086,31,0,20,6,,90,A
367614030,2022-01-03T01:29:20,43.34658,-124.32052,0.1,246.5,511.0,NORTH BEND,,WDH4086,31,0,20,6,,90,A
367614030,2022-01-03T01:23:30,43.34654,-124.32051,0.0,237.8,511.0,NORTH BEND,,WDH4086,31,0,20,6,,90,A
367614030,2022-01-03T01:30:30,43.34658,-124.32052,0.1,234.4,511.0,NORTH BEND,,WDH4086,31,0,20,6,,90,A
367614030,2022-01-03T01:37:31,43.34656,-124.32053,0.1,202.3,511.0,NORTH BEND,,WDH4086,31,0,20,6,,90,A
367614030,2022-01-03T01:36:19,43.34656,-124.32056,0.0,206.8,511.0,NORTH BEND,,WDH4086,31,0,20,6,,90,A
367614030,2022-01-03T01:38:41,43.34654,-124.32057,0.1,214.7,511.0,NORTH BEND,,WDH4086,31,0,20,6,,90,A
367614030,2022-01-03T01:31:40,43.34658,-124.32052,0.1,217.1,511.0,NORTH BEND,,WDH4086,31,0,20,6,,90,A
367614030,2022-01-03T01:32:50,43.34655,-124.32054,0.0,207.9,511.0,NORTH BEND,,WDH4086,31,0,20,6,,90,A
367614030,2022-01-03T01:39:50,43.34654,-124.32055,0.0,209.9,511.0,NORTH BEND,,WDH4086,31,0,20,6,,90,A
367614030,2022-01-03T01:43:19,43.34658,-124.32060,0.1,203.5,511.0,NORTH BEND,,WDH4086,31,0,20,6,,90,A
367614030,2022-01-03T01:35:10,43.34656,-124.32054,0.0,193.4,511.0,NORTH BEND,,WDH4086,31,0,20,6,,90,A
367614030,2022-01-03T01:33:59,43.34657,-124.32054,0.0,191.6,511.0,NORTH BEND,,WDH4086,31,0,20,6,,90,A
367614030,2022-01-03T01:45:50,43.34656,-124.32056,0.0,220.0,511.0,NORTH BEND,,WDH4086,31,0,20,6,,90,A
367614030,2022-01-03T00:48:10,43.34655,-124.32053,0.0,272.1,511.0,NORTH BEND,,WDH4086,31,0,20,6,,90,A
367614030,2022-01-03T01:53:00,43.34657,-124.32054,0.0,270.6,511.0,NORTH BEND,,WDH4086,31,0,20,6,,90,A
367614030,2022-01-03T01:48:10,43.34656,-124.32055,0.0,254.3,511.0,NORTH BEND,,WDH4086,31,0,20,6,,90,A
367614030,2022-01-03T01:55:19,43.34658,-124.32056,0.0,283.4,511.0,NORTH BEND,,WDH4086,31,0,20,6,,90,A
367614030,2022-01-03T01:42:10,43.34653,-124.32059,0.0,179.9,511.0,NORTH BEND,,WDH4086,31,0,20,6,,90,A
367614030,2022-01-03T01:51:50,43.34656,-124.32053,0.0,263.4,511.0,NORTH BEND,,WDH4086,31,0,20,6,,90,A
367614030,2022-01-03T01:44:30,43.34657,-124.32057,0.1,206.8,511.0,NORTH BEND,,WDH4086,31,0,20,6,,90,A
367614030,2022-01-03T01:50:40,43.34656,-124.32053,0.0,249.1,511.0,NORTH BEND,,WDH4086,31,0,20,6,,90,A
367614030,2022-01-03T01:49:30,43.34656,-124.32052,0.0,249.6,511.0,NORTH BEND,,WDH4086,31,0,20,6,,90,A
367614030,2022-01-03T02:03:49,43.34654,-124.32055,0.0,298.8,511.0,NORTH BEND,,WDH4086,31,0,20,6,,90,A
367614030,2022-01-03T00:50:29,43.34656,-124.32051,0.0,270.5,511.0,NORTH BEND,,WDH4086,31,0,20,6,,90,A
367614030,2022-01-03T01:58:49,43.34657,-124.32057,0.1,315.8,511.0,NORTH BEND,,WDH4086,31,0,20,6,,90,A
367614030,2022-01-03T00:52:50,43.34656,-124.32051,0.0,273.6,511.0,NORTH BEND,,WDH4086,31,0,20,6,,90,A
367614030,2022-01-03T02:01:20,43.34656,-124.32057,0.1,305.5,511.0,NORTH BEND,,WDH4086,31,0,20,6,,90,A
367614030,2022-01-03T01:54:10,43.34658,-124.32055,0.1,264.4,511.0,NORTH BEND,,WDH4086,31,0,20,6,,90,A
367614030,2022-01-03T01:56:30,43.34655,-124.32060,0.1,305.3,511.0,NORTH BEND,,WDH4086,31,0,20,6,,90,A
367614030,2022-01-03T00:57:20,43.34657,-124.32051,0.0,296.4,511.0,NORTH BEND,,WDH4086,31,0,20,6,,90,A
367614030,2022-01-03T01:57:39,43.34654,-124.32057,0.0,300.9,511.0,NORTH BEND,,WDH4086,31,0,20,6,,90,A
367614030,2022-01-03T02:00:00,43.34653,-124.32057,0.1,304.9,511.0,NORTH BEND,,WDH4086,31,0,20,6,,90,A
367614030,2022-01-03T02:02:39,43.34654,-124.32055,0.0,305.3,511.0,NORTH BEND,,WDH4086,31,0,20,6,,90,A
367614030,2022-01-03T02:06:09,43.34657,-124.32054,0.0,286.1,511.0,NORTH BEND,,WDH4086,31,0,20,6,,90,A
367614030,2022-01-03T02:08:50,43.34658,-124.32056,0.0,292.6,511.0,NORTH BEND,,WDH4086,31,0,20,6,,90,A
367614030,2022-01-03T02:05:00,43.34654,-124.32054,0.0,281.9,511.0,NORTH BEND,,WDH4086,31,0,20,6,,90,A
367614030,2022-01-03T01:06:59,43.34658,-124.32054,0.0,289.0,511.0,NORTH BEND,,WDH4086,31,0,20,6,,90,A
367614030,2022-01-03T02:07:39,43.34656,-124.32056,0.0,287.0,511.0,NORTH BEND,,WDH4086,31,0,20,6,,90,A
367614030,2022-01-03T02:19:20,43.34656,-124.32053,0.0,325.2,511.0,NORTH BEND,,WDH4086,31,0,20,6,,90,A
367614030,2022-01-03T02:26:19,43.34656,-124.32054,0.0,274.1,511.0,NORTH BEND,,WDH4086,31,0,20,6,,90,A
367614030,2022-01-03T02:12:21,43.34658,-124.32055,0.0,296.7,511.0,NORTH BEND,,WDH4086,31,0,20,6,,90,A
367614030,2022-01-03T02:14:49,43.34655,-124.32054,0.0,305.7,511.0,NORTH BEND,,WDH4086,31,0,20,6,,90,A
367614030,2022-01-03T02:11:09,43.34658,-124.32055,0.1,294.6,511.0,NORTH BEND,,WDH4086,31,0,20,6,,90,A
367614030,2022-01-03T02:15:59,43.34657,-124.32052,0.0,305.9,511.0,NORTH BEND,,WDH4086,31,0,20,6,,90,A
367614030,2022-01-03T02:25:10,43.34656,-124.32053,0.1,304.5,511.0,NORTH BEND,,WDH4086,31,0,20,6,,90,A
367614030,2022-01-03T01:09:19,43.34659,-124.32054,0.1,293.4,511.0,NORTH BEND,,WDH4086,31,0,20,6,,90,A
367614030,2022-01-03T02:17:10,43.34659,-124.32050,0.0,311.7,511.0,NORTH BEND,,WDH4086,31,0,20,6,,90,A
367614030,2022-01-03T02:33:10,43.34656,-124.32054,0.1,210.9,511.0,NORTH BEND,,WDH4086,31,0,20,6,,90,A
367614030,2022-01-03T02:18:11,43.34654,-124.32054,0.0,319.3,511.0,NORTH BEND,,WDH4086,31,0,20,6,,90,A
367614030,2022-01-03T02:24:01,43.34658,-124.32054,0.1,321.1,511.0,NORTH BEND,,WDH4086,31,0,20,6,,90,A
367614030,2022-01-03T02:32:00,43.34656,-124.32053,0.0,218.0,511.0,NORTH BEND,,WDH4086,31,0,20,6,,90,A
367614030,2022-01-03T02:21:40,43.34656,-124.32057,0.0,330.2,511.0,NORTH BEND,,WDH4086,31,0,20,6,,90,A
367614030,2022-01-03T02:41:20,43.34654,-124.32054,0.0,182.1,511.0,NORTH BEND,,WDH4086,31,0,20,6,,90,A
367614030,2022-01-03T02:27:30,43.34656,-124.32053,0.0,261.2,511.0,NORTH BEND,,WDH4086,31,0,20,6,,90,A
367614030,2022-01-03T02:42:31,43.34655,-124.32054,0.0,184.7,511.0,NORTH BEND,,WDH4086,31,0,20,6,,90,A
367614030,2022-01-03T02:29:50,43.34655,-124.32053,0.0,231.9,511.0,NORTH BEND,,WDH4086,31,0,20,6,,90,A
367614030,2022-01-03T02:39:00,43.34655,-124.32055,0.1,187.4,511.0,NORTH BEND,,WDH4086,31,0,20,6,,90,A
367614030,2022-01-03T02:28:39,43.34656,-124.32054,0.1,243.8,511.0,NORTH BEND,,WDH4086,31,0,20,6,,90,A
367614030,2022-01-03T02:47:19,43.34654,-124.32056,0.0,168.4,511.0,NORTH BEND,,WDH4086,31,0,20,6,,90,A
367614030,2022-01-03T02:36:40,43.34655,-124.32056,0.1,200.0,511.0,NORTH BEND,,WDH4086,31,0,20,6,,90,A
367614030,2022-01-03T02:37:50,43.34656,-124.32053,0.0,186.1,511.0,NORTH BEND,,WDH4086,31,0,20,6,,90,A
367614030,2022-01-03T02:35:30,43.34657,-124.32053,0.0,190.5,511.0,NORTH BEND,,WDH4086,31,0,20,6,,90,A
367614030,2022-01-03T02:59:00,43.34654,-124.32055,0.1,150.5,511.0,NORTH BEND,,WDH4086,31,0,20,6,,90,A
367614030,2022-01-03T02:44:50,43.34656,-124.32055,0.0,187.8,511.0,NORTH BEND,,WDH4086,31,0,20,6,,90,A
367614030,2022-01-03T02:46:09,43.34653,-124.32055,0.0,174.5,511.0,NORTH BEND,,WDH4086,31,0,20,6,,90,A
367614030,2022-01-03T02:40:09,43.34654,-124.32054,0.0,186.5,511.0,NORTH BEND,,WDH4086,31,0,20,6,,90,A
367614030,2022-01-03T02:49:51,43.34653,-124.32055,0.0,168.9,511.0,NORTH BEND,,WDH4086,31,0,20,6,,90,A
367614030,2022-01-03T02:50:59,43.34655,-124.32055,0.0,170.2,511.0,NORTH BEND,,WDH4086,31,0,20,6,,90,A
367614030,2022-01-03T02:43:40,43.34657,-124.32053,0.1,182.5,511.0,NORTH BEND,,WDH4086,31,0,20,6,,90,A
367614030,2022-01-03T02:52:10,43.34655,-124.32056,0.0,171.8,511.0,NORTH BEND,,WDH4086,31,0,20,6,,90,A
367614030,2022-01-03T02:54:29,43.34657,-124.32056,0.1,165.7,511.0,NORTH BEND,,WDH4086,31,0,20,6,,90,A
367614030,2022-01-03T03:08:30,43.34656,-124.32055,0.2,167.4,511.0,NORTH BEND,,WDH4086,31,0,20,6,,90,A
367614030,2022-01-03T03:12:00,43.34654,-124.32053,0.2,171.7,511.0,NORTH BEND,,WDH4086,31,0,20,6,,90,A
367614030,2022-01-03T02:55:40,43.34656,-124.32056,0.1,158.2,511.0,NORTH BEND,,WDH4086,31,0,20,6,,90,A
367614030,2022-01-03T03:14:20,43.34652,-124.32054,0.0,145.7,511.0,NORTH BEND,,WDH4086,31,0,20,6,,90,A
367614030,2022-01-03T02:48:40,43.34653,-124.32056,0.0,171.4,511.0,NORTH BEND,,WDH4086,31,0,20,6,,90,A
367614030,2022-01-03T02:56:49,43.34656,-124.32056,0.0,143.6,511.0,NORTH BEND,,WDH4086,31,0,20,6,,90,A
367614030,2022-01-03T03:03:49,43.34654,-124.32052,0.1,149.2,511.0,NORTH BEND,,WDH4086,31,0,20,6,,90,A
367614030,2022-01-03T03:02:40,43.34655,-124.32054,0.0,156.8,511.0,NORTH BEND,,WDH4086,31,0,20,6,,90,A
367614030,2022-01-03T03:05:00,43.34655,-124.32056,0.0,130.3,511.0,NORTH BEND,,WDH4086,31,0,20,6,,90,A
367614030,2022-01-03T03:06:10,43.34655,-124.32053,0.1,132.5,511.0,NORTH BEND,,WDH4086,31,0,20,6,,90,A
367614030,2022-01-03T02:53:21,43.34656,-124.32058,0.0,176.7,511.0,NORTH BEND,,WDH4086,31,0,20,6,,90,A
367614030,2022-01-03T03:07:20,43.34656,-124.32053,0.0,153.7,511.0,NORTH BEND,,WDH4086,31,0,20,6,,90,A
367614030,2022-01-03T03:22:19,43.34653,-124.32053,0.2,187.5,511.0,NORTH BEND,,WDH4086,31,0,20,6,,90,A
367614030,2022-01-03T01:41:00,43.34656,-124.32060,0.0,190.4,511.0,NORTH BEND,,WDH4086,31,0,20,6,,90,A
367614030,2022-01-03T03:01:31,43.34654,-124.32054,0.1,146.3,511.0,NORTH BEND,,WDH4086,31,0,20,6,,90,A
367614030,2022-01-03T02:57:59,43.34656,-124.32055,0.0,158.9,511.0,NORTH BEND,,WDH4086,31,0,20,6,,90,A
367614030,2022-01-03T03:26:50,43.34656,-124.32051,0.1,166.0,511.0,NORTH BEND,,WDH4086,31,0,20,6,,90,A
367614030,2022-01-03T03:15:30,43.34654,-124.32052,0.0,135.1,511.0,NORTH BEND,,WDH4086,31,0,20,6,,90,A
367614030,2022-01-03T01:47:00,43.34655,-124.32056,0.0,242.0,511.0,NORTH BEND,,WDH4086,31,0,20,6,,90,A
367614030,2022-01-03T03:10:49,43.34654,-124.32053,0.1,173.4,511.0,NORTH BEND,,WDH4086,31,0,20,6,,90,A
367614030,2022-01-03T03:32:40,43.34654,-124.32054,0.1,211.0,511.0,NORTH BEND,,WDH4086,31,0,20,6,,90,A
367614030,2022-01-03T03:33:50,43.34656,-124.32054,0.0,221.7,511.0,NORTH BEND,,WDH4086,31,0,20,6,,90,A
367614030,2022-01-03T03:24:39,43.34654,-124.32051,0.0,160.3,511.0,NORTH BEND,,WDH4086,31,0,20,6,,90,A
367614030,2022-01-03T03:21:10,43.34652,-124.32054,0.0,197.9,511.0,NORTH BEND,,WDH4086,31,0,20,6,,90,A
367614030,2022-01-03T03:18:51,43.34654,-124.32050,0.1,181.2,511.0,NORTH BEND,,WDH4086,31,0,20,6,,90,A
367614030,2022-01-03T03:28:00,43.34657,-124.32052,0.0,175.2,511.0,NORTH BEND,,WDH4086,31,0,20,6,,90,A
367614030,2022-01-03T03:19:59,43.34653,-124.32051,0.1,192.0,511.0,NORTH BEND,,WDH4086,31,0,20,6,,90,A
367614030,2022-01-03T03:43:00,43.34657,-124.32054,0.1,271.0,511.0,NORTH BEND,,WDH4086,31,0,20,6,,90,A
367614030,2022-01-03T03:17:50,43.34656,-124.32051,0.1,162.9,511.0,NORTH BEND,,WDH4086,31,0,20,6,,90,A
367614030,2022-01-03T03:23:29,43.34653,-124.32052,0.1,182.6,511.0,NORTH BEND,,WDH4086,31,0,20,6,,90,A
367614030,2022-01-03T03:09:39,43.34654,-124.32055,0.0,156.0,511.0,NORTH BEND,,WDH4086,31,0,20,6,,90,A
367614030,2022-01-03T03:25:40,43.34657,-124.32050,0.0,146.9,511.0,NORTH BEND,,WDH4086,31,0,20,6,,90,A
367614030,2022-01-03T03:30:20,43.34653,-124.32055,0.0,182.0,511.0,NORTH BEND,,WDH4086,31,0,20,6,,90,A
367614030,2022-01-03T03:31:30,43.34653,-124.32053,0.0,200.0,511.0,NORTH BEND,,WDH4086,31,0,20,6,,90,A
367614030,2022-01-03T03:29:09,43.34655,-124.32053,0.1,171.7,511.0,NORTH BEND,,WDH4086,31,0,20,6,,90,A
367614030,2022-01-03T03:37:19,43.34653,-124.32055,0.1,285.5,511.0,NORTH BEND,,WDH4086,31,0,20,6,,90,A
367614030,2022-01-03T02:00:10,43.34653,-124.32057,0.0,301.6,511.0,NORTH BEND,,WDH4086,31,0,20,6,,90,A
367614030,2022-01-03T03:39:29,43.34653,-124.32053,0.1,300.2,511.0,NORTH BEND,,WDH4086,31,0,20,6,,90,A
367614030,2022-01-03T03:40:40,43.34655,-124.32054,0.0,293.9,511.0,NORTH BEND,,WDH4086,31,0,20,6,,90,A
367614030,2022-01-03T03:45:19,43.34652,-124.32051,0.1,265.1,511.0,NORTH BEND,,WDH4086,31,0,20,6,,90,A
367614030,2022-01-03T03:44:11,43.34651,-124.32054,0.1,275.2,511.0,NORTH BEND,,WDH4086,31,0,20,6,,90,A
367614030,2022-01-03T03:46:30,43.34651,-124.32053,0.1,262.2,511.0,NORTH BEND,,WDH4086,31,0,20,6,,90,A
367614030,2022-01-03T03:48:50,43.34652,-124.32055,0.1,266.0,511.0,NORTH BEND,,WDH4086,31,0,20,6,,90,A
367614030,2022-01-03T03:53:29,43.34656,-124.32052,0.1,292.3,511.0,NORTH BEND,,WDH4086,31,0,20,6,,90,A
367614030,2022-01-03T03:54:41,43.34654,-124.32052,0.1,291.0,511.0,NORTH BEND,,WDH4086,31,0,20,6,,90,A
367614030,2022-01-03T03:36:09,43.34655,-124.32054,0.1,275.0,511.0,NORTH BEND,,WDH4086,31,0,20,6,,90,A
367614030,2022-01-03T03:57:00,43.34652,-124.32050,0.1,293.9,511.0,NORTH BEND,,WDH4086,31,0,20,6,,90,A
367614030,2022-01-03T03:58:10,43.34653,-124.32051,0.0,302.4,511.0,NORTH BEND,,WDH4086,31,0,20,6,,90,A
367614030,2022-01-03T03:51:10,43.34654,-124.32053,0.1,277.7,511.0,NORTH BEND,,WDH4086,31,0,20,6,,90,A
367614030,2022-01-03T03:52:20,43.34655,-124.32052,0.0,281.5,511.0,NORTH BEND,,WDH4086,31,0,20,6,,90,A
367614030,2022-01-03T03:38:20,43.34652,-124.32056,0.2,284.3,511.0,NORTH BEND,,WDH4086,31,0,20,6,,90,A
367614030,2022-01-03T04:16:30,43.34655,-124.32053,0.0,217.0,511.0,NORTH BEND,,WDH4086,31,0,20,6,,90,A
367614030,2022-01-03T03:59:30,43.34652,-124.32052,0.1,298.8,511.0,NORTH BEND,,WDH4086,31,0,20,6,,90,A
367614030,2022-01-03T04:06:09,43.34656,-124.32050,0.1,295.1,511.0,NORTH BEND,,WDH4086,31,0,20,6,,90,A
367614030,2022-01-03T04:03:51,43.34655,-124.32050,0.0,307.6,511.0,NORTH BEND,,WDH4086,31,0,20,6,,90,A
367614030,2022-01-03T04:00:00,43.34653,-124.32052,0.0,299.4,511.0,NORTH BEND,,WDH4086,31,0,20,6,,90,A
367614030,2022-01-03T04:07:20,43.34657,-124.32051,0.0,284.2,511.0,NORTH BEND,,WDH4086,31,0,20,6,,90,A
367614030,2022-01-03T04:02:30,43.34655,-124.32050,0.1,303.6,511.0,NORTH BEND,,WDH4086,31,0,20,6,,90,A
367614030,2022-01-03T02:10:00,43.34657,-124.32054,0.1,295.3,511.0,NORTH BEND,,WDH4086,31,0,20,6,,90,A
367614030,2022-01-03T04:08:29,43.34655,-124.32053,0.1,264.3,511.0,NORTH BEND,,WDH4086,31,0,20,6,,90,A
367614030,2022-01-03T04:11:59,43.34654,-124.32054,0.1,241.2,511.0,NORTH BEND,,WDH4086,31,0,20,6,,90,A
367614030,2022-01-03T04:09:41,43.34655,-124.32054,0.1,257.3,511.0,NORTH BEND,,WDH4086,31,0,20,6,,90,A
367614030,2022-01-03T03:55:50,43.34651,-124.32049,0.0,292.2,511.0,NORTH BEND,,WDH4086,31,0,20,6,,90,A
367614030,2022-01-03T04:10:50,43.34655,-124.32054,0.1,240.7,511.0,NORTH BEND,,WDH4086,31,0,20,6,,90,A
367614030,2022-01-03T04:13:19,43.34655,-124.32054,0.1,225.3,511.0,NORTH BEND,,WDH4086,31,0,20,6,,90,A
367614030,2022-01-03T02:13:31,43.34659,-124.32054,0.0,294.6,511.0,NORTH BEND,,WDH4086,31,0,20,6,,90,A
367614030,2022-01-03T04:14:20,43.34656,-124.32053,0.1,235.0,511.0,NORTH BEND,,WDH4086,31,0,20,6,,90,A
367614030,2022-01-03T04:15:29,43.34655,-124.32053,0.1,229.6,511.0,NORTH BEND,,WDH4086,31,0,20,6,,90,A
367614030,2022-01-03T04:22:19,43.34655,-124.32053,0.2,263.6,511.0,NORTH BEND,,WDH4086,31,0,20,6,,90,A
367614030,2022-01-03T04:35:19,43.34655,-124.32054,0.1,314.0,511.0,NORTH BEND,,WDH4086,31,0,20,6,,90,A
367614030,2022-01-03T04:28:10,43.34656,-124.32055,0.2,271.8,511.0,NORTH BEND,,WDH4086,31,0,20,6,,90,A
367614030,2022-01-03T04:24:41,43.34656,-124.32051,0.1,276.4,511.0,NORTH BEND,,WDH4086,31,0,20,6,,90,A
367614030,2022-01-03T04:21:10,43.34654,-124.32052,0.1,259.6,511.0,NORTH BEND,,WDH4086,31,0,20,6,,90,A
367614030,2022-01-03T04:31:51,43.34656,-124.32054,0.1,296.4,511.0,NORTH BEND,,WDH4086,31,0,20,6,,90,A
367614030,2022-01-03T04:23:31,43.34656,-124.32051,0.0,276.4,511.0,NORTH BEND,,WDH4086,31,0,20,6,,90,A
367614030,2022-01-03T04:29:21,43.34656,-124.32055,0.1,289.5,511.0,NORTH BEND,,WDH4086,31,0,20,6,,90,A
367614030,2022-01-03T04:25:51,43.34656,-124.32052,0.0,271.2,511.0,NORTH BEND,,WDH4086,31,0,20,6,,90,A
367614030,2022-01-03T04:26:59,43.34656,-124.32054,0.0,269.9,511.0,NORTH BEND,,WDH4086,31,0,20,6,,90,A
367614030,2022-01-03T04:48:20,43.34653,-124.32055,0.4,294.0,511.0,NORTH BEND,,WDH4086,31,0,20,6,,90,A
367614030,2022-01-03T04:36:20,43.34653,-124.32054,0.0,289.8,511.0,NORTH BEND,,WDH4086,31,0,20,6,,90,A
367614030,2022-01-03T04:42:20,43.34657,-124.32053,0.0,300.4,511.0,NORTH BEND,,WDH4086,31,0,20,6,,90,A
367614030,2022-01-03T04:30:40,43.34657,-124.32055,0.1,293.0,511.0,NORTH BEND,,WDH4086,31,0,20,6,,90,A
367614030,2022-01-03T02:20:29,43.34658,-124.32053,0.0,328.2,511.0,NORTH BEND,,WDH4086,31,0,20,6,,90,A
367614030,2022-01-03T04:45:50,43.34656,-124.32053,0.1,293.3,511.0,NORTH BEND,,WDH4086,31,0,20,6,,90,A
367614030,2022-01-03T04:17:40,43.34655,-124.32053,0.0,234.7,511.0,NORTH BEND,,WDH4086,31,0,20,6,,90,A
367614030,2022-01-03T04:34:10,43.34656,-124.32054,0.0,309.5,511.0,NORTH BEND,,WDH4086,31,0,20,6,,90,A
367614030,2022-01-03T04:18:50,43.34656,-124.32053,0.1,254.2,511.0,NORTH BEND,,WDH4086,31,0,20,6,,90,A
367614030,2022-01-03T04:38:40,43.34654,-124.32055,0.0,297.5,511.0,NORTH BEND,,WDH4086,31,0,20,6,,90,A
367614030,2022-01-03T02:22:50,43.34658,-124.32056,0.0,330.0,511.0,NORTH BEND,,WDH4086,31,0,20,6,,90,A
367614030,2022-01-03T04:39:50,43.34655,-124.32054,0.1,295.5,511.0,NORTH BEND,,WDH4086,31,0,20,6,,90,A
367614030,2022-01-03T04:58:51,43.34657,-124.32052,0.1,304.5,511.0,NORTH BEND,,WDH4086,31,0,20,6,,90,A
367614030,2022-01-03T04:44:40,43.34656,-124.32052,0.1,307.2,511.0,NORTH BEND,,WDH4086,31,0,20,6,,90,A
367614030,2022-01-03T04:51:50,43.34654,-124.32058,0.1,309.1,511.0,NORTH BEND,,WDH4086,31,0,20,6,,90,A
367614030,2022-01-03T05:02:51,43.34659,-124.32051,0.0,301.5,511.0,NORTH BEND,,WDH4086,31,0,20,6,,90,A
367614030,2022-01-03T04:41:01,43.34657,-124.32054,0.1,293.0,511.0,NORTH BEND,,WDH4086,31,0,20,6,,90,A
367614030,2022-01-03T05:06:19,43.34653,-124.32053,0.2,235.5,511.0,NORTH BEND,,WDH4086,31,0,20,6,,90,A
367614030,2022-01-03T04:52:59,43.34655,-124.32055,0.1,314.5,511.0,NORTH BEND,,WDH4086,31,0,20,6,,90,A
367614030,2022-01-03T04:33:00,43.34655,-124.32055,0.0,319.6,511.0,NORTH BEND,,WDH4086,31,0,20,6,,90,A
367614030,2022-01-03T04:54:09,43.34657,-124.32055,0.1,304.6,511.0,NORTH BEND,,WDH4086,31,0,20,6,,90,A
367614030,2022-01-03T04:46:59,43.34656,-124.32053,0.1,293.7,511.0,NORTH BEND,,WDH4086,31,0,20,6,,90,A
367614030,2022-01-03T04:37:30,43.34654,-124.32055,0.1,292.7,511.0,NORTH BEND,,WDH4086,31,0,20,6,,90,A
367614030,2022-01-03T04:49:30,43.34651,-124.32057,0.0,282.3,511.0,NORTH BEND,,WDH4086,31,0,20,6,,90,A
367614030,2022-01-03T04:50:40,43.34653,-124.32055,0.1,293.0,511.0,NORTH BEND,,WDH4086,31,0,20,6,,90,A
367614030,2022-01-03T05:15:00,43.34660,-124.32052,0.1,291.8,511.0,NORTH BEND,,WDH4086,31,0,20,6,,90,A
367614030,2022-01-03T05:08:29,43.34656,-124.32056,0.2,224.7,511.0,NORTH BEND,,WDH4086,31,0,20,6,,90,A
367614030,2022-01-03T05:00:10,43.34656,-124.32051,0.1,302.7,511.0,NORTH BEND,,WDH4086,31,0,20,6,,90,A
367614030,2022-01-03T05:01:39,43.34658,-124.32052,0.1,310.6,511.0,NORTH BEND,,WDH4086,31,0,20,6,,90,A
367614030,2022-01-03T02:30:51,43.34657,-124.32053,0.0,219.4,511.0,NORTH BEND,,WDH4086,31,0,20,6,,90,A
367614030,2022-01-03T04:43:29,43.34656,-124.32053,0.1,300.3,511.0,NORTH BEND,,WDH4086,31,0,20,6,,90,A
367614030,2022-01-03T05:19:40,43.34658,-124.32052,0.1,287.9,511.0,NORTH BEND,,WDH4086,31,0,20,6,,90,A
367614030,2022-01-03T04:56:40,43.34656,-124.32053,0.0,301.5,511.0,NORTH BEND,,WDH4086,31,0,20,6,,90,A
367614030,2022-01-03T05:12:50,43.34658,-124.32051,0.1,265.9,511.0,NORTH BEND,,WDH4086,31,0,20,6,,90,A
367614030,2022-01-03T05:07:20,43.34655,-124.32054,0.1,239.8,511.0,NORTH BEND,,WDH4086,31,0,20,6,,90,A
367614030,2022-01-03T05:04:00,43.34656,-124.32051,0.2,258.5,511.0,NORTH BEND,,WDH4086,31,0,20,6,,90,A
367614030,2022-01-03T05:05:11,43.34654,-124.32052,0.2,268.4,511.0,NORTH BEND,,WDH4086,31,0,20,6,,90,A
367614030,2022-01-03T02:34:20,43.34656,-124.32054,0.1,214.9,511.0,NORTH BEND,,WDH4086,31,0,20,6,,90,A
367614030,2022-01-03T05:20:51,43.34658,-124.32051,0.1,291.2,511.0,NORTH BEND,,WDH4086,31,0,20,6,,90,A
367614030,2022-01-03T05:09:30,43.34659,-124.32054,0.1,244.2,511.0,NORTH BEND,,WDH4086,31,0,20,6,,90,A
367614030,2022-01-03T05:34:50,43.34656,-124.32055,0.1,301.7,511.0,NORTH BEND,,WDH4086,31,0,20,6,,90,A
367614030,2022-01-03T05:10:41,43.34658,-124.32053,0.1,249.0,511.0,NORTH BEND,,WDH4086,31,0,20,6,,90,A
367614030,2022-01-03T05:11:49,43.34658,-124.32052,0.2,247.8,511.0,NORTH BEND,,WDH4086,31,0,20,6,,90,A
367614030,2022-01-03T04:57:50,43.34657,-124.32052,0.1,301.8,511.0,NORTH BEND,,WDH4086,31,0,20,6,,90,A
367614030,2022-01-03T05:13:59,43.34657,-124.32053,0.2,264.9,511.0,NORTH BEND,,WDH4086,31,0,20,6,,90,A
367614030,2022-01-03T05:40:59,43.34655,-124.32055,0.1,2.3,511.0,NORTH BEND,,WDH4086,31,0,20,6,,90,A
367614030,2022-01-03T05:29:00,43.34656,-124.32052,0.1,306.1,511.0,NORTH BEND,,WDH4086,31,0,20,6,,90,A
367614030,2022-01-03T05:17:19,43.34658,-124.32051,0.1,287.3,511.0,NORTH BEND,,WDH4086,31,0,20,6,,90,A
367614030,2022-01-03T05:32:29,43.34657,-124.32052,0.1,276.8,511.0,NORTH BEND,,WDH4086,31,0,20,6,,90,A
367614030,2022-01-03T05:47:40,43.34656,-124.32054,0.1,333.6,511.0,NORTH BEND,,WDH4086,31,0,20,6,,90,A
367614030,2022-01-03T05:24:21,43.34656,-124.32052,0.2,277.2,511.0,NORTH BEND,,WDH4086,31,0,20,6,,90,A
367614030,2022-01-03T05:22:00,43.34656,-124.32050,0.1,275.7,511.0,NORTH BEND,,WDH4086,31,0,20,6,,90,A
367614030,2022-01-03T05:38:39,43.34654,-124.32055,0.1,6.4,511.0,NORTH BEND,,WDH4086,31,0,20,6,,90,A
367614030,2022-01-03T05:27:50,43.34656,-124.32052,0.1,293.3,511.0,NORTH BEND,,WDH4086,31,0,20,6,,90,A
367614030,2022-01-03T05:30:11,43.34656,-124.32051,0.1,283.4,511.0,NORTH BEND,,WDH4086,31,0,20,6,,90,A
367614030,2022-01-03T05:31:20,43.34656,-124.32052,0.1,276.6,511.0,NORTH BEND,,WDH4086,31,0,20,6,,90,A
367614030,2022-01-03T05:16:10,43.34657,-124.32051,0.1,295.8,511.0,NORTH BEND,,WDH4086,31,0,20,6,,90,A
367614030,2022-01-03T05:39:50,43.34655,-124.32055,0.1,9.8,511.0,NORTH BEND,,WDH4086,31,0,20,6,,90,A
367614030,2022-01-03T05:23:09,43.34655,-124.32051,0.0,273.3,511.0,NORTH BEND,,WDH4086,31,0,20,6,,90,A
367614030,2022-01-03T05:44:20,43.34656,-124.32053,0.1,335.4,511.0,NORTH BEND,,WDH4086,31,0,20,6,,90,A
367614030,2022-01-03T06:11:51,43.34661,-124.32049,0.0,226.6,511.0,NORTH BEND,,WDH4086,31,0,20,6,,90,A
367614030,2022-01-03T06:13:00,43.34657,-124.32050,0.0,226.9,511.0,NORTH BEND,,WDH4086,31,0,20,6,,90,A
367614030,2022-01-03T06:02:29,43.34658,-124.32053,0.1,335.4,511.0,NORTH BEND,,WDH4086,31,0,20,6,,90,A
367614030,2022-01-03T05:48:49,43.34654,-124.32056,0.2,345.7,511.0,NORTH BEND,,WDH4086,31,0,20,6,,90,A
367614030,2022-01-03T05:52:19,43.34654,-124.32055,0.1,351.8,511.0,NORTH BEND,,WDH4086,31,0,20,6,,90,A
367614030,2022-01-03T05:35:59,43.34655,-124.32056,0.0,335.0,511.0,NORTH BEND,,WDH4086,31,0,20,6,,90,A
367614030,2022-01-03T06:18:51,43.34655,-124.32053,0.1,232.7,511.0,NORTH BEND,,WDH4086,31,0,20,6,,90,A
367614030,2022-01-03T05:53:30,43.34653,-124.32057,0.1,12.5,511.0,NORTH BEND,,WDH4086,31,0,20,6,,90,A
367614030,2022-01-03T05:49:59,43.34655,-124.32055,0.2,3.0,511.0,NORTH BEND,,WDH4086,31,0,20,6,,90,A
367614030,2022-01-03T06:08:19,43.34656,-124.32051,0.1,232.0,511.0,NORTH BEND,,WDH4086,31,0,20,6,,90,A
367614030,2022-01-03T05:59:11,43.34658,-124.32053,0.0,350.2,511.0,NORTH BEND,,WDH4086,31,0,20,6,,90,A
367614030,2022-01-03T05:55:41,43.34654,-124.32054,0.1,3.3,511.0,NORTH BEND,,WDH4086,31,0,20,6,,90,A
367614030,2022-01-03T05:42:10,43.34655,-124.32054,0.1,346.6,511.0,NORTH BEND,,WDH4086,31,0,20,6,,90,A
367614030,2022-01-03T06:01:20,43.34658,-124.32052,0.1,348.9,511.0,NORTH BEND,,WDH4086,31,0,20,6,,90,A
367614030,2022-01-03T06:27:10,43.34656,-124.32050,0.1,217.7,511.0,NORTH BEND,,WDH4086,31,0,20,6,,90,A
367614030,2022-01-03T03:00:19,43.34654,-124.32054,0.0,134.0,511.0,NORTH BEND,,WDH4086,31,0,20,6,,90,A
367614030,2022-01-03T06:28:20,43.34656,-124.32052,0.1,218.2,511.0,NORTH BEND,,WDH4086,31,0,20,6,,90,A
367614030,2022-01-03T06:31:01,43.34655,-124.32056,0.1,243.9,511.0,NORTH BEND,,WDH4086,31,0,20,6,,90,A
367614030,2022-01-03T05:51:10,43.34653,-124.32056,0.0,4.5,511.0,NORTH BEND,,WDH4086,31,0,20,6,,90,A
367614030,2022-01-03T06:36:50,43.34654,-124.32055,0.1,220.2,511.0,NORTH BEND,,WDH4086,31,0,20,6,,90,A
367614030,2022-01-03T06:07:11,43.34654,-124.32053,0.1,243.6,511.0,NORTH BEND,,WDH4086,31,0,20,6,,90,A
367614030,2022-01-03T06:03:40,43.34656,-124.32053,0.1,312.5,511.0,NORTH BEND,,WDH4086,31,0,20,6,,90,A
367614030,2022-01-03T06:04:51,43.34656,-124.32053,0.1,258.6,511.0,NORTH BEND,,WDH4086,31,0,20,6,,90,A
367614030,2022-01-03T06:24:39,43.34654,-124.32052,0.0,225.4,511.0,NORTH BEND,,WDH4086,31,0,20,6,,90,A
367614030,2022-01-03T06:10:39,43.34661,-124.32050,0.0,220.9,511.0,NORTH BEND,,WDH4086,31,0,20,6,,90,A
367614030,2022-01-03T05:54:40,43.34655,-124.32054,0.1,10.0,511.0,NORTH BEND,,WDH4086,31,0,20,6,,90,A
367614030,2022-01-03T06:09:30,43.34656,-124.32051,0.0,217.5,511.0,NORTH BEND,,WDH4086,31,0,20,6,,90,A
367614030,2022-01-03T05:56:51,43.34654,-124.32053,0.1,0.1,511.0,NORTH BEND,,WDH4086,31,0,20,6,,90,A
367614030,2022-01-03T05:58:00,43.34660,-124.32052,0.1,348.9,511.0,NORTH BEND,,WDH4086,31,0,20,6,,90,A
367614030,2022-01-03T06:43:50,43.34650,-124.32056,0.1,189.9,511.0,NORTH BEND,,WDH4086,31,0,20,6,,90,A
367614030,2022-01-03T06:15:19,43.34659,-124.32052,0.1,240.3,511.0,NORTH BEND,,WDH4086,31,0,20,6,,90,A
367614030,2022-01-03T06:00:11,43.34659,-124.32050,0.2,345.7,511.0,NORTH BEND,,WDH4086,31,0,20,6,,90,A
367614030,2022-01-03T06:14:09,43.34658,-124.32051,0.1,221.6,511.0,NORTH BEND,,WDH4086,31,0,20,6,,90,A
367614030,2022-01-03T06:48:30,43.34655,-124.32051,0.1,173.2,511.0,NORTH BEND,,WDH4086,31,0,20,6,,90,A
367614030,2022-01-03T06:23:30,43.34655,-124.32052,0.1,233.4,511.0,NORTH BEND,,WDH4086,31,0,20,6,,90,A
367614030,2022-01-03T06:35:39,43.34655,-124.32057,0.1,220.1,511.0,NORTH BEND,,WDH4086,31,0,20,6,,90,A
367614030,2022-01-03T06:53:11,43.34654,-124.32052,0.1,178.9,511.0,NORTH BEND,,WDH4086,31,0,20,6,,90,A
367614030,2022-01-03T06:20:00,43.34659,-124.32051,0.1,243.5,511.0,NORTH BEND,,WDH4086,31,0,20,6,,90,A
367614030,2022-01-03T06:22:20,43.34657,-124.32052,0.1,244.3,511.0,NORTH BEND,,WDH4086,31,0,20,6,,90,A
367614030,2022-01-03T06:39:10,43.34654,-124.32055,0.0,198.7,511.0,NORTH BEND,,WDH4086,31,0,20,6,,90,A
367614030,2022-01-03T06:44:59,43.34650,-124.32056,0.1,167.2,511.0,NORTH BEND,,WDH4086,31,0,20,6,,90,A
367614030,2022-01-03T06:32:09,43.34653,-124.32058,0.1,236.8,511.0,NORTH BEND,,WDH4086,31,0,20,6,,90,A
367614030,2022-01-03T06:38:00,43.34654,-124.32053,0.1,215.3,511.0,NORTH BEND,,WDH4086,31,0,20,6,,90,A
367614030,2022-01-03T06:47:20,43.34652,-124.32055,0.0,174.5,511.0,NORTH BEND,,WDH4086,31,0,20,6,,90,A
367614030,2022-01-03T06:17:40,43.34656,-124.32055,0.0,223.4,511.0,NORTH BEND,,WDH4086,31,0,20,6,,90,A
367614030,2022-01-03T06:33:19,43.34653,-124.32058,0.1,213.8,511.0,NORTH BEND,,WDH4086,31,0,20,6,,90,A
367614030,2022-01-03T07:05:40,43.34656,-124.32054,0.1,323.2,511.0,NORTH BEND,,WDH4086,31,0,20,6,,90,A
367614030,2022-01-03T06:34:30,43.34654,-124.32060,0.1,225.0,511.0,NORTH BEND,,WDH4086,31,0,20,6,,90,A
367614030,2022-01-03T03:13:10,43.34655,-124.32055,0.0,162.6,511.0,NORTH BEND,,WDH4086,31,0,20,6,,90,A
367614030,2022-01-03T06:41:30,43.34654,-124.32052,0.1,197.8,511.0,NORTH BEND,,WDH4086,31,0,20,6,,90,A
367614030,2022-01-03T07:08:00,43.34653,-124.32052,0.0,328.8,511.0,NORTH BEND,,WDH4086,31,0,20,6,,90,A
367614030,2022-01-03T06:21:09,43.34657,-124.32053,0.0,245.4,511.0,NORTH BEND,,WDH4086,31,0,20,6,,90,A
367614030,2022-01-03T03:16:39,43.34656,-124.32051,0.0,146.5,511.0,NORTH BEND,,WDH4086,31,0,20,6,,90,A
367614030,2022-01-03T07:12:29,43.34654,-124.32052,0.1,333.4,511.0,NORTH BEND,,WDH4086,31,0,20,6,,90,A
367614030,2022-01-03T06:42:40,43.34651,-124.32056,0.1,195.0,511.0,NORTH BEND,,WDH4086,31,0,20,6,,90,A
367614030,2022-01-03T06:40:19,43.34654,-124.32053,0.2,199.0,511.0,NORTH BEND,,WDH4086,31,0,20,6,,90,A
367614030,2022-01-03T07:15:59,43.34657,-124.32054,0.0,324.0,511.0,NORTH BEND,,WDH4086,31,0,20,6,,90,A
367614030,2022-01-03T06:25:51,43.34657,-124.32051,0.1,227.0,511.0,NORTH BEND,,WDH4086,31,0,20,6,,90,A
367614030,2022-01-03T07:00:01,43.34656,-124.32055,0.0,280.3,511.0,NORTH BEND,,WDH4086,31,0,20,6,,90,A
367614030,2022-01-03T06:46:11,43.34650,-124.32054,0.0,181.6,511.0,NORTH BEND,,WDH4086,31,0,20,6,,90,A
367614030,2022-01-03T06:54:21,43.34654,-124.32053,0.1,204.7,511.0,NORTH BEND,,WDH4086,31,0,20,6,,90,A
367614030,2022-01-03T07:04:30,43.34654,-124.32055,0.1,338.0,511.0,NORTH BEND,,WDH4086,31,0,20,6,,90,A
367614030,2022-01-03T07:23:00,43.34654,-124.32054,0.1,330.0,511.0,NORTH BEND,,WDH4086,31,0,20,6,,90,A
367614030,2022-01-03T06:50:50,43.34656,-124.32051,0.1,159.9,511.0,NORTH BEND,,WDH4086,31,0,20,6,,90,A
367614030,2022-01-03T06:59:01,43.34657,-124.32057,0.0,259.5,511.0,NORTH BEND,,WDH4086,31,0,20,6,,90,A
367614030,2022-01-03T07:03:29,43.34656,-124.32054,0.1,324.0,511.0,NORTH BEND,,WDH4086,31,0,20,6,,90,A
367614030,2022-01-03T07:02:19,43.34655,-124.32055,0.1,322.3,511.0,NORTH BEND,,WDH4086,31,0,20,6,,90,A
367614030,2022-01-03T07:06:50,43.34654,-124.32052,0.1,319.8,511.0,NORTH BEND,,WDH4086,31,0,20,6,,90,A
367614030,2022-01-03T07:01:10,43.34657,-124.32055,0.1,309.4,511.0,NORTH BEND,,WDH4086,31,0,20,6,,90,A
367614030,2022-01-03T07:09:10,43.34656,-124.32054,0.1,321.0,511.0,NORTH BEND,,WDH4086,31,0,20,6,,90,A
367614030,2022-01-03T07:19:30,43.34654,-124.32059,0.1,333.8,511.0,NORTH BEND,,WDH4086,31,0,20,6,,90,A
367614030,2022-01-03T07:11:21,43.34653,-124.32053,0.1,324.1,511.0,NORTH BEND,,WDH4086,31,0,20,6,,90,A
367614030,2022-01-03T06:51:59,43.34654,-124.32053,0.0,160.4,511.0,NORTH BEND,,WDH4086,31,0,20,6,,90,A
367614030,2022-01-03T03:35:00,43.34654,-124.32054,0.0,252.8,511.0,NORTH BEND,,WDH4086,31,0,20,6,,90,A
367614030,2022-01-03T07:13:41,43.34656,-124.32053,0.1,333.9,511.0,NORTH BEND,,WDH4086,31,0,20,6,,90,A
367614030,2022-01-03T06:56:40,43.34656,-124.32054,0.1,208.2,511.0,NORTH BEND,,WDH4086,31,0,20,6,,90,A
367614030,2022-01-03T07:46:11,43.34656,-124.32053,0.1,296.1,511.0,NORTH BEND,,WDH4086,31,0,20,6,,90,A
367614030,2022-01-03T07:17:10,43.34657,-124.32055,0.1,321.2,511.0,NORTH BEND,,WDH4086,31,0,20,6,,90,A
367614030,2022-01-03T07:47:20,43.34655,-124.32053,0.1,306.7,511.0,NORTH BEND,,WDH4086,31,0,20,6,,90,A
367614030,2022-01-03T06:57:49,43.34655,-124.32056,0.2,235.9,511.0,NORTH BEND,,WDH4086,31,0,20,6,,90,A
367614030,2022-01-03T07:52:11,43.34654,-124.32054,0.1,334.5,511.0,NORTH BEND,,WDH4086,31,0,20,6,,90,A
367614030,2022-01-03T07:24:10,43.34653,-124.32053,0.2,326.6,511.0,NORTH BEND,,WDH4086,31,0,20,6,,90,A
367614030,2022-01-03T03:41:50,43.34653,-124.32053,0.1,289.9,511.0,NORTH BEND,,WDH4086,31,0,20,6,,90,A
367614030,2022-01-03T07:25:20,43.34655,-124.32053,0.1,308.8,511.0,NORTH BEND,,WDH4086,31,0,20,6,,90,A
367614030,2022-01-03T07:37:10,43.34655,-124.32056,0.2,344.9,511.0,NORTH BEND,,WDH4086,31,0,20,6,,90,A
367614030,2022-01-03T07:59:01,43.34655,-124.32054,0.0,349.0,511.0,NORTH BEND,,WDH4086,31,0,20,6,,90,A
367614030,2022-01-03T07:21:50,43.34654,-124.32056,0.1,323.0,511.0,NORTH BEND,,WDH4086,31,0,20,6,,90,A
367614030,2022-01-03T08:01:10,43.34655,-124.32053,0.0,334.6,511.0,NORTH BEND,,WDH4086,31,0,20,6,,90,A
367614030,2022-01-03T07:26:29,43.34656,-124.32055,0.0,311.8,511.0,NORTH BEND,,WDH4086,31,0,20,6,,90,A
367614030,2022-01-03T07:27:41,43.34657,-124.32054,0.0,318.2,511.0,NORTH BEND,,WDH4086,31,0,20,6,,90,A
367614030,2022-01-03T07:30:01,43.34658,-124.32054,0.0,314.2,511.0,NORTH BEND,,WDH4086,31,0,20,6,,90,A
367614030,2022-01-03T07:45:01,43.34657,-124.32053,0.0,308.4,511.0,NORTH BEND,,WDH4086,31,0,20,6,,90,A
367614030,2022-01-03T07:14:51,43.34654,-124.32053,0.1,327.8,511.0,NORTH BEND,,WDH4086,31,0,20,6,,90,A
367614030,2022-01-03T03:47:40,43.34651,-124.32053,0.1,254.9,511.0,NORTH BEND,,WDH4086,31,0,20,6,,90,A
367614030,2022-01-03T07:32:19,43.34656,-124.32053,0.1,319.1,511.0,NORTH BEND,,WDH4086,31,0,20,6,,90,A
367614030,2022-01-03T07:33:29,43.34657,-124.32056,0.0,328.5,511.0,NORTH BEND,,WDH4086,31,0,20,6,,90,A
367614030,2022-01-03T07:31:10,43.34657,-124.32053,0.1,316.6,511.0,NORTH BEND,,WDH4086,31,0,20,6,,90,A
367614030,2022-01-03T08:10:29,43.34656,-124.32053,0.1,9.7,511.0,NORTH BEND,,WDH4086,31,0,20,6,,90,A
367614030,2022-01-03T07:34:40,43.34656,-124.32057,0.1,322.3,511.0,NORTH BEND,,WDH4086,31,0,20,6,,90,A
367614030,2022-01-03T03:50:00,43.34653,-124.32054,0.1,274.2,511.0,NORTH BEND,,WDH4086,31,0,20,6,,90,A
367614030,2022-01-03T08:11:40,43.34655,-124.32053,0.1,10.4,511.0,NORTH BEND,,WDH4086,31,0,20,6,,90,A
367614030,2022-01-03T07:39:20,43.34654,-124.32054,0.1,349.6,511.0,NORTH BEND,,WDH4086,31,0,20,6,,90,A
367614030,2022-01-03T07:20:40,43.34656,-124.32056,0.0,325.3,511.0,NORTH BEND,,WDH4086,31,0,20,6,,90,A
367614030,2022-01-03T07:40:29,43.34654,-124.32055,0.1,345.9,511.0,NORTH BEND,,WDH4086,31,0,20,6,,90,A
367614030,2022-01-03T07:57:51,43.34655,-124.32054,0.1,347.2,511.0,NORTH BEND,,WDH4086,31,0,20,6,,90,A
367614030,2022-01-03T07:28:49,43.34658,-124.32055,0.0,309.7,511.0,NORTH BEND,,WDH4086,31,0,20,6,,90,A
367614030,2022-01-03T08:03:30,43.34656,-124.32053,0.1,351.8,511.0,NORTH BEND,,WDH4086,31,0,20,6,,90,A
367614030,2022-01-03T07:48:31,43.34654,-124.32055,0.1,312.2,511.0,NORTH BEND,,WDH4086,31,0,20,6,,90,A
367614030,2022-01-03T08:08:09,43.34655,-124.32054,0.0,1.1,511.0,NORTH BEND,,WDH4086,31,0,20,6,,90,A
367614030,2022-01-03T07:35:50,43.34654,-124.32057,0.0,330.9,511.0,NORTH BEND,,WDH4086,31,0,20,6,,90,A
367614030,2022-01-03T07:51:01,43.34654,-124.32053,0.1,317.2,511.0,NORTH BEND,,WDH4086,31,0,20,6,,90,A
367614030,2022-01-03T07:53:20,43.34655,-124.32053,0.0,345.9,511.0,NORTH BEND,,WDH4086,31,0,20,6,,90,A
367614030,2022-01-03T07:38:11,43.34654,-124.32056,0.1,347.0,511.0,NORTH BEND,,WDH4086,31,0,20,6,,90,A
367614030,2022-01-03T07:54:21,43.34654,-124.32053,0.0,348.5,511.0,NORTH BEND,,WDH4086,31,0,20,6,,90,A
367614030,2022-01-03T07:55:29,43.34653,-124.32053,0.1,354.9,511.0,NORTH BEND,,WDH4086,31,0,20,6,,90,A
367614030,2022-01-03T07:41:40,43.34655,-124.32053,0.0,327.0,511.0,NORTH BEND,,WDH4086,31,0,20,6,,90,A
367614030,2022-01-03T07:56:41,43.34654,-124.32054,0.1,351.5,511.0,NORTH BEND,,WDH4086,31,0,20,6,,90,A
367614030,2022-01-03T07:44:00,43.34657,-124.32054,0.2,305.3,511.0,NORTH BEND,,WDH4086,31,0,20,6,,90,A
367614030,2022-01-03T08:14:00,43.34655,-124.32054,0.0,349.0,511.0,NORTH BEND,,WDH4086,31,0,20,6,,90,A
367614030,2022-01-03T08:00:01,43.34656,-124.32055,0.0,345.7,511.0,NORTH BEND,,WDH4086,31,0,20,6,,90,A
367614030,2022-01-03T08:17:20,43.34654,-124.32052,0.0,333.9,511.0,NORTH BEND,,WDH4086,31,0,20,6,,90,A
367614030,2022-01-03T04:01:09,43.34655,-124.32052,0.0,299.6,511.0,NORTH BEND,,WDH4086,31,0,20,6,,90,A
367614030,2022-01-03T08:05:49,43.34656,-124.32053,0.0,355.7,511.0,NORTH BEND,,WDH4086,31,0,20,6,,90,A
367614030,2022-01-03T08:44:59,43.34656,-124.32054,0.1,281.8,511.0,NORTH BEND,,WDH4086,31,0,20,6,,90,A
367614030,2022-01-03T08:23:10,43.34655,-124.32053,0.1,256.3,511.0,NORTH BEND,,WDH4086,31,0,20,6,,90,A
367614030,2022-01-03T08:12:50,43.34654,-124.32052,0.1,5.6,511.0,NORTH BEND,,WDH4086,31,0,20,6,,90,A
367614030,2022-01-03T04:05:00,43.34655,-124.32050,0.0,297.3,511.0,NORTH BEND,,WDH4086,31,0,20,6,,90,A
367614030,2022-01-03T08:15:01,43.34654,-124.32056,0.1,334.2,511.0,NORTH BEND,,WDH4086,31,0,20,6,,90,A
367614030,2022-01-03T08:32:01,43.34656,-124.32052,0.1,313.1,511.0,NORTH BEND,,WDH4086,31,0,20,6,,90,A
367614030,2022-01-03T08:18:29,43.34656,-124.32054,0.2,329.2,511.0,NORTH BEND,,WDH4086,31,0,20,6,,90,A
367614030,2022-01-03T08:19:41,43.34657,-124.32054,0.1,297.1,511.0,NORTH BEND,,WDH4086,31,0,20,6,,90,A
367614030,2022-01-03T08:04:39,43.34656,-124.32054,0.0,348.1,511.0,NORTH BEND,,WDH4086,31,0,20,6,,90,A
367614030,2022-01-03T08:38:00,43.34656,-124.32053,0.1,276.2,511.0,NORTH BEND,,WDH4086,31,0,20,6,,90,A
367614030,2022-01-03T08:07:00,43.34657,-124.32054,0.1,358.3,511.0,NORTH BEND,,WDH4086,31,0,20,6,,90,A
367614030,2022-01-03T08:22:00,43.34657,-124.32054,0.1,273.2,511.0,NORTH BEND,,WDH4086,31,0,20,6,,90,A
367614030,2022-01-03T08:26:39,43.34654,-124.32055,0.2,265.6,511.0,NORTH BEND,,WDH4086,31,0,20,6,,90,A
367614030,2022-01-03T08:27:50,43.34654,-124.32053,0.1,290.3,511.0,NORTH BEND,,WDH4086,31,0,20,6,,90,A
367614030,2022-01-03T08:24:21,43.34656,-124.32054,0.1,262.1,511.0,NORTH BEND,,WDH4086,31,0,20,6,,90,A
367614030,2022-01-03T08:29:00,43.34653,-124.32056,0.1,310.3,511.0,NORTH BEND,,WDH4086,31,0,20,6,,90,A
367614030,2022-01-03T08:25:30,43.34656,-124.32053,0.1,256.7,511.0,NORTH BEND,,WDH4086,31,0,20,6,,90,A
367614030,2022-01-03T08:31:00,43.34654,-124.32055,0.1,325.6,511.0,NORTH BEND,,WDH4086,31,0,20,6,,90,A
367614030,2022-01-03T08:33:09,43.34656,-124.32054,0.1,315.5,511.0,NORTH BEND,,WDH4086,31,0,20,6,,90,A
367614030,2022-01-03T08:16:09,43.34655,-124.32053,0.1,328.6,511.0,NORTH BEND,,WDH4086,31,0,20,6,,90,A
367614030,2022-01-03T08:36:50,43.34655,-124.32054,0.0,266.7,511.0,NORTH BEND,,WDH4086,31,0,20,6,,90,A
367614030,2022-01-03T09:15:30,43.34657,-124.32052,0.1,321.6,511.0,NORTH BEND,,WDH4086,31,0,20,6,,90,A
367614030,2022-01-03T08:34:20,43.34656,-124.32055,0.0,295.0,511.0,NORTH BEND,,WDH4086,31,0,20,6,,90,A
367614030,2022-01-03T08:20:51,43.34656,-124.32055,0.1,287.4,511.0,NORTH BEND,,WDH4086,31,0,20,6,,90,A
367614030,2022-01-03T08:35:30,43.34656,-124.32054,0.1,289.5,511.0,NORTH BEND,,WDH4086,31,0,20,6,,90,A
367614030,2022-01-03T09:26:00,43.34656,-124.32054,0.2,28.1,511.0,NORTH BEND,,WDH4086,31,0,20,6,,90,A
367614030,2022-01-03T09:28:19,43.34657,-124.32053,0.1,331.2,511.0,NORTH BEND,,WDH4086,31,0,20,6,,90,A
367614030,2022-01-03T08:41:30,43.34654,-124.32053,0.0,271.2,511.0,NORTH BEND,,WDH4086,31,0,20,6,,90,A
367614030,2022-01-03T08:51:49,43.34657,-124.32053,0.0,266.6,511.0,NORTH BEND,,WDH4086,31,0,20,6,,90,A
367614030,2022-01-03T04:20:00,43.34655,-124.32053,0.1,257.9,511.0,NORTH BEND,,WDH4086,31,0,20,6,,90,A
367614030,2022-01-03T08:53:00,43.34656,-124.32054,0.0,246.9,511.0,NORTH BEND,,WDH4086,31,0,20,6,,90,A
367614030,2022-01-03T08:46:11,43.34657,-124.32054,0.0,290.9,511.0,NORTH BEND,,WDH4086,31,0,20,6,,90,A
367614030,2022-01-03T08:57:59,43.34654,-124.32054,0.1,279.2,511.0,NORTH BEND,,WDH4086,31,0,20,6,,90,A
367614030,2022-01-03T09:04:40,43.34655,-124.32054,0.3,278.2,511.0,NORTH BEND,,WDH4086,31,0,20,6,,90,A
367614030,2022-01-03T08:48:20,43.34656,-124.32055,0.1,278.4,511.0,NORTH BEND,,WDH4086,31,0,20,6,,90,A
367614030,2022-01-03T09:39:21,43.34657,-124.32054,0.1,302.4,511.0,NORTH BEND,,WDH4086,31,0,20,6,,90,A
367614030,2022-01-03T08:54:09,43.34656,-124.32053,0.0,255.5,511.0,NORTH BEND,,WDH4086,31,0,20,6,,90,A
367614030,2022-01-03T08:42:41,43.34655,-124.32052,0.1,282.5,511.0,NORTH BEND,,WDH4086,31,0,20,6,,90,A
367614030,2022-01-03T08:43:50,43.34656,-124.32052,0.0,263.5,511.0,NORTH BEND,,WDH4086,31,0,20,6,,90,A
367614030,2022-01-03T09:00:00,43.34654,-124.32054,0.0,313.2,511.0,NORTH BEND,,WDH4086,31,0,20,6,,90,A
367614030,2022-01-03T08:59:00,43.34654,-124.32055,0.1,300.7,511.0,NORTH BEND,,WDH4086,31,0,20,6,,90,A
367614030,2022-01-03T09:09:19,43.34655,-124.32055,0.1,295.1,511.0,NORTH BEND,,WDH4086,31,0,20,6,,90,A
367614030,2022-01-03T09:05:50,43.34656,-124.32055,0.1,292.1,511.0,NORTH BEND,,WDH4086,31,0,20,6,,90,A
367614030,2022-01-03T09:03:29,43.34655,-124.32054,0.1,290.3,511.0,NORTH BEND,,WDH4086,31,0,20,6,,90,A
367614030,2022-01-03T09:07:00,43.34658,-124.32054,0.1,277.7,511.0,NORTH BEND,,WDH4086,31,0,20,6,,90,A
367614030,2022-01-03T08:49:30,43.34656,-124.32053,0.1,275.1,511.0,NORTH BEND,,WDH4086,31,0,20,6,,90,A
367614030,2022-01-03T09:16:40,43.34656,-124.32054,0.1,332.6,511.0,NORTH BEND,,WDH4086,31,0,20,6,,90,A
367614030,2022-01-03T09:10:20,43.34655,-124.32055,0.1,301.2,511.0,NORTH BEND,,WDH4086,31,0,20,6,,90,A
367614030,2022-01-03T08:50:31,43.34656,-124.32054,0.1,253.0,511.0,NORTH BEND,,WDH4086,31,0,20,6,,90,A
367614030,2022-01-03T09:55:40,43.34656,-124.32054,0.2,266.8,511.0,NORTH BEND,,WDH4086,31,0,20,6,,90,A
367614030,2022-01-03T09:08:10,43.34656,-124.32054,0.1,267.8,511.0,NORTH BEND,,WDH4086,31,0,20,6,,90,A
367614030,2022-01-03T09:20:10,43.34653,-124.32053,0.1,339.8,511.0,NORTH BEND,,WDH4086,31,0,20,6,,90,A
367614030,2022-01-03T09:14:20,43.34658,-124.32053,0.1,320.3,511.0,NORTH BEND,,WDH4086,31,0,20,6,,90,A
367614030,2022-01-03T09:12:00,43.34656,-124.32055,0.1,318.1,511.0,NORTH BEND,,WDH4086,31,0,20,6,,90,A
367614030,2022-01-03T08:55:31,43.34655,-124.32055,0.1,270.9,511.0,NORTH BEND,,WDH4086,31,0,20,6,,90,A
367614030,2022-01-03T09:17:50,43.34656,-124.32053,0.1,337.0,511.0,NORTH BEND,,WDH4086,31,0,20,6,,90,A
367614030,2022-01-03T09:01:11,43.34656,-124.32055,0.0,328.1,511.0,NORTH BEND,,WDH4086,31,0,20,6,,90,A
367614030,2022-01-03T09:22:30,43.34649,-124.32055,0.1,337.8,511.0,NORTH BEND,,WDH4086,31,0,20,6,,90,A
367614030,2022-01-03T09:21:20,43.34654,-124.32052,0.2,332.3,511.0,NORTH BEND,,WDH4086,31,0,20,6,,90,A
367614030,2022-01-03T09:24:49,43.34654,-124.32054,0.4,354.1,511.0,NORTH BEND,,WDH4086,31,0,20,6,,90,A
367614030,2022-01-03T09:29:30,43.34658,-124.32051,0.1,331.7,511.0,NORTH BEND,,WDH4086,31,0,20,6,,90,A
367614030,2022-01-03T09:31:11,43.34659,-124.32051,0.1,272.7,511.0,NORTH BEND,,WDH4086,31,0,20,6,,90,A
367614030,2022-01-03T10:17:29,43.34656,-124.32054,0.1,339.7,511.0,NORTH BEND,,WDH4086,31,0,20,6,,90,A
367614030,2022-01-03T09:42:49,43.34657,-124.32051,0.1,319.3,511.0,NORTH BEND,,WDH4086,31,0,20,6,,90,A
367614030,2022-01-03T09:32:19,43.34657,-124.32052,0.1,284.5,511.0,NORTH BEND,,WDH4086,31,0,20,6,,90,A
367614030,2022-01-03T09:43:59,43.34657,-124.32053,0.1,303.9,511.0,NORTH BEND,,WDH4086,31,0,20,6,,90,A
367614030,2022-01-03T10:23:20,43.34657,-124.32056,0.0,337.3,511.0,NORTH BEND,,WDH4086,31,0,20,6,,90,A
367614030,2022-01-03T09:47:31,43.34656,-124.32053,0.1,276.5,511.0,NORTH BEND,,WDH4086,31,0,20,6,,90,A
367614030,2022-01-03T09:35:50,43.34657,-124.32052,0.0,302.9,511.0,NORTH BEND,,WDH4086,31,0,20,6,,90,A
367614030,2022-01-03T09:33:30,43.34657,-124.32054,0.0,288.8,511.0,NORTH BEND,,WDH4086,31,0,20,6,,90,A
367614030,2022-01-03T09:37:00,43.34658,-124.32052,0.0,332.5,511.0,NORTH BEND,,WDH4086,31,0,20,6,,90,A
367614030,2022-01-03T09:38:09,43.34659,-124.32054,0.0,330.5,511.0,NORTH BEND,,WDH4086,31,0,20,6,,90,A
367614030,2022-01-03T10:29:09,43.34658,-124.32053,0.1,347.1,511.0,NORTH BEND,,WDH4086,31,0,20,6,,90,A
367614030,2022-01-03T09:41:39,43.34658,-124.32051,0.1,329.4,511.0,NORTH BEND,,WDH4086,31,0,20,6,,90,A
367614030,2022-01-03T09:40:31,43.34657,-124.32053,0.1,312.9,511.0,NORTH BEND,,WDH4086,31,0,20,6,,90,A
367614030,2022-01-03T09:45:09,43.34656,-124.32053,0.1,305.6,511.0,NORTH BEND,,WDH4086,31,0,20,6,,90,A
367614030,2022-01-03T09:49:50,43.34656,-124.32055,0.1,287.7,511.0,NORTH BEND,,WDH4086,31,0,20,6,,90,A
367614030,2022-01-03T09:51:01,43.34656,-124.32055,0.1,284.0,511.0,NORTH BEND,,WDH4086,31,0,20,6,,90,A
367614030,2022-01-03T10:36:00,43.34656,-124.32056,0.1,331.0,511.0,NORTH BEND,,WDH4086,31,0,20,6,,90,A
367614030,2022-01-03T09:46:20,43.34655,-124.32052,0.1,300.7,511.0,NORTH BEND,,WDH4086,31,0,20,6,,90,A
367614030,2022-01-03T10:38:20,43.34656,-124.32054,0.0,341.3,511.0,NORTH BEND,,WDH4086,31,0,20,6,,90,A
367614030,2022-01-03T09:34:39,43.34657,-124.32051,0.0,300.0,511.0,NORTH BEND,,WDH4086,31,0,20,6,,90,A
367614030,2022-01-03T10:04:39,43.34656,-124.32053,0.1,342.4,511.0,NORTH BEND,,WDH4086,31,0,20,6,,90,A
367614030,2022-01-03T09:53:20,43.34657,-124.32054,0.1,280.9,511.0,NORTH BEND,,WDH4086,31,0,20,6,,90,A
367614030,2022-01-03T04:55:20,43.34655,-124.32053,0.1,300.7,511.0,NORTH BEND,,WDH4086,31,0,20,6,,90,A
367614030,2022-01-03T09:54:31,43.34656,-124.32054,0.1,290.2,511.0,NORTH BEND,,WDH4086,31,0,20,6,,90,A
367614030,2022-01-03T10:03:30,43.34657,-124.32054,0.1,324.9,511.0,NORTH BEND,,WDH4086,31,0,20,6,,90,A
367614030,2022-01-03T09:58:00,43.34656,-124.32054,0.1,293.4,511.0,NORTH BEND,,WDH4086,31,0,20,6,,90,A
367614030,2022-01-03T09:59:01,43.34656,-124.32053,0.1,292.2,511.0,NORTH BEND,,WDH4086,31,0,20,6,,90,A
367614030,2022-01-03T10:46:29,43.34656,-124.32055,0.0,332.8,511.0,NORTH BEND,,WDH4086,31,0,20,6,,90,A
367614030,2022-01-03T10:07:00,43.34658,-124.32056,0.1,341.6,511.0,NORTH BEND,,WDH4086,31,0,20,6,,90,A
367614030,2022-01-03T04:59:59,43.34656,-124.32052,0.1,297.7,511.0,NORTH BEND,,WDH4086,31,0,20,6,,90,A
367614030,2022-01-03T10:00:01,43.34657,-124.32053,0.0,277.8,511.0,NORTH BEND,,WDH4086,31,0,20,6,,90,A
367614030,2022-01-03T10:01:11,43.34657,-124.32055,0.1,298.7,511.0,NORTH BEND,,WDH4086,31,0,20,6,,90,A
367614030,2022-01-03T10:05:51,43.34656,-124.32054,0.1,348.4,511.0,NORTH BEND,,WDH4086,31,0,20,6,,90,A
367614030,2022-01-03T10:53:30,43.34654,-124.32051,0.1,319.2,511.0,NORTH BEND,,WDH4086,31,0,20,6,,90,A
367614030,2022-01-03T10:08:09,43.34656,-124.32054,0.1,345.0,511.0,NORTH BEND,,WDH4086,31,0,20,6,,90,A
367614030,2022-01-03T10:09:20,43.34657,-124.32055,0.1,332.7,511.0,NORTH BEND,,WDH4086,31,0,20,6,,90,A
367614030,2022-01-03T10:57:01,43.34656,-124.32052,0.1,320.3,511.0,NORTH BEND,,WDH4086,31,0,20,6,,90,A
367614030,2022-01-03T10:12:50,43.34655,-124.32055,0.1,317.1,511.0,NORTH BEND,,WDH4086,31,0,20,6,,90,A
367614030,2022-01-03T10:11:39,43.34656,-124.32055,0.1,325.6,511.0,NORTH BEND,,WDH4086,31,0,20,6,,90,A
367614030,2022-01-03T10:24:29,43.34656,-124.32055,0.0,339.6,511.0,NORTH BEND,,WDH4086,31,0,20,6,,90,A
367614030,2022-01-03T10:18:40,43.34656,-124.32053,0.1,346.5,511.0,NORTH BEND,,WDH4086,31,0,20,6,,90,A
367614030,2022-01-03T10:19:50,43.34656,-124.32056,0.1,342.0,511.0,NORTH BEND,,WDH4086,31,0,20,6,,90,A
367614030,2022-01-03T10:26:50,43.34656,-124.32053,0.1,334.0,511.0,NORTH BEND,,WDH4086,31,0,20,6,,90,A
367614030,2022-01-03T10:21:00,43.34655,-124.32057,0.1,341.1,511.0,NORTH BEND,,WDH4086,31,0,20,6,,90,A
367614030,2022-01-03T10:28:00,43.34658,-124.32053,0.1,342.4,511.0,NORTH BEND,,WDH4086,31,0,20,6,,90,A
367614030,2022-01-03T10:16:20,43.34657,-124.32053,0.1,331.1,511.0,NORTH BEND,,WDH4086,31,0,20,6,,90,A
367614030,2022-01-03T10:30:10,43.34660,-124.32054,0.1,351.2,511.0,NORTH BEND,,WDH4086,31,0,20,6,,90,A
367614030,2022-01-03T10:32:31,43.34658,-124.32056,0.0,335.4,511.0,NORTH BEND,,WDH4086,31,0,20,6,,90,A
367614030,2022-01-03T10:10:29,43.34658,-124.32055,0.1,329.1,511.0,NORTH BEND,,WDH4086,31,0,20,6,,90,A
367614030,2022-01-03T05:18:30,43.34657,-124.32052,0.1,284.9,511.0,NORTH BEND,,WDH4086,31,0,20,6,,90,A
367614030,2022-01-03T11:07:51,43.34657,-124.32051,0.0,297.0,511.0,NORTH BEND,,WDH4086,31,0,20,6,,90,A
367614030,2022-01-03T10:25:39,43.34658,-124.32054,0.1,337.4,511.0,NORTH BEND,,WDH4086,31,0,20,6,,90,A
367614030,2022-01-03T10:15:09,43.34655,-124.32054,0.1,318.3,511.0,NORTH BEND,,WDH4086,31,0,20,6,,90,A
367614030,2022-01-03T11:15:09,43.34657,-124.32055,0.1,312.8,511.0,NORTH BEND,,WDH4086,31,0,20,6,,90,A
367614030,2022-01-03T10:41:50,43.34656,-124.32055,0.1,335.8,511.0,NORTH BEND,,WDH4086,31,0,20,6,,90,A
367614030,2022-01-03T10:42:59,43.34657,-124.32054,0.0,337.5,511.0,NORTH BEND,,WDH4086,31,0,20,6,,90,A
367614030,2022-01-03T10:39:30,43.34655,-124.32055,0.0,339.1,511.0,NORTH BEND,,WDH4086,31,0,20,6,,90,A
367614030,2022-01-03T10:45:20,43.34655,-124.32055,0.1,337.6,511.0,NORTH BEND,,WDH4086,31,0,20,6,,90,A
367614030,2022-01-03T05:25:29,43.34655,-124.32051,0.1,292.1,511.0,NORTH BEND,,WDH4086,31,0,20,6,,90,A
367614030,2022-01-03T10:34:49,43.34656,-124.32056,0.0,329.7,511.0,NORTH BEND,,WDH4086,31,0,20,6,,90,A
367614030,2022-01-03T10:33:40,43.34659,-124.32055,0.1,330.7,511.0,NORTH BEND,,WDH4086,31,0,20,6,,90,A
367614030,2022-01-03T05:26:40,43.34654,-124.32054,0.2,292.9,511.0,NORTH BEND,,WDH4086,31,0,20,6,,90,A
367614030,2022-01-03T10:31:20,43.34657,-124.32053,0.1,341.2,511.0,NORTH BEND,,WDH4086,31,0,20,6,,90,A
367614030,2022-01-03T11:26:40,43.34658,-124.32052,0.2,339.3,511.0,NORTH BEND,,WDH4086,31,0,20,6,,90,A
367614030,2022-01-03T10:54:39,43.34654,-124.32051,0.1,321.8,511.0,NORTH BEND,,WDH4086,31,0,20,6,,90,A
367614030,2022-01-03T10:40:40,43.34658,-124.32055,0.0,335.4,511.0,NORTH BEND,,WDH4086,31,0,20,6,,90,A
367614030,2022-01-03T10:52:20,43.34656,-124.32052,0.0,320.7,511.0,NORTH BEND,,WDH4086,31,0,20,6,,90,A
367614030,2022-01-03T10:58:10,43.34656,-124.32052,0.0,313.0,511.0,NORTH BEND,,WDH4086,31,0,20,6,,90,A
367614030,2022-01-03T10:37:10,43.34657,-124.32054,0.0,344.1,511.0,NORTH BEND,,WDH4086,31,0,20,6,,90,A
367614030,2022-01-03T11:40:21,43.34655,-124.32051,0.0,9.1,511.0,NORTH BEND,,WDH4086,31,0,20,6,,90,A
367614030,2022-01-03T05:33:40,43.34655,-124.32055,0.1,282.3,511.0,NORTH BEND,,WDH4086,31,0,20,6,,90,A
367614030,2022-01-03T11:04:30,43.34657,-124.32052,0.1,327.4,511.0,NORTH BEND,,WDH4086,31,0,20,6,,90,A
367614030,2022-01-03T10:47:39,43.34658,-124.32055,0.2,326.6,511.0,NORTH BEND,,WDH4086,31,0,20,6,,90,A
367614030,2022-01-03T11:45:00,43.34655,-124.32051,0.0,328.1,511.0,NORTH BEND,,WDH4086,31,0,20,6,,90,A
367614030,2022-01-03T10:50:01,43.34657,-124.32053,0.0,333.9,511.0,NORTH BEND,,WDH4086,31,0,20,6,,90,A
367614030,2022-01-03T10:55:49,43.34653,-124.32051,0.0,316.8,511.0,NORTH BEND,,WDH4086,31,0,20,6,,90,A
367614030,2022-01-03T11:10:10,43.34657,-124.32050,0.1,290.3,511.0,NORTH BEND,,WDH4086,31,0,20,6,,90,A
367614030,2022-01-03T05:37:30,43.34654,-124.32056,0.1,345.3,511.0,NORTH BEND,,WDH4086,31,0,20,6,,90,A
367614030,2022-01-03T11:12:30,43.34656,-124.32050,0.1,318.6,511.0,NORTH BEND,,WDH4086,31,0,20,6,,90,A
367614030,2022-01-03T11:13:50,43.34655,-124.32051,0.0,323.4,511.0,NORTH BEND,,WDH4086,31,0,20,6,,90,A
367614030,2022-01-03T10:48:50,43.34655,-124.32052,0.0,331.5,511.0,NORTH BEND,,WDH4086,31,0,20,6,,90,A
367614030,2022-01-03T11:01:10,43.34659,-124.32050,0.0,322.2,511.0,NORTH BEND,,WDH4086,31,0,20,6,,90,A
367614030,2022-01-03T11:03:29,43.34661,-124.32047,0.1,326.7,511.0,NORTH BEND,,WDH4086,31,0,20,6,,90,A
367614030,2022-01-03T10:59:30,43.34656,-124.32052,0.0,320.5,511.0,NORTH BEND,,WDH4086,31,0,20,6,,90,A
367614030,2022-01-03T11:06:50,43.34655,-124.32053,0.1,306.0,511.0,NORTH BEND,,WDH4086,31,0,20,6,,90,A
367614030,2022-01-03T05:43:19,43.34656,-124.32054,0.1,339.4,511.0,NORTH BEND,,WDH4086,31,0,20,6,,90,A
367614030,2022-01-03T11:23:20,43.34655,-124.32053,0.1,345.9,511.0,NORTH BEND,,WDH4086,31,0,20,6,,90,A
367614030,2022-01-03T11:19:49,43.34652,-124.32057,0.1,335.1,511.0,NORTH BEND,,WDH4086,31,0,20,6,,90,A
367614030,2022-01-03T05:45:30,43.34656,-124.32053,0.1,336.8,511.0,NORTH BEND,,WDH4086,31,0,20,6,,90,A
367614030,2022-01-03T05:46:39,43.34656,-124.32052,0.1,337.8,511.0,NORTH BEND,,WDH4086,31,0,20,6,,90,A
367614030,2022-01-03T11:08:59,43.34655,-124.32053,0.0,280.6,511.0,NORTH BEND,,WDH4086,31,0,20,6,,90,A
367614030,2022-01-03T11:02:19,43.34659,-124.32049,0.1,326.2,511.0,NORTH BEND,,WDH4086,31,0,20,6,,90,A
367614030,2022-01-03T12:02:21,43.34654,-124.32052,0.1,327.1,511.0,NORTH BEND,,WDH4086,31,0,20,6,,90,A
367614030,2022-01-03T11:29:01,43.34659,-124.32054,0.1,320.8,511.0,NORTH BEND,,WDH4086,31,0,20,6,,90,A
367614030,2022-01-03T11:11:19,43.34656,-124.32049,0.1,310.1,511.0,NORTH BEND,,WDH4086,31,0,20,6,,90,A
367614030,2022-01-03T11:34:11,43.34653,-124.32056,0.1,356.5,511.0,NORTH BEND,,WDH4086,31,0,20,6,,90,A
367614030,2022-01-03T12:13:01,43.34657,-124.32051,0.0,233.8,511.0,NORTH BEND,,WDH4086,31,0,20,6,,90,A
367614030,2022-01-03T11:27:49,43.34658,-124.32052,0.1,341.6,511.0,NORTH BEND,,WDH4086,31,0,20,6,,90,A
367614030,2022-01-03T11:16:21,43.34656,-124.32056,0.1,313.2,511.0,NORTH BEND,,WDH4086,31,0,20,6,,90,A
367614030,2022-01-03T11:35:20,43.34653,-124.32055,0.1,8.2,511.0,NORTH BEND,,WDH4086,31,0,20,6,,90,A
367614030,2022-01-03T11:18:39,43.34651,-124.32058,0.0,339.9,511.0,NORTH BEND,,WDH4086,31,0,20,6,,90,A
367614030,2022-01-03T11:22:11,43.34656,-124.32055,0.1,337.0,511.0,NORTH BEND,,WDH4086,31,0,20,6,,90,A
367614030,2022-01-03T12:21:20,43.34654,-124.32057,0.1,253.4,511.0,NORTH BEND,,WDH4086,31,0,20,6,,90,A
367614030,2022-01-03T11:42:40,43.34655,-124.32053,0.1,344.3,511.0,NORTH BEND,,WDH4086,31,0,20,6,,90,A
367614030,2022-01-03T11:36:50,43.34653,-124.32053,0.0,14.3,511.0,NORTH BEND,,WDH4086,31,0,20,6,,90,A
367614030,2022-01-03T11:38:00,43.34655,-124.32053,0.0,9.3,511.0,NORTH BEND,,WDH4086,31,0,20,6,,90,A
367614030,2022-01-03T11:31:20,43.34656,-124.32054,0.1,332.5,511.0,NORTH BEND,,WDH4086,31,0,20,6,,90,A
367614030,2022-01-03T11:41:31,43.34655,-124.32054,0.1,354.2,511.0,NORTH BEND,,WDH4086,31,0,20,6,,90,A
367614030,2022-01-03T11:52:01,43.34655,-124.32054,0.1,293.2,511.0,NORTH BEND,,WDH4086,31,0,20,6,,90,A
367614030,2022-01-03T11:46:10,43.34654,-124.32052,0.1,319.4,511.0,NORTH BEND,,WDH4086,31,0,20,6,,90,A
367614030,2022-01-03T11:47:20,43.34653,-124.32054,0.0,317.8,511.0,NORTH BEND,,WDH4086,31,0,20,6,,90,A
367614030,2022-01-03T11:48:31,43.34655,-124.32054,0.0,321.0,511.0,NORTH BEND,,WDH4086,31,0,20,6,,90,A
367614030,2022-01-03T11:32:29,43.34654,-124.32055,0.1,335.3,511.0,NORTH BEND,,WDH4086,31,0,20,6,,90,A
367614030,2022-01-03T11:53:09,43.34656,-124.32054,0.1,280.6,511.0,NORTH BEND,,WDH4086,31,0,20,6,,90,A
367614030,2022-01-03T12:37:39,43.34652,-124.32055,0.1,279.9,511.0,NORTH BEND,,WDH4086,31,0,20,6,,90,A
367614030,2022-01-03T11:43:49,43.34654,-124.32051,0.0,333.5,511.0,NORTH BEND,,WDH4086,31,0,20,6,,90,A
367614030,2022-01-03T11:57:50,43.34655,-124.32053,0.1,279.6,511.0,NORTH BEND,,WDH4086,31,0,20,6,,90,A
367614030,2022-01-03T12:06:00,43.34655,-124.32053,0.1,299.5,511.0,NORTH BEND,,WDH4086,31,0,20,6,,90,A
367614030,2022-01-03T11:50:49,43.34655,-124.32056,0.1,307.5,511.0,NORTH BEND,,WDH4086,31,0,20,6,,90,A
367614030,2022-01-03T11:58:51,43.34655,-124.32053,0.1,297.8,511.0,NORTH BEND,,WDH4086,31,0,20,6,,90,A
367614030,2022-01-03T12:42:20,43.34654,-124.32053,0.0,281.2,511.0,NORTH BEND,,WDH4086,31,0,20,6,,90,A
367614030,2022-01-03T11:54:21,43.34655,-124.32051,0.1,248.8,511.0,NORTH BEND,,WDH4086,31,0,20,6,,90,A
367614030,2022-01-03T06:06:00,43.34654,-124.32055,0.0,252.4,511.0,NORTH BEND,,WDH4086,31,0,20,6,,90,A
367614030,2022-01-03T12:46:49,43.34654,-124.32052,0.0,292.4,511.0,NORTH BEND,,WDH4086,31,0,20,6,,90,A
367614030,2022-01-03T12:03:29,43.34654,-124.32051,0.0,320.1,511.0,NORTH BEND,,WDH4086,31,0,20,6,,90,A
367614030,2022-01-03T12:04:51,43.34656,-124.32053,0.0,328.5,511.0,NORTH BEND,,WDH4086,31,0,20,6,,90,A
367614030,2022-01-03T12:00:00,43.34654,-124.32053,0.1,311.1,511.0,NORTH BEND,,WDH4086,31,0,20,6,,90,A
367614030,2022-01-03T12:00:09,43.34652,-124.32054,0.1,309.7,511.0,NORTH BEND,,WDH4086,31,0,20,6,,90,A
367614030,2022-01-03T12:08:19,43.34653,-124.32053,0.1,234.0,511.0,NORTH BEND,,WDH4086,31,0,20,6,,90,A
367614030,2022-01-03T11:56:39,43.34655,-124.32053,0.1,285.9,511.0,NORTH BEND,,WDH4086,31,0,20,6,,90,A
367614030,2022-01-03T12:19:00,43.34653,-124.32057,0.1,275.3,511.0,NORTH BEND,,WDH4086,31,0,20,6,,90,A
367614030,2022-01-03T12:56:10,43.34657,-124.32052,0.1,300.9,511.0,NORTH BEND,,WDH4086,31,0,20,6,,90,A
367614030,2022-01-03T12:10:40,43.34650,-124.32056,0.1,233.1,511.0,NORTH BEND,,WDH4086,31,0,20,6,,90,A
367614030,2022-01-03T12:57:20,43.34656,-124.32055,0.0,319.7,511.0,NORTH BEND,,WDH4086,31,0,20,6,,90,A
367614030,2022-01-03T12:14:10,43.34655,-124.32052,0.1,234.8,511.0,NORTH BEND,,WDH4086,31,0,20,6,,90,A
367614030,2022-01-03T12:09:29,43.34654,-124.32053,0.1,229.1,511.0,NORTH BEND,,WDH4086,31,0,20,6,,90,A
367614030,2022-01-03T12:01:11,43.34654,-124.32051,0.1,323.6,511.0,NORTH BEND,,WDH4086,31,0,20,6,,90,A
367614030,2022-01-03T12:16:39,43.34656,-124.32050,0.1,257.4,511.0,NORTH BEND,,WDH4086,31,0,20,6,,90,A
367614030,2022-01-03T12:27:09,43.34654,-124.32056,0.0,286.5,511.0,NORTH BEND,,WDH4086,31,0,20,6,,90,A
367614030,2022-01-03T13:05:50,43.34656,-124.32049,0.1,322.1,511.0,NORTH BEND,,WDH4086,31,0,20,6,,90,A
367614030,2022-01-03T12:07:11,43.34652,-124.32055,0.0,276.3,511.0,NORTH BEND,,WDH4086,31,0,20,6,,90,A
367614030,2022-01-03T06:16:29,43.34664,-124.32048,0.0,236.7,511.0,NORTH BEND,,WDH4086,31,0,20,6,,90,A
367614030,2022-01-03T12:25:59,43.34654,-124.32057,0.1,291.7,511.0,NORTH BEND,,WDH4086,31,0,20,6,,90,A
367614030,2022-01-03T12:11:49,43.34655,-124.32051,0.0,227.7,511.0,NORTH BEND,,WDH4086,31,0,20,6,,90,A
367614030,2022-01-03T13:11:41,43.34656,-124.32051,0.0,316.0,511.0,NORTH BEND,,WDH4086,31,0,20,6,,90,A
367614030,2022-01-03T12:28:20,43.34651,-124.32056,0.1,288.0,511.0,NORTH BEND,,WDH4086,31,0,20,6,,90,A
367614030,2022-01-03T12:15:31,43.34655,-124.32052,0.1,249.6,511.0,NORTH BEND,,WDH4086,31,0,20,6,,90,A
367614030,2022-01-03T12:30:40,43.34653,-124.32053,0.1,286.0,511.0,NORTH BEND,,WDH4086,31,0,20,6,,90,A
367614030,2022-01-03T12:38:50,43.34654,-124.32056,0.0,301.9,511.0,NORTH BEND,,WDH4086,31,0,20,6,,90,A
367614030,2022-01-03T12:17:51,43.34656,-124.32051,0.1,269.4,511.0,NORTH BEND,,WDH4086,31,0,20,6,,90,A
367614030,2022-01-03T12:36:30,43.34654,-124.32057,0.1,298.5,511.0,NORTH BEND,,WDH4086,31,0,20,6,,90,A
367614030,2022-01-03T12:44:30,43.34654,-124.32052,0.0,290.1,511.0,NORTH BEND,,WDH4086,31,0,20,6,,90,A
367614030,2022-01-03T12:29:29,43.34653,-124.32056,0.0,280.4,511.0,NORTH BEND,,WDH4086,31,0,20,6,,90,A
367614030,2022-01-03T12:20:10,43.34652,-124.32058,0.0,274.3,511.0,NORTH BEND,,WDH4086,31,0,20,6,,90,A
367614030,2022-01-03T12:22:30,43.34650,-124.32059,0.2,278.6,511.0,NORTH BEND,,WDH4086,31,0,20,6,,90,A
367614030,2022-01-03T13:24:30,43.34656,-124.32053,0.1,289.8,511.0,NORTH BEND,,WDH4086,31,0,20,6,,90,A
367614030,2022-01-03T12:33:01,43.34651,-124.32056,0.1,295.2,511.0,NORTH BEND,,WDH4086,31,0,20,6,,90,A
367614030,2022-01-03T12:23:40,43.34653,-124.32060,0.1,285.0,511.0,NORTH BEND,,WDH4086,31,0,20,6,,90,A
367614030,2022-01-03T12:34:09,43.34653,-124.32055,0.1,298.4,511.0,NORTH BEND,,WDH4086,31,0,20,6,,90,A
367614030,2022-01-03T12:24:51,43.34652,-124.32058,0.0,291.2,511.0,NORTH BEND,,WDH4086,31,0,20,6,,90,A
367614030,2022-01-03T12:35:19,43.34651,-124.32054,0.0,303.8,511.0,NORTH BEND,,WDH4086,31,0,20,6,,90,A
367614030,2022-01-03T12:43:29,43.34654,-124.32053,0.0,286.1,511.0,NORTH BEND,,WDH4086,31,0,20,6,,90,A
367614030,2022-01-03T12:40:00,43.34655,-124.32055,0.0,304.4,511.0,NORTH BEND,,WDH4086,31,0,20,6,,90,A
367614030,2022-01-03T12:53:49,43.34656,-124.32053,0.1,308.2,511.0,NORTH BEND,,WDH4086,31,0,20,6,,90,A
367614030,2022-01-03T13:31:50,43.34657,-124.32054,0.1,233.8,511.0,NORTH BEND,,WDH4086,31,0,20,6,,90,A
367614030,2022-01-03T12:45:40,43.34654,-124.32054,0.1,281.6,511.0,NORTH BEND,,WDH4086,31,0,20,6,,90,A
367614030,2022-01-03T12:50:19,43.34656,-124.32053,0.1,306.4,511.0,NORTH BEND,,WDH4086,31,0,20,6,,90,A
367614030,2022-01-03T12:48:01,43.34655,-124.32051,0.0,301.5,511.0,NORTH BEND,,WDH4086,31,0,20,6,,90,A
367614030,2022-01-03T12:41:10,43.34652,-124.32057,0.1,301.9,511.0,NORTH BEND,,WDH4086,31,0,20,6,,90,A
367614030,2022-01-03T12:54:59,43.34657,-124.32053,0.0,301.7,511.0,NORTH BEND,,WDH4086,31,0,20,6,,90,A
367614030,2022-01-03T06:29:30,43.34654,-124.32051,0.2,212.1,511.0,NORTH BEND,,WDH4086,31,0,20,6,,90,A
367614030,2022-01-03T12:58:29,43.34653,-124.32054,0.0,328.1,511.0,NORTH BEND,,WDH4086,31,0,20,6,,90,A
367614030,2022-01-03T13:46:00,43.34656,-124.32052,0.0,233.1,511.0,NORTH BEND,,WDH4086,31,0,20,6,,90,A
367614030,2022-01-03T13:00:00,43.34654,-124.32055,0.0,317.3,511.0,NORTH BEND,,WDH4086,31,0,20,6,,90,A
367614030,2022-01-03T13:12:49,43.34657,-124.32052,0.0,320.7,511.0,NORTH BEND,,WDH4086,31,0,20,6,,90,A
367614030,2022-01-03T12:52:40,43.34656,-124.32052,0.1,304.0,511.0,NORTH BEND,,WDH4086,31,0,20,6,,90,A
367614030,2022-01-03T13:55:11,43.34658,-124.32051,0.0,230.9,511.0,NORTH BEND,,WDH4086,31,0,20,6,,90,A
367614030,2022-01-03T13:03:30,43.34655,-124.32052,0.0,329.7,511.0,NORTH BEND,,WDH4086,31,0,20,6,,90,A
367614030,2022-01-03T13:20:59,43.34652,-124.32053,0.1,317.9,511.0,NORTH BEND,,WDH4086,31,0,20,6,,90,A
367614030,2022-01-03T12:59:30,43.34654,-124.32055,0.1,323.0,511.0,NORTH BEND,,WDH4086,31,0,20,6,,90,A
367614030,2022-01-03T13:01:11,43.34654,-124.32053,0.1,313.6,511.0,NORTH BEND,,WDH4086,31,0,20,6,,90,A
367614030,2022-01-03T13:25:39,43.34654,-124.32054,0.1,264.6,511.0,NORTH BEND,,WDH4086,31,0,20,6,,90,A
367614030,2022-01-03T13:10:29,43.34658,-124.32052,0.0,313.1,511.0,NORTH BEND,,WDH4086,31,0,20,6,,90,A
367614030,2022-01-03T13:16:20,43.34655,-124.32055,0.1,324.7,511.0,NORTH BEND,,WDH4086,31,0,20,6,,90,A
367614030,2022-01-03T13:17:29,43.34656,-124.32057,0.1,323.5,511.0,NORTH BEND,,WDH4086,31,0,20,6,,90,A
367614030,2022-01-03T13:02:19,43.34657,-124.32052,0.1,327.5,511.0,NORTH BEND,,WDH4086,31,0,20,6,,90,A
367614030,2022-01-03T13:07:00,43.34654,-124.32049,0.1,309.6,511.0,NORTH BEND,,WDH4086,31,0,20,6,,90,A
367614030,2022-01-03T14:08:39,43.34655,-124.32054,0.1,317.7,511.0,NORTH BEND,,WDH4086,31,0,20,6,,90,A
367614030,2022-01-03T13:04:40,43.34659,-124.32052,0.1,323.3,511.0,NORTH BEND,,WDH4086,31,0,20,6,,90,A
367614030,2022-01-03T13:22:10,43.34654,-124.32052,0.1,318.2,511.0,NORTH BEND,,WDH4086,31,0,20,6,,90,A
367614030,2022-01-03T13:23:19,43.34654,-124.32050,0.0,321.8,511.0,NORTH BEND,,WDH4086,31,0,20,6,,90,A
367614030,2022-01-03T13:08:11,43.34656,-124.32052,0.1,314.3,511.0,NORTH BEND,,WDH4086,31,0,20,6,,90,A
367614030,2022-01-03T13:09:20,43.34654,-124.32050,0.0,312.4,511.0,NORTH BEND,,WDH4086,31,0,20,6,,90,A
367614030,2022-01-03T14:13:20,43.34658,-124.32053,0.1,306.0,511.0,NORTH BEND,,WDH4086,31,0,20,6,,90,A
367614030,2022-01-03T13:14:01,43.34656,-124.32052,0.1,324.6,511.0,NORTH BEND,,WDH4086,31,0,20,6,,90,A
367614030,2022-01-03T13:37:40,43.34654,-124.32050,0.0,219.0,511.0,NORTH BEND,,WDH4086,31,0,20,6,,90,A
367614030,2022-01-03T13:26:49,43.34656,-124.32054,0.1,255.6,511.0,NORTH BEND,,WDH4086,31,0,20,6,,90,A
367614030,2022-01-03T14:15:39,43.34654,-124.32055,0.0,315.2,511.0,NORTH BEND,,WDH4086,31,0,20,6,,90,A
367614030,2022-01-03T13:28:00,43.34655,-124.32052,0.0,239.1,511.0,NORTH BEND,,WDH4086,31,0,20,6,,90,A
367614030,2022-01-03T14:18:20,43.34658,-124.32054,0.1,311.8,511.0,NORTH BEND,,WDH4086,31,0,20,6,,90,A
367614030,2022-01-03T13:18:40,43.34655,-124.32053,0.1,322.8,511.0,NORTH BEND,,WDH4086,31,0,20,6,,90,A
367614030,2022-01-03T14:21:41,43.34657,-124.32054,0.1,320.5,511.0,NORTH BEND,,WDH4086,31,0,20,6,,90,A
367614030,2022-01-03T13:19:50,43.34656,-124.32054,0.1,320.3,511.0,NORTH BEND,,WDH4086,31,0,20,6,,90,A
367614030,2022-01-03T13:34:10,43.34656,-124.32053,0.1,215.6,511.0,NORTH BEND,,WDH4086,31,0,20,6,,90,A
367614030,2022-01-03T13:38:50,43.34654,-124.32052,0.0,212.0,511.0,NORTH BEND,,WDH4086,31,0,20,6,,90,A
367614030,2022-01-03T13:41:11,43.34658,-124.32049,0.0,207.9,511.0,NORTH BEND,,WDH4086,31,0,20,6,,90,A
367614030,2022-01-03T13:44:50,43.34656,-124.32050,0.1,217.0,511.0,NORTH BEND,,WDH4086,31,0,20,6,,90,A
367614030,2022-01-03T13:32:59,43.34656,-124.32051,0.0,223.3,511.0,NORTH BEND,,WDH4086,31,0,20,6,,90,A
367614030,2022-01-03T13:47:10,43.34656,-124.32053,0.1,225.4,511.0,NORTH BEND,,WDH4086,31,0,20,6,,90,A
367614030,2022-01-03T13:35:20,43.34654,-124.32052,0.0,217.3,511.0,NORTH BEND,,WDH4086,31,0,20,6,,90,A
367614030,2022-01-03T13:36:30,43.34655,-124.32050,0.0,212.1,511.0,NORTH BEND,,WDH4086,31,0,20,6,,90,A
367614030,2022-01-03T06:49:41,43.34654,-124.32049,0.0,176.3,511.0,NORTH BEND,,WDH4086,31,0,20,6,,90,A
367614030,2022-01-03T13:52:50,43.34656,-124.32052,0.1,212.6,511.0,NORTH BEND,,WDH4086,31,0,20,6,,90,A
367614030,2022-01-03T14:41:30,43.34653,-124.32056,0.1,326.8,511.0,NORTH BEND,,WDH4086,31,0,20,6,,90,A
367614030,2022-01-03T13:42:29,43.34654,-124.32050,0.1,224.3,511.0,NORTH BEND,,WDH4086,31,0,20,6,,90,A
367614030,2022-01-03T13:51:40,43.34657,-124.32054,0.0,215.5,511.0,NORTH BEND,,WDH4086,31,0,20,6,,90,A
367614030,2022-01-03T14:50:39,43.34658,-124.32050,0.0,337.5,511.0,NORTH BEND,,WDH4086,31,0,20,6,,90,A
367614030,2022-01-03T14:16:51,43.34660,-124.32054,0.1,299.0,511.0,NORTH BEND,,WDH4086,31,0,20,6,,90,A
367614030,2022-01-03T14:04:39,43.34656,-124.32053,0.0,270.1,511.0,NORTH BEND,,WDH4086,31,0,20,6,,90,A
367614030,2022-01-03T13:48:20,43.34657,-124.32052,0.0,213.7,511.0,NORTH BEND,,WDH4086,31,0,20,6,,90,A
367614030,2022-01-03T13:56:20,43.34657,-124.32051,0.1,236.1,511.0,NORTH BEND,,WDH4086,31,0,20,6,,90,A
367614030,2022-01-03T13:49:30,43.34656,-124.32055,0.0,209.3,511.0,NORTH BEND,,WDH4086,31,0,20,6,,90,A
367614030,2022-01-03T13:50:39,43.34657,-124.32052,0.0,213.1,511.0,NORTH BEND,,WDH4086,31,0,20,6,,90,A
367614030,2022-01-03T13:57:30,43.34658,-124.32052,0.1,246.7,511.0,NORTH BEND,,WDH4086,31,0,20,6,,90,A
367614030,2022-01-03T14:22:50,43.34657,-124.32054,0.0,343.0,511.0,NORTH BEND,,WDH4086,31,0,20,6,,90,A
367614030,2022-01-03T13:59:50,43.34656,-124.32052,0.1,261.3,511.0,NORTH BEND,,WDH4086,31,0,20,6,,90,A
367614030,2022-01-03T14:23:59,43.34658,-124.32053,0.1,324.1,511.0,NORTH BEND,,WDH4086,31,0,20,6,,90,A
367614030,2022-01-03T14:02:19,43.34657,-124.32055,0.0,232.6,511.0,NORTH BEND,,WDH4086,31,0,20,6,,90,A
367614030,2022-01-03T06:55:30,43.34653,-124.32056,0.1,194.0,511.0,NORTH BEND,,WDH4086,31,0,20,6,,90,A
367614030,2022-01-03T13:54:00,43.34658,-124.32051,0.0,216.3,511.0,NORTH BEND,,WDH4086,31,0,20,6,,90,A
367614030,2022-01-03T14:58:51,43.34673,-124.32044,0.0,280.7,511.0,NORTH BEND,,WDH4086,31,0,20,6,,90,A
367614030,2022-01-03T14:05:50,43.34656,-124.32052,0.1,274.2,511.0,NORTH BEND,,WDH4086,31,0,20,6,,90,A
367614030,2022-01-03T14:06:59,43.34657,-124.32054,0.0,307.0,511.0,NORTH BEND,,WDH4086,31,0,20,6,,90,A
367614030,2022-01-03T13:58:39,43.34655,-124.32051,0.1,245.3,511.0,NORTH BEND,,WDH4086,31,0,20,6,,90,A
367614030,2022-01-03T15:03:30,43.34655,-124.32052,0.1,329.6,511.0,NORTH BEND,,WDH4086,31,0,20,6,,90,A
367614030,2022-01-03T14:20:31,43.34657,-124.32055,0.1,340.2,511.0,NORTH BEND,,WDH4086,31,0,20,6,,90,A
367614030,2022-01-03T14:00:10,43.34656,-124.32051,0.0,261.2,511.0,NORTH BEND,,WDH4086,31,0,20,6,,90,A
367614030,2022-01-03T14:01:11,43.34655,-124.32052,0.0,249.6,511.0,NORTH BEND,,WDH4086,31,0,20,6,,90,A
367614030,2022-01-03T14:12:11,43.34659,-124.32053,0.0,324.2,511.0,NORTH BEND,,WDH4086,31,0,20,6,,90,A
367614030,2022-01-03T14:19:30,43.34656,-124.32057,0.1,325.7,511.0,NORTH BEND,,WDH4086,31,0,20,6,,90,A
367614030,2022-01-03T14:39:11,43.34656,-124.32049,0.0,32.2,511.0,NORTH BEND,,WDH4086,31,0,20,6,,90,A
367614030,2022-01-03T14:09:51,43.34657,-124.32054,0.1,323.6,511.0,NORTH BEND,,WDH4086,31,0,20,6,,90,A
367614030,2022-01-03T14:43:51,43.34654,-124.32055,0.1,326.0,511.0,NORTH BEND,,WDH4086,31,0,20,6,,90,A
367614030,2022-01-03T14:11:01,43.34658,-124.32052,0.0,324.4,511.0,NORTH BEND,,WDH4086,31,0,20,6,,90,A
367614030,2022-01-03T14:14:30,43.34654,-124.32057,0.0,318.6,511.0,NORTH BEND,,WDH4086,31,0,20,6,,90,A
367614030,2022-01-03T14:25:10,43.34658,-124.32051,0.0,315.1,511.0,NORTH BEND,,WDH4086,31,0,20,6,,90,A
367614030,2022-01-03T14:33:31,43.34656,-124.32053,0.1,23.6,511.0,NORTH BEND,,WDH4086,31,0,20,6,,90,A
367614030,2022-01-03T14:34:41,43.34657,-124.32052,0.0,20.3,511.0,NORTH BEND,,WDH4086,31,0,20,6,,90,A
367614030,2022-01-03T14:57:40,43.34660,-124.32052,0.1,324.9,511.0,NORTH BEND,,WDH4086,31,0,20,6,,90,A
367614030,2022-01-03T14:40:20,43.34656,-124.32050,0.0,12.3,511.0,NORTH BEND,,WDH4086,31,0,20,6,,90,A
367614030,2022-01-03T14:42:39,43.34656,-124.32052,0.0,298.1,511.0,NORTH BEND,,WDH4086,31,0,20,6,,90,A
367614030,2022-01-03T14:46:10,43.34656,-124.32055,0.0,349.4,511.0,NORTH BEND,,WDH4086,31,0,20,6,,90,A
367614030,2022-01-03T15:07:00,43.34655,-124.32051,0.1,327.4,511.0,NORTH BEND,,WDH4086,31,0,20,6,,90,A
367614030,2022-01-03T14:48:20,43.34658,-124.32053,0.1,338.3,511.0,NORTH BEND,,WDH4086,31,0,20,6,,90,A
367614030,2022-01-03T15:08:11,43.34658,-124.32050,0.0,329.8,511.0,NORTH BEND,,WDH4086,31,0,20,6,,90,A
367614030,2022-01-03T14:35:49,43.34661,-124.32053,0.3,23.0,511.0,NORTH BEND,,WDH4086,31,0,20,6,,90,A
367614030,2022-01-03T14:36:50,43.34658,-124.32052,0.1,44.1,511.0,NORTH BEND,,WDH4086,31,0,20,6,,90,A
367614030,2022-01-03T07:10:11,43.34655,-124.32052,0.0,329.0,511.0,NORTH BEND,,WDH4086,31,0,20,6,,90,A
367614030,2022-01-03T14:37:59,43.34658,-124.32051,0.1,37.0,511.0,NORTH BEND,,WDH4086,31,0,20,6,,90,A
367614030,2022-01-03T14:51:50,43.34657,-124.32051,0.1,335.4,511.0,NORTH BEND,,WDH4086,31,0,20,6,,90,A
367614030,2022-01-03T15:38:01,43.34652,-124.32054,0.0,316.8,511.0,NORTH BEND,,WDH4086,31,0,20,6,,90,A
367614030,2022-01-03T14:47:11,43.34658,-124.32054,0.1,332.8,511.0,NORTH BEND,,WDH4086,31,0,20,6,,90,A
367614030,2022-01-03T14:55:20,43.34658,-124.32052,0.1,348.6,511.0,NORTH BEND,,WDH4086,31,0,20,6,,90,A
367614030,2022-01-03T14:56:31,43.34662,-124.32051,0.0,322.2,511.0,NORTH BEND,,WDH4086,31,0,20,6,,90,A
367614030,2022-01-03T15:17:29,43.34654,-124.32055,0.1,238.3,511.0,NORTH BEND,,WDH4086,31,0,20,6,,90,A
367614030,2022-01-03T14:53:00,43.34657,-124.32050,0.1,322.0,511.0,NORTH BEND,,WDH4086,31,0,20,6,,90,A
367614030,2022-01-03T14:44:59,43.34655,-124.32055,0.1,341.6,511.0,NORTH BEND,,WDH4086,31,0,20,6,,90,A
367614030,2022-01-03T15:22:00,43.34653,-124.32055,0.1,220.1,511.0,NORTH BEND,,WDH4086,31,0,20,6,,90,A
367614030,2022-01-03T15:24:19,43.34654,-124.32053,0.1,221.2,511.0,NORTH BEND,,WDH4086,31,0,20,6,,90,A
367614030,2022-01-03T15:50:31,43.34655,-124.32056,0.0,331.8,511.0,NORTH BEND,,WDH4086,31,0,20,6,,90,A
367614030,2022-01-03T14:49:29,43.34658,-124.32052,0.1,325.4,511.0,NORTH BEND,,WDH4086,31,0,20,6,,90,A
367614030,2022-01-03T15:09:19,43.34654,-124.32052,0.1,312.0,511.0,NORTH BEND,,WDH4086,31,0,20,6,,90,A
367614030,2022-01-03T15:52:51,43.34653,-124.32058,0.0,295.4,511.0,NORTH BEND,,WDH4086,31,0,20,6,,90,A
367614030,2022-01-03T14:54:11,43.34658,-124.32051,0.1,327.1,511.0,NORTH BEND,,WDH4086,31,0,20,6,,90,A
367614030,2022-01-03T15:12:51,43.34656,-124.32053,0.1,264.6,511.0,NORTH BEND,,WDH4086,31,0,20,6,,90,A
367614030,2022-01-03T15:05:50,43.34653,-124.32051,0.1,329.7,511.0,NORTH BEND,,WDH4086,31,0,20,6,,90,A
367614030,2022-01-03T15:14:01,43.34653,-124.32054,0.1,243.8,511.0,NORTH BEND,,WDH4086,31,0,20,6,,90,A
367614030,2022-01-03T15:00:00,43.34657,-124.32054,0.1,266.5,511.0,NORTH BEND,,WDH4086,31,0,20,6,,90,A
367614030,2022-01-03T15:01:10,43.34657,-124.32053,0.0,315.3,511.0,NORTH BEND,,WDH4086,31,0,20,6,,90,A
367614030,2022-01-03T15:10:29,43.34658,-124.32052,0.0,291.0,511.0,NORTH BEND,,WDH4086,31,0,20,6,,90,A
367614030,2022-01-03T15:18:31,43.34653,-124.32057,0.2,228.5,511.0,NORTH BEND,,WDH4086,31,0,20,6,,90,A
367614030,2022-01-03T15:36:50,43.34651,-124.32056,0.1,319.4,511.0,NORTH BEND,,WDH4086,31,0,20,6,,90,A
367614030,2022-01-03T15:20:50,43.34654,-124.32055,0.1,203.9,511.0,NORTH BEND,,WDH4086,31,0,20,6,,90,A
367614030,2022-01-03T15:23:10,43.34653,-124.32054,0.0,221.2,511.0,NORTH BEND,,WDH4086,31,0,20,6,,90,A
367614030,2022-01-03T15:15:11,43.34655,-124.32055,0.1,228.1,511.0,NORTH BEND,,WDH4086,31,0,20,6,,90,A
367614030,2022-01-03T15:40:19,43.34653,-124.32053,0.1,316.5,511.0,NORTH BEND,,WDH4086,31,0,20,6,,90,A
367614030,2022-01-03T15:25:29,43.34655,-124.32053,0.0,241.1,511.0,NORTH BEND,,WDH4086,31,0,20,6,,90,A
367614030,2022-01-03T15:27:40,43.34653,-124.32054,0.1,228.1,511.0,NORTH BEND,,WDH4086,31,0,20,6,,90,A
367614030,2022-01-03T07:18:20,43.34655,-124.32058,0.1,328.6,511.0,NORTH BEND,,WDH4086,31,0,20,6,,90,A
367614030,2022-01-03T15:44:49,43.34653,-124.32054,0.1,325.8,511.0,NORTH BEND,,WDH4086,31,0,20,6,,90,A
367614030,2022-01-03T15:31:09,43.34654,-124.32054,0.1,256.7,511.0,NORTH BEND,,WDH4086,31,0,20,6,,90,A
367614030,2022-01-03T15:32:10,43.34654,-124.32056,0.1,246.9,511.0,NORTH BEND,,WDH4086,31,0,20,6,,90,A
367614030,2022-01-03T15:35:40,43.34652,-124.32054,0.0,310.9,511.0,NORTH BEND,,WDH4086,31,0,20,6,,90,A
367614030,2022-01-03T15:39:10,43.34653,-124.32054,0.1,313.5,511.0,NORTH BEND,,WDH4086,31,0,20,6,,90,A
367614030,2022-01-03T15:16:20,43.34654,-124.32055,0.1,226.0,511.0,NORTH BEND,,WDH4086,31,0,20,6,,90,A
367614030,2022-01-03T15:34:30,43.34654,-124.32053,0.1,298.6,511.0,NORTH BEND,,WDH4086,31,0,20,6,,90,A
367614030,2022-01-03T15:41:20,43.34654,-124.32053,0.1,307.2,511.0,NORTH BEND,,WDH4086,31,0,20,6,,90,A
367614030,2022-01-03T15:19:39,43.34652,-124.32056,0.1,207.6,511.0,NORTH BEND,,WDH4086,31,0,20,6,,90,A
367614030,2022-01-03T16:23:39,43.34659,-124.32054,0.1,168.4,511.0,NORTH BEND,,WDH4086,31,0,20,6,,90,A
367614030,2022-01-03T16:02:20,43.34655,-124.32052,0.1,174.4,511.0,NORTH BEND,,WDH4086,31,0,20,6,,90,A
367614030,2022-01-03T15:42:31,43.34654,-124.32053,0.1,309.8,511.0,NORTH BEND,,WDH4086,31,0,20,6,,90,A
367614030,2022-01-03T15:43:41,43.34656,-124.32053,0.0,320.1,511.0,NORTH BEND,,WDH4086,31,0,20,6,,90,A
367614030,2022-01-03T15:26:39,43.34656,-124.32053,0.0,230.0,511.0,NORTH BEND,,WDH4086,31,0,20,6,,90,A
367614030,2022-01-03T15:28:49,43.34655,-124.32055,0.1,236.4,511.0,NORTH BEND,,WDH4086,31,0,20,6,,90,A
367614030,2022-01-03T15:56:21,43.34655,-124.32055,0.0,246.8,511.0,NORTH BEND,,WDH4086,31,0,20,6,,90,A
367614030,2022-01-03T15:57:29,43.34656,-124.32053,0.1,211.7,511.0,NORTH BEND,,WDH4086,31,0,20,6,,90,A
367614030,2022-01-03T15:49:19,43.34658,-124.32054,0.0,327.6,511.0,NORTH BEND,,WDH4086,31,0,20,6,,90,A
367614030,2022-01-03T15:59:40,43.34656,-124.32053,0.1,180.4,511.0,NORTH BEND,,WDH4086,31,0,20,6,,90,A
367614030,2022-01-03T15:58:30,43.34655,-124.32053,0.1,202.0,511.0,NORTH BEND,,WDH4086,31,0,20,6,,90,A
367614030,2022-01-03T16:13:01,43.34656,-124.32053,0.1,173.2,511.0,NORTH BEND,,WDH4086,31,0,20,6,,90,A
367614030,2022-01-03T16:16:30,43.34656,-124.32054,0.1,173.2,511.0,NORTH BEND,,WDH4086,31,0,20,6,,90,A
367614030,2022-01-03T16:48:51,43.34656,-124.32053,0.0,234.5,511.0,NORTH BEND,,WDH4086,31,0,20,6,,90,A
367614030,2022-01-03T16:05:50,43.34654,-124.32052,0.0,187.2,511.0,NORTH BEND,,WDH4086,31,0,20,6,,90,A
367614030,2022-01-03T16:20:10,43.34658,-124.32051,0.1,179.3,511.0,NORTH BEND,,WDH4086,31,0,20,6,,90,A
367614030,2022-01-03T15:54:00,43.34655,-124.32056,0.0,289.0,511.0,NORTH BEND,,WDH4086,31,0,20,6,,90,A
367614030,2022-01-03T15:55:10,43.34654,-124.32055,0.0,274.5,511.0,NORTH BEND,,WDH4086,31,0,20,6,,90,A
367614030,2022-01-03T16:01:10,43.34656,-124.32052,0.2,169.7,511.0,NORTH BEND,,WDH4086,31,0,20,6,,90,A
367614030,2022-01-03T16:09:20,43.34657,-124.32056,0.0,183.2,511.0,NORTH BEND,,WDH4086,31,0,20,6,,90,A
367614030,2022-01-03T15:47:10,43.34653,-124.32053,0.1,318.5,511.0,NORTH BEND,,WDH4086,31,0,20,6,,90,A
367614030,2022-01-03T16:58:01,43.34656,-124.32055,0.0,297.7,511.0,NORTH BEND,,WDH4086,31,0,20,6,,90,A
367614030,2022-01-03T15:59:59,43.34658,-124.32054,0.0,187.3,511.0,NORTH BEND,,WDH4086,31,0,20,6,,90,A
367614030,2022-01-03T16:08:10,43.34656,-124.32054,0.1,177.0,511.0,NORTH BEND,,WDH4086,31,0,20,6,,90,A
367614030,2022-01-03T16:32:49,43.34656,-124.32054,0.1,158.9,511.0,NORTH BEND,,WDH4086,31,0,20,6,,90,A
367614030,2022-01-03T16:14:10,43.34656,-124.32052,0.1,168.9,511.0,NORTH BEND,,WDH4086,31,0,20,6,,90,A
367614030,2022-01-03T15:51:41,43.34655,-124.32054,0.0,316.3,511.0,NORTH BEND,,WDH4086,31,0,20,6,,90,A
367614030,2022-01-03T16:11:49,43.34656,-124.32054,0.0,177.9,511.0,NORTH BEND,,WDH4086,31,0,20,6,,90,A
367614030,2022-01-03T16:35:01,43.34657,-124.32053,0.1,167.6,511.0,NORTH BEND,,WDH4086,31,0,20,6,,90,A
367614030,2022-01-03T16:41:50,43.34656,-124.32055,0.0,197.0,511.0,NORTH BEND,,WDH4086,31,0,20,6,,90,A
367614030,2022-01-03T16:18:49,43.34660,-124.32053,0.1,195.3,511.0,NORTH BEND,,WDH4086,31,0,20,6,,90,A
367614030,2022-01-03T16:45:19,43.34657,-124.32055,0.0,202.7,511.0,NORTH BEND,,WDH4086,31,0,20,6,,90,A
367614030,2022-01-03T16:28:20,43.34654,-124.32057,0.0,154.7,511.0,NORTH BEND,,WDH4086,31,0,20,6,,90,A
367614030,2022-01-03T16:03:30,43.34657,-124.32052,0.0,164.1,511.0,NORTH BEND,,WDH4086,31,0,20,6,,90,A
367614030,2022-01-03T17:16:19,43.34654,-124.32057,0.1,1.3,511.0,NORTH BEND,,WDH4086,31,0,20,6,,90,A
367614030,2022-01-03T16:15:20,43.34660,-124.32054,0.0,176.6,511.0,NORTH BEND,,WDH4086,31,0,20,6,,90,A
367614030,2022-01-03T16:06:59,43.34657,-124.32055,0.1,175.8,511.0,NORTH BEND,,WDH4086,31,0,20,6,,90,A
367614030,2022-01-03T16:30:31,43.34654,-124.32052,0.1,160.8,511.0,NORTH BEND,,WDH4086,31,0,20,6,,90,A
367614030,2022-01-03T07:42:49,43.34656,-124.32053,0.0,312.0,511.0,NORTH BEND,,WDH4086,31,0,20,6,,90,A
367614030,2022-01-03T16:10:30,43.34654,-124.32054,0.1,189.9,511.0,NORTH BEND,,WDH4086,31,0,20,6,,90,A
367614030,2022-01-03T16:37:20,43.34656,-124.32055,0.1,177.0,511.0,NORTH BEND,,WDH4086,31,0,20,6,,90,A
367614030,2022-01-03T16:39:31,43.34654,-124.32052,0.1,179.2,511.0,NORTH BEND,,WDH4086,31,0,20,6,,90,A
367614030,2022-01-03T16:40:39,43.34656,-124.32055,0.1,199.5,511.0,NORTH BEND,,WDH4086,31,0,20,6,,90,A
367614030,2022-01-03T07:49:40,43.34655,-124.32054,0.1,300.4,511.0,NORTH BEND,,WDH4086,31,0,20,6,,90,A
367614030,2022-01-03T17:28:09,43.34656,-124.32052,0.1,351.9,511.0,NORTH BEND,,WDH4086,31,0,20,6,,90,A
367614030,2022-01-03T17:31:49,43.34656,-124.32054,0.0,355.6,511.0,NORTH BEND,,WDH4086,31,0,20,6,,90,A
367614030,2022-01-03T16:21:20,43.34657,-124.32052,0.1,181.3,511.0,NORTH BEND,,WDH4086,31,0,20,6,,90,A
367614030,2022-01-03T16:47:39,43.34656,-124.32053,0.0,220.2,511.0,NORTH BEND,,WDH4086,31,0,20,6,,90,A
367614030,2022-01-03T16:26:01,43.34658,-124.32057,0.1,166.4,511.0,NORTH BEND,,WDH4086,31,0,20,6,,90,A
367614030,2022-01-03T16:43:01,43.34655,-124.32054,0.1,202.9,511.0,NORTH BEND,,WDH4086,31,0,20,6,,90,A
367614030,2022-01-03T16:49:59,43.34658,-124.32053,0.1,229.8,511.0,NORTH BEND,,WDH4086,31,0,20,6,,90,A
367614030,2022-01-03T16:46:31,43.34658,-124.32053,0.1,210.2,511.0,NORTH BEND,,WDH4086,31,0,20,6,,90,A
367614030,2022-01-03T16:38:30,43.34656,-124.32052,0.0,188.4,511.0,NORTH BEND,,WDH4086,31,0,20,6,,90,A
367614030,2022-01-03T16:55:50,43.34655,-124.32053,0.0,302.9,511.0,NORTH BEND,,WDH4086,31,0,20,6,,90,A
367614030,2022-01-03T17:42:29,43.34659,-124.32052,0.0,319.0,511.0,NORTH BEND,,WDH4086,31,0,20,6,,90,A
367614030,2022-01-03T16:34:00,43.34656,-124.32051,0.0,156.2,511.0,NORTH BEND,,WDH4086,31,0,20,6,,90,A
367614030,2022-01-03T16:36:09,43.34655,-124.32054,0.2,163.0,511.0,NORTH BEND,,WDH4086,31,0,20,6,,90,A
367614030,2022-01-03T17:00:00,43.34652,-124.32057,0.1,310.8,511.0,NORTH BEND,,WDH4086,31,0,20,6,,90,A
367614030,2022-01-03T17:02:20,43.34652,-124.32057,0.0,304.4,511.0,NORTH BEND,,WDH4086,31,0,20,6,,90,A
367614030,2022-01-03T17:51:49,43.34654,-124.32054,0.1,336.5,511.0,NORTH BEND,,WDH4086,31,0,20,6,,90,A
367614030,2022-01-03T17:52:59,43.34656,-124.32054,0.1,349.6,511.0,NORTH BEND,,WDH4086,31,0,20,6,,90,A
367614030,2022-01-03T17:19:50,43.34654,-124.32052,0.0,351.4,511.0,NORTH BEND,,WDH4086,31,0,20,6,,90,A
367614030,2022-01-03T08:02:19,43.34655,-124.32054,0.1,346.1,511.0,NORTH BEND,,WDH4086,31,0,20,6,,90,A
367614030,2022-01-03T17:09:20,43.34656,-124.32053,0.1,320.6,511.0,NORTH BEND,,WDH4086,31,0,20,6,,90,A
367614030,2022-01-03T16:51:10,43.34656,-124.32054,0.0,252.9,511.0,NORTH BEND,,WDH4086,31,0,20,6,,90,A
367614030,2022-01-03T16:53:29,43.34656,-124.32053,0.1,283.0,511.0,NORTH BEND,,WDH4086,31,0,20,6,,90,A
367614030,2022-01-03T17:15:10,43.34654,-124.32057,0.0,349.9,511.0,NORTH BEND,,WDH4086,31,0,20,6,,90,A
367614030,2022-01-03T17:06:59,43.34656,-124.32053,0.1,332.7,511.0,NORTH BEND,,WDH4086,31,0,20,6,,90,A
367614030,2022-01-03T17:11:39,43.34656,-124.32058,0.1,356.4,511.0,NORTH BEND,,WDH4086,31,0,20,6,,90,A
367614030,2022-01-03T16:52:20,43.34656,-124.32052,0.0,277.3,511.0,NORTH BEND,,WDH4086,31,0,20,6,,90,A
367614030,2022-01-03T16:54:39,43.34658,-124.32053,0.1,299.0,511.0,NORTH BEND,,WDH4086,31,0,20,6,,90,A
367614030,2022-01-03T16:59:10,43.34649,-124.32057,0.0,297.7,511.0,NORTH BEND,,WDH4086,31,0,20,6,,90,A
367614030,2022-01-03T17:34:11,43.34656,-124.32053,0.0,348.3,511.0,NORTH BEND,,WDH4086,31,0,20,6,,90,A
367614030,2022-01-03T16:57:00,43.34656,-124.32055,0.1,311.0,511.0,NORTH BEND,,WDH4086,31,0,20,6,,90,A
367614030,2022-01-03T17:03:31,43.34654,-124.32053,0.1,317.1,511.0,NORTH BEND,,WDH4086,31,0,20,6,,90,A
367614030,2022-01-03T17:26:59,43.34656,-124.32053,0.0,344.3,511.0,NORTH BEND,,WDH4086,31,0,20,6,,90,A
367614030,2022-01-03T17:04:41,43.34656,-124.32054,0.0,311.3,511.0,NORTH BEND,,WDH4086,31,0,20,6,,90,A
367614030,2022-01-03T17:37:40,43.34656,-124.32056,0.0,345.5,511.0,NORTH BEND,,WDH4086,31,0,20,6,,90,A
367614030,2022-01-03T17:01:10,43.34654,-124.32055,0.1,315.7,511.0,NORTH BEND,,WDH4086,31,0,20,6,,90,A
367614030,2022-01-03T17:08:11,43.34657,-124.32053,0.1,323.0,511.0,NORTH BEND,,WDH4086,31,0,20,6,,90,A
367614030,2022-01-03T17:21:00,43.34654,-124.32052,0.1,350.9,511.0,NORTH BEND,,WDH4086,31,0,20,6,,90,A
367614030,2022-01-03T17:43:40,43.34657,-124.32052,0.0,331.5,511.0,NORTH BEND,,WDH4086,31,0,20,6,,90,A
367614030,2022-01-03T08:09:19,43.34657,-124.32053,0.1,356.1,511.0,NORTH BEND,,WDH4086,31,0,20,6,,90,A
367614030,2022-01-03T17:05:50,43.34656,-124.32053,0.0,328.4,511.0,NORTH BEND,,WDH4086,31,0,20,6,,90,A
367614030,2022-01-03T17:12:51,43.34654,-124.32057,0.0,0.9,511.0,NORTH BEND,,WDH4086,31,0,20,6,,90,A
367614030,2022-01-03T17:23:31,43.34655,-124.32054,0.1,355.9,511.0,NORTH BEND,,WDH4086,31,0,20,6,,90,A
367614030,2022-01-03T17:47:10,43.34652,-124.32054,0.1,335.4,511.0,NORTH BEND,,WDH4086,31,0,20,6,,90,A
367614030,2022-01-03T17:36:30,43.34656,-124.32052,0.0,1.9,511.0,NORTH BEND,,WDH4086,31,0,20,6,,90,A
367614030,2022-01-03T17:24:41,43.34655,-124.32053,0.1,351.5,511.0,NORTH BEND,,WDH4086,31,0,20,6,,90,A
367614030,2022-01-03T17:10:31,43.34656,-124.32053,0.1,339.0,511.0,NORTH BEND,,WDH4086,31,0,20,6,,90,A
367614030,2022-01-03T17:17:29,43.34655,-124.32053,0.0,347.1,511.0,NORTH BEND,,WDH4086,31,0,20,6,,90,A
367614030,2022-01-03T17:38:50,43.34655,-124.32050,0.2,351.3,511.0,NORTH BEND,,WDH4086,31,0,20,6,,90,A
367614030,2022-01-03T17:22:11,43.34655,-124.32052,0.0,1.2,511.0,NORTH BEND,,WDH4086,31,0,20,6,,90,A
367614030,2022-01-03T17:40:09,43.34659,-124.32051,0.1,345.5,511.0,NORTH BEND,,WDH4086,31,0,20,6,,90,A
367614030,2022-01-03T17:33:00,43.34656,-124.32054,0.0,351.6,511.0,NORTH BEND,,WDH4086,31,0,20,6,,90,A
367614030,2022-01-03T17:25:49,43.34656,-124.32052,0.1,355.0,511.0,NORTH BEND,,WDH4086,31,0,20,6,,90,A
367614030,2022-01-03T17:44:51,43.34656,-124.32051,0.1,327.8,511.0,NORTH BEND,,WDH4086,31,0,20,6,,90,A
367614030,2022-01-03T18:36:30,43.34657,-124.32056,0.1,246.4,511.0,NORTH BEND,,WDH4086,31,0,20,6,,90,A
367614030,2022-01-03T18:41:10,43.34658,-124.32052,0.1,254.6,511.0,NORTH BEND,,WDH4086,31,0,20,6,,90,A
367614030,2022-01-03T17:54:09,43.34657,-124.32054,0.1,349.2,511.0,NORTH BEND,,WDH4086,31,0,20,6,,90,A
367614030,2022-01-03T17:50:39,43.34654,-124.32053,0.1,341.3,511.0,NORTH BEND,,WDH4086,31,0,20,6,,90,A
367614030,2022-01-03T18:44:40,43.34655,-124.32051,0.1,239.8,511.0,NORTH BEND,,WDH4086,31,0,20,6,,90,A
367614030,2022-01-03T17:56:29,43.34656,-124.32054,0.1,358.0,511.0,NORTH BEND,,WDH4086,31,0,20,6,,90,A
367614030,2022-01-03T17:58:40,43.34655,-124.32055,0.1,0.9,511.0,NORTH BEND,,WDH4086,31,0,20,6,,90,A
367614030,2022-01-03T17:57:30,43.34654,-124.32053,0.1,354.4,511.0,NORTH BEND,,WDH4086,31,0,20,6,,90,A
367614030,2022-01-03T18:49:20,43.34656,-124.32052,0.1,291.1,511.0,NORTH BEND,,WDH4086,31,0,20,6,,90,A
367614030,2022-01-03T18:08:21,43.34658,-124.32051,0.0,324.1,511.0,NORTH BEND,,WDH4086,31,0,20,6,,90,A
367614030,2022-01-03T18:50:30,43.34655,-124.32051,0.1,306.7,511.0,NORTH BEND,,WDH4086,31,0,20,6,,90,A
367614030,2022-01-03T18:10:39,43.34656,-124.32052,0.1,325.8,511.0,NORTH BEND,,WDH4086,31,0,20,6,,90,A
367614030,2022-01-03T17:35:20,43.34657,-124.32055,0.0,346.7,511.0,NORTH BEND,,WDH4086,31,0,20,6,,90,A
367614030,2022-01-03T18:54:00,43.34654,-124.32055,0.1,324.1,511.0,NORTH BEND,,WDH4086,31,0,20,6,,90,A
367614030,2022-01-03T18:02:19,43.34657,-124.32051,0.1,325.9,511.0,NORTH BEND,,WDH4086,31,0,20,6,,90,A
367614030,2022-01-03T18:14:10,43.34653,-124.32055,0.0,335.5,511.0,NORTH BEND,,WDH4086,31,0,20,6,,90,A
367614030,2022-01-03T18:03:31,43.34660,-124.32051,0.1,327.3,511.0,NORTH BEND,,WDH4086,31,0,20,6,,90,A
367614030,2022-01-03T17:46:00,43.34651,-124.32057,0.1,328.8,511.0,NORTH BEND,,WDH4086,31,0,20,6,,90,A
367614030,2022-01-03T18:56:40,43.34655,-124.32053,0.1,324.4,511.0,NORTH BEND,,WDH4086,31,0,20,6,,90,A
367614030,2022-01-03T18:07:10,43.34663,-124.32046,0.1,331.0,511.0,NORTH BEND,,WDH4086,31,0,20,6,,90,A
367614030,2022-01-03T17:59:50,43.34655,-124.32054,0.1,348.2,511.0,NORTH BEND,,WDH4086,31,0,20,6,,90,A
367614030,2022-01-03T18:11:50,43.34658,-124.32053,0.1,323.4,511.0,NORTH BEND,,WDH4086,31,0,20,6,,90,A
367614030,2022-01-03T17:48:19,43.34650,-124.32057,0.1,347.2,511.0,NORTH BEND,,WDH4086,31,0,20,6,,90,A
367614030,2022-01-03T18:04:50,43.34664,-124.32045,0.0,307.6,511.0,NORTH BEND,,WDH4086,31,0,20,6,,90,A
367614030,2022-01-03T17:49:31,43.34651,-124.32053,0.1,350.3,511.0,NORTH BEND,,WDH4086,31,0,20,6,,90,A
367614030,2022-01-03T18:17:40,43.34654,-124.32054,0.1,314.3,511.0,NORTH BEND,,WDH4086,31,0,20,6,,90,A
367614030,2022-01-03T18:06:00,43.34667,-124.32045,0.1,312.2,511.0,NORTH BEND,,WDH4086,31,0,20,6,,90,A
367614030,2022-01-03T18:16:30,43.34656,-124.32053,0.0,328.5,511.0,NORTH BEND,,WDH4086,31,0,20,6,,90,A
367614030,2022-01-03T18:01:10,43.34653,-124.32057,0.0,317.4,511.0,NORTH BEND,,WDH4086,31,0,20,6,,90,A
367614030,2022-01-03T18:29:20,43.34655,-124.32054,0.1,242.5,511.0,NORTH BEND,,WDH4086,31,0,20,6,,90,A
367614030,2022-01-03T17:55:20,43.34656,-124.32054,0.2,332.5,511.0,NORTH BEND,,WDH4086,31,0,20,6,,90,A
367614030,2022-01-03T18:22:20,43.34658,-124.32054,0.1,294.9,511.0,NORTH BEND,,WDH4086,31,0,20,6,,90,A
367614030,2022-01-03T18:00:00,43.34656,-124.32053,0.0,336.8,511.0,NORTH BEND,,WDH4086,31,0,20,6,,90,A
367614030,2022-01-03T18:13:00,43.34657,-124.32053,0.3,303.8,511.0,NORTH BEND,,WDH4086,31,0,20,6,,90,A
367614030,2022-01-03T18:28:09,43.34656,-124.32055,0.1,248.8,511.0,NORTH BEND,,WDH4086,31,0,20,6,,90,A
367614030,2022-01-03T18:37:40,43.34657,-124.32054,0.1,243.7,511.0,NORTH BEND,,WDH4086,31,0,20,6,,90,A
367614030,2022-01-03T18:27:00,43.34656,-124.32055,0.0,245.0,511.0,NORTH BEND,,WDH4086,31,0,20,6,,90,A
367614030,2022-01-03T19:20:41,43.34656,-124.32053,0.2,314.4,511.0,NORTH BEND,,WDH4086,31,0,20,6,,90,A
367614030,2022-01-03T18:18:50,43.34657,-124.32054,0.2,309.9,511.0,NORTH BEND,,WDH4086,31,0,20,6,,90,A
367614030,2022-01-03T18:09:30,43.34658,-124.32053,0.0,317.5,511.0,NORTH BEND,,WDH4086,31,0,20,6,,90,A
367614030,2022-01-03T19:28:50,43.34651,-124.32054,0.1,313.0,511.0,NORTH BEND,,WDH4086,31,0,20,6,,90,A
367614030,2022-01-03T18:46:59,43.34655,-124.32054,0.1,259.2,511.0,NORTH BEND,,WDH4086,31,0,20,6,,90,A
367614030,2022-01-03T18:40:01,43.34660,-124.32053,0.1,258.7,511.0,NORTH BEND,,WDH4086,31,0,20,6,,90,A
367614030,2022-01-03T19:34:20,43.34654,-124.32052,0.0,278.3,511.0,NORTH BEND,,WDH4086,31,0,20,6,,90,A
367614030,2022-01-03T18:23:30,43.34656,-124.32054,0.0,269.5,511.0,NORTH BEND,,WDH4086,31,0,20,6,,90,A
367614030,2022-01-03T18:15:21,43.34654,-124.32054,0.1,324.7,511.0,NORTH BEND,,WDH4086,31,0,20,6,,90,A
367614030,2022-01-03T18:24:40,43.34656,-124.32055,0.1,260.4,511.0,NORTH BEND,,WDH4086,31,0,20,6,,90,A
367614030,2022-01-03T18:42:21,43.34656,-124.32055,0.2,247.0,511.0,NORTH BEND,,WDH4086,31,0,20,6,,90,A
367614030,2022-01-03T18:21:10,43.34658,-124.32054,0.1,295.2,511.0,NORTH BEND,,WDH4086,31,0,20,6,,90,A
367614030,2022-01-03T18:34:11,43.34656,-124.32056,0.0,235.7,511.0,NORTH BEND,,WDH4086,31,0,20,6,,90,A
367614030,2022-01-03T18:48:10,43.34656,-124.32053,0.1,283.5,511.0,NORTH BEND,,WDH4086,31,0,20,6,,90,A
367614030,2022-01-03T18:35:21,43.34656,-124.32054,0.1,234.0,511.0,NORTH BEND,,WDH4086,31,0,20,6,,90,A
367614030,2022-01-03T18:51:40,43.34655,-124.32053,0.2,307.5,511.0,NORTH BEND,,WDH4086,31,0,20,6,,90,A
367614030,2022-01-03T18:25:51,43.34656,-124.32054,0.0,249.9,511.0,NORTH BEND,,WDH4086,31,0,20,6,,90,A
367614030,2022-01-03T18:38:51,43.34659,-124.32054,0.1,248.8,511.0,NORTH BEND,,WDH4086,31,0,20,6,,90,A
367614030,2022-01-03T19:50:49,43.34657,-124.32055,0.0,340.6,511.0,NORTH BEND,,WDH4086,31,0,20,6,,90,A
367614030,2022-01-03T18:31:50,43.34654,-124.32054,0.0,228.2,511.0,NORTH BEND,,WDH4086,31,0,20,6,,90,A
367614030,2022-01-03T18:59:00,43.34655,-124.32052,0.1,307.0,511.0,NORTH BEND,,WDH4086,31,0,20,6,,90,A
367614030,2022-01-03T19:53:11,43.34657,-124.32053,0.2,314.0,511.0,NORTH BEND,,WDH4086,31,0,20,6,,90,A
367614030,2022-01-03T19:00:00,43.34655,-124.32052,0.1,306.1,511.0,NORTH BEND,,WDH4086,31,0,20,6,,90,A
367614030,2022-01-03T19:54:19,43.34658,-124.32055,0.1,325.2,511.0,NORTH BEND,,WDH4086,31,0,20,6,,90,A
367614030,2022-01-03T19:01:10,43.34653,-124.32052,0.1,299.7,511.0,NORTH BEND,,WDH4086,31,0,20,6,,90,A
367614030,2022-01-03T18:45:50,43.34656,-124.32051,0.0,235.6,511.0,NORTH BEND,,WDH4086,31,0,20,6,,90,A
367614030,2022-01-03T08:39:11,43.34656,-124.32053,0.0,277.2,511.0,NORTH BEND,,WDH4086,31,0,20,6,,90,A
367614030,2022-01-03T19:59:19,43.34653,-124.32052,0.1,318.0,511.0,NORTH BEND,,WDH4086,31,0,20,6,,90,A
367614030,2022-01-03T20:00:00,43.34654,-124.32051,0.1,326.4,511.0,NORTH BEND,,WDH4086,31,0,20,6,,90,A
367614030,2022-01-03T08:40:19,43.34655,-124.32054,0.1,277.5,511.0,NORTH BEND,,WDH4086,31,0,20,6,,90,A
367614030,2022-01-03T20:01:11,43.34654,-124.32050,0.1,327.8,511.0,NORTH BEND,,WDH4086,31,0,20,6,,90,A
367614030,2022-01-03T19:13:49,43.34654,-124.32059,0.0,347.4,511.0,NORTH BEND,,WDH4086,31,0,20,6,,90,A
367614030,2022-01-03T19:03:31,43.34654,-124.32051,0.0,337.2,511.0,NORTH BEND,,WDH4086,31,0,20,6,,90,A
367614030,2022-01-03T18:43:30,43.34656,-124.32054,0.1,237.8,511.0,NORTH BEND,,WDH4086,31,0,20,6,,90,A
367614030,2022-01-03T18:52:51,43.34654,-124.32055,0.1,310.2,511.0,NORTH BEND,,WDH4086,31,0,20,6,,90,A
367614030,2022-01-03T19:08:00,43.34656,-124.32053,0.1,332.2,511.0,NORTH BEND,,WDH4086,31,0,20,6,,90,A
367614030,2022-01-03T20:09:20,43.34658,-124.32055,0.1,302.9,511.0,NORTH BEND,,WDH4086,31,0,20,6,,90,A
367614030,2022-01-03T19:11:31,43.34655,-124.32056,0.0,317.0,511.0,NORTH BEND,,WDH4086,31,0,20,6,,90,A
367614030,2022-01-03T19:14:50,43.34657,-124.32058,0.1,340.1,511.0,NORTH BEND,,WDH4086,31,0,20,6,,90,A
367614030,2022-01-03T18:57:50,43.34654,-124.32051,0.1,320.8,511.0,NORTH BEND,,WDH4086,31,0,20,6,,90,A
367614030,2022-01-03T08:47:19,43.34656,-124.32053,0.1,276.7,511.0,NORTH BEND,,WDH4086,31,0,20,6,,90,A
367614030,2022-01-03T19:17:10,43.34654,-124.32057,0.1,342.8,511.0,NORTH BEND,,WDH4086,31,0,20,6,,90,A
367614030,2022-01-03T19:30:00,43.34651,-124.32056,0.2,316.7,511.0,NORTH BEND,,WDH4086,31,0,20,6,,90,A
367614030,2022-01-03T19:02:20,43.34654,-124.32051,0.1,303.6,511.0,NORTH BEND,,WDH4086,31,0,20,6,,90,A
367614030,2022-01-03T19:04:39,43.34655,-124.32051,0.0,333.0,511.0,NORTH BEND,,WDH4086,31,0,20,6,,90,A
367614030,2022-01-03T19:06:50,43.34656,-124.32051,0.1,332.9,511.0,NORTH BEND,,WDH4086,31,0,20,6,,90,A
367614030,2022-01-03T19:23:00,43.34656,-124.32051,0.1,343.2,511.0,NORTH BEND,,WDH4086,31,0,20,6,,90,A
367614030,2022-01-03T19:10:20,43.34655,-124.32053,0.1,313.6,511.0,NORTH BEND,,WDH4086,31,0,20,6,,90,A
367614030,2022-01-03T19:05:40,43.34655,-124.32051,0.0,326.4,511.0,NORTH BEND,,WDH4086,31,0,20,6,,90,A
367614030,2022-01-03T19:12:41,43.34655,-124.32059,0.0,340.7,511.0,NORTH BEND,,WDH4086,31,0,20,6,,90,A
367614030,2022-01-03T19:26:31,43.34651,-124.32054,0.1,316.9,511.0,NORTH BEND,,WDH4086,31,0,20,6,,90,A
367614030,2022-01-03T19:40:29,43.34654,-124.32053,0.1,292.0,511.0,NORTH BEND,,WDH4086,31,0,20,6,,90,A
367614030,2022-01-03T08:56:49,43.34656,-124.32055,0.1,284.5,511.0,NORTH BEND,,WDH4086,31,0,20,6,,90,A
367614030,2022-01-03T19:19:31,43.34656,-124.32052,0.1,331.0,511.0,NORTH BEND,,WDH4086,31,0,20,6,,90,A
367614030,2022-01-03T19:16:00,43.34656,-124.32056,0.1,328.8,511.0,NORTH BEND,,WDH4086,31,0,20,6,,90,A
367614030,2022-01-03T19:39:20,43.34654,-124.32053,0.1,285.2,511.0,NORTH BEND,,WDH4086,31,0,20,6,,90,A
367614030,2022-01-03T19:18:20,43.34656,-124.32056,0.1,328.4,511.0,NORTH BEND,,WDH4086,31,0,20,6,,90,A
367614030,2022-01-03T19:25:19,43.34654,-124.32053,0.2,304.7,511.0,NORTH BEND,,WDH4086,31,0,20,6,,90,A
367614030,2022-01-03T19:24:10,43.34655,-124.32051,0.2,330.4,511.0,NORTH BEND,,WDH4086,31,0,20,6,,90,A
367614030,2022-01-03T19:21:50,43.34655,-124.32052,0.1,338.2,511.0,NORTH BEND,,WDH4086,31,0,20,6,,90,A
367614030,2022-01-03T19:45:09,43.34654,-124.32053,0.1,345.1,511.0,NORTH BEND,,WDH4086,31,0,20,6,,90,A
367614030,2022-01-03T19:46:11,43.34654,-124.32053,0.1,341.9,511.0,NORTH BEND,,WDH4086,31,0,20,6,,90,A
367614030,2022-01-03T19:47:20,43.34654,-124.32053,0.0,0.6,511.0,NORTH BEND,,WDH4086,31,0,20,6,,90,A
367614030,2022-01-03T09:02:19,43.34656,-124.32054,0.1,318.7,511.0,NORTH BEND,,WDH4086,31,0,20,6,,90,A
367614030,2022-01-03T19:58:11,43.34656,-124.32053,0.2,311.3,511.0,NORTH BEND,,WDH4086,31,0,20,6,,90,A
367614030,2022-01-03T19:49:41,43.34654,-124.32053,0.0,351.8,511.0,NORTH BEND,,WDH4086,31,0,20,6,,90,A
367614030,2022-01-03T20:45:50,43.34656,-124.32052,0.1,332.0,511.0,NORTH BEND,,WDH4086,31,0,20,6,,90,A
367614030,2022-01-03T19:38:09,43.34655,-124.32053,0.1,263.2,511.0,NORTH BEND,,WDH4086,31,0,20,6,,90,A
367614030,2022-01-03T19:55:51,43.34658,-124.32052,0.1,303.2,511.0,NORTH BEND,,WDH4086,31,0,20,6,,90,A
367614030,2022-01-03T20:50:30,43.34656,-124.32053,0.1,268.2,511.0,NORTH BEND,,WDH4086,31,0,20,6,,90,A
367614030,2022-01-03T19:57:01,43.34654,-124.32051,0.1,310.2,511.0,NORTH BEND,,WDH4086,31,0,20,6,,90,A
367614030,2022-01-03T20:54:09,43.34656,-124.32053,0.1,246.9,511.0,NORTH BEND,,WDH4086,31,0,20,6,,90,A
367614030,2022-01-03T20:02:20,43.34654,-124.32052,0.1,336.8,511.0,NORTH BEND,,WDH4086,31,0,20,6,,90,A
367614030,2022-01-03T19:48:31,43.34656,-124.32056,0.1,3.5,511.0,NORTH BEND,,WDH4086,31,0,20,6,,90,A
367614030,2022-01-03T19:42:50,43.34656,-124.32052,0.1,343.0,511.0,NORTH BEND,,WDH4086,31,0,20,6,,90,A
367614030,2022-01-03T19:41:39,43.34656,-124.32055,0.1,321.8,511.0,NORTH BEND,,WDH4086,31,0,20,6,,90,A
367614030,2022-01-03T20:19:50,43.34654,-124.32052,0.1,9.4,511.0,NORTH BEND,,WDH4086,31,0,20,6,,90,A
367614030,2022-01-03T19:44:00,43.34656,-124.32053,0.0,336.2,511.0,NORTH BEND,,WDH4086,31,0,20,6,,90,A
367614030,2022-01-03T20:20:59,43.34657,-124.32053,0.0,12.5,511.0,NORTH BEND,,WDH4086,31,0,20,6,,90,A
367614030,2022-01-03T09:13:10,43.34657,-124.32055,0.1,342.9,511.0,NORTH BEND,,WDH4086,31,0,20,6,,90,A
367614030,2022-01-03T21:06:50,43.34656,-124.32053,0.2,226.4,511.0,NORTH BEND,,WDH4086,31,0,20,6,,90,A
367614030,2022-01-03T20:12:51,43.34653,-124.32054,0.1,279.6,511.0,NORTH BEND,,WDH4086,31,0,20,6,,90,A
367614030,2022-01-03T19:52:01,43.34655,-124.32054,0.0,337.1,511.0,NORTH BEND,,WDH4086,31,0,20,6,,90,A
367614030,2022-01-03T20:18:41,43.34654,-124.32054,0.1,353.8,511.0,NORTH BEND,,WDH4086,31,0,20,6,,90,A
367614030,2022-01-03T09:19:00,43.34657,-124.32052,0.1,341.5,511.0,NORTH BEND,,WDH4086,31,0,20,6,,90,A
367614030,2022-01-03T20:05:50,43.34657,-124.32055,0.2,334.3,511.0,NORTH BEND,,WDH4086,31,0,20,6,,90,A
367614030,2022-01-03T21:18:00,43.34656,-124.32054,0.1,226.1,511.0,NORTH BEND,,WDH4086,31,0,20,6,,90,A
367614030,2022-01-03T20:37:39,43.34662,-124.32051,0.0,207.2,511.0,NORTH BEND,,WDH4086,31,0,20,6,,90,A
367614030,2022-01-03T20:10:30,43.34656,-124.32054,0.1,300.8,511.0,NORTH BEND,,WDH4086,31,0,20,6,,90,A
367614030,2022-01-03T21:20:21,43.34655,-124.32054,0.2,242.6,511.0,NORTH BEND,,WDH4086,31,0,20,6,,90,A
367614030,2022-01-03T20:26:50,43.34656,-124.32050,0.1,354.9,511.0,NORTH BEND,,WDH4086,31,0,20,6,,90,A
367614030,2022-01-03T09:23:40,43.34652,-124.32054,0.1,338.9,511.0,NORTH BEND,,WDH4086,31,0,20,6,,90,A
367614030,2022-01-03T20:24:29,43.34657,-124.32052,0.1,12.4,511.0,NORTH BEND,,WDH4086,31,0,20,6,,90,A
367614030,2022-01-03T20:28:00,43.34659,-124.32052,0.1,8.2,511.0,NORTH BEND,,WDH4086,31,0,20,6,,90,A
367614030,2022-01-03T20:14:00,43.34653,-124.32053,0.0,281.7,511.0,NORTH BEND,,WDH4086,31,0,20,6,,90,A
367614030,2022-01-03T21:26:11,43.34654,-124.32053,0.1,248.7,511.0,NORTH BEND,,WDH4086,31,0,20,6,,90,A
367614030,2022-01-03T09:27:10,43.34657,-124.32052,0.2,6.9,511.0,NORTH BEND,,WDH4086,31,0,20,6,,90,A
367614030,2022-01-03T20:31:00,43.34654,-124.32053,0.2,119.0,511.0,NORTH BEND,,WDH4086,31,0,20,6,,90,A
367614030,2022-01-03T21:27:19,43.34656,-124.32052,0.1,257.9,511.0,NORTH BEND,,WDH4086,31,0,20,6,,90,A
367614030,2022-01-03T20:32:01,43.34655,-124.32053,0.1,142.7,511.0,NORTH BEND,,WDH4086,31,0,20,6,,90,A
367614030,2022-01-03T20:17:30,43.34656,-124.32053,0.1,339.9,511.0,NORTH BEND,,WDH4086,31,0,20,6,,90,A
367614030,2022-01-03T20:33:10,43.34656,-124.32055,0.2,168.5,511.0,NORTH BEND,,WDH4086,31,0,20,6,,90,A
367614030,2022-01-03T20:49:20,43.34657,-124.32052,0.2,310.9,511.0,NORTH BEND,,WDH4086,31,0,20,6,,90,A
367614030,2022-01-03T20:36:29,43.34658,-124.32052,0.1,203.8,511.0,NORTH BEND,,WDH4086,31,0,20,6,,90,A
367614030,2022-01-03T20:15:11,43.34656,-124.32051,0.1,297.8,511.0,NORTH BEND,,WDH4086,31,0,20,6,,90,A
367614030,2022-01-03T20:23:21,43.34658,-124.32053,0.2,16.0,511.0,NORTH BEND,,WDH4086,31,0,20,6,,90,A
367614030,2022-01-03T20:16:20,43.34656,-124.32051,0.2,323.2,511.0,NORTH BEND,,WDH4086,31,0,20,6,,90,A
367614030,2022-01-03T21:01:09,43.34653,-124.32054,0.1,249.9,511.0,NORTH BEND,,WDH4086,31,0,20,6,,90,A
367614030,2022-01-03T21:42:40,43.34651,-124.32052,0.0,262.4,511.0,NORTH BEND,,WDH4086,31,0,20,6,,90,A
367614030,2022-01-03T20:34:20,43.34656,-124.32055,0.1,199.2,511.0,NORTH BEND,,WDH4086,31,0,20,6,,90,A
367614030,2022-01-03T21:03:20,43.34656,-124.32053,0.1,244.3,511.0,NORTH BEND,,WDH4086,31,0,20,6,,90,A
367614030,2022-01-03T21:44:59,43.34654,-124.32053,0.1,221.2,511.0,NORTH BEND,,WDH4086,31,0,20,6,,90,A
367614030,2022-01-03T21:47:20,43.34655,-124.32053,0.2,249.6,511.0,NORTH BEND,,WDH4086,31,0,20,6,,90,A
367614030,2022-01-03T20:40:00,43.34660,-124.32052,0.1,233.6,511.0,NORTH BEND,,WDH4086,31,0,20,6,,90,A
367614030,2022-01-03T20:43:30,43.34658,-124.32051,0.1,270.4,511.0,NORTH BEND,,WDH4086,31,0,20,6,,90,A
367614030,2022-01-03T20:56:30,43.34654,-124.32054,0.1,252.8,511.0,NORTH BEND,,WDH4086,31,0,20,6,,90,A
367614030,2022-01-03T20:42:20,43.34659,-124.32052,0.1,250.0,511.0,NORTH BEND,,WDH4086,31,0,20,6,,90,A
367614030,2022-01-03T21:13:30,43.34651,-124.32057,0.2,248.9,511.0,NORTH BEND,,WDH4086,31,0,20,6,,90,A
367614030,2022-01-03T20:58:50,43.34653,-124.32054,0.1,242.7,511.0,NORTH BEND,,WDH4086,31,0,20,6,,90,A
367614030,2022-01-03T20:35:21,43.34660,-124.32054,0.2,200.4,511.0,NORTH BEND,,WDH4086,31,0,20,6,,90,A
367614030,2022-01-03T20:48:11,43.34658,-124.32053,0.1,311.4,511.0,NORTH BEND,,WDH4086,31,0,20,6,,90,A
367614030,2022-01-03T21:59:10,43.34654,-124.32052,0.0,12.9,511.0,NORTH BEND,,WDH4086,31,0,20,6,,90,A
367614030,2022-01-03T21:21:29,43.34654,-124.32054,0.1,251.8,511.0,NORTH BEND,,WDH4086,31,0,20,6,,90,A
367614030,2022-01-03T20:53:00,43.34656,-124.32052,0.0,234.8,511.0,NORTH BEND,,WDH4086,31,0,20,6,,90,A
367614030,2022-01-03T21:04:31,43.34658,-124.32054,0.2,260.0,511.0,NORTH BEND,,WDH4086,31,0,20,6,,90,A
367614030,2022-01-03T20:41:11,43.34662,-124.32051,0.1,241.2,511.0,NORTH BEND,,WDH4086,31,0,20,6,,90,A
367614030,2022-01-03T21:23:50,43.34654,-124.32054,0.0,258.9,511.0,NORTH BEND,,WDH4086,31,0,20,6,,90,A
367614030,2022-01-03T20:44:39,43.34657,-124.32051,0.1,328.4,511.0,NORTH BEND,,WDH4086,31,0,20,6,,90,A
367614030,2022-01-03T20:46:59,43.34656,-124.32052,0.3,306.3,511.0,NORTH BEND,,WDH4086,31,0,20,6,,90,A
367614030,2022-01-03T22:09:40,43.34654,-124.32052,0.0,345.9,511.0,NORTH BEND,,WDH4086,31,0,20,6,,90,A
367614030,2022-01-03T21:14:39,43.34654,-124.32056,0.1,288.3,511.0,NORTH BEND,,WDH4086,31,0,20,6,,90,A
367614030,2022-01-03T21:02:11,43.34654,-124.32054,0.1,251.3,511.0,NORTH BEND,,WDH4086,31,0,20,6,,90,A
367614030,2022-01-03T21:34:21,43.34658,-124.32052,0.1,237.5,511.0,NORTH BEND,,WDH4086,31,0,20,6,,90,A
367614030,2022-01-03T21:35:29,43.34657,-124.32053,0.2,234.3,511.0,NORTH BEND,,WDH4086,31,0,20,6,,90,A
367614030,2022-01-03T20:55:21,43.34656,-124.32053,0.1,252.3,511.0,NORTH BEND,,WDH4086,31,0,20,6,,90,A
367614030,2022-01-03T21:25:01,43.34653,-124.32054,0.1,249.6,511.0,NORTH BEND,,WDH4086,31,0,20,6,,90,A
367614030,2022-01-03T20:57:40,43.34654,-124.32055,0.1,255.9,511.0,NORTH BEND,,WDH4086,31,0,20,6,,90,A
367614030,2022-01-03T21:22:41,43.34653,-124.32055,0.1,262.3,511.0,NORTH BEND,,WDH4086,31,0,20,6,,90,A
367614030,2022-01-03T09:48:40,43.34656,-124.32055,0.0,287.4,511.0,NORTH BEND,,WDH4086,31,0,20,6,,90,A
367614030,2022-01-03T21:10:01,43.34653,-124.32057,0.1,240.7,511.0,NORTH BEND,,WDH4086,31,0,20,6,,90,A
367614030,2022-01-03T09:52:09,43.34656,-124.32054,0.1,292.2,511.0,NORTH BEND,,WDH4086,31,0,20,6,,90,A
367614030,2022-01-03T21:05:39,43.34657,-124.32053,0.0,239.9,511.0,NORTH BEND,,WDH4086,31,0,20,6,,90,A
367614030,2022-01-03T21:48:31,43.34654,-124.32055,0.1,266.0,511.0,NORTH BEND,,WDH4086,31,0,20,6,,90,A
367614030,2022-01-03T21:30:41,43.34658,-124.32051,0.1,238.1,511.0,NORTH BEND,,WDH4086,31,0,20,6,,90,A
367614030,2022-01-03T21:07:59,43.34658,-124.32053,0.1,201.3,511.0,NORTH BEND,,WDH4086,31,0,20,6,,90,A
367614030,2022-01-03T21:09:00,43.34654,-124.32055,0.2,227.5,511.0,NORTH BEND,,WDH4086,31,0,20,6,,90,A
367614030,2022-01-03T21:11:11,43.34652,-124.32057,0.4,243.2,511.0,NORTH BEND,,WDH4086,31,0,20,6,,90,A
367614030,2022-01-03T21:19:10,43.34656,-124.32055,0.1,241.9,511.0,NORTH BEND,,WDH4086,31,0,20,6,,90,A
367614030,2022-01-03T21:12:20,43.34651,-124.32056,0.0,219.6,511.0,NORTH BEND,,WDH4086,31,0,20,6,,90,A
367614030,2022-01-03T09:56:50,43.34657,-124.32055,0.0,276.2,511.0,NORTH BEND,,WDH4086,31,0,20,6,,90,A
367614030,2022-01-03T21:15:40,43.34654,-124.32056,0.1,261.7,511.0,NORTH BEND,,WDH4086,31,0,20,6,,90,A
367614030,2022-01-03T21:41:31,43.34652,-124.32053,0.2,268.9,511.0,NORTH BEND,,WDH4086,31,0,20,6,,90,A
367614030,2022-01-03T21:32:00,43.34658,-124.32055,0.1,219.7,511.0,NORTH BEND,,WDH4086,31,0,20,6,,90,A
367614030,2022-01-03T21:33:10,43.34659,-124.32052,0.1,229.9,511.0,NORTH BEND,,WDH4086,31,0,20,6,,90,A
367614030,2022-01-03T21:29:40,43.34656,-124.32053,0.0,234.2,511.0,NORTH BEND,,WDH4086,31,0,20,6,,90,A
367614030,2022-01-03T21:36:51,43.34655,-124.32054,0.0,236.5,511.0,NORTH BEND,,WDH4086,31,0,20,6,,90,A
367614030,2022-01-03T21:38:00,43.34655,-124.32053,0.2,242.7,511.0,NORTH BEND,,WDH4086,31,0,20,6,,90,A
367614030,2022-01-03T22:04:50,43.34655,-124.32051,0.1,346.1,511.0,NORTH BEND,,WDH4086,31,0,20,6,,90,A
367614030,2022-01-03T22:44:50,43.34656,-124.32051,0.1,112.4,511.0,NORTH BEND,,WDH4086,31,0,20,6,,90,A
367614030,2022-01-03T10:02:19,43.34658,-124.32054,0.1,316.2,511.0,NORTH BEND,,WDH4086,31,0,20,6,,90,A
367614030,2022-01-03T22:45:59,43.34656,-124.32052,0.1,134.5,511.0,NORTH BEND,,WDH4086,31,0,20,6,,90,A
367614030,2022-01-03T21:43:50,43.34653,-124.32054,0.1,234.1,511.0,NORTH BEND,,WDH4086,31,0,20,6,,90,A
367614030,2022-01-03T22:00:10,43.34655,-124.32053,0.1,354.7,511.0,NORTH BEND,,WDH4086,31,0,20,6,,90,A
367614030,2022-01-03T21:46:09,43.34653,-124.32053,0.0,241.8,511.0,NORTH BEND,,WDH4086,31,0,20,6,,90,A
367614030,2022-01-03T21:39:10,43.34653,-124.32056,0.1,255.2,511.0,NORTH BEND,,WDH4086,31,0,20,6,,90,A
367614030,2022-01-03T21:56:51,43.34652,-124.32054,0.2,355.3,511.0,NORTH BEND,,WDH4086,31,0,20,6,,90,A
367614030,2022-01-03T22:15:29,43.34652,-124.32053,0.2,356.2,511.0,NORTH BEND,,WDH4086,31,0,20,6,,90,A
367614030,2022-01-03T22:59:40,43.34656,-124.32051,0.1,323.2,511.0,NORTH BEND,,WDH4086,31,0,20,6,,90,A
367614030,2022-01-03T22:02:29,43.34656,-124.32053,0.2,340.3,511.0,NORTH BEND,,WDH4086,31,0,20,6,,90,A
367614030,2022-01-03T22:07:21,43.34655,-124.32051,0.1,3.7,511.0,NORTH BEND,,WDH4086,31,0,20,6,,90,A
367614030,2022-01-03T23:01:10,43.34656,-124.32052,0.1,342.7,511.0,NORTH BEND,,WDH4086,31,0,20,6,,90,A
367614030,2022-01-03T21:52:10,43.34653,-124.32053,0.1,332.9,511.0,NORTH BEND,,WDH4086,31,0,20,6,,90,A
367614030,2022-01-03T21:40:21,43.34653,-124.32054,0.2,255.5,511.0,NORTH BEND,,WDH4086,31,0,20,6,,90,A
367614030,2022-01-03T21:53:19,43.34653,-124.32052,0.0,356.9,511.0,NORTH BEND,,WDH4086,31,0,20,6,,90,A
367614030,2022-01-03T21:54:30,43.34652,-124.32053,0.2,359.9,511.0,NORTH BEND,,WDH4086,31,0,20,6,,90,A
367614030,2022-01-03T22:06:10,43.34654,-124.32052,0.1,348.5,511.0,NORTH BEND,,WDH4086,31,0,20,6,,90,A
367614030,2022-01-03T22:12:00,43.34656,-124.32055,0.1,329.8,511.0,NORTH BEND,,WDH4086,31,0,20,6,,90,A
367614030,2022-01-03T22:14:21,43.34654,-124.32051,0.1,347.3,511.0,NORTH BEND,,WDH4086,31,0,20,6,,90,A
367614030,2022-01-03T10:14:01,43.34654,-124.32055,0.1,319.4,511.0,NORTH BEND,,WDH4086,31,0,20,6,,90,A
367614030,2022-01-03T21:49:51,43.34653,-124.32054,0.1,260.7,511.0,NORTH BEND,,WDH4086,31,0,20,6,,90,A
367614030,2022-01-03T22:25:00,43.34655,-124.32052,0.0,28.2,511.0,NORTH BEND,,WDH4086,31,0,20,6,,90,A
367614030,2022-01-03T23:12:50,43.34657,-124.32053,0.1,24.2,511.0,NORTH BEND,,WDH4086,31,0,20,6,,90,A
367614030,2022-01-03T22:03:41,43.34656,-124.32051,0.1,353.1,511.0,NORTH BEND,,WDH4086,31,0,20,6,,90,A
367614030,2022-01-03T23:17:40,43.34654,-124.32053,0.1,357.0,511.0,NORTH BEND,,WDH4086,31,0,20,6,,90,A
367614030,2022-01-03T22:34:11,43.34656,-124.32053,0.2,57.8,511.0,NORTH BEND,,WDH4086,31,0,20,6,,90,A
367614030,2022-01-03T22:35:21,43.34657,-124.32052,0.0,71.5,511.0,NORTH BEND,,WDH4086,31,0,20,6,,90,A
367614030,2022-01-03T22:08:29,43.34654,-124.32052,0.1,349.5,511.0,NORTH BEND,,WDH4086,31,0,20,6,,90,A
367614030,2022-01-03T23:20:00,43.34654,-124.32053,0.1,31.4,511.0,NORTH BEND,,WDH4086,31,0,20,6,,90,A
367614030,2022-01-03T22:26:10,43.34656,-124.32053,0.2,16.5,511.0,NORTH BEND,,WDH4086,31,0,20,6,,90,A
367614030,2022-01-03T22:10:51,43.34654,-124.32052,0.1,342.2,511.0,NORTH BEND,,WDH4086,31,0,20,6,,90,A
367614030,2022-01-03T22:27:21,43.34657,-124.32057,0.1,11.8,511.0,NORTH BEND,,WDH4086,31,0,20,6,,90,A
367614030,2022-01-03T23:23:30,43.34653,-124.32049,0.0,43.2,511.0,NORTH BEND,,WDH4086,31,0,20,6,,90,A
367614030,2022-01-03T22:42:30,43.34656,-124.32051,0.1,108.0,511.0,NORTH BEND,,WDH4086,31,0,20,6,,90,A
367614030,2022-01-03T22:43:40,43.34658,-124.32053,0.1,98.8,511.0,NORTH BEND,,WDH4086,31,0,20,6,,90,A
367614030,2022-01-03T10:22:09,43.34656,-124.32055,0.1,332.4,511.0,NORTH BEND,,WDH4086,31,0,20,6,,90,A
367614030,2022-01-03T22:29:41,43.34656,-124.32055,0.1,6.6,511.0,NORTH BEND,,WDH4086,31,0,20,6,,90,A
367614030,2022-01-03T22:16:50,43.34654,-124.32055,0.1,354.5,511.0,NORTH BEND,,WDH4086,31,0,20,6,,90,A
367614030,2022-01-03T22:21:30,43.34654,-124.32052,0.1,16.5,511.0,NORTH BEND,,WDH4086,31,0,20,6,,90,A
367614030,2022-01-03T22:13:10,43.34654,-124.32052,0.3,312.1,511.0,NORTH BEND,,WDH4086,31,0,20,6,,90,A
367614030,2022-01-03T22:40:00,43.34656,-124.32050,0.1,114.9,511.0,NORTH BEND,,WDH4086,31,0,20,6,,90,A
367614030,2022-01-03T23:39:40,43.34654,-124.32051,0.0,140.0,511.0,NORTH BEND,,WDH4086,31,0,20,6,,90,A
367614030,2022-01-03T22:28:30,43.34656,-124.32055,0.0,3.3,511.0,NORTH BEND,,WDH4086,31,0,20,6,,90,A
367614030,2022-01-03T23:43:50,43.34653,-124.32055,0.0,183.8,511.0,NORTH BEND,,WDH4086,31,0,20,6,,90,A
367614030,2022-01-03T22:18:01,43.34653,-124.32053,0.1,359.0,511.0,NORTH BEND,,WDH4086,31,0,20,6,,90,A
367614030,2022-01-03T23:44:59,43.34653,-124.32056,0.0,183.9,511.0,NORTH BEND,,WDH4086,31,0,20,6,,90,A
367614030,2022-01-03T22:20:21,43.34653,-124.32052,0.2,11.9,511.0,NORTH BEND,,WDH4086,31,0,20,6,,90,A
367614030,2022-01-03T22:22:39,43.34656,-124.32052,0.1,10.2,511.0,NORTH BEND,,WDH4086,31,0,20,6,,90,A
367614030,2022-01-03T23:03:30,43.34654,-124.32051,0.0,19.8,511.0,NORTH BEND,,WDH4086,31,0,20,6,,90,A
367614030,2022-01-03T22:37:39,43.34656,-124.32052,0.1,93.3,511.0,NORTH BEND,,WDH4086,31,0,20,6,,90,A
367614030,2022-01-03T22:23:51,43.34658,-124.32052,0.2,14.8,511.0,NORTH BEND,,WDH4086,31,0,20,6,,90,A
367614030,2022-01-03T22:50:40,43.34654,-124.32051,0.2,208.8,511.0,NORTH BEND,,WDH4086,31,0,20,6,,90,A
367614030,2022-01-03T22:48:19,43.34656,-124.32051,0.1,175.5,511.0,NORTH BEND,,WDH4086,31,0,20,6,,90,A
367614030,2022-01-03T23:05:50,43.34656,-124.32051,0.0,19.8,511.0,NORTH BEND,,WDH4086,31,0,20,6,,90,A
367614030,2022-01-03T23:50:50,43.34655,-124.32053,0.0,179.9,511.0,NORTH BEND,,WDH4086,31,0,20,6,,90,A
367614030,2022-01-03T23:08:11,43.34654,-124.32052,0.0,31.7,511.0,NORTH BEND,,WDH4086,31,0,20,6,,90,A
367614030,2022-01-03T22:53:50,43.34656,-124.32052,0.0,243.5,511.0,NORTH BEND,,WDH4086,31,0,20,6,,90,A
367614030,2022-01-03T23:00:00,43.34655,-124.32052,0.1,325.7,511.0,NORTH BEND,,WDH4086,31,0,20,6,,90,A
367614030,2022-01-03T23:13:59,43.34656,-124.32054,0.1,17.2,511.0,NORTH BEND,,WDH4086,31,0,20,6,,90,A
367614030,2022-01-03T22:32:59,43.34655,-124.32053,0.1,51.2,511.0,NORTH BEND,,WDH4086,31,0,20,6,,90,A
367614030,2022-01-03T23:02:20,43.34654,-124.32050,0.1,1.7,511.0,NORTH BEND,,WDH4086,31,0,20,6,,90,A
367614030,2022-01-03T23:04:40,43.34654,-124.32052,0.1,22.9,511.0,NORTH BEND,,WDH4086,31,0,20,6,,90,A
367614030,2022-01-03T23:18:51,43.34654,-124.32051,0.1,25.4,511.0,NORTH BEND,,WDH4086,31,0,20,6,,90,A
367614030,2022-01-03T22:38:50,43.34656,-124.32051,0.1,102.2,511.0,NORTH BEND,,WDH4086,31,0,20,6,,90,A
367614030,2022-01-03T22:41:10,43.34655,-124.32050,0.1,107.5,511.0,NORTH BEND,,WDH4086,31,0,20,6,,90,A
367614030,2022-01-03T22:56:11,43.34657,-124.32052,0.1,271.5,511.0,NORTH BEND,,WDH4086,31,0,20,6,,90,A
367614030,2022-01-03T23:27:01,43.34655,-124.32050,0.1,25.5,511.0,NORTH BEND,,WDH4086,31,0,20,6,,90,A
367614030,2022-01-03T23:16:31,43.34654,-124.32053,0.0,17.5,511.0,NORTH BEND,,WDH4086,31,0,20,6,,90,A
367614030,2022-01-03T22:47:11,43.34656,-124.32051,0.0,156.9,511.0,NORTH BEND,,WDH4086,31,0,20,6,,90,A
367614030,2022-01-03T22:49:31,43.34656,-124.32051,0.1,181.7,511.0,NORTH BEND,,WDH4086,31,0,20,6,,90,A
367614030,2022-01-03T23:32:50,43.34654,-124.32051,0.0,64.9,511.0,NORTH BEND,,WDH4086,31,0,20,6,,90,A
367614030,2022-01-03T23:22:20,43.34655,-124.32051,0.1,18.6,511.0,NORTH BEND,,WDH4086,31,0,20,6,,90,A
367614030,2022-01-03T22:55:00,43.34657,-124.32052,0.1,268.2,511.0,NORTH BEND,,WDH4086,31,0,20,6,,90,A
367614030,2022-01-03T22:57:20,43.34656,-124.32051,0.1,301.0,511.0,NORTH BEND,,WDH4086,31,0,20,6,,90,A
367614030,2022-01-03T23:09:20,43.34654,-124.32051,0.1,31.4,511.0,NORTH BEND,,WDH4086,31,0,20,6,,90,A
367614030,2022-01-03T10:44:09,43.34657,-124.32054,0.0,337.2,511.0,NORTH BEND,,WDH4086,31,0,20,6,,90,A
367614030,2022-01-03T23:25:49,43.34655,-124.32050,0.1,43.8,511.0,NORTH BEND,,WDH4086,31,0,20,6,,90,A
367614030,2022-01-03T23:11:40,43.34654,-124.32052,0.1,18.6,511.0,NORTH BEND,,WDH4086,31,0,20,6,,90,A
367614030,2022-01-03T22:58:31,43.34655,-124.32051,0.0,297.2,511.0,NORTH BEND,,WDH4086,31,0,20,6,,90,A
367614030,2022-01-03T23:40:50,43.34654,-124.32052,0.0,160.0,511.0,NORTH BEND,,WDH4086,31,0,20,6,,90,A
367614030,2022-01-03T23:28:20,43.34655,-124.32052,0.0,19.2,511.0,NORTH BEND,,WDH4086,31,0,20,6,,90,A
367614030,2022-01-03T23:15:09,43.34657,-124.32052,0.1,23.5,511.0,NORTH BEND,,WDH4086,31,0,20,6,,90,A
367614030,2022-01-03T23:30:31,43.34654,-124.32053,0.0,46.0,511.0,NORTH BEND,,WDH4086,31,0,20,6,,90,A
367614030,2022-01-03T23:07:01,43.34653,-124.32054,0.1,23.6,511.0,NORTH BEND,,WDH4086,31,0,20,6,,90,A
367614030,2022-01-03T23:37:20,43.34654,-124.32051,0.0,122.1,511.0,NORTH BEND,,WDH4086,31,0,20,6,,90,A
367614030,2022-01-03T23:21:11,43.34653,-124.32052,0.0,31.5,511.0,NORTH BEND,,WDH4086,31,0,20,6,,90,A
367614030,2022-01-03T23:42:01,43.34654,-124.32055,0.0,164.8,511.0,NORTH BEND,,WDH4086,31,0,20,6,,90,A
367614030,2022-01-03T10:51:10,43.34656,-124.32053,0.1,326.4,511.0,NORTH BEND,,WDH4086,31,0,20,6,,90,A
367614030,2022-01-03T23:46:10,43.34655,-124.32053,0.1,194.9,511.0,NORTH BEND,,WDH4086,31,0,20,6,,90,A
367614030,2022-01-03T23:55:40,43.34658,-124.32051,0.1,220.9,511.0,NORTH BEND,,WDH4086,31,0,20,6,,90,A
367614030,2022-01-03T23:53:19,43.34656,-124.32052,0.0,206.3,511.0,NORTH BEND,,WDH4086,31,0,20,6,,90,A
367614030,2022-01-03T23:54:30,43.34655,-124.32052,0.1,208.7,511.0,NORTH BEND,,WDH4086,31,0,20,6,,90,A
367614030,2022-01-03T23:31:39,43.34653,-124.32052,0.0,44.2,511.0,NORTH BEND,,WDH4086,31,0,20,6,,90,A
367614030,2022-01-03T23:24:40,43.34655,-124.32051,0.1,35.3,511.0,NORTH BEND,,WDH4086,31,0,20,6,,90,A
367614030,2022-01-03T23:29:30,43.34654,-124.32054,0.0,39.7,511.0,NORTH BEND,,WDH4086,31,0,20,6,,90,A
367614030,2022-01-03T11:00:01,43.34656,-124.32051,0.1,328.9,511.0,NORTH BEND,,WDH4086,31,0,20,6,,90,A
367614030,2022-01-03T23:38:31,43.34654,-124.32052,0.1,139.3,511.0,NORTH BEND,,WDH4086,31,0,20,6,,90,A
367614030,2022-01-03T11:05:39,43.34657,-124.32052,0.0,316.4,511.0,NORTH BEND,,WDH4086,31,0,20,6,,90,A
367614030,2022-01-03T23:57:51,43.34655,-124.32050,0.2,213.2,511.0,NORTH BEND,,WDH4086,31,0,20,6,,90,A
367614030,2022-01-03T23:58:59,43.34655,-124.32052,0.0,212.7,511.0,NORTH BEND,,WDH4086,31,0,20,6,,90,A
367614030,2022-01-03T23:49:41,43.34654,-124.32055,0.1,182.7,511.0,NORTH BEND,,WDH4086,31,0,20,6,,90,A
367614030,2022-01-03T11:17:30,43.34653,-124.32057,0.1,308.8,511.0,NORTH BEND,,WDH4086,31,0,20,6,,90,A
367614030,2022-01-03T11:21:00,43.34655,-124.32056,0.1,346.3,511.0,NORTH BEND,,WDH4086,31,0,20,6,,90,A
367614030,2022-01-03T11:24:30,43.34657,-124.32053,0.0,350.6,511.0,NORTH BEND,,WDH4086,31,0,20,6,,90,A
367614030,2022-01-03T11:25:39,43.34656,-124.32054,0.1,342.3,511.0,NORTH BEND,,WDH4086,31,0,20,6,,90,A
367614030,2022-01-03T11:30:11,43.34656,-124.32053,0.0,328.2,511.0,NORTH BEND,,WDH4086,31,0,20,6,,90,A
367614030,2022-01-03T11:39:10,43.34654,-124.32051,0.1,13.4,511.0,NORTH BEND,,WDH4086,31,0,20,6,,90,A
367614030,2022-01-03T11:49:41,43.34656,-124.32053,0.0,318.4,511.0,NORTH BEND,,WDH4086,31,0,20,6,,90,A
367614030,2022-01-03T11:55:30,43.34655,-124.32053,0.0,268.7,511.0,NORTH BEND,,WDH4086,31,0,20,6,,90,A
367614030,2022-01-03T12:31:51,43.34654,-124.32052,0.1,281.7,511.0,NORTH BEND,,WDH4086,31,0,20,6,,90,A
367614030,2022-01-03T12:49:10,43.34657,-124.32052,0.0,304.8,511.0,NORTH BEND,,WDH4086,31,0,20,6,,90,A
367614030,2022-01-03T12:51:30,43.34657,-124.32052,0.1,308.6,511.0,NORTH BEND,,WDH4086,31,0,20,6,,90,A
367614030,2022-01-03T13:15:10,43.34655,-124.32057,0.1,324.1,511.0,NORTH BEND,,WDH4086,31,0,20,6,,90,A
367614030,2022-01-03T13:29:09,43.34656,-124.32052,0.0,236.5,511.0,NORTH BEND,,WDH4086,31,0,20,6,,90,A
367614030,2022-01-03T13:40:00,43.34655,-124.32051,0.1,218.3,511.0,NORTH BEND,,WDH4086,31,0,20,6,,90,A
367614030,2022-01-03T13:43:40,43.34655,-124.32050,0.1,224.8,511.0,NORTH BEND,,WDH4086,31,0,20,6,,90,A
367614030,2022-01-03T14:03:31,43.34654,-124.32055,0.1,243.0,511.0,NORTH BEND,,WDH4086,31,0,20,6,,90,A
367614030,2022-01-03T14:26:19,43.34657,-124.32055,0.1,326.5,511.0,NORTH BEND,,WDH4086,31,0,20,6,,90,A
367614030,2022-01-03T14:27:30,43.34655,-124.32055,0.1,337.0,511.0,NORTH BEND,,WDH4086,31,0,20,6,,90,A
367614030,2022-01-03T15:02:20,43.34662,-124.32050,0.1,311.0,511.0,NORTH BEND,,WDH4086,31,0,20,6,,90,A
367614030,2022-01-03T15:04:40,43.34656,-124.32052,0.1,340.5,511.0,NORTH BEND,,WDH4086,31,0,20,6,,90,A
367614030,2022-01-03T15:11:39,43.34656,-124.32053,0.1,277.1,511.0,NORTH BEND,,WDH4086,31,0,20,6,,90,A
367614030,2022-01-03T15:30:00,43.34654,-124.32056,0.0,259.2,511.0,NORTH BEND,,WDH4086,31,0,20,6,,90,A
367614030,2022-01-03T15:33:19,43.34654,-124.32054,0.1,281.4,511.0,NORTH BEND,,WDH4086,31,0,20,6,,90,A
367614030,2022-01-03T15:45:59,43.34653,-124.32052,0.0,326.7,511.0,NORTH BEND,,WDH4086,31,0,20,6,,90,A
367614030,2022-01-03T15:48:11,43.34657,-124.32056,0.0,328.7,511.0,NORTH BEND,,WDH4086,31,0,20,6,,90,A
367614030,2022-01-03T16:04:41,43.34656,-124.32052,0.1,171.6,511.0,NORTH BEND,,WDH4086,31,0,20,6,,90,A
367614030,2022-01-03T16:17:40,43.34657,-124.32051,0.1,180.7,511.0,NORTH BEND,,WDH4086,31,0,20,6,,90,A
367614030,2022-01-03T16:22:30,43.34659,-124.32054,0.1,184.0,511.0,NORTH BEND,,WDH4086,31,0,20,6,,90,A
367614030,2022-01-03T16:24:51,43.34657,-124.32053,0.0,176.3,511.0,NORTH BEND,,WDH4086,31,0,20,6,,90,A
367614030,2022-01-03T16:27:11,43.34655,-124.32056,0.1,162.0,511.0,NORTH BEND,,WDH4086,31,0,20,6,,90,A
367614030,2022-01-03T16:29:21,43.34654,-124.32055,0.1,167.2,511.0,NORTH BEND,,WDH4086,31,0,20,6,,90,A
367614030,2022-01-03T16:31:40,43.34654,-124.32053,0.1,162.8,511.0,NORTH BEND,,WDH4086,31,0,20,6,,90,A
367614030,2022-01-03T16:44:09,43.34656,-124.32053,0.1,206.9,511.0,NORTH BEND,,WDH4086,31,0,20,6,,90,A
367614030,2022-01-03T17:14:01,43.34655,-124.32057,0.1,342.1,511.0,NORTH BEND,,WDH4086,31,0,20,6,,90,A
367614030,2022-01-03T17:18:40,43.34653,-124.32054,0.1,353.5,511.0,NORTH BEND,,WDH4086,31,0,20,6,,90,A
367614030,2022-01-03T17:29:20,43.34656,-124.32052,0.0,354.3,511.0,NORTH BEND,,WDH4086,31,0,20,6,,90,A
367614030,2022-01-03T17:41:20,43.34654,-124.32051,0.0,327.4,511.0,NORTH BEND,,WDH4086,31,0,20,6,,90,A
367614030,2022-01-03T18:19:59,43.34658,-124.32055,0.1,317.3,511.0,NORTH BEND,,WDH4086,31,0,20,6,,90,A
367614030,2022-01-03T18:33:01,43.34656,-124.32056,0.0,219.9,511.0,NORTH BEND,,WDH4086,31,0,20,6,,90,A
367614030,2022-01-03T18:55:30,43.34655,-124.32051,0.1,311.6,511.0,NORTH BEND,,WDH4086,31,0,20,6,,90,A
367614030,2022-01-03T19:09:10,43.34655,-124.32052,0.1,313.9,511.0,NORTH BEND,,WDH4086,31,0,20,6,,90,A
367614030,2022-01-03T19:27:40,43.34652,-124.32052,0.1,312.9,511.0,NORTH BEND,,WDH4086,31,0,20,6,,90,A
367614030,2022-01-03T19:35:51,43.34652,-124.32052,0.1,269.5,511.0,NORTH BEND,,WDH4086,31,0,20,6,,90,A
367614030,2022-01-03T19:37:00,43.34653,-124.32052,0.2,255.2,511.0,NORTH BEND,,WDH4086,31,0,20,6,,90,A
367614030,2022-01-03T20:03:30,43.34654,-124.32052,0.1,331.5,511.0,NORTH BEND,,WDH4086,31,0,20,6,,90,A
367614030,2022-01-03T20:04:40,43.34655,-124.32052,0.2,352.7,511.0,NORTH BEND,,WDH4086,31,0,20,6,,90,A
367614030,2022-01-03T20:07:01,43.34656,-124.32052,0.1,333.5,511.0,NORTH BEND,,WDH4086,31,0,20,6,,90,A
367614030,2022-01-03T20:08:10,43.34656,-124.32054,0.1,324.4,511.0,NORTH BEND,,WDH4086,31,0,20,6,,90,A
367614030,2022-01-03T20:11:39,43.34654,-124.32054,0.1,302.8,511.0,NORTH BEND,,WDH4086,31,0,20,6,,90,A
367614030,2022-01-03T20:22:11,43.34654,-124.32054,0.0,2.3,511.0,NORTH BEND,,WDH4086,31,0,20,6,,90,A
367614030,2022-01-03T20:25:40,43.34659,-124.32051,0.1,349.4,511.0,NORTH BEND,,WDH4086,31,0,20,6,,90,A
367614030,2022-01-03T20:29:10,43.34657,-124.32053,0.2,50.2,511.0,NORTH BEND,,WDH4086,31,0,20,6,,90,A
367614030,2022-01-03T20:38:49,43.34661,-124.32052,0.1,210.9,511.0,NORTH BEND,,WDH4086,31,0,20,6,,90,A
367614030,2022-01-03T20:51:51,43.34656,-124.32053,0.1,253.6,511.0,NORTH BEND,,WDH4086,31,0,20,6,,90,A
367614030,2022-01-03T20:59:59,43.34654,-124.32053,0.1,232.4,511.0,NORTH BEND,,WDH4086,31,0,20,6,,90,A
367614030,2022-01-03T21:16:50,43.34656,-124.32054,0.1,229.4,511.0,NORTH BEND,,WDH4086,31,0,20,6,,90,A
367614030,2022-01-03T21:28:29,43.34656,-124.32049,0.1,233.9,511.0,NORTH BEND,,WDH4086,31,0,20,6,,90,A
367614030,2022-01-03T21:51:01,43.34653,-124.32053,0.1,283.8,511.0,NORTH BEND,,WDH4086,31,0,20,6,,90,A
367614030,2022-01-03T21:55:41,43.34653,-124.32053,0.2,4.9,511.0,NORTH BEND,,WDH4086,31,0,20,6,,90,A
367614030,2022-01-03T21:58:00,43.34653,-124.32054,0.1,359.6,511.0,NORTH BEND,,WDH4086,31,0,20,6,,90,A
367614030,2022-01-03T22:01:21,43.34653,-124.32054,0.1,354.8,511.0,NORTH BEND,,WDH4086,31,0,20,6,,90,A
367614030,2022-01-03T22:19:10,43.34656,-124.32054,0.1,3.3,511.0,NORTH BEND,,WDH4086,31,0,20,6,,90,A
367614030,2022-01-03T22:31:50,43.34658,-124.32052,0.0,25.7,511.0,NORTH BEND,,WDH4086,31,0,20,6,,90,A
367614030,2022-01-03T22:36:31,43.34656,-124.32053,0.0,79.2,511.0,NORTH BEND,,WDH4086,31,0,20,6,,90,A
367614030,2022-01-03T23:34:00,43.34653,-124.32052,0.1,75.3,511.0,NORTH BEND,,WDH4086,31,0,20,6,,90,A
367614030,2022-01-03T23:36:11,43.34653,-124.32052,0.0,109.1,511.0,NORTH BEND,,WDH4086,31,0,20,6,,90,A
367614030,2022-01-03T23:47:20,43.34653,-124.32054,0.1,186.2,511.0,NORTH BEND,,WDH4086,31,0,20,6,,90,A
367614030,2022-01-03T23:48:30,43.34655,-124.32054,0.0,185.7,511.0,NORTH BEND,,WDH4086,31,0,20,6,,90,A
367614030,2022-01-03T23:52:09,43.34657,-124.32054,0.0,199.6,511.0,NORTH BEND,,WDH4086,31,0,20,6,,90,A
367614030,2022-01-03T23:56:50,43.34657,-124.32051,0.1,216.7,511.0,NORTH BEND,,WDH4086,31,0,20,6,,90,A
367614030,2022-01-04T00:00:00,43.34653,-124.32053,0.1,212.7,511.0,NORTH BEND,,WDH4086,31,0,20,6,,90,A
367614030,2022-01-04T00:01:11,43.34654,-124.32053,0.1,220.9,511.0,NORTH BEND,,WDH4086,31,0,20,6,,90,A
367614030,2022-01-04T00:03:30,43.34656,-124.32056,0.1,214.3,511.0,NORTH BEND,,WDH4086,31,0,20,6,,90,A
367614030,2022-01-04T00:02:20,43.34655,-124.32052,0.2,211.3,511.0,NORTH BEND,,WDH4086,31,0,20,6,,90,A
367614030,2022-01-04T00:04:41,43.34656,-124.32054,0.0,213.1,511.0,NORTH BEND,,WDH4086,31,0,20,6,,90,A
367614030,2022-01-04T00:08:11,43.34658,-124.32054,0.0,229.4,511.0,NORTH BEND,,WDH4086,31,0,20,6,,90,A
367614030,2022-01-04T00:07:00,43.34656,-124.32056,0.1,223.7,511.0,NORTH BEND,,WDH4086,31,0,20,6,,90,A
367614030,2022-01-04T00:05:51,43.34658,-124.32059,0.1,221.7,511.0,NORTH BEND,,WDH4086,31,0,20,6,,90,A
367614030,2022-01-04T00:09:20,43.34656,-124.32054,0.0,230.3,511.0,NORTH BEND,,WDH4086,31,0,20,6,,90,A
367614030,2022-01-04T00:10:31,43.34655,-124.32052,0.0,224.7,511.0,NORTH BEND,,WDH4086,31,0,20,6,,90,A
367614030,2022-01-04T00:11:40,43.34654,-124.32052,0.0,228.5,511.0,NORTH BEND,,WDH4086,31,0,20,6,,90,A
367614030,2022-01-04T00:12:50,43.34655,-124.32052,0.0,230.5,511.0,NORTH BEND,,WDH4086,31,0,20,6,,90,A
367614030,2022-01-04T00:16:20,43.34655,-124.32053,0.1,227.7,511.0,NORTH BEND,,WDH4086,31,0,20,6,,90,A
367614030,2022-01-04T00:18:39,43.34656,-124.32053,0.0,228.0,511.0,NORTH BEND,,WDH4086,31,0,20,6,,90,A
367614030,2022-01-04T00:15:09,43.34655,-124.32052,0.0,226.9,511.0,NORTH BEND,,WDH4086,31,0,20,6,,90,A
367614030,2022-01-04T00:14:01,43.34656,-124.32053,0.1,238.3,511.0,NORTH BEND,,WDH4086,31,0,20,6,,90,A
367614030,2022-01-04T00:26:50,43.34651,-124.32055,0.1,234.0,511.0,NORTH BEND,,WDH4086,31,0,20,6,,90,A
367614030,2022-01-04T00:19:50,43.34655,-124.32054,0.0,224.7,511.0,NORTH BEND,,WDH4086,31,0,20,6,,90,A
367614030,2022-01-04T00:23:20,43.34655,-124.32055,0.1,241.8,511.0,NORTH BEND,,WDH4086,31,0,20,6,,90,A
367614030,2022-01-04T00:17:31,43.34656,-124.32053,0.0,232.7,511.0,NORTH BEND,,WDH4086,31,0,20,6,,90,A
367614030,2022-01-04T00:22:09,43.34654,-124.32057,0.1,236.6,511.0,NORTH BEND,,WDH4086,31,0,20,6,,90,A
367614030,2022-01-04T00:20:59,43.34653,-124.32057,0.1,238.4,511.0,NORTH BEND,,WDH4086,31,0,20,6,,90,A
367614030,2022-01-04T00:35:01,43.34657,-124.32052,0.0,248.9,511.0,NORTH BEND,,WDH4086,31,0,20,6,,90,A
367614030,2022-01-04T00:25:40,43.34654,-124.32054,0.1,231.5,511.0,NORTH BEND,,WDH4086,31,0,20,6,,90,A
367614030,2022-01-04T00:31:31,43.34657,-124.32050,0.0,235.2,511.0,NORTH BEND,,WDH4086,31,0,20,6,,90,A
367614030,2022-01-04T00:24:29,43.34654,-124.32057,0.1,234.4,511.0,NORTH BEND,,WDH4086,31,0,20,6,,90,A
367614030,2022-01-04T00:28:00,43.34651,-124.32055,0.1,231.4,511.0,NORTH BEND,,WDH4086,31,0,20,6,,90,A
367614030,2022-01-04T00:36:11,43.34656,-124.32050,0.0,258.5,511.0,NORTH BEND,,WDH4086,31,0,20,6,,90,A
367614030,2022-01-04T00:30:21,43.34655,-124.32050,0.1,242.0,511.0,NORTH BEND,,WDH4086,31,0,20,6,,90,A
367614030,2022-01-04T00:40:50,43.34656,-124.32054,0.0,284.4,511.0,NORTH BEND,,WDH4086,31,0,20,6,,90,A
367614030,2022-01-04T00:32:40,43.34658,-124.32052,0.0,240.3,511.0,NORTH BEND,,WDH4086,31,0,20,6,,90,A
367614030,2022-01-04T00:39:40,43.34655,-124.32053,0.1,278.0,511.0,NORTH BEND,,WDH4086,31,0,20,6,,90,A
367614030,2022-01-04T00:33:50,43.34656,-124.32051,0.1,246.5,511.0,NORTH BEND,,WDH4086,31,0,20,6,,90,A
367614030,2022-01-04T00:37:21,43.34656,-124.32051,0.0,266.3,511.0,NORTH BEND,,WDH4086,31,0,20,6,,90,A
367614030,2022-01-04T00:38:30,43.34657,-124.32052,0.0,267.1,511.0,NORTH BEND,,WDH4086,31,0,20,6,,90,A
367614030,2022-01-04T00:29:10,43.34652,-124.32052,0.0,234.6,511.0,NORTH BEND,,WDH4086,31,0,20,6,,90,A
367614030,2022-01-04T00:43:10,43.34654,-124.32053,0.0,281.9,511.0,NORTH BEND,,WDH4086,31,0,20,6,,90,A
367614030,2022-01-04T00:44:19,43.34654,-124.32053,0.0,278.0,511.0,NORTH BEND,,WDH4086,31,0,20,6,,90,A
367614030,2022-01-04T00:42:01,43.34655,-124.32054,0.0,280.4,511.0,NORTH BEND,,WDH4086,31,0,20,6,,90,A
367614030,2022-01-04T00:46:40,43.34657,-124.32053,0.0,272.7,511.0,NORTH BEND,,WDH4086,31,0,20,6,,90,A
367614030,2022-01-04T00:50:19,43.34657,-124.32051,0.0,271.4,511.0,NORTH BEND,,WDH4086,31,0,20,6,,90,A
367614030,2022-01-04T01:00:01,43.34656,-124.32053,0.0,280.3,511.0,NORTH BEND,,WDH4086,31,0,20,6,,90,A
367614030,2022-01-04T00:52:39,43.34656,-124.32052,0.1,263.6,511.0,NORTH BEND,,WDH4086,31,0,20,6,,90,A
367614030,2022-01-04T00:55:01,43.34655,-124.32052,0.1,264.5,511.0,NORTH BEND,,WDH4086,31,0,20,6,,90,A
367614030,2022-01-04T00:51:31,43.34656,-124.32051,0.0,266.0,511.0,NORTH BEND,,WDH4086,31,0,20,6,,90,A
367614030,2022-01-04T00:56:10,43.34659,-124.32052,0.0,267.9,511.0,NORTH BEND,,WDH4086,31,0,20,6,,90,A
367614030,2022-01-04T00:47:50,43.34658,-124.32053,0.1,276.4,511.0,NORTH BEND,,WDH4086,31,0,20,6,,90,A
367614030,2022-01-04T00:57:20,43.34656,-124.32053,0.0,276.3,511.0,NORTH BEND,,WDH4086,31,0,20,6,,90,A
367614030,2022-01-04T00:53:50,43.34656,-124.32051,0.1,256.8,511.0,NORTH BEND,,WDH4086,31,0,20,6,,90,A
367614030,2022-01-04T00:49:00,43.34655,-124.32052,0.0,268.1,511.0,NORTH BEND,,WDH4086,31,0,20,6,,90,A
367614030,2022-01-04T00:58:31,43.34655,-124.32052,0.1,275.3,511.0,NORTH BEND,,WDH4086,31,0,20,6,,90,A
367614030,2022-01-04T00:59:40,43.34656,-124.32054,0.1,284.7,511.0,NORTH BEND,,WDH4086,31,0,20,6,,90,A
367614030,2022-01-04T00:45:29,43.34654,-124.32053,0.0,279.5,511.0,NORTH BEND,,WDH4086,31,0,20,6,,90,A
367614030,2022-01-04T01:02:20,43.34657,-124.32054,0.0,277.0,511.0,NORTH BEND,,WDH4086,31,0,20,6,,90,A
367614030,2022-01-04T01:04:41,43.34659,-124.32056,0.0,267.7,511.0,NORTH BEND,,WDH4086,31,0,20,6,,90,A
367614030,2022-01-04T01:05:51,43.34658,-124.32056,0.0,266.9,511.0,NORTH BEND,,WDH4086,31,0,20,6,,90,A
367614030,2022-01-04T01:09:29,43.34657,-124.32053,0.0,283.0,511.0,NORTH BEND,,WDH4086,31,0,20,6,,90,A
367614030,2022-01-04T01:08:21,43.34658,-124.32053,0.0,272.6,511.0,NORTH BEND,,WDH4086,31,0,20,6,,90,A
367614030,2022-01-04T01:07:10,43.34656,-124.32054,0.1,281.1,511.0,NORTH BEND,,WDH4086,31,0,20,6,,90,A
367614030,2022-01-04T01:03:31,43.34657,-124.32054,0.1,268.9,511.0,NORTH BEND,,WDH4086,31,0,20,6,,90,A
367614030,2022-01-04T01:12:51,43.34658,-124.32053,0.1,245.1,511.0,NORTH BEND,,WDH4086,31,0,20,6,,90,A
367614030,2022-01-04T01:14:00,43.34657,-124.32053,0.0,231.8,511.0,NORTH BEND,,WDH4086,31,0,20,6,,90,A
367614030,2022-01-04T01:19:40,43.34656,-124.32054,0.0,206.2,511.0,NORTH BEND,,WDH4086,31,0,20,6,,90,A
367614030,2022-01-04T01:16:11,43.34657,-124.32052,0.1,218.8,511.0,NORTH BEND,,WDH4086,31,0,20,6,,90,A
367614030,2022-01-04T01:18:31,43.34657,-124.32055,0.0,217.0,511.0,NORTH BEND,,WDH4086,31,0,20,6,,90,A
367614030,2022-01-04T01:11:41,43.34656,-124.32053,0.0,265.2,511.0,NORTH BEND,,WDH4086,31,0,20,6,,90,A
367614030,2022-01-04T01:20:51,43.34656,-124.32053,0.0,202.3,511.0,NORTH BEND,,WDH4086,31,0,20,6,,90,A
367614030,2022-01-04T01:22:00,43.34657,-124.32053,0.0,198.1,511.0,NORTH BEND,,WDH4086,31,0,20,6,,90,A
367614030,2022-01-04T01:01:10,43.34659,-124.32054,0.1,279.6,511.0,NORTH BEND,,WDH4086,31,0,20,6,,90,A
367614030,2022-01-04T01:15:10,43.34655,-124.32053,0.1,224.5,511.0,NORTH BEND,,WDH4086,31,0,20,6,,90,A
367614030,2022-01-04T01:26:40,43.34655,-124.32052,0.0,209.9,511.0,NORTH BEND,,WDH4086,31,0,20,6,,90,A
367614030,2022-01-04T01:17:21,43.34657,-124.32054,0.0,210.7,511.0,NORTH BEND,,WDH4086,31,0,20,6,,90,A
367614030,2022-01-04T01:31:11,43.34653,-124.32051,0.0,215.3,511.0,NORTH BEND,,WDH4086,31,0,20,6,,90,A
367614030,2022-01-04T01:10:31,43.34661,-124.32053,0.1,271.1,511.0,NORTH BEND,,WDH4086,31,0,20,6,,90,A
367614030,2022-01-04T01:23:10,43.34658,-124.32053,0.0,209.8,511.0,NORTH BEND,,WDH4086,31,0,20,6,,90,A
367614030,2022-01-04T01:25:31,43.34658,-124.32052,0.0,215.6,511.0,NORTH BEND,,WDH4086,31,0,20,6,,90,A
367614030,2022-01-04T01:34:40,43.34654,-124.32057,0.1,212.3,511.0,NORTH BEND,,WDH4086,31,0,20,6,,90,A
367614030,2022-01-04T01:27:49,43.34656,-124.32052,0.1,217.9,511.0,NORTH BEND,,WDH4086,31,0,20,6,,90,A
367614030,2022-01-04T01:36:59,43.34654,-124.32058,0.0,212.0,511.0,NORTH BEND,,WDH4086,31,0,20,6,,90,A
367614030,2022-01-04T01:24:21,43.34658,-124.32052,0.1,210.9,511.0,NORTH BEND,,WDH4086,31,0,20,6,,90,A
367614030,2022-01-04T01:47:30,43.34654,-124.32054,0.0,239.6,511.0,NORTH BEND,,WDH4086,31,0,20,6,,90,A
367614030,2022-01-04T01:32:20,43.34654,-124.32052,0.0,220.9,511.0,NORTH BEND,,WDH4086,31,0,20,6,,90,A
367614030,2022-01-04T01:30:10,43.34655,-124.32052,0.0,215.3,511.0,NORTH BEND,,WDH4086,31,0,20,6,,90,A
367614030,2022-01-04T01:39:21,43.34657,-124.32056,0.0,230.9,511.0,NORTH BEND,,WDH4086,31,0,20,6,,90,A
367614030,2022-01-04T01:33:31,43.34654,-124.32054,0.1,218.1,511.0,NORTH BEND,,WDH4086,31,0,20,6,,90,A
367614030,2022-01-04T01:29:00,43.34656,-124.32052,0.0,219.4,511.0,NORTH BEND,,WDH4086,31,0,20,6,,90,A
367614030,2022-01-04T01:42:40,43.34654,-124.32056,0.0,235.7,511.0,NORTH BEND,,WDH4086,31,0,20,6,,90,A
367614030,2022-01-04T01:41:30,43.34656,-124.32057,0.0,231.2,511.0,NORTH BEND,,WDH4086,31,0,20,6,,90,A
367614030,2022-01-04T01:35:50,43.34653,-124.32056,0.0,223.8,511.0,NORTH BEND,,WDH4086,31,0,20,6,,90,A
367614030,2022-01-04T01:46:10,43.34654,-124.32053,0.0,237.9,511.0,NORTH BEND,,WDH4086,31,0,20,6,,90,A
367614030,2022-01-04T01:38:10,43.34654,-124.32057,0.0,223.7,511.0,NORTH BEND,,WDH4086,31,0,20,6,,90,A
367614030,2022-01-04T01:57:59,43.34654,-124.32054,0.0,282.6,511.0,NORTH BEND,,WDH4086,31,0,20,6,,90,A
367614030,2022-01-04T01:40:29,43.34654,-124.32055,0.0,229.4,511.0,NORTH BEND,,WDH4086,31,0,20,6,,90,A
367614030,2022-01-04T01:51:00,43.34657,-124.32053,0.0,249.5,511.0,NORTH BEND,,WDH4086,31,0,20,6,,90,A
367614030,2022-01-04T01:52:09,43.34659,-124.32056,0.0,259.2,511.0,NORTH BEND,,WDH4086,31,0,20,6,,90,A
367614030,2022-01-04T01:53:20,43.34657,-124.32055,0.0,266.7,511.0,NORTH BEND,,WDH4086,31,0,20,6,,90,A
367614030,2022-01-04T01:48:39,43.34654,-124.32053,0.0,247.0,511.0,NORTH BEND,,WDH4086,31,0,20,6,,90,A
367614030,2022-01-04T01:56:50,43.34654,-124.32056,0.0,282.1,511.0,NORTH BEND,,WDH4086,31,0,20,6,,90,A
367614030,2022-01-04T01:49:50,43.34656,-124.32053,0.0,239.1,511.0,NORTH BEND,,WDH4086,31,0,20,6,,90,A
367614030,2022-01-04T02:13:41,43.34654,-124.32053,0.0,293.3,511.0,NORTH BEND,,WDH4086,31,0,20,6,,90,A
367614030,2022-01-04T01:55:39,43.34655,-124.32057,0.0,286.3,511.0,NORTH BEND,,WDH4086,31,0,20,6,,90,A
367614030,2022-01-04T01:59:19,43.34653,-124.32054,0.0,279.1,511.0,NORTH BEND,,WDH4086,31,0,20,6,,90,A
367614030,2022-01-04T02:19:39,43.34657,-124.32054,0.0,253.3,511.0,NORTH BEND,,WDH4086,31,0,20,6,,90,A
367614030,2022-01-04T02:05:41,43.34657,-124.32054,0.0,266.8,511.0,NORTH BEND,,WDH4086,31,0,20,6,,90,A
367614030,2022-01-04T02:10:21,43.34659,-124.32052,0.0,280.7,511.0,NORTH BEND,,WDH4086,31,0,20,6,,90,A
367614030,2022-01-04T01:59:59,43.34653,-124.32055,0.0,272.3,511.0,NORTH BEND,,WDH4086,31,0,20,6,,90,A
367614030,2022-01-04T02:08:01,43.34658,-124.32053,0.0,261.0,511.0,NORTH BEND,,WDH4086,31,0,20,6,,90,A
367614030,2022-01-04T02:09:10,43.34658,-124.32054,0.0,267.4,511.0,NORTH BEND,,WDH4086,31,0,20,6,,90,A
367614030,2022-01-04T02:01:10,43.34654,-124.32055,0.1,266.8,511.0,NORTH BEND,,WDH4086,31,0,20,6,,90,A
367614030,2022-01-04T02:04:30,43.34658,-124.32056,0.0,263.4,511.0,NORTH BEND,,WDH4086,31,0,20,6,,90,A
367614030,2022-01-04T02:14:51,43.34654,-124.32056,0.0,296.2,511.0,NORTH BEND,,WDH4086,31,0,20,6,,90,A
367614030,2022-01-04T02:02:19,43.34655,-124.32053,0.0,265.2,511.0,NORTH BEND,,WDH4086,31,0,20,6,,90,A
367614030,2022-01-04T02:11:29,43.34655,-124.32053,0.0,281.1,511.0,NORTH BEND,,WDH4086,31,0,20,6,,90,A
367614030,2022-01-04T02:03:21,43.34658,-124.32054,0.0,264.6,511.0,NORTH BEND,,WDH4086,31,0,20,6,,90,A
367614030,2022-01-04T02:18:30,43.34657,-124.32055,0.0,262.3,511.0,NORTH BEND,,WDH4086,31,0,20,6,,90,A
367614030,2022-01-04T02:24:20,43.34656,-124.32055,0.0,219.0,511.0,NORTH BEND,,WDH4086,31,0,20,6,,90,A
367614030,2022-01-04T02:06:51,43.34658,-124.32055,0.0,261.3,511.0,NORTH BEND,,WDH4086,31,0,20,6,,90,A
367614030,2022-01-04T02:21:59,43.34658,-124.32054,0.0,229.1,511.0,NORTH BEND,,WDH4086,31,0,20,6,,90,A
367614030,2022-01-04T02:29:00,43.34656,-124.32053,0.0,210.4,511.0,NORTH BEND,,WDH4086,31,0,20,6,,90,A
367614030,2022-01-04T02:26:41,43.34656,-124.32052,0.0,212.3,511.0,NORTH BEND,,WDH4086,31,0,20,6,,90,A
367614030,2022-01-04T02:27:50,43.34656,-124.32053,0.0,213.6,511.0,NORTH BEND,,WDH4086,31,0,20,6,,90,A
367614030,2022-01-04T02:12:30,43.34657,-124.32052,0.0,285.0,511.0,NORTH BEND,,WDH4086,31,0,20,6,,90,A
367614030,2022-01-04T02:17:20,43.34656,-124.32056,0.0,280.1,511.0,NORTH BEND,,WDH4086,31,0,20,6,,90,A
367614030,2022-01-04T02:20:51,43.34657,-124.32054,0.0,240.3,511.0,NORTH BEND,,WDH4086,31,0,20,6,,90,A
367614030,2022-01-04T02:42:41,43.34651,-124.32058,0.0,232.2,511.0,NORTH BEND,,WDH4086,31,0,20,6,,90,A
367614030,2022-01-04T02:16:10,43.34657,-124.32053,0.0,296.3,511.0,NORTH BEND,,WDH4086,31,0,20,6,,90,A
367614030,2022-01-04T02:30:10,43.34657,-124.32053,0.0,216.1,511.0,NORTH BEND,,WDH4086,31,0,20,6,,90,A
367614030,2022-01-04T01:43:50,43.34654,-124.32056,0.0,254.7,511.0,NORTH BEND,,WDH4086,31,0,20,6,,90,A
367614030,2022-01-04T02:39:21,43.34656,-124.32052,0.0,215.0,511.0,NORTH BEND,,WDH4086,31,0,20,6,,90,A
367614030,2022-01-04T02:31:11,43.34656,-124.32052,0.0,210.5,511.0,NORTH BEND,,WDH4086,31,0,20,6,,90,A
367614030,2022-01-04T02:35:51,43.34654,-124.32057,0.0,209.5,511.0,NORTH BEND,,WDH4086,31,0,20,6,,90,A
367614030,2022-01-04T02:52:01,43.34656,-124.32055,0.0,266.4,511.0,NORTH BEND,,WDH4086,31,0,20,6,,90,A
367614030,2022-01-04T02:25:31,43.34656,-124.32054,0.0,216.0,511.0,NORTH BEND,,WDH4086,31,0,20,6,,90,A
367614030,2022-01-04T02:53:11,43.34653,-124.32054,0.0,285.1,511.0,NORTH BEND,,WDH4086,31,0,20,6,,90,A
367614030,2022-01-04T01:45:00,43.34654,-124.32054,0.1,241.1,511.0,NORTH BEND,,WDH4086,31,0,20,6,,90,A
367614030,2022-01-04T02:56:39,43.34654,-124.32057,0.0,276.3,511.0,NORTH BEND,,WDH4086,31,0,20,6,,90,A
367614030,2022-01-04T02:32:20,43.34654,-124.32054,0.0,210.4,511.0,NORTH BEND,,WDH4086,31,0,20,6,,90,A
367614030,2022-01-04T02:33:30,43.34655,-124.32052,0.0,209.1,511.0,NORTH BEND,,WDH4086,31,0,20,6,,90,A
367614030,2022-01-04T02:47:20,43.34653,-124.32055,0.0,246.2,511.0,NORTH BEND,,WDH4086,31,0,20,6,,90,A
367614030,2022-01-04T02:49:40,43.34656,-124.32056,0.0,261.3,511.0,NORTH BEND,,WDH4086,31,0,20,6,,90,A
367614030,2022-01-04T02:55:31,43.34653,-124.32056,0.0,284.3,511.0,NORTH BEND,,WDH4086,31,0,20,6,,90,A
367614030,2022-01-04T02:38:10,43.34657,-124.32049,0.0,216.1,511.0,NORTH BEND,,WDH4086,31,0,20,6,,90,A
367614030,2022-01-04T02:43:51,43.34652,-124.32057,0.0,229.4,511.0,NORTH BEND,,WDH4086,31,0,20,6,,90,A
367614030,2022-01-04T02:40:30,43.34654,-124.32054,0.0,214.9,511.0,NORTH BEND,,WDH4086,31,0,20,6,,90,A
367614030,2022-01-04T02:34:40,43.34655,-124.32052,0.0,206.5,511.0,NORTH BEND,,WDH4086,31,0,20,6,,90,A
367614030,2022-01-04T02:46:11,43.34654,-124.32056,0.0,241.4,511.0,NORTH BEND,,WDH4086,31,0,20,6,,90,A
367614030,2022-01-04T03:00:00,43.34654,-124.32055,0.0,254.8,511.0,NORTH BEND,,WDH4086,31,0,20,6,,90,A
367614030,2022-01-04T02:37:01,43.34654,-124.32055,0.0,213.5,511.0,NORTH BEND,,WDH4086,31,0,20,6,,90,A
367614030,2022-01-04T01:54:30,43.34654,-124.32057,0.0,280.3,511.0,NORTH BEND,,WDH4086,31,0,20,6,,90,A
367614030,2022-01-04T03:02:20,43.34652,-124.32053,0.0,243.3,511.0,NORTH BEND,,WDH4086,31,0,20,6,,90,A
367614030,2022-01-04T02:41:31,43.34656,-124.32055,0.1,228.3,511.0,NORTH BEND,,WDH4086,31,0,20,6,,90,A
367614030,2022-01-04T03:08:20,43.34655,-124.32055,0.0,227.4,511.0,NORTH BEND,,WDH4086,31,0,20,6,,90,A
367614030,2022-01-04T02:50:50,43.34654,-124.32053,0.0,264.1,511.0,NORTH BEND,,WDH4086,31,0,20,6,,90,A
367614030,2022-01-04T03:20:01,43.34654,-124.32052,0.0,224.9,511.0,NORTH BEND,,WDH4086,31,0,20,6,,90,A
367614030,2022-01-04T02:57:50,43.34656,-124.32051,0.0,262.3,511.0,NORTH BEND,,WDH4086,31,0,20,6,,90,A
367614030,2022-01-04T03:10:40,43.34653,-124.32053,0.0,221.6,511.0,NORTH BEND,,WDH4086,31,0,20,6,,90,A
367614030,2022-01-04T03:01:10,43.34654,-124.32055,0.0,253.2,511.0,NORTH BEND,,WDH4086,31,0,20,6,,90,A
367614030,2022-01-04T03:23:29,43.34658,-124.32052,0.0,231.0,511.0,NORTH BEND,,WDH4086,31,0,20,6,,90,A
367614030,2022-01-04T03:13:00,43.34655,-124.32052,0.0,223.3,511.0,NORTH BEND,,WDH4086,31,0,20,6,,90,A
367614030,2022-01-04T03:04:50,43.34654,-124.32058,0.0,237.5,511.0,NORTH BEND,,WDH4086,31,0,20,6,,90,A
367614030,2022-01-04T03:14:10,43.34656,-124.32051,0.0,226.4,511.0,NORTH BEND,,WDH4086,31,0,20,6,,90,A
367614030,2022-01-04T02:59:00,43.34654,-124.32055,0.0,251.4,511.0,NORTH BEND,,WDH4086,31,0,20,6,,90,A
367614030,2022-01-04T02:54:20,43.34653,-124.32054,0.0,285.5,511.0,NORTH BEND,,WDH4086,31,0,20,6,,90,A
367614030,2022-01-04T03:15:20,43.34654,-124.32051,0.1,228.3,511.0,NORTH BEND,,WDH4086,31,0,20,6,,90,A
367614030,2022-01-04T03:31:11,43.34655,-124.32053,0.1,260.8,511.0,NORTH BEND,,WDH4086,31,0,20,6,,90,A
367614030,2022-01-04T03:18:50,43.34654,-124.32052,0.0,221.9,511.0,NORTH BEND,,WDH4086,31,0,20,6,,90,A
367614030,2022-01-04T03:03:39,43.34653,-124.32053,0.0,240.9,511.0,NORTH BEND,,WDH4086,31,0,20,6,,90,A
367614030,2022-01-04T03:34:50,43.34654,-124.32054,0.0,277.3,511.0,NORTH BEND,,WDH4086,31,0,20,6,,90,A
367614030,2022-01-04T03:22:21,43.34657,-124.32050,0.0,222.9,511.0,NORTH BEND,,WDH4086,31,0,20,6,,90,A
367614030,2022-01-04T03:17:40,43.34654,-124.32051,0.0,223.0,511.0,NORTH BEND,,WDH4086,31,0,20,6,,90,A
367614030,2022-01-04T03:41:51,43.34652,-124.32050,0.0,254.8,511.0,NORTH BEND,,WDH4086,31,0,20,6,,90,A
367614030,2022-01-04T03:05:59,43.34655,-124.32056,0.1,223.4,511.0,NORTH BEND,,WDH4086,31,0,20,6,,90,A
367614030,2022-01-04T03:32:20,43.34654,-124.32054,0.0,258.1,511.0,NORTH BEND,,WDH4086,31,0,20,6,,90,A
367614030,2022-01-04T02:23:10,43.34657,-124.32054,0.0,224.3,511.0,NORTH BEND,,WDH4086,31,0,20,6,,90,A
367614030,2022-01-04T03:11:49,43.34656,-124.32051,0.1,220.6,511.0,NORTH BEND,,WDH4086,31,0,20,6,,90,A
367614030,2022-01-04T03:24:30,43.34657,-124.32051,0.0,247.1,511.0,NORTH BEND,,WDH4086,31,0,20,6,,90,A
367614030,2022-01-04T03:26:50,43.34657,-124.32050,0.1,260.1,511.0,NORTH BEND,,WDH4086,31,0,20,6,,90,A
367614030,2022-01-04T03:21:10,43.34657,-124.32051,0.0,230.0,511.0,NORTH BEND,,WDH4086,31,0,20,6,,90,A
367614030,2022-01-04T03:35:59,43.34652,-124.32056,0.0,278.6,511.0,NORTH BEND,,WDH4086,31,0,20,6,,90,A
367614030,2022-01-04T03:39:39,43.34653,-124.32051,0.0,264.6,511.0,NORTH BEND,,WDH4086,31,0,20,6,,90,A
367614030,2022-01-04T03:16:29,43.34652,-124.32050,0.0,226.3,511.0,NORTH BEND,,WDH4086,31,0,20,6,,90,A
367614030,2022-01-04T03:40:49,43.34650,-124.32053,0.0,260.3,511.0,NORTH BEND,,WDH4086,31,0,20,6,,90,A
367614030,2022-01-04T03:44:11,43.34651,-124.32054,0.0,250.4,511.0,NORTH BEND,,WDH4086,31,0,20,6,,90,A
367614030,2022-01-04T03:28:11,43.34657,-124.32052,0.1,266.2,511.0,NORTH BEND,,WDH4086,31,0,20,6,,90,A
367614030,2022-01-04T03:37:19,43.34653,-124.32052,0.0,265.2,511.0,NORTH BEND,,WDH4086,31,0,20,6,,90,A
367614030,2022-01-04T03:25:40,43.34655,-124.32053,0.1,256.3,511.0,NORTH BEND,,WDH4086,31,0,20,6,,90,A
367614030,2022-01-04T03:49:00,43.34656,-124.32049,0.0,234.0,511.0,NORTH BEND,,WDH4086,31,0,20,6,,90,A
367614030,2022-01-04T03:33:31,43.34651,-124.32054,0.0,262.6,511.0,NORTH BEND,,WDH4086,31,0,20,6,,90,A
367614030,2022-01-04T03:45:31,43.34654,-124.32052,0.0,247.4,511.0,NORTH BEND,,WDH4086,31,0,20,6,,90,A
367614030,2022-01-04T04:11:30,43.34656,-124.32051,0.0,220.6,511.0,NORTH BEND,,WDH4086,31,0,20,6,,90,A
367614030,2022-01-04T04:12:40,43.34656,-124.32053,0.0,220.2,511.0,NORTH BEND,,WDH4086,31,0,20,6,,90,A
367614030,2022-01-04T04:18:21,43.34656,-124.32050,0.0,228.7,511.0,NORTH BEND,,WDH4086,31,0,20,6,,90,A
367614030,2022-01-04T03:52:30,43.34652,-124.32049,0.1,242.6,511.0,NORTH BEND,,WDH4086,31,0,20,6,,90,A
367614030,2022-01-04T02:45:00,43.34653,-124.32055,0.0,239.2,511.0,NORTH BEND,,WDH4086,31,0,20,6,,90,A
367614030,2022-01-04T04:23:01,43.34656,-124.32055,0.0,246.1,511.0,NORTH BEND,,WDH4086,31,0,20,6,,90,A
367614030,2022-01-04T03:56:00,43.34654,-124.32053,0.0,261.8,511.0,NORTH BEND,,WDH4086,31,0,20,6,,90,A
367614030,2022-01-04T03:57:09,43.34657,-124.32052,0.1,255.1,511.0,NORTH BEND,,WDH4086,31,0,20,6,,90,A
367614030,2022-01-04T02:48:31,43.34656,-124.32053,0.0,258.0,511.0,NORTH BEND,,WDH4086,31,0,20,6,,90,A
367614030,2022-01-04T04:05:51,43.34657,-124.32052,0.0,235.4,511.0,NORTH BEND,,WDH4086,31,0,20,6,,90,A
367614030,2022-01-04T03:43:00,43.34647,-124.32055,0.0,251.6,511.0,NORTH BEND,,WDH4086,31,0,20,6,,90,A
367614030,2022-01-04T04:06:59,43.34655,-124.32051,0.0,226.7,511.0,NORTH BEND,,WDH4086,31,0,20,6,,90,A
367614030,2022-01-04T04:04:40,43.34654,-124.32052,0.0,228.1,511.0,NORTH BEND,,WDH4086,31,0,20,6,,90,A
367614030,2022-01-04T04:01:10,43.34655,-124.32049,0.0,265.6,511.0,NORTH BEND,,WDH4086,31,0,20,6,,90,A
367614030,2022-01-04T03:47:50,43.34654,-124.32054,0.0,244.7,511.0,NORTH BEND,,WDH4086,31,0,20,6,,90,A
367614030,2022-01-04T03:51:20,43.34649,-124.32049,0.0,244.4,511.0,NORTH BEND,,WDH4086,31,0,20,6,,90,A
367614030,2022-01-04T04:21:51,43.34656,-124.32052,0.1,235.4,511.0,NORTH BEND,,WDH4086,31,0,20,6,,90,A
367614030,2022-01-04T03:54:49,43.34652,-124.32052,0.0,254.1,511.0,NORTH BEND,,WDH4086,31,0,20,6,,90,A
367614030,2022-01-04T04:08:00,43.34655,-124.32053,0.0,222.8,511.0,NORTH BEND,,WDH4086,31,0,20,6,,90,A
367614030,2022-01-04T04:28:49,43.34655,-124.32052,0.0,234.1,511.0,NORTH BEND,,WDH4086,31,0,20,6,,90,A
367614030,2022-01-04T03:58:21,43.34655,-124.32052,0.1,261.9,511.0,NORTH BEND,,WDH4086,31,0,20,6,,90,A
367614030,2022-01-04T03:07:11,43.34656,-124.32056,0.0,216.9,511.0,NORTH BEND,,WDH4086,31,0,20,6,,90,A
367614030,2022-01-04T04:33:30,43.34654,-124.32055,0.0,249.6,511.0,NORTH BEND,,WDH4086,31,0,20,6,,90,A
367614030,2022-01-04T04:02:21,43.34658,-124.32051,0.0,254.2,511.0,NORTH BEND,,WDH4086,31,0,20,6,,90,A
367614030,2022-01-04T04:03:30,43.34655,-124.32053,0.1,240.1,511.0,NORTH BEND,,WDH4086,31,0,20,6,,90,A
367614030,2022-01-04T04:24:10,43.34657,-124.32052,0.1,240.9,511.0,NORTH BEND,,WDH4086,31,0,20,6,,90,A
367614030,2022-01-04T04:15:00,43.34654,-124.32053,0.0,219.9,511.0,NORTH BEND,,WDH4086,31,0,20,6,,90,A
367614030,2022-01-04T04:53:31,43.34655,-124.32052,0.0,277.4,511.0,NORTH BEND,,WDH4086,31,0,20,6,,90,A
367614030,2022-01-04T03:09:30,43.34653,-124.32055,0.0,224.3,511.0,NORTH BEND,,WDH4086,31,0,20,6,,90,A
367614030,2022-01-04T04:27:40,43.34656,-124.32052,0.1,237.4,511.0,NORTH BEND,,WDH4086,31,0,20,6,,90,A
367614030,2022-01-04T04:40:40,43.34655,-124.32052,0.0,253.5,511.0,NORTH BEND,,WDH4086,31,0,20,6,,90,A
367614030,2022-01-04T04:56:50,43.34655,-124.32051,0.1,268.8,511.0,NORTH BEND,,WDH4086,31,0,20,6,,90,A
367614030,2022-01-04T04:17:20,43.34652,-124.32052,0.0,227.3,511.0,NORTH BEND,,WDH4086,31,0,20,6,,90,A
367614030,2022-01-04T04:41:50,43.34656,-124.32053,0.0,254.0,511.0,NORTH BEND,,WDH4086,31,0,20,6,,90,A
367614030,2022-01-04T04:37:01,43.34656,-124.32053,0.1,262.3,511.0,NORTH BEND,,WDH4086,31,0,20,6,,90,A
367614030,2022-01-04T04:38:09,43.34656,-124.32052,0.1,257.8,511.0,NORTH BEND,,WDH4086,31,0,20,6,,90,A
367614030,2022-01-04T04:10:20,43.34656,-124.32053,0.0,221.2,511.0,NORTH BEND,,WDH4086,31,0,20,6,,90,A
367614030,2022-01-04T04:39:31,43.34654,-124.32052,0.0,252.7,511.0,NORTH BEND,,WDH4086,31,0,20,6,,90,A
367614030,2022-01-04T04:31:10,43.34654,-124.32052,0.0,232.9,511.0,NORTH BEND,,WDH4086,31,0,20,6,,90,A
367614030,2022-01-04T04:48:50,43.34653,-124.32055,0.1,291.5,511.0,NORTH BEND,,WDH4086,31,0,20,6,,90,A
367614030,2022-01-04T04:13:51,43.34655,-124.32053,0.0,220.3,511.0,NORTH BEND,,WDH4086,31,0,20,6,,90,A
367614030,2022-01-04T04:16:10,43.34654,-124.32054,0.0,222.5,511.0,NORTH BEND,,WDH4086,31,0,20,6,,90,A
367614030,2022-01-04T04:55:41,43.34655,-124.32052,0.0,272.4,511.0,NORTH BEND,,WDH4086,31,0,20,6,,90,A
367614030,2022-01-04T04:19:30,43.34656,-124.32052,0.0,231.6,511.0,NORTH BEND,,WDH4086,31,0,20,6,,90,A
367614030,2022-01-04T04:20:40,43.34657,-124.32053,0.0,231.8,511.0,NORTH BEND,,WDH4086,31,0,20,6,,90,A
367614030,2022-01-04T04:50:01,43.34656,-124.32054,0.0,284.3,511.0,NORTH BEND,,WDH4086,31,0,20,6,,90,A
367614030,2022-01-04T04:51:10,43.34659,-124.32053,0.0,292.1,511.0,NORTH BEND,,WDH4086,31,0,20,6,,90,A
367614030,2022-01-04T04:45:21,43.34653,-124.32056,0.0,270.9,511.0,NORTH BEND,,WDH4086,31,0,20,6,,90,A
367614030,2022-01-04T04:25:21,43.34657,-124.32054,0.0,241.8,511.0,NORTH BEND,,WDH4086,31,0,20,6,,90,A
367614030,2022-01-04T05:15:00,43.34655,-124.32050,0.0,261.6,511.0,NORTH BEND,,WDH4086,31,0,20,6,,90,A
367614030,2022-01-04T04:47:39,43.34653,-124.32055,0.0,284.0,511.0,NORTH BEND,,WDH4086,31,0,20,6,,90,A
367614030,2022-01-04T04:26:30,43.34657,-124.32055,0.1,240.5,511.0,NORTH BEND,,WDH4086,31,0,20,6,,90,A
367614030,2022-01-04T03:29:21,43.34656,-124.32053,0.0,264.1,511.0,NORTH BEND,,WDH4086,31,0,20,6,,90,A
367614030,2022-01-04T05:19:41,43.34655,-124.32053,0.1,275.3,511.0,NORTH BEND,,WDH4086,31,0,20,6,,90,A
367614030,2022-01-04T04:46:31,43.34651,-124.32058,0.0,294.5,511.0,NORTH BEND,,WDH4086,31,0,20,6,,90,A
367614030,2022-01-04T04:29:59,43.34656,-124.32052,0.0,236.3,511.0,NORTH BEND,,WDH4086,31,0,20,6,,90,A
367614030,2022-01-04T04:59:59,43.34656,-124.32053,0.1,227.0,511.0,NORTH BEND,,WDH4086,31,0,20,6,,90,A
367614030,2022-01-04T05:11:40,43.34655,-124.32052,0.0,257.0,511.0,NORTH BEND,,WDH4086,31,0,20,6,,90,A
367614030,2022-01-04T05:22:00,43.34654,-124.32058,0.0,277.2,511.0,NORTH BEND,,WDH4086,31,0,20,6,,90,A
367614030,2022-01-04T05:01:10,43.34657,-124.32051,0.1,222.5,511.0,NORTH BEND,,WDH4086,31,0,20,6,,90,A
367614030,2022-01-04T04:57:59,43.34656,-124.32051,0.1,260.8,511.0,NORTH BEND,,WDH4086,31,0,20,6,,90,A
367614030,2022-01-04T04:35:51,43.34655,-124.32054,0.0,263.0,511.0,NORTH BEND,,WDH4086,31,0,20,6,,90,A
367614030,2022-01-04T03:38:30,43.34657,-124.32053,0.0,258.3,511.0,NORTH BEND,,WDH4086,31,0,20,6,,90,A
367614030,2022-01-04T05:09:21,43.34655,-124.32051,0.1,214.9,511.0,NORTH BEND,,WDH4086,31,0,20,6,,90,A
367614030,2022-01-04T05:24:20,43.34656,-124.32051,0.0,279.5,511.0,NORTH BEND,,WDH4086,31,0,20,6,,90,A
367614030,2022-01-04T04:43:01,43.34656,-124.32053,0.1,248.5,511.0,NORTH BEND,,WDH4086,31,0,20,6,,90,A
367614030,2022-01-04T05:03:31,43.34657,-124.32054,0.1,207.6,511.0,NORTH BEND,,WDH4086,31,0,20,6,,90,A
367614030,2022-01-04T05:17:20,43.34657,-124.32053,0.0,268.2,511.0,NORTH BEND,,WDH4086,31,0,20,6,,90,A
367614030,2022-01-04T03:46:40,43.34654,-124.32052,0.0,243.1,511.0,NORTH BEND,,WDH4086,31,0,20,6,,90,A
367614030,2022-01-04T05:18:30,43.34656,-124.32055,0.1,267.9,511.0,NORTH BEND,,WDH4086,31,0,20,6,,90,A
367614030,2022-01-04T05:12:41,43.34655,-124.32052,0.1,260.6,511.0,NORTH BEND,,WDH4086,31,0,20,6,,90,A
367614030,2022-01-04T05:36:50,43.34657,-124.32055,0.1,354.4,511.0,NORTH BEND,,WDH4086,31,0,20,6,,90,A
367614030,2022-01-04T04:52:20,43.34656,-124.32053,0.0,285.2,511.0,NORTH BEND,,WDH4086,31,0,20,6,,90,A
367614030,2022-01-04T03:50:11,43.34654,-124.32053,0.1,240.0,511.0,NORTH BEND,,WDH4086,31,0,20,6,,90,A
367614030,2022-01-04T04:54:40,43.34654,-124.32051,0.0,278.3,511.0,NORTH BEND,,WDH4086,31,0,20,6,,90,A
367614030,2022-01-04T03:53:40,43.34653,-124.32052,0.0,247.8,511.0,NORTH BEND,,WDH4086,31,0,20,6,,90,A
367614030,2022-01-04T05:20:50,43.34654,-124.32053,0.1,278.3,511.0,NORTH BEND,,WDH4086,31,0,20,6,,90,A
367614030,2022-01-04T05:42:41,43.34656,-124.32053,0.0,326.7,511.0,NORTH BEND,,WDH4086,31,0,20,6,,90,A
367614030,2022-01-04T05:23:10,43.34655,-124.32053,0.1,279.2,511.0,NORTH BEND,,WDH4086,31,0,20,6,,90,A
367614030,2022-01-04T04:59:10,43.34655,-124.32053,0.0,239.1,511.0,NORTH BEND,,WDH4086,31,0,20,6,,90,A
367614030,2022-01-04T05:50:49,43.34654,-124.32054,0.1,358.0,511.0,NORTH BEND,,WDH4086,31,0,20,6,,90,A
367614030,2022-01-04T05:25:30,43.34655,-124.32054,0.0,290.4,511.0,NORTH BEND,,WDH4086,31,0,20,6,,90,A
367614030,2022-01-04T05:45:00,43.34654,-124.32056,0.1,315.7,511.0,NORTH BEND,,WDH4086,31,0,20,6,,90,A
367614030,2022-01-04T05:26:41,43.34656,-124.32051,0.0,279.4,511.0,NORTH BEND,,WDH4086,31,0,20,6,,90,A
367614030,2022-01-04T05:02:19,43.34652,-124.32058,0.1,210.4,511.0,NORTH BEND,,WDH4086,31,0,20,6,,90,A
367614030,2022-01-04T05:54:30,43.34658,-124.32051,0.0,323.8,511.0,NORTH BEND,,WDH4086,31,0,20,6,,90,A
367614030,2022-01-04T05:06:59,43.34656,-124.32054,0.1,214.5,511.0,NORTH BEND,,WDH4086,31,0,20,6,,90,A
367614030,2022-01-04T03:59:30,43.34656,-124.32051,0.0,263.9,511.0,NORTH BEND,,WDH4086,31,0,20,6,,90,A
367614030,2022-01-04T04:00:00,43.34656,-124.32049,0.0,262.7,511.0,NORTH BEND,,WDH4086,31,0,20,6,,90,A
367614030,2022-01-04T05:04:40,43.34656,-124.32054,0.0,208.6,511.0,NORTH BEND,,WDH4086,31,0,20,6,,90,A
367614030,2022-01-04T05:35:39,43.34656,-124.32053,0.1,6.6,511.0,NORTH BEND,,WDH4086,31,0,20,6,,90,A
367614030,2022-01-04T05:55:40,43.34658,-124.32051,0.1,312.6,511.0,NORTH BEND,,WDH4086,31,0,20,6,,90,A
367614030,2022-01-04T05:39:09,43.34657,-124.32053,0.0,337.2,511.0,NORTH BEND,,WDH4086,31,0,20,6,,90,A
367614030,2022-01-04T05:40:20,43.34656,-124.32052,0.0,333.7,511.0,NORTH BEND,,WDH4086,31,0,20,6,,90,A
367614030,2022-01-04T05:28:59,43.34657,-124.32053,0.0,275.5,511.0,NORTH BEND,,WDH4086,31,0,20,6,,90,A
367614030,2022-01-04T05:32:11,43.34653,-124.32058,0.0,335.4,511.0,NORTH BEND,,WDH4086,31,0,20,6,,90,A
367614030,2022-01-04T06:03:29,43.34657,-124.32051,0.0,254.0,511.0,NORTH BEND,,WDH4086,31,0,20,6,,90,A
367614030,2022-01-04T05:13:51,43.34658,-124.32049,0.1,270.2,511.0,NORTH BEND,,WDH4086,31,0,20,6,,90,A
367614030,2022-01-04T05:33:21,43.34654,-124.32055,0.1,354.0,511.0,NORTH BEND,,WDH4086,31,0,20,6,,90,A
367614030,2022-01-04T06:05:40,43.34656,-124.32051,0.0,240.3,511.0,NORTH BEND,,WDH4086,31,0,20,6,,90,A
367614030,2022-01-04T04:09:11,43.34655,-124.32054,0.0,225.6,511.0,NORTH BEND,,WDH4086,31,0,20,6,,90,A
367614030,2022-01-04T05:53:11,43.34655,-124.32053,0.1,334.6,511.0,NORTH BEND,,WDH4086,31,0,20,6,,90,A
367614030,2022-01-04T06:08:10,43.34661,-124.32049,0.0,226.2,511.0,NORTH BEND,,WDH4086,31,0,20,6,,90,A
367614030,2022-01-04T05:41:31,43.34657,-124.32051,0.0,330.8,511.0,NORTH BEND,,WDH4086,31,0,20,6,,90,A
367614030,2022-01-04T06:09:20,43.34659,-124.32051,0.1,241.0,511.0,NORTH BEND,,WDH4086,31,0,20,6,,90,A
367614030,2022-01-04T05:47:19,43.34653,-124.32056,0.0,344.8,511.0,NORTH BEND,,WDH4086,31,0,20,6,,90,A
367614030,2022-01-04T06:11:41,43.34667,-124.32046,0.0,239.3,511.0,NORTH BEND,,WDH4086,31,0,20,6,,90,A
367614030,2022-01-04T06:12:51,43.34658,-124.32052,0.1,233.6,511.0,NORTH BEND,,WDH4086,31,0,20,6,,90,A
367614030,2022-01-04T05:59:10,43.34657,-124.32053,0.1,266.3,511.0,NORTH BEND,,WDH4086,31,0,20,6,,90,A
367614030,2022-01-04T05:52:01,43.34655,-124.32053,0.1,334.6,511.0,NORTH BEND,,WDH4086,31,0,20,6,,90,A
367614030,2022-01-04T05:34:30,43.34656,-124.32056,0.0,357.6,511.0,NORTH BEND,,WDH4086,31,0,20,6,,90,A
367614030,2022-01-04T06:19:41,43.34658,-124.32051,0.0,257.7,511.0,NORTH BEND,,WDH4086,31,0,20,6,,90,A
367614030,2022-01-04T05:38:00,43.34656,-124.32053,0.0,353.9,511.0,NORTH BEND,,WDH4086,31,0,20,6,,90,A
367614030,2022-01-04T05:30:59,43.34654,-124.32056,0.1,316.7,511.0,NORTH BEND,,WDH4086,31,0,20,6,,90,A
367614030,2022-01-04T06:20:49,43.34657,-124.32053,0.1,250.9,511.0,NORTH BEND,,WDH4086,31,0,20,6,,90,A
367614030,2022-01-04T06:06:51,43.34660,-124.32050,0.0,231.5,511.0,NORTH BEND,,WDH4086,31,0,20,6,,90,A
367614030,2022-01-04T05:58:01,43.34659,-124.32050,0.0,278.4,511.0,NORTH BEND,,WDH4086,31,0,20,6,,90,A
367614030,2022-01-04T06:25:30,43.34655,-124.32052,0.1,231.5,511.0,NORTH BEND,,WDH4086,31,0,20,6,,90,A
367614030,2022-01-04T06:15:10,43.34656,-124.32054,0.0,242.0,511.0,NORTH BEND,,WDH4086,31,0,20,6,,90,A
367614030,2022-01-04T06:30:59,43.34654,-124.32055,0.1,250.2,511.0,NORTH BEND,,WDH4086,31,0,20,6,,90,A
367614030,2022-01-04T06:10:31,43.34660,-124.32049,0.0,242.6,511.0,NORTH BEND,,WDH4086,31,0,20,6,,90,A
367614030,2022-01-04T06:42:01,43.34649,-124.32056,0.1,283.2,511.0,NORTH BEND,,WDH4086,31,0,20,6,,90,A
367614030,2022-01-04T05:49:39,43.34653,-124.32056,0.0,359.9,511.0,NORTH BEND,,WDH4086,31,0,20,6,,90,A
367614030,2022-01-04T06:24:20,43.34654,-124.32050,0.0,230.7,511.0,NORTH BEND,,WDH4086,31,0,20,6,,90,A
367614030,2022-01-04T06:39:40,43.34652,-124.32057,0.1,234.5,511.0,NORTH BEND,,WDH4086,31,0,20,6,,90,A
367614030,2022-01-04T05:56:49,43.34660,-124.32051,0.1,298.2,511.0,NORTH BEND,,WDH4086,31,0,20,6,,90,A
367614030,2022-01-04T06:18:30,43.34656,-124.32051,0.1,262.0,511.0,NORTH BEND,,WDH4086,31,0,20,6,,90,A
367614030,2022-01-04T06:29:00,43.34653,-124.32059,0.0,250.9,511.0,NORTH BEND,,WDH4086,31,0,20,6,,90,A
367614030,2022-01-04T04:32:20,43.34655,-124.32056,0.0,242.2,511.0,NORTH BEND,,WDH4086,31,0,20,6,,90,A
367614030,2022-01-04T06:23:09,43.34653,-124.32054,0.1,235.2,511.0,NORTH BEND,,WDH4086,31,0,20,6,,90,A
367614030,2022-01-04T06:00:01,43.34657,-124.32052,0.0,260.6,511.0,NORTH BEND,,WDH4086,31,0,20,6,,90,A
367614030,2022-01-04T04:34:40,43.34653,-124.32054,0.1,255.9,511.0,NORTH BEND,,WDH4086,31,0,20,6,,90,A
367614030,2022-01-04T06:22:00,43.34656,-124.32052,0.1,248.7,511.0,NORTH BEND,,WDH4086,31,0,20,6,,90,A
367614030,2022-01-04T06:34:30,43.34653,-124.32054,0.1,241.8,511.0,NORTH BEND,,WDH4086,31,0,20,6,,90,A
367614030,2022-01-04T06:46:41,43.34656,-124.32052,0.0,291.6,511.0,NORTH BEND,,WDH4086,31,0,20,6,,90,A
367614030,2022-01-04T06:47:50,43.34656,-124.32053,0.1,313.9,511.0,NORTH BEND,,WDH4086,31,0,20,6,,90,A
367614030,2022-01-04T06:49:00,43.34653,-124.32054,0.2,316.2,511.0,NORTH BEND,,WDH4086,31,0,20,6,,90,A
367614030,2022-01-04T06:33:21,43.34653,-124.32054,0.1,244.3,511.0,NORTH BEND,,WDH4086,31,0,20,6,,90,A
367614030,2022-01-04T04:44:09,43.34652,-124.32055,0.1,257.2,511.0,NORTH BEND,,WDH4086,31,0,20,6,,90,A
367614030,2022-01-04T06:38:01,43.34652,-124.32054,0.1,227.3,511.0,NORTH BEND,,WDH4086,31,0,20,6,,90,A
367614030,2022-01-04T07:03:31,43.34654,-124.32052,0.0,317.1,511.0,NORTH BEND,,WDH4086,31,0,20,6,,90,A
367614030,2022-01-04T06:36:50,43.34653,-124.32053,0.0,240.1,511.0,NORTH BEND,,WDH4086,31,0,20,6,,90,A
367614030,2022-01-04T06:51:19,43.34653,-124.32056,0.0,316.7,511.0,NORTH BEND,,WDH4086,31,0,20,6,,90,A
367614030,2022-01-04T06:52:30,43.34653,-124.32054,0.1,316.6,511.0,NORTH BEND,,WDH4086,31,0,20,6,,90,A
367614030,2022-01-04T06:14:00,43.34656,-124.32054,0.1,233.0,511.0,NORTH BEND,,WDH4086,31,0,20,6,,90,A
367614030,2022-01-04T06:55:11,43.34653,-124.32056,0.1,318.0,511.0,NORTH BEND,,WDH4086,31,0,20,6,,90,A
367614030,2022-01-04T06:56:21,43.34653,-124.32054,0.0,304.5,511.0,NORTH BEND,,WDH4086,31,0,20,6,,90,A
367614030,2022-01-04T07:13:21,43.34655,-124.32054,0.1,316.7,511.0,NORTH BEND,,WDH4086,31,0,20,6,,90,A
367614030,2022-01-04T07:15:51,43.34654,-124.32057,0.1,334.8,511.0,NORTH BEND,,WDH4086,31,0,20,6,,90,A
367614030,2022-01-04T07:01:09,43.34654,-124.32055,0.0,326.2,511.0,NORTH BEND,,WDH4086,31,0,20,6,,90,A
367614030,2022-01-04T07:04:40,43.34651,-124.32051,0.1,325.8,511.0,NORTH BEND,,WDH4086,31,0,20,6,,90,A
367614030,2022-01-04T07:20:29,43.34654,-124.32052,0.0,327.4,511.0,NORTH BEND,,WDH4086,31,0,20,6,,90,A
367614030,2022-01-04T06:50:10,43.34653,-124.32054,0.1,320.2,511.0,NORTH BEND,,WDH4086,31,0,20,6,,90,A
367614030,2022-01-04T06:26:39,43.34654,-124.32054,0.1,232.1,511.0,NORTH BEND,,WDH4086,31,0,20,6,,90,A
367614030,2022-01-04T07:21:31,43.34653,-124.32054,0.1,333.2,511.0,NORTH BEND,,WDH4086,31,0,20,6,,90,A
367614030,2022-01-04T06:27:50,43.34651,-124.32060,0.0,241.3,511.0,NORTH BEND,,WDH4086,31,0,20,6,,90,A
367614030,2022-01-04T07:23:51,43.34657,-124.32054,0.1,325.9,511.0,NORTH BEND,,WDH4086,31,0,20,6,,90,A
367614030,2022-01-04T06:59:40,43.34653,-124.32054,0.0,321.5,511.0,NORTH BEND,,WDH4086,31,0,20,6,,90,A
367614030,2022-01-04T07:14:29,43.34656,-124.32056,0.1,325.4,511.0,NORTH BEND,,WDH4086,31,0,20,6,,90,A
367614030,2022-01-04T07:22:40,43.34655,-124.32053,0.0,336.6,511.0,NORTH BEND,,WDH4086,31,0,20,6,,90,A
367614030,2022-01-04T07:18:10,43.34656,-124.32056,0.1,338.9,511.0,NORTH BEND,,WDH4086,31,0,20,6,,90,A
367614030,2022-01-04T07:02:20,43.34653,-124.32053,0.1,315.6,511.0,NORTH BEND,,WDH4086,31,0,20,6,,90,A
367614030,2022-01-04T07:19:20,43.34654,-124.32054,0.1,339.3,511.0,NORTH BEND,,WDH4086,31,0,20,6,,90,A
367614030,2022-01-04T07:05:49,43.34654,-124.32053,0.1,315.6,511.0,NORTH BEND,,WDH4086,31,0,20,6,,90,A
367614030,2022-01-04T06:40:51,43.34649,-124.32058,0.0,270.5,511.0,NORTH BEND,,WDH4086,31,0,20,6,,90,A
367614030,2022-01-04T07:37:09,43.34654,-124.32056,0.1,320.5,511.0,NORTH BEND,,WDH4086,31,0,20,6,,90,A
367614030,2022-01-04T05:05:49,43.34655,-124.32053,0.0,212.3,511.0,NORTH BEND,,WDH4086,31,0,20,6,,90,A
367614030,2022-01-04T06:44:20,43.34654,-124.32051,0.1,272.1,511.0,NORTH BEND,,WDH4086,31,0,20,6,,90,A
367614030,2022-01-04T07:33:40,43.34654,-124.32055,0.0,328.1,511.0,NORTH BEND,,WDH4086,31,0,20,6,,90,A
367614030,2022-01-04T05:08:11,43.34659,-124.32053,0.0,219.9,511.0,NORTH BEND,,WDH4086,31,0,20,6,,90,A
367614030,2022-01-04T07:27:20,43.34659,-124.32055,0.0,306.9,511.0,NORTH BEND,,WDH4086,31,0,20,6,,90,A
367614030,2022-01-04T07:39:29,43.34656,-124.32054,0.1,309.2,511.0,NORTH BEND,,WDH4086,31,0,20,6,,90,A
367614030,2022-01-04T05:10:30,43.34656,-124.32052,0.0,242.0,511.0,NORTH BEND,,WDH4086,31,0,20,6,,90,A
367614030,2022-01-04T07:12:10,43.34654,-124.32054,0.1,319.7,511.0,NORTH BEND,,WDH4086,31,0,20,6,,90,A
367614030,2022-01-04T06:45:31,43.34656,-124.32051,0.0,282.9,511.0,NORTH BEND,,WDH4086,31,0,20,6,,90,A
367614030,2022-01-04T07:43:00,43.34655,-124.32053,0.0,296.3,511.0,NORTH BEND,,WDH4086,31,0,20,6,,90,A
367614030,2022-01-04T07:38:20,43.34656,-124.32054,0.0,317.3,511.0,NORTH BEND,,WDH4086,31,0,20,6,,90,A
367614030,2022-01-04T05:16:10,43.34655,-124.32053,0.1,255.1,511.0,NORTH BEND,,WDH4086,31,0,20,6,,90,A
367614030,2022-01-04T07:00:00,43.34653,-124.32054,0.1,322.2,511.0,NORTH BEND,,WDH4086,31,0,20,6,,90,A
367614030,2022-01-04T07:25:00,43.34657,-124.32054,0.0,316.4,511.0,NORTH BEND,,WDH4086,31,0,20,6,,90,A
367614030,2022-01-04T06:53:51,43.34653,-124.32055,0.0,325.2,511.0,NORTH BEND,,WDH4086,31,0,20,6,,90,A
367614030,2022-01-04T07:34:50,43.34654,-124.32057,0.0,322.9,511.0,NORTH BEND,,WDH4086,31,0,20,6,,90,A
367614030,2022-01-04T08:02:20,43.34655,-124.32053,0.1,313.9,511.0,NORTH BEND,,WDH4086,31,0,20,6,,90,A
367614030,2022-01-04T08:03:31,43.34655,-124.32052,0.1,305.1,511.0,NORTH BEND,,WDH4086,31,0,20,6,,90,A
367614030,2022-01-04T06:57:30,43.34652,-124.32053,0.1,320.0,511.0,NORTH BEND,,WDH4086,31,0,20,6,,90,A
367614030,2022-01-04T06:58:31,43.34653,-124.32054,0.0,322.1,511.0,NORTH BEND,,WDH4086,31,0,20,6,,90,A
367614030,2022-01-04T08:08:01,43.34655,-124.32053,0.1,318.5,511.0,NORTH BEND,,WDH4086,31,0,20,6,,90,A
367614030,2022-01-04T08:12:51,43.34656,-124.32051,0.1,324.9,511.0,NORTH BEND,,WDH4086,31,0,20,6,,90,A
367614030,2022-01-04T07:40:41,43.34655,-124.32055,0.1,301.8,511.0,NORTH BEND,,WDH4086,31,0,20,6,,90,A
367614030,2022-01-04T07:41:50,43.34655,-124.32053,0.1,309.8,511.0,NORTH BEND,,WDH4086,31,0,20,6,,90,A
367614030,2022-01-04T07:57:00,43.34654,-124.32054,0.1,295.7,511.0,NORTH BEND,,WDH4086,31,0,20,6,,90,A
367614030,2022-01-04T08:25:40,43.34656,-124.32050,0.0,288.2,511.0,NORTH BEND,,WDH4086,31,0,20,6,,90,A
367614030,2022-01-04T07:07:01,43.34654,-124.32054,0.0,321.5,511.0,NORTH BEND,,WDH4086,31,0,20,6,,90,A
367614030,2022-01-04T05:27:51,43.34657,-124.32051,0.0,275.0,511.0,NORTH BEND,,WDH4086,31,0,20,6,,90,A
367614030,2022-01-04T07:46:31,43.34653,-124.32055,0.1,295.3,511.0,NORTH BEND,,WDH4086,31,0,20,6,,90,A
367614030,2022-01-04T08:04:39,43.34655,-124.32054,0.0,305.2,511.0,NORTH BEND,,WDH4086,31,0,20,6,,90,A
367614030,2022-01-04T07:47:41,43.34654,-124.32053,0.1,279.4,511.0,NORTH BEND,,WDH4086,31,0,20,6,,90,A
367614030,2022-01-04T07:08:10,43.34653,-124.32054,0.1,321.6,511.0,NORTH BEND,,WDH4086,31,0,20,6,,90,A
367614030,2022-01-04T07:09:50,43.34655,-124.32056,0.1,317.3,511.0,NORTH BEND,,WDH4086,31,0,20,6,,90,A
367614030,2022-01-04T07:10:59,43.34652,-124.32057,0.0,318.6,511.0,NORTH BEND,,WDH4086,31,0,20,6,,90,A
367614030,2022-01-04T08:18:40,43.34656,-124.32054,0.0,280.1,511.0,NORTH BEND,,WDH4086,31,0,20,6,,90,A
367614030,2022-01-04T08:19:51,43.34654,-124.32054,0.1,267.2,511.0,NORTH BEND,,WDH4086,31,0,20,6,,90,A
367614030,2022-01-04T08:21:01,43.34653,-124.32054,0.0,274.5,511.0,NORTH BEND,,WDH4086,31,0,20,6,,90,A
367614030,2022-01-04T08:22:10,43.34653,-124.32053,0.1,274.4,511.0,NORTH BEND,,WDH4086,31,0,20,6,,90,A
367614030,2022-01-04T08:23:20,43.34653,-124.32052,0.1,281.3,511.0,NORTH BEND,,WDH4086,31,0,20,6,,90,A
367614030,2022-01-04T08:24:30,43.34653,-124.32054,0.0,284.8,511.0,NORTH BEND,,WDH4086,31,0,20,6,,90,A
367614030,2022-01-04T07:52:19,43.34653,-124.32053,0.1,278.1,511.0,NORTH BEND,,WDH4086,31,0,20,6,,90,A
367614030,2022-01-04T09:32:19,43.34655,-124.32053,0.1,280.9,511.0,NORTH BEND,,WDH4086,31,0,20,6,,90,A
367614030,2022-01-04T09:33:20,43.34658,-124.32053,0.1,275.3,511.0,NORTH BEND,,WDH4086,31,0,20,6,,90,A
367614030,2022-01-04T07:17:01,43.34656,-124.32057,0.0,330.6,511.0,NORTH BEND,,WDH4086,31,0,20,6,,90,A
367614030,2022-01-04T09:37:01,43.34658,-124.32055,0.1,276.7,511.0,NORTH BEND,,WDH4086,31,0,20,6,,90,A
367614030,2022-01-04T07:59:59,43.34655,-124.32056,0.1,312.9,511.0,NORTH BEND,,WDH4086,31,0,20,6,,90,A
367614030,2022-01-04T09:35:51,43.34659,-124.32055,0.1,282.7,511.0,NORTH BEND,,WDH4086,31,0,20,6,,90,A
367614030,2022-01-04T08:01:10,43.34656,-124.32054,0.1,313.3,511.0,NORTH BEND,,WDH4086,31,0,20,6,,90,A
367614030,2022-01-04T09:39:20,43.34656,-124.32053,0.1,277.9,511.0,NORTH BEND,,WDH4086,31,0,20,6,,90,A
367614030,2022-01-04T09:41:41,43.34654,-124.32054,0.1,299.3,511.0,NORTH BEND,,WDH4086,31,0,20,6,,90,A
367614030,2022-01-04T07:55:50,43.34656,-124.32053,0.0,280.5,511.0,NORTH BEND,,WDH4086,31,0,20,6,,90,A
367614030,2022-01-04T07:44:10,43.34655,-124.32053,0.1,299.8,511.0,NORTH BEND,,WDH4086,31,0,20,6,,90,A
367614030,2022-01-04T09:40:30,43.34655,-124.32053,0.1,274.4,511.0,NORTH BEND,,WDH4086,31,0,20,6,,90,A
367614030,2022-01-04T07:59:19,43.34655,-124.32056,0.1,309.3,511.0,NORTH BEND,,WDH4086,31,0,20,6,,90,A
367614030,2022-01-04T08:06:59,43.34656,-124.32053,0.0,325.5,511.0,NORTH BEND,,WDH4086,31,0,20,6,,90,A
367614030,2022-01-04T07:26:11,43.34657,-124.32054,0.1,316.1,511.0,NORTH BEND,,WDH4086,31,0,20,6,,90,A
367614030,2022-01-04T05:43:51,43.34654,-124.32056,0.0,326.7,511.0,NORTH BEND,,WDH4086,31,0,20,6,,90,A
367614030,2022-01-04T08:10:31,43.34654,-124.32055,0.1,325.6,511.0,NORTH BEND,,WDH4086,31,0,20,6,,90,A
367614030,2022-01-04T07:28:21,43.34656,-124.32054,0.0,319.2,511.0,NORTH BEND,,WDH4086,31,0,20,6,,90,A
367614030,2022-01-04T07:29:29,43.34657,-124.32059,0.1,323.7,511.0,NORTH BEND,,WDH4086,31,0,20,6,,90,A
367614030,2022-01-04T05:46:11,43.34654,-124.32057,0.1,347.5,511.0,NORTH BEND,,WDH4086,31,0,20,6,,90,A
367614030,2022-01-04T09:38:11,43.34656,-124.32055,0.1,272.4,511.0,NORTH BEND,,WDH4086,31,0,20,6,,90,A
367614030,2022-01-04T07:53:29,43.34654,-124.32054,0.0,266.7,511.0,NORTH BEND,,WDH4086,31,0,20,6,,90,A
367614030,2022-01-04T07:54:41,43.34654,-124.32053,0.1,261.4,511.0,NORTH BEND,,WDH4086,31,0,20,6,,90,A
367614030,2022-01-04T05:48:29,43.34653,-124.32055,0.0,349.6,511.0,NORTH BEND,,WDH4086,31,0,20,6,,90,A
367614030,2022-01-04T08:28:00,43.34656,-124.32052,0.1,280.5,511.0,NORTH BEND,,WDH4086,31,0,20,6,,90,A
367614030,2022-01-04T09:56:59,43.34657,-124.32055,0.1,278.0,511.0,NORTH BEND,,WDH4086,31,0,20,6,,90,A
367614030,2022-01-04T09:44:10,43.34655,-124.32056,0.1,312.0,511.0,NORTH BEND,,WDH4086,31,0,20,6,,90,A
367614030,2022-01-04T07:36:01,43.34654,-124.32056,0.0,318.5,511.0,NORTH BEND,,WDH4086,31,0,20,6,,90,A
367614030,2022-01-04T09:54:40,43.34656,-124.32055,0.2,308.8,511.0,NORTH BEND,,WDH4086,31,0,20,6,,90,A
367614030,2022-01-04T10:01:10,43.34656,-124.32053,0.1,293.3,511.0,NORTH BEND,,WDH4086,31,0,20,6,,90,A
367614030,2022-01-04T09:52:20,43.34657,-124.32053,0.1,294.8,511.0,NORTH BEND,,WDH4086,31,0,20,6,,90,A
367614030,2022-01-04T09:53:30,43.34657,-124.32055,0.0,303.4,511.0,NORTH BEND,,WDH4086,31,0,20,6,,90,A
367614030,2022-01-04T06:01:10,43.34655,-124.32052,0.0,256.7,511.0,NORTH BEND,,WDH4086,31,0,20,6,,90,A
367614030,2022-01-04T09:46:31,43.34656,-124.32056,0.1,335.0,511.0,NORTH BEND,,WDH4086,31,0,20,6,,90,A
367614030,2022-01-04T06:02:20,43.34656,-124.32052,0.1,262.2,511.0,NORTH BEND,,WDH4086,31,0,20,6,,90,A
367614030,2022-01-04T10:16:09,43.34654,-124.32054,0.0,335.5,511.0,NORTH BEND,,WDH4086,31,0,20,6,,90,A
367614030,2022-01-04T09:34:30,43.34656,-124.32055,0.1,291.8,511.0,NORTH BEND,,WDH4086,31,0,20,6,,90,A
367614030,2022-01-04T10:06:51,43.34656,-124.32053,0.1,322.0,511.0,NORTH BEND,,WDH4086,31,0,20,6,,90,A
367614030,2022-01-04T06:04:31,43.34656,-124.32052,0.1,248.3,511.0,NORTH BEND,,WDH4086,31,0,20,6,,90,A
367614030,2022-01-04T09:51:09,43.34658,-124.32055,0.0,311.1,511.0,NORTH BEND,,WDH4086,31,0,20,6,,90,A
367614030,2022-01-04T10:10:20,43.34655,-124.32054,0.0,304.0,511.0,NORTH BEND,,WDH4086,31,0,20,6,,90,A
367614030,2022-01-04T08:09:11,43.34655,-124.32052,0.1,316.8,511.0,NORTH BEND,,WDH4086,31,0,20,6,,90,A
367614030,2022-01-04T08:11:40,43.34654,-124.32055,0.0,323.1,511.0,NORTH BEND,,WDH4086,31,0,20,6,,90,A
367614030,2022-01-04T10:21:51,43.34656,-124.32052,0.1,343.6,511.0,NORTH BEND,,WDH4086,31,0,20,6,,90,A
367614030,2022-01-04T08:14:01,43.34656,-124.32052,0.1,311.1,511.0,NORTH BEND,,WDH4086,31,0,20,6,,90,A
367614030,2022-01-04T08:16:19,43.34655,-124.32052,0.1,291.2,511.0,NORTH BEND,,WDH4086,31,0,20,6,,90,A
367614030,2022-01-04T10:24:11,43.34656,-124.32052,0.1,336.7,511.0,NORTH BEND,,WDH4086,31,0,20,6,,90,A
367614030,2022-01-04T08:17:31,43.34656,-124.32054,0.1,286.4,511.0,NORTH BEND,,WDH4086,31,0,20,6,,90,A
367614030,2022-01-04T09:42:51,43.34655,-124.32055,0.1,304.7,511.0,NORTH BEND,,WDH4086,31,0,20,6,,90,A
367614030,2022-01-04T09:59:20,43.34656,-124.32054,0.1,292.7,511.0,NORTH BEND,,WDH4086,31,0,20,6,,90,A
367614030,2022-01-04T10:05:39,43.34658,-124.32053,0.0,330.7,511.0,NORTH BEND,,WDH4086,31,0,20,6,,90,A
367614030,2022-01-04T08:29:11,43.34655,-124.32054,0.1,270.2,511.0,NORTH BEND,,WDH4086,31,0,20,6,,90,A
367614030,2022-01-04T10:08:01,43.34656,-124.32054,0.1,317.0,511.0,NORTH BEND,,WDH4086,31,0,20,6,,90,A
367614030,2022-01-04T09:50:00,43.34658,-124.32055,0.0,317.1,511.0,NORTH BEND,,WDH4086,31,0,20,6,,90,A
367614030,2022-01-04T10:39:00,43.34659,-124.32057,0.1,328.7,511.0,NORTH BEND,,WDH4086,31,0,20,6,,90,A
367614030,2022-01-04T10:04:31,43.34657,-124.32053,0.1,340.4,511.0,NORTH BEND,,WDH4086,31,0,20,6,,90,A
367614030,2022-01-04T10:40:11,43.34658,-124.32054,0.0,339.6,511.0,NORTH BEND,,WDH4086,31,0,20,6,,90,A
367614030,2022-01-04T06:16:19,43.34657,-124.32052,0.1,245.6,511.0,NORTH BEND,,WDH4086,31,0,20,6,,90,A
367614030,2022-01-04T06:17:20,43.34657,-124.32052,0.0,258.4,511.0,NORTH BEND,,WDH4086,31,0,20,6,,90,A
367614030,2022-01-04T10:28:41,43.34656,-124.32051,0.1,329.6,511.0,NORTH BEND,,WDH4086,31,0,20,6,,90,A
367614030,2022-01-04T10:17:20,43.34655,-124.32054,0.1,339.7,511.0,NORTH BEND,,WDH4086,31,0,20,6,,90,A
367614030,2022-01-04T10:43:41,43.34658,-124.32055,0.1,336.9,511.0,NORTH BEND,,WDH4086,31,0,20,6,,90,A
367614030,2022-01-04T09:59:59,43.34656,-124.32055,0.1,299.9,511.0,NORTH BEND,,WDH4086,31,0,20,6,,90,A
367614030,2022-01-04T10:20:40,43.34657,-124.32052,0.1,343.7,511.0,NORTH BEND,,WDH4086,31,0,20,6,,90,A
367614030,2022-01-04T10:34:31,43.34655,-124.32055,0.1,314.9,511.0,NORTH BEND,,WDH4086,31,0,20,6,,90,A
367614030,2022-01-04T10:25:19,43.34656,-124.32052,0.1,341.3,511.0,NORTH BEND,,WDH4086,31,0,20,6,,90,A
367614030,2022-01-04T10:47:11,43.34656,-124.32052,0.0,322.2,511.0,NORTH BEND,,WDH4086,31,0,20,6,,90,A
367614030,2022-01-04T10:26:30,43.34656,-124.32052,0.1,326.3,511.0,NORTH BEND,,WDH4086,31,0,20,6,,90,A
367614030,2022-01-04T10:48:20,43.34656,-124.32054,0.1,324.5,511.0,NORTH BEND,,WDH4086,31,0,20,6,,90,A
367614030,2022-01-04T10:36:49,43.34657,-124.32053,0.1,334.3,511.0,NORTH BEND,,WDH4086,31,0,20,6,,90,A
367614030,2022-01-04T10:37:50,43.34656,-124.32056,0.1,335.5,511.0,NORTH BEND,,WDH4086,31,0,20,6,,90,A
367614030,2022-01-04T10:55:11,43.34657,-124.32052,0.1,283.5,511.0,NORTH BEND,,WDH4086,31,0,20,6,,90,A
367614030,2022-01-04T10:29:50,43.34656,-124.32052,0.1,330.2,511.0,NORTH BEND,,WDH4086,31,0,20,6,,90,A
367614030,2022-01-04T10:19:30,43.34656,-124.32054,0.1,354.4,511.0,NORTH BEND,,WDH4086,31,0,20,6,,90,A
367614030,2022-01-04T10:09:11,43.34655,-124.32053,0.0,314.1,511.0,NORTH BEND,,WDH4086,31,0,20,6,,90,A
367614030,2022-01-04T11:00:00,43.34680,-124.32051,0.1,305.7,511.0,NORTH BEND,,WDH4086,31,0,20,6,,90,A
367614030,2022-01-04T10:11:30,43.34655,-124.32056,0.1,297.2,511.0,NORTH BEND,,WDH4086,31,0,20,6,,90,A
367614030,2022-01-04T10:12:40,43.34656,-124.32054,0.1,324.9,511.0,NORTH BEND,,WDH4086,31,0,20,6,,90,A
367614030,2022-01-04T09:47:41,43.34655,-124.32054,0.2,334.9,511.0,NORTH BEND,,WDH4086,31,0,20,6,,90,A
367614030,2022-01-04T11:02:20,43.34656,-124.32055,0.1,277.6,511.0,NORTH BEND,,WDH4086,31,0,20,6,,90,A
367614030,2022-01-04T09:48:50,43.34658,-124.32055,0.0,317.6,511.0,NORTH BEND,,WDH4086,31,0,20,6,,90,A
367614030,2022-01-04T11:08:10,43.34657,-124.32051,0.0,243.9,511.0,NORTH BEND,,WDH4086,31,0,20,6,,90,A
367614030,2022-01-04T06:32:11,43.34655,-124.32054,0.1,265.9,511.0,NORTH BEND,,WDH4086,31,0,20,6,,90,A
367614030,2022-01-04T10:41:20,43.34658,-124.32057,0.0,334.2,511.0,NORTH BEND,,WDH4086,31,0,20,6,,90,A
367614030,2022-01-04T10:33:20,43.34655,-124.32054,0.0,320.2,511.0,NORTH BEND,,WDH4086,31,0,20,6,,90,A
367614030,2022-01-04T10:51:40,43.34654,-124.32052,0.1,293.9,511.0,NORTH BEND,,WDH4086,31,0,20,6,,90,A
367614030,2022-01-04T06:35:40,43.34655,-124.32051,0.1,245.3,511.0,NORTH BEND,,WDH4086,31,0,20,6,,90,A
367614030,2022-01-04T11:12:50,43.34655,-124.32062,0.1,225.4,511.0,NORTH BEND,,WDH4086,31,0,20,6,,90,A
367614030,2022-01-04T11:15:10,43.34656,-124.32054,0.1,223.3,511.0,NORTH BEND,,WDH4086,31,0,20,6,,90,A
367614030,2022-01-04T10:58:40,43.34659,-124.32048,0.1,290.7,511.0,NORTH BEND,,WDH4086,31,0,20,6,,90,A
367614030,2022-01-04T06:43:11,43.34652,-124.32053,0.0,291.6,511.0,NORTH BEND,,WDH4086,31,0,20,6,,90,A
367614030,2022-01-04T10:03:20,43.34658,-124.32054,0.1,337.6,511.0,NORTH BEND,,WDH4086,31,0,20,6,,90,A
367614030,2022-01-04T10:49:21,43.34655,-124.32051,0.0,308.3,511.0,NORTH BEND,,WDH4086,31,0,20,6,,90,A
367614030,2022-01-04T10:59:51,43.34677,-124.32051,0.1,302.3,511.0,NORTH BEND,,WDH4086,31,0,20,6,,90,A
367614030,2022-01-04T11:24:30,43.34661,-124.32055,0.1,266.1,511.0,NORTH BEND,,WDH4086,31,0,20,6,,90,A
367614030,2022-01-04T10:35:40,43.34658,-124.32055,0.1,315.6,511.0,NORTH BEND,,WDH4086,31,0,20,6,,90,A
367614030,2022-01-04T10:50:30,43.34656,-124.32049,0.1,308.8,511.0,NORTH BEND,,WDH4086,31,0,20,6,,90,A
367614030,2022-01-04T11:28:00,43.34656,-124.32056,0.0,250.4,511.0,NORTH BEND,,WDH4086,31,0,20,6,,90,A
367614030,2022-01-04T10:54:00,43.34657,-124.32050,0.1,284.0,511.0,NORTH BEND,,WDH4086,31,0,20,6,,90,A
367614030,2022-01-04T11:09:20,43.34658,-124.32051,0.1,243.2,511.0,NORTH BEND,,WDH4086,31,0,20,6,,90,A
367614030,2022-01-04T10:15:01,43.34656,-124.32053,0.0,332.6,511.0,NORTH BEND,,WDH4086,31,0,20,6,,90,A
367614030,2022-01-04T11:11:40,43.34656,-124.32053,0.1,230.0,511.0,NORTH BEND,,WDH4086,31,0,20,6,,90,A
367614030,2022-01-04T11:04:41,43.34654,-124.32052,0.1,268.3,511.0,NORTH BEND,,WDH4086,31,0,20,6,,90,A
367614030,2022-01-04T11:10:30,43.34656,-124.32053,0.1,236.2,511.0,NORTH BEND,,WDH4086,31,0,20,6,,90,A
367614030,2022-01-04T11:38:21,43.34655,-124.32052,0.1,224.4,511.0,NORTH BEND,,WDH4086,31,0,20,6,,90,A
367614030,2022-01-04T11:43:10,43.34656,-124.32052,0.0,233.8,511.0,NORTH BEND,,WDH4086,31,0,20,6,,90,A
367614030,2022-01-04T11:16:20,43.34651,-124.32059,0.1,231.9,511.0,NORTH BEND,,WDH4086,31,0,20,6,,90,A
367614030,2022-01-04T11:45:30,43.34656,-124.32053,0.1,229.9,511.0,NORTH BEND,,WDH4086,31,0,20,6,,90,A
367614030,2022-01-04T11:23:20,43.34658,-124.32053,0.1,251.1,511.0,NORTH BEND,,WDH4086,31,0,20,6,,90,A
367614030,2022-01-04T11:19:50,43.34656,-124.32054,0.0,277.5,511.0,NORTH BEND,,WDH4086,31,0,20,6,,90,A
367614030,2022-01-04T11:46:31,43.34656,-124.32055,0.0,231.2,511.0,NORTH BEND,,WDH4086,31,0,20,6,,90,A
367614030,2022-01-04T11:17:31,43.34654,-124.32056,0.1,261.9,511.0,NORTH BEND,,WDH4086,31,0,20,6,,90,A
367614030,2022-01-04T11:18:40,43.34658,-124.32056,0.0,258.9,511.0,NORTH BEND,,WDH4086,31,0,20,6,,90,A
367614030,2022-01-04T11:51:19,43.34654,-124.32052,0.0,238.4,511.0,NORTH BEND,,WDH4086,31,0,20,6,,90,A
367614030,2022-01-04T11:05:50,43.34656,-124.32052,0.1,255.7,511.0,NORTH BEND,,WDH4086,31,0,20,6,,90,A
367614030,2022-01-04T11:56:00,43.34654,-124.32053,0.1,288.5,511.0,NORTH BEND,,WDH4086,31,0,20,6,,90,A
367614030,2022-01-04T11:29:11,43.34656,-124.32056,0.1,240.5,511.0,NORTH BEND,,WDH4086,31,0,20,6,,90,A
367614030,2022-01-04T10:31:00,43.34660,-124.32054,0.2,324.7,511.0,NORTH BEND,,WDH4086,31,0,20,6,,90,A
367614030,2022-01-04T10:32:11,43.34656,-124.32052,0.0,314.1,511.0,NORTH BEND,,WDH4086,31,0,20,6,,90,A
367614030,2022-01-04T11:30:21,43.34656,-124.32059,0.0,243.8,511.0,NORTH BEND,,WDH4086,31,0,20,6,,90,A
367614030,2022-01-04T11:06:59,43.34656,-124.32049,0.1,267.5,511.0,NORTH BEND,,WDH4086,31,0,20,6,,90,A
367614030,2022-01-04T11:32:40,43.34654,-124.32054,0.1,238.3,511.0,NORTH BEND,,WDH4086,31,0,20,6,,90,A
367614030,2022-01-04T11:31:30,43.34654,-124.32055,0.1,233.9,511.0,NORTH BEND,,WDH4086,31,0,20,6,,90,A
367614030,2022-01-04T11:21:00,43.34658,-124.32056,0.0,276.4,511.0,NORTH BEND,,WDH4086,31,0,20,6,,90,A
367614030,2022-01-04T11:36:00,43.34654,-124.32051,0.1,209.8,511.0,NORTH BEND,,WDH4086,31,0,20,6,,90,A
367614030,2022-01-04T12:00:00,43.34656,-124.32050,0.1,267.8,511.0,NORTH BEND,,WDH4086,31,0,20,6,,90,A
367614030,2022-01-04T11:39:30,43.34654,-124.32053,0.1,237.5,511.0,NORTH BEND,,WDH4086,31,0,20,6,,90,A
367614030,2022-01-04T10:46:01,43.34657,-124.32053,0.1,326.8,511.0,NORTH BEND,,WDH4086,31,0,20,6,,90,A
367614030,2022-01-04T11:47:40,43.34656,-124.32055,0.1,225.6,511.0,NORTH BEND,,WDH4086,31,0,20,6,,90,A
367614030,2022-01-04T10:52:50,43.34655,-124.32052,0.1,275.7,511.0,NORTH BEND,,WDH4086,31,0,20,6,,90,A
367614030,2022-01-04T12:18:21,43.34648,-124.32059,0.1,237.3,511.0,NORTH BEND,,WDH4086,31,0,20,6,,90,A
367614030,2022-01-04T11:48:50,43.34656,-124.32055,0.1,230.8,511.0,NORTH BEND,,WDH4086,31,0,20,6,,90,A
367614030,2022-01-04T10:56:20,43.34656,-124.32052,0.1,298.4,511.0,NORTH BEND,,WDH4086,31,0,20,6,,90,A
367614030,2022-01-04T11:52:30,43.34656,-124.32053,0.0,231.6,511.0,NORTH BEND,,WDH4086,31,0,20,6,,90,A
367614030,2022-01-04T11:44:21,43.34656,-124.32054,0.1,236.6,511.0,NORTH BEND,,WDH4086,31,0,20,6,,90,A
367614030,2022-01-04T11:03:31,43.34656,-124.32053,0.1,277.5,511.0,NORTH BEND,,WDH4086,31,0,20,6,,90,A
367614030,2022-01-04T12:01:10,43.34656,-124.32054,0.1,250.4,511.0,NORTH BEND,,WDH4086,31,0,20,6,,90,A
367614030,2022-01-04T11:50:09,43.34655,-124.32052,0.0,232.9,511.0,NORTH BEND,,WDH4086,31,0,20,6,,90,A
367614030,2022-01-04T12:31:09,43.34653,-124.32053,0.1,279.6,511.0,NORTH BEND,,WDH4086,31,0,20,6,,90,A
367614030,2022-01-04T12:32:10,43.34653,-124.32057,0.1,281.7,511.0,NORTH BEND,,WDH4086,31,0,20,6,,90,A
367614030,2022-01-04T12:07:00,43.34653,-124.32053,0.0,214.2,511.0,NORTH BEND,,WDH4086,31,0,20,6,,90,A
367614030,2022-01-04T12:03:30,43.34656,-124.32052,0.0,231.9,511.0,NORTH BEND,,WDH4086,31,0,20,6,,90,A
367614030,2022-01-04T12:34:30,43.34653,-124.32054,0.1,273.4,511.0,NORTH BEND,,WDH4086,31,0,20,6,,90,A
367614030,2022-01-04T11:57:10,43.34656,-124.32051,0.1,296.0,511.0,NORTH BEND,,WDH4086,31,0,20,6,,90,A
367614030,2022-01-04T12:05:50,43.34644,-124.32060,0.0,224.5,511.0,NORTH BEND,,WDH4086,31,0,20,6,,90,A
367614030,2022-01-04T12:39:01,43.34653,-124.32053,0.1,275.6,511.0,NORTH BEND,,WDH4086,31,0,20,6,,90,A
367614030,2022-01-04T12:10:30,43.34653,-124.32053,0.1,236.9,511.0,NORTH BEND,,WDH4086,31,0,20,6,,90,A
367614030,2022-01-04T12:13:51,43.34654,-124.32052,0.0,268.0,511.0,NORTH BEND,,WDH4086,31,0,20,6,,90,A
367614030,2022-01-04T12:42:30,43.34652,-124.32052,0.1,281.7,511.0,NORTH BEND,,WDH4086,31,0,20,6,,90,A
367614030,2022-01-04T11:53:41,43.34655,-124.32053,0.1,249.4,511.0,NORTH BEND,,WDH4086,31,0,20,6,,90,A
367614030,2022-01-04T12:04:39,43.34654,-124.32052,0.1,233.8,511.0,NORTH BEND,,WDH4086,31,0,20,6,,90,A
367614030,2022-01-04T11:25:41,43.34660,-124.32055,0.0,262.6,511.0,NORTH BEND,,WDH4086,31,0,20,6,,90,A
367614030,2022-01-04T12:09:19,43.34654,-124.32051,0.0,235.1,511.0,NORTH BEND,,WDH4086,31,0,20,6,,90,A
367614030,2022-01-04T12:21:51,43.34652,-124.32056,0.0,258.4,511.0,NORTH BEND,,WDH4086,31,0,20,6,,90,A
367614030,2022-01-04T12:50:40,43.34656,-124.32052,0.0,262.2,511.0,NORTH BEND,,WDH4086,31,0,20,6,,90,A
367614030,2022-01-04T12:12:50,43.34654,-124.32052,0.0,258.0,511.0,NORTH BEND,,WDH4086,31,0,20,6,,90,A
367614030,2022-01-04T12:52:50,43.34657,-124.32053,0.0,272.6,511.0,NORTH BEND,,WDH4086,31,0,20,6,,90,A
367614030,2022-01-04T12:24:10,43.34651,-124.32055,0.0,266.3,511.0,NORTH BEND,,WDH4086,31,0,20,6,,90,A
367614030,2022-01-04T07:45:19,43.34655,-124.32054,0.1,290.3,511.0,NORTH BEND,,WDH4086,31,0,20,6,,90,A
367614030,2022-01-04T11:37:09,43.34654,-124.32051,0.1,210.8,511.0,NORTH BEND,,WDH4086,31,0,20,6,,90,A
367614030,2022-01-04T11:40:39,43.34654,-124.32050,0.1,220.4,511.0,NORTH BEND,,WDH4086,31,0,20,6,,90,A
367614030,2022-01-04T12:23:00,43.34652,-124.32055,0.1,255.5,511.0,NORTH BEND,,WDH4086,31,0,20,6,,90,A
367614030,2022-01-04T13:01:11,43.34658,-124.32050,0.0,292.0,511.0,NORTH BEND,,WDH4086,31,0,20,6,,90,A
367614030,2022-01-04T13:04:30,43.34655,-124.32049,0.2,307.5,511.0,NORTH BEND,,WDH4086,31,0,20,6,,90,A
367614030,2022-01-04T11:41:51,43.34656,-124.32052,0.0,235.9,511.0,NORTH BEND,,WDH4086,31,0,20,6,,90,A
367614030,2022-01-04T13:05:41,43.34658,-124.32051,0.0,308.3,511.0,NORTH BEND,,WDH4086,31,0,20,6,,90,A
367614030,2022-01-04T13:03:21,43.34655,-124.32050,0.1,293.0,511.0,NORTH BEND,,WDH4086,31,0,20,6,,90,A
367614030,2022-01-04T12:11:40,43.34654,-124.32052,0.0,238.8,511.0,NORTH BEND,,WDH4086,31,0,20,6,,90,A
367614030,2022-01-04T12:25:21,43.34651,-124.32053,0.0,247.4,511.0,NORTH BEND,,WDH4086,31,0,20,6,,90,A
367614030,2022-01-04T12:33:21,43.34652,-124.32054,0.1,269.6,511.0,NORTH BEND,,WDH4086,31,0,20,6,,90,A
367614030,2022-01-04T07:48:50,43.34653,-124.32055,0.1,270.7,511.0,NORTH BEND,,WDH4086,31,0,20,6,,90,A
367614030,2022-01-04T07:50:00,43.34653,-124.32053,0.1,271.7,511.0,NORTH BEND,,WDH4086,31,0,20,6,,90,A
367614030,2022-01-04T12:35:40,43.34653,-124.32054,0.1,282.3,511.0,NORTH BEND,,WDH4086,31,0,20,6,,90,A
367614030,2022-01-04T07:51:09,43.34653,-124.32053,0.1,266.3,511.0,NORTH BEND,,WDH4086,31,0,20,6,,90,A
367614030,2022-01-04T12:27:39,43.34653,-124.32051,0.1,241.6,511.0,NORTH BEND,,WDH4086,31,0,20,6,,90,A
367614030,2022-01-04T12:15:00,43.34652,-124.32054,0.0,262.9,511.0,NORTH BEND,,WDH4086,31,0,20,6,,90,A
367614030,2022-01-04T12:28:51,43.34653,-124.32055,0.1,263.6,511.0,NORTH BEND,,WDH4086,31,0,20,6,,90,A
367614030,2022-01-04T13:08:00,43.34658,-124.32052,0.1,317.2,511.0,NORTH BEND,,WDH4086,31,0,20,6,,90,A
367614030,2022-01-04T12:36:49,43.34653,-124.32054,0.2,285.4,511.0,NORTH BEND,,WDH4086,31,0,20,6,,90,A
367614030,2022-01-04T12:30:00,43.34654,-124.32055,0.0,274.4,511.0,NORTH BEND,,WDH4086,31,0,20,6,,90,A
367614030,2022-01-04T12:19:31,43.34654,-124.32062,0.1,249.8,511.0,NORTH BEND,,WDH4086,31,0,20,6,,90,A
367614030,2022-01-04T12:47:10,43.34655,-124.32052,0.1,261.8,511.0,NORTH BEND,,WDH4086,31,0,20,6,,90,A
367614030,2022-01-04T13:19:40,43.34656,-124.32049,0.1,278.9,511.0,NORTH BEND,,WDH4086,31,0,20,6,,90,A
367614030,2022-01-04T12:26:31,43.34653,-124.32053,0.1,253.2,511.0,NORTH BEND,,WDH4086,31,0,20,6,,90,A
367614030,2022-01-04T12:41:20,43.34653,-124.32052,0.0,279.6,511.0,NORTH BEND,,WDH4086,31,0,20,6,,90,A
367614030,2022-01-04T11:59:29,43.34655,-124.32050,0.1,281.8,511.0,NORTH BEND,,WDH4086,31,0,20,6,,90,A
367614030,2022-01-04T12:43:41,43.34653,-124.32053,0.1,283.6,511.0,NORTH BEND,,WDH4086,31,0,20,6,,90,A
367614030,2022-01-04T12:51:49,43.34655,-124.32051,0.1,264.1,511.0,NORTH BEND,,WDH4086,31,0,20,6,,90,A
367614030,2022-01-04T12:55:09,43.34654,-124.32052,0.1,289.1,511.0,NORTH BEND,,WDH4086,31,0,20,6,,90,A
367614030,2022-01-04T13:22:10,43.34655,-124.32052,0.1,247.8,511.0,NORTH BEND,,WDH4086,31,0,20,6,,90,A
367614030,2022-01-04T13:23:21,43.34656,-124.32052,0.0,240.6,511.0,NORTH BEND,,WDH4086,31,0,20,6,,90,A
367614030,2022-01-04T07:58:10,43.34655,-124.32055,0.1,311.7,511.0,NORTH BEND,,WDH4086,31,0,20,6,,90,A
367614030,2022-01-04T13:28:00,43.34655,-124.32051,0.1,245.9,511.0,NORTH BEND,,WDH4086,31,0,20,6,,90,A
367614030,2022-01-04T13:00:01,43.34655,-124.32051,0.1,286.6,511.0,NORTH BEND,,WDH4086,31,0,20,6,,90,A
367614030,2022-01-04T08:05:50,43.34655,-124.32053,0.1,315.3,511.0,NORTH BEND,,WDH4086,31,0,20,6,,90,A
367614030,2022-01-04T13:32:40,43.34654,-124.32051,0.1,247.8,511.0,NORTH BEND,,WDH4086,31,0,20,6,,90,A
367614030,2022-01-04T08:15:10,43.34656,-124.32054,0.1,283.2,511.0,NORTH BEND,,WDH4086,31,0,20,6,,90,A
367614030,2022-01-04T13:35:01,43.34655,-124.32053,0.1,253.8,511.0,NORTH BEND,,WDH4086,31,0,20,6,,90,A
367614030,2022-01-04T12:56:30,43.34654,-124.32054,0.1,283.7,511.0,NORTH BEND,,WDH4086,31,0,20,6,,90,A
367614030,2022-01-04T12:57:40,43.34656,-124.32053,0.1,281.9,511.0,NORTH BEND,,WDH4086,31,0,20,6,,90,A
367614030,2022-01-04T08:26:50,43.34655,-124.32053,0.1,301.7,511.0,NORTH BEND,,WDH4086,31,0,20,6,,90,A
367614030,2022-01-04T13:09:10,43.34656,-124.32053,0.0,321.9,511.0,NORTH BEND,,WDH4086,31,0,20,6,,90,A
367614030,2022-01-04T12:58:50,43.34655,-124.32052,0.0,292.8,511.0,NORTH BEND,,WDH4086,31,0,20,6,,90,A
367614030,2022-01-04T13:12:41,43.34655,-124.32056,0.1,316.8,511.0,NORTH BEND,,WDH4086,31,0,20,6,,90,A
367614030,2022-01-04T13:13:51,43.34655,-124.32055,0.1,317.5,511.0,NORTH BEND,,WDH4086,31,0,20,6,,90,A
367614030,2022-01-04T12:54:01,43.34655,-124.32053,0.1,287.6,511.0,NORTH BEND,,WDH4086,31,0,20,6,,90,A
367614030,2022-01-04T13:06:51,43.34657,-124.32052,0.1,314.0,511.0,NORTH BEND,,WDH4086,31,0,20,6,,90,A
367614030,2022-01-04T13:18:30,43.34654,-124.32052,0.1,305.8,511.0,NORTH BEND,,WDH4086,31,0,20,6,,90,A
367614030,2022-01-04T13:42:00,43.34656,-124.32054,0.1,231.1,511.0,NORTH BEND,,WDH4086,31,0,20,6,,90,A
367614030,2022-01-04T13:15:01,43.34654,-124.32051,0.1,315.2,511.0,NORTH BEND,,WDH4086,31,0,20,6,,90,A
367614030,2022-01-04T13:16:10,43.34655,-124.32053,0.1,313.5,511.0,NORTH BEND,,WDH4086,31,0,20,6,,90,A
367614030,2022-01-04T13:20:41,43.34654,-124.32053,0.1,260.9,511.0,NORTH BEND,,WDH4086,31,0,20,6,,90,A
367614030,2022-01-04T12:17:20,43.34651,-124.32058,0.1,243.8,511.0,NORTH BEND,,WDH4086,31,0,20,6,,90,A
367614030,2022-01-04T13:45:40,43.34656,-124.32056,0.1,220.0,511.0,NORTH BEND,,WDH4086,31,0,20,6,,90,A
367614030,2022-01-04T13:10:21,43.34657,-124.32055,0.1,316.2,511.0,NORTH BEND,,WDH4086,31,0,20,6,,90,A
367614030,2022-01-04T12:20:40,43.34653,-124.32056,0.1,254.8,511.0,NORTH BEND,,WDH4086,31,0,20,6,,90,A
367614030,2022-01-04T13:02:20,43.34655,-124.32049,0.1,293.5,511.0,NORTH BEND,,WDH4086,31,0,20,6,,90,A
367614030,2022-01-04T13:52:50,43.34656,-124.32051,0.1,239.2,511.0,NORTH BEND,,WDH4086,31,0,20,6,,90,A
367614030,2022-01-04T13:29:11,43.34655,-124.32052,0.0,243.6,511.0,NORTH BEND,,WDH4086,31,0,20,6,,90,A
367614030,2022-01-04T13:33:51,43.34655,-124.32049,0.0,243.3,511.0,NORTH BEND,,WDH4086,31,0,20,6,,90,A
367614030,2022-01-04T14:01:11,43.34656,-124.32053,0.1,233.8,511.0,NORTH BEND,,WDH4086,31,0,20,6,,90,A
367614030,2022-01-04T13:37:19,43.34658,-124.32050,0.0,244.7,511.0,NORTH BEND,,WDH4086,31,0,20,6,,90,A
367614030,2022-01-04T14:02:21,43.34655,-124.32054,0.1,231.3,511.0,NORTH BEND,,WDH4086,31,0,20,6,,90,A
367614030,2022-01-04T13:24:31,43.34655,-124.32052,0.0,238.0,511.0,NORTH BEND,,WDH4086,31,0,20,6,,90,A
367614030,2022-01-04T13:11:30,43.34656,-124.32055,0.1,314.3,511.0,NORTH BEND,,WDH4086,31,0,20,6,,90,A
367614030,2022-01-04T14:05:50,43.34657,-124.32054,0.1,268.7,511.0,NORTH BEND,,WDH4086,31,0,20,6,,90,A
367614030,2022-01-04T09:45:21,43.34655,-124.32054,0.1,326.1,511.0,NORTH BEND,,WDH4086,31,0,20,6,,90,A
367614030,2022-01-04T13:40:50,43.34656,-124.32049,0.0,233.1,511.0,NORTH BEND,,WDH4086,31,0,20,6,,90,A
367614030,2022-01-04T13:43:10,43.34655,-124.32054,0.0,227.9,511.0,NORTH BEND,,WDH4086,31,0,20,6,,90,A
367614030,2022-01-04T12:44:49,43.34654,-124.32052,0.0,281.5,511.0,NORTH BEND,,WDH4086,31,0,20,6,,90,A
367614030,2022-01-04T14:15:11,43.34657,-124.32058,0.0,292.8,511.0,NORTH BEND,,WDH4086,31,0,20,6,,90,A
367614030,2022-01-04T12:45:59,43.34656,-124.32053,0.0,276.3,511.0,NORTH BEND,,WDH4086,31,0,20,6,,90,A
367614030,2022-01-04T14:12:50,43.34658,-124.32054,0.0,278.7,511.0,NORTH BEND,,WDH4086,31,0,20,6,,90,A
367614030,2022-01-04T13:38:30,43.34653,-124.32050,0.1,241.7,511.0,NORTH BEND,,WDH4086,31,0,20,6,,90,A
367614030,2022-01-04T13:51:40,43.34658,-124.32052,0.0,240.1,511.0,NORTH BEND,,WDH4086,31,0,20,6,,90,A
367614030,2022-01-04T09:55:50,43.34657,-124.32055,0.1,300.2,511.0,NORTH BEND,,WDH4086,31,0,20,6,,90,A
367614030,2022-01-04T12:49:29,43.34656,-124.32051,0.1,260.0,511.0,NORTH BEND,,WDH4086,31,0,20,6,,90,A
367614030,2022-01-04T13:54:00,43.34656,-124.32051,0.0,244.1,511.0,NORTH BEND,,WDH4086,31,0,20,6,,90,A
367614030,2022-01-04T13:55:10,43.34655,-124.32051,0.0,240.2,511.0,NORTH BEND,,WDH4086,31,0,20,6,,90,A
367614030,2022-01-04T14:24:39,43.34657,-124.32055,0.1,338.9,511.0,NORTH BEND,,WDH4086,31,0,20,6,,90,A
367614030,2022-01-04T13:30:21,43.34654,-124.32055,0.0,239.0,511.0,NORTH BEND,,WDH4086,31,0,20,6,,90,A
367614030,2022-01-04T09:58:10,43.34655,-124.32054,0.1,282.5,511.0,NORTH BEND,,WDH4086,31,0,20,6,,90,A
367614030,2022-01-04T14:28:00,43.34656,-124.32051,0.0,345.2,511.0,NORTH BEND,,WDH4086,31,0,20,6,,90,A
367614030,2022-01-04T13:58:40,43.34655,-124.32053,0.0,237.6,511.0,NORTH BEND,,WDH4086,31,0,20,6,,90,A
367614030,2022-01-04T13:31:31,43.34654,-124.32052,0.0,248.7,511.0,NORTH BEND,,WDH4086,31,0,20,6,,90,A
367614030,2022-01-04T14:00:00,43.34654,-124.32055,0.0,236.2,511.0,NORTH BEND,,WDH4086,31,0,20,6,,90,A
367614030,2022-01-04T10:02:11,43.34656,-124.32052,0.1,318.8,511.0,NORTH BEND,,WDH4086,31,0,20,6,,90,A
367614030,2022-01-04T14:37:19,43.34656,-124.32052,0.0,317.2,511.0,NORTH BEND,,WDH4086,31,0,20,6,,90,A
367614030,2022-01-04T14:36:11,43.34657,-124.32049,0.1,315.4,511.0,NORTH BEND,,WDH4086,31,0,20,6,,90,A
367614030,2022-01-04T14:09:19,43.34656,-124.32054,0.1,269.5,511.0,NORTH BEND,,WDH4086,31,0,20,6,,90,A
367614030,2022-01-04T14:39:41,43.34654,-124.32054,0.0,294.9,511.0,NORTH BEND,,WDH4086,31,0,20,6,,90,A
367614030,2022-01-04T14:43:11,43.34656,-124.32056,0.1,280.9,511.0,NORTH BEND,,WDH4086,31,0,20,6,,90,A
367614030,2022-01-04T13:44:31,43.34655,-124.32055,0.1,227.5,511.0,NORTH BEND,,WDH4086,31,0,20,6,,90,A
367614030,2022-01-04T14:07:01,43.34656,-124.32053,0.1,271.3,511.0,NORTH BEND,,WDH4086,31,0,20,6,,90,A
367614030,2022-01-04T10:13:51,43.34657,-124.32053,0.1,326.1,511.0,NORTH BEND,,WDH4086,31,0,20,6,,90,A
367614030,2022-01-04T13:50:30,43.34658,-124.32053,0.1,224.4,511.0,NORTH BEND,,WDH4086,31,0,20,6,,90,A
367614030,2022-01-04T14:25:40,43.34658,-124.32056,0.0,340.6,511.0,NORTH BEND,,WDH4086,31,0,20,6,,90,A
367614030,2022-01-04T14:14:00,43.34658,-124.32054,0.0,273.4,511.0,NORTH BEND,,WDH4086,31,0,20,6,,90,A
367614030,2022-01-04T10:18:21,43.34655,-124.32054,0.1,358.5,511.0,NORTH BEND,,WDH4086,31,0,20,6,,90,A
367614030,2022-01-04T13:56:21,43.34657,-124.32051,0.0,248.7,511.0,NORTH BEND,,WDH4086,31,0,20,6,,90,A
367614030,2022-01-04T14:23:31,43.34656,-124.32053,0.0,346.4,511.0,NORTH BEND,,WDH4086,31,0,20,6,,90,A
367614030,2022-01-04T14:30:21,43.34658,-124.32053,0.1,335.1,511.0,NORTH BEND,,WDH4086,31,0,20,6,,90,A
367614030,2022-01-04T14:17:29,43.34660,-124.32052,0.0,320.9,511.0,NORTH BEND,,WDH4086,31,0,20,6,,90,A
367614030,2022-01-04T13:57:31,43.34656,-124.32052,0.0,244.4,511.0,NORTH BEND,,WDH4086,31,0,20,6,,90,A
367614030,2022-01-04T14:31:31,43.34659,-124.32051,0.1,340.2,511.0,NORTH BEND,,WDH4086,31,0,20,6,,90,A
367614030,2022-01-04T10:23:01,43.34656,-124.32050,0.0,332.7,511.0,NORTH BEND,,WDH4086,31,0,20,6,,90,A
367614030,2022-01-04T14:19:51,43.34660,-124.32053,0.0,332.8,511.0,NORTH BEND,,WDH4086,31,0,20,6,,90,A
367614030,2022-01-04T14:34:01,43.34656,-124.32050,0.0,341.8,511.0,NORTH BEND,,WDH4086,31,0,20,6,,90,A
367614030,2022-01-04T14:59:40,43.34657,-124.32051,0.0,327.4,511.0,NORTH BEND,,WDH4086,31,0,20,6,,90,A
367614030,2022-01-04T15:01:10,43.34657,-124.32051,0.1,320.6,511.0,NORTH BEND,,WDH4086,31,0,20,6,,90,A
367614030,2022-01-04T15:02:30,43.34658,-124.32051,0.1,327.9,511.0,NORTH BEND,,WDH4086,31,0,20,6,,90,A
367614030,2022-01-04T14:32:41,43.34655,-124.32050,0.0,346.9,511.0,NORTH BEND,,WDH4086,31,0,20,6,,90,A
367614030,2022-01-04T14:38:31,43.34657,-124.32051,0.1,295.0,511.0,NORTH BEND,,WDH4086,31,0,20,6,,90,A
367614030,2022-01-04T10:27:31,43.34655,-124.32052,0.1,334.5,511.0,NORTH BEND,,WDH4086,31,0,20,6,,90,A
367614030,2022-01-04T13:25:39,43.34655,-124.32051,0.0,240.2,511.0,NORTH BEND,,WDH4086,31,0,20,6,,90,A
367614030,2022-01-04T15:05:01,43.34656,-124.32050,0.2,345.4,511.0,NORTH BEND,,WDH4086,31,0,20,6,,90,A
367614030,2022-01-04T14:29:10,43.34658,-124.32053,0.1,349.1,511.0,NORTH BEND,,WDH4086,31,0,20,6,,90,A
367614030,2022-01-04T15:07:20,43.34657,-124.32050,0.1,309.3,511.0,NORTH BEND,,WDH4086,31,0,20,6,,90,A
367614030,2022-01-04T14:11:41,43.34656,-124.32056,0.1,282.3,511.0,NORTH BEND,,WDH4086,31,0,20,6,,90,A
367614030,2022-01-04T15:12:11,43.34655,-124.32052,0.1,270.9,511.0,NORTH BEND,,WDH4086,31,0,20,6,,90,A
367614030,2022-01-04T14:35:10,43.34658,-124.32048,0.1,318.6,511.0,NORTH BEND,,WDH4086,31,0,20,6,,90,A
367614030,2022-01-04T14:16:20,43.34658,-124.32052,0.1,304.6,511.0,NORTH BEND,,WDH4086,31,0,20,6,,90,A
367614030,2022-01-04T14:50:10,43.34656,-124.32051,0.1,319.2,511.0,NORTH BEND,,WDH4086,31,0,20,6,,90,A
367614030,2022-01-04T13:36:11,43.34656,-124.32051,0.2,250.8,511.0,NORTH BEND,,WDH4086,31,0,20,6,,90,A
367614030,2022-01-04T14:42:00,43.34654,-124.32054,0.1,294.0,511.0,NORTH BEND,,WDH4086,31,0,20,6,,90,A
367614030,2022-01-04T15:16:41,43.34651,-124.32057,0.1,272.5,511.0,NORTH BEND,,WDH4086,31,0,20,6,,90,A
367614030,2022-01-04T14:47:50,43.34658,-124.32051,0.0,329.5,511.0,NORTH BEND,,WDH4086,31,0,20,6,,90,A
367614030,2022-01-04T15:19:00,43.34652,-124.32052,0.0,251.1,511.0,NORTH BEND,,WDH4086,31,0,20,6,,90,A
367614030,2022-01-04T15:20:10,43.34654,-124.32054,0.1,255.7,511.0,NORTH BEND,,WDH4086,31,0,20,6,,90,A
367614030,2022-01-04T10:42:31,43.34657,-124.32055,0.0,330.4,511.0,NORTH BEND,,WDH4086,31,0,20,6,,90,A
367614030,2022-01-04T15:22:29,43.34654,-124.32053,0.1,252.9,511.0,NORTH BEND,,WDH4086,31,0,20,6,,90,A
367614030,2022-01-04T15:21:19,43.34653,-124.32053,0.1,250.2,511.0,NORTH BEND,,WDH4086,31,0,20,6,,90,A
367614030,2022-01-04T14:51:31,43.34661,-124.32049,0.0,325.4,511.0,NORTH BEND,,WDH4086,31,0,20,6,,90,A
367614030,2022-01-04T14:52:40,43.34655,-124.32052,0.0,321.5,511.0,NORTH BEND,,WDH4086,31,0,20,6,,90,A
367614030,2022-01-04T14:26:50,43.34653,-124.32053,0.0,347.7,511.0,NORTH BEND,,WDH4086,31,0,20,6,,90,A
367614030,2022-01-04T14:53:50,43.34672,-124.32044,0.0,335.1,511.0,NORTH BEND,,WDH4086,31,0,20,6,,90,A
367614030,2022-01-04T10:44:51,43.34657,-124.32054,0.1,328.4,511.0,NORTH BEND,,WDH4086,31,0,20,6,,90,A
367614030,2022-01-04T14:57:21,43.34662,-124.32046,0.1,325.7,511.0,NORTH BEND,,WDH4086,31,0,20,6,,90,A
367614030,2022-01-04T15:26:00,43.34653,-124.32054,0.0,263.7,511.0,NORTH BEND,,WDH4086,31,0,20,6,,90,A
367614030,2022-01-04T14:58:31,43.34658,-124.32049,0.0,330.4,511.0,NORTH BEND,,WDH4086,31,0,20,6,,90,A
367614030,2022-01-04T14:56:11,43.34667,-124.32049,0.1,330.9,511.0,NORTH BEND,,WDH4086,31,0,20,6,,90,A
367614030,2022-01-04T15:31:01,43.34656,-124.32056,0.1,274.4,511.0,NORTH BEND,,WDH4086,31,0,20,6,,90,A
367614030,2022-01-04T13:48:11,43.34656,-124.32053,0.0,226.4,511.0,NORTH BEND,,WDH4086,31,0,20,6,,90,A
367614030,2022-01-04T13:49:20,43.34660,-124.32052,0.0,226.2,511.0,NORTH BEND,,WDH4086,31,0,20,6,,90,A
367614030,2022-01-04T15:35:41,43.34654,-124.32052,0.0,278.6,511.0,NORTH BEND,,WDH4086,31,0,20,6,,90,A
367614030,2022-01-04T15:00:01,43.34659,-124.32053,0.1,332.9,511.0,NORTH BEND,,WDH4086,31,0,20,6,,90,A
367614030,2022-01-04T15:03:51,43.34660,-124.32049,0.1,331.6,511.0,NORTH BEND,,WDH4086,31,0,20,6,,90,A
367614030,2022-01-04T14:40:50,43.34654,-124.32057,0.0,299.5,511.0,NORTH BEND,,WDH4086,31,0,20,6,,90,A
367614030,2022-01-04T15:39:11,43.34655,-124.32052,0.1,304.4,511.0,NORTH BEND,,WDH4086,31,0,20,6,,90,A
367614030,2022-01-04T10:57:31,43.34662,-124.32053,0.1,280.4,511.0,NORTH BEND,,WDH4086,31,0,20,6,,90,A
367614030,2022-01-04T11:01:11,43.34660,-124.32051,0.0,283.7,511.0,NORTH BEND,,WDH4086,31,0,20,6,,90,A
367614030,2022-01-04T15:06:11,43.34658,-124.32049,0.0,322.3,511.0,NORTH BEND,,WDH4086,31,0,20,6,,90,A
367614030,2022-01-04T15:13:20,43.34653,-124.32054,0.1,273.3,511.0,NORTH BEND,,WDH4086,31,0,20,6,,90,A
367614030,2022-01-04T15:40:21,43.34654,-124.32052,0.1,299.1,511.0,NORTH BEND,,WDH4086,31,0,20,6,,90,A
367614030,2022-01-04T13:59:50,43.34654,-124.32055,0.1,241.8,511.0,NORTH BEND,,WDH4086,31,0,20,6,,90,A
367614030,2022-01-04T15:24:50,43.34656,-124.32053,0.1,253.1,511.0,NORTH BEND,,WDH4086,31,0,20,6,,90,A
367614030,2022-01-04T15:17:50,43.34651,-124.32054,0.1,269.7,511.0,NORTH BEND,,WDH4086,31,0,20,6,,90,A
367614030,2022-01-04T16:02:10,43.34658,-124.32054,0.0,217.5,511.0,NORTH BEND,,WDH4086,31,0,20,6,,90,A
367614030,2022-01-04T15:54:19,43.34655,-124.32052,0.1,173.1,511.0,NORTH BEND,,WDH4086,31,0,20,6,,90,A
367614030,2022-01-04T15:23:39,43.34655,-124.32053,0.1,250.3,511.0,NORTH BEND,,WDH4086,31,0,20,6,,90,A
367614030,2022-01-04T14:18:41,43.34657,-124.32056,0.0,308.6,511.0,NORTH BEND,,WDH4086,31,0,20,6,,90,A
367614030,2022-01-04T16:01:00,43.34655,-124.32052,0.0,210.5,511.0,NORTH BEND,,WDH4086,31,0,20,6,,90,A
367614030,2022-01-04T11:14:00,43.34653,-124.32056,0.1,231.3,511.0,NORTH BEND,,WDH4086,31,0,20,6,,90,A
367614030,2022-01-04T15:36:51,43.34654,-124.32053,0.1,284.3,511.0,NORTH BEND,,WDH4086,31,0,20,6,,90,A
367614030,2022-01-04T15:38:00,43.34654,-124.32052,0.1,304.2,511.0,NORTH BEND,,WDH4086,31,0,20,6,,90,A
367614030,2022-01-04T11:22:11,43.34659,-124.32054,0.1,256.0,511.0,NORTH BEND,,WDH4086,31,0,20,6,,90,A
367614030,2022-01-04T15:46:01,43.34655,-124.32053,0.0,281.0,511.0,NORTH BEND,,WDH4086,31,0,20,6,,90,A
367614030,2022-01-04T15:15:30,43.34654,-124.32055,0.1,259.5,511.0,NORTH BEND,,WDH4086,31,0,20,6,,90,A
367614030,2022-01-04T16:15:11,43.34662,-124.32053,0.1,178.9,511.0,NORTH BEND,,WDH4086,31,0,20,6,,90,A
367614030,2022-01-04T15:44:51,43.34655,-124.32053,0.0,304.6,511.0,NORTH BEND,,WDH4086,31,0,20,6,,90,A
367614030,2022-01-04T15:51:51,43.34654,-124.32055,0.1,195.6,511.0,NORTH BEND,,WDH4086,31,0,20,6,,90,A
367614030,2022-01-04T11:26:50,43.34659,-124.32055,0.0,258.0,511.0,NORTH BEND,,WDH4086,31,0,20,6,,90,A
367614030,2022-01-04T16:30:31,43.34656,-124.32054,0.1,146.2,511.0,NORTH BEND,,WDH4086,31,0,20,6,,90,A
367614030,2022-01-04T16:31:40,43.34656,-124.32054,0.1,157.8,511.0,NORTH BEND,,WDH4086,31,0,20,6,,90,A
367614030,2022-01-04T15:55:31,43.34654,-124.32052,0.0,186.1,511.0,NORTH BEND,,WDH4086,31,0,20,6,,90,A
367614030,2022-01-04T15:29:30,43.34654,-124.32055,0.1,264.6,511.0,NORTH BEND,,WDH4086,31,0,20,6,,90,A
367614030,2022-01-04T14:44:19,43.34655,-124.32055,0.0,298.6,511.0,NORTH BEND,,WDH4086,31,0,20,6,,90,A
367614030,2022-01-04T16:36:21,43.34656,-124.32054,0.1,218.2,511.0,NORTH BEND,,WDH4086,31,0,20,6,,90,A
367614030,2022-01-04T11:33:41,43.34655,-124.32055,0.1,227.0,511.0,NORTH BEND,,WDH4086,31,0,20,6,,90,A
367614030,2022-01-04T14:45:29,43.34656,-124.32053,0.1,320.5,511.0,NORTH BEND,,WDH4086,31,0,20,6,,90,A
367614030,2022-01-04T15:32:11,43.34653,-124.32055,0.1,291.6,511.0,NORTH BEND,,WDH4086,31,0,20,6,,90,A
367614030,2022-01-04T11:34:50,43.34655,-124.32054,0.0,229.6,511.0,NORTH BEND,,WDH4086,31,0,20,6,,90,A
367614030,2022-01-04T16:03:21,43.34656,-124.32054,0.1,223.7,511.0,NORTH BEND,,WDH4086,31,0,20,6,,90,A
367614030,2022-01-04T15:34:29,43.34654,-124.32052,0.0,278.7,511.0,NORTH BEND,,WDH4086,31,0,20,6,,90,A
367614030,2022-01-04T16:05:50,43.34656,-124.32055,0.1,205.1,511.0,NORTH BEND,,WDH4086,31,0,20,6,,90,A
367614030,2022-01-04T14:46:40,43.34659,-124.32050,0.1,325.0,511.0,NORTH BEND,,WDH4086,31,0,20,6,,90,A
367614030,2022-01-04T16:38:40,43.34656,-124.32057,0.0,256.6,511.0,NORTH BEND,,WDH4086,31,0,20,6,,90,A
367614030,2022-01-04T16:06:59,43.34654,-124.32052,0.1,195.4,511.0,NORTH BEND,,WDH4086,31,0,20,6,,90,A
367614030,2022-01-04T14:49:00,43.34654,-124.32052,0.1,323.8,511.0,NORTH BEND,,WDH4086,31,0,20,6,,90,A
367614030,2022-01-04T16:08:10,43.34657,-124.32055,0.0,185.6,511.0,NORTH BEND,,WDH4086,31,0,20,6,,90,A
367614030,2022-01-04T16:09:21,43.34655,-124.32053,0.1,197.5,511.0,NORTH BEND,,WDH4086,31,0,20,6,,90,A
367614030,2022-01-04T16:10:30,43.34655,-124.32053,0.1,194.5,511.0,NORTH BEND,,WDH4086,31,0,20,6,,90,A
367614030,2022-01-04T15:41:29,43.34653,-124.32051,0.0,301.9,511.0,NORTH BEND,,WDH4086,31,0,20,6,,90,A
367614030,2022-01-04T16:11:40,43.34657,-124.32055,0.0,185.1,511.0,NORTH BEND,,WDH4086,31,0,20,6,,90,A
367614030,2022-01-04T15:42:40,43.34655,-124.32052,0.1,305.3,511.0,NORTH BEND,,WDH4086,31,0,20,6,,90,A
367614030,2022-01-04T16:12:51,43.34655,-124.32053,0.1,175.2,511.0,NORTH BEND,,WDH4086,31,0,20,6,,90,A
367614030,2022-01-04T15:43:41,43.34655,-124.32052,0.1,306.7,511.0,NORTH BEND,,WDH4086,31,0,20,6,,90,A
367614030,2022-01-04T16:48:01,43.34654,-124.32053,0.0,262.0,511.0,NORTH BEND,,WDH4086,31,0,20,6,,90,A
367614030,2022-01-04T14:55:01,43.34673,-124.32047,0.0,324.2,511.0,NORTH BEND,,WDH4086,31,0,20,6,,90,A
367614030,2022-01-04T16:39:50,43.34657,-124.32056,0.1,268.9,511.0,NORTH BEND,,WDH4086,31,0,20,6,,90,A
367614030,2022-01-04T16:22:19,43.34654,-124.32055,0.0,169.6,511.0,NORTH BEND,,WDH4086,31,0,20,6,,90,A
367614030,2022-01-04T16:17:31,43.34658,-124.32053,0.1,193.5,511.0,NORTH BEND,,WDH4086,31,0,20,6,,90,A
367614030,2022-01-04T16:40:59,43.34656,-124.32054,0.1,263.7,511.0,NORTH BEND,,WDH4086,31,0,20,6,,90,A
367614030,2022-01-04T15:49:30,43.34655,-124.32057,0.1,231.4,511.0,NORTH BEND,,WDH4086,31,0,20,6,,90,A
367614030,2022-01-04T16:24:41,43.34654,-124.32055,0.1,157.6,511.0,NORTH BEND,,WDH4086,31,0,20,6,,90,A
367614030,2022-01-04T16:44:30,43.34657,-124.32053,0.1,263.5,511.0,NORTH BEND,,WDH4086,31,0,20,6,,90,A
367614030,2022-01-04T16:55:00,43.34653,-124.32058,0.0,284.1,511.0,NORTH BEND,,WDH4086,31,0,20,6,,90,A
367614030,2022-01-04T16:26:59,43.34655,-124.32055,0.1,167.2,511.0,NORTH BEND,,WDH4086,31,0,20,6,,90,A
367614030,2022-01-04T16:28:10,43.34656,-124.32054,0.0,171.1,511.0,NORTH BEND,,WDH4086,31,0,20,6,,90,A
367614030,2022-01-04T11:54:51,43.34654,-124.32052,0.1,272.7,511.0,NORTH BEND,,WDH4086,31,0,20,6,,90,A
367614030,2022-01-04T15:08:21,43.34656,-124.32053,0.1,297.2,511.0,NORTH BEND,,WDH4086,31,0,20,6,,90,A
367614030,2022-01-04T15:09:30,43.34654,-124.32053,0.1,286.6,511.0,NORTH BEND,,WDH4086,31,0,20,6,,90,A
367614030,2022-01-04T11:58:20,43.34654,-124.32051,0.1,283.9,511.0,NORTH BEND,,WDH4086,31,0,20,6,,90,A
367614030,2022-01-04T16:32:49,43.34656,-124.32054,0.1,169.0,511.0,NORTH BEND,,WDH4086,31,0,20,6,,90,A
367614030,2022-01-04T15:10:41,43.34655,-124.32050,0.0,271.1,511.0,NORTH BEND,,WDH4086,31,0,20,6,,90,A
367614030,2022-01-04T16:56:10,43.34654,-124.32056,0.1,293.7,511.0,NORTH BEND,,WDH4086,31,0,20,6,,90,A
367614030,2022-01-04T16:37:30,43.34656,-124.32054,0.0,246.1,511.0,NORTH BEND,,WDH4086,31,0,20,6,,90,A
367614030,2022-01-04T12:02:20,43.34654,-124.32053,0.2,249.9,511.0,NORTH BEND,,WDH4086,31,0,20,6,,90,A
367614030,2022-01-04T17:12:50,43.34655,-124.32055,0.0,355.8,511.0,NORTH BEND,,WDH4086,31,0,20,6,,90,A
367614030,2022-01-04T12:08:11,43.34656,-124.32051,0.1,228.2,511.0,NORTH BEND,,WDH4086,31,0,20,6,,90,A
367614030,2022-01-04T16:45:41,43.34656,-124.32054,0.1,265.2,511.0,NORTH BEND,,WDH4086,31,0,20,6,,90,A
367614030,2022-01-04T16:51:29,43.34656,-124.32054,0.1,293.7,511.0,NORTH BEND,,WDH4086,31,0,20,6,,90,A
367614030,2022-01-04T16:46:50,43.34655,-124.32054,0.1,259.3,511.0,NORTH BEND,,WDH4086,31,0,20,6,,90,A
367614030,2022-01-04T17:26:40,43.34656,-124.32054,0.0,339.9,511.0,NORTH BEND,,WDH4086,31,0,20,6,,90,A
367614030,2022-01-04T17:15:10,43.34656,-124.32054,0.0,353.5,511.0,NORTH BEND,,WDH4086,31,0,20,6,,90,A
367614030,2022-01-04T16:50:21,43.34656,-124.32055,0.1,284.8,511.0,NORTH BEND,,WDH4086,31,0,20,6,,90,A
367614030,2022-01-04T16:52:41,43.34656,-124.32055,0.1,298.0,511.0,NORTH BEND,,WDH4086,31,0,20,6,,90,A
367614030,2022-01-04T12:16:10,43.34651,-124.32056,0.1,248.5,511.0,NORTH BEND,,WDH4086,31,0,20,6,,90,A
367614030,2022-01-04T15:27:09,43.34656,-124.32057,0.1,253.0,511.0,NORTH BEND,,WDH4086,31,0,20,6,,90,A
367614030,2022-01-04T16:25:50,43.34655,-124.32053,0.0,165.8,511.0,NORTH BEND,,WDH4086,31,0,20,6,,90,A
367614030,2022-01-04T17:22:00,43.34656,-124.32053,0.0,346.7,511.0,NORTH BEND,,WDH4086,31,0,20,6,,90,A
367614030,2022-01-04T17:01:10,43.34654,-124.32053,0.1,328.2,511.0,NORTH BEND,,WDH4086,31,0,20,6,,90,A
367614030,2022-01-04T16:29:21,43.34656,-124.32051,0.1,160.5,511.0,NORTH BEND,,WDH4086,31,0,20,6,,90,A
367614030,2022-01-04T17:25:30,43.34656,-124.32053,0.0,330.5,511.0,NORTH BEND,,WDH4086,31,0,20,6,,90,A
367614030,2022-01-04T17:04:40,43.34654,-124.32058,0.1,315.1,511.0,NORTH BEND,,WDH4086,31,0,20,6,,90,A
367614030,2022-01-04T17:05:49,43.34656,-124.32056,0.0,325.2,511.0,NORTH BEND,,WDH4086,31,0,20,6,,90,A
367614030,2022-01-04T17:07:00,43.34656,-124.32057,0.1,337.6,511.0,NORTH BEND,,WDH4086,31,0,20,6,,90,A
367614030,2022-01-04T17:08:10,43.34656,-124.32057,0.0,349.8,511.0,NORTH BEND,,WDH4086,31,0,20,6,,90,A
367614030,2022-01-04T17:11:40,43.34656,-124.32054,0.1,355.3,511.0,NORTH BEND,,WDH4086,31,0,20,6,,90,A
367614030,2022-01-04T16:34:01,43.34657,-124.32056,0.1,182.4,511.0,NORTH BEND,,WDH4086,31,0,20,6,,90,A
367614030,2022-01-04T12:37:50,43.34653,-124.32055,0.1,282.9,511.0,NORTH BEND,,WDH4086,31,0,20,6,,90,A
367614030,2022-01-04T12:40:11,43.34652,-124.32053,0.0,270.7,511.0,NORTH BEND,,WDH4086,31,0,20,6,,90,A
367614030,2022-01-04T17:14:01,43.34656,-124.32054,0.1,352.1,511.0,NORTH BEND,,WDH4086,31,0,20,6,,90,A
367614030,2022-01-04T17:52:21,43.34656,-124.32057,0.0,336.6,511.0,NORTH BEND,,WDH4086,31,0,20,6,,90,A
367614030,2022-01-04T17:17:30,43.34655,-124.32054,0.0,348.0,511.0,NORTH BEND,,WDH4086,31,0,20,6,,90,A
367614030,2022-01-04T17:39:30,43.34656,-124.32052,0.1,296.9,511.0,NORTH BEND,,WDH4086,31,0,20,6,,90,A
367614030,2022-01-04T17:16:21,43.34655,-124.32055,0.1,347.4,511.0,NORTH BEND,,WDH4086,31,0,20,6,,90,A
367614030,2022-01-04T17:58:00,43.34653,-124.32056,0.1,340.1,511.0,NORTH BEND,,WDH4086,31,0,20,6,,90,A
367614030,2022-01-04T17:18:39,43.34656,-124.32053,0.0,346.1,511.0,NORTH BEND,,WDH4086,31,0,20,6,,90,A
367614030,2022-01-04T17:59:10,43.34657,-124.32053,0.1,337.2,511.0,NORTH BEND,,WDH4086,31,0,20,6,,90,A
367614030,2022-01-04T17:20:51,43.34656,-124.32054,0.0,339.5,511.0,NORTH BEND,,WDH4086,31,0,20,6,,90,A
367614030,2022-01-04T12:48:19,43.34656,-124.32051,0.0,258.4,511.0,NORTH BEND,,WDH4086,31,0,20,6,,90,A
367614030,2022-01-04T17:24:19,43.34656,-124.32054,0.1,333.7,511.0,NORTH BEND,,WDH4086,31,0,20,6,,90,A
367614030,2022-01-04T16:49:11,43.34656,-124.32054,0.1,264.6,511.0,NORTH BEND,,WDH4086,31,0,20,6,,90,A
367614030,2022-01-04T18:07:00,43.34658,-124.32053,0.0,330.7,511.0,NORTH BEND,,WDH4086,31,0,20,6,,90,A
367614030,2022-01-04T15:50:50,43.34654,-124.32055,0.1,206.9,511.0,NORTH BEND,,WDH4086,31,0,20,6,,90,A
367614030,2022-01-04T17:29:01,43.34657,-124.32055,0.1,345.3,511.0,NORTH BEND,,WDH4086,31,0,20,6,,90,A
367614030,2022-01-04T16:53:50,43.34657,-124.32055,0.1,299.8,511.0,NORTH BEND,,WDH4086,31,0,20,6,,90,A
367614030,2022-01-04T17:31:20,43.34657,-124.32053,0.1,339.9,511.0,NORTH BEND,,WDH4086,31,0,20,6,,90,A
367614030,2022-01-04T16:57:21,43.34656,-124.32055,0.1,298.7,511.0,NORTH BEND,,WDH4086,31,0,20,6,,90,A
367614030,2022-01-04T17:33:41,43.34656,-124.32055,0.1,352.6,511.0,NORTH BEND,,WDH4086,31,0,20,6,,90,A
367614030,2022-01-04T17:37:10,43.34654,-124.32052,0.0,317.6,511.0,NORTH BEND,,WDH4086,31,0,20,6,,90,A
367614030,2022-01-04T17:32:31,43.34656,-124.32054,0.1,354.3,511.0,NORTH BEND,,WDH4086,31,0,20,6,,90,A
367614030,2022-01-04T15:57:51,43.34656,-124.32052,0.1,185.7,511.0,NORTH BEND,,WDH4086,31,0,20,6,,90,A
367614030,2022-01-04T17:34:50,43.34655,-124.32053,0.1,359.3,511.0,NORTH BEND,,WDH4086,31,0,20,6,,90,A
367614030,2022-01-04T18:00:00,43.34663,-124.32048,0.0,341.4,511.0,NORTH BEND,,WDH4086,31,0,20,6,,90,A
367614030,2022-01-04T17:36:00,43.34659,-124.32053,0.1,0.6,511.0,NORTH BEND,,WDH4086,31,0,20,6,,90,A
367614030,2022-01-04T17:44:20,43.34651,-124.32058,0.1,335.0,511.0,NORTH BEND,,WDH4086,31,0,20,6,,90,A
367614030,2022-01-04T18:08:10,43.34660,-124.32054,0.0,320.1,511.0,NORTH BEND,,WDH4086,31,0,20,6,,90,A
367614030,2022-01-04T17:46:39,43.34654,-124.32055,0.1,329.6,511.0,NORTH BEND,,WDH4086,31,0,20,6,,90,A
367614030,2022-01-04T17:48:51,43.34657,-124.32057,0.1,0.0,511.0,NORTH BEND,,WDH4086,31,0,20,6,,90,A
367614030,2022-01-04T17:09:20,43.34656,-124.32057,0.0,343.7,511.0,NORTH BEND,,WDH4086,31,0,20,6,,90,A
367614030,2022-01-04T17:45:31,43.34652,-124.32056,0.0,341.8,511.0,NORTH BEND,,WDH4086,31,0,20,6,,90,A
367614030,2022-01-04T17:50:01,43.34656,-124.32054,0.0,347.2,511.0,NORTH BEND,,WDH4086,31,0,20,6,,90,A
367614030,2022-01-04T17:51:10,43.34658,-124.32058,0.1,338.8,511.0,NORTH BEND,,WDH4086,31,0,20,6,,90,A
367614030,2022-01-04T18:35:09,43.34657,-124.32053,0.0,256.8,511.0,NORTH BEND,,WDH4086,31,0,20,6,,90,A
367614030,2022-01-04T18:36:20,43.34658,-124.32053,0.0,248.8,511.0,NORTH BEND,,WDH4086,31,0,20,6,,90,A
367614030,2022-01-04T18:38:50,43.34655,-124.32056,0.1,261.2,511.0,NORTH BEND,,WDH4086,31,0,20,6,,90,A
367614030,2022-01-04T17:55:41,43.34654,-124.32056,0.0,344.6,511.0,NORTH BEND,,WDH4086,31,0,20,6,,90,A
367614030,2022-01-04T17:56:51,43.34656,-124.32056,0.0,333.7,511.0,NORTH BEND,,WDH4086,31,0,20,6,,90,A
367614030,2022-01-04T16:21:10,43.34657,-124.32055,0.0,166.6,511.0,NORTH BEND,,WDH4086,31,0,20,6,,90,A
367614030,2022-01-04T13:17:20,43.34654,-124.32052,0.1,322.9,511.0,NORTH BEND,,WDH4086,31,0,20,6,,90,A
367614030,2022-01-04T18:01:10,43.34666,-124.32043,0.1,331.1,511.0,NORTH BEND,,WDH4086,31,0,20,6,,90,A
367614030,2022-01-04T18:27:01,43.34654,-124.32057,0.1,258.5,511.0,NORTH BEND,,WDH4086,31,0,20,6,,90,A
367614030,2022-01-04T18:02:20,43.34665,-124.32045,0.0,340.7,511.0,NORTH BEND,,WDH4086,31,0,20,6,,90,A
367614030,2022-01-04T18:03:31,43.34654,-124.32055,0.0,342.3,511.0,NORTH BEND,,WDH4086,31,0,20,6,,90,A
367614030,2022-01-04T18:04:40,43.34654,-124.32054,0.0,341.8,511.0,NORTH BEND,,WDH4086,31,0,20,6,,90,A
367614030,2022-01-04T18:32:51,43.34656,-124.32057,0.1,266.2,511.0,NORTH BEND,,WDH4086,31,0,20,6,,90,A
367614030,2022-01-04T17:27:51,43.34657,-124.32055,0.0,341.3,511.0,NORTH BEND,,WDH4086,31,0,20,6,,90,A
367614030,2022-01-04T17:30:11,43.34658,-124.32053,0.0,346.7,511.0,NORTH BEND,,WDH4086,31,0,20,6,,90,A
367614030,2022-01-04T18:56:21,43.34654,-124.32053,0.0,311.1,511.0,NORTH BEND,,WDH4086,31,0,20,6,,90,A
367614030,2022-01-04T18:12:59,43.34656,-124.32055,0.1,319.5,511.0,NORTH BEND,,WDH4086,31,0,20,6,,90,A
367614030,2022-01-04T13:26:49,43.34654,-124.32052,0.1,245.5,511.0,NORTH BEND,,WDH4086,31,0,20,6,,90,A
367614030,2022-01-04T18:58:40,43.34653,-124.32053,0.0,309.0,511.0,NORTH BEND,,WDH4086,31,0,20,6,,90,A
367614030,2022-01-04T18:14:10,43.34656,-124.32056,0.1,322.3,511.0,NORTH BEND,,WDH4086,31,0,20,6,,90,A
367614030,2022-01-04T18:10:31,43.34656,-124.32054,0.1,324.0,511.0,NORTH BEND,,WDH4086,31,0,20,6,,90,A
367614030,2022-01-04T18:19:00,43.34657,-124.32055,0.1,281.6,511.0,NORTH BEND,,WDH4086,31,0,20,6,,90,A
367614030,2022-01-04T16:42:11,43.34656,-124.32053,0.1,257.6,511.0,NORTH BEND,,WDH4086,31,0,20,6,,90,A
367614030,2022-01-04T18:17:50,43.34657,-124.32056,0.0,294.5,511.0,NORTH BEND,,WDH4086,31,0,20,6,,90,A
367614030,2022-01-04T17:40:41,43.34656,-124.32054,0.1,293.9,511.0,NORTH BEND,,WDH4086,31,0,20,6,,90,A
367614030,2022-01-04T18:22:21,43.34658,-124.32055,0.0,239.8,511.0,NORTH BEND,,WDH4086,31,0,20,6,,90,A
367614030,2022-01-04T17:41:51,43.34655,-124.32053,0.1,335.4,511.0,NORTH BEND,,WDH4086,31,0,20,6,,90,A
367614030,2022-01-04T18:21:20,43.34661,-124.32054,0.1,251.7,511.0,NORTH BEND,,WDH4086,31,0,20,6,,90,A
367614030,2022-01-04T18:52:49,43.34654,-124.32053,0.1,317.6,511.0,NORTH BEND,,WDH4086,31,0,20,6,,90,A
367614030,2022-01-04T18:28:11,43.34655,-124.32056,0.0,268.1,511.0,NORTH BEND,,WDH4086,31,0,20,6,,90,A
367614030,2022-01-04T13:39:40,43.34653,-124.32050,0.1,237.7,511.0,NORTH BEND,,WDH4086,31,0,20,6,,90,A
367614030,2022-01-04T18:30:30,43.34653,-124.32058,0.1,264.2,511.0,NORTH BEND,,WDH4086,31,0,20,6,,90,A
367614030,2022-01-04T18:57:30,43.34653,-124.32053,0.0,307.3,511.0,NORTH BEND,,WDH4086,31,0,20,6,,90,A
367614030,2022-01-04T18:31:40,43.34655,-124.32056,0.0,274.2,511.0,NORTH BEND,,WDH4086,31,0,20,6,,90,A
367614030,2022-01-04T13:46:50,43.34659,-124.32053,0.0,228.0,511.0,NORTH BEND,,WDH4086,31,0,20,6,,90,A
367614030,2022-01-04T18:29:20,43.34655,-124.32062,0.1,263.8,511.0,NORTH BEND,,WDH4086,31,0,20,6,,90,A
367614030,2022-01-04T19:16:30,43.34656,-124.32053,0.1,308.9,511.0,NORTH BEND,,WDH4086,31,0,20,6,,90,A
367614030,2022-01-04T17:53:31,43.34654,-124.32056,0.1,337.8,511.0,NORTH BEND,,WDH4086,31,0,20,6,,90,A
367614030,2022-01-04T19:03:30,43.34655,-124.32052,0.1,318.5,511.0,NORTH BEND,,WDH4086,31,0,20,6,,90,A
367614030,2022-01-04T19:18:39,43.34655,-124.32053,0.1,303.2,511.0,NORTH BEND,,WDH4086,31,0,20,6,,90,A
367614030,2022-01-04T18:40:01,43.34655,-124.32054,0.0,270.7,511.0,NORTH BEND,,WDH4086,31,0,20,6,,90,A
367614030,2022-01-04T18:44:40,43.34655,-124.32052,0.1,291.0,511.0,NORTH BEND,,WDH4086,31,0,20,6,,90,A
367614030,2022-01-04T17:00:00,43.34654,-124.32054,0.0,320.6,511.0,NORTH BEND,,WDH4086,31,0,20,6,,90,A
367614030,2022-01-04T18:49:20,43.34654,-124.32055,0.1,310.1,511.0,NORTH BEND,,WDH4086,31,0,20,6,,90,A
367614030,2022-01-04T18:48:10,43.34654,-124.32054,0.0,287.8,511.0,NORTH BEND,,WDH4086,31,0,20,6,,90,A
367614030,2022-01-04T18:05:51,43.34656,-124.32055,0.0,336.6,511.0,NORTH BEND,,WDH4086,31,0,20,6,,90,A
367614030,2022-01-04T19:33:31,43.34653,-124.32051,0.1,331.8,511.0,NORTH BEND,,WDH4086,31,0,20,6,,90,A
367614030,2022-01-04T19:17:31,43.34654,-124.32054,0.1,307.9,511.0,NORTH BEND,,WDH4086,31,0,20,6,,90,A
367614030,2022-01-04T18:09:20,43.34656,-124.32054,0.0,320.0,511.0,NORTH BEND,,WDH4086,31,0,20,6,,90,A
367614030,2022-01-04T14:03:29,43.34656,-124.32055,0.0,252.3,511.0,NORTH BEND,,WDH4086,31,0,20,6,,90,A
367614030,2022-01-04T14:04:39,43.34654,-124.32056,0.0,260.6,511.0,NORTH BEND,,WDH4086,31,0,20,6,,90,A
367614030,2022-01-04T18:55:10,43.34654,-124.32050,0.0,309.7,511.0,NORTH BEND,,WDH4086,31,0,20,6,,90,A
367614030,2022-01-04T19:40:19,43.34655,-124.32054,0.1,347.1,511.0,NORTH BEND,,WDH4086,31,0,20,6,,90,A
367614030,2022-01-04T14:08:10,43.34657,-124.32053,0.0,274.3,511.0,NORTH BEND,,WDH4086,31,0,20,6,,90,A
367614030,2022-01-04T19:26:51,43.34652,-124.32054,0.0,320.5,511.0,NORTH BEND,,WDH4086,31,0,20,6,,90,A
367614030,2022-01-04T19:45:00,43.34655,-124.32055,0.1,353.1,511.0,NORTH BEND,,WDH4086,31,0,20,6,,90,A
367614030,2022-01-04T14:10:30,43.34654,-124.32055,0.1,275.8,511.0,NORTH BEND,,WDH4086,31,0,20,6,,90,A
367614030,2022-01-04T19:29:10,43.34653,-124.32055,0.1,310.6,511.0,NORTH BEND,,WDH4086,31,0,20,6,,90,A
367614030,2022-01-04T18:20:11,43.34659,-124.32053,0.0,264.3,511.0,NORTH BEND,,WDH4086,31,0,20,6,,90,A
367614030,2022-01-04T19:30:11,43.34654,-124.32053,0.1,317.6,511.0,NORTH BEND,,WDH4086,31,0,20,6,,90,A
367614030,2022-01-04T19:47:20,43.34656,-124.32056,0.1,329.9,511.0,NORTH BEND,,WDH4086,31,0,20,6,,90,A
367614030,2022-01-04T19:04:40,43.34655,-124.32052,0.0,324.3,511.0,NORTH BEND,,WDH4086,31,0,20,6,,90,A
367614030,2022-01-04T18:23:30,43.34656,-124.32054,0.1,236.5,511.0,NORTH BEND,,WDH4086,31,0,20,6,,90,A
367614030,2022-01-04T19:06:59,43.34653,-124.32056,0.1,327.0,511.0,NORTH BEND,,WDH4086,31,0,20,6,,90,A
367614030,2022-01-04T18:24:41,43.34656,-124.32055,0.0,246.0,511.0,NORTH BEND,,WDH4086,31,0,20,6,,90,A
367614030,2022-01-04T19:53:01,43.34656,-124.32051,0.2,332.2,511.0,NORTH BEND,,WDH4086,31,0,20,6,,90,A
367614030,2022-01-04T19:10:40,43.34655,-124.32058,0.1,344.5,511.0,NORTH BEND,,WDH4086,31,0,20,6,,90,A
367614030,2022-01-04T14:21:11,43.34659,-124.32051,0.0,339.8,511.0,NORTH BEND,,WDH4086,31,0,20,6,,90,A
367614030,2022-01-04T19:55:11,43.34654,-124.32052,0.2,2.5,511.0,NORTH BEND,,WDH4086,31,0,20,6,,90,A
367614030,2022-01-04T19:14:10,43.34655,-124.32056,0.0,333.9,511.0,NORTH BEND,,WDH4086,31,0,20,6,,90,A
367614030,2022-01-04T14:22:20,43.34654,-124.32056,0.0,344.4,511.0,NORTH BEND,,WDH4086,31,0,20,6,,90,A
367614030,2022-01-04T19:42:41,43.34654,-124.32054,0.1,341.4,511.0,NORTH BEND,,WDH4086,31,0,20,6,,90,A
367614030,2022-01-04T18:34:01,43.34658,-124.32054,0.1,255.6,511.0,NORTH BEND,,WDH4086,31,0,20,6,,90,A
367614030,2022-01-04T20:01:11,43.34657,-124.32053,0.1,296.3,511.0,NORTH BEND,,WDH4086,31,0,20,6,,90,A
367614030,2022-01-04T19:49:40,43.34656,-124.32053,0.1,333.4,511.0,NORTH BEND,,WDH4086,31,0,20,6,,90,A
367614030,2022-01-04T18:37:30,43.34655,-124.32054,0.1,252.2,511.0,NORTH BEND,,WDH4086,31,0,20,6,,90,A
367614030,2022-01-04T19:51:51,43.34655,-124.32052,0.1,338.8,511.0,NORTH BEND,,WDH4086,31,0,20,6,,90,A
367614030,2022-01-04T19:19:51,43.34654,-124.32054,0.2,305.4,511.0,NORTH BEND,,WDH4086,31,0,20,6,,90,A
367614030,2022-01-04T19:24:30,43.34652,-124.32055,0.1,309.8,511.0,NORTH BEND,,WDH4086,31,0,20,6,,90,A
367614030,2022-01-04T18:43:31,43.34654,-124.32055,0.1,277.1,511.0,NORTH BEND,,WDH4086,31,0,20,6,,90,A
367614030,2022-01-04T19:58:31,43.34654,-124.32052,0.2,9.6,511.0,NORTH BEND,,WDH4086,31,0,20,6,,90,A
367614030,2022-01-04T18:47:00,43.34653,-124.32053,0.1,279.8,511.0,NORTH BEND,,WDH4086,31,0,20,6,,90,A
367614030,2022-01-04T20:02:20,43.34655,-124.32054,0.1,300.7,511.0,NORTH BEND,,WDH4086,31,0,20,6,,90,A
367614030,2022-01-04T20:15:10,43.34653,-124.32053,0.3,340.6,511.0,NORTH BEND,,WDH4086,31,0,20,6,,90,A
367614030,2022-01-04T19:28:01,43.34653,-124.32057,0.0,321.8,511.0,NORTH BEND,,WDH4086,31,0,20,6,,90,A
367614030,2022-01-04T18:51:41,43.34654,-124.32053,0.0,324.0,511.0,NORTH BEND,,WDH4086,31,0,20,6,,90,A
367614030,2022-01-04T20:18:29,43.34656,-124.32052,0.1,354.6,511.0,NORTH BEND,,WDH4086,31,0,20,6,,90,A
367614030,2022-01-04T19:36:51,43.34653,-124.32052,0.2,340.0,511.0,NORTH BEND,,WDH4086,31,0,20,6,,90,A
367614030,2022-01-04T19:38:00,43.34653,-124.32053,0.2,344.5,511.0,NORTH BEND,,WDH4086,31,0,20,6,,90,A
367614030,2022-01-04T20:24:29,43.34655,-124.32050,0.2,359.8,511.0,NORTH BEND,,WDH4086,31,0,20,6,,90,A
367614030,2022-01-04T17:43:11,43.34651,-124.32058,0.1,327.1,511.0,NORTH BEND,,WDH4086,31,0,20,6,,90,A
367614030,2022-01-04T19:43:51,43.34655,-124.32055,0.0,344.8,511.0,NORTH BEND,,WDH4086,31,0,20,6,,90,A
367614030,2022-01-04T18:59:50,43.34653,-124.32053,0.1,312.1,511.0,NORTH BEND,,WDH4086,31,0,20,6,,90,A
367614030,2022-01-04T20:14:00,43.34654,-124.32051,0.1,340.9,511.0,NORTH BEND,,WDH4086,31,0,20,6,,90,A
367614030,2022-01-04T20:30:20,43.34658,-124.32053,0.1,242.0,511.0,NORTH BEND,,WDH4086,31,0,20,6,,90,A
367614030,2022-01-04T20:31:30,43.34660,-124.32052,0.1,241.5,511.0,NORTH BEND,,WDH4086,31,0,20,6,,90,A
367614030,2022-01-04T20:37:21,43.34660,-124.32051,0.1,244.5,511.0,NORTH BEND,,WDH4086,31,0,20,6,,90,A
367614030,2022-01-04T19:54:10,43.34655,-124.32053,0.0,340.5,511.0,NORTH BEND,,WDH4086,31,0,20,6,,90,A
367614030,2022-01-04T20:38:30,43.34660,-124.32052,0.1,219.2,511.0,NORTH BEND,,WDH4086,31,0,20,6,,90,A
367614030,2022-01-04T19:09:30,43.34654,-124.32059,0.1,326.5,511.0,NORTH BEND,,WDH4086,31,0,20,6,,90,A
367614030,2022-01-04T20:39:39,43.34656,-124.32052,0.2,236.7,511.0,NORTH BEND,,WDH4086,31,0,20,6,,90,A
367614030,2022-01-04T20:42:00,43.34658,-124.32051,0.1,226.5,511.0,NORTH BEND,,WDH4086,31,0,20,6,,90,A
367614030,2022-01-04T20:43:10,43.34658,-124.32053,0.1,233.5,511.0,NORTH BEND,,WDH4086,31,0,20,6,,90,A
367614030,2022-01-04T20:44:21,43.34658,-124.32055,0.1,232.9,511.0,NORTH BEND,,WDH4086,31,0,20,6,,90,A
367614030,2022-01-04T19:59:41,43.34655,-124.32053,0.1,331.2,511.0,NORTH BEND,,WDH4086,31,0,20,6,,90,A
367614030,2022-01-04T19:15:20,43.34655,-124.32053,0.1,328.7,511.0,NORTH BEND,,WDH4086,31,0,20,6,,90,A
367614030,2022-01-04T20:00:00,43.34655,-124.32052,0.2,333.1,511.0,NORTH BEND,,WDH4086,31,0,20,6,,90,A
367614030,2022-01-04T20:04:41,43.34656,-124.32055,0.1,273.3,511.0,NORTH BEND,,WDH4086,31,0,20,6,,90,A
367614030,2022-01-04T20:07:01,43.34654,-124.32053,0.2,267.5,511.0,NORTH BEND,,WDH4086,31,0,20,6,,90,A
367614030,2022-01-04T20:03:31,43.34655,-124.32054,0.1,295.0,511.0,NORTH BEND,,WDH4086,31,0,20,6,,90,A
367614030,2022-01-04T20:40:50,43.34658,-124.32050,0.1,251.5,511.0,NORTH BEND,,WDH4086,31,0,20,6,,90,A
367614030,2022-01-04T19:21:01,43.34654,-124.32053,0.1,302.9,511.0,NORTH BEND,,WDH4086,31,0,20,6,,90,A
367614030,2022-01-04T19:22:10,43.34653,-124.32051,0.1,298.7,511.0,NORTH BEND,,WDH4086,31,0,20,6,,90,A
367614030,2022-01-04T20:05:51,43.34655,-124.32052,0.0,272.8,511.0,NORTH BEND,,WDH4086,31,0,20,6,,90,A
367614030,2022-01-04T20:12:51,43.34655,-124.32050,0.0,324.9,511.0,NORTH BEND,,WDH4086,31,0,20,6,,90,A
367614030,2022-01-04T20:59:31,43.34658,-124.32053,0.0,242.7,511.0,NORTH BEND,,WDH4086,31,0,20,6,,90,A
367614030,2022-01-04T19:23:20,43.34651,-124.32054,0.1,305.6,511.0,NORTH BEND,,WDH4086,31,0,20,6,,90,A
367614030,2022-01-04T18:15:21,43.34657,-124.32057,0.1,313.4,511.0,NORTH BEND,,WDH4086,31,0,20,6,,90,A
367614030,2022-01-04T15:14:29,43.34652,-124.32056,0.1,267.5,511.0,NORTH BEND,,WDH4086,31,0,20,6,,90,A
367614030,2022-01-04T18:16:31,43.34656,-124.32055,0.0,309.0,511.0,NORTH BEND,,WDH4086,31,0,20,6,,90,A
367614030,2022-01-04T20:19:40,43.34658,-124.32052,0.1,338.2,511.0,NORTH BEND,,WDH4086,31,0,20,6,,90,A
367614030,2022-01-04T20:56:00,43.34654,-124.32054,0.1,228.9,511.0,NORTH BEND,,WDH4086,31,0,20,6,,90,A
367614030,2022-01-04T20:26:50,43.34654,-124.32054,0.1,314.4,511.0,NORTH BEND,,WDH4086,31,0,20,6,,90,A
367614030,2022-01-04T20:29:10,43.34658,-124.32053,0.2,269.5,511.0,NORTH BEND,,WDH4086,31,0,20,6,,90,A
367614030,2022-01-04T19:35:50,43.34653,-124.32054,0.1,327.8,511.0,NORTH BEND,,WDH4086,31,0,20,6,,90,A
367614030,2022-01-04T20:23:11,43.34653,-124.32051,0.1,350.6,511.0,NORTH BEND,,WDH4086,31,0,20,6,,90,A
367614030,2022-01-04T19:39:10,43.34656,-124.32053,0.1,346.1,511.0,NORTH BEND,,WDH4086,31,0,20,6,,90,A
367614030,2022-01-04T18:25:50,43.34654,-124.32056,0.0,254.3,511.0,NORTH BEND,,WDH4086,31,0,20,6,,90,A
367614030,2022-01-04T21:04:39,43.34656,-124.32055,0.0,247.8,511.0,NORTH BEND,,WDH4086,31,0,20,6,,90,A
367614030,2022-01-04T20:35:00,43.34660,-124.32051,0.1,249.1,511.0,NORTH BEND,,WDH4086,31,0,20,6,,90,A
367614030,2022-01-04T19:41:29,43.34654,-124.32054,0.2,347.6,511.0,NORTH BEND,,WDH4086,31,0,20,6,,90,A
367614030,2022-01-04T20:33:50,43.34661,-124.32051,0.1,232.0,511.0,NORTH BEND,,WDH4086,31,0,20,6,,90,A
367614030,2022-01-04T15:28:20,43.34653,-124.32055,0.1,255.1,511.0,NORTH BEND,,WDH4086,31,0,20,6,,90,A
367614030,2022-01-04T20:36:11,43.34661,-124.32051,0.0,252.0,511.0,NORTH BEND,,WDH4086,31,0,20,6,,90,A
367614030,2022-01-04T15:33:21,43.34654,-124.32055,0.0,286.2,511.0,NORTH BEND,,WDH4086,31,0,20,6,,90,A
367614030,2022-01-04T20:49:01,43.34658,-124.32054,0.1,231.7,511.0,NORTH BEND,,WDH4086,31,0,20,6,,90,A
367614030,2022-01-04T21:26:51,43.34656,-124.32053,0.1,233.7,511.0,NORTH BEND,,WDH4086,31,0,20,6,,90,A
367614030,2022-01-04T21:18:30,43.34655,-124.32054,0.0,258.6,511.0,NORTH BEND,,WDH4086,31,0,20,6,,90,A
367614030,2022-01-04T18:41:11,43.34655,-124.32053,0.1,275.2,511.0,NORTH BEND,,WDH4086,31,0,20,6,,90,A
367614030,2022-01-04T18:42:21,43.34654,-124.32055,0.0,269.2,511.0,NORTH BEND,,WDH4086,31,0,20,6,,90,A
367614030,2022-01-04T20:46:40,43.34658,-124.32053,0.1,229.8,511.0,NORTH BEND,,WDH4086,31,0,20,6,,90,A
367614030,2022-01-04T21:20:50,43.34654,-124.32052,0.1,271.2,511.0,NORTH BEND,,WDH4086,31,0,20,6,,90,A
367614030,2022-01-04T20:50:10,43.34657,-124.32053,0.2,220.3,511.0,NORTH BEND,,WDH4086,31,0,20,6,,90,A
367614030,2022-01-04T20:51:21,43.34654,-124.32054,0.1,225.2,511.0,NORTH BEND,,WDH4086,31,0,20,6,,90,A
367614030,2022-01-04T20:52:30,43.34656,-124.32055,0.0,199.0,511.0,NORTH BEND,,WDH4086,31,0,20,6,,90,A
367614030,2022-01-04T15:47:11,43.34655,-124.32053,0.1,268.8,511.0,NORTH BEND,,WDH4086,31,0,20,6,,90,A
367614030,2022-01-04T21:30:20,43.34655,-124.32054,0.2,215.4,511.0,NORTH BEND,,WDH4086,31,0,20,6,,90,A
367614030,2022-01-04T18:54:00,43.34654,-124.32052,0.1,309.2,511.0,NORTH BEND,,WDH4086,31,0,20,6,,90,A
367614030,2022-01-04T15:48:20,43.34655,-124.32055,0.1,258.5,511.0,NORTH BEND,,WDH4086,31,0,20,6,,90,A
367614030,2022-01-04T20:10:30,43.34654,-124.32052,0.1,286.8,511.0,NORTH BEND,,WDH4086,31,0,20,6,,90,A
367614030,2022-01-04T20:57:10,43.34656,-124.32054,0.1,222.1,511.0,NORTH BEND,,WDH4086,31,0,20,6,,90,A
367614030,2022-01-04T20:11:40,43.34655,-124.32050,0.1,328.9,511.0,NORTH BEND,,WDH4086,31,0,20,6,,90,A
367614030,2022-01-04T20:58:20,43.34657,-124.32054,0.0,229.0,511.0,NORTH BEND,,WDH4086,31,0,20,6,,90,A
367614030,2022-01-04T21:00:00,43.34656,-124.32054,0.0,236.0,511.0,NORTH BEND,,WDH4086,31,0,20,6,,90,A
367614030,2022-01-04T15:53:10,43.34655,-124.32053,0.0,185.0,511.0,NORTH BEND,,WDH4086,31,0,20,6,,90,A
367614030,2022-01-04T21:11:30,43.34653,-124.32057,0.1,264.3,511.0,NORTH BEND,,WDH4086,31,0,20,6,,90,A
367614030,2022-01-04T20:16:19,43.34652,-124.32053,0.1,332.4,511.0,NORTH BEND,,WDH4086,31,0,20,6,,90,A
367614030,2022-01-04T21:12:41,43.34654,-124.32056,0.1,251.4,511.0,NORTH BEND,,WDH4086,31,0,20,6,,90,A
367614030,2022-01-04T21:38:40,43.34653,-124.32051,0.1,276.4,511.0,NORTH BEND,,WDH4086,31,0,20,6,,90,A
367614030,2022-01-04T15:56:40,43.34655,-124.32052,0.0,184.8,511.0,NORTH BEND,,WDH4086,31,0,20,6,,90,A
367614030,2022-01-04T20:17:20,43.34657,-124.32053,0.2,352.9,511.0,NORTH BEND,,WDH4086,31,0,20,6,,90,A
367614030,2022-01-04T21:13:50,43.34657,-124.32054,0.0,236.9,511.0,NORTH BEND,,WDH4086,31,0,20,6,,90,A
367614030,2022-01-04T21:41:00,43.34656,-124.32052,0.1,322.8,511.0,NORTH BEND,,WDH4086,31,0,20,6,,90,A
367614030,2022-01-04T19:01:10,43.34653,-124.32053,0.0,321.3,511.0,NORTH BEND,,WDH4086,31,0,20,6,,90,A
367614030,2022-01-04T21:16:11,43.34658,-124.32053,0.2,244.3,511.0,NORTH BEND,,WDH4086,31,0,20,6,,90,A
367614030,2022-01-04T20:20:50,43.34658,-124.32050,0.1,359.6,511.0,NORTH BEND,,WDH4086,31,0,20,6,,90,A
367614030,2022-01-04T21:08:01,43.34651,-124.32060,0.1,230.7,511.0,NORTH BEND,,WDH4086,31,0,20,6,,90,A
367614030,2022-01-04T21:43:10,43.34654,-124.32053,0.1,348.0,511.0,NORTH BEND,,WDH4086,31,0,20,6,,90,A
367614030,2022-01-04T21:19:40,43.34655,-124.32053,0.0,285.1,511.0,NORTH BEND,,WDH4086,31,0,20,6,,90,A
367614030,2022-01-04T21:57:20,43.34654,-124.32053,0.0,351.6,511.0,NORTH BEND,,WDH4086,31,0,20,6,,90,A
367614030,2022-01-04T20:25:40,43.34652,-124.32054,0.1,339.7,511.0,NORTH BEND,,WDH4086,31,0,20,6,,90,A
367614030,2022-01-04T16:04:31,43.34654,-124.32053,0.0,207.9,511.0,NORTH BEND,,WDH4086,31,0,20,6,,90,A
367614030,2022-01-04T21:48:01,43.34654,-124.32053,0.1,338.3,511.0,NORTH BEND,,WDH4086,31,0,20,6,,90,A
367614030,2022-01-04T19:05:50,43.34654,-124.32051,0.1,319.4,511.0,NORTH BEND,,WDH4086,31,0,20,6,,90,A
367614030,2022-01-04T21:23:10,43.34655,-124.32051,0.1,256.1,511.0,NORTH BEND,,WDH4086,31,0,20,6,,90,A
367614030,2022-01-04T22:01:09,43.34656,-124.32051,0.1,0.4,511.0,NORTH BEND,,WDH4086,31,0,20,6,,90,A
367614030,2022-01-04T20:28:01,43.34656,-124.32051,0.1,296.5,511.0,NORTH BEND,,WDH4086,31,0,20,6,,90,A
367614030,2022-01-04T21:15:01,43.34656,-124.32054,0.1,231.9,511.0,NORTH BEND,,WDH4086,31,0,20,6,,90,A
367614030,2022-01-04T19:08:10,43.34655,-124.32056,0.1,321.2,511.0,NORTH BEND,,WDH4086,31,0,20,6,,90,A
367614030,2022-01-04T20:32:39,43.34660,-124.32052,0.2,230.7,511.0,NORTH BEND,,WDH4086,31,0,20,6,,90,A
367614030,2022-01-04T21:17:21,43.34655,-124.32053,0.0,252.4,511.0,NORTH BEND,,WDH4086,31,0,20,6,,90,A
367614030,2022-01-04T19:11:50,43.34654,-124.32057,0.1,318.9,511.0,NORTH BEND,,WDH4086,31,0,20,6,,90,A
367614030,2022-01-04T21:29:11,43.34658,-124.32053,0.1,224.3,511.0,NORTH BEND,,WDH4086,31,0,20,6,,90,A
367614030,2022-01-04T22:09:20,43.34651,-124.32053,0.1,346.6,511.0,NORTH BEND,,WDH4086,31,0,20,6,,90,A
367614030,2022-01-04T21:22:00,43.34654,-124.32052,0.1,265.7,511.0,NORTH BEND,,WDH4086,31,0,20,6,,90,A
367614030,2022-01-04T21:58:21,43.34655,-124.32053,0.2,349.6,511.0,NORTH BEND,,WDH4086,31,0,20,6,,90,A
367614030,2022-01-04T16:13:59,43.34658,-124.32051,0.0,172.4,511.0,NORTH BEND,,WDH4086,31,0,20,6,,90,A
367614030,2022-01-04T22:12:50,43.34653,-124.32054,0.1,345.6,511.0,NORTH BEND,,WDH4086,31,0,20,6,,90,A
367614030,2022-01-04T16:16:20,43.34657,-124.32053,0.1,179.1,511.0,NORTH BEND,,WDH4086,31,0,20,6,,90,A
367614030,2022-01-04T21:24:21,43.34656,-124.32051,0.1,259.9,511.0,NORTH BEND,,WDH4086,31,0,20,6,,90,A
367614030,2022-01-04T22:05:51,43.34656,-124.32051,0.0,345.1,511.0,NORTH BEND,,WDH4086,31,0,20,6,,90,A
367614030,2022-01-04T16:18:51,43.34662,-124.32052,0.1,193.7,511.0,NORTH BEND,,WDH4086,31,0,20,6,,90,A
367614030,2022-01-04T22:07:01,43.34655,-124.32052,0.0,348.8,511.0,NORTH BEND,,WDH4086,31,0,20,6,,90,A
367614030,2022-01-04T16:20:00,43.34659,-124.32054,0.0,188.3,511.0,NORTH BEND,,WDH4086,31,0,20,6,,90,A
367614030,2022-01-04T20:45:31,43.34657,-124.32053,0.1,224.0,511.0,NORTH BEND,,WDH4086,31,0,20,6,,90,A
367614030,2022-01-04T20:47:51,43.34657,-124.32053,0.1,225.6,511.0,NORTH BEND,,WDH4086,31,0,20,6,,90,A
367614030,2022-01-04T21:34:01,43.34655,-124.32054,0.1,210.5,511.0,NORTH BEND,,WDH4086,31,0,20,6,,90,A
367614030,2022-01-04T16:23:30,43.34655,-124.32054,0.1,169.6,511.0,NORTH BEND,,WDH4086,31,0,20,6,,90,A
367614030,2022-01-04T22:25:29,43.34656,-124.32055,0.1,36.1,511.0,NORTH BEND,,WDH4086,31,0,20,6,,90,A
367614030,2022-01-04T22:17:21,43.34654,-124.32053,0.1,348.3,511.0,NORTH BEND,,WDH4086,31,0,20,6,,90,A
367614030,2022-01-04T22:28:51,43.34655,-124.32055,0.1,103.1,511.0,NORTH BEND,,WDH4086,31,0,20,6,,90,A
367614030,2022-01-04T20:53:40,43.34655,-124.32055,0.1,197.5,511.0,NORTH BEND,,WDH4086,31,0,20,6,,90,A
367614030,2022-01-04T22:31:11,43.34656,-124.32053,0.1,161.5,511.0,NORTH BEND,,WDH4086,31,0,20,6,,90,A
367614030,2022-01-04T21:35:11,43.34654,-124.32055,0.0,217.0,511.0,NORTH BEND,,WDH4086,31,0,20,6,,90,A
367614030,2022-01-04T22:23:10,43.34654,-124.32057,0.1,11.8,511.0,NORTH BEND,,WDH4086,31,0,20,6,,90,A
367614030,2022-01-04T21:37:29,43.34653,-124.32054,0.1,250.9,511.0,NORTH BEND,,WDH4086,31,0,20,6,,90,A
367614030,2022-01-04T22:33:30,43.34655,-124.32053,0.1,178.1,511.0,NORTH BEND,,WDH4086,31,0,20,6,,90,A
367614030,2022-01-04T21:03:30,43.34660,-124.32051,0.1,263.6,511.0,NORTH BEND,,WDH4086,31,0,20,6,,90,A
367614030,2022-01-04T16:35:11,43.34658,-124.32055,0.0,193.6,511.0,NORTH BEND,,WDH4086,31,0,20,6,,90,A
367614030,2022-01-04T19:34:40,43.34654,-124.32055,0.0,315.7,511.0,NORTH BEND,,WDH4086,31,0,20,6,,90,A
367614030,2022-01-04T21:06:49,43.34655,-124.32054,0.0,234.5,511.0,NORTH BEND,,WDH4086,31,0,20,6,,90,A
367614030,2022-01-04T21:45:41,43.34654,-124.32051,0.0,344.9,511.0,NORTH BEND,,WDH4086,31,0,20,6,,90,A
367614030,2022-01-04T22:34:40,43.34654,-124.32053,0.1,197.9,511.0,NORTH BEND,,WDH4086,31,0,20,6,,90,A
367614030,2022-01-04T22:35:51,43.34656,-124.32051,0.0,212.6,511.0,NORTH BEND,,WDH4086,31,0,20,6,,90,A
367614030,2022-01-04T21:09:11,43.34652,-124.32056,0.0,239.4,511.0,NORTH BEND,,WDH4086,31,0,20,6,,90,A
367614030,2022-01-04T22:10:30,43.34654,-124.32051,0.1,356.9,511.0,NORTH BEND,,WDH4086,31,0,20,6,,90,A
367614030,2022-01-04T22:50:41,43.34655,-124.32050,0.1,253.7,511.0,NORTH BEND,,WDH4086,31,0,20,6,,90,A
367614030,2022-01-04T22:11:41,43.34653,-124.32050,0.1,351.5,511.0,NORTH BEND,,WDH4086,31,0,20,6,,90,A
367614030,2022-01-04T21:51:29,43.34651,-124.32055,0.1,355.8,511.0,NORTH BEND,,WDH4086,31,0,20,6,,90,A
367614030,2022-01-04T22:51:51,43.34656,-124.32052,0.1,270.6,511.0,NORTH BEND,,WDH4086,31,0,20,6,,90,A
367614030,2022-01-04T22:41:30,43.34655,-124.32053,0.1,228.1,511.0,NORTH BEND,,WDH4086,31,0,20,6,,90,A
367614030,2022-01-04T21:55:01,43.34651,-124.32055,0.1,355.8,511.0,NORTH BEND,,WDH4086,31,0,20,6,,90,A
367614030,2022-01-04T16:43:21,43.34657,-124.32052,0.1,258.3,511.0,NORTH BEND,,WDH4086,31,0,20,6,,90,A
367614030,2022-01-04T22:00:01,43.34656,-124.32051,0.0,359.6,511.0,NORTH BEND,,WDH4086,31,0,20,6,,90,A
367614030,2022-01-04T22:47:10,43.34655,-124.32051,0.1,234.0,511.0,NORTH BEND,,WDH4086,31,0,20,6,,90,A
367614030,2022-01-04T22:57:31,43.34655,-124.32052,0.1,0.0,511.0,NORTH BEND,,WDH4086,31,0,20,6,,90,A
367614030,2022-01-04T19:46:09,43.34654,-124.32054,0.1,339.7,511.0,NORTH BEND,,WDH4086,31,0,20,6,,90,A
367614030,2022-01-04T22:03:30,43.34655,-124.32052,0.1,344.0,511.0,NORTH BEND,,WDH4086,31,0,20,6,,90,A
367614030,2022-01-04T19:48:30,43.34656,-124.32054,0.1,326.3,511.0,NORTH BEND,,WDH4086,31,0,20,6,,90,A
367614030,2022-01-04T23:03:31,43.34654,-124.32054,0.1,27.3,511.0,NORTH BEND,,WDH4086,31,0,20,6,,90,A
367614030,2022-01-04T23:04:40,43.34655,-124.32052,0.1,22.5,511.0,NORTH BEND,,WDH4086,31,0,20,6,,90,A
367614030,2022-01-04T22:08:10,43.34655,-124.32052,0.1,347.1,511.0,NORTH BEND,,WDH4086,31,0,20,6,,90,A
367614030,2022-01-04T22:15:10,43.34656,-124.32053,0.2,340.4,511.0,NORTH BEND,,WDH4086,31,0,20,6,,90,A
367614030,2022-01-04T22:30:01,43.34655,-124.32055,0.1,142.6,511.0,NORTH BEND,,WDH4086,31,0,20,6,,90,A
367614030,2022-01-04T21:31:30,43.34658,-124.32051,0.1,200.5,511.0,NORTH BEND,,WDH4086,31,0,20,6,,90,A
367614030,2022-01-04T21:32:50,43.34654,-124.32054,0.1,205.0,511.0,NORTH BEND,,WDH4086,31,0,20,6,,90,A
367614030,2022-01-04T19:57:30,43.34654,-124.32052,0.1,359.5,511.0,NORTH BEND,,WDH4086,31,0,20,6,,90,A
367614030,2022-01-04T22:19:40,43.34656,-124.32054,0.2,359.9,511.0,NORTH BEND,,WDH4086,31,0,20,6,,90,A
367614030,2022-01-04T22:20:51,43.34655,-124.32054,0.1,357.2,511.0,NORTH BEND,,WDH4086,31,0,20,6,,90,A
367614030,2022-01-04T22:37:01,43.34655,-124.32051,0.1,228.3,511.0,NORTH BEND,,WDH4086,31,0,20,6,,90,A
367614030,2022-01-04T22:21:59,43.34655,-124.32056,0.0,0.7,511.0,NORTH BEND,,WDH4086,31,0,20,6,,90,A
367614030,2022-01-04T23:09:20,43.34656,-124.32052,0.0,27.2,511.0,NORTH BEND,,WDH4086,31,0,20,6,,90,A
367614030,2022-01-04T16:58:30,43.34653,-124.32055,0.1,314.5,511.0,NORTH BEND,,WDH4086,31,0,20,6,,90,A
367614030,2022-01-04T16:59:40,43.34654,-124.32053,0.1,316.9,511.0,NORTH BEND,,WDH4086,31,0,20,6,,90,A
367614030,2022-01-04T22:42:40,43.34656,-124.32053,0.1,240.8,511.0,NORTH BEND,,WDH4086,31,0,20,6,,90,A
367614030,2022-01-04T22:43:51,43.34655,-124.32054,0.1,247.7,511.0,NORTH BEND,,WDH4086,31,0,20,6,,90,A
367614030,2022-01-04T23:24:20,43.34655,-124.32052,0.0,17.6,511.0,NORTH BEND,,WDH4086,31,0,20,6,,90,A
367614030,2022-01-04T22:45:01,43.34655,-124.32054,0.1,219.9,511.0,NORTH BEND,,WDH4086,31,0,20,6,,90,A
367614030,2022-01-04T21:46:50,43.34654,-124.32054,0.0,349.3,511.0,NORTH BEND,,WDH4086,31,0,20,6,,90,A
367614030,2022-01-04T21:50:20,43.34653,-124.32052,0.1,355.0,511.0,NORTH BEND,,WDH4086,31,0,20,6,,90,A
367614030,2022-01-04T17:02:21,43.34656,-124.32054,0.1,329.6,511.0,NORTH BEND,,WDH4086,31,0,20,6,,90,A
367614030,2022-01-04T21:52:50,43.34652,-124.32055,0.2,355.3,511.0,NORTH BEND,,WDH4086,31,0,20,6,,90,A
367614030,2022-01-04T17:03:30,43.34658,-124.32055,0.0,318.0,511.0,NORTH BEND,,WDH4086,31,0,20,6,,90,A
367614030,2022-01-04T22:55:20,43.34655,-124.32051,0.1,345.5,511.0,NORTH BEND,,WDH4086,31,0,20,6,,90,A
367614030,2022-01-04T22:58:41,43.34655,-124.32051,0.1,5.5,511.0,NORTH BEND,,WDH4086,31,0,20,6,,90,A
367614030,2022-01-04T23:42:21,43.34654,-124.32053,0.1,188.5,511.0,NORTH BEND,,WDH4086,31,0,20,6,,90,A
367614030,2022-01-04T17:10:30,43.34657,-124.32057,0.1,349.3,511.0,NORTH BEND,,WDH4086,31,0,20,6,,90,A
367614030,2022-01-04T22:39:20,43.34655,-124.32052,0.0,223.0,511.0,NORTH BEND,,WDH4086,31,0,20,6,,90,A
367614030,2022-01-04T23:02:20,43.34651,-124.32054,0.1,21.2,511.0,NORTH BEND,,WDH4086,31,0,20,6,,90,A
367614030,2022-01-04T22:40:21,43.34656,-124.32053,0.0,233.5,511.0,NORTH BEND,,WDH4086,31,0,20,6,,90,A
367614030,2022-01-04T20:21:59,43.34658,-124.32051,0.1,359.0,511.0,NORTH BEND,,WDH4086,31,0,20,6,,90,A
367614030,2022-01-04T23:47:00,43.34656,-124.32053,0.1,189.2,511.0,NORTH BEND,,WDH4086,31,0,20,6,,90,A
367614030,2022-01-04T22:54:11,43.34655,-124.32051,0.0,322.8,511.0,NORTH BEND,,WDH4086,31,0,20,6,,90,A
367614030,2022-01-04T23:59:51,43.34656,-124.32055,0.0,204.6,511.0,NORTH BEND,,WDH4086,31,0,20,6,,90,A
367614030,2022-01-04T22:59:51,43.34654,-124.32051,0.1,16.5,511.0,NORTH BEND,,WDH4086,31,0,20,6,,90,A
367614030,2022-01-04T17:19:40,43.34656,-124.32054,0.1,349.0,511.0,NORTH BEND,,WDH4086,31,0,20,6,,90,A
367614030,2022-01-04T23:51:40,43.34658,-124.32050,0.1,207.5,511.0,NORTH BEND,,WDH4086,31,0,20,6,,90,A
367614030,2022-01-04T22:56:21,43.34655,-124.32052,0.1,346.5,511.0,NORTH BEND,,WDH4086,31,0,20,6,,90,A
367614030,2022-01-04T17:23:10,43.34656,-124.32054,0.1,338.3,511.0,NORTH BEND,,WDH4086,31,0,20,6,,90,A
367614030,2022-01-04T23:20:50,43.34655,-124.32050,0.1,341.7,511.0,NORTH BEND,,WDH4086,31,0,20,6,,90,A
367614030,2022-01-04T23:23:09,43.34656,-124.32050,0.0,8.2,511.0,NORTH BEND,,WDH4086,31,0,20,6,,90,A
367614030,2022-01-04T23:08:11,43.34656,-124.32052,0.0,25.6,511.0,NORTH BEND,,WDH4086,31,0,20,6,,90,A
367614030,2022-01-04T22:27:40,43.34654,-124.32054,0.1,81.7,511.0,NORTH BEND,,WDH4086,31,0,20,6,,90,A
367614030,2022-01-04T23:05:49,43.34653,-124.32052,0.1,24.0,511.0,NORTH BEND,,WDH4086,31,0,20,6,,90,A
367614030,2022-01-04T22:32:21,43.34654,-124.32054,0.1,171.9,511.0,NORTH BEND,,WDH4086,31,0,20,6,,90,A
367614030,2022-01-04T23:15:00,43.34654,-124.32050,0.0,353.0,511.0,NORTH BEND,,WDH4086,31,0,20,6,,90,A
367614030,2022-01-04T23:18:30,43.34653,-124.32053,0.0,340.1,511.0,NORTH BEND,,WDH4086,31,0,20,6,,90,A
367614030,2022-01-04T23:11:31,43.34656,-124.32054,0.1,0.6,511.0,NORTH BEND,,WDH4086,31,0,20,6,,90,A
367614030,2022-01-04T22:38:11,43.34655,-124.32051,0.0,221.7,511.0,NORTH BEND,,WDH4086,31,0,20,6,,90,A
367614030,2022-01-04T23:12:40,43.34655,-124.32055,0.0,4.6,511.0,NORTH BEND,,WDH4086,31,0,20,6,,90,A
367614030,2022-01-04T17:38:21,43.34657,-124.32052,0.1,287.8,511.0,NORTH BEND,,WDH4086,31,0,20,6,,90,A
367614030,2022-01-04T23:16:11,43.34651,-124.32053,0.1,351.6,511.0,NORTH BEND,,WDH4086,31,0,20,6,,90,A
367614030,2022-01-04T23:44:40,43.34655,-124.32056,0.0,185.7,511.0,NORTH BEND,,WDH4086,31,0,20,6,,90,A
367614030,2022-01-04T23:19:40,43.34654,-124.32051,0.1,350.7,511.0,NORTH BEND,,WDH4086,31,0,20,6,,90,A
367614030,2022-01-04T22:48:20,43.34654,-124.32051,0.0,234.0,511.0,NORTH BEND,,WDH4086,31,0,20,6,,90,A
367614030,2022-01-04T23:34:21,43.34656,-124.32052,0.0,176.8,511.0,NORTH BEND,,WDH4086,31,0,20,6,,90,A
367614030,2022-01-04T17:47:41,43.34655,-124.32054,0.1,336.9,511.0,NORTH BEND,,WDH4086,31,0,20,6,,90,A
367614030,2022-01-04T22:49:30,43.34654,-124.32054,0.1,235.2,511.0,NORTH BEND,,WDH4086,31,0,20,6,,90,A
367614030,2022-01-04T23:37:50,43.34654,-124.32051,0.0,187.0,511.0,NORTH BEND,,WDH4086,31,0,20,6,,90,A
367614030,2022-01-04T21:01:10,43.34657,-124.32055,0.1,256.5,511.0,NORTH BEND,,WDH4086,31,0,20,6,,90,A
367614030,2022-01-04T21:02:21,43.34656,-124.32053,0.1,241.0,511.0,NORTH BEND,,WDH4086,31,0,20,6,,90,A
367614030,2022-01-04T17:54:40,43.34656,-124.32055,0.0,340.8,511.0,NORTH BEND,,WDH4086,31,0,20,6,,90,A
367614030,2022-01-04T21:05:40,43.34654,-124.32054,0.2,251.4,511.0,NORTH BEND,,WDH4086,31,0,20,6,,90,A
367614030,2022-01-04T23:58:39,43.34651,-124.32053,0.0,211.6,511.0,NORTH BEND,,WDH4086,31,0,20,6,,90,A
367614030,2022-01-04T23:00:01,43.34654,-124.32051,0.0,14.4,511.0,NORTH BEND,,WDH4086,31,0,20,6,,90,A
367614030,2022-01-04T23:36:39,43.34654,-124.32053,0.1,175.1,511.0,NORTH BEND,,WDH4086,31,0,20,6,,90,A
367614030,2022-01-04T23:49:21,43.34656,-124.32052,0.0,205.9,511.0,NORTH BEND,,WDH4086,31,0,20,6,,90,A
367614030,2022-01-04T23:07:01,43.34654,-124.32052,0.1,23.3,511.0,NORTH BEND,,WDH4086,31,0,20,6,,90,A
367614030,2022-01-04T23:10:30,43.34657,-124.32053,0.1,5.7,511.0,NORTH BEND,,WDH4086,31,0,20,6,,90,A
367614030,2022-01-04T23:45:50,43.34654,-124.32055,0.1,187.2,511.0,NORTH BEND,,WDH4086,31,0,20,6,,90,A
367614030,2022-01-04T18:11:51,43.34656,-124.32054,0.0,318.6,511.0,NORTH BEND,,WDH4086,31,0,20,6,,90,A
367614030,2022-01-04T23:25:30,43.34656,-124.32054,0.0,37.5,511.0,NORTH BEND,,WDH4086,31,0,20,6,,90,A
367614030,2022-01-04T21:28:00,43.34659,-124.32053,0.3,251.1,511.0,NORTH BEND,,WDH4086,31,0,20,6,,90,A
367614030,2022-01-04T23:27:50,43.34652,-124.32052,0.1,82.4,511.0,NORTH BEND,,WDH4086,31,0,20,6,,90,A
367614030,2022-01-04T21:36:21,43.34654,-124.32054,0.1,234.4,511.0,NORTH BEND,,WDH4086,31,0,20,6,,90,A
367614030,2022-01-04T23:40:10,43.34654,-124.32055,0.1,188.1,511.0,NORTH BEND,,WDH4086,31,0,20,6,,90,A
367614030,2022-01-04T23:41:11,43.34654,-124.32054,0.0,192.0,511.0,NORTH BEND,,WDH4086,31,0,20,6,,90,A
367614030,2022-01-04T21:42:09,43.34653,-124.32052,0.1,336.5,511.0,NORTH BEND,,WDH4086,31,0,20,6,,90,A
367614030,2022-01-04T21:44:20,43.34653,-124.32053,0.0,355.1,511.0,NORTH BEND,,WDH4086,31,0,20,6,,90,A
367614030,2022-01-04T21:49:10,43.34653,-124.32053,0.0,354.4,511.0,NORTH BEND,,WDH4086,31,0,20,6,,90,A
367614030,2022-01-04T23:57:31,43.34654,-124.32052,0.1,213.3,511.0,NORTH BEND,,WDH4086,31,0,20,6,,90,A
367614030,2022-01-04T18:45:50,43.34654,-124.32052,0.1,293.1,511.0,NORTH BEND,,WDH4086,31,0,20,6,,90,A
367614030,2022-01-04T21:53:51,43.34653,-124.32054,0.1,353.6,511.0,NORTH BEND,,WDH4086,31,0,20,6,,90,A
367614030,2022-01-04T18:50:30,43.34653,-124.32055,0.1,312.5,511.0,NORTH BEND,,WDH4086,31,0,20,6,,90,A
367614030,2022-01-04T21:59:30,43.34655,-124.32052,0.1,356.3,511.0,NORTH BEND,,WDH4086,31,0,20,6,,90,A
367614030,2022-01-04T22:02:21,43.34656,-124.32051,0.1,354.6,511.0,NORTH BEND,,WDH4086,31,0,20,6,,90,A
367614030,2022-01-04T19:00:00,43.34653,-124.32053,0.1,314.4,511.0,NORTH BEND,,WDH4086,31,0,20,6,,90,A
367614030,2022-01-04T19:02:20,43.34654,-124.32052,0.1,327.7,511.0,NORTH BEND,,WDH4086,31,0,20,6,,90,A
367614030,2022-01-04T22:13:51,43.34653,-124.32052,0.1,352.8,511.0,NORTH BEND,,WDH4086,31,0,20,6,,90,A
367614030,2022-01-04T22:16:19,43.34655,-124.32054,0.1,355.9,511.0,NORTH BEND,,WDH4086,31,0,20,6,,90,A
367614030,2022-01-04T19:13:00,43.34654,-124.32058,0.1,328.7,511.0,NORTH BEND,,WDH4086,31,0,20,6,,90,A
367614030,2022-01-04T22:18:31,43.34657,-124.32054,0.1,341.3,511.0,NORTH BEND,,WDH4086,31,0,20,6,,90,A
367614030,2022-01-04T22:24:21,43.34657,-124.32056,0.1,8.1,511.0,NORTH BEND,,WDH4086,31,0,20,6,,90,A
367614030,2022-01-04T19:25:40,43.34650,-124.32058,0.1,315.6,511.0,NORTH BEND,,WDH4086,31,0,20,6,,90,A
367614030,2022-01-04T19:31:20,43.34654,-124.32053,0.1,326.1,511.0,NORTH BEND,,WDH4086,31,0,20,6,,90,A
367614030,2022-01-04T19:32:30,43.34652,-124.32053,0.2,335.0,511.0,NORTH BEND,,WDH4086,31,0,20,6,,90,A
367614030,2022-01-04T19:50:50,43.34656,-124.32053,0.1,345.0,511.0,NORTH BEND,,WDH4086,31,0,20,6,,90,A
367614030,2022-01-04T19:56:21,43.34654,-124.32051,0.1,0.8,511.0,NORTH BEND,,WDH4086,31,0,20,6,,90,A
367614030,2022-01-04T20:08:10,43.34649,-124.32056,0.2,275.1,511.0,NORTH BEND,,WDH4086,31,0,20,6,,90,A
367614030,2022-01-04T20:09:19,43.34653,-124.32053,0.1,282.2,511.0,NORTH BEND,,WDH4086,31,0,20,6,,90,A
367614030,2022-01-04T23:17:20,43.34654,-124.32053,0.0,338.1,511.0,NORTH BEND,,WDH4086,31,0,20,6,,90,A
367614030,2022-01-04T23:22:00,43.34655,-124.32051,0.1,6.4,511.0,NORTH BEND,,WDH4086,31,0,20,6,,90,A
367614030,2022-01-04T23:26:40,43.34653,-124.32055,0.1,52.2,511.0,NORTH BEND,,WDH4086,31,0,20,6,,90,A
367614030,2022-01-04T23:29:00,43.34654,-124.32052,0.1,91.4,511.0,NORTH BEND,,WDH4086,31,0,20,6,,90,A
367614030,2022-01-04T23:35:31,43.34655,-124.32050,0.1,172.0,511.0,NORTH BEND,,WDH4086,31,0,20,6,,90,A
367614030,2022-01-04T23:39:00,43.34654,-124.32054,0.0,195.0,511.0,NORTH BEND,,WDH4086,31,0,20,6,,90,A
367614030,2022-01-04T23:48:10,43.34657,-124.32055,0.0,195.9,511.0,NORTH BEND,,WDH4086,31,0,20,6,,90,A
367614030,2022-01-04T23:50:31,43.34655,-124.32050,0.1,205.4,511.0,NORTH BEND,,WDH4086,31,0,20,6,,90,A
367614030,2022-01-04T23:52:50,43.34656,-124.32050,0.1,212.2,511.0,NORTH BEND,,WDH4086,31,0,20,6,,90,A
367614030,2022-01-04T20:54:50,43.34654,-124.32053,0.1,208.9,511.0,NORTH BEND,,WDH4086,31,0,20,6,,90,A
367614030,2022-01-04T21:10:20,43.34653,-124.32055,0.1,245.1,511.0,NORTH BEND,,WDH4086,31,0,20,6,,90,A
367614030,2022-01-04T21:25:31,43.34654,-124.32053,0.1,243.1,511.0,NORTH BEND,,WDH4086,31,0,20,6,,90,A
367614030,2022-01-04T21:39:50,43.34658,-124.32053,0.1,296.2,511.0,NORTH BEND,,WDH4086,31,0,20,6,,90,A
367614030,2022-01-04T21:56:11,43.34653,-124.32055,0.2,356.3,511.0,NORTH BEND,,WDH4086,31,0,20,6,,90,A
367614030,2022-01-04T22:04:41,43.34654,-124.32052,0.0,354.9,511.0,NORTH BEND,,WDH4086,31,0,20,6,,90,A
367614030,2022-01-04T22:26:30,43.34655,-124.32054,0.1,59.0,511.0,NORTH BEND,,WDH4086,31,0,20,6,,90,A
367614030,2022-01-04T22:46:09,43.34655,-124.32053,0.1,225.9,511.0,NORTH BEND,,WDH4086,31,0,20,6,,90,A
367614030,2022-01-04T22:53:01,43.34654,-124.32052,0.0,289.6,511.0,NORTH BEND,,WDH4086,31,0,20,6,,90,A
367614030,2022-01-04T23:01:10,43.34656,-124.32050,0.1,11.0,511.0,NORTH BEND,,WDH4086,31,0,20,6,,90,A
367614030,2022-01-04T23:13:49,43.34653,-124.32054,0.1,3.8,511.0,NORTH BEND,,WDH4086,31,0,20,6,,90,A
367614030,2022-01-04T23:43:30,43.34653,-124.32055,0.1,195.6,511.0,NORTH BEND,,WDH4086,31,0,20,6,,90,A
367614030,2022-01-04T23:54:00,43.34654,-124.32049,0.1,203.0,511.0,NORTH BEND,,WDH4086,31,0,20,6,,90,A
367614030,2022-01-04T23:55:10,43.34654,-124.32053,0.1,205.0,511.0,NORTH BEND,,WDH4086,31,0,20,6,,90,A
367614030,2022-01-04T23:56:20,43.34651,-124.32052,0.0,207.9,511.0,NORTH BEND,,WDH4086,31,0,20,6,,90,A
367614030,2022-01-05T00:00:00,43.34656,-124.32056,0.0,204.1,511.0,NORTH BEND,,WDH4086,31,0,20,6,,90,A
367614030,2022-01-05T00:01:10,43.34657,-124.32055,0.0,209.2,511.0,NORTH BEND,,WDH4086,31,0,20,6,,90,A
367614030,2022-01-05T00:03:30,43.34657,-124.32054,0.0,213.9,511.0,NORTH BEND,,WDH4086,31,0,20,6,,90,A
367614030,2022-01-05T00:02:20,43.34657,-124.32058,0.1,210.2,511.0,NORTH BEND,,WDH4086,31,0,20,6,,90,A
367614030,2022-01-05T00:04:41,43.34657,-124.32052,0.0,221.9,511.0,NORTH BEND,,WDH4086,31,0,20,6,,90,A
367614030,2022-01-05T00:05:51,43.34656,-124.32052,0.1,215.7,511.0,NORTH BEND,,WDH4086,31,0,20,6,,90,A
367614030,2022-01-05T00:07:00,43.34654,-124.32053,0.0,217.3,511.0,NORTH BEND,,WDH4086,31,0,20,6,,90,A
367614030,2022-01-05T00:08:10,43.34655,-124.32053,0.0,222.1,511.0,NORTH BEND,,WDH4086,31,0,20,6,,90,A
367614030,2022-01-05T00:10:30,43.34655,-124.32051,0.1,221.0,511.0,NORTH BEND,,WDH4086,31,0,20,6,,90,A
367614030,2022-01-05T00:09:20,43.34655,-124.32052,0.1,218.4,511.0,NORTH BEND,,WDH4086,31,0,20,6,,90,A
367614030,2022-01-05T00:11:40,43.34654,-124.32052,0.0,225.3,511.0,NORTH BEND,,WDH4086,31,0,20,6,,90,A
367614030,2022-01-05T00:12:49,43.34656,-124.32052,0.0,225.6,511.0,NORTH BEND,,WDH4086,31,0,20,6,,90,A
367614030,2022-01-05T00:17:21,43.34655,-124.32054,0.0,230.4,511.0,NORTH BEND,,WDH4086,31,0,20,6,,90,A
367614030,2022-01-05T00:16:20,43.34654,-124.32054,0.1,226.7,511.0,NORTH BEND,,WDH4086,31,0,20,6,,90,A
367614030,2022-01-05T00:21:00,43.34655,-124.32054,0.1,211.4,511.0,NORTH BEND,,WDH4086,31,0,20,6,,90,A
367614030,2022-01-05T00:14:01,43.34657,-124.32053,0.0,232.6,511.0,NORTH BEND,,WDH4086,31,0,20,6,,90,A
367614030,2022-01-05T00:18:31,43.34656,-124.32054,0.0,225.1,511.0,NORTH BEND,,WDH4086,31,0,20,6,,90,A
367614030,2022-01-05T00:15:10,43.34656,-124.32053,0.0,226.7,511.0,NORTH BEND,,WDH4086,31,0,20,6,,90,A
367614030,2022-01-05T00:23:30,43.34653,-124.32053,0.0,210.9,511.0,NORTH BEND,,WDH4086,31,0,20,6,,90,A
367614030,2022-01-05T00:25:50,43.34651,-124.32053,0.1,214.9,511.0,NORTH BEND,,WDH4086,31,0,20,6,,90,A
367614030,2022-01-05T00:26:51,43.34652,-124.32053,0.2,222.1,511.0,NORTH BEND,,WDH4086,31,0,20,6,,90,A
367614030,2022-01-05T00:22:11,43.34653,-124.32054,0.0,209.5,511.0,NORTH BEND,,WDH4086,31,0,20,6,,90,A
367614030,2022-01-05T00:28:00,43.34655,-124.32053,0.1,222.4,511.0,NORTH BEND,,WDH4086,31,0,20,6,,90,A
367614030,2022-01-05T00:29:10,43.34654,-124.32055,0.0,219.4,511.0,NORTH BEND,,WDH4086,31,0,20,6,,90,A
367614030,2022-01-05T00:36:01,43.34655,-124.32053,0.0,251.5,511.0,NORTH BEND,,WDH4086,31,0,20,6,,90,A
367614030,2022-01-05T00:39:31,43.34654,-124.32053,0.0,258.8,511.0,NORTH BEND,,WDH4086,31,0,20,6,,90,A
367614030,2022-01-05T00:19:50,43.34656,-124.32053,0.0,208.0,511.0,NORTH BEND,,WDH4086,31,0,20,6,,90,A
367614030,2022-01-05T00:37:10,43.34655,-124.32053,0.0,251.3,511.0,NORTH BEND,,WDH4086,31,0,20,6,,90,A
367614030,2022-01-05T00:41:50,43.34654,-124.32053,0.0,268.7,511.0,NORTH BEND,,WDH4086,31,0,20,6,,90,A
367614030,2022-01-05T00:38:21,43.34654,-124.32054,0.0,252.6,511.0,NORTH BEND,,WDH4086,31,0,20,6,,90,A
367614030,2022-01-05T00:40:49,43.34654,-124.32053,0.1,262.3,511.0,NORTH BEND,,WDH4086,31,0,20,6,,90,A
367614030,2022-01-05T00:46:31,43.34656,-124.32052,0.0,263.0,511.0,NORTH BEND,,WDH4086,31,0,20,6,,90,A
367614030,2022-01-05T00:44:11,43.34658,-124.32054,0.0,264.7,511.0,NORTH BEND,,WDH4086,31,0,20,6,,90,A
367614030,2022-01-05T00:47:41,43.34658,-124.32052,0.0,270.6,511.0,NORTH BEND,,WDH4086,31,0,20,6,,90,A
367614030,2022-01-05T00:43:00,43.34657,-124.32054,0.0,265.0,511.0,NORTH BEND,,WDH4086,31,0,20,6,,90,A
367614030,2022-01-05T00:48:50,43.34656,-124.32052,0.0,269.3,511.0,NORTH BEND,,WDH4086,31,0,20,6,,90,A
367614030,2022-01-05T00:50:01,43.34654,-124.32051,0.1,266.3,511.0,NORTH BEND,,WDH4086,31,0,20,6,,90,A
367614030,2022-01-05T00:45:20,43.34656,-124.32053,0.0,260.7,511.0,NORTH BEND,,WDH4086,31,0,20,6,,90,A
367614030,2022-01-05T00:53:31,43.34655,-124.32053,0.1,275.5,511.0,NORTH BEND,,WDH4086,31,0,20,6,,90,A
367614030,2022-01-05T00:51:11,43.34655,-124.32051,0.0,275.5,511.0,NORTH BEND,,WDH4086,31,0,20,6,,90,A
367614030,2022-01-05T00:55:50,43.34654,-124.32054,0.1,284.8,511.0,NORTH BEND,,WDH4086,31,0,20,6,,90,A
367614030,2022-01-05T00:59:01,43.34658,-124.32055,0.0,293.1,511.0,NORTH BEND,,WDH4086,31,0,20,6,,90,A
367614030,2022-01-05T00:24:41,43.34652,-124.32053,0.1,206.0,511.0,NORTH BEND,,WDH4086,31,0,20,6,,90,A
367614030,2022-01-05T00:56:51,43.34656,-124.32055,0.0,288.6,511.0,NORTH BEND,,WDH4086,31,0,20,6,,90,A
367614030,2022-01-05T00:52:20,43.34655,-124.32052,0.0,267.0,511.0,NORTH BEND,,WDH4086,31,0,20,6,,90,A
367614030,2022-01-05T01:02:50,43.34657,-124.32053,0.0,287.5,511.0,NORTH BEND,,WDH4086,31,0,20,6,,90,A
367614030,2022-01-05T00:54:41,43.34657,-124.32052,0.0,278.1,511.0,NORTH BEND,,WDH4086,31,0,20,6,,90,A
367614030,2022-01-05T01:00:01,43.34657,-124.32053,0.0,288.0,511.0,NORTH BEND,,WDH4086,31,0,20,6,,90,A
367614030,2022-01-05T01:04:00,43.34657,-124.32053,0.0,291.9,511.0,NORTH BEND,,WDH4086,31,0,20,6,,90,A
367614030,2022-01-05T01:06:20,43.34658,-124.32053,0.0,296.5,511.0,NORTH BEND,,WDH4086,31,0,20,6,,90,A
367614030,2022-01-05T01:10:49,43.34656,-124.32054,0.1,239.2,511.0,NORTH BEND,,WDH4086,31,0,20,6,,90,A
367614030,2022-01-05T01:05:09,43.34657,-124.32052,0.1,298.6,511.0,NORTH BEND,,WDH4086,31,0,20,6,,90,A
367614030,2022-01-05T01:08:31,43.34656,-124.32052,0.0,255.7,511.0,NORTH BEND,,WDH4086,31,0,20,6,,90,A
367614030,2022-01-05T01:12:00,43.34656,-124.32055,0.0,240.1,511.0,NORTH BEND,,WDH4086,31,0,20,6,,90,A
367614030,2022-01-05T01:09:40,43.34656,-124.32053,0.0,246.0,511.0,NORTH BEND,,WDH4086,31,0,20,6,,90,A
367614030,2022-01-05T01:15:30,43.34657,-124.32053,0.0,223.4,511.0,NORTH BEND,,WDH4086,31,0,20,6,,90,A
367614030,2022-01-05T01:14:20,43.34658,-124.32054,0.0,229.9,511.0,NORTH BEND,,WDH4086,31,0,20,6,,90,A
367614030,2022-01-05T01:16:40,43.34658,-124.32053,0.0,234.3,511.0,NORTH BEND,,WDH4086,31,0,20,6,,90,A
367614030,2022-01-05T01:13:09,43.34658,-124.32055,0.0,232.3,511.0,NORTH BEND,,WDH4086,31,0,20,6,,90,A
367614030,2022-01-05T01:17:50,43.34658,-124.32053,0.1,228.6,511.0,NORTH BEND,,WDH4086,31,0,20,6,,90,A
367614030,2022-01-05T01:19:01,43.34656,-124.32053,0.0,241.0,511.0,NORTH BEND,,WDH4086,31,0,20,6,,90,A
367614030,2022-01-05T01:20:11,43.34656,-124.32053,0.0,236.0,511.0,NORTH BEND,,WDH4086,31,0,20,6,,90,A
367614030,2022-01-05T01:22:31,43.34656,-124.32051,0.0,231.7,511.0,NORTH BEND,,WDH4086,31,0,20,6,,90,A
367614030,2022-01-05T01:23:40,43.34655,-124.32053,0.1,229.1,511.0,NORTH BEND,,WDH4086,31,0,20,6,,90,A
367614030,2022-01-05T01:28:20,43.34654,-124.32051,0.0,226.9,511.0,NORTH BEND,,WDH4086,31,0,20,6,,90,A
367614030,2022-01-05T01:26:00,43.34654,-124.32053,0.0,231.0,511.0,NORTH BEND,,WDH4086,31,0,20,6,,90,A
367614030,2022-01-05T01:24:51,43.34656,-124.32052,0.0,228.9,511.0,NORTH BEND,,WDH4086,31,0,20,6,,90,A
367614030,2022-01-05T01:29:31,43.34655,-124.32052,0.0,225.7,511.0,NORTH BEND,,WDH4086,31,0,20,6,,90,A
367614030,2022-01-05T01:43:20,43.34655,-124.32053,0.0,283.4,511.0,NORTH BEND,,WDH4086,31,0,20,6,,90,A
367614030,2022-01-05T01:44:31,43.34655,-124.32052,0.0,289.0,511.0,NORTH BEND,,WDH4086,31,0,20,6,,90,A
367614030,2022-01-05T01:41:00,43.34655,-124.32053,0.0,285.6,511.0,NORTH BEND,,WDH4086,31,0,20,6,,90,A
367614030,2022-01-05T01:42:10,43.34655,-124.32051,0.0,283.0,511.0,NORTH BEND,,WDH4086,31,0,20,6,,90,A
367614030,2022-01-05T01:37:30,43.34654,-124.32055,0.0,279.9,511.0,NORTH BEND,,WDH4086,31,0,20,6,,90,A
367614030,2022-01-05T01:50:20,43.34655,-124.32056,0.0,300.7,511.0,NORTH BEND,,WDH4086,31,0,20,6,,90,A
367614030,2022-01-05T01:58:29,43.34657,-124.32054,0.1,285.2,511.0,NORTH BEND,,WDH4086,31,0,20,6,,90,A
367614030,2022-01-05T01:53:50,43.34657,-124.32054,0.0,308.0,511.0,NORTH BEND,,WDH4086,31,0,20,6,,90,A
367614030,2022-01-05T01:48:00,43.34658,-124.32053,0.1,285.8,511.0,NORTH BEND,,WDH4086,31,0,20,6,,90,A
367614030,2022-01-05T01:45:41,43.34656,-124.32053,0.0,282.0,511.0,NORTH BEND,,WDH4086,31,0,20,6,,90,A
367614030,2022-01-05T01:55:00,43.34656,-124.32053,0.1,307.3,511.0,NORTH BEND,,WDH4086,31,0,20,6,,90,A
367614030,2022-01-05T01:46:51,43.34657,-124.32052,0.0,285.6,511.0,NORTH BEND,,WDH4086,31,0,20,6,,90,A
367614030,2022-01-05T01:57:20,43.34655,-124.32054,0.0,293.9,511.0,NORTH BEND,,WDH4086,31,0,20,6,,90,A
367614030,2022-01-05T02:05:51,43.34658,-124.32052,0.0,290.9,511.0,NORTH BEND,,WDH4086,31,0,20,6,,90,A
367614030,2022-01-05T01:49:10,43.34660,-124.32055,0.1,288.3,511.0,NORTH BEND,,WDH4086,31,0,20,6,,90,A
367614030,2022-01-05T02:02:20,43.34654,-124.32057,0.0,296.0,511.0,NORTH BEND,,WDH4086,31,0,20,6,,90,A
367614030,2022-01-05T02:03:31,43.34656,-124.32056,0.0,292.1,511.0,NORTH BEND,,WDH4086,31,0,20,6,,90,A
367614030,2022-01-05T01:59:59,43.34657,-124.32054,0.0,290.6,511.0,NORTH BEND,,WDH4086,31,0,20,6,,90,A
367614030,2022-01-05T02:01:10,43.34658,-124.32055,0.0,294.5,511.0,NORTH BEND,,WDH4086,31,0,20,6,,90,A
367614030,2022-01-05T02:09:20,43.34658,-124.32050,0.0,302.1,511.0,NORTH BEND,,WDH4086,31,0,20,6,,90,A
367614030,2022-01-05T02:07:00,43.34656,-124.32053,0.0,295.4,511.0,NORTH BEND,,WDH4086,31,0,20,6,,90,A
367614030,2022-01-05T02:10:30,43.34656,-124.32053,0.0,311.4,511.0,NORTH BEND,,WDH4086,31,0,20,6,,90,A
367614030,2022-01-05T02:15:10,43.34658,-124.32053,0.0,247.0,511.0,NORTH BEND,,WDH4086,31,0,20,6,,90,A
367614030,2022-01-05T02:20:00,43.34656,-124.32051,0.1,221.9,511.0,NORTH BEND,,WDH4086,31,0,20,6,,90,A
367614030,2022-01-05T02:08:10,43.34658,-124.32052,0.0,293.4,511.0,NORTH BEND,,WDH4086,31,0,20,6,,90,A
367614030,2022-01-05T02:17:31,43.34657,-124.32053,0.0,231.2,511.0,NORTH BEND,,WDH4086,31,0,20,6,,90,A
367614030,2022-01-05T02:14:00,43.34657,-124.32054,0.0,266.5,511.0,NORTH BEND,,WDH4086,31,0,20,6,,90,A
367614030,2022-01-05T02:12:50,43.34658,-124.32055,0.1,284.1,511.0,NORTH BEND,,WDH4086,31,0,20,6,,90,A
367614030,2022-01-05T02:16:20,43.34658,-124.32052,0.0,239.5,511.0,NORTH BEND,,WDH4086,31,0,20,6,,90,A
367614030,2022-01-05T02:11:41,43.34660,-124.32049,0.0,302.1,511.0,NORTH BEND,,WDH4086,31,0,20,6,,90,A
367614030,2022-01-05T02:22:21,43.34656,-124.32050,0.0,219.1,511.0,NORTH BEND,,WDH4086,31,0,20,6,,90,A
367614030,2022-01-05T02:18:50,43.34657,-124.32052,0.0,227.4,511.0,NORTH BEND,,WDH4086,31,0,20,6,,90,A
367614030,2022-01-05T02:23:31,43.34656,-124.32051,0.0,214.6,511.0,NORTH BEND,,WDH4086,31,0,20,6,,90,A
367614030,2022-01-05T02:29:30,43.34657,-124.32050,0.0,204.2,511.0,NORTH BEND,,WDH4086,31,0,20,6,,90,A
367614030,2022-01-05T02:21:11,43.34656,-124.32051,0.0,220.1,511.0,NORTH BEND,,WDH4086,31,0,20,6,,90,A
367614030,2022-01-05T00:58:00,43.34656,-124.32055,0.0,285.6,511.0,NORTH BEND,,WDH4086,31,0,20,6,,90,A
367614030,2022-01-05T02:24:40,43.34656,-124.32051,0.0,211.9,511.0,NORTH BEND,,WDH4086,31,0,20,6,,90,A
367614030,2022-01-05T01:01:09,43.34662,-124.32056,0.1,276.5,511.0,NORTH BEND,,WDH4086,31,0,20,6,,90,A
367614030,2022-01-05T02:25:50,43.34657,-124.32051,0.0,209.6,511.0,NORTH BEND,,WDH4086,31,0,20,6,,90,A
367614030,2022-01-05T02:35:51,43.34656,-124.32053,0.0,209.3,511.0,NORTH BEND,,WDH4086,31,0,20,6,,90,A
367614030,2022-01-05T02:27:11,43.34656,-124.32049,0.0,208.2,511.0,NORTH BEND,,WDH4086,31,0,20,6,,90,A
367614030,2022-01-05T02:28:20,43.34653,-124.32053,0.0,207.9,511.0,NORTH BEND,,WDH4086,31,0,20,6,,90,A
367614030,2022-01-05T02:31:50,43.34655,-124.32056,0.0,193.8,511.0,NORTH BEND,,WDH4086,31,0,20,6,,90,A
367614030,2022-01-05T02:44:01,43.34654,-124.32054,0.0,174.2,511.0,NORTH BEND,,WDH4086,31,0,20,6,,90,A
367614030,2022-01-05T02:33:19,43.34655,-124.32054,0.0,210.1,511.0,NORTH BEND,,WDH4086,31,0,20,6,,90,A
367614030,2022-01-05T02:34:30,43.34656,-124.32053,0.1,200.5,511.0,NORTH BEND,,WDH4086,31,0,20,6,,90,A
367614030,2022-01-05T02:37:00,43.34654,-124.32053,0.0,191.2,511.0,NORTH BEND,,WDH4086,31,0,20,6,,90,A
367614030,2022-01-05T01:07:21,43.34656,-124.32054,0.1,289.3,511.0,NORTH BEND,,WDH4086,31,0,20,6,,90,A
367614030,2022-01-05T02:38:11,43.34652,-124.32056,0.1,170.0,511.0,NORTH BEND,,WDH4086,31,0,20,6,,90,A
367614030,2022-01-05T02:50:00,43.34655,-124.32057,0.0,156.9,511.0,NORTH BEND,,WDH4086,31,0,20,6,,90,A
367614030,2022-01-05T02:39:21,43.34652,-124.32055,0.1,172.3,511.0,NORTH BEND,,WDH4086,31,0,20,6,,90,A
367614030,2022-01-05T02:41:41,43.34653,-124.32055,0.0,170.1,511.0,NORTH BEND,,WDH4086,31,0,20,6,,90,A
367614030,2022-01-05T02:40:31,43.34653,-124.32055,0.1,170.8,511.0,NORTH BEND,,WDH4086,31,0,20,6,,90,A
367614030,2022-01-05T02:52:21,43.34655,-124.32052,0.0,163.0,511.0,NORTH BEND,,WDH4086,31,0,20,6,,90,A
367614030,2022-01-05T02:53:31,43.34656,-124.32053,0.2,173.1,511.0,NORTH BEND,,WDH4086,31,0,20,6,,90,A
367614030,2022-01-05T02:42:51,43.34653,-124.32056,0.0,173.2,511.0,NORTH BEND,,WDH4086,31,0,20,6,,90,A
367614030,2022-01-05T02:45:11,43.34656,-124.32056,0.0,160.9,511.0,NORTH BEND,,WDH4086,31,0,20,6,,90,A
367614030,2022-01-05T02:48:51,43.34652,-124.32055,0.0,152.6,511.0,NORTH BEND,,WDH4086,31,0,20,6,,90,A
367614030,2022-01-05T02:47:30,43.34656,-124.32057,0.0,159.8,511.0,NORTH BEND,,WDH4086,31,0,20,6,,90,A
367614030,2022-01-05T02:54:40,43.34656,-124.32053,0.0,191.5,511.0,NORTH BEND,,WDH4086,31,0,20,6,,90,A
367614030,2022-01-05T02:58:01,43.34655,-124.32055,0.0,179.7,511.0,NORTH BEND,,WDH4086,31,0,20,6,,90,A
367614030,2022-01-05T03:01:10,43.34654,-124.32051,0.1,182.0,511.0,NORTH BEND,,WDH4086,31,0,20,6,,90,A
367614030,2022-01-05T03:03:41,43.34655,-124.32053,0.0,172.1,511.0,NORTH BEND,,WDH4086,31,0,20,6,,90,A
367614030,2022-01-05T03:04:51,43.34655,-124.32053,0.0,181.1,511.0,NORTH BEND,,WDH4086,31,0,20,6,,90,A
367614030,2022-01-05T02:51:10,43.34654,-124.32054,0.1,149.1,511.0,NORTH BEND,,WDH4086,31,0,20,6,,90,A
367614030,2022-01-05T02:56:51,43.34653,-124.32056,0.0,170.4,511.0,NORTH BEND,,WDH4086,31,0,20,6,,90,A
367614030,2022-01-05T03:02:30,43.34658,-124.32057,0.1,154.4,511.0,NORTH BEND,,WDH4086,31,0,20,6,,90,A
367614030,2022-01-05T02:55:50,43.34656,-124.32052,0.0,193.1,511.0,NORTH BEND,,WDH4086,31,0,20,6,,90,A
367614030,2022-01-05T03:06:00,43.34655,-124.32053,0.0,179.6,511.0,NORTH BEND,,WDH4086,31,0,20,6,,90,A
367614030,2022-01-05T03:10:40,43.34653,-124.32051,0.0,207.2,511.0,NORTH BEND,,WDH4086,31,0,20,6,,90,A
367614030,2022-01-05T02:59:11,43.34654,-124.32056,0.1,187.2,511.0,NORTH BEND,,WDH4086,31,0,20,6,,90,A
367614030,2022-01-05T03:15:20,43.34653,-124.32052,0.1,224.1,511.0,NORTH BEND,,WDH4086,31,0,20,6,,90,A
367614030,2022-01-05T03:09:31,43.34655,-124.32052,0.1,201.5,511.0,NORTH BEND,,WDH4086,31,0,20,6,,90,A
367614030,2022-01-05T01:21:21,43.34656,-124.32053,0.0,241.4,511.0,NORTH BEND,,WDH4086,31,0,20,6,,90,A
367614030,2022-01-05T03:08:21,43.34654,-124.32052,0.0,195.9,511.0,NORTH BEND,,WDH4086,31,0,20,6,,90,A
367614030,2022-01-05T03:17:30,43.34656,-124.32053,0.0,236.4,511.0,NORTH BEND,,WDH4086,31,0,20,6,,90,A
367614030,2022-01-05T03:14:10,43.34652,-124.32053,0.0,221.5,511.0,NORTH BEND,,WDH4086,31,0,20,6,,90,A
367614030,2022-01-05T03:23:11,43.34654,-124.32053,0.1,257.2,511.0,NORTH BEND,,WDH4086,31,0,20,6,,90,A
367614030,2022-01-05T03:26:40,43.34654,-124.32052,0.0,263.6,511.0,NORTH BEND,,WDH4086,31,0,20,6,,90,A
367614030,2022-01-05T03:13:00,43.34653,-124.32051,0.0,219.6,511.0,NORTH BEND,,WDH4086,31,0,20,6,,90,A
367614030,2022-01-05T03:16:21,43.34655,-124.32052,0.0,231.5,511.0,NORTH BEND,,WDH4086,31,0,20,6,,90,A
367614030,2022-01-05T03:11:50,43.34652,-124.32051,0.0,214.5,511.0,NORTH BEND,,WDH4086,31,0,20,6,,90,A
367614030,2022-01-05T03:20:50,43.34653,-124.32054,0.1,261.7,511.0,NORTH BEND,,WDH4086,31,0,20,6,,90,A
367614030,2022-01-05T03:33:31,43.34654,-124.32051,0.0,274.0,511.0,NORTH BEND,,WDH4086,31,0,20,6,,90,A
367614030,2022-01-05T03:18:31,43.34656,-124.32051,0.1,247.9,511.0,NORTH BEND,,WDH4086,31,0,20,6,,90,A
367614030,2022-01-05T03:19:40,43.34656,-124.32053,0.0,250.7,511.0,NORTH BEND,,WDH4086,31,0,20,6,,90,A
367614030,2022-01-05T03:24:20,43.34656,-124.32052,0.1,258.7,511.0,NORTH BEND,,WDH4086,31,0,20,6,,90,A
367614030,2022-01-05T03:27:49,43.34653,-124.32054,0.0,258.9,511.0,NORTH BEND,,WDH4086,31,0,20,6,,90,A
367614030,2022-01-05T03:22:01,43.34655,-124.32054,0.0,260.7,511.0,NORTH BEND,,WDH4086,31,0,20,6,,90,A
367614030,2022-01-05T03:25:31,43.34656,-124.32054,0.0,256.0,511.0,NORTH BEND,,WDH4086,31,0,20,6,,90,A
367614030,2022-01-05T01:27:10,43.34651,-124.32051,0.0,227.6,511.0,NORTH BEND,,WDH4086,31,0,20,6,,90,A
367614030,2022-01-05T03:34:40,43.34656,-124.32053,0.0,277.0,511.0,NORTH BEND,,WDH4086,31,0,20,6,,90,A
367614030,2022-01-05T03:48:51,43.34653,-124.32053,0.0,260.2,511.0,NORTH BEND,,WDH4086,31,0,20,6,,90,A
367614030,2022-01-05T03:35:51,43.34651,-124.32053,0.0,274.9,511.0,NORTH BEND,,WDH4086,31,0,20,6,,90,A
367614030,2022-01-05T03:41:40,43.34654,-124.32051,0.0,258.2,511.0,NORTH BEND,,WDH4086,31,0,20,6,,90,A
367614030,2022-01-05T03:47:31,43.34652,-124.32052,0.0,264.6,511.0,NORTH BEND,,WDH4086,31,0,20,6,,90,A
367614030,2022-01-05T03:39:19,43.34651,-124.32053,0.0,267.1,511.0,NORTH BEND,,WDH4086,31,0,20,6,,90,A
367614030,2022-01-05T03:40:31,43.34652,-124.32052,0.0,258.9,511.0,NORTH BEND,,WDH4086,31,0,20,6,,90,A
367614030,2022-01-05T03:46:21,43.34651,-124.32053,0.0,253.5,511.0,NORTH BEND,,WDH4086,31,0,20,6,,90,A
367614030,2022-01-05T03:42:50,43.34654,-124.32053,0.0,254.6,511.0,NORTH BEND,,WDH4086,31,0,20,6,,90,A
367614030,2022-01-05T03:53:31,43.34655,-124.32053,0.0,261.2,511.0,NORTH BEND,,WDH4086,31,0,20,6,,90,A
367614030,2022-01-05T03:55:50,43.34654,-124.32052,0.0,265.0,511.0,NORTH BEND,,WDH4086,31,0,20,6,,90,A
367614030,2022-01-05T03:50:01,43.34652,-124.32054,0.0,257.5,511.0,NORTH BEND,,WDH4086,31,0,20,6,,90,A
367614030,2022-01-05T03:59:21,43.34655,-124.32051,0.0,245.4,511.0,NORTH BEND,,WDH4086,31,0,20,6,,90,A
367614030,2022-01-05T03:45:10,43.34653,-124.32049,0.0,249.8,511.0,NORTH BEND,,WDH4086,31,0,20,6,,90,A
367614030,2022-01-05T04:00:11,43.34656,-124.32052,0.0,232.2,511.0,NORTH BEND,,WDH4086,31,0,20,6,,90,A
367614030,2022-01-05T01:35:10,43.34657,-124.32057,0.0,255.8,511.0,NORTH BEND,,WDH4086,31,0,20,6,,90,A
367614030,2022-01-05T01:36:20,43.34656,-124.32054,0.0,262.3,511.0,NORTH BEND,,WDH4086,31,0,20,6,,90,A
367614030,2022-01-05T03:57:00,43.34655,-124.32051,0.0,264.3,511.0,NORTH BEND,,WDH4086,31,0,20,6,,90,A
367614030,2022-01-05T03:58:11,43.34658,-124.32051,0.0,255.0,511.0,NORTH BEND,,WDH4086,31,0,20,6,,90,A
367614030,2022-01-05T03:51:11,43.34654,-124.32054,0.0,257.9,511.0,NORTH BEND,,WDH4086,31,0,20,6,,90,A
367614030,2022-01-05T03:52:21,43.34655,-124.32053,0.0,255.3,511.0,NORTH BEND,,WDH4086,31,0,20,6,,90,A
367614030,2022-01-05T04:01:20,43.34655,-124.32052,0.0,231.5,511.0,NORTH BEND,,WDH4086,31,0,20,6,,90,A
367614030,2022-01-05T04:02:30,43.34657,-124.32052,0.0,224.8,511.0,NORTH BEND,,WDH4086,31,0,20,6,,90,A
367614030,2022-01-05T04:05:00,43.34653,-124.32056,0.0,211.4,511.0,NORTH BEND,,WDH4086,31,0,20,6,,90,A
367614030,2022-01-05T04:13:21,43.34653,-124.32052,0.0,218.0,511.0,NORTH BEND,,WDH4086,31,0,20,6,,90,A
367614030,2022-01-05T04:06:11,43.34655,-124.32052,0.1,212.1,511.0,NORTH BEND,,WDH4086,31,0,20,6,,90,A
367614030,2022-01-05T04:07:20,43.34656,-124.32051,0.1,213.4,511.0,NORTH BEND,,WDH4086,31,0,20,6,,90,A
367614030,2022-01-05T01:38:40,43.34654,-124.32055,0.0,281.1,511.0,NORTH BEND,,WDH4086,31,0,20,6,,90,A
367614030,2022-01-05T04:03:51,43.34655,-124.32054,0.0,216.7,511.0,NORTH BEND,,WDH4086,31,0,20,6,,90,A
367614030,2022-01-05T04:11:01,43.34656,-124.32052,0.0,217.0,511.0,NORTH BEND,,WDH4086,31,0,20,6,,90,A
367614030,2022-01-05T01:39:51,43.34654,-124.32053,0.0,283.7,511.0,NORTH BEND,,WDH4086,31,0,20,6,,90,A
367614030,2022-01-05T04:08:31,43.34656,-124.32053,0.0,212.5,511.0,NORTH BEND,,WDH4086,31,0,20,6,,90,A
367614030,2022-01-05T04:14:30,43.34655,-124.32053,0.0,219.3,511.0,NORTH BEND,,WDH4086,31,0,20,6,,90,A
367614030,2022-01-05T04:23:51,43.34657,-124.32057,0.0,254.2,511.0,NORTH BEND,,WDH4086,31,0,20,6,,90,A
367614030,2022-01-05T04:26:11,43.34657,-124.32054,0.0,261.6,511.0,NORTH BEND,,WDH4086,31,0,20,6,,90,A
367614030,2022-01-05T04:09:50,43.34655,-124.32053,0.0,221.3,511.0,NORTH BEND,,WDH4086,31,0,20,6,,90,A
367614030,2022-01-05T04:19:11,43.34656,-124.32055,0.0,243.0,511.0,NORTH BEND,,WDH4086,31,0,20,6,,90,A
367614030,2022-01-05T04:28:31,43.34651,-124.32052,0.1,265.5,511.0,NORTH BEND,,WDH4086,31,0,20,6,,90,A
367614030,2022-01-05T04:12:11,43.34655,-124.32052,0.0,210.5,511.0,NORTH BEND,,WDH4086,31,0,20,6,,90,A
367614030,2022-01-05T04:15:40,43.34652,-124.32052,0.0,230.6,511.0,NORTH BEND,,WDH4086,31,0,20,6,,90,A
367614030,2022-01-05T04:16:51,43.34656,-124.32054,0.0,236.6,511.0,NORTH BEND,,WDH4086,31,0,20,6,,90,A
367614030,2022-01-05T04:27:21,43.34654,-124.32053,0.0,255.6,511.0,NORTH BEND,,WDH4086,31,0,20,6,,90,A
367614030,2022-01-05T04:20:21,43.34656,-124.32054,0.0,252.2,511.0,NORTH BEND,,WDH4086,31,0,20,6,,90,A
367614030,2022-01-05T04:31:51,43.34657,-124.32053,0.0,272.5,511.0,NORTH BEND,,WDH4086,31,0,20,6,,90,A
367614030,2022-01-05T04:35:20,43.34656,-124.32053,0.0,268.1,511.0,NORTH BEND,,WDH4086,31,0,20,6,,90,A
367614030,2022-01-05T04:44:21,43.34654,-124.32061,0.0,286.9,511.0,NORTH BEND,,WDH4086,31,0,20,6,,90,A
367614030,2022-01-05T04:34:11,43.34656,-124.32053,0.0,273.9,511.0,NORTH BEND,,WDH4086,31,0,20,6,,90,A
367614030,2022-01-05T04:39:50,43.34655,-124.32053,0.1,281.5,511.0,NORTH BEND,,WDH4086,31,0,20,6,,90,A
367614030,2022-01-05T04:41:01,43.34654,-124.32054,0.0,274.7,511.0,NORTH BEND,,WDH4086,31,0,20,6,,90,A
367614030,2022-01-05T04:38:41,43.34657,-124.32053,0.1,268.0,511.0,NORTH BEND,,WDH4086,31,0,20,6,,90,A
367614030,2022-01-05T04:50:09,43.34654,-124.32052,0.0,275.2,511.0,NORTH BEND,,WDH4086,31,0,20,6,,90,A
367614030,2022-01-05T04:33:01,43.34655,-124.32053,0.0,274.7,511.0,NORTH BEND,,WDH4086,31,0,20,6,,90,A
367614030,2022-01-05T01:51:31,43.34655,-124.32057,0.0,307.1,511.0,NORTH BEND,,WDH4086,31,0,20,6,,90,A
367614030,2022-01-05T01:52:40,43.34656,-124.32055,0.0,304.2,511.0,NORTH BEND,,WDH4086,31,0,20,6,,90,A
367614030,2022-01-05T04:36:30,43.34655,-124.32050,0.0,267.8,511.0,NORTH BEND,,WDH4086,31,0,20,6,,90,A
367614030,2022-01-05T05:02:21,43.34656,-124.32054,0.0,250.2,511.0,NORTH BEND,,WDH4086,31,0,20,6,,90,A
367614030,2022-01-05T04:47:51,43.34658,-124.32054,0.0,281.8,511.0,NORTH BEND,,WDH4086,31,0,20,6,,90,A
367614030,2022-01-05T04:43:20,43.34652,-124.32057,0.0,286.5,511.0,NORTH BEND,,WDH4086,31,0,20,6,,90,A
367614030,2022-01-05T05:03:30,43.34659,-124.32053,0.0,235.4,511.0,NORTH BEND,,WDH4086,31,0,20,6,,90,A
367614030,2022-01-05T05:00:10,43.34658,-124.32055,0.0,253.7,511.0,NORTH BEND,,WDH4086,31,0,20,6,,90,A
367614030,2022-01-05T04:57:01,43.34655,-124.32052,0.2,246.1,511.0,NORTH BEND,,WDH4086,31,0,20,6,,90,A
367614030,2022-01-05T04:45:31,43.34654,-124.32055,0.0,288.6,511.0,NORTH BEND,,WDH4086,31,0,20,6,,90,A
367614030,2022-01-05T01:56:10,43.34656,-124.32055,0.0,304.1,511.0,NORTH BEND,,WDH4086,31,0,20,6,,90,A
367614030,2022-01-05T04:51:10,43.34655,-124.32051,0.0,267.0,511.0,NORTH BEND,,WDH4086,31,0,20,6,,90,A
367614030,2022-01-05T04:52:20,43.34656,-124.32053,0.0,268.9,511.0,NORTH BEND,,WDH4086,31,0,20,6,,90,A
367614030,2022-01-05T04:49:00,43.34655,-124.32053,0.0,276.2,511.0,NORTH BEND,,WDH4086,31,0,20,6,,90,A
367614030,2022-01-05T05:05:51,43.34657,-124.32055,0.0,249.8,511.0,NORTH BEND,,WDH4086,31,0,20,6,,90,A
367614030,2022-01-05T04:59:21,43.34659,-124.32055,0.1,265.7,511.0,NORTH BEND,,WDH4086,31,0,20,6,,90,A
367614030,2022-01-05T04:53:31,43.34657,-124.32053,0.0,258.9,511.0,NORTH BEND,,WDH4086,31,0,20,6,,90,A
367614030,2022-01-05T05:10:30,43.34658,-124.32051,0.0,262.2,511.0,NORTH BEND,,WDH4086,31,0,20,6,,90,A
367614030,2022-01-05T04:58:10,43.34654,-124.32056,0.1,242.7,511.0,NORTH BEND,,WDH4086,31,0,20,6,,90,A
367614030,2022-01-05T04:55:50,43.34656,-124.32052,0.0,258.9,511.0,NORTH BEND,,WDH4086,31,0,20,6,,90,A
367614030,2022-01-05T05:07:01,43.34656,-124.32052,0.0,263.3,511.0,NORTH BEND,,WDH4086,31,0,20,6,,90,A
367614030,2022-01-05T05:04:40,43.34655,-124.32052,0.0,239.3,511.0,NORTH BEND,,WDH4086,31,0,20,6,,90,A
367614030,2022-01-05T05:01:20,43.34658,-124.32055,0.1,250.9,511.0,NORTH BEND,,WDH4086,31,0,20,6,,90,A
367614030,2022-01-05T05:22:01,43.34654,-124.32052,0.0,268.1,511.0,NORTH BEND,,WDH4086,31,0,20,6,,90,A
367614030,2022-01-05T05:11:41,43.34655,-124.32055,0.0,263.3,511.0,NORTH BEND,,WDH4086,31,0,20,6,,90,A
367614030,2022-01-05T05:19:41,43.34655,-124.32052,0.0,287.0,511.0,NORTH BEND,,WDH4086,31,0,20,6,,90,A
367614030,2022-01-05T05:16:11,43.34654,-124.32053,0.0,281.1,511.0,NORTH BEND,,WDH4086,31,0,20,6,,90,A
367614030,2022-01-05T02:04:41,43.34658,-124.32055,0.0,286.8,511.0,NORTH BEND,,WDH4086,31,0,20,6,,90,A
367614030,2022-01-05T05:09:20,43.34656,-124.32051,0.1,260.8,511.0,NORTH BEND,,WDH4086,31,0,20,6,,90,A
367614030,2022-01-05T05:14:01,43.34654,-124.32051,0.0,267.9,511.0,NORTH BEND,,WDH4086,31,0,20,6,,90,A
367614030,2022-01-05T05:27:49,43.34653,-124.32056,0.0,320.9,511.0,NORTH BEND,,WDH4086,31,0,20,6,,90,A
367614030,2022-01-05T05:31:10,43.34656,-124.32053,0.0,341.6,511.0,NORTH BEND,,WDH4086,31,0,20,6,,90,A
367614030,2022-01-05T05:32:20,43.34656,-124.32053,0.0,338.3,511.0,NORTH BEND,,WDH4086,31,0,20,6,,90,A
367614030,2022-01-05T05:28:50,43.34654,-124.32056,0.0,327.2,511.0,NORTH BEND,,WDH4086,31,0,20,6,,90,A
367614030,2022-01-05T05:17:20,43.34654,-124.32054,0.0,290.8,511.0,NORTH BEND,,WDH4086,31,0,20,6,,90,A
367614030,2022-01-05T05:18:30,43.34654,-124.32055,0.0,288.2,511.0,NORTH BEND,,WDH4086,31,0,20,6,,90,A
367614030,2022-01-05T05:15:10,43.34654,-124.32053,0.0,271.3,511.0,NORTH BEND,,WDH4086,31,0,20,6,,90,A
367614030,2022-01-05T05:33:29,43.34656,-124.32055,0.0,337.1,511.0,NORTH BEND,,WDH4086,31,0,20,6,,90,A
367614030,2022-01-05T05:20:51,43.34654,-124.32055,0.0,277.9,511.0,NORTH BEND,,WDH4086,31,0,20,6,,90,A
367614030,2022-01-05T05:23:11,43.34657,-124.32051,0.0,264.9,511.0,NORTH BEND,,WDH4086,31,0,20,6,,90,A
367614030,2022-01-05T05:25:30,43.34656,-124.32055,0.0,270.5,511.0,NORTH BEND,,WDH4086,31,0,20,6,,90,A
367614030,2022-01-05T05:39:30,43.34656,-124.32053,0.0,344.6,511.0,NORTH BEND,,WDH4086,31,0,20,6,,90,A
367614030,2022-01-05T05:45:10,43.34653,-124.32055,0.0,356.2,511.0,NORTH BEND,,WDH4086,31,0,20,6,,90,A
367614030,2022-01-05T05:42:50,43.34652,-124.32057,0.0,357.7,511.0,NORTH BEND,,WDH4086,31,0,20,6,,90,A
367614030,2022-01-05T05:38:10,43.34656,-124.32053,0.1,343.2,511.0,NORTH BEND,,WDH4086,31,0,20,6,,90,A
367614030,2022-01-05T05:34:41,43.34657,-124.32053,0.0,348.6,511.0,NORTH BEND,,WDH4086,31,0,20,6,,90,A
367614030,2022-01-05T05:47:30,43.34655,-124.32056,0.0,353.5,511.0,NORTH BEND,,WDH4086,31,0,20,6,,90,A
367614030,2022-01-05T05:53:21,43.34658,-124.32051,0.0,307.9,511.0,NORTH BEND,,WDH4086,31,0,20,6,,90,A
367614030,2022-01-05T05:56:41,43.34656,-124.32051,0.0,257.0,511.0,NORTH BEND,,WDH4086,31,0,20,6,,90,A
367614030,2022-01-05T05:41:41,43.34653,-124.32056,0.1,346.1,511.0,NORTH BEND,,WDH4086,31,0,20,6,,90,A
367614030,2022-01-05T05:37:01,43.34657,-124.32053,0.1,337.6,511.0,NORTH BEND,,WDH4086,31,0,20,6,,90,A
367614030,2022-01-05T06:00:10,43.34654,-124.32052,0.0,239.6,511.0,NORTH BEND,,WDH4086,31,0,20,6,,90,A
367614030,2022-01-05T05:44:01,43.34652,-124.32058,0.0,351.2,511.0,NORTH BEND,,WDH4086,31,0,20,6,,90,A
367614030,2022-01-05T05:52:09,43.34658,-124.32052,0.0,339.1,511.0,NORTH BEND,,WDH4086,31,0,20,6,,90,A
367614030,2022-01-05T05:49:50,43.34658,-124.32052,0.1,345.7,511.0,NORTH BEND,,WDH4086,31,0,20,6,,90,A
367614030,2022-01-05T06:07:11,43.34658,-124.32054,0.1,233.0,511.0,NORTH BEND,,WDH4086,31,0,20,6,,90,A
367614030,2022-01-05T06:08:20,43.34657,-124.32054,0.0,234.9,511.0,NORTH BEND,,WDH4086,31,0,20,6,,90,A
367614030,2022-01-05T05:57:50,43.34653,-124.32055,0.0,248.4,511.0,NORTH BEND,,WDH4086,31,0,20,6,,90,A
367614030,2022-01-05T05:54:30,43.34657,-124.32053,0.0,297.0,511.0,NORTH BEND,,WDH4086,31,0,20,6,,90,A
367614030,2022-01-05T05:46:21,43.34654,-124.32054,0.0,352.2,511.0,NORTH BEND,,WDH4086,31,0,20,6,,90,A
367614030,2022-01-05T05:55:31,43.34656,-124.32054,0.1,267.5,511.0,NORTH BEND,,WDH4086,31,0,20,6,,90,A
367614030,2022-01-05T05:48:40,43.34654,-124.32053,0.0,339.8,511.0,NORTH BEND,,WDH4086,31,0,20,6,,90,A
367614030,2022-01-05T06:15:20,43.34657,-124.32050,0.0,230.3,511.0,NORTH BEND,,WDH4086,31,0,20,6,,90,A
367614030,2022-01-05T06:01:20,43.34656,-124.32050,0.1,232.9,511.0,NORTH BEND,,WDH4086,31,0,20,6,,90,A
367614030,2022-01-05T06:03:40,43.34662,-124.32048,0.0,241.0,511.0,NORTH BEND,,WDH4086,31,0,20,6,,90,A
367614030,2022-01-05T06:06:00,43.34659,-124.32051,0.0,234.5,511.0,NORTH BEND,,WDH4086,31,0,20,6,,90,A
367614030,2022-01-05T06:13:01,43.34656,-124.32054,0.0,235.8,511.0,NORTH BEND,,WDH4086,31,0,20,6,,90,A
367614030,2022-01-05T06:09:30,43.34656,-124.32053,0.0,237.6,511.0,NORTH BEND,,WDH4086,31,0,20,6,,90,A
367614030,2022-01-05T06:02:31,43.34659,-124.32051,0.1,253.9,511.0,NORTH BEND,,WDH4086,31,0,20,6,,90,A
367614030,2022-01-05T06:26:50,43.34655,-124.32058,0.1,195.2,511.0,NORTH BEND,,WDH4086,31,0,20,6,,90,A
367614030,2022-01-05T06:04:51,43.34660,-124.32051,0.0,241.0,511.0,NORTH BEND,,WDH4086,31,0,20,6,,90,A
367614030,2022-01-05T06:11:51,43.34655,-124.32054,0.0,232.8,511.0,NORTH BEND,,WDH4086,31,0,20,6,,90,A
367614030,2022-01-05T06:16:30,43.34657,-124.32054,0.0,232.9,511.0,NORTH BEND,,WDH4086,31,0,20,6,,90,A
367614030,2022-01-05T06:17:40,43.34657,-124.32051,0.1,236.3,511.0,NORTH BEND,,WDH4086,31,0,20,6,,90,A
367614030,2022-01-05T06:14:11,43.34657,-124.32051,0.0,240.7,511.0,NORTH BEND,,WDH4086,31,0,20,6,,90,A
367614030,2022-01-05T06:23:20,43.34652,-124.32059,0.0,198.5,511.0,NORTH BEND,,WDH4086,31,0,20,6,,90,A
367614030,2022-01-05T06:18:41,43.34657,-124.32054,0.0,227.0,511.0,NORTH BEND,,WDH4086,31,0,20,6,,90,A
367614030,2022-01-05T06:19:51,43.34654,-124.32053,0.1,220.5,511.0,NORTH BEND,,WDH4086,31,0,20,6,,90,A
367614030,2022-01-05T06:22:11,43.34655,-124.32055,0.0,220.6,511.0,NORTH BEND,,WDH4086,31,0,20,6,,90,A
367614030,2022-01-05T06:28:00,43.34654,-124.32055,0.1,206.6,511.0,NORTH BEND,,WDH4086,31,0,20,6,,90,A
367614030,2022-01-05T06:24:30,43.34653,-124.32061,0.0,183.3,511.0,NORTH BEND,,WDH4086,31,0,20,6,,90,A
367614030,2022-01-05T06:21:00,43.34653,-124.32052,0.1,217.9,511.0,NORTH BEND,,WDH4086,31,0,20,6,,90,A
367614030,2022-01-05T06:25:40,43.34654,-124.32058,0.0,193.9,511.0,NORTH BEND,,WDH4086,31,0,20,6,,90,A
367614030,2022-01-05T06:48:11,43.34655,-124.32053,0.0,317.8,511.0,NORTH BEND,,WDH4086,31,0,20,6,,90,A
367614030,2022-01-05T06:31:51,43.34655,-124.32051,0.0,230.0,511.0,NORTH BEND,,WDH4086,31,0,20,6,,90,A
367614030,2022-01-05T06:49:20,43.34654,-124.32053,0.0,322.7,511.0,NORTH BEND,,WDH4086,31,0,20,6,,90,A
367614030,2022-01-05T06:37:40,43.34650,-124.32055,0.0,286.7,511.0,NORTH BEND,,WDH4086,31,0,20,6,,90,A
367614030,2022-01-05T06:29:01,43.34651,-124.32055,0.0,208.1,511.0,NORTH BEND,,WDH4086,31,0,20,6,,90,A
367614030,2022-01-05T06:36:31,43.34649,-124.32056,0.1,282.8,511.0,NORTH BEND,,WDH4086,31,0,20,6,,90,A
367614030,2022-01-05T06:33:01,43.34654,-124.32052,0.1,234.6,511.0,NORTH BEND,,WDH4086,31,0,20,6,,90,A
367614030,2022-01-05T06:38:49,43.34652,-124.32053,0.0,288.1,511.0,NORTH BEND,,WDH4086,31,0,20,6,,90,A
367614030,2022-01-05T06:34:11,43.34651,-124.32057,0.1,252.0,511.0,NORTH BEND,,WDH4086,31,0,20,6,,90,A
367614030,2022-01-05T06:40:01,43.34655,-124.32053,0.0,282.6,511.0,NORTH BEND,,WDH4086,31,0,20,6,,90,A
367614030,2022-01-05T06:42:20,43.34655,-124.32053,0.0,282.2,511.0,NORTH BEND,,WDH4086,31,0,20,6,,90,A
367614030,2022-01-05T06:45:49,43.34655,-124.32053,0.0,316.3,511.0,NORTH BEND,,WDH4086,31,0,20,6,,90,A
367614030,2022-01-05T07:00:00,43.34655,-124.32054,0.0,314.8,511.0,NORTH BEND,,WDH4086,31,0,20,6,,90,A
367614030,2022-01-05T07:02:20,43.34654,-124.32052,0.1,323.7,511.0,NORTH BEND,,WDH4086,31,0,20,6,,90,A
367614030,2022-01-05T06:43:30,43.34654,-124.32055,0.0,297.9,511.0,NORTH BEND,,WDH4086,31,0,20,6,,90,A
367614030,2022-01-05T06:52:51,43.34653,-124.32053,0.0,318.3,511.0,NORTH BEND,,WDH4086,31,0,20,6,,90,A
367614030,2022-01-05T02:46:20,43.34654,-124.32056,0.0,159.9,511.0,NORTH BEND,,WDH4086,31,0,20,6,,90,A
367614030,2022-01-05T06:57:30,43.34654,-124.32054,0.0,314.1,511.0,NORTH BEND,,WDH4086,31,0,20,6,,90,A
367614030,2022-01-05T06:59:50,43.34653,-124.32055,0.0,315.6,511.0,NORTH BEND,,WDH4086,31,0,20,6,,90,A
367614030,2022-01-05T07:10:29,43.34655,-124.32056,0.0,317.6,511.0,NORTH BEND,,WDH4086,31,0,20,6,,90,A
367614030,2022-01-05T06:51:40,43.34652,-124.32055,0.0,321.2,511.0,NORTH BEND,,WDH4086,31,0,20,6,,90,A
367614030,2022-01-05T06:54:00,43.34654,-124.32054,0.1,310.9,511.0,NORTH BEND,,WDH4086,31,0,20,6,,90,A
367614030,2022-01-05T07:05:51,43.34656,-124.32053,0.0,327.5,511.0,NORTH BEND,,WDH4086,31,0,20,6,,90,A
367614030,2022-01-05T06:58:40,43.34653,-124.32053,0.0,318.3,511.0,NORTH BEND,,WDH4086,31,0,20,6,,90,A
367614030,2022-01-05T07:09:20,43.34657,-124.32056,0.0,321.0,511.0,NORTH BEND,,WDH4086,31,0,20,6,,90,A
367614030,2022-01-05T07:17:21,43.34654,-124.32054,0.1,322.1,511.0,NORTH BEND,,WDH4086,31,0,20,6,,90,A
367614030,2022-01-05T07:07:00,43.34654,-124.32054,0.1,328.6,511.0,NORTH BEND,,WDH4086,31,0,20,6,,90,A
367614030,2022-01-05T07:08:11,43.34654,-124.32053,0.0,331.7,511.0,NORTH BEND,,WDH4086,31,0,20,6,,90,A
367614030,2022-01-05T07:16:10,43.34654,-124.32053,0.1,317.4,511.0,NORTH BEND,,WDH4086,31,0,20,6,,90,A
367614030,2022-01-05T07:12:41,43.34654,-124.32055,0.0,324.2,511.0,NORTH BEND,,WDH4086,31,0,20,6,,90,A
367614030,2022-01-05T07:03:31,43.34654,-124.32053,0.0,321.1,511.0,NORTH BEND,,WDH4086,31,0,20,6,,90,A
367614030,2022-01-05T07:25:30,43.34657,-124.32059,0.0,328.3,511.0,NORTH BEND,,WDH4086,31,0,20,6,,90,A
367614030,2022-01-05T07:26:41,43.34655,-124.32057,0.0,324.9,511.0,NORTH BEND,,WDH4086,31,0,20,6,,90,A
367614030,2022-01-05T07:19:40,43.34656,-124.32054,0.0,328.2,511.0,NORTH BEND,,WDH4086,31,0,20,6,,90,A
367614030,2022-01-05T07:29:01,43.34654,-124.32057,0.1,327.4,511.0,NORTH BEND,,WDH4086,31,0,20,6,,90,A
367614030,2022-01-05T07:13:51,43.34655,-124.32056,0.1,321.2,511.0,NORTH BEND,,WDH4086,31,0,20,6,,90,A
367614030,2022-01-05T07:23:10,43.34656,-124.32054,0.0,319.6,511.0,NORTH BEND,,WDH4086,31,0,20,6,,90,A
367614030,2022-01-05T03:00:00,43.34655,-124.32056,0.0,190.1,511.0,NORTH BEND,,WDH4086,31,0,20,6,,90,A
367614030,2022-01-05T07:22:01,43.34656,-124.32055,0.0,322.0,511.0,NORTH BEND,,WDH4086,31,0,20,6,,90,A
367614030,2022-01-05T07:36:49,43.34656,-124.32056,0.0,302.5,511.0,NORTH BEND,,WDH4086,31,0,20,6,,90,A
367614030,2022-01-05T07:15:00,43.34654,-124.32056,0.0,321.9,511.0,NORTH BEND,,WDH4086,31,0,20,6,,90,A
367614030,2022-01-05T07:27:51,43.34654,-124.32060,0.0,320.0,511.0,NORTH BEND,,WDH4086,31,0,20,6,,90,A
367614030,2022-01-05T07:39:01,43.34655,-124.32055,0.0,288.7,511.0,NORTH BEND,,WDH4086,31,0,20,6,,90,A
367614030,2022-01-05T07:31:01,43.34653,-124.32057,0.0,316.3,511.0,NORTH BEND,,WDH4086,31,0,20,6,,90,A
367614030,2022-01-05T07:40:10,43.34654,-124.32054,0.0,279.9,511.0,NORTH BEND,,WDH4086,31,0,20,6,,90,A
367614030,2022-01-05T07:41:20,43.34655,-124.32055,0.0,269.1,511.0,NORTH BEND,,WDH4086,31,0,20,6,,90,A
367614030,2022-01-05T07:42:31,43.34653,-124.32054,0.0,261.0,511.0,NORTH BEND,,WDH4086,31,0,20,6,,90,A
367614030,2022-01-05T07:33:20,43.34653,-124.32055,0.0,307.7,511.0,NORTH BEND,,WDH4086,31,0,20,6,,90,A
367614030,2022-01-05T07:34:30,43.34657,-124.32055,0.0,303.9,511.0,NORTH BEND,,WDH4086,31,0,20,6,,90,A
367614030,2022-01-05T07:24:21,43.34654,-124.32055,0.0,325.9,511.0,NORTH BEND,,WDH4086,31,0,20,6,,90,A
367614030,2022-01-05T07:35:39,43.34656,-124.32055,0.1,307.0,511.0,NORTH BEND,,WDH4086,31,0,20,6,,90,A
367614030,2022-01-05T07:48:20,43.34654,-124.32054,0.0,203.3,511.0,NORTH BEND,,WDH4086,31,0,20,6,,90,A
367614030,2022-01-05T07:32:10,43.34653,-124.32055,0.0,320.3,511.0,NORTH BEND,,WDH4086,31,0,20,6,,90,A
367614030,2022-01-05T03:07:10,43.34654,-124.32053,0.1,193.5,511.0,NORTH BEND,,WDH4086,31,0,20,6,,90,A
367614030,2022-01-05T07:43:41,43.34654,-124.32053,0.1,247.5,511.0,NORTH BEND,,WDH4086,31,0,20,6,,90,A
367614030,2022-01-05T07:37:50,43.34654,-124.32054,0.0,293.4,511.0,NORTH BEND,,WDH4086,31,0,20,6,,90,A
367614030,2022-01-05T07:55:01,43.34654,-124.32055,0.1,202.0,511.0,NORTH BEND,,WDH4086,31,0,20,6,,90,A
367614030,2022-01-05T07:47:11,43.34653,-124.32052,0.0,205.4,511.0,NORTH BEND,,WDH4086,31,0,20,6,,90,A
367614030,2022-01-05T07:58:31,43.34655,-124.32052,0.1,187.8,511.0,NORTH BEND,,WDH4086,31,0,20,6,,90,A
367614030,2022-01-05T07:44:51,43.34653,-124.32053,0.0,237.5,511.0,NORTH BEND,,WDH4086,31,0,20,6,,90,A
367614030,2022-01-05T07:59:51,43.34654,-124.32054,0.0,177.8,511.0,NORTH BEND,,WDH4086,31,0,20,6,,90,A
367614030,2022-01-05T08:01:11,43.34655,-124.32054,0.0,171.9,511.0,NORTH BEND,,WDH4086,31,0,20,6,,90,A
367614030,2022-01-05T07:54:00,43.34655,-124.32055,0.1,210.1,511.0,NORTH BEND,,WDH4086,31,0,20,6,,90,A
367614030,2022-01-05T07:50:31,43.34655,-124.32053,0.0,196.8,511.0,NORTH BEND,,WDH4086,31,0,20,6,,90,A
367614030,2022-01-05T07:56:11,43.34655,-124.32055,0.0,194.6,511.0,NORTH BEND,,WDH4086,31,0,20,6,,90,A
367614030,2022-01-05T08:03:31,43.34656,-124.32053,0.1,163.4,511.0,NORTH BEND,,WDH4086,31,0,20,6,,90,A
367614030,2022-01-05T07:46:01,43.34653,-124.32054,0.1,229.9,511.0,NORTH BEND,,WDH4086,31,0,20,6,,90,A
367614030,2022-01-05T08:08:10,43.34654,-124.32052,0.1,212.6,511.0,NORTH BEND,,WDH4086,31,0,20,6,,90,A
367614030,2022-01-05T08:11:40,43.34657,-124.32054,0.0,219.7,511.0,NORTH BEND,,WDH4086,31,0,20,6,,90,A
367614030,2022-01-05T08:00:00,43.34655,-124.32054,0.0,180.9,511.0,NORTH BEND,,WDH4086,31,0,20,6,,90,A
367614030,2022-01-05T08:07:01,43.34652,-124.32053,0.1,191.5,511.0,NORTH BEND,,WDH4086,31,0,20,6,,90,A
367614030,2022-01-05T07:57:21,43.34655,-124.32054,0.0,197.9,511.0,NORTH BEND,,WDH4086,31,0,20,6,,90,A
367614030,2022-01-05T08:16:31,43.34654,-124.32054,0.0,246.8,511.0,NORTH BEND,,WDH4086,31,0,20,6,,90,A
367614030,2022-01-05T08:10:30,43.34656,-124.32054,0.0,223.2,511.0,NORTH BEND,,WDH4086,31,0,20,6,,90,A
367614030,2022-01-05T08:20:00,43.34652,-124.32055,0.0,268.3,511.0,NORTH BEND,,WDH4086,31,0,20,6,,90,A
367614030,2022-01-05T08:18:51,43.34653,-124.32052,0.1,256.0,511.0,NORTH BEND,,WDH4086,31,0,20,6,,90,A
367614030,2022-01-05T08:12:51,43.34654,-124.32051,0.0,230.4,511.0,NORTH BEND,,WDH4086,31,0,20,6,,90,A
367614030,2022-01-05T08:09:21,43.34656,-124.32052,0.0,225.3,511.0,NORTH BEND,,WDH4086,31,0,20,6,,90,A
367614030,2022-01-05T08:27:51,43.34655,-124.32054,0.1,265.2,511.0,NORTH BEND,,WDH4086,31,0,20,6,,90,A
367614030,2022-01-05T08:21:01,43.34654,-124.32054,0.0,278.0,511.0,NORTH BEND,,WDH4086,31,0,20,6,,90,A
367614030,2022-01-05T08:15:21,43.34655,-124.32053,0.0,238.7,511.0,NORTH BEND,,WDH4086,31,0,20,6,,90,A
367614030,2022-01-05T08:34:10,43.34655,-124.32052,0.0,249.9,511.0,NORTH BEND,,WDH4086,31,0,20,6,,90,A
367614030,2022-01-05T08:17:40,43.34655,-124.32054,0.0,252.6,511.0,NORTH BEND,,WDH4086,31,0,20,6,,90,A
367614030,2022-01-05T08:23:11,43.34655,-124.32055,0.0,274.0,511.0,NORTH BEND,,WDH4086,31,0,20,6,,90,A
367614030,2022-01-05T08:24:20,43.34656,-124.32053,0.0,275.2,511.0,NORTH BEND,,WDH4086,31,0,20,6,,90,A
367614030,2022-01-05T08:41:11,43.34656,-124.32054,0.0,228.1,511.0,NORTH BEND,,WDH4086,31,0,20,6,,90,A
367614030,2022-01-05T08:25:30,43.34654,-124.32054,0.0,278.8,511.0,NORTH BEND,,WDH4086,31,0,20,6,,90,A
367614030,2022-01-05T08:22:10,43.34654,-124.32053,0.1,267.9,511.0,NORTH BEND,,WDH4086,31,0,20,6,,90,A
367614030,2022-01-05T08:29:01,43.34656,-124.32055,0.0,258.7,511.0,NORTH BEND,,WDH4086,31,0,20,6,,90,A
367614030,2022-01-05T08:44:40,43.34654,-124.32054,0.0,225.3,511.0,NORTH BEND,,WDH4086,31,0,20,6,,90,A
367614030,2022-01-05T03:29:01,43.34650,-124.32058,0.1,264.3,511.0,NORTH BEND,,WDH4086,31,0,20,6,,90,A
367614030,2022-01-05T08:47:01,43.34656,-124.32053,0.0,237.3,511.0,NORTH BEND,,WDH4086,31,0,20,6,,90,A
367614030,2022-01-05T08:48:10,43.34655,-124.32052,0.0,231.4,511.0,NORTH BEND,,WDH4086,31,0,20,6,,90,A
367614030,2022-01-05T08:36:30,43.34656,-124.32052,0.0,247.1,511.0,NORTH BEND,,WDH4086,31,0,20,6,,90,A
367614030,2022-01-05T08:37:40,43.34654,-124.32053,0.0,240.6,511.0,NORTH BEND,,WDH4086,31,0,20,6,,90,A
367614030,2022-01-05T08:35:20,43.34654,-124.32052,0.0,248.3,511.0,NORTH BEND,,WDH4086,31,0,20,6,,90,A
367614030,2022-01-05T08:38:51,43.34656,-124.32053,0.0,237.1,511.0,NORTH BEND,,WDH4086,31,0,20,6,,90,A
367614030,2022-01-05T08:31:51,43.34657,-124.32051,0.0,258.6,511.0,NORTH BEND,,WDH4086,31,0,20,6,,90,A
367614030,2022-01-05T08:42:21,43.34656,-124.32054,0.0,223.3,511.0,NORTH BEND,,WDH4086,31,0,20,6,,90,A
367614030,2022-01-05T08:43:31,43.34658,-124.32053,0.0,227.6,511.0,NORTH BEND,,WDH4086,31,0,20,6,,90,A
367614030,2022-01-05T08:50:31,43.34652,-124.32054,0.0,234.7,511.0,NORTH BEND,,WDH4086,31,0,20,6,,90,A
367614030,2022-01-05T08:56:21,43.34654,-124.32054,0.0,241.3,511.0,NORTH BEND,,WDH4086,31,0,20,6,,90,A
367614030,2022-01-05T09:00:01,43.34653,-124.32053,0.0,242.0,511.0,NORTH BEND,,WDH4086,31,0,20,6,,90,A
367614030,2022-01-05T08:45:50,43.34654,-124.32054,0.0,232.0,511.0,NORTH BEND,,WDH4086,31,0,20,6,,90,A
367614030,2022-01-05T08:49:21,43.34653,-124.32053,0.0,236.3,511.0,NORTH BEND,,WDH4086,31,0,20,6,,90,A
367614030,2022-01-05T03:37:00,43.34651,-124.32053,0.1,278.5,511.0,NORTH BEND,,WDH4086,31,0,20,6,,90,A
367614030,2022-01-05T08:52:50,43.34654,-124.32054,0.0,233.3,511.0,NORTH BEND,,WDH4086,31,0,20,6,,90,A
367614030,2022-01-05T03:38:10,43.34651,-124.32052,0.1,274.9,511.0,NORTH BEND,,WDH4086,31,0,20,6,,90,A
367614030,2022-01-05T08:55:11,43.34654,-124.32055,0.0,243.8,511.0,NORTH BEND,,WDH4086,31,0,20,6,,90,A
367614030,2022-01-05T08:57:30,43.34654,-124.32054,0.0,250.3,511.0,NORTH BEND,,WDH4086,31,0,20,6,,90,A
367614030,2022-01-05T09:01:10,43.34656,-124.32054,0.0,257.2,511.0,NORTH BEND,,WDH4086,31,0,20,6,,90,A
367614030,2022-01-05T09:13:50,43.34652,-124.32052,0.0,279.5,511.0,NORTH BEND,,WDH4086,31,0,20,6,,90,A
367614030,2022-01-05T09:02:21,43.34655,-124.32054,0.0,266.6,511.0,NORTH BEND,,WDH4086,31,0,20,6,,90,A
367614030,2022-01-05T08:51:40,43.34654,-124.32054,0.0,227.3,511.0,NORTH BEND,,WDH4086,31,0,20,6,,90,A
367614030,2022-01-05T09:03:31,43.34655,-124.32053,0.0,274.0,511.0,NORTH BEND,,WDH4086,31,0,20,6,,90,A
367614030,2022-01-05T09:04:41,43.34655,-124.32053,0.0,281.9,511.0,NORTH BEND,,WDH4086,31,0,20,6,,90,A
367614030,2022-01-05T03:44:01,43.34654,-124.32052,0.0,254.4,511.0,NORTH BEND,,WDH4086,31,0,20,6,,90,A
367614030,2022-01-05T09:08:01,43.34655,-124.32052,0.0,305.3,511.0,NORTH BEND,,WDH4086,31,0,20,6,,90,A
367614030,2022-01-05T09:21:51,43.34656,-124.32050,0.1,274.6,511.0,NORTH BEND,,WDH4086,31,0,20,6,,90,A
367614030,2022-01-05T09:07:00,43.34654,-124.32052,0.0,299.6,511.0,NORTH BEND,,WDH4086,31,0,20,6,,90,A
367614030,2022-01-05T09:10:21,43.34652,-124.32052,0.0,313.5,511.0,NORTH BEND,,WDH4086,31,0,20,6,,90,A
367614030,2022-01-05T09:27:40,43.34654,-124.32055,0.0,297.9,511.0,NORTH BEND,,WDH4086,31,0,20,6,,90,A
367614030,2022-01-05T09:09:11,43.34654,-124.32052,0.0,309.2,511.0,NORTH BEND,,WDH4086,31,0,20,6,,90,A
367614030,2022-01-05T09:14:51,43.34651,-124.32053,0.0,284.1,511.0,NORTH BEND,,WDH4086,31,0,20,6,,90,A
367614030,2022-01-05T09:16:01,43.34649,-124.32054,0.0,278.7,511.0,NORTH BEND,,WDH4086,31,0,20,6,,90,A
367614030,2022-01-05T09:11:31,43.34654,-124.32053,0.1,293.1,511.0,NORTH BEND,,WDH4086,31,0,20,6,,90,A
367614030,2022-01-05T09:12:40,43.34653,-124.32052,0.0,285.6,511.0,NORTH BEND,,WDH4086,31,0,20,6,,90,A
367614030,2022-01-05T09:24:10,43.34656,-124.32053,0.0,284.5,511.0,NORTH BEND,,WDH4086,31,0,20,6,,90,A
367614030,2022-01-05T09:18:21,43.34658,-124.32057,0.0,253.8,511.0,NORTH BEND,,WDH4086,31,0,20,6,,90,A
367614030,2022-01-05T09:19:31,43.34655,-124.32052,0.1,259.6,511.0,NORTH BEND,,WDH4086,31,0,20,6,,90,A
367614030,2022-01-05T09:05:50,43.34655,-124.32053,0.0,291.3,511.0,NORTH BEND,,WDH4086,31,0,20,6,,90,A
367614030,2022-01-05T09:20:41,43.34657,-124.32052,0.0,268.2,511.0,NORTH BEND,,WDH4086,31,0,20,6,,90,A
367614030,2022-01-05T09:17:11,43.34651,-124.32052,0.1,268.0,511.0,NORTH BEND,,WDH4086,31,0,20,6,,90,A
367614030,2022-01-05T09:23:01,43.34656,-124.32052,0.1,275.0,511.0,NORTH BEND,,WDH4086,31,0,20,6,,90,A
367614030,2022-01-05T09:34:11,43.34657,-124.32054,0.0,293.6,511.0,NORTH BEND,,WDH4086,31,0,20,6,,90,A
367614030,2022-01-05T09:26:30,43.34656,-124.32054,0.1,289.9,511.0,NORTH BEND,,WDH4086,31,0,20,6,,90,A
367614030,2022-01-05T09:42:21,43.34655,-124.32056,0.0,306.8,511.0,NORTH BEND,,WDH4086,31,0,20,6,,90,A
367614030,2022-01-05T09:35:21,43.34655,-124.32053,0.0,292.8,511.0,NORTH BEND,,WDH4086,31,0,20,6,,90,A
367614030,2022-01-05T09:33:00,43.34656,-124.32055,0.0,291.1,511.0,NORTH BEND,,WDH4086,31,0,20,6,,90,A
367614030,2022-01-05T09:49:31,43.34658,-124.32055,0.0,284.4,511.0,NORTH BEND,,WDH4086,31,0,20,6,,90,A
367614030,2022-01-05T09:53:11,43.34656,-124.32057,0.0,298.2,511.0,NORTH BEND,,WDH4086,31,0,20,6,,90,A
367614030,2022-01-05T09:25:21,43.34658,-124.32053,0.0,288.7,511.0,NORTH BEND,,WDH4086,31,0,20,6,,90,A
367614030,2022-01-05T09:43:30,43.34654,-124.32054,0.0,301.3,511.0,NORTH BEND,,WDH4086,31,0,20,6,,90,A
367614030,2022-01-05T09:28:50,43.34654,-124.32053,0.0,295.2,511.0,NORTH BEND,,WDH4086,31,0,20,6,,90,A
367614030,2022-01-05T03:54:40,43.34656,-124.32052,0.0,264.6,511.0,NORTH BEND,,WDH4086,31,0,20,6,,90,A
367614030,2022-01-05T09:47:10,43.34655,-124.32054,0.0,288.6,511.0,NORTH BEND,,WDH4086,31,0,20,6,,90,A
367614030,2022-01-05T09:50:40,43.34657,-124.32056,0.0,296.3,511.0,NORTH BEND,,WDH4086,31,0,20,6,,90,A
367614030,2022-01-05T09:48:20,43.34656,-124.32054,0.1,282.2,511.0,NORTH BEND,,WDH4086,31,0,20,6,,90,A
367614030,2022-01-05T10:02:20,43.34657,-124.32053,0.0,317.0,511.0,NORTH BEND,,WDH4086,31,0,20,6,,90,A
367614030,2022-01-05T10:03:30,43.34658,-124.32054,0.0,310.0,511.0,NORTH BEND,,WDH4086,31,0,20,6,,90,A
367614030,2022-01-05T09:45:51,43.34656,-124.32054,0.1,299.0,511.0,NORTH BEND,,WDH4086,31,0,20,6,,90,A
367614030,2022-01-05T10:04:41,43.34657,-124.32054,0.0,308.6,511.0,NORTH BEND,,WDH4086,31,0,20,6,,90,A
367614030,2022-01-05T09:37:41,43.34655,-124.32053,0.0,299.7,511.0,NORTH BEND,,WDH4086,31,0,20,6,,90,A
367614030,2022-01-05T09:38:51,43.34654,-124.32054,0.0,292.1,511.0,NORTH BEND,,WDH4086,31,0,20,6,,90,A
367614030,2022-01-05T10:01:11,43.34657,-124.32054,0.1,315.2,511.0,NORTH BEND,,WDH4086,31,0,20,6,,90,A
367614030,2022-01-05T10:07:01,43.34654,-124.32053,0.0,299.5,511.0,NORTH BEND,,WDH4086,31,0,20,6,,90,A
367614030,2022-01-05T09:40:00,43.34655,-124.32056,0.1,303.9,511.0,NORTH BEND,,WDH4086,31,0,20,6,,90,A
367614030,2022-01-05T10:09:20,43.34656,-124.32054,0.0,316.9,511.0,NORTH BEND,,WDH4086,31,0,20,6,,90,A
367614030,2022-01-05T09:44:40,43.34657,-124.32054,0.0,300.1,511.0,NORTH BEND,,WDH4086,31,0,20,6,,90,A
367614030,2022-01-05T10:10:30,43.34657,-124.32054,0.0,321.4,511.0,NORTH BEND,,WDH4086,31,0,20,6,,90,A
367614030,2022-01-05T09:54:21,43.34655,-124.32056,0.0,299.3,511.0,NORTH BEND,,WDH4086,31,0,20,6,,90,A
367614030,2022-01-05T10:11:50,43.34653,-124.32055,0.0,333.3,511.0,NORTH BEND,,WDH4086,31,0,20,6,,90,A
367614030,2022-01-05T10:00:01,43.34657,-124.32053,0.0,316.8,511.0,NORTH BEND,,WDH4086,31,0,20,6,,90,A
367614030,2022-01-05T10:16:30,43.34654,-124.32054,0.0,327.5,511.0,NORTH BEND,,WDH4086,31,0,20,6,,90,A
367614030,2022-01-05T10:17:51,43.34654,-124.32053,0.0,329.5,511.0,NORTH BEND,,WDH4086,31,0,20,6,,90,A
367614030,2022-01-05T09:57:50,43.34657,-124.32053,0.0,308.6,511.0,NORTH BEND,,WDH4086,31,0,20,6,,90,A
367614030,2022-01-05T09:56:40,43.34654,-124.32053,0.1,293.6,511.0,NORTH BEND,,WDH4086,31,0,20,6,,90,A
367614030,2022-01-05T10:23:41,43.34654,-124.32053,0.1,317.6,511.0,NORTH BEND,,WDH4086,31,0,20,6,,90,A
367614030,2022-01-05T10:05:50,43.34657,-124.32053,0.1,306.8,511.0,NORTH BEND,,WDH4086,31,0,20,6,,90,A
367614030,2022-01-05T10:08:10,43.34654,-124.32056,0.1,304.9,511.0,NORTH BEND,,WDH4086,31,0,20,6,,90,A
367614030,2022-01-05T10:13:01,43.34653,-124.32056,0.0,325.9,511.0,NORTH BEND,,WDH4086,31,0,20,6,,90,A
367614030,2022-01-05T10:21:21,43.34655,-124.32053,0.1,319.0,511.0,NORTH BEND,,WDH4086,31,0,20,6,,90,A
367614030,2022-01-05T10:15:21,43.34655,-124.32053,0.0,331.2,511.0,NORTH BEND,,WDH4086,31,0,20,6,,90,A
367614030,2022-01-05T10:19:01,43.34653,-124.32053,0.0,315.9,511.0,NORTH BEND,,WDH4086,31,0,20,6,,90,A
367614030,2022-01-05T10:20:11,43.34655,-124.32052,0.0,322.6,511.0,NORTH BEND,,WDH4086,31,0,20,6,,90,A
367614030,2022-01-05T10:38:00,43.34654,-124.32053,0.0,323.7,511.0,NORTH BEND,,WDH4086,31,0,20,6,,90,A
367614030,2022-01-05T10:28:19,43.34655,-124.32052,0.1,322.8,511.0,NORTH BEND,,WDH4086,31,0,20,6,,90,A
367614030,2022-01-05T10:31:00,43.34660,-124.32056,0.1,316.4,511.0,NORTH BEND,,WDH4086,31,0,20,6,,90,A
367614030,2022-01-05T10:26:00,43.34657,-124.32051,0.0,320.4,511.0,NORTH BEND,,WDH4086,31,0,20,6,,90,A
367614030,2022-01-05T10:45:01,43.34656,-124.32052,0.0,310.4,511.0,NORTH BEND,,WDH4086,31,0,20,6,,90,A
367614030,2022-01-05T10:33:19,43.34656,-124.32055,0.1,324.8,511.0,NORTH BEND,,WDH4086,31,0,20,6,,90,A
367614030,2022-01-05T10:47:31,43.34653,-124.32053,0.0,304.8,511.0,NORTH BEND,,WDH4086,31,0,20,6,,90,A
367614030,2022-01-05T10:34:30,43.34656,-124.32055,0.0,321.1,511.0,NORTH BEND,,WDH4086,31,0,20,6,,90,A
367614030,2022-01-05T10:35:40,43.34656,-124.32054,0.0,320.9,511.0,NORTH BEND,,WDH4086,31,0,20,6,,90,A
367614030,2022-01-05T10:29:20,43.34655,-124.32056,0.1,320.1,511.0,NORTH BEND,,WDH4086,31,0,20,6,,90,A
367614030,2022-01-05T10:43:49,43.34655,-124.32052,0.0,306.7,511.0,NORTH BEND,,WDH4086,31,0,20,6,,90,A
367614030,2022-01-05T10:40:21,43.34656,-124.32053,0.1,323.4,511.0,NORTH BEND,,WDH4086,31,0,20,6,,90,A
367614030,2022-01-05T10:54:31,43.34657,-124.32047,0.0,303.5,511.0,NORTH BEND,,WDH4086,31,0,20,6,,90,A
367614030,2022-01-05T10:41:30,43.34655,-124.32053,0.1,324.1,511.0,NORTH BEND,,WDH4086,31,0,20,6,,90,A
367614030,2022-01-05T10:59:01,43.34654,-124.32051,0.0,284.8,511.0,NORTH BEND,,WDH4086,31,0,20,6,,90,A
367614030,2022-01-05T10:46:11,43.34655,-124.32050,0.0,303.6,511.0,NORTH BEND,,WDH4086,31,0,20,6,,90,A
367614030,2022-01-05T10:42:41,43.34654,-124.32051,0.1,317.7,511.0,NORTH BEND,,WDH4086,31,0,20,6,,90,A
367614030,2022-01-05T10:36:50,43.34654,-124.32053,0.0,325.9,511.0,NORTH BEND,,WDH4086,31,0,20,6,,90,A
367614030,2022-01-05T10:49:50,43.34655,-124.32050,0.1,287.5,511.0,NORTH BEND,,WDH4086,31,0,20,6,,90,A
367614030,2022-01-05T04:18:00,43.34656,-124.32053,0.1,238.5,511.0,NORTH BEND,,WDH4086,31,0,20,6,,90,A
367614030,2022-01-05T11:05:51,43.34654,-124.32051,0.0,242.6,511.0,NORTH BEND,,WDH4086,31,0,20,6,,90,A
367614030,2022-01-05T10:48:41,43.34654,-124.32052,0.0,300.0,511.0,NORTH BEND,,WDH4086,31,0,20,6,,90,A
367614030,2022-01-05T10:52:11,43.34654,-124.32052,0.0,297.6,511.0,NORTH BEND,,WDH4086,31,0,20,6,,90,A
367614030,2022-01-05T10:57:50,43.34654,-124.32052,0.0,299.0,511.0,NORTH BEND,,WDH4086,31,0,20,6,,90,A
367614030,2022-01-05T11:10:30,43.34652,-124.32056,0.1,215.1,511.0,NORTH BEND,,WDH4086,31,0,20,6,,90,A
367614030,2022-01-05T11:11:40,43.34648,-124.32071,0.0,209.8,511.0,NORTH BEND,,WDH4086,31,0,20,6,,90,A
367614030,2022-01-05T11:07:00,43.34656,-124.32052,0.0,231.5,511.0,NORTH BEND,,WDH4086,31,0,20,6,,90,A
367614030,2022-01-05T10:55:40,43.34659,-124.32049,0.1,304.1,511.0,NORTH BEND,,WDH4086,31,0,20,6,,90,A
367614030,2022-01-05T10:53:21,43.34658,-124.32053,0.1,294.5,511.0,NORTH BEND,,WDH4086,31,0,20,6,,90,A
367614030,2022-01-05T11:08:11,43.34655,-124.32053,0.1,218.0,511.0,NORTH BEND,,WDH4086,31,0,20,6,,90,A
367614030,2022-01-05T04:21:31,43.34658,-124.32056,0.0,255.3,511.0,NORTH BEND,,WDH4086,31,0,20,6,,90,A
367614030,2022-01-05T04:22:40,43.34658,-124.32055,0.0,253.6,511.0,NORTH BEND,,WDH4086,31,0,20,6,,90,A
367614030,2022-01-05T11:04:30,43.34654,-124.32051,0.0,253.9,511.0,NORTH BEND,,WDH4086,31,0,20,6,,90,A
367614030,2022-01-05T11:17:20,43.34655,-124.32053,0.1,269.0,511.0,NORTH BEND,,WDH4086,31,0,20,6,,90,A
367614030,2022-01-05T11:09:21,43.34650,-124.32062,0.0,216.4,511.0,NORTH BEND,,WDH4086,31,0,20,6,,90,A
367614030,2022-01-05T04:25:00,43.34656,-124.32054,0.0,250.7,511.0,NORTH BEND,,WDH4086,31,0,20,6,,90,A
367614030,2022-01-05T11:00:01,43.34654,-124.32050,0.0,275.5,511.0,NORTH BEND,,WDH4086,31,0,20,6,,90,A
367614030,2022-01-05T11:01:10,43.34654,-124.32050,0.0,268.0,511.0,NORTH BEND,,WDH4086,31,0,20,6,,90,A
367614030,2022-01-05T11:14:01,43.34656,-124.32053,0.1,251.7,511.0,NORTH BEND,,WDH4086,31,0,20,6,,90,A
367614030,2022-01-05T11:03:20,43.34654,-124.32049,0.0,275.3,511.0,NORTH BEND,,WDH4086,31,0,20,6,,90,A
367614030,2022-01-05T11:12:51,43.34652,-124.32058,0.0,223.9,511.0,NORTH BEND,,WDH4086,31,0,20,6,,90,A
367614030,2022-01-05T11:25:30,43.34655,-124.32054,0.1,275.6,511.0,NORTH BEND,,WDH4086,31,0,20,6,,90,A
367614030,2022-01-05T11:19:41,43.34656,-124.32051,0.1,269.6,511.0,NORTH BEND,,WDH4086,31,0,20,6,,90,A
367614030,2022-01-05T04:29:40,43.34655,-124.32056,0.0,268.0,511.0,NORTH BEND,,WDH4086,31,0,20,6,,90,A
367614030,2022-01-05T11:18:30,43.34656,-124.32052,0.0,269.1,511.0,NORTH BEND,,WDH4086,31,0,20,6,,90,A
367614030,2022-01-05T11:20:50,43.34658,-124.32053,0.0,282.0,511.0,NORTH BEND,,WDH4086,31,0,20,6,,90,A
367614030,2022-01-05T11:15:10,43.34656,-124.32052,0.0,248.5,511.0,NORTH BEND,,WDH4086,31,0,20,6,,90,A
367614030,2022-01-05T11:16:11,43.34655,-124.32051,0.1,265.7,511.0,NORTH BEND,,WDH4086,31,0,20,6,,90,A
367614030,2022-01-05T11:39:10,43.34654,-124.32049,0.0,244.5,511.0,NORTH BEND,,WDH4086,31,0,20,6,,90,A
367614030,2022-01-05T11:27:41,43.34653,-124.32055,0.0,278.6,511.0,NORTH BEND,,WDH4086,31,0,20,6,,90,A
367614030,2022-01-05T11:24:21,43.34653,-124.32057,0.0,278.3,511.0,NORTH BEND,,WDH4086,31,0,20,6,,90,A
367614030,2022-01-05T11:26:31,43.34654,-124.32059,0.0,285.1,511.0,NORTH BEND,,WDH4086,31,0,20,6,,90,A
367614030,2022-01-05T11:41:21,43.34655,-124.32049,0.1,243.1,511.0,NORTH BEND,,WDH4086,31,0,20,6,,90,A
367614030,2022-01-05T11:49:31,43.34655,-124.32052,0.0,260.5,511.0,NORTH BEND,,WDH4086,31,0,20,6,,90,A
367614030,2022-01-05T11:50:41,43.34654,-124.32051,0.0,265.7,511.0,NORTH BEND,,WDH4086,31,0,20,6,,90,A
367614030,2022-01-05T11:32:21,43.34652,-124.32050,0.0,262.2,511.0,NORTH BEND,,WDH4086,31,0,20,6,,90,A
367614030,2022-01-05T11:33:30,43.34654,-124.32052,0.0,256.1,511.0,NORTH BEND,,WDH4086,31,0,20,6,,90,A
367614030,2022-01-05T11:36:51,43.34654,-124.32051,0.1,242.8,511.0,NORTH BEND,,WDH4086,31,0,20,6,,90,A
367614030,2022-01-05T11:31:11,43.34653,-124.32051,0.0,257.7,511.0,NORTH BEND,,WDH4086,31,0,20,6,,90,A
367614030,2022-01-05T11:38:01,43.34654,-124.32050,0.1,244.3,511.0,NORTH BEND,,WDH4086,31,0,20,6,,90,A
367614030,2022-01-05T11:56:40,43.34652,-124.32052,0.1,277.3,511.0,NORTH BEND,,WDH4086,31,0,20,6,,90,A
367614030,2022-01-05T04:37:40,43.34656,-124.32053,0.0,272.3,511.0,NORTH BEND,,WDH4086,31,0,20,6,,90,A
367614030,2022-01-05T11:59:01,43.34654,-124.32051,0.0,254.9,511.0,NORTH BEND,,WDH4086,31,0,20,6,,90,A
367614030,2022-01-05T11:40:11,43.34655,-124.32051,0.0,242.6,511.0,NORTH BEND,,WDH4086,31,0,20,6,,90,A
367614030,2022-01-05T11:46:01,43.34655,-124.32051,0.1,237.8,511.0,NORTH BEND,,WDH4086,31,0,20,6,,90,A
367614030,2022-01-05T11:47:11,43.34656,-124.32050,0.1,240.2,511.0,NORTH BEND,,WDH4086,31,0,20,6,,90,A
367614030,2022-01-05T11:57:51,43.34654,-124.32053,0.0,263.3,511.0,NORTH BEND,,WDH4086,31,0,20,6,,90,A
367614030,2022-01-05T11:48:21,43.34656,-124.32052,0.1,249.9,511.0,NORTH BEND,,WDH4086,31,0,20,6,,90,A
367614030,2022-01-05T11:44:51,43.34657,-124.32053,0.0,234.8,511.0,NORTH BEND,,WDH4086,31,0,20,6,,90,A
367614030,2022-01-05T11:43:40,43.34654,-124.32052,0.1,241.0,511.0,NORTH BEND,,WDH4086,31,0,20,6,,90,A
367614030,2022-01-05T12:05:50,43.34653,-124.32051,0.1,237.1,511.0,NORTH BEND,,WDH4086,31,0,20,6,,90,A
367614030,2022-01-05T12:00:01,43.34653,-124.32051,0.0,246.1,511.0,NORTH BEND,,WDH4086,31,0,20,6,,90,A
367614030,2022-01-05T04:42:10,43.34652,-124.32059,0.0,286.2,511.0,NORTH BEND,,WDH4086,31,0,20,6,,90,A
367614030,2022-01-05T12:08:11,43.34654,-124.32050,0.1,248.9,511.0,NORTH BEND,,WDH4086,31,0,20,6,,90,A
367614030,2022-01-05T11:42:31,43.34655,-124.32052,0.0,242.9,511.0,NORTH BEND,,WDH4086,31,0,20,6,,90,A
367614030,2022-01-05T12:04:41,43.34654,-124.32049,0.1,243.4,511.0,NORTH BEND,,WDH4086,31,0,20,6,,90,A
367614030,2022-01-05T11:51:50,43.34654,-124.32051,0.0,269.0,511.0,NORTH BEND,,WDH4086,31,0,20,6,,90,A
367614030,2022-01-05T11:54:11,43.34654,-124.32049,0.0,274.3,511.0,NORTH BEND,,WDH4086,31,0,20,6,,90,A
367614030,2022-01-05T12:15:00,43.34651,-124.32058,0.0,248.4,511.0,NORTH BEND,,WDH4086,31,0,20,6,,90,A
367614030,2022-01-05T12:07:00,43.34653,-124.32052,0.1,239.0,511.0,NORTH BEND,,WDH4086,31,0,20,6,,90,A
367614030,2022-01-05T12:19:51,43.34652,-124.32054,0.1,254.2,511.0,NORTH BEND,,WDH4086,31,0,20,6,,90,A
367614030,2022-01-05T12:01:11,43.34652,-124.32053,0.1,246.8,511.0,NORTH BEND,,WDH4086,31,0,20,6,,90,A
367614030,2022-01-05T11:53:01,43.34656,-124.32049,0.1,264.9,511.0,NORTH BEND,,WDH4086,31,0,20,6,,90,A
367614030,2022-01-05T12:02:20,43.34651,-124.32054,0.0,245.0,511.0,NORTH BEND,,WDH4086,31,0,20,6,,90,A
367614030,2022-01-05T12:18:41,43.34653,-124.32058,0.1,249.2,511.0,NORTH BEND,,WDH4086,31,0,20,6,,90,A
367614030,2022-01-05T12:10:30,43.34654,-124.32052,0.0,244.1,511.0,NORTH BEND,,WDH4086,31,0,20,6,,90,A
367614030,2022-01-05T12:21:00,43.34653,-124.32052,0.1,246.8,511.0,NORTH BEND,,WDH4086,31,0,20,6,,90,A
367614030,2022-01-05T12:29:10,43.34651,-124.32056,0.1,258.9,511.0,NORTH BEND,,WDH4086,31,0,20,6,,90,A
367614030,2022-01-05T04:46:41,43.34656,-124.32052,0.0,287.2,511.0,NORTH BEND,,WDH4086,31,0,20,6,,90,A
367614030,2022-01-05T12:13:51,43.34648,-124.32061,0.0,246.3,511.0,NORTH BEND,,WDH4086,31,0,20,6,,90,A
367614030,2022-01-05T12:12:50,43.34654,-124.32061,0.1,244.4,511.0,NORTH BEND,,WDH4086,31,0,20,6,,90,A
367614030,2022-01-05T12:16:11,43.34653,-124.32058,0.0,248.7,511.0,NORTH BEND,,WDH4086,31,0,20,6,,90,A
367614030,2022-01-05T12:03:29,43.34654,-124.32050,0.0,244.2,511.0,NORTH BEND,,WDH4086,31,0,20,6,,90,A
367614030,2022-01-05T12:24:30,43.34654,-124.32053,0.0,252.8,511.0,NORTH BEND,,WDH4086,31,0,20,6,,90,A
367614030,2022-01-05T12:17:31,43.34652,-124.32057,0.0,250.8,511.0,NORTH BEND,,WDH4086,31,0,20,6,,90,A
367614030,2022-01-05T12:31:50,43.34654,-124.32054,0.0,268.4,511.0,NORTH BEND,,WDH4086,31,0,20,6,,90,A
367614030,2022-01-05T12:11:40,43.34652,-124.32058,0.1,252.6,511.0,NORTH BEND,,WDH4086,31,0,20,6,,90,A
367614030,2022-01-05T12:33:00,43.34654,-124.32054,0.1,271.7,511.0,NORTH BEND,,WDH4086,31,0,20,6,,90,A
367614030,2022-01-05T12:25:41,43.34651,-124.32054,0.0,257.2,511.0,NORTH BEND,,WDH4086,31,0,20,6,,90,A
367614030,2022-01-05T12:35:20,43.34654,-124.32053,0.0,273.0,511.0,NORTH BEND,,WDH4086,31,0,20,6,,90,A
367614030,2022-01-05T12:26:51,43.34650,-124.32057,0.0,253.0,511.0,NORTH BEND,,WDH4086,31,0,20,6,,90,A
367614030,2022-01-05T12:22:10,43.34654,-124.32052,0.1,249.7,511.0,NORTH BEND,,WDH4086,31,0,20,6,,90,A
367614030,2022-01-05T12:47:01,43.34655,-124.32052,0.0,294.0,511.0,NORTH BEND,,WDH4086,31,0,20,6,,90,A
367614030,2022-01-05T12:23:21,43.34654,-124.32054,0.1,250.6,511.0,NORTH BEND,,WDH4086,31,0,20,6,,90,A
367614030,2022-01-05T12:36:31,43.34654,-124.32053,0.1,280.7,511.0,NORTH BEND,,WDH4086,31,0,20,6,,90,A
367614030,2022-01-05T12:28:01,43.34653,-124.32056,0.1,255.2,511.0,NORTH BEND,,WDH4086,31,0,20,6,,90,A
367614030,2022-01-05T12:38:50,43.34653,-124.32053,0.0,287.4,511.0,NORTH BEND,,WDH4086,31,0,20,6,,90,A
367614030,2022-01-05T12:44:41,43.34656,-124.32053,0.0,300.7,511.0,NORTH BEND,,WDH4086,31,0,20,6,,90,A
367614030,2022-01-05T12:41:10,43.34654,-124.32054,0.0,286.6,511.0,NORTH BEND,,WDH4086,31,0,20,6,,90,A
367614030,2022-01-05T12:43:30,43.34657,-124.32052,0.1,294.9,511.0,NORTH BEND,,WDH4086,31,0,20,6,,90,A
367614030,2022-01-05T12:42:21,43.34654,-124.32053,0.1,288.2,511.0,NORTH BEND,,WDH4086,31,0,20,6,,90,A
367614030,2022-01-05T12:55:11,43.34655,-124.32052,0.0,305.9,511.0,NORTH BEND,,WDH4086,31,0,20,6,,90,A
367614030,2022-01-05T13:03:30,43.34658,-124.32053,0.0,307.2,511.0,NORTH BEND,,WDH4086,31,0,20,6,,90,A
367614030,2022-01-05T12:45:50,43.34656,-124.32053,0.0,292.8,511.0,NORTH BEND,,WDH4086,31,0,20,6,,90,A
367614030,2022-01-05T12:37:41,43.34654,-124.32052,0.0,283.5,511.0,NORTH BEND,,WDH4086,31,0,20,6,,90,A
367614030,2022-01-05T04:54:41,43.34656,-124.32053,0.0,255.0,511.0,NORTH BEND,,WDH4086,31,0,20,6,,90,A
367614030,2022-01-05T12:50:30,43.34655,-124.32055,0.0,298.5,511.0,NORTH BEND,,WDH4086,31,0,20,6,,90,A
367614030,2022-01-05T12:48:11,43.34656,-124.32051,0.0,295.2,511.0,NORTH BEND,,WDH4086,31,0,20,6,,90,A
367614030,2022-01-05T12:40:01,43.34654,-124.32053,0.0,287.4,511.0,NORTH BEND,,WDH4086,31,0,20,6,,90,A
367614030,2022-01-05T13:09:21,43.34655,-124.32056,0.1,305.0,511.0,NORTH BEND,,WDH4086,31,0,20,6,,90,A
367614030,2022-01-05T12:49:20,43.34656,-124.32055,0.0,299.2,511.0,NORTH BEND,,WDH4086,31,0,20,6,,90,A
367614030,2022-01-05T12:51:41,43.34656,-124.32055,0.0,294.5,511.0,NORTH BEND,,WDH4086,31,0,20,6,,90,A
367614030,2022-01-05T12:56:20,43.34656,-124.32051,0.0,305.4,511.0,NORTH BEND,,WDH4086,31,0,20,6,,90,A
367614030,2022-01-05T12:58:41,43.34653,-124.32049,0.1,301.8,511.0,NORTH BEND,,WDH4086,31,0,20,6,,90,A
367614030,2022-01-05T12:59:50,43.34655,-124.32050,0.0,299.7,511.0,NORTH BEND,,WDH4086,31,0,20,6,,90,A
367614030,2022-01-05T13:00:01,43.34655,-124.32050,0.0,303.1,511.0,NORTH BEND,,WDH4086,31,0,20,6,,90,A
367614030,2022-01-05T13:02:20,43.34657,-124.32052,0.0,306.1,511.0,NORTH BEND,,WDH4086,31,0,20,6,,90,A
367614030,2022-01-05T13:05:51,43.34656,-124.32054,0.1,313.8,511.0,NORTH BEND,,WDH4086,31,0,20,6,,90,A
367614030,2022-01-05T13:26:40,43.34654,-124.32054,0.1,233.3,511.0,NORTH BEND,,WDH4086,31,0,20,6,,90,A
367614030,2022-01-05T13:17:30,43.34655,-124.32054,0.1,261.6,511.0,NORTH BEND,,WDH4086,31,0,20,6,,90,A
367614030,2022-01-05T12:57:31,43.34657,-124.32049,0.0,304.7,511.0,NORTH BEND,,WDH4086,31,0,20,6,,90,A
367614030,2022-01-05T13:19:40,43.34655,-124.32052,0.0,246.6,511.0,NORTH BEND,,WDH4086,31,0,20,6,,90,A
367614030,2022-01-05T13:07:00,43.34658,-124.32054,0.1,312.8,511.0,NORTH BEND,,WDH4086,31,0,20,6,,90,A
367614030,2022-01-05T13:10:31,43.34654,-124.32053,0.0,302.3,511.0,NORTH BEND,,WDH4086,31,0,20,6,,90,A
367614030,2022-01-05T13:08:10,43.34656,-124.32055,0.0,304.8,511.0,NORTH BEND,,WDH4086,31,0,20,6,,90,A
367614030,2022-01-05T13:14:00,43.34653,-124.32053,0.0,308.9,511.0,NORTH BEND,,WDH4086,31,0,20,6,,90,A
367614030,2022-01-05T13:11:40,43.34655,-124.32052,0.0,299.6,511.0,NORTH BEND,,WDH4086,31,0,20,6,,90,A
367614030,2022-01-05T13:15:11,43.34655,-124.32051,0.0,302.2,511.0,NORTH BEND,,WDH4086,31,0,20,6,,90,A
367614030,2022-01-05T13:12:50,43.34653,-124.32052,0.0,306.9,511.0,NORTH BEND,,WDH4086,31,0,20,6,,90,A
367614030,2022-01-05T13:18:31,43.34655,-124.32052,0.0,252.1,511.0,NORTH BEND,,WDH4086,31,0,20,6,,90,A
367614030,2022-01-05T05:08:10,43.34655,-124.32052,0.0,265.8,511.0,NORTH BEND,,WDH4086,31,0,20,6,,90,A
367614030,2022-01-05T13:20:50,43.34654,-124.32053,0.0,248.5,511.0,NORTH BEND,,WDH4086,31,0,20,6,,90,A
367614030,2022-01-05T13:23:10,43.34655,-124.32053,0.0,238.6,511.0,NORTH BEND,,WDH4086,31,0,20,6,,90,A
367614030,2022-01-05T13:46:31,43.34656,-124.32055,0.0,234.0,511.0,NORTH BEND,,WDH4086,31,0,20,6,,90,A
367614030,2022-01-05T13:24:20,43.34655,-124.32049,0.1,240.6,511.0,NORTH BEND,,WDH4086,31,0,20,6,,90,A
367614030,2022-01-05T05:12:50,43.34655,-124.32054,0.0,266.0,511.0,NORTH BEND,,WDH4086,31,0,20,6,,90,A
367614030,2022-01-05T13:27:50,43.34654,-124.32053,0.1,236.1,511.0,NORTH BEND,,WDH4086,31,0,20,6,,90,A
367614030,2022-01-05T13:22:01,43.34655,-124.32052,0.0,242.5,511.0,NORTH BEND,,WDH4086,31,0,20,6,,90,A
367614030,2022-01-05T13:51:00,43.34655,-124.32052,0.0,243.8,511.0,NORTH BEND,,WDH4086,31,0,20,6,,90,A
367614030,2022-01-05T13:28:51,43.34654,-124.32051,0.0,235.3,511.0,NORTH BEND,,WDH4086,31,0,20,6,,90,A
367614030,2022-01-05T13:30:00,43.34654,-124.32052,0.1,227.0,511.0,NORTH BEND,,WDH4086,31,0,20,6,,90,A
367614030,2022-01-05T13:25:30,43.34656,-124.32052,0.0,233.0,511.0,NORTH BEND,,WDH4086,31,0,20,6,,90,A
367614030,2022-01-05T13:34:21,43.34654,-124.32053,0.1,241.1,511.0,NORTH BEND,,WDH4086,31,0,20,6,,90,A
367614030,2022-01-05T13:38:20,43.34656,-124.32054,0.0,237.0,511.0,NORTH BEND,,WDH4086,31,0,20,6,,90,A
367614030,2022-01-05T13:39:31,43.34656,-124.32054,0.0,237.6,511.0,NORTH BEND,,WDH4086,31,0,20,6,,90,A
367614030,2022-01-05T13:49:50,43.34656,-124.32054,0.0,243.0,511.0,NORTH BEND,,WDH4086,31,0,20,6,,90,A
367614030,2022-01-05T13:36:01,43.34654,-124.32050,0.0,235.0,511.0,NORTH BEND,,WDH4086,31,0,20,6,,90,A
367614030,2022-01-05T13:37:11,43.34656,-124.32051,0.0,238.8,511.0,NORTH BEND,,WDH4086,31,0,20,6,,90,A
367614030,2022-01-05T14:02:31,43.34656,-124.32054,0.0,264.8,511.0,NORTH BEND,,WDH4086,31,0,20,6,,90,A
367614030,2022-01-05T13:47:40,43.34657,-124.32053,0.0,240.0,511.0,NORTH BEND,,WDH4086,31,0,20,6,,90,A
367614030,2022-01-05T13:44:10,43.34655,-124.32053,0.0,237.9,511.0,NORTH BEND,,WDH4086,31,0,20,6,,90,A
367614030,2022-01-05T13:45:21,43.34660,-124.32053,0.0,239.7,511.0,NORTH BEND,,WDH4086,31,0,20,6,,90,A
367614030,2022-01-05T13:40:41,43.34656,-124.32058,0.0,235.9,511.0,NORTH BEND,,WDH4086,31,0,20,6,,90,A
367614030,2022-01-05T13:52:09,43.34656,-124.32052,0.0,251.6,511.0,NORTH BEND,,WDH4086,31,0,20,6,,90,A
367614030,2022-01-05T13:41:50,43.34656,-124.32054,0.0,239.6,511.0,NORTH BEND,,WDH4086,31,0,20,6,,90,A
367614030,2022-01-05T13:43:01,43.34655,-124.32054,0.0,239.0,511.0,NORTH BEND,,WDH4086,31,0,20,6,,90,A
367614030,2022-01-05T14:07:20,43.34655,-124.32054,0.1,264.6,511.0,NORTH BEND,,WDH4086,31,0,20,6,,90,A
367614030,2022-01-05T13:56:41,43.34655,-124.32054,0.0,255.2,511.0,NORTH BEND,,WDH4086,31,0,20,6,,90,A
367614030,2022-01-05T13:53:10,43.34656,-124.32052,0.0,246.1,511.0,NORTH BEND,,WDH4086,31,0,20,6,,90,A
367614030,2022-01-05T13:59:09,43.34656,-124.32055,0.0,266.7,511.0,NORTH BEND,,WDH4086,31,0,20,6,,90,A
367614030,2022-01-05T13:54:20,43.34657,-124.32053,0.0,240.2,511.0,NORTH BEND,,WDH4086,31,0,20,6,,90,A
367614030,2022-01-05T13:57:51,43.34651,-124.32058,0.0,253.2,511.0,NORTH BEND,,WDH4086,31,0,20,6,,90,A
367614030,2022-01-05T05:24:20,43.34658,-124.32053,0.0,264.4,511.0,NORTH BEND,,WDH4086,31,0,20,6,,90,A
367614030,2022-01-05T14:17:50,43.34652,-124.32060,0.0,317.1,511.0,NORTH BEND,,WDH4086,31,0,20,6,,90,A
367614030,2022-01-05T14:27:10,43.34657,-124.32051,0.0,304.6,511.0,NORTH BEND,,WDH4086,31,0,20,6,,90,A
367614030,2022-01-05T14:08:31,43.34660,-124.32050,0.0,267.8,511.0,NORTH BEND,,WDH4086,31,0,20,6,,90,A
367614030,2022-01-05T14:00:10,43.34655,-124.32056,0.0,274.4,511.0,NORTH BEND,,WDH4086,31,0,20,6,,90,A
367614030,2022-01-05T14:12:01,43.34657,-124.32052,0.0,305.8,511.0,NORTH BEND,,WDH4086,31,0,20,6,,90,A
367614030,2022-01-05T14:09:41,43.34658,-124.32052,0.0,274.3,511.0,NORTH BEND,,WDH4086,31,0,20,6,,90,A
367614030,2022-01-05T05:26:40,43.34656,-124.32058,0.1,293.3,511.0,NORTH BEND,,WDH4086,31,0,20,6,,90,A
367614030,2022-01-05T14:05:01,43.34656,-124.32052,0.1,268.5,511.0,NORTH BEND,,WDH4086,31,0,20,6,,90,A
367614030,2022-01-05T14:06:10,43.34656,-124.32052,0.0,268.4,511.0,NORTH BEND,,WDH4086,31,0,20,6,,90,A
367614030,2022-01-05T14:15:30,43.34662,-124.32053,0.0,313.5,511.0,NORTH BEND,,WDH4086,31,0,20,6,,90,A
367614030,2022-01-05T14:29:41,43.34658,-124.32050,0.0,285.0,511.0,NORTH BEND,,WDH4086,31,0,20,6,,90,A
367614030,2022-01-05T14:10:50,43.34658,-124.32054,0.0,286.6,511.0,NORTH BEND,,WDH4086,31,0,20,6,,90,A
367614030,2022-01-05T14:13:10,43.34657,-124.32053,0.0,304.1,511.0,NORTH BEND,,WDH4086,31,0,20,6,,90,A
367614030,2022-01-05T05:30:01,43.34655,-124.32055,0.0,339.6,511.0,NORTH BEND,,WDH4086,31,0,20,6,,90,A
367614030,2022-01-05T14:20:10,43.34657,-124.32053,0.0,321.2,511.0,NORTH BEND,,WDH4086,31,0,20,6,,90,A
367614030,2022-01-05T14:22:30,43.34657,-124.32053,0.1,322.2,511.0,NORTH BEND,,WDH4086,31,0,20,6,,90,A
367614030,2022-01-05T14:14:20,43.34659,-124.32050,0.0,301.5,511.0,NORTH BEND,,WDH4086,31,0,20,6,,90,A
367614030,2022-01-05T14:24:51,43.34656,-124.32053,0.0,327.2,511.0,NORTH BEND,,WDH4086,31,0,20,6,,90,A
367614030,2022-01-05T14:16:40,43.34659,-124.32053,0.0,316.2,511.0,NORTH BEND,,WDH4086,31,0,20,6,,90,A
367614030,2022-01-05T14:21:20,43.34658,-124.32053,0.0,320.9,511.0,NORTH BEND,,WDH4086,31,0,20,6,,90,A
367614030,2022-01-05T14:42:00,43.34658,-124.32049,0.1,306.2,511.0,NORTH BEND,,WDH4086,31,0,20,6,,90,A
367614030,2022-01-05T05:35:51,43.34657,-124.32053,0.0,342.1,511.0,NORTH BEND,,WDH4086,31,0,20,6,,90,A
367614030,2022-01-05T14:23:41,43.34656,-124.32052,0.0,328.0,511.0,NORTH BEND,,WDH4086,31,0,20,6,,90,A
367614030,2022-01-05T14:26:00,43.34660,-124.32055,0.1,320.5,511.0,NORTH BEND,,WDH4086,31,0,20,6,,90,A
367614030,2022-01-05T14:28:30,43.34662,-124.32051,0.0,298.5,511.0,NORTH BEND,,WDH4086,31,0,20,6,,90,A
367614030,2022-01-05T14:47:50,43.34663,-124.32049,0.0,306.0,511.0,NORTH BEND,,WDH4086,31,0,20,6,,90,A
367614030,2022-01-05T14:43:11,43.34657,-124.32051,0.0,307.5,511.0,NORTH BEND,,WDH4086,31,0,20,6,,90,A
367614030,2022-01-05T14:44:21,43.34654,-124.32053,0.0,311.7,511.0,NORTH BEND,,WDH4086,31,0,20,6,,90,A
367614030,2022-01-05T05:40:31,43.34653,-124.32058,0.0,342.9,511.0,NORTH BEND,,WDH4086,31,0,20,6,,90,A
367614030,2022-01-05T14:38:30,43.34651,-124.32055,0.0,272.1,511.0,NORTH BEND,,WDH4086,31,0,20,6,,90,A
367614030,2022-01-05T14:59:21,43.34654,-124.32053,0.0,282.5,511.0,NORTH BEND,,WDH4086,31,0,20,6,,90,A
367614030,2022-01-05T15:01:01,43.34654,-124.32050,0.0,299.8,511.0,NORTH BEND,,WDH4086,31,0,20,6,,90,A
367614030,2022-01-05T14:50:11,43.34685,-124.32034,0.0,315.0,511.0,NORTH BEND,,WDH4086,31,0,20,6,,90,A
367614030,2022-01-05T14:40:51,43.34655,-124.32053,0.0,298.9,511.0,NORTH BEND,,WDH4086,31,0,20,6,,90,A
367614030,2022-01-05T14:51:20,43.34669,-124.32040,0.0,323.9,511.0,NORTH BEND,,WDH4086,31,0,20,6,,90,A
367614030,2022-01-05T14:45:30,43.34654,-124.32052,0.1,310.6,511.0,NORTH BEND,,WDH4086,31,0,20,6,,90,A
367614030,2022-01-05T14:52:30,43.34670,-124.32049,0.1,323.9,511.0,NORTH BEND,,WDH4086,31,0,20,6,,90,A
367614030,2022-01-05T14:46:41,43.34659,-124.32050,0.0,312.8,511.0,NORTH BEND,,WDH4086,31,0,20,6,,90,A
367614030,2022-01-05T14:49:00,43.34669,-124.32047,0.0,302.5,511.0,NORTH BEND,,WDH4086,31,0,20,6,,90,A
367614030,2022-01-05T15:10:31,43.34653,-124.32054,0.0,278.0,511.0,NORTH BEND,,WDH4086,31,0,20,6,,90,A
367614030,2022-01-05T15:12:51,43.34645,-124.32058,0.0,298.7,511.0,NORTH BEND,,WDH4086,31,0,20,6,,90,A
367614030,2022-01-05T15:02:10,43.34655,-124.32050,0.0,290.1,511.0,NORTH BEND,,WDH4086,31,0,20,6,,90,A
367614030,2022-01-05T14:57:11,43.34654,-124.32051,0.0,297.9,511.0,NORTH BEND,,WDH4086,31,0,20,6,,90,A
367614030,2022-01-05T15:15:11,43.34653,-124.32054,0.0,291.1,511.0,NORTH BEND,,WDH4086,31,0,20,6,,90,A
367614030,2022-01-05T15:16:31,43.34654,-124.32052,0.0,284.6,511.0,NORTH BEND,,WDH4086,31,0,20,6,,90,A
367614030,2022-01-05T15:17:41,43.34652,-124.32054,0.0,280.9,511.0,NORTH BEND,,WDH4086,31,0,20,6,,90,A
367614030,2022-01-05T15:00:00,43.34658,-124.32049,0.1,284.3,511.0,NORTH BEND,,WDH4086,31,0,20,6,,90,A
367614030,2022-01-05T15:18:51,43.34658,-124.32051,0.1,271.8,511.0,NORTH BEND,,WDH4086,31,0,20,6,,90,A
367614030,2022-01-05T15:08:10,43.34654,-124.32053,0.0,283.8,511.0,NORTH BEND,,WDH4086,31,0,20,6,,90,A
367614030,2022-01-05T05:51:01,43.34657,-124.32052,0.0,343.6,511.0,NORTH BEND,,WDH4086,31,0,20,6,,90,A
367614030,2022-01-05T15:21:11,43.34657,-124.32054,0.0,266.3,511.0,NORTH BEND,,WDH4086,31,0,20,6,,90,A
367614030,2022-01-05T15:07:01,43.34656,-124.32050,0.0,294.7,511.0,NORTH BEND,,WDH4086,31,0,20,6,,90,A
367614030,2022-01-05T15:04:41,43.34656,-124.32050,0.1,286.4,511.0,NORTH BEND,,WDH4086,31,0,20,6,,90,A
367614030,2022-01-05T15:24:50,43.34654,-124.32054,0.0,257.4,511.0,NORTH BEND,,WDH4086,31,0,20,6,,90,A
367614030,2022-01-05T15:03:31,43.34656,-124.32051,0.0,274.0,511.0,NORTH BEND,,WDH4086,31,0,20,6,,90,A
367614030,2022-01-05T15:11:40,43.34653,-124.32054,0.1,278.0,511.0,NORTH BEND,,WDH4086,31,0,20,6,,90,A
367614030,2022-01-05T15:14:01,43.34649,-124.32057,0.0,296.3,511.0,NORTH BEND,,WDH4086,31,0,20,6,,90,A
367614030,2022-01-05T15:27:11,43.34653,-124.32055,0.0,278.9,511.0,NORTH BEND,,WDH4086,31,0,20,6,,90,A
367614030,2022-01-05T15:28:20,43.34653,-124.32055,0.0,279.5,511.0,NORTH BEND,,WDH4086,31,0,20,6,,90,A
367614030,2022-01-05T15:30:40,43.34653,-124.32053,0.0,279.8,511.0,NORTH BEND,,WDH4086,31,0,20,6,,90,A
367614030,2022-01-05T15:09:19,43.34652,-124.32053,0.0,285.8,511.0,NORTH BEND,,WDH4086,31,0,20,6,,90,A
367614030,2022-01-05T15:34:10,43.34655,-124.32053,0.1,292.3,511.0,NORTH BEND,,WDH4086,31,0,20,6,,90,A
367614030,2022-01-05T15:37:41,43.34655,-124.32052,0.0,294.8,511.0,NORTH BEND,,WDH4086,31,0,20,6,,90,A
367614030,2022-01-05T15:38:50,43.34655,-124.32051,0.0,299.0,511.0,NORTH BEND,,WDH4086,31,0,20,6,,90,A
367614030,2022-01-05T15:20:01,43.34658,-124.32051,0.0,267.5,511.0,NORTH BEND,,WDH4086,31,0,20,6,,90,A
367614030,2022-01-05T15:26:00,43.34654,-124.32055,0.0,269.6,511.0,NORTH BEND,,WDH4086,31,0,20,6,,90,A
367614030,2022-01-05T15:23:41,43.34656,-124.32054,0.0,255.9,511.0,NORTH BEND,,WDH4086,31,0,20,6,,90,A
367614030,2022-01-05T15:33:01,43.34654,-124.32052,0.0,287.4,511.0,NORTH BEND,,WDH4086,31,0,20,6,,90,A
367614030,2022-01-05T15:42:11,43.34656,-124.32052,0.0,278.3,511.0,NORTH BEND,,WDH4086,31,0,20,6,,90,A
367614030,2022-01-05T15:22:30,43.34656,-124.32053,0.0,262.7,511.0,NORTH BEND,,WDH4086,31,0,20,6,,90,A
367614030,2022-01-05T05:58:59,43.34656,-124.32051,0.1,240.1,511.0,NORTH BEND,,WDH4086,31,0,20,6,,90,A
367614030,2022-01-05T15:48:11,43.34654,-124.32054,0.0,211.5,511.0,NORTH BEND,,WDH4086,31,0,20,6,,90,A
367614030,2022-01-05T15:29:30,43.34654,-124.32054,0.1,281.1,511.0,NORTH BEND,,WDH4086,31,0,20,6,,90,A
367614030,2022-01-05T15:41:10,43.34656,-124.32054,0.0,289.0,511.0,NORTH BEND,,WDH4086,31,0,20,6,,90,A
367614030,2022-01-05T15:35:21,43.34655,-124.32053,0.0,295.1,511.0,NORTH BEND,,WDH4086,31,0,20,6,,90,A
367614030,2022-01-05T15:44:40,43.34656,-124.32051,0.0,277.7,511.0,NORTH BEND,,WDH4086,31,0,20,6,,90,A
367614030,2022-01-05T15:58:40,43.34657,-124.32053,0.0,206.5,511.0,NORTH BEND,,WDH4086,31,0,20,6,,90,A
367614030,2022-01-05T15:36:31,43.34656,-124.32052,0.0,294.8,511.0,NORTH BEND,,WDH4086,31,0,20,6,,90,A
367614030,2022-01-05T15:43:30,43.34655,-124.32054,0.0,275.2,511.0,NORTH BEND,,WDH4086,31,0,20,6,,90,A
367614030,2022-01-05T15:40:01,43.34654,-124.32049,0.0,294.8,511.0,NORTH BEND,,WDH4086,31,0,20,6,,90,A
367614030,2022-01-05T16:01:21,43.34654,-124.32054,0.0,216.4,511.0,NORTH BEND,,WDH4086,31,0,20,6,,90,A
367614030,2022-01-05T15:49:20,43.34655,-124.32053,0.1,201.5,511.0,NORTH BEND,,WDH4086,31,0,20,6,,90,A
367614030,2022-01-05T06:10:40,43.34658,-124.32053,0.0,226.4,511.0,NORTH BEND,,WDH4086,31,0,20,6,,90,A
367614030,2022-01-05T15:54:01,43.34654,-124.32053,0.0,188.6,511.0,NORTH BEND,,WDH4086,31,0,20,6,,90,A
367614030,2022-01-05T15:47:00,43.34655,-124.32052,0.0,228.3,511.0,NORTH BEND,,WDH4086,31,0,20,6,,90,A
367614030,2022-01-05T15:57:30,43.34656,-124.32053,0.1,206.4,511.0,NORTH BEND,,WDH4086,31,0,20,6,,90,A
367614030,2022-01-05T15:50:30,43.34655,-124.32053,0.0,188.1,511.0,NORTH BEND,,WDH4086,31,0,20,6,,90,A
367614030,2022-01-05T15:51:41,43.34654,-124.32052,0.0,188.9,511.0,NORTH BEND,,WDH4086,31,0,20,6,,90,A
367614030,2022-01-05T15:56:21,43.34657,-124.32053,0.0,208.1,511.0,NORTH BEND,,WDH4086,31,0,20,6,,90,A
367614030,2022-01-05T15:55:11,43.34653,-124.32052,0.0,205.1,511.0,NORTH BEND,,WDH4086,31,0,20,6,,90,A
367614030,2022-01-05T15:52:50,43.34655,-124.32052,0.0,191.8,511.0,NORTH BEND,,WDH4086,31,0,20,6,,90,A
367614030,2022-01-05T16:04:51,43.34655,-124.32053,0.0,213.4,511.0,NORTH BEND,,WDH4086,31,0,20,6,,90,A
367614030,2022-01-05T16:02:30,43.34653,-124.32052,0.0,214.2,511.0,NORTH BEND,,WDH4086,31,0,20,6,,90,A
367614030,2022-01-05T16:17:40,43.34657,-124.32058,0.0,225.3,511.0,NORTH BEND,,WDH4086,31,0,20,6,,90,A
367614030,2022-01-05T15:59:51,43.34654,-124.32053,0.0,208.4,511.0,NORTH BEND,,WDH4086,31,0,20,6,,90,A
367614030,2022-01-05T16:00:11,43.34654,-124.32053,0.0,208.4,511.0,NORTH BEND,,WDH4086,31,0,20,6,,90,A
367614030,2022-01-05T16:18:50,43.34654,-124.32054,0.0,223.7,511.0,NORTH BEND,,WDH4086,31,0,20,6,,90,A
367614030,2022-01-05T16:10:41,43.34661,-124.32053,0.0,224.9,511.0,NORTH BEND,,WDH4086,31,0,20,6,,90,A
367614030,2022-01-05T16:07:11,43.34660,-124.32055,0.0,228.0,511.0,NORTH BEND,,WDH4086,31,0,20,6,,90,A
367614030,2022-01-05T16:09:31,43.34657,-124.32051,0.0,221.6,511.0,NORTH BEND,,WDH4086,31,0,20,6,,90,A
367614030,2022-01-05T16:06:01,43.34654,-124.32051,0.0,227.0,511.0,NORTH BEND,,WDH4086,31,0,20,6,,90,A
367614030,2022-01-05T16:14:11,43.34658,-124.32052,0.0,218.9,511.0,NORTH BEND,,WDH4086,31,0,20,6,,90,A
367614030,2022-01-05T16:15:21,43.34660,-124.32052,0.0,227.1,511.0,NORTH BEND,,WDH4086,31,0,20,6,,90,A
367614030,2022-01-05T16:27:00,43.34656,-124.32051,0.0,197.4,511.0,NORTH BEND,,WDH4086,31,0,20,6,,90,A
367614030,2022-01-05T16:11:51,43.34656,-124.32054,0.0,218.9,511.0,NORTH BEND,,WDH4086,31,0,20,6,,90,A
367614030,2022-01-05T16:21:11,43.34654,-124.32054,0.0,202.3,511.0,NORTH BEND,,WDH4086,31,0,20,6,,90,A
367614030,2022-01-05T16:23:31,43.34655,-124.32053,0.1,200.3,511.0,NORTH BEND,,WDH4086,31,0,20,6,,90,A
367614030,2022-01-05T16:20:00,43.34653,-124.32055,0.0,209.1,511.0,NORTH BEND,,WDH4086,31,0,20,6,,90,A
367614030,2022-01-05T16:16:31,43.34656,-124.32052,0.0,219.6,511.0,NORTH BEND,,WDH4086,31,0,20,6,,90,A
367614030,2022-01-05T16:39:00,43.34653,-124.32049,0.1,243.5,511.0,NORTH BEND,,WDH4086,31,0,20,6,,90,A
367614030,2022-01-05T16:29:21,43.34655,-124.32052,0.0,208.1,511.0,NORTH BEND,,WDH4086,31,0,20,6,,90,A
367614030,2022-01-05T16:24:40,43.34655,-124.32052,0.0,190.0,511.0,NORTH BEND,,WDH4086,31,0,20,6,,90,A
367614030,2022-01-05T16:41:20,43.34655,-124.32053,0.0,253.3,511.0,NORTH BEND,,WDH4086,31,0,20,6,,90,A
367614030,2022-01-05T16:42:32,43.34655,-124.32054,0.0,277.0,511.0,NORTH BEND,,WDH4086,31,0,20,6,,90,A
367614030,2022-01-05T16:22:21,43.34654,-124.32052,0.0,200.7,511.0,NORTH BEND,,WDH4086,31,0,20,6,,90,A
367614030,2022-01-05T16:28:11,43.34656,-124.32053,0.0,201.2,511.0,NORTH BEND,,WDH4086,31,0,20,6,,90,A
367614030,2022-01-05T16:46:01,43.34655,-124.32054,0.1,288.6,511.0,NORTH BEND,,WDH4086,31,0,20,6,,90,A
367614030,2022-01-05T16:34:21,43.34654,-124.32053,0.0,225.1,511.0,NORTH BEND,,WDH4086,31,0,20,6,,90,A
367614030,2022-01-05T16:35:30,43.34654,-124.32053,0.0,225.5,511.0,NORTH BEND,,WDH4086,31,0,20,6,,90,A
367614030,2022-01-05T16:47:11,43.34655,-124.32053,0.1,298.8,511.0,NORTH BEND,,WDH4086,31,0,20,6,,90,A
367614030,2022-01-05T16:37:50,43.34653,-124.32053,0.0,233.8,511.0,NORTH BEND,,WDH4086,31,0,20,6,,90,A
367614030,2022-01-05T16:50:41,43.34658,-124.32055,0.0,288.3,511.0,NORTH BEND,,WDH4086,31,0,20,6,,90,A
367614030,2022-01-05T16:40:10,43.34657,-124.32053,0.0,249.7,511.0,NORTH BEND,,WDH4086,31,0,20,6,,90,A
367614030,2022-01-05T16:43:41,43.34655,-124.32053,0.0,274.7,511.0,NORTH BEND,,WDH4086,31,0,20,6,,90,A
367614030,2022-01-05T16:56:30,43.34655,-124.32052,0.1,310.2,511.0,NORTH BEND,,WDH4086,31,0,20,6,,90,A
367614030,2022-01-05T16:44:51,43.34654,-124.32053,0.1,280.2,511.0,NORTH BEND,,WDH4086,31,0,20,6,,90,A
367614030,2022-01-05T16:36:40,43.34655,-124.32054,0.0,231.8,511.0,NORTH BEND,,WDH4086,31,0,20,6,,90,A
367614030,2022-01-05T17:00:01,43.34656,-124.32054,0.0,301.8,511.0,NORTH BEND,,WDH4086,31,0,20,6,,90,A
367614030,2022-01-05T16:54:10,43.34651,-124.32057,0.0,310.2,511.0,NORTH BEND,,WDH4086,31,0,20,6,,90,A
367614030,2022-01-05T17:08:00,43.34654,-124.32055,0.0,353.4,511.0,NORTH BEND,,WDH4086,31,0,20,6,,90,A
367614030,2022-01-05T16:57:41,43.34653,-124.32053,0.0,317.3,511.0,NORTH BEND,,WDH4086,31,0,20,6,,90,A
367614030,2022-01-05T17:09:01,43.34654,-124.32054,0.0,347.5,511.0,NORTH BEND,,WDH4086,31,0,20,6,,90,A
367614030,2022-01-05T16:48:21,43.34654,-124.32054,0.1,301.6,511.0,NORTH BEND,,WDH4086,31,0,20,6,,90,A
367614030,2022-01-05T16:51:51,43.34654,-124.32054,0.0,291.9,511.0,NORTH BEND,,WDH4086,31,0,20,6,,90,A
367614030,2022-01-05T16:49:30,43.34656,-124.32055,0.1,291.7,511.0,NORTH BEND,,WDH4086,31,0,20,6,,90,A
367614030,2022-01-05T17:01:10,43.34656,-124.32055,0.0,305.1,511.0,NORTH BEND,,WDH4086,31,0,20,6,,90,A
367614030,2022-01-05T17:06:59,43.34654,-124.32056,0.1,351.0,511.0,NORTH BEND,,WDH4086,31,0,20,6,,90,A
367614030,2022-01-05T16:53:01,43.34656,-124.32055,0.0,301.9,511.0,NORTH BEND,,WDH4086,31,0,20,6,,90,A
367614030,2022-01-05T17:04:41,43.34654,-124.32057,0.1,333.0,511.0,NORTH BEND,,WDH4086,31,0,20,6,,90,A
367614030,2022-01-05T16:58:51,43.34656,-124.32054,0.1,317.5,511.0,NORTH BEND,,WDH4086,31,0,20,6,,90,A
367614030,2022-01-05T06:35:21,43.34648,-124.32061,0.1,273.4,511.0,NORTH BEND,,WDH4086,31,0,20,6,,90,A
367614030,2022-01-05T17:02:20,43.34655,-124.32055,0.0,321.9,511.0,NORTH BEND,,WDH4086,31,0,20,6,,90,A
367614030,2022-01-05T17:10:11,43.34653,-124.32053,0.0,350.5,511.0,NORTH BEND,,WDH4086,31,0,20,6,,90,A
367614030,2022-01-05T17:11:21,43.34655,-124.32052,0.0,351.2,511.0,NORTH BEND,,WDH4086,31,0,20,6,,90,A
367614030,2022-01-05T17:20:40,43.34657,-124.32053,0.0,340.6,511.0,NORTH BEND,,WDH4086,31,0,20,6,,90,A
367614030,2022-01-05T17:23:01,43.34657,-124.32051,0.0,338.0,511.0,NORTH BEND,,WDH4086,31,0,20,6,,90,A
367614030,2022-01-05T17:17:10,43.34656,-124.32052,0.1,356.6,511.0,NORTH BEND,,WDH4086,31,0,20,6,,90,A
367614030,2022-01-05T17:12:31,43.34654,-124.32053,0.0,355.3,511.0,NORTH BEND,,WDH4086,31,0,20,6,,90,A
367614030,2022-01-05T17:25:31,43.34656,-124.32053,0.1,346.0,511.0,NORTH BEND,,WDH4086,31,0,20,6,,90,A
367614030,2022-01-05T17:19:31,43.34658,-124.32053,0.0,342.2,511.0,NORTH BEND,,WDH4086,31,0,20,6,,90,A
367614030,2022-01-05T17:26:41,43.34678,-124.32045,1.2,47.8,511.0,NORTH BEND,,WDH4086,31,0,20,6,,90,A
367614030,2022-01-05T17:27:51,43.34646,-124.32012,0.7,258.9,511.0,NORTH BEND,,WDH4086,31,0,20,6,,90,A
367614030,2022-01-05T17:21:50,43.34658,-124.32057,0.0,342.5,511.0,NORTH BEND,,WDH4086,31,0,20,6,,90,A
367614030,2022-01-05T06:41:11,43.34656,-124.32053,0.0,283.5,511.0,NORTH BEND,,WDH4086,31,0,20,6,,90,A
367614030,2022-01-05T17:31:51,43.35170,-124.31864,7.2,10.3,511.0,NORTH BEND,,WDH4086,31,0,20,6,,90,A
367614030,2022-01-05T17:14:51,43.34654,-124.32057,0.0,357.1,511.0,NORTH BEND,,WDH4086,31,0,20,6,,90,A
367614030,2022-01-05T17:18:21,43.34656,-124.32052,0.0,343.8,511.0,NORTH BEND,,WDH4086,31,0,20,6,,90,A
367614030,2022-01-05T17:37:41,43.36446,-124.31646,10.0,39.3,511.0,NORTH BEND,,WDH4086,31,0,20,6,,90,A
367614030,2022-01-05T17:33:01,43.35403,-124.31894,7.5,347.0,511.0,NORTH BEND,,WDH4086,31,0,20,6,,90,A
367614030,2022-01-05T17:29:01,43.34730,-124.31974,3.5,19.9,511.0,NORTH BEND,,WDH4086,31,0,20,6,,90,A
367614030,2022-01-05T17:42:20,43.37363,-124.30428,9.7,48.1,511.0,NORTH BEND,,WDH4086,31,0,20,6,,90,A
367614030,2022-01-05T17:36:31,43.36154,-124.31838,8.9,26.9,511.0,NORTH BEND,,WDH4086,31,0,20,6,,90,A
367614030,2022-01-05T06:44:41,43.34653,-124.32057,0.1,314.4,511.0,NORTH BEND,,WDH4086,31,0,20,6,,90,A
367614030,2022-01-05T17:34:10,43.35642,-124.31969,8.0,348.9,511.0,NORTH BEND,,WDH4086,31,0,20,6,,90,A
367614030,2022-01-05T17:41:10,43.37134,-124.30725,9.8,37.0,511.0,NORTH BEND,,WDH4086,31,0,20,6,,90,A
367614030,2022-01-05T06:46:59,43.34654,-124.32054,0.1,322.2,511.0,NORTH BEND,,WDH4086,31,0,20,6,,90,A
367614030,2022-01-05T17:51:41,43.39518,-124.28392,11.2,23.6,511.0,NORTH BEND,,WDH4086,31,0,20,6,,90,A
367614030,2022-01-05T17:54:00,43.40185,-124.28000,11.4,23.1,511.0,NORTH BEND,,WDH4086,31,0,20,6,,90,A
367614030,2022-01-05T17:44:40,43.37816,-124.29816,9.9,42.3,511.0,NORTH BEND,,WDH4086,31,0,20,6,,90,A
367614030,2022-01-05T17:35:20,43.35902,-124.31970,8.5,12.7,511.0,NORTH BEND,,WDH4086,31,0,20,6,,90,A
367614030,2022-01-05T17:59:50,43.41839,-124.27215,11.5,41.5,511.0,NORTH BEND,,WDH4086,31,0,20,6,,90,A
367614030,2022-01-05T17:52:50,43.39843,-124.28201,11.0,21.2,511.0,NORTH BEND,,WDH4086,31,0,20,6,,90,A
367614030,2022-01-05T17:38:50,43.36682,-124.31356,10.1,44.6,511.0,NORTH BEND,,WDH4086,31,0,20,6,,90,A
367614030,2022-01-05T18:01:11,43.42134,-124.26799,10.1,56.4,511.0,NORTH BEND,,WDH4086,31,0,20,6,,90,A
367614030,2022-01-05T18:03:30,43.42274,-124.26126,6.6,82.3,511.0,NORTH BEND,,WDH4086,31,0,20,6,,90,A
367614030,2022-01-05T17:43:30,43.37590,-124.30124,10.0,43.7,511.0,NORTH BEND,,WDH4086,31,0,20,6,,90,A
367614030,2022-01-05T17:56:20,43.40872,-124.27796,10.8,7.9,511.0,NORTH BEND,,WDH4086,31,0,20,6,,90,A
367614030,2022-01-05T06:50:29,43.34653,-124.32053,0.0,317.7,511.0,NORTH BEND,,WDH4086,31,0,20,6,,90,A
367614030,2022-01-05T17:45:50,43.38059,-124.29511,10.0,38.7,511.0,NORTH BEND,,WDH4086,31,0,20,6,,90,A
367614030,2022-01-05T18:08:10,43.42424,-124.25288,1.4,45.5,511.0,NORTH BEND,,WDH4086,31,0,20,6,,90,A
367614030,2022-01-05T17:49:21,43.38850,-124.28811,11.0,22.8,511.0,NORTH BEND,,WDH4086,31,0,20,6,,90,A
367614030,2022-01-05T17:47:00,43.38280,-124.29214,9.7,43.3,511.0,NORTH BEND,,WDH4086,31,0,20,6,,90,A
367614030,2022-01-05T17:50:31,43.39186,-124.28605,11.4,28.0,511.0,NORTH BEND,,WDH4086,31,0,20,6,,90,A
367614030,2022-01-05T17:48:10,43.38546,-124.28979,9.7,23.5,511.0,NORTH BEND,,WDH4086,31,0,20,6,,90,A
367614030,2022-01-05T18:10:21,43.42458,-124.25313,1.0,58.0,511.0,NORTH BEND,,WDH4086,31,0,20,6,,90,A
367614030,2022-01-05T18:16:11,43.42344,-124.25593,5.3,249.2,511.0,NORTH BEND,,WDH4086,31,0,20,6,,90,A
367614030,2022-01-05T06:55:11,43.34653,-124.32054,0.0,314.0,511.0,NORTH BEND,,WDH4086,31,0,20,6,,90,A
367614030,2022-01-05T06:56:21,43.34653,-124.32054,0.0,314.1,511.0,NORTH BEND,,WDH4086,31,0,20,6,,90,A
367614030,2022-01-05T18:04:41,43.42304,-124.25830,6.8,81.2,511.0,NORTH BEND,,WDH4086,31,0,20,6,,90,A
367614030,2022-01-05T17:55:11,43.40524,-124.27879,11.1,8.1,511.0,NORTH BEND,,WDH4086,31,0,20,6,,90,A
367614030,2022-01-05T18:02:20,43.42242,-124.26467,7.9,77.8,511.0,NORTH BEND,,WDH4086,31,0,20,6,,90,A
367614030,2022-01-05T18:00:00,43.41882,-124.27161,11.4,42.9,511.0,NORTH BEND,,WDH4086,31,0,20,6,,90,A
367614030,2022-01-05T18:25:41,43.41764,-124.27398,5.6,214.4,511.0,NORTH BEND,,WDH4086,31,0,20,6,,90,A
367614030,2022-01-05T18:12:41,43.42431,-124.25373,1.7,257.5,511.0,NORTH BEND,,WDH4086,31,0,20,6,,90,A
367614030,2022-01-05T18:05:50,43.42339,-124.25530,7.2,81.8,511.0,NORTH BEND,,WDH4086,31,0,20,6,,90,A
367614030,2022-01-05T18:22:01,43.42159,-124.26890,5.6,228.5,511.0,NORTH BEND,,WDH4086,31,0,20,6,,90,A
367614030,2022-01-05T18:30:31,43.41105,-124.27844,5.7,198.3,511.0,NORTH BEND,,WDH4086,31,0,20,6,,90,A
367614030,2022-01-05T18:28:10,43.41441,-124.27648,5.6,204.2,511.0,NORTH BEND,,WDH4086,31,0,20,6,,90,A
367614030,2022-01-05T18:07:01,43.42389,-124.25321,1.7,17.6,511.0,NORTH BEND,,WDH4086,31,0,20,6,,90,A
367614030,2022-01-05T07:01:11,43.34654,-124.32054,0.1,319.7,511.0,NORTH BEND,,WDH4086,31,0,20,6,,90,A
367614030,2022-01-05T18:32:51,43.40879,-124.27959,3.5,207.7,511.0,NORTH BEND,,WDH4086,31,0,20,6,,90,A
367614030,2022-01-05T18:11:31,43.42457,-124.25302,1.9,216.0,511.0,NORTH BEND,,WDH4086,31,0,20,6,,90,A
367614030,2022-01-05T18:37:31,43.40547,-124.27851,1.7,188.5,511.0,NORTH BEND,,WDH4086,31,0,20,6,,90,A
367614030,2022-01-05T18:24:21,43.41918,-124.27236,5.1,221.3,511.0,NORTH BEND,,WDH4086,31,0,20,6,,90,A
367614030,2022-01-05T18:15:01,43.42425,-124.25416,4.1,239.7,511.0,NORTH BEND,,WDH4086,31,0,20,6,,90,A
367614030,2022-01-05T18:17:20,43.42286,-124.25839,6.3,262.4,511.0,NORTH BEND,,WDH4086,31,0,20,6,,90,A
367614030,2022-01-05T18:44:31,43.40223,-124.27907,6.2,204.2,511.0,NORTH BEND,,WDH4086,31,0,20,6,,90,A
367614030,2022-01-05T18:43:20,43.40435,-124.27833,6.4,186.7,511.0,NORTH BEND,,WDH4086,31,0,20,6,,90,A
367614030,2022-01-05T18:18:31,43.42291,-124.26121,6.1,270.9,511.0,NORTH BEND,,WDH4086,31,0,20,6,,90,A
367614030,2022-01-05T07:04:40,43.34655,-124.32054,0.0,326.8,511.0,NORTH BEND,,WDH4086,31,0,20,6,,90,A
367614030,2022-01-05T18:19:50,43.42270,-124.26437,6.4,264.8,511.0,NORTH BEND,,WDH4086,31,0,20,6,,90,A
367614030,2022-01-05T18:20:51,43.42238,-124.26677,6.0,256.5,511.0,NORTH BEND,,WDH4086,31,0,20,6,,90,A
367614030,2022-01-05T18:26:50,43.41627,-124.27536,5.4,210.5,511.0,NORTH BEND,,WDH4086,31,0,20,6,,90,A
367614030,2022-01-05T18:29:21,43.41270,-124.27745,5.7,202.7,511.0,NORTH BEND,,WDH4086,31,0,20,6,,90,A
367614030,2022-01-05T18:53:50,43.38428,-124.29049,9.5,210.6,511.0,NORTH BEND,,WDH4086,31,0,20,6,,90,A
367614030,2022-01-05T18:49:10,43.39460,-124.28387,6.7,204.0,511.0,NORTH BEND,,WDH4086,31,0,20,6,,90,A
367614030,2022-01-05T18:31:40,43.40983,-124.27898,3.4,202.8,511.0,NORTH BEND,,WDH4086,31,0,20,6,,90,A
367614030,2022-01-05T19:03:31,43.37154,-124.30792,7.2,223.8,511.0,NORTH BEND,,WDH4086,31,0,20,6,,90,A
367614030,2022-01-05T19:08:00,43.36473,-124.31689,8.1,222.2,511.0,NORTH BEND,,WDH4086,31,0,20,6,,90,A
367614030,2022-01-05T19:09:11,43.36239,-124.31865,8.3,201.4,511.0,NORTH BEND,,WDH4086,31,0,20,6,,90,A
367614030,2022-01-05T18:34:00,43.40776,-124.28001,2.9,143.1,511.0,NORTH BEND,,WDH4086,31,0,20,6,,90,A
367614030,2022-01-05T18:36:20,43.40618,-124.27833,2.2,186.7,511.0,NORTH BEND,,WDH4086,31,0,20,6,,90,A
367614030,2022-01-05T18:57:20,43.37948,-124.29734,6.8,222.9,511.0,NORTH BEND,,WDH4086,31,0,20,6,,90,A
367614030,2022-01-05T18:38:40,43.40527,-124.27863,0.1,226.6,511.0,NORTH BEND,,WDH4086,31,0,20,6,,90,A
367614030,2022-01-05T18:41:00,43.40671,-124.27713,8.1,20.4,511.0,NORTH BEND,,WDH4086,31,0,20,6,,90,A
367614030,2022-01-05T19:13:51,43.35401,-124.32692,7.3,247.9,511.0,NORTH BEND,,WDH4086,31,0,20,6,,90,A
367614030,2022-01-05T18:39:51,43.40519,-124.27863,2.0,170.2,511.0,NORTH BEND,,WDH4086,31,0,20,6,,90,A
367614030,2022-01-05T18:42:10,43.40646,-124.27783,6.5,196.6,511.0,NORTH BEND,,WDH4086,31,0,20,6,,90,A
367614030,2022-01-05T19:11:31,43.35752,-124.32151,8.3,220.4,511.0,NORTH BEND,,WDH4086,31,0,20,6,,90,A
367614030,2022-01-05T18:52:41,43.38697,-124.28857,9.6,206.1,511.0,NORTH BEND,,WDH4086,31,0,20,6,,90,A
367614030,2022-01-05T18:45:41,43.40031,-124.28026,6.3,205.6,511.0,NORTH BEND,,WDH4086,31,0,20,6,,90,A
367614030,2022-01-05T07:11:31,43.34654,-124.32058,0.0,315.9,511.0,NORTH BEND,,WDH4086,31,0,20,6,,90,A
367614030,2022-01-05T18:48:01,43.39646,-124.28268,6.5,200.2,511.0,NORTH BEND,,WDH4086,31,0,20,6,,90,A
367614030,2022-01-05T18:59:30,43.37670,-124.30108,6.7,227.0,511.0,NORTH BEND,,WDH4086,31,0,20,6,,90,A
367614030,2022-01-05T18:51:31,43.38978,-124.28666,9.0,205.2,511.0,NORTH BEND,,WDH4086,31,0,20,6,,90,A
367614030,2022-01-05T19:05:41,43.36829,-124.31218,7.7,229.1,511.0,NORTH BEND,,WDH4086,31,0,20,6,,90,A
367614030,2022-01-05T18:55:01,43.38231,-124.29334,7.2,234.2,511.0,NORTH BEND,,WDH4086,31,0,20,6,,90,A
367614030,2022-01-05T18:56:10,43.38099,-124.29534,6.1,226.9,511.0,NORTH BEND,,WDH4086,31,0,20,6,,90,A
367614030,2022-01-05T19:18:31,43.35482,-124.33936,7.6,289.9,511.0,NORTH BEND,,WDH4086,31,0,20,6,,90,A
367614030,2022-01-05T19:25:41,43.36310,-124.35857,6.5,303.8,511.0,NORTH BEND,,WDH4086,31,0,20,6,,90,A
367614030,2022-01-05T19:26:50,43.36432,-124.36016,6.2,306.7,511.0,NORTH BEND,,WDH4086,31,0,20,6,,90,A
367614030,2022-01-05T19:00:01,43.37602,-124.30201,6.8,222.4,511.0,NORTH BEND,,WDH4086,31,0,20,6,,90,A
367614030,2022-01-05T19:01:11,43.37457,-124.30390,5.9,226.5,511.0,NORTH BEND,,WDH4086,31,0,20,6,,90,A
367614030,2022-01-05T19:15:02,43.35332,-124.33006,8.0,259.5,511.0,NORTH BEND,,WDH4086,31,0,20,6,,90,A
367614030,2022-01-05T19:02:21,43.37319,-124.30591,6.7,221.4,511.0,NORTH BEND,,WDH4086,31,0,20,6,,90,A
367614030,2022-01-05T19:36:10,43.36631,-124.36818,7.9,320.0,511.0,NORTH BEND,,WDH4086,31,0,20,6,,90,A
367614030,2022-01-05T19:04:40,43.36978,-124.31009,7.5,220.0,511.0,NORTH BEND,,WDH4086,31,0,20,6,,90,A
367614030,2022-01-05T07:18:31,43.34654,-124.32054,0.1,324.1,511.0,NORTH BEND,,WDH4086,31,0,20,6,,90,A
367614030,2022-01-05T19:37:21,43.36766,-124.37053,6.5,307.3,511.0,NORTH BEND,,WDH4086,31,0,20,6,,90,A
367614030,2022-01-05T19:06:51,43.36658,-124.31457,7.7,223.5,511.0,NORTH BEND,,WDH4086,31,0,20,6,,90,A
367614030,2022-01-05T19:19:51,43.35587,-124.34293,8.1,296.7,511.0,NORTH BEND,,WDH4086,31,0,20,6,,90,A
367614030,2022-01-05T19:39:41,43.37109,-124.37667,7.8,309.0,511.0,NORTH BEND,,WDH4086,31,0,20,6,,90,A
367614030,2022-01-05T19:24:40,43.36155,-124.35633,9.3,314.0,511.0,NORTH BEND,,WDH4086,31,0,20,6,,90,A
367614030,2022-01-05T19:17:20,43.35347,-124.33648,7.4,290.4,511.0,NORTH BEND,,WDH4086,31,0,20,6,,90,A
367614030,2022-01-05T19:28:00,43.36480,-124.36088,0.9,322.9,511.0,NORTH BEND,,WDH4086,31,0,20,6,,90,A
367614030,2022-01-05T07:20:50,43.34658,-124.32055,0.1,329.2,511.0,NORTH BEND,,WDH4086,31,0,20,6,,90,A
367614030,2022-01-05T19:16:10,43.35309,-124.33327,7.8,259.8,511.0,NORTH BEND,,WDH4086,31,0,20,6,,90,A
367614030,2022-01-05T19:29:11,43.36503,-124.36094,1.5,7.8,511.0,NORTH BEND,,WDH4086,31,0,20,6,,90,A
367614030,2022-01-05T19:21:10,43.35707,-124.34651,7.7,295.3,511.0,NORTH BEND,,WDH4086,31,0,20,6,,90,A
367614030,2022-01-05T19:22:20,43.35829,-124.34960,8.7,300.3,511.0,NORTH BEND,,WDH4086,31,0,20,6,,90,A
367614030,2022-01-05T19:44:21,43.37792,-124.38781,8.4,307.0,511.0,NORTH BEND,,WDH4086,31,0,20,6,,90,A
367614030,2022-01-05T19:50:20,43.38665,-124.40289,8.5,306.8,511.0,NORTH BEND,,WDH4086,31,0,20,6,,90,A
367614030,2022-01-05T19:23:31,43.35990,-124.35288,9.3,311.9,511.0,NORTH BEND,,WDH4086,31,0,20,6,,90,A
367614030,2022-01-05T19:49:10,43.38491,-124.40005,8.8,304.8,511.0,NORTH BEND,,WDH4086,31,0,20,6,,90,A
367614030,2022-01-05T19:56:51,43.38448,-124.41028,4.6,131.9,511.0,NORTH BEND,,WDH4086,31,0,20,6,,90,A
367614030,2022-01-05T20:00:02,43.38168,-124.39980,9.7,126.4,511.0,NORTH BEND,,WDH4086,31,0,20,6,,90,A
367614030,2022-01-05T20:03:31,43.37551,-124.38933,10.5,120.7,511.0,NORTH BEND,,WDH4086,31,0,20,6,,90,A
367614030,2022-01-05T19:33:31,43.36649,-124.36182,1.5,284.8,511.0,NORTH BEND,,WDH4086,31,0,20,6,,90,A
367614030,2022-01-05T19:38:31,43.36923,-124.37341,9.4,305.7,511.0,NORTH BEND,,WDH4086,31,0,20,6,,90,A
367614030,2022-01-05T20:04:41,43.37380,-124.38532,10.4,109.2,511.0,NORTH BEND,,WDH4086,31,0,20,6,,90,A
367614030,2022-01-05T19:34:41,43.36586,-124.36414,7.7,251.2,511.0,NORTH BEND,,WDH4086,31,0,20,6,,90,A
367614030,2022-01-05T20:01:10,43.37908,-124.39718,9.8,140.9,511.0,NORTH BEND,,WDH4086,31,0,20,6,,90,A
367614030,2022-01-05T20:09:31,43.36616,-124.37173,8.3,115.8,511.0,NORTH BEND,,WDH4086,31,0,20,6,,90,A
367614030,2022-01-05T19:53:51,43.38761,-124.41118,5.2,216.4,511.0,NORTH BEND,,WDH4086,31,0,20,6,,90,A
367614030,2022-01-05T19:40:50,43.37254,-124.37907,6.9,314.1,511.0,NORTH BEND,,WDH4086,31,0,20,6,,90,A
367614030,2022-01-05T19:45:30,43.37952,-124.39057,9.1,300.9,511.0,NORTH BEND,,WDH4086,31,0,20,6,,90,A
367614030,2022-01-05T20:15:20,43.35880,-124.35134,11.4,121.2,511.0,NORTH BEND,,WDH4086,31,0,20,6,,90,A
367614030,2022-01-05T19:46:50,43.38167,-124.39389,9.3,301.1,511.0,NORTH BEND,,WDH4086,31,0,20,6,,90,A
367614030,2022-01-05T19:52:41,43.38919,-124.40862,4.8,231.9,511.0,NORTH BEND,,WDH4086,31,0,20,6,,90,A
367614030,2022-01-05T19:48:01,43.38339,-124.39688,7.8,316.2,511.0,NORTH BEND,,WDH4086,31,0,20,6,,90,A
367614030,2022-01-05T20:18:42,43.35414,-124.33817,12.2,113.5,511.0,NORTH BEND,,WDH4086,31,0,20,6,,90,A
367614030,2022-01-05T19:55:00,43.38647,-124.41194,3.9,179.4,511.0,NORTH BEND,,WDH4086,31,0,20,6,,90,A
367614030,2022-01-05T19:51:30,43.38856,-124.40607,8.8,299.6,511.0,NORTH BEND,,WDH4086,31,0,20,6,,90,A
367614030,2022-01-05T20:05:51,43.37196,-124.38176,10.0,123.8,511.0,NORTH BEND,,WDH4086,31,0,20,6,,90,A
367614030,2022-01-05T19:58:00,43.38384,-124.40703,10.2,109.9,511.0,NORTH BEND,,WDH4086,31,0,20,6,,90,A
367614030,2022-01-05T20:25:50,43.35502,-124.31922,4.1,144.3,511.0,NORTH BEND,,WDH4086,31,0,20,6,,90,A
367614030,2022-01-05T19:59:01,43.38335,-124.40317,9.9,117.8,511.0,NORTH BEND,,WDH4086,31,0,20,6,,90,A
367614030,2022-01-05T20:29:20,43.35063,-124.31886,6.8,186.0,511.0,NORTH BEND,,WDH4086,31,0,20,6,,90,A
367614030,2022-01-05T20:28:11,43.35230,-124.31854,4.7,194.3,511.0,NORTH BEND,,WDH4086,31,0,20,6,,90,A
367614030,2022-01-05T20:07:01,43.36972,-124.37883,10.0,150.2,511.0,NORTH BEND,,WDH4086,31,0,20,6,,90,A
367614030,2022-01-05T20:02:20,43.37688,-124.39385,10.7,120.8,511.0,NORTH BEND,,WDH4086,31,0,20,6,,90,A
367614030,2022-01-05T20:10:41,43.36468,-124.36778,9.9,122.4,511.0,NORTH BEND,,WDH4086,31,0,20,6,,90,A
367614030,2022-01-05T20:34:31,43.34654,-124.32053,0.0,165.6,511.0,NORTH BEND,,WDH4086,31,0,20,6,,90,A
367614030,2022-01-05T20:22:20,43.35321,-124.32565,6.4,68.2,511.0,NORTH BEND,,WDH4086,31,0,20,6,,90,A
367614030,2022-01-05T20:31:01,43.34782,-124.31973,4.5,201.4,511.0,NORTH BEND,,WDH4086,31,0,20,6,,90,A
367614030,2022-01-05T20:20:01,43.35258,-124.33318,10.1,103.5,511.0,NORTH BEND,,WDH4086,31,0,20,6,,90,A
367614030,2022-01-05T20:08:11,43.36773,-124.37593,8.7,123.4,511.0,NORTH BEND,,WDH4086,31,0,20,6,,90,A
367614030,2022-01-05T20:45:00,43.34657,-124.32056,0.0,209.5,511.0,NORTH BEND,,WDH4086,31,0,20,6,,90,A
367614030,2022-01-05T20:35:40,43.34656,-124.32051,0.0,129.4,511.0,NORTH BEND,,WDH4086,31,0,20,6,,90,A
367614030,2022-01-05T20:23:30,43.35416,-124.32315,6.0,55.2,511.0,NORTH BEND,,WDH4086,31,0,20,6,,90,A
367614030,2022-01-05T20:11:51,43.36325,-124.36372,10.9,108.9,511.0,NORTH BEND,,WDH4086,31,0,20,6,,90,A
367614030,2022-01-05T20:13:01,43.36178,-124.35945,11.9,120.2,511.0,NORTH BEND,,WDH4086,31,0,20,6,,90,A
367614030,2022-01-05T20:38:02,43.34656,-124.32055,0.1,117.8,511.0,NORTH BEND,,WDH4086,31,0,20,6,,90,A
367614030,2022-01-05T20:43:50,43.34655,-124.32053,0.0,192.9,511.0,NORTH BEND,,WDH4086,31,0,20,6,,90,A
367614030,2022-01-05T20:14:10,43.36030,-124.35552,11.6,116.8,511.0,NORTH BEND,,WDH4086,31,0,20,6,,90,A
367614030,2022-01-05T20:42:41,43.34655,-124.32054,0.1,177.6,511.0,NORTH BEND,,WDH4086,31,0,20,6,,90,A
367614030,2022-01-05T20:32:11,43.34668,-124.32043,2.8,208.6,511.0,NORTH BEND,,WDH4086,31,0,20,6,,90,A
367614030,2022-01-05T20:53:00,43.34654,-124.32053,0.0,201.7,511.0,NORTH BEND,,WDH4086,31,0,20,6,,90,A
367614030,2022-01-05T20:46:10,43.34655,-124.32056,0.0,208.1,511.0,NORTH BEND,,WDH4086,31,0,20,6,,90,A
367614030,2022-01-05T20:21:11,43.35267,-124.32868,8.8,81.0,511.0,NORTH BEND,,WDH4086,31,0,20,6,,90,A
367614030,2022-01-05T20:54:11,43.34658,-124.32053,0.1,215.9,511.0,NORTH BEND,,WDH4086,31,0,20,6,,90,A
367614030,2022-01-05T20:40:21,43.34655,-124.32055,0.1,147.5,511.0,NORTH BEND,,WDH4086,31,0,20,6,,90,A
367614030,2022-01-05T20:24:42,43.35533,-124.32091,6.0,59.6,511.0,NORTH BEND,,WDH4086,31,0,20,6,,90,A
367614030,2022-01-05T20:58:51,43.34656,-124.32053,0.0,235.9,511.0,NORTH BEND,,WDH4086,31,0,20,6,,90,A
367614030,2022-01-05T20:39:10,43.34654,-124.32054,0.1,136.8,511.0,NORTH BEND,,WDH4086,31,0,20,6,,90,A
367614030,2022-01-05T20:51:51,43.34654,-124.32055,0.0,211.8,511.0,NORTH BEND,,WDH4086,31,0,20,6,,90,A
367614030,2022-01-05T20:33:21,43.34656,-124.32054,0.2,201.8,511.0,NORTH BEND,,WDH4086,31,0,20,6,,90,A
367614030,2022-01-05T21:00:00,43.34655,-124.32055,0.1,266.4,511.0,NORTH BEND,,WDH4086,31,0,20,6,,90,A
367614030,2022-01-05T21:02:21,43.34654,-124.32055,0.1,295.2,511.0,NORTH BEND,,WDH4086,31,0,20,6,,90,A
367614030,2022-01-05T20:55:20,43.34656,-124.32052,0.0,227.4,511.0,NORTH BEND,,WDH4086,31,0,20,6,,90,A
367614030,2022-01-05T07:49:21,43.34656,-124.32056,0.1,204.9,511.0,NORTH BEND,,WDH4086,31,0,20,6,,90,A
367614030,2022-01-05T20:49:40,43.34652,-124.32056,0.1,213.2,511.0,NORTH BEND,,WDH4086,31,0,20,6,,90,A
367614030,2022-01-05T21:01:11,43.34652,-124.32056,0.1,272.1,511.0,NORTH BEND,,WDH4086,31,0,20,6,,90,A
367614030,2022-01-05T21:08:11,43.34653,-124.32053,0.1,309.3,511.0,NORTH BEND,,WDH4086,31,0,20,6,,90,A
367614030,2022-01-05T07:51:40,43.34657,-124.32054,0.0,202.8,511.0,NORTH BEND,,WDH4086,31,0,20,6,,90,A
367614030,2022-01-05T21:12:50,43.34656,-124.32052,0.1,313.3,511.0,NORTH BEND,,WDH4086,31,0,20,6,,90,A
367614030,2022-01-05T07:52:50,43.34655,-124.32054,0.0,204.8,511.0,NORTH BEND,,WDH4086,31,0,20,6,,90,A
367614030,2022-01-05T20:47:22,43.34653,-124.32055,0.0,199.8,511.0,NORTH BEND,,WDH4086,31,0,20,6,,90,A
367614030,2022-01-05T21:18:41,43.34654,-124.32055,0.1,342.1,511.0,NORTH BEND,,WDH4086,31,0,20,6,,90,A
367614030,2022-01-05T21:14:00,43.34654,-124.32055,0.1,332.4,511.0,NORTH BEND,,WDH4086,31,0,20,6,,90,A
367614030,2022-01-05T20:48:30,43.34654,-124.32056,0.1,226.3,511.0,NORTH BEND,,WDH4086,31,0,20,6,,90,A
367614030,2022-01-05T20:50:50,43.34656,-124.32052,0.1,212.5,511.0,NORTH BEND,,WDH4086,31,0,20,6,,90,A
367614030,2022-01-05T21:05:50,43.34655,-124.32053,0.0,317.5,511.0,NORTH BEND,,WDH4086,31,0,20,6,,90,A
367614030,2022-01-05T21:24:31,43.34652,-124.32057,0.1,307.7,511.0,NORTH BEND,,WDH4086,31,0,20,6,,90,A
367614030,2022-01-05T21:28:10,43.34651,-124.32056,0.0,280.2,511.0,NORTH BEND,,WDH4086,31,0,20,6,,90,A
367614030,2022-01-05T08:02:21,43.34655,-124.32053,0.0,161.8,511.0,NORTH BEND,,WDH4086,31,0,20,6,,90,A
367614030,2022-01-05T21:25:51,43.34653,-124.32056,0.1,296.6,511.0,NORTH BEND,,WDH4086,31,0,20,6,,90,A
367614030,2022-01-05T20:57:41,43.34655,-124.32054,0.1,226.9,511.0,NORTH BEND,,WDH4086,31,0,20,6,,90,A
367614030,2022-01-05T08:04:40,43.34654,-124.32052,0.1,173.4,511.0,NORTH BEND,,WDH4086,31,0,20,6,,90,A
367614030,2022-01-05T20:56:30,43.34657,-124.32053,0.1,229.5,511.0,NORTH BEND,,WDH4086,31,0,20,6,,90,A
367614030,2022-01-05T08:05:50,43.34655,-124.32052,0.1,180.0,511.0,NORTH BEND,,WDH4086,31,0,20,6,,90,A
367614030,2022-01-05T21:10:30,43.34659,-124.32050,0.1,296.0,511.0,NORTH BEND,,WDH4086,31,0,20,6,,90,A
367614030,2022-01-05T21:11:41,43.34658,-124.32049,0.1,305.5,511.0,NORTH BEND,,WDH4086,31,0,20,6,,90,A
367614030,2022-01-05T21:15:11,43.34654,-124.32054,0.1,334.8,511.0,NORTH BEND,,WDH4086,31,0,20,6,,90,A
367614030,2022-01-05T21:16:20,43.34655,-124.32052,0.1,348.3,511.0,NORTH BEND,,WDH4086,31,0,20,6,,90,A
367614030,2022-01-05T21:27:00,43.34653,-124.32056,0.1,290.4,511.0,NORTH BEND,,WDH4086,31,0,20,6,,90,A
367614030,2022-01-05T21:32:40,43.34652,-124.32054,0.1,302.6,511.0,NORTH BEND,,WDH4086,31,0,20,6,,90,A
367614030,2022-01-05T21:21:00,43.34654,-124.32056,0.1,341.4,511.0,NORTH BEND,,WDH4086,31,0,20,6,,90,A
367614030,2022-01-05T21:03:31,43.34653,-124.32056,0.1,314.1,511.0,NORTH BEND,,WDH4086,31,0,20,6,,90,A
367614030,2022-01-05T21:22:10,43.34651,-124.32058,0.1,333.8,511.0,NORTH BEND,,WDH4086,31,0,20,6,,90,A
367614030,2022-01-05T21:38:30,43.34653,-124.32056,0.0,336.0,511.0,NORTH BEND,,WDH4086,31,0,20,6,,90,A
367614030,2022-01-05T21:04:40,43.34653,-124.32055,0.1,328.7,511.0,NORTH BEND,,WDH4086,31,0,20,6,,90,A
367614030,2022-01-05T21:07:00,43.34654,-124.32052,0.0,315.5,511.0,NORTH BEND,,WDH4086,31,0,20,6,,90,A
367614030,2022-01-05T21:19:52,43.34655,-124.32054,0.1,345.9,511.0,NORTH BEND,,WDH4086,31,0,20,6,,90,A
367614030,2022-01-05T21:35:01,43.34652,-124.32056,0.1,317.2,511.0,NORTH BEND,,WDH4086,31,0,20,6,,90,A
367614030,2022-01-05T21:29:11,43.34651,-124.32057,0.1,284.0,511.0,NORTH BEND,,WDH4086,31,0,20,6,,90,A
367614030,2022-01-05T21:23:21,43.34651,-124.32058,0.1,323.3,511.0,NORTH BEND,,WDH4086,31,0,20,6,,90,A
367614030,2022-01-05T21:30:20,43.34651,-124.32055,0.1,263.2,511.0,NORTH BEND,,WDH4086,31,0,20,6,,90,A
367614030,2022-01-05T21:49:00,43.34655,-124.32053,0.0,352.3,511.0,NORTH BEND,,WDH4086,31,0,20,6,,90,A
367614030,2022-01-05T21:47:50,43.34653,-124.32054,0.0,348.3,511.0,NORTH BEND,,WDH4086,31,0,20,6,,90,A
367614030,2022-01-05T21:39:41,43.34653,-124.32055,0.0,344.4,511.0,NORTH BEND,,WDH4086,31,0,20,6,,90,A
367614030,2022-01-05T21:33:51,43.34651,-124.32056,0.1,310.8,511.0,NORTH BEND,,WDH4086,31,0,20,6,,90,A
367614030,2022-01-05T21:53:41,43.34654,-124.32053,0.1,349.7,511.0,NORTH BEND,,WDH4086,31,0,20,6,,90,A
367614030,2022-01-05T21:43:11,43.34655,-124.32054,0.1,351.9,511.0,NORTH BEND,,WDH4086,31,0,20,6,,90,A
367614030,2022-01-05T21:56:01,43.34655,-124.32053,0.2,357.7,511.0,NORTH BEND,,WDH4086,31,0,20,6,,90,A
367614030,2022-01-05T21:57:10,43.34655,-124.32053,0.0,356.5,511.0,NORTH BEND,,WDH4086,31,0,20,6,,90,A
367614030,2022-01-05T21:45:31,43.34654,-124.32053,0.1,350.3,511.0,NORTH BEND,,WDH4086,31,0,20,6,,90,A
367614030,2022-01-05T21:40:50,43.34654,-124.32055,0.0,345.1,511.0,NORTH BEND,,WDH4086,31,0,20,6,,90,A
367614030,2022-01-05T21:52:31,43.34655,-124.32053,0.1,349.0,511.0,NORTH BEND,,WDH4086,31,0,20,6,,90,A
367614030,2022-01-05T21:42:00,43.34654,-124.32054,0.1,342.0,511.0,NORTH BEND,,WDH4086,31,0,20,6,,90,A
367614030,2022-01-05T21:31:30,43.34652,-124.32054,0.0,275.2,511.0,NORTH BEND,,WDH4086,31,0,20,6,,90,A
367614030,2022-01-05T08:14:10,43.34656,-124.32053,0.1,234.6,511.0,NORTH BEND,,WDH4086,31,0,20,6,,90,A
367614030,2022-01-05T21:54:50,43.34656,-124.32053,0.1,352.7,511.0,NORTH BEND,,WDH4086,31,0,20,6,,90,A
367614030,2022-01-05T22:08:10,43.34651,-124.32056,0.1,355.7,511.0,NORTH BEND,,WDH4086,31,0,20,6,,90,A
367614030,2022-01-05T21:51:20,43.34652,-124.32053,0.1,356.3,511.0,NORTH BEND,,WDH4086,31,0,20,6,,90,A
367614030,2022-01-05T22:02:10,43.34654,-124.32052,0.1,340.9,511.0,NORTH BEND,,WDH4086,31,0,20,6,,90,A
367614030,2022-01-05T21:36:10,43.34653,-124.32056,0.1,336.1,511.0,NORTH BEND,,WDH4086,31,0,20,6,,90,A
367614030,2022-01-05T22:04:31,43.34656,-124.32053,0.1,335.3,511.0,NORTH BEND,,WDH4086,31,0,20,6,,90,A
367614030,2022-01-05T22:00:00,43.34655,-124.32052,0.0,349.3,511.0,NORTH BEND,,WDH4086,31,0,20,6,,90,A
367614030,2022-01-05T22:01:01,43.34654,-124.32052,0.1,346.0,511.0,NORTH BEND,,WDH4086,31,0,20,6,,90,A
367614030,2022-01-05T22:05:51,43.34654,-124.32052,0.1,339.9,511.0,NORTH BEND,,WDH4086,31,0,20,6,,90,A
367614030,2022-01-05T21:50:11,43.34654,-124.32054,0.1,348.1,511.0,NORTH BEND,,WDH4086,31,0,20,6,,90,A
367614030,2022-01-05T21:44:21,43.34654,-124.32055,0.1,348.3,511.0,NORTH BEND,,WDH4086,31,0,20,6,,90,A
367614030,2022-01-05T22:18:41,43.34651,-124.32055,0.1,356.0,511.0,NORTH BEND,,WDH4086,31,0,20,6,,90,A
367614030,2022-01-05T21:46:41,43.34652,-124.32054,0.1,349.4,511.0,NORTH BEND,,WDH4086,31,0,20,6,,90,A
367614030,2022-01-05T22:03:20,43.34656,-124.32052,0.1,338.7,511.0,NORTH BEND,,WDH4086,31,0,20,6,,90,A
367614030,2022-01-05T22:07:01,43.34654,-124.32054,0.0,340.5,511.0,NORTH BEND,,WDH4086,31,0,20,6,,90,A
367614030,2022-01-05T22:24:41,43.34653,-124.32054,0.0,9.2,511.0,NORTH BEND,,WDH4086,31,0,20,6,,90,A
367614030,2022-01-05T21:58:21,43.34655,-124.32052,0.1,3.9,511.0,NORTH BEND,,WDH4086,31,0,20,6,,90,A
367614030,2022-01-05T22:27:00,43.34653,-124.32055,0.1,17.4,511.0,NORTH BEND,,WDH4086,31,0,20,6,,90,A
367614030,2022-01-05T22:21:00,43.34656,-124.32054,0.1,345.6,511.0,NORTH BEND,,WDH4086,31,0,20,6,,90,A
367614030,2022-01-05T22:22:11,43.34655,-124.32054,0.1,4.9,511.0,NORTH BEND,,WDH4086,31,0,20,6,,90,A
367614030,2022-01-05T22:33:10,43.34655,-124.32056,0.0,16.8,511.0,NORTH BEND,,WDH4086,31,0,20,6,,90,A
367614030,2022-01-05T21:59:31,43.34656,-124.32052,0.0,352.5,511.0,NORTH BEND,,WDH4086,31,0,20,6,,90,A
367614030,2022-01-05T22:17:31,43.34651,-124.32054,0.1,3.6,511.0,NORTH BEND,,WDH4086,31,0,20,6,,90,A
367614030,2022-01-05T22:25:52,43.34654,-124.32053,0.1,4.2,511.0,NORTH BEND,,WDH4086,31,0,20,6,,90,A
367614030,2022-01-05T22:36:40,43.34654,-124.32053,0.1,24.3,511.0,NORTH BEND,,WDH4086,31,0,20,6,,90,A
367614030,2022-01-05T08:26:40,43.34656,-124.32052,0.1,265.8,511.0,NORTH BEND,,WDH4086,31,0,20,6,,90,A
367614030,2022-01-05T22:10:30,43.34654,-124.32053,0.0,8.9,511.0,NORTH BEND,,WDH4086,31,0,20,6,,90,A
367614030,2022-01-05T22:40:11,43.34653,-124.32053,0.0,22.3,511.0,NORTH BEND,,WDH4086,31,0,20,6,,90,A
367614030,2022-01-05T22:19:51,43.34653,-124.32055,0.0,348.2,511.0,NORTH BEND,,WDH4086,31,0,20,6,,90,A
367614030,2022-01-05T22:23:30,43.34654,-124.32054,0.0,18.8,511.0,NORTH BEND,,WDH4086,31,0,20,6,,90,A
367614030,2022-01-05T22:41:30,43.34653,-124.32054,0.0,39.9,511.0,NORTH BEND,,WDH4086,31,0,20,6,,90,A
367614030,2022-01-05T22:42:41,43.34654,-124.32053,0.0,26.6,511.0,NORTH BEND,,WDH4086,31,0,20,6,,90,A
367614030,2022-01-05T22:14:00,43.34652,-124.32051,0.0,7.4,511.0,NORTH BEND,,WDH4086,31,0,20,6,,90,A
367614030,2022-01-05T22:09:21,43.34653,-124.32055,0.0,355.4,511.0,NORTH BEND,,WDH4086,31,0,20,6,,90,A
367614030,2022-01-05T22:35:30,43.34654,-124.32055,0.1,27.7,511.0,NORTH BEND,,WDH4086,31,0,20,6,,90,A
367614030,2022-01-05T22:46:10,43.34653,-124.32053,0.0,7.2,511.0,NORTH BEND,,WDH4086,31,0,20,6,,90,A
367614030,2022-01-05T22:37:51,43.34654,-124.32053,0.1,23.6,511.0,NORTH BEND,,WDH4086,31,0,20,6,,90,A
367614030,2022-01-05T22:31:50,43.34656,-124.32055,0.0,16.0,511.0,NORTH BEND,,WDH4086,31,0,20,6,,90,A
367614030,2022-01-05T22:48:30,43.34653,-124.32054,0.1,1.5,511.0,NORTH BEND,,WDH4086,31,0,20,6,,90,A
367614030,2022-01-05T08:33:00,43.34652,-124.32053,0.0,254.2,511.0,NORTH BEND,,WDH4086,31,0,20,6,,90,A
367614030,2022-01-05T22:15:11,43.34652,-124.32053,0.0,3.4,511.0,NORTH BEND,,WDH4086,31,0,20,6,,90,A
367614030,2022-01-05T22:34:21,43.34656,-124.32054,0.0,22.1,511.0,NORTH BEND,,WDH4086,31,0,20,6,,90,A
367614030,2022-01-05T22:28:11,43.34654,-124.32054,0.0,6.4,511.0,NORTH BEND,,WDH4086,31,0,20,6,,90,A
367614030,2022-01-05T22:58:50,43.34652,-124.32052,0.0,26.1,511.0,NORTH BEND,,WDH4086,31,0,20,6,,90,A
367614030,2022-01-05T22:50:50,43.34653,-124.32052,0.0,15.1,511.0,NORTH BEND,,WDH4086,31,0,20,6,,90,A
367614030,2022-01-05T22:43:52,43.34654,-124.32053,0.0,21.6,511.0,NORTH BEND,,WDH4086,31,0,20,6,,90,A
367614030,2022-01-05T23:01:11,43.34652,-124.32052,0.1,23.1,511.0,NORTH BEND,,WDH4086,31,0,20,6,,90,A
367614030,2022-01-05T23:02:20,43.34653,-124.32052,0.0,30.8,511.0,NORTH BEND,,WDH4086,31,0,20,6,,90,A
367614030,2022-01-05T23:00:01,43.34651,-124.32051,0.0,29.4,511.0,NORTH BEND,,WDH4086,31,0,20,6,,90,A
367614030,2022-01-05T23:09:20,43.34655,-124.32052,0.0,358.7,511.0,NORTH BEND,,WDH4086,31,0,20,6,,90,A
367614030,2022-01-05T08:40:01,43.34655,-124.32053,0.1,228.9,511.0,NORTH BEND,,WDH4086,31,0,20,6,,90,A
367614030,2022-01-05T22:55:21,43.34654,-124.32051,0.0,19.2,511.0,NORTH BEND,,WDH4086,31,0,20,6,,90,A
367614030,2022-01-05T22:52:00,43.34653,-124.32053,0.0,14.9,511.0,NORTH BEND,,WDH4086,31,0,20,6,,90,A
367614030,2022-01-05T23:11:41,43.34654,-124.32052,0.0,0.1,511.0,NORTH BEND,,WDH4086,31,0,20,6,,90,A
367614030,2022-01-05T22:53:12,43.34652,-124.32055,0.0,12.8,511.0,NORTH BEND,,WDH4086,31,0,20,6,,90,A
367614030,2022-01-05T23:10:30,43.34655,-124.32053,0.1,357.8,511.0,NORTH BEND,,WDH4086,31,0,20,6,,90,A
367614030,2022-01-05T22:56:30,43.34649,-124.32057,0.0,19.6,511.0,NORTH BEND,,WDH4086,31,0,20,6,,90,A
367614030,2022-01-05T23:15:11,43.34655,-124.32052,0.1,353.5,511.0,NORTH BEND,,WDH4086,31,0,20,6,,90,A
367614030,2022-01-05T22:45:01,43.34654,-124.32054,0.1,13.4,511.0,NORTH BEND,,WDH4086,31,0,20,6,,90,A
367614030,2022-01-05T23:16:20,43.34656,-124.32053,0.1,345.7,511.0,NORTH BEND,,WDH4086,31,0,20,6,,90,A
367614030,2022-01-05T23:04:50,43.34654,-124.32050,0.1,29.5,511.0,NORTH BEND,,WDH4086,31,0,20,6,,90,A
367614030,2022-01-05T23:21:01,43.34655,-124.32054,0.0,297.1,511.0,NORTH BEND,,WDH4086,31,0,20,6,,90,A
367614030,2022-01-05T23:25:40,43.34652,-124.32055,0.1,219.7,511.0,NORTH BEND,,WDH4086,31,0,20,6,,90,A
367614030,2022-01-05T23:26:50,43.34653,-124.32053,0.1,202.5,511.0,NORTH BEND,,WDH4086,31,0,20,6,,90,A
367614030,2022-01-05T23:24:31,43.34654,-124.32054,0.0,228.2,511.0,NORTH BEND,,WDH4086,31,0,20,6,,90,A
367614030,2022-01-05T23:28:02,43.34654,-124.32053,0.0,204.9,511.0,NORTH BEND,,WDH4086,31,0,20,6,,90,A
367614030,2022-01-05T23:07:01,43.34656,-124.32052,0.1,359.7,511.0,NORTH BEND,,WDH4086,31,0,20,6,,90,A
367614030,2022-01-05T22:57:41,43.34654,-124.32053,0.0,20.7,511.0,NORTH BEND,,WDH4086,31,0,20,6,,90,A
367614030,2022-01-05T23:14:01,43.34654,-124.32053,0.0,347.5,511.0,NORTH BEND,,WDH4086,31,0,20,6,,90,A
367614030,2022-01-05T23:12:51,43.34655,-124.32052,0.0,0.0,511.0,NORTH BEND,,WDH4086,31,0,20,6,,90,A
367614030,2022-01-05T08:54:01,43.34654,-124.32054,0.1,238.8,511.0,NORTH BEND,,WDH4086,31,0,20,6,,90,A
367614030,2022-01-05T23:03:30,43.34653,-124.32052,0.0,30.3,511.0,NORTH BEND,,WDH4086,31,0,20,6,,90,A
367614030,2022-01-05T23:36:30,43.34654,-124.32056,0.0,197.5,511.0,NORTH BEND,,WDH4086,31,0,20,6,,90,A
367614030,2022-01-05T23:19:50,43.34656,-124.32052,0.0,316.8,511.0,NORTH BEND,,WDH4086,31,0,20,6,,90,A
367614030,2022-01-05T23:23:22,43.34655,-124.32055,0.0,247.1,511.0,NORTH BEND,,WDH4086,31,0,20,6,,90,A
367614030,2022-01-05T23:22:12,43.34656,-124.32053,0.0,262.1,511.0,NORTH BEND,,WDH4086,31,0,20,6,,90,A
367614030,2022-01-05T23:52:40,43.34654,-124.32049,0.1,219.7,511.0,NORTH BEND,,WDH4086,31,0,20,6,,90,A
367614030,2022-01-05T08:58:40,43.34654,-124.32053,0.0,242.8,511.0,NORTH BEND,,WDH4086,31,0,20,6,,90,A
367614030,2022-01-05T23:32:40,43.34655,-124.32055,0.0,195.6,511.0,NORTH BEND,,WDH4086,31,0,20,6,,90,A
367614030,2022-01-05T23:48:10,43.34657,-124.32049,0.0,218.8,511.0,NORTH BEND,,WDH4086,31,0,20,6,,90,A
367614030,2022-01-05T08:59:51,43.34653,-124.32053,0.1,242.2,511.0,NORTH BEND,,WDH4086,31,0,20,6,,90,A
367614030,2022-01-05T23:34:11,43.34652,-124.32055,0.0,191.9,511.0,NORTH BEND,,WDH4086,31,0,20,6,,90,A
367614030,2022-01-05T23:50:31,43.34656,-124.32048,0.0,220.0,511.0,NORTH BEND,,WDH4086,31,0,20,6,,90,A
367614030,2022-01-05T23:51:32,43.34650,-124.32051,0.0,220.9,511.0,NORTH BEND,,WDH4086,31,0,20,6,,90,A
367614030,2022-01-05T23:59:41,43.34656,-124.32051,0.0,231.4,511.0,NORTH BEND,,WDH4086,31,0,20,6,,90,A
367614030,2022-01-05T23:55:00,43.34652,-124.32051,0.1,217.8,511.0,NORTH BEND,,WDH4086,31,0,20,6,,90,A
367614030,2022-01-05T23:38:51,43.34654,-124.32053,0.0,196.7,511.0,NORTH BEND,,WDH4086,31,0,20,6,,90,A
367614030,2022-01-05T23:41:10,43.34655,-124.32054,0.0,210.1,511.0,NORTH BEND,,WDH4086,31,0,20,6,,90,A
367614030,2022-01-05T23:42:21,43.34653,-124.32053,0.0,216.0,511.0,NORTH BEND,,WDH4086,31,0,20,6,,90,A
367614030,2022-01-05T23:44:41,43.34655,-124.32053,0.1,217.6,511.0,NORTH BEND,,WDH4086,31,0,20,6,,90,A
367614030,2022-01-05T23:43:30,43.34655,-124.32052,0.1,212.1,511.0,NORTH BEND,,WDH4086,31,0,20,6,,90,A
367614030,2022-01-05T23:49:21,43.34656,-124.32049,0.1,221.3,511.0,NORTH BEND,,WDH4086,31,0,20,6,,90,A
367614030,2022-01-05T23:53:50,43.34653,-124.32049,0.0,215.0,511.0,NORTH BEND,,WDH4086,31,0,20,6,,90,A
367614030,2022-01-05T23:57:20,43.34654,-124.32053,0.1,224.1,511.0,NORTH BEND,,WDH4086,31,0,20,6,,90,A
367614030,2022-01-05T23:58:31,43.34654,-124.32052,0.0,232.2,511.0,NORTH BEND,,WDH4086,31,0,20,6,,90,A
367614030,2022-01-05T23:45:50,43.34656,-124.32049,0.1,219.2,511.0,NORTH BEND,,WDH4086,31,0,20,6,,90,A
367614030,2022-01-05T23:47:00,43.34652,-124.32050,0.0,218.5,511.0,NORTH BEND,,WDH4086,31,0,20,6,,90,A
367614030,2022-01-05T09:31:50,43.34656,-124.32057,0.1,295.3,511.0,NORTH BEND,,WDH4086,31,0,20,6,,90,A
367614030,2022-01-05T09:36:31,43.34655,-124.32054,0.0,296.5,511.0,NORTH BEND,,WDH4086,31,0,20,6,,90,A
367614030,2022-01-05T09:41:10,43.34654,-124.32056,0.1,298.5,511.0,NORTH BEND,,WDH4086,31,0,20,6,,90,A
367614030,2022-01-05T09:51:50,43.34657,-124.32057,0.0,292.3,511.0,NORTH BEND,,WDH4086,31,0,20,6,,90,A
367614030,2022-01-05T09:55:31,43.34657,-124.32055,0.1,298.9,511.0,NORTH BEND,,WDH4086,31,0,20,6,,90,A
367614030,2022-01-05T09:59:01,43.34656,-124.32053,0.0,310.6,511.0,NORTH BEND,,WDH4086,31,0,20,6,,90,A
367614030,2022-01-05T10:14:10,43.34653,-124.32054,0.0,330.3,511.0,NORTH BEND,,WDH4086,31,0,20,6,,90,A
367614030,2022-01-05T10:22:31,43.34655,-124.32054,0.1,319.1,511.0,NORTH BEND,,WDH4086,31,0,20,6,,90,A
367614030,2022-01-05T10:24:51,43.34656,-124.32052,0.0,322.4,511.0,NORTH BEND,,WDH4086,31,0,20,6,,90,A
367614030,2022-01-05T10:27:11,43.34660,-124.32053,0.1,320.0,511.0,NORTH BEND,,WDH4086,31,0,20,6,,90,A
367614030,2022-01-05T10:32:10,43.34656,-124.32053,0.1,324.1,511.0,NORTH BEND,,WDH4086,31,0,20,6,,90,A
367614030,2022-01-05T10:39:11,43.34656,-124.32053,0.0,321.8,511.0,NORTH BEND,,WDH4086,31,0,20,6,,90,A
367614030,2022-01-05T10:51:00,43.34655,-124.32052,0.0,292.7,511.0,NORTH BEND,,WDH4086,31,0,20,6,,90,A
367614030,2022-01-05T10:56:41,43.34660,-124.32047,0.0,309.2,511.0,NORTH BEND,,WDH4086,31,0,20,6,,90,A
367614030,2022-01-05T11:02:11,43.34655,-124.32049,0.0,270.2,511.0,NORTH BEND,,WDH4086,31,0,20,6,,90,A
367614030,2022-01-05T11:22:00,43.34656,-124.32052,0.1,281.2,511.0,NORTH BEND,,WDH4086,31,0,20,6,,90,A
367614030,2022-01-05T11:23:11,43.34656,-124.32054,0.0,276.2,511.0,NORTH BEND,,WDH4086,31,0,20,6,,90,A
367614030,2022-01-05T11:28:50,43.34655,-124.32053,0.1,275.5,511.0,NORTH BEND,,WDH4086,31,0,20,6,,90,A
367614030,2022-01-05T11:30:01,43.34653,-124.32052,0.0,267.0,511.0,NORTH BEND,,WDH4086,31,0,20,6,,90,A
367614030,2022-01-05T11:34:40,43.34654,-124.32051,0.0,247.5,511.0,NORTH BEND,,WDH4086,31,0,20,6,,90,A
367614030,2022-01-05T11:35:41,43.34653,-124.32051,0.1,242.1,511.0,NORTH BEND,,WDH4086,31,0,20,6,,90,A
367614030,2022-01-05T11:55:30,43.34654,-124.32050,0.0,274.7,511.0,NORTH BEND,,WDH4086,31,0,20,6,,90,A
367614030,2022-01-05T12:09:21,43.34655,-124.32052,0.0,242.6,511.0,NORTH BEND,,WDH4086,31,0,20,6,,90,A
367614030,2022-01-05T12:34:10,43.34655,-124.32052,0.0,276.7,511.0,NORTH BEND,,WDH4086,31,0,20,6,,90,A
367614030,2022-01-05T12:52:50,43.34654,-124.32054,0.1,294.7,511.0,NORTH BEND,,WDH4086,31,0,20,6,,90,A
367614030,2022-01-05T12:54:01,43.34656,-124.32053,0.0,300.3,511.0,NORTH BEND,,WDH4086,31,0,20,6,,90,A
367614030,2022-01-05T13:01:10,43.34657,-124.32051,0.0,298.2,511.0,NORTH BEND,,WDH4086,31,0,20,6,,90,A
367614030,2022-01-05T13:04:41,43.34658,-124.32053,0.0,312.4,511.0,NORTH BEND,,WDH4086,31,0,20,6,,90,A
367614030,2022-01-05T13:16:21,43.34656,-124.32053,0.1,279.1,511.0,NORTH BEND,,WDH4086,31,0,20,6,,90,A
367614030,2022-01-05T13:48:49,43.34657,-124.32051,0.0,238.0,511.0,NORTH BEND,,WDH4086,31,0,20,6,,90,A
367614030,2022-01-05T13:55:31,43.34655,-124.32053,0.0,245.2,511.0,NORTH BEND,,WDH4086,31,0,20,6,,90,A
367614030,2022-01-05T14:01:21,43.34656,-124.32056,0.0,266.0,511.0,NORTH BEND,,WDH4086,31,0,20,6,,90,A
367614030,2022-01-05T14:03:51,43.34658,-124.32055,0.0,270.6,511.0,NORTH BEND,,WDH4086,31,0,20,6,,90,A
367614030,2022-01-05T14:19:00,43.34656,-124.32054,0.0,323.2,511.0,NORTH BEND,,WDH4086,31,0,20,6,,90,A
367614030,2022-01-05T14:39:41,43.34653,-124.32054,0.0,287.7,511.0,NORTH BEND,,WDH4086,31,0,20,6,,90,A
367614030,2022-01-05T14:53:40,43.34660,-124.32048,0.0,316.0,511.0,NORTH BEND,,WDH4086,31,0,20,6,,90,A
367614030,2022-01-05T14:54:50,43.34654,-124.32051,0.0,307.2,511.0,NORTH BEND,,WDH4086,31,0,20,6,,90,A
367614030,2022-01-05T14:56:00,43.34658,-124.32052,0.0,302.3,511.0,NORTH BEND,,WDH4086,31,0,20,6,,90,A
367614030,2022-01-05T14:58:20,43.34653,-124.32052,0.0,298.6,511.0,NORTH BEND,,WDH4086,31,0,20,6,,90,A
367614030,2022-01-05T15:05:50,43.34656,-124.32052,0.0,305.0,511.0,NORTH BEND,,WDH4086,31,0,20,6,,90,A
367614030,2022-01-05T15:31:51,43.34654,-124.32053,0.0,285.9,511.0,NORTH BEND,,WDH4086,31,0,20,6,,90,A
367614030,2022-01-05T15:45:51,43.34657,-124.32053,0.0,258.0,511.0,NORTH BEND,,WDH4086,31,0,20,6,,90,A
367614030,2022-01-05T16:03:40,43.34656,-124.32052,0.0,215.5,511.0,NORTH BEND,,WDH4086,31,0,20,6,,90,A
367614030,2022-01-05T16:08:21,43.34657,-124.32053,0.0,220.9,511.0,NORTH BEND,,WDH4086,31,0,20,6,,90,A
367614030,2022-01-05T16:13:00,43.34659,-124.32053,0.0,216.7,511.0,NORTH BEND,,WDH4086,31,0,20,6,,90,A
367614030,2022-01-05T16:25:51,43.34656,-124.32052,0.0,196.5,511.0,NORTH BEND,,WDH4086,31,0,20,6,,90,A
367614030,2022-01-05T16:55:20,43.34653,-124.32054,0.0,305.1,511.0,NORTH BEND,,WDH4086,31,0,20,6,,90,A
367614030,2022-01-05T17:03:30,43.34656,-124.32055,0.1,330.3,511.0,NORTH BEND,,WDH4086,31,0,20,6,,90,A
367614030,2022-01-05T17:05:51,43.34655,-124.32055,0.0,349.5,511.0,NORTH BEND,,WDH4086,31,0,20,6,,90,A
367614030,2022-01-05T17:13:40,43.34654,-124.32054,0.0,354.6,511.0,NORTH BEND,,WDH4086,31,0,20,6,,90,A
367614030,2022-01-05T17:16:00,43.34655,-124.32053,0.0,357.6,511.0,NORTH BEND,,WDH4086,31,0,20,6,,90,A
367614030,2022-01-05T17:24:11,43.34656,-124.32053,0.0,339.0,511.0,NORTH BEND,,WDH4086,31,0,20,6,,90,A
367614030,2022-01-05T17:40:01,43.36906,-124.31027,9.9,48.4,511.0,NORTH BEND,,WDH4086,31,0,20,6,,90,A
367614030,2022-01-05T17:57:30,43.41214,-124.27717,11.0,10.5,511.0,NORTH BEND,,WDH4086,31,0,20,6,,90,A
367614030,2022-01-05T17:58:41,43.41551,-124.27508,11.3,29.4,511.0,NORTH BEND,,WDH4086,31,0,20,6,,90,A
367614030,2022-01-05T18:09:11,43.42447,-124.25314,1.7,285.5,511.0,NORTH BEND,,WDH4086,31,0,20,6,,90,A
367614030,2022-01-05T18:13:51,43.42435,-124.25371,1.1,70.9,511.0,NORTH BEND,,WDH4086,31,0,20,6,,90,A
367614030,2022-01-05T18:23:10,43.42043,-124.27067,5.6,221.9,511.0,NORTH BEND,,WDH4086,31,0,20,6,,90,A
367614030,2022-01-05T18:35:11,43.40687,-124.27813,3.5,191.3,511.0,NORTH BEND,,WDH4086,31,0,20,6,,90,A
367614030,2022-01-05T18:46:51,43.39841,-124.28147,6.7,204.7,511.0,NORTH BEND,,WDH4086,31,0,20,6,,90,A
367614030,2022-01-05T18:50:20,43.39235,-124.28512,8.2,200.7,511.0,NORTH BEND,,WDH4086,31,0,20,6,,90,A
367614030,2022-01-05T18:58:21,43.37818,-124.29913,5.7,221.6,511.0,NORTH BEND,,WDH4086,31,0,20,6,,90,A
367614030,2022-01-05T19:10:20,43.35985,-124.31991,8.1,204.1,511.0,NORTH BEND,,WDH4086,31,0,20,6,,90,A
367614030,2022-01-05T19:12:40,43.35558,-124.32413,8.5,222.6,511.0,NORTH BEND,,WDH4086,31,0,20,6,,90,A
367614030,2022-01-05T19:42:00,43.37408,-124.38248,10.3,323.2,511.0,NORTH BEND,,WDH4086,31,0,20,6,,90,A
367614030,2022-01-05T19:43:11,43.37607,-124.38572,10.2,322.7,511.0,NORTH BEND,,WDH4086,31,0,20,6,,90,A
367614030,2022-01-05T20:16:31,43.35722,-124.34690,11.4,113.9,511.0,NORTH BEND,,WDH4086,31,0,20,6,,90,A
367614030,2022-01-05T20:17:41,43.35557,-124.34227,11.2,118.5,511.0,NORTH BEND,,WDH4086,31,0,20,6,,90,A
367614030,2022-01-05T20:27:01,43.35380,-124.31846,4.2,174.2,511.0,NORTH BEND,,WDH4086,31,0,20,6,,90,A
367614030,2022-01-05T20:36:51,43.34656,-124.32051,0.0,106.2,511.0,NORTH BEND,,WDH4086,31,0,20,6,,90,A
367614030,2022-01-05T20:41:31,43.34655,-124.32055,0.1,153.1,511.0,NORTH BEND,,WDH4086,31,0,20,6,,90,A
367614030,2022-01-05T21:09:20,43.34655,-124.32053,0.1,305.2,511.0,NORTH BEND,,WDH4086,31,0,20,6,,90,A
367614030,2022-01-05T21:17:31,43.34655,-124.32053,0.0,350.1,511.0,NORTH BEND,,WDH4086,31,0,20,6,,90,A
367614030,2022-01-05T21:37:20,43.34653,-124.32056,0.0,335.4,511.0,NORTH BEND,,WDH4086,31,0,20,6,,90,A
367614030,2022-01-05T22:11:41,43.34653,-124.32055,0.0,13.6,511.0,NORTH BEND,,WDH4086,31,0,20,6,,90,A
367614030,2022-01-05T22:12:51,43.34653,-124.32055,0.0,11.8,511.0,NORTH BEND,,WDH4086,31,0,20,6,,90,A
367614030,2022-01-05T22:16:20,43.34651,-124.32052,0.1,7.8,511.0,NORTH BEND,,WDH4086,31,0,20,6,,90,A
367614030,2022-01-05T22:29:20,43.34655,-124.32053,0.1,14.3,511.0,NORTH BEND,,WDH4086,31,0,20,6,,90,A
367614030,2022-01-05T22:39:01,43.34653,-124.32052,0.0,24.9,511.0,NORTH BEND,,WDH4086,31,0,20,6,,90,A
367614030,2022-01-05T22:47:20,43.34654,-124.32054,0.0,2.9,511.0,NORTH BEND,,WDH4086,31,0,20,6,,90,A
367614030,2022-01-05T22:49:42,43.34652,-124.32052,0.1,8.1,511.0,NORTH BEND,,WDH4086,31,0,20,6,,90,A
367614030,2022-01-05T22:54:20,43.34652,-124.32053,0.1,11.9,511.0,NORTH BEND,,WDH4086,31,0,20,6,,90,A
367614030,2022-01-05T23:05:51,43.34654,-124.32054,0.0,12.2,511.0,NORTH BEND,,WDH4086,31,0,20,6,,90,A
367614030,2022-01-05T23:08:10,43.34655,-124.32053,0.0,359.2,511.0,NORTH BEND,,WDH4086,31,0,20,6,,90,A
367614030,2022-01-05T23:17:30,43.34656,-124.32052,0.0,328.6,511.0,NORTH BEND,,WDH4086,31,0,20,6,,90,A
367614030,2022-01-05T23:18:40,43.34656,-124.32052,0.0,323.0,511.0,NORTH BEND,,WDH4086,31,0,20,6,,90,A
367614030,2022-01-05T23:29:10,43.34654,-124.32055,0.0,198.5,511.0,NORTH BEND,,WDH4086,31,0,20,6,,90,A
367614030,2022-01-05T23:35:21,43.34655,-124.32053,0.0,193.9,511.0,NORTH BEND,,WDH4086,31,0,20,6,,90,A
367614030,2022-01-05T23:37:41,43.34654,-124.32053,0.0,192.2,511.0,NORTH BEND,,WDH4086,31,0,20,6,,90,A
367614030,2022-01-05T23:40:00,43.34654,-124.32054,0.0,205.1,511.0,NORTH BEND,,WDH4086,31,0,20,6,,90,A
367614030,2022-01-05T23:56:10,43.34656,-124.32051,0.1,222.2,511.0,NORTH BEND,,WDH4086,31,0,20,6,,90,A
367614030,2022-01-06T00:00:00,43.34656,-124.32051,0.0,232.1,511.0,NORTH BEND,,WDH4086,31,0,20,6,,90,A
367614030,2022-01-06T00:01:10,43.34656,-124.32051,0.0,233.1,511.0,NORTH BEND,,WDH4086,31,0,20,6,,90,A
367614030,2022-01-06T00:02:20,43.34655,-124.32052,0.0,237.1,511.0,NORTH BEND,,WDH4086,31,0,20,6,,90,A
367614030,2022-01-06T00:03:30,43.34654,-124.32051,0.1,237.4,511.0,NORTH BEND,,WDH4086,31,0,20,6,,90,A
367614030,2022-01-06T00:05:51,43.34654,-124.32051,0.0,236.8,511.0,NORTH BEND,,WDH4086,31,0,20,6,,90,A
367614030,2022-01-06T00:04:50,43.34654,-124.32052,0.1,234.8,511.0,NORTH BEND,,WDH4086,31,0,20,6,,90,A
367614030,2022-01-06T00:07:00,43.34654,-124.32052,0.0,233.2,511.0,NORTH BEND,,WDH4086,31,0,20,6,,90,A
367614030,2022-01-06T00:08:10,43.34653,-124.32050,0.0,230.3,511.0,NORTH BEND,,WDH4086,31,0,20,6,,90,A
367614030,2022-01-06T00:09:20,43.34654,-124.32052,0.0,232.4,511.0,NORTH BEND,,WDH4086,31,0,20,6,,90,A
367614030,2022-01-06T00:11:51,43.34655,-124.32050,0.0,223.4,511.0,NORTH BEND,,WDH4086,31,0,20,6,,90,A
367614030,2022-01-06T00:10:40,43.34654,-124.32051,0.0,230.3,511.0,NORTH BEND,,WDH4086,31,0,20,6,,90,A
367614030,2022-01-06T00:14:10,43.34654,-124.32054,0.0,222.8,511.0,NORTH BEND,,WDH4086,31,0,20,6,,90,A
367614030,2022-01-06T00:13:00,43.34652,-124.32053,0.0,222.9,511.0,NORTH BEND,,WDH4086,31,0,20,6,,90,A
367614030,2022-01-06T00:16:31,43.34654,-124.32054,0.0,222.6,511.0,NORTH BEND,,WDH4086,31,0,20,6,,90,A
367614030,2022-01-06T00:18:51,43.34652,-124.32053,0.1,224.1,511.0,NORTH BEND,,WDH4086,31,0,20,6,,90,A
367614030,2022-01-06T00:20:01,43.34654,-124.32053,0.0,223.0,511.0,NORTH BEND,,WDH4086,31,0,20,6,,90,A
367614030,2022-01-06T00:15:21,43.34653,-124.32056,0.0,217.0,511.0,NORTH BEND,,WDH4086,31,0,20,6,,90,A
367614030,2022-01-06T00:21:10,43.34656,-124.32052,0.0,222.8,511.0,NORTH BEND,,WDH4086,31,0,20,6,,90,A
367614030,2022-01-06T00:17:41,43.34651,-124.32057,0.0,221.9,511.0,NORTH BEND,,WDH4086,31,0,20,6,,90,A
367614030,2022-01-06T00:27:01,43.34655,-124.32053,0.1,229.8,511.0,NORTH BEND,,WDH4086,31,0,20,6,,90,A
367614030,2022-01-06T00:23:31,43.34656,-124.32053,0.0,228.4,511.0,NORTH BEND,,WDH4086,31,0,20,6,,90,A
367614030,2022-01-06T00:22:21,43.34659,-124.32051,0.0,224.5,511.0,NORTH BEND,,WDH4086,31,0,20,6,,90,A
367614030,2022-01-06T00:25:51,43.34657,-124.32052,0.0,225.5,511.0,NORTH BEND,,WDH4086,31,0,20,6,,90,A
367614030,2022-01-06T00:29:20,43.34654,-124.32052,0.0,246.0,511.0,NORTH BEND,,WDH4086,31,0,20,6,,90,A
367614030,2022-01-06T00:28:10,43.34656,-124.32053,0.0,235.2,511.0,NORTH BEND,,WDH4086,31,0,20,6,,90,A
367614030,2022-01-06T00:24:40,43.34656,-124.32053,0.1,225.0,511.0,NORTH BEND,,WDH4086,31,0,20,6,,90,A
367614030,2022-01-06T00:37:40,43.34654,-124.32053,0.0,269.3,511.0,NORTH BEND,,WDH4086,31,0,20,6,,90,A
367614030,2022-01-06T00:38:51,43.34653,-124.32053,0.0,270.8,511.0,NORTH BEND,,WDH4086,31,0,20,6,,90,A
367614030,2022-01-06T00:43:41,43.34653,-124.32050,0.1,266.3,511.0,NORTH BEND,,WDH4086,31,0,20,6,,90,A
367614030,2022-01-06T00:41:11,43.34654,-124.32053,0.1,276.8,511.0,NORTH BEND,,WDH4086,31,0,20,6,,90,A
367614030,2022-01-06T00:42:31,43.34654,-124.32052,0.0,266.4,511.0,NORTH BEND,,WDH4086,31,0,20,6,,90,A
367614030,2022-01-06T00:47:21,43.34654,-124.32053,0.0,283.4,511.0,NORTH BEND,,WDH4086,31,0,20,6,,90,A
367614030,2022-01-06T00:48:31,43.34651,-124.32053,0.0,280.1,511.0,NORTH BEND,,WDH4086,31,0,20,6,,90,A
367614030,2022-01-06T00:40:00,43.34653,-124.32052,0.0,273.9,511.0,NORTH BEND,,WDH4086,31,0,20,6,,90,A
367614030,2022-01-06T00:49:40,43.34654,-124.32054,0.0,282.1,511.0,NORTH BEND,,WDH4086,31,0,20,6,,90,A
367614030,2022-01-06T00:44:51,43.34653,-124.32051,0.0,270.1,511.0,NORTH BEND,,WDH4086,31,0,20,6,,90,A
367614030,2022-01-06T00:46:10,43.34652,-124.32053,0.0,275.9,511.0,NORTH BEND,,WDH4086,31,0,20,6,,90,A
367614030,2022-01-06T00:53:01,43.34653,-124.32050,0.0,294.1,511.0,NORTH BEND,,WDH4086,31,0,20,6,,90,A
367614030,2022-01-06T00:54:10,43.34654,-124.32052,0.0,291.8,511.0,NORTH BEND,,WDH4086,31,0,20,6,,90,A
367614030,2022-01-06T00:50:51,43.34652,-124.32054,0.0,290.6,511.0,NORTH BEND,,WDH4086,31,0,20,6,,90,A
367614030,2022-01-06T00:51:52,43.34651,-124.32053,0.0,295.0,511.0,NORTH BEND,,WDH4086,31,0,20,6,,90,A
367614030,2022-01-06T00:58:51,43.34654,-124.32053,0.0,284.4,511.0,NORTH BEND,,WDH4086,31,0,20,6,,90,A
367614030,2022-01-06T00:55:21,43.34655,-124.32052,0.0,289.2,511.0,NORTH BEND,,WDH4086,31,0,20,6,,90,A
367614030,2022-01-06T01:01:10,43.34657,-124.32051,0.0,284.6,511.0,NORTH BEND,,WDH4086,31,0,20,6,,90,A
367614030,2022-01-06T00:56:30,43.34657,-124.32052,0.0,283.7,511.0,NORTH BEND,,WDH4086,31,0,20,6,,90,A
367614030,2022-01-06T01:02:21,43.34656,-124.32054,0.0,282.8,511.0,NORTH BEND,,WDH4086,31,0,20,6,,90,A
367614030,2022-01-06T01:04:41,43.34658,-124.32053,0.0,259.9,511.0,NORTH BEND,,WDH4086,31,0,20,6,,90,A
367614030,2022-01-06T01:03:31,43.34656,-124.32052,0.1,274.4,511.0,NORTH BEND,,WDH4086,31,0,20,6,,90,A
367614030,2022-01-06T00:57:40,43.34654,-124.32052,0.0,282.3,511.0,NORTH BEND,,WDH4086,31,0,20,6,,90,A
367614030,2022-01-06T01:05:50,43.34656,-124.32052,0.1,247.3,511.0,NORTH BEND,,WDH4086,31,0,20,6,,90,A
367614030,2022-01-06T01:08:01,43.34656,-124.32051,0.0,237.7,511.0,NORTH BEND,,WDH4086,31,0,20,6,,90,A
367614030,2022-01-06T01:11:30,43.34654,-124.32054,0.0,228.2,511.0,NORTH BEND,,WDH4086,31,0,20,6,,90,A
367614030,2022-01-06T01:06:51,43.34653,-124.32052,0.0,238.6,511.0,NORTH BEND,,WDH4086,31,0,20,6,,90,A
367614030,2022-01-06T01:13:50,43.34656,-124.32054,0.0,228.5,511.0,NORTH BEND,,WDH4086,31,0,20,6,,90,A
367614030,2022-01-06T01:15:00,43.34657,-124.32054,0.0,224.6,511.0,NORTH BEND,,WDH4086,31,0,20,6,,90,A
367614030,2022-01-06T01:12:40,43.34657,-124.32054,0.0,229.1,511.0,NORTH BEND,,WDH4086,31,0,20,6,,90,A
367614030,2022-01-06T01:00:01,43.34659,-124.32055,0.0,285.5,511.0,NORTH BEND,,WDH4086,31,0,20,6,,90,A
367614030,2022-01-06T01:17:21,43.34656,-124.32052,0.0,231.1,511.0,NORTH BEND,,WDH4086,31,0,20,6,,90,A
367614030,2022-01-06T01:16:11,43.34655,-124.32053,0.1,225.2,511.0,NORTH BEND,,WDH4086,31,0,20,6,,90,A
367614030,2022-01-06T01:18:22,43.34656,-124.32051,0.0,231.9,511.0,NORTH BEND,,WDH4086,31,0,20,6,,90,A
367614030,2022-01-06T01:19:31,43.34652,-124.32054,0.0,231.8,511.0,NORTH BEND,,WDH4086,31,0,20,6,,90,A
367614030,2022-01-06T01:20:40,43.34651,-124.32056,0.0,236.9,511.0,NORTH BEND,,WDH4086,31,0,20,6,,90,A
367614030,2022-01-06T01:09:10,43.34654,-124.32052,0.1,234.4,511.0,NORTH BEND,,WDH4086,31,0,20,6,,90,A
367614030,2022-01-06T01:23:00,43.34652,-124.32053,0.0,229.3,511.0,NORTH BEND,,WDH4086,31,0,20,6,,90,A
367614030,2022-01-06T01:26:30,43.34651,-124.32059,0.0,239.6,511.0,NORTH BEND,,WDH4086,31,0,20,6,,90,A
367614030,2022-01-06T01:28:50,43.34653,-124.32058,0.0,242.1,511.0,NORTH BEND,,WDH4086,31,0,20,6,,90,A
367614030,2022-01-06T01:27:42,43.34653,-124.32056,0.0,247.6,511.0,NORTH BEND,,WDH4086,31,0,20,6,,90,A
367614030,2022-01-06T01:25:20,43.34653,-124.32055,0.0,238.1,511.0,NORTH BEND,,WDH4086,31,0,20,6,,90,A
367614030,2022-01-06T01:10:20,43.34654,-124.32053,0.0,233.3,511.0,NORTH BEND,,WDH4086,31,0,20,6,,90,A
367614030,2022-01-06T01:36:40,43.34656,-124.32050,0.0,254.3,511.0,NORTH BEND,,WDH4086,31,0,20,6,,90,A
367614030,2022-01-06T01:35:32,43.34657,-124.32052,0.0,252.8,511.0,NORTH BEND,,WDH4086,31,0,20,6,,90,A
367614030,2022-01-06T01:37:50,43.34657,-124.32051,0.0,255.1,511.0,NORTH BEND,,WDH4086,31,0,20,6,,90,A
367614030,2022-01-06T01:40:10,43.34656,-124.32050,0.1,260.8,511.0,NORTH BEND,,WDH4086,31,0,20,6,,90,A
367614030,2022-01-06T01:39:00,43.34655,-124.32051,0.0,260.4,511.0,NORTH BEND,,WDH4086,31,0,20,6,,90,A
367614030,2022-01-06T01:42:31,43.34657,-124.32053,0.0,260.9,511.0,NORTH BEND,,WDH4086,31,0,20,6,,90,A
367614030,2022-01-06T01:34:21,43.34656,-124.32053,0.0,242.1,511.0,NORTH BEND,,WDH4086,31,0,20,6,,90,A
367614030,2022-01-06T01:46:00,43.34656,-124.32054,0.0,279.4,511.0,NORTH BEND,,WDH4086,31,0,20,6,,90,A
367614030,2022-01-06T01:49:31,43.34654,-124.32050,0.0,282.6,511.0,NORTH BEND,,WDH4086,31,0,20,6,,90,A
367614030,2022-01-06T01:21:50,43.34654,-124.32053,0.0,232.6,511.0,NORTH BEND,,WDH4086,31,0,20,6,,90,A
367614030,2022-01-06T01:41:22,43.34656,-124.32051,0.0,256.9,511.0,NORTH BEND,,WDH4086,31,0,20,6,,90,A
367614030,2022-01-06T01:24:11,43.34655,-124.32054,0.0,234.4,511.0,NORTH BEND,,WDH4086,31,0,20,6,,90,A
367614030,2022-01-06T01:53:00,43.34654,-124.32050,0.0,266.6,511.0,NORTH BEND,,WDH4086,31,0,20,6,,90,A
367614030,2022-01-06T01:43:40,43.34654,-124.32053,0.0,271.8,511.0,NORTH BEND,,WDH4086,31,0,20,6,,90,A
367614030,2022-01-06T01:29:51,43.34654,-124.32055,0.1,239.5,511.0,NORTH BEND,,WDH4086,31,0,20,6,,90,A
367614030,2022-01-06T01:44:51,43.34656,-124.32055,0.0,272.3,511.0,NORTH BEND,,WDH4086,31,0,20,6,,90,A
367614030,2022-01-06T01:55:11,43.34653,-124.32052,0.0,263.5,511.0,NORTH BEND,,WDH4086,31,0,20,6,,90,A
367614030,2022-01-06T01:47:01,43.34655,-124.32058,0.0,290.5,511.0,NORTH BEND,,WDH4086,31,0,20,6,,90,A
367614030,2022-01-06T01:48:20,43.34652,-124.32053,0.0,291.9,511.0,NORTH BEND,,WDH4086,31,0,20,6,,90,A
367614030,2022-01-06T02:00:02,43.34654,-124.32052,0.0,260.5,511.0,NORTH BEND,,WDH4086,31,0,20,6,,90,A
367614030,2022-01-06T01:50:41,43.34653,-124.32050,0.1,276.3,511.0,NORTH BEND,,WDH4086,31,0,20,6,,90,A
367614030,2022-01-06T02:02:21,43.34653,-124.32055,0.0,275.9,511.0,NORTH BEND,,WDH4086,31,0,20,6,,90,A
367614030,2022-01-06T02:03:31,43.34656,-124.32052,0.0,281.4,511.0,NORTH BEND,,WDH4086,31,0,20,6,,90,A
367614030,2022-01-06T01:54:02,43.34654,-124.32050,0.0,263.0,511.0,NORTH BEND,,WDH4086,31,0,20,6,,90,A
367614030,2022-01-06T02:07:00,43.34656,-124.32052,0.0,299.3,511.0,NORTH BEND,,WDH4086,31,0,20,6,,90,A
367614030,2022-01-06T02:08:12,43.34655,-124.32053,0.0,297.1,511.0,NORTH BEND,,WDH4086,31,0,20,6,,90,A
367614030,2022-01-06T02:09:20,43.34657,-124.32056,0.0,285.4,511.0,NORTH BEND,,WDH4086,31,0,20,6,,90,A
367614030,2022-01-06T01:59:41,43.34654,-124.32052,0.0,257.9,511.0,NORTH BEND,,WDH4086,31,0,20,6,,90,A
367614030,2022-01-06T01:57:30,43.34656,-124.32051,0.0,262.2,511.0,NORTH BEND,,WDH4086,31,0,20,6,,90,A
367614030,2022-01-06T02:11:41,43.34657,-124.32052,0.0,239.9,511.0,NORTH BEND,,WDH4086,31,0,20,6,,90,A
367614030,2022-01-06T02:01:11,43.34658,-124.32053,0.0,267.1,511.0,NORTH BEND,,WDH4086,31,0,20,6,,90,A
367614030,2022-01-06T02:14:01,43.34656,-124.32053,0.0,218.1,511.0,NORTH BEND,,WDH4086,31,0,20,6,,90,A
367614030,2022-01-06T02:12:50,43.34657,-124.32053,0.0,228.2,511.0,NORTH BEND,,WDH4086,31,0,20,6,,90,A
367614030,2022-01-06T02:04:41,43.34656,-124.32052,0.0,287.2,511.0,NORTH BEND,,WDH4086,31,0,20,6,,90,A
367614030,2022-01-06T01:51:51,43.34652,-124.32051,0.0,265.2,511.0,NORTH BEND,,WDH4086,31,0,20,6,,90,A
367614030,2022-01-06T02:05:51,43.34653,-124.32053,0.1,300.9,511.0,NORTH BEND,,WDH4086,31,0,20,6,,90,A
367614030,2022-01-06T02:21:11,43.34655,-124.32052,0.0,208.5,511.0,NORTH BEND,,WDH4086,31,0,20,6,,90,A
367614030,2022-01-06T02:24:41,43.34656,-124.32055,0.0,198.1,511.0,NORTH BEND,,WDH4086,31,0,20,6,,90,A
367614030,2022-01-06T02:23:30,43.34655,-124.32053,0.0,209.4,511.0,NORTH BEND,,WDH4086,31,0,20,6,,90,A
367614030,2022-01-06T01:58:31,43.34654,-124.32052,0.1,262.4,511.0,NORTH BEND,,WDH4086,31,0,20,6,,90,A
367614030,2022-01-06T02:16:21,43.34657,-124.32054,0.0,211.9,511.0,NORTH BEND,,WDH4086,31,0,20,6,,90,A
367614030,2022-01-06T02:25:42,43.34655,-124.32056,0.0,195.2,511.0,NORTH BEND,,WDH4086,31,0,20,6,,90,A
367614030,2022-01-06T02:28:00,43.34652,-124.32056,0.0,190.5,511.0,NORTH BEND,,WDH4086,31,0,20,6,,90,A
367614030,2022-01-06T02:26:51,43.34652,-124.32056,0.0,191.3,511.0,NORTH BEND,,WDH4086,31,0,20,6,,90,A
367614030,2022-01-06T02:20:00,43.34656,-124.32053,0.0,210.0,511.0,NORTH BEND,,WDH4086,31,0,20,6,,90,A
367614030,2022-01-06T02:30:21,43.34655,-124.32050,0.0,191.9,511.0,NORTH BEND,,WDH4086,31,0,20,6,,90,A
367614030,2022-01-06T02:22:21,43.34657,-124.32054,0.0,211.5,511.0,NORTH BEND,,WDH4086,31,0,20,6,,90,A
367614030,2022-01-06T02:17:32,43.34655,-124.32054,0.0,209.1,511.0,NORTH BEND,,WDH4086,31,0,20,6,,90,A
367614030,2022-01-06T02:31:31,43.34654,-124.32051,0.0,192.2,511.0,NORTH BEND,,WDH4086,31,0,20,6,,90,A
367614030,2022-01-06T02:18:50,43.34656,-124.32054,0.0,212.3,511.0,NORTH BEND,,WDH4086,31,0,20,6,,90,A
367614030,2022-01-06T02:37:20,43.34656,-124.32051,0.0,159.6,511.0,NORTH BEND,,WDH4086,31,0,20,6,,90,A
367614030,2022-01-06T02:36:11,43.34656,-124.32051,0.0,167.9,511.0,NORTH BEND,,WDH4086,31,0,20,6,,90,A
367614030,2022-01-06T02:32:42,43.34654,-124.32052,0.0,193.9,511.0,NORTH BEND,,WDH4086,31,0,20,6,,90,A
367614030,2022-01-06T01:56:20,43.34653,-124.32051,0.0,263.7,511.0,NORTH BEND,,WDH4086,31,0,20,6,,90,A
367614030,2022-01-06T02:33:50,43.34656,-124.32052,0.1,175.7,511.0,NORTH BEND,,WDH4086,31,0,20,6,,90,A
367614030,2022-01-06T02:43:10,43.34652,-124.32053,0.0,148.2,511.0,NORTH BEND,,WDH4086,31,0,20,6,,90,A
367614030,2022-01-06T02:39:40,43.34657,-124.32047,0.0,150.0,511.0,NORTH BEND,,WDH4086,31,0,20,6,,90,A
367614030,2022-01-06T02:15:11,43.34655,-124.32053,0.1,216.3,511.0,NORTH BEND,,WDH4086,31,0,20,6,,90,A
367614030,2022-01-06T02:49:11,43.34652,-124.32052,0.1,148.3,511.0,NORTH BEND,,WDH4086,31,0,20,6,,90,A
367614030,2022-01-06T02:42:00,43.34653,-124.32055,0.0,155.5,511.0,NORTH BEND,,WDH4086,31,0,20,6,,90,A
367614030,2022-01-06T02:52:30,43.34653,-124.32053,0.0,145.2,511.0,NORTH BEND,,WDH4086,31,0,20,6,,90,A
367614030,2022-01-06T02:10:32,43.34656,-124.32053,0.0,258.8,511.0,NORTH BEND,,WDH4086,31,0,20,6,,90,A
367614030,2022-01-06T02:50:20,43.34653,-124.32053,0.0,146.7,511.0,NORTH BEND,,WDH4086,31,0,20,6,,90,A
367614030,2022-01-06T03:04:11,43.34653,-124.32053,0.0,243.6,511.0,NORTH BEND,,WDH4086,31,0,20,6,,90,A
367614030,2022-01-06T02:53:41,43.34653,-124.32049,0.0,159.1,511.0,NORTH BEND,,WDH4086,31,0,20,6,,90,A
367614030,2022-01-06T03:05:21,43.34655,-124.32051,0.0,235.8,511.0,NORTH BEND,,WDH4086,31,0,20,6,,90,A
367614030,2022-01-06T02:56:00,43.34651,-124.32063,0.0,180.9,511.0,NORTH BEND,,WDH4086,31,0,20,6,,90,A
367614030,2022-01-06T03:08:50,43.34656,-124.32051,0.0,233.9,511.0,NORTH BEND,,WDH4086,31,0,20,6,,90,A
367614030,2022-01-06T03:01:01,43.34651,-124.32052,0.0,234.0,511.0,NORTH BEND,,WDH4086,31,0,20,6,,90,A
367614030,2022-01-06T02:29:11,43.34656,-124.32049,0.0,196.1,511.0,NORTH BEND,,WDH4086,31,0,20,6,,90,A
367614030,2022-01-06T03:10:00,43.34656,-124.32051,0.0,235.4,511.0,NORTH BEND,,WDH4086,31,0,20,6,,90,A
367614030,2022-01-06T03:13:40,43.34654,-124.32050,0.0,244.2,511.0,NORTH BEND,,WDH4086,31,0,20,6,,90,A
367614030,2022-01-06T03:11:10,43.34654,-124.32051,0.0,230.3,511.0,NORTH BEND,,WDH4086,31,0,20,6,,90,A
367614030,2022-01-06T02:57:10,43.34655,-124.32052,0.0,187.9,511.0,NORTH BEND,,WDH4086,31,0,20,6,,90,A
367614030,2022-01-06T02:54:51,43.34653,-124.32052,0.1,176.4,511.0,NORTH BEND,,WDH4086,31,0,20,6,,90,A
367614030,2022-01-06T02:35:02,43.34656,-124.32051,0.0,162.4,511.0,NORTH BEND,,WDH4086,31,0,20,6,,90,A
367614030,2022-01-06T03:03:10,43.34653,-124.32052,0.0,241.3,511.0,NORTH BEND,,WDH4086,31,0,20,6,,90,A
367614030,2022-01-06T02:58:21,43.34654,-124.32059,0.0,195.3,511.0,NORTH BEND,,WDH4086,31,0,20,6,,90,A
367614030,2022-01-06T03:14:41,43.34654,-124.32051,0.1,247.9,511.0,NORTH BEND,,WDH4086,31,0,20,6,,90,A
367614030,2022-01-06T03:07:41,43.34654,-124.32049,0.0,234.0,511.0,NORTH BEND,,WDH4086,31,0,20,6,,90,A
367614030,2022-01-06T03:23:51,43.34656,-124.32051,0.0,275.3,511.0,NORTH BEND,,WDH4086,31,0,20,6,,90,A
367614030,2022-01-06T03:17:01,43.34653,-124.32053,0.1,260.0,511.0,NORTH BEND,,WDH4086,31,0,20,6,,90,A
367614030,2022-01-06T03:02:02,43.34653,-124.32052,0.0,232.2,511.0,NORTH BEND,,WDH4086,31,0,20,6,,90,A
367614030,2022-01-06T03:18:10,43.34653,-124.32052,0.0,262.3,511.0,NORTH BEND,,WDH4086,31,0,20,6,,90,A
367614030,2022-01-06T03:20:21,43.34651,-124.32056,0.0,265.5,511.0,NORTH BEND,,WDH4086,31,0,20,6,,90,A
367614030,2022-01-06T03:22:40,43.34658,-124.32052,0.0,267.6,511.0,NORTH BEND,,WDH4086,31,0,20,6,,90,A
367614030,2022-01-06T02:48:00,43.34654,-124.32052,0.1,128.5,511.0,NORTH BEND,,WDH4086,31,0,20,6,,90,A
367614030,2022-01-06T03:15:51,43.34655,-124.32052,0.1,256.9,511.0,NORTH BEND,,WDH4086,31,0,20,6,,90,A
367614030,2022-01-06T03:28:31,43.34651,-124.32055,0.0,278.8,511.0,NORTH BEND,,WDH4086,31,0,20,6,,90,A
367614030,2022-01-06T03:36:51,43.34650,-124.32051,0.0,271.6,511.0,NORTH BEND,,WDH4086,31,0,20,6,,90,A
367614030,2022-01-06T03:21:31,43.34655,-124.32054,0.0,263.9,511.0,NORTH BEND,,WDH4086,31,0,20,6,,90,A
367614030,2022-01-06T03:25:01,43.34650,-124.32055,0.0,273.6,511.0,NORTH BEND,,WDH4086,31,0,20,6,,90,A
367614030,2022-01-06T03:26:11,43.34654,-124.32052,0.1,272.8,511.0,NORTH BEND,,WDH4086,31,0,20,6,,90,A
367614030,2022-01-06T02:38:30,43.34657,-124.32050,0.0,154.9,511.0,NORTH BEND,,WDH4086,31,0,20,6,,90,A
367614030,2022-01-06T02:40:50,43.34655,-124.32054,0.0,146.6,511.0,NORTH BEND,,WDH4086,31,0,20,6,,90,A
367614030,2022-01-06T03:39:11,43.34651,-124.32053,0.0,265.6,511.0,NORTH BEND,,WDH4086,31,0,20,6,,90,A
367614030,2022-01-06T02:59:30,43.34656,-124.32054,0.0,200.7,511.0,NORTH BEND,,WDH4086,31,0,20,6,,90,A
367614030,2022-01-06T03:40:20,43.34653,-124.32051,0.0,257.6,511.0,NORTH BEND,,WDH4086,31,0,20,6,,90,A
367614030,2022-01-06T03:43:51,43.34653,-124.32055,0.0,272.1,511.0,NORTH BEND,,WDH4086,31,0,20,6,,90,A
367614030,2022-01-06T03:46:10,43.34654,-124.32051,0.0,258.7,511.0,NORTH BEND,,WDH4086,31,0,20,6,,90,A
367614030,2022-01-06T03:35:41,43.34651,-124.32051,0.0,269.2,511.0,NORTH BEND,,WDH4086,31,0,20,6,,90,A
367614030,2022-01-06T02:44:21,43.34652,-124.32054,0.0,143.9,511.0,NORTH BEND,,WDH4086,31,0,20,6,,90,A
367614030,2022-01-06T03:38:00,43.34651,-124.32051,0.0,267.2,511.0,NORTH BEND,,WDH4086,31,0,20,6,,90,A
367614030,2022-01-06T02:45:31,43.34652,-124.32053,0.0,136.5,511.0,NORTH BEND,,WDH4086,31,0,20,6,,90,A
367614030,2022-01-06T03:47:20,43.34652,-124.32052,0.0,257.1,511.0,NORTH BEND,,WDH4086,31,0,20,6,,90,A
367614030,2022-01-06T03:53:11,43.34653,-124.32053,0.0,260.1,511.0,NORTH BEND,,WDH4086,31,0,20,6,,90,A
367614030,2022-01-06T02:46:50,43.34654,-124.32053,0.0,116.9,511.0,NORTH BEND,,WDH4086,31,0,20,6,,90,A
367614030,2022-01-06T03:12:30,43.34653,-124.32051,0.1,244.4,511.0,NORTH BEND,,WDH4086,31,0,20,6,,90,A
367614030,2022-01-06T03:32:10,43.34650,-124.32054,0.0,277.1,511.0,NORTH BEND,,WDH4086,31,0,20,6,,90,A
367614030,2022-01-06T03:54:20,43.34653,-124.32052,0.1,261.1,511.0,NORTH BEND,,WDH4086,31,0,20,6,,90,A
367614030,2022-01-06T04:00:00,43.34655,-124.32057,0.0,224.3,511.0,NORTH BEND,,WDH4086,31,0,20,6,,90,A
367614030,2022-01-06T03:56:32,43.34656,-124.32054,0.0,237.4,511.0,NORTH BEND,,WDH4086,31,0,20,6,,90,A
367614030,2022-01-06T04:03:32,43.34656,-124.32051,0.0,222.4,511.0,NORTH BEND,,WDH4086,31,0,20,6,,90,A
367614030,2022-01-06T02:51:21,43.34655,-124.32052,0.0,152.8,511.0,NORTH BEND,,WDH4086,31,0,20,6,,90,A
367614030,2022-01-06T03:58:51,43.34657,-124.32054,0.1,234.3,511.0,NORTH BEND,,WDH4086,31,0,20,6,,90,A
367614030,2022-01-06T04:07:01,43.34655,-124.32051,0.0,225.7,511.0,NORTH BEND,,WDH4086,31,0,20,6,,90,A
367614030,2022-01-06T03:55:21,43.34653,-124.32054,0.0,256.8,511.0,NORTH BEND,,WDH4086,31,0,20,6,,90,A
367614030,2022-01-06T03:45:01,43.34652,-124.32052,0.0,265.5,511.0,NORTH BEND,,WDH4086,31,0,20,6,,90,A
367614030,2022-01-06T03:48:31,43.34655,-124.32052,0.0,251.2,511.0,NORTH BEND,,WDH4086,31,0,20,6,,90,A
367614030,2022-01-06T04:11:41,43.34654,-124.32051,0.0,229.8,511.0,NORTH BEND,,WDH4086,31,0,20,6,,90,A
367614030,2022-01-06T04:05:50,43.34655,-124.32053,0.1,228.2,511.0,NORTH BEND,,WDH4086,31,0,20,6,,90,A
367614030,2022-01-06T03:49:41,43.34655,-124.32050,0.0,261.2,511.0,NORTH BEND,,WDH4086,31,0,20,6,,90,A
367614030,2022-01-06T03:50:52,43.34654,-124.32052,0.0,263.5,511.0,NORTH BEND,,WDH4086,31,0,20,6,,90,A
367614030,2022-01-06T04:02:21,43.34655,-124.32053,0.0,220.9,511.0,NORTH BEND,,WDH4086,31,0,20,6,,90,A
367614030,2022-01-06T04:09:21,43.34654,-124.32049,0.0,228.3,511.0,NORTH BEND,,WDH4086,31,0,20,6,,90,A
367614030,2022-01-06T04:18:42,43.34654,-124.32051,0.0,242.6,511.0,NORTH BEND,,WDH4086,31,0,20,6,,90,A
367614030,2022-01-06T03:00:00,43.34655,-124.32053,0.0,205.0,511.0,NORTH BEND,,WDH4086,31,0,20,6,,90,A
367614030,2022-01-06T04:04:40,43.34656,-124.32052,0.0,221.9,511.0,NORTH BEND,,WDH4086,31,0,20,6,,90,A
367614030,2022-01-06T03:27:20,43.34655,-124.32056,0.0,278.0,511.0,NORTH BEND,,WDH4086,31,0,20,6,,90,A
367614030,2022-01-06T04:12:51,43.34656,-124.32051,0.0,238.3,511.0,NORTH BEND,,WDH4086,31,0,20,6,,90,A
367614030,2022-01-06T04:25:32,43.34655,-124.32054,0.0,250.8,511.0,NORTH BEND,,WDH4086,31,0,20,6,,90,A
367614030,2022-01-06T04:01:10,43.34652,-124.32056,0.1,222.9,511.0,NORTH BEND,,WDH4086,31,0,20,6,,90,A
367614030,2022-01-06T03:06:30,43.34655,-124.32048,0.1,233.3,511.0,NORTH BEND,,WDH4086,31,0,20,6,,90,A
367614030,2022-01-06T04:15:11,43.34655,-124.32052,0.0,245.3,511.0,NORTH BEND,,WDH4086,31,0,20,6,,90,A
367614030,2022-01-06T04:10:31,43.34657,-124.32051,0.0,226.7,511.0,NORTH BEND,,WDH4086,31,0,20,6,,90,A
367614030,2022-01-06T04:27:50,43.34654,-124.32054,0.0,260.1,511.0,NORTH BEND,,WDH4086,31,0,20,6,,90,A
367614030,2022-01-06T04:23:11,43.34652,-124.32052,0.0,242.7,511.0,NORTH BEND,,WDH4086,31,0,20,6,,90,A
367614030,2022-01-06T04:17:31,43.34655,-124.32054,0.0,244.1,511.0,NORTH BEND,,WDH4086,31,0,20,6,,90,A
367614030,2022-01-06T04:31:50,43.34653,-124.32052,0.0,252.7,511.0,NORTH BEND,,WDH4086,31,0,20,6,,90,A
367614030,2022-01-06T04:24:20,43.34654,-124.32054,0.0,249.7,511.0,NORTH BEND,,WDH4086,31,0,20,6,,90,A
367614030,2022-01-06T03:42:41,43.34654,-124.32054,0.0,260.3,511.0,NORTH BEND,,WDH4086,31,0,20,6,,90,A
367614030,2022-01-06T04:16:20,43.34652,-124.32050,0.0,244.0,511.0,NORTH BEND,,WDH4086,31,0,20,6,,90,A
367614030,2022-01-06T04:30:02,43.34654,-124.32053,0.0,252.2,511.0,NORTH BEND,,WDH4086,31,0,20,6,,90,A
367614030,2022-01-06T04:39:52,43.34653,-124.32055,0.0,280.2,511.0,NORTH BEND,,WDH4086,31,0,20,6,,90,A
367614030,2022-01-06T03:19:11,43.34656,-124.32051,0.0,260.0,511.0,NORTH BEND,,WDH4086,31,0,20,6,,90,A
367614030,2022-01-06T04:21:00,43.34652,-124.32051,0.0,244.1,511.0,NORTH BEND,,WDH4086,31,0,20,6,,90,A
367614030,2022-01-06T04:43:20,43.34656,-124.32054,0.0,280.8,511.0,NORTH BEND,,WDH4086,31,0,20,6,,90,A
367614030,2022-01-06T04:34:11,43.34654,-124.32053,0.0,250.3,511.0,NORTH BEND,,WDH4086,31,0,20,6,,90,A
367614030,2022-01-06T04:44:30,43.34655,-124.32055,0.0,273.1,511.0,NORTH BEND,,WDH4086,31,0,20,6,,90,A
367614030,2022-01-06T03:52:01,43.34654,-124.32051,0.0,261.3,511.0,NORTH BEND,,WDH4086,31,0,20,6,,90,A
367614030,2022-01-06T04:37:40,43.34655,-124.32053,0.0,285.8,511.0,NORTH BEND,,WDH4086,31,0,20,6,,90,A
367614030,2022-01-06T04:46:50,43.34654,-124.32054,0.0,267.9,511.0,NORTH BEND,,WDH4086,31,0,20,6,,90,A
367614030,2022-01-06T04:33:02,43.34654,-124.32053,0.0,253.1,511.0,NORTH BEND,,WDH4086,31,0,20,6,,90,A
367614030,2022-01-06T03:29:41,43.34654,-124.32052,0.0,276.8,511.0,NORTH BEND,,WDH4086,31,0,20,6,,90,A
367614030,2022-01-06T04:38:41,43.34651,-124.32058,0.0,283.8,511.0,NORTH BEND,,WDH4086,31,0,20,6,,90,A
367614030,2022-01-06T04:41:00,43.34653,-124.32053,0.0,281.0,511.0,NORTH BEND,,WDH4086,31,0,20,6,,90,A
367614030,2022-01-06T04:42:10,43.34654,-124.32053,0.0,276.1,511.0,NORTH BEND,,WDH4086,31,0,20,6,,90,A
367614030,2022-01-06T03:31:00,43.34652,-124.32054,0.1,281.6,511.0,NORTH BEND,,WDH4086,31,0,20,6,,90,A
367614030,2022-01-06T04:52:50,43.34655,-124.32053,0.0,241.2,511.0,NORTH BEND,,WDH4086,31,0,20,6,,90,A
367614030,2022-01-06T04:29:01,43.34654,-124.32053,0.0,258.2,511.0,NORTH BEND,,WDH4086,31,0,20,6,,90,A
367614030,2022-01-06T04:50:30,43.34656,-124.32053,0.0,242.9,511.0,NORTH BEND,,WDH4086,31,0,20,6,,90,A
367614030,2022-01-06T04:58:31,43.34657,-124.32053,0.0,225.7,511.0,NORTH BEND,,WDH4086,31,0,20,6,,90,A
367614030,2022-01-06T04:08:11,43.34655,-124.32052,0.0,221.2,511.0,NORTH BEND,,WDH4086,31,0,20,6,,90,A
367614030,2022-01-06T04:54:01,43.34652,-124.32055,0.1,232.4,511.0,NORTH BEND,,WDH4086,31,0,20,6,,90,A
367614030,2022-01-06T05:01:21,43.34654,-124.32054,0.0,225.5,511.0,NORTH BEND,,WDH4086,31,0,20,6,,90,A
367614030,2022-01-06T04:55:10,43.34652,-124.32055,0.0,239.2,511.0,NORTH BEND,,WDH4086,31,0,20,6,,90,A
367614030,2022-01-06T03:33:20,43.34652,-124.32053,0.0,278.9,511.0,NORTH BEND,,WDH4086,31,0,20,6,,90,A
367614030,2022-01-06T04:48:00,43.34655,-124.32053,0.0,265.5,511.0,NORTH BEND,,WDH4086,31,0,20,6,,90,A
367614030,2022-01-06T03:34:32,43.34651,-124.32053,0.0,276.4,511.0,NORTH BEND,,WDH4086,31,0,20,6,,90,A
367614030,2022-01-06T04:57:21,43.34658,-124.32055,0.0,231.3,511.0,NORTH BEND,,WDH4086,31,0,20,6,,90,A
367614030,2022-01-06T04:45:40,43.34654,-124.32055,0.0,268.9,511.0,NORTH BEND,,WDH4086,31,0,20,6,,90,A
367614030,2022-01-06T05:00:12,43.34653,-124.32053,0.0,216.4,511.0,NORTH BEND,,WDH4086,31,0,20,6,,90,A
367614030,2022-01-06T05:07:22,43.34658,-124.32055,0.1,255.6,511.0,NORTH BEND,,WDH4086,31,0,20,6,,90,A
367614030,2022-01-06T03:41:31,43.34651,-124.32054,0.0,260.5,511.0,NORTH BEND,,WDH4086,31,0,20,6,,90,A
367614030,2022-01-06T05:12:20,43.34654,-124.32054,0.0,283.5,511.0,NORTH BEND,,WDH4086,31,0,20,6,,90,A
367614030,2022-01-06T05:17:01,43.34653,-124.32060,0.0,281.1,511.0,NORTH BEND,,WDH4086,31,0,20,6,,90,A
367614030,2022-01-06T04:19:50,43.34651,-124.32054,0.0,248.4,511.0,NORTH BEND,,WDH4086,31,0,20,6,,90,A
367614030,2022-01-06T05:11:12,43.34654,-124.32057,0.0,288.4,511.0,NORTH BEND,,WDH4086,31,0,20,6,,90,A
367614030,2022-01-06T05:02:22,43.34656,-124.32053,0.0,240.6,511.0,NORTH BEND,,WDH4086,31,0,20,6,,90,A
367614030,2022-01-06T04:56:20,43.34657,-124.32055,0.1,229.0,511.0,NORTH BEND,,WDH4086,31,0,20,6,,90,A
367614030,2022-01-06T05:13:31,43.34653,-124.32059,0.0,295.5,511.0,NORTH BEND,,WDH4086,31,0,20,6,,90,A
367614030,2022-01-06T05:15:50,43.34654,-124.32055,0.0,279.9,511.0,NORTH BEND,,WDH4086,31,0,20,6,,90,A
367614030,2022-01-06T04:59:41,43.34654,-124.32053,0.0,217.5,511.0,NORTH BEND,,WDH4086,31,0,20,6,,90,A
367614030,2022-01-06T05:14:40,43.34654,-124.32056,0.0,286.4,511.0,NORTH BEND,,WDH4086,31,0,20,6,,90,A
367614030,2022-01-06T05:20:30,43.34656,-124.32055,0.0,267.8,511.0,NORTH BEND,,WDH4086,31,0,20,6,,90,A
367614030,2022-01-06T05:21:40,43.34655,-124.32056,0.0,284.8,511.0,NORTH BEND,,WDH4086,31,0,20,6,,90,A
367614030,2022-01-06T05:24:00,43.34653,-124.32060,0.0,325.9,511.0,NORTH BEND,,WDH4086,31,0,20,6,,90,A
367614030,2022-01-06T05:04:42,43.34655,-124.32052,0.0,256.7,511.0,NORTH BEND,,WDH4086,31,0,20,6,,90,A
367614030,2022-01-06T05:05:51,43.34656,-124.32052,0.0,260.6,511.0,NORTH BEND,,WDH4086,31,0,20,6,,90,A
367614030,2022-01-06T05:08:31,43.34655,-124.32055,0.1,261.0,511.0,NORTH BEND,,WDH4086,31,0,20,6,,90,A
367614030,2022-01-06T03:57:41,43.34652,-124.32053,0.0,239.0,511.0,NORTH BEND,,WDH4086,31,0,20,6,,90,A
367614030,2022-01-06T05:26:21,43.34654,-124.32057,0.0,340.5,511.0,NORTH BEND,,WDH4086,31,0,20,6,,90,A
367614030,2022-01-06T05:38:50,43.34656,-124.32052,0.0,357.4,511.0,NORTH BEND,,WDH4086,31,0,20,6,,90,A
367614030,2022-01-06T05:18:11,43.34655,-124.32055,0.0,276.0,511.0,NORTH BEND,,WDH4086,31,0,20,6,,90,A
367614030,2022-01-06T05:27:30,43.34656,-124.32054,0.0,343.1,511.0,NORTH BEND,,WDH4086,31,0,20,6,,90,A
367614030,2022-01-06T05:28:42,43.34654,-124.32053,0.0,337.0,511.0,NORTH BEND,,WDH4086,31,0,20,6,,90,A
367614030,2022-01-06T05:29:51,43.34655,-124.32053,0.0,338.1,511.0,NORTH BEND,,WDH4086,31,0,20,6,,90,A
367614030,2022-01-06T05:46:51,43.34655,-124.32053,0.0,306.9,511.0,NORTH BEND,,WDH4086,31,0,20,6,,90,A
367614030,2022-01-06T05:48:01,43.34657,-124.32053,0.0,306.6,511.0,NORTH BEND,,WDH4086,31,0,20,6,,90,A
367614030,2022-01-06T05:25:11,43.34655,-124.32055,0.1,327.5,511.0,NORTH BEND,,WDH4086,31,0,20,6,,90,A
367614030,2022-01-06T05:50:21,43.34659,-124.32049,0.0,304.8,511.0,NORTH BEND,,WDH4086,31,0,20,6,,90,A
367614030,2022-01-06T04:14:00,43.34654,-124.32050,0.0,240.3,511.0,NORTH BEND,,WDH4086,31,0,20,6,,90,A
367614030,2022-01-06T05:44:40,43.34656,-124.32051,0.0,340.7,511.0,NORTH BEND,,WDH4086,31,0,20,6,,90,A
367614030,2022-01-06T05:57:21,43.34654,-124.32052,0.0,229.6,511.0,NORTH BEND,,WDH4086,31,0,20,6,,90,A
367614030,2022-01-06T05:37:41,43.34656,-124.32054,0.0,353.8,511.0,NORTH BEND,,WDH4086,31,0,20,6,,90,A
367614030,2022-01-06T05:49:10,43.34658,-124.32052,0.0,305.9,511.0,NORTH BEND,,WDH4086,31,0,20,6,,90,A
367614030,2022-01-06T06:04:42,43.34656,-124.32052,0.0,228.6,511.0,NORTH BEND,,WDH4086,31,0,20,6,,90,A
367614030,2022-01-06T05:41:11,43.34655,-124.32051,0.0,359.3,511.0,NORTH BEND,,WDH4086,31,0,20,6,,90,A
367614030,2022-01-06T05:42:22,43.34657,-124.32051,0.0,354.2,511.0,NORTH BEND,,WDH4086,31,0,20,6,,90,A
367614030,2022-01-06T06:08:21,43.34660,-124.32049,0.0,253.5,511.0,NORTH BEND,,WDH4086,31,0,20,6,,90,A
367614030,2022-01-06T05:55:01,43.34649,-124.32059,0.0,243.1,511.0,NORTH BEND,,WDH4086,31,0,20,6,,90,A
367614030,2022-01-06T06:05:51,43.34661,-124.32050,0.1,223.8,511.0,NORTH BEND,,WDH4086,31,0,20,6,,90,A
367614030,2022-01-06T06:09:31,43.34657,-124.32053,0.0,258.2,511.0,NORTH BEND,,WDH4086,31,0,20,6,,90,A
367614030,2022-01-06T05:45:50,43.34654,-124.32054,0.0,340.2,511.0,NORTH BEND,,WDH4086,31,0,20,6,,90,A
367614030,2022-01-06T06:07:11,43.34659,-124.32053,0.1,241.4,511.0,NORTH BEND,,WDH4086,31,0,20,6,,90,A
367614030,2022-01-06T06:11:51,43.34654,-124.32056,0.0,245.7,511.0,NORTH BEND,,WDH4086,31,0,20,6,,90,A
367614030,2022-01-06T05:03:31,43.34656,-124.32052,0.0,247.1,511.0,NORTH BEND,,WDH4086,31,0,20,6,,90,A
367614030,2022-01-06T06:00:01,43.34656,-124.32050,0.0,220.5,511.0,NORTH BEND,,WDH4086,31,0,20,6,,90,A
367614030,2022-01-06T05:51:31,43.34656,-124.32053,0.0,274.6,511.0,NORTH BEND,,WDH4086,31,0,20,6,,90,A
367614030,2022-01-06T04:22:01,43.34650,-124.32050,0.0,247.1,511.0,NORTH BEND,,WDH4086,31,0,20,6,,90,A
367614030,2022-01-06T05:52:41,43.34653,-124.32055,0.1,274.2,511.0,NORTH BEND,,WDH4086,31,0,20,6,,90,A
367614030,2022-01-06T06:13:01,43.34656,-124.32053,0.0,236.3,511.0,NORTH BEND,,WDH4086,31,0,20,6,,90,A
367614030,2022-01-06T06:02:21,43.34663,-124.32049,0.0,231.0,511.0,NORTH BEND,,WDH4086,31,0,20,6,,90,A
367614030,2022-01-06T06:16:31,43.34654,-124.32052,0.0,227.7,511.0,NORTH BEND,,WDH4086,31,0,20,6,,90,A
367614030,2022-01-06T04:26:41,43.34655,-124.32052,0.0,252.9,511.0,NORTH BEND,,WDH4086,31,0,20,6,,90,A
367614030,2022-01-06T06:01:11,43.34658,-124.32052,0.0,234.4,511.0,NORTH BEND,,WDH4086,31,0,20,6,,90,A
367614030,2022-01-06T06:25:50,43.34654,-124.32054,0.0,241.9,511.0,NORTH BEND,,WDH4086,31,0,20,6,,90,A
367614030,2022-01-06T06:27:00,43.34654,-124.32055,0.0,241.7,511.0,NORTH BEND,,WDH4086,31,0,20,6,,90,A
367614030,2022-01-06T04:35:20,43.34650,-124.32056,0.1,263.8,511.0,NORTH BEND,,WDH4086,31,0,20,6,,90,A
367614030,2022-01-06T04:36:30,43.34651,-124.32056,0.0,283.4,511.0,NORTH BEND,,WDH4086,31,0,20,6,,90,A
367614030,2022-01-06T06:20:01,43.34653,-124.32055,0.0,219.0,511.0,NORTH BEND,,WDH4086,31,0,20,6,,90,A
367614030,2022-01-06T06:22:22,43.34653,-124.32055,0.0,222.0,511.0,NORTH BEND,,WDH4086,31,0,20,6,,90,A
367614030,2022-01-06T06:10:40,43.34656,-124.32053,0.0,243.7,511.0,NORTH BEND,,WDH4086,31,0,20,6,,90,A
367614030,2022-01-06T06:21:12,43.34652,-124.32056,0.0,224.8,511.0,NORTH BEND,,WDH4086,31,0,20,6,,90,A
367614030,2022-01-06T06:37:52,43.34652,-124.32052,0.0,280.8,511.0,NORTH BEND,,WDH4086,31,0,20,6,,90,A
367614030,2022-01-06T06:39:00,43.34653,-124.32053,0.0,286.0,511.0,NORTH BEND,,WDH4086,31,0,20,6,,90,A
367614030,2022-01-06T06:23:30,43.34653,-124.32056,0.0,232.3,511.0,NORTH BEND,,WDH4086,31,0,20,6,,90,A
367614030,2022-01-06T06:15:21,43.34651,-124.32056,0.1,228.8,511.0,NORTH BEND,,WDH4086,31,0,20,6,,90,A
367614030,2022-01-06T06:45:10,43.34653,-124.32053,0.0,316.1,511.0,NORTH BEND,,WDH4086,31,0,20,6,,90,A
367614030,2022-01-06T06:18:51,43.34653,-124.32057,0.0,221.5,511.0,NORTH BEND,,WDH4086,31,0,20,6,,90,A
367614030,2022-01-06T04:49:12,43.34653,-124.32055,0.0,253.8,511.0,NORTH BEND,,WDH4086,31,0,20,6,,90,A
367614030,2022-01-06T06:49:51,43.34654,-124.32055,0.1,325.9,511.0,NORTH BEND,,WDH4086,31,0,20,6,,90,A
367614030,2022-01-06T06:48:41,43.34655,-124.32052,0.1,318.1,511.0,NORTH BEND,,WDH4086,31,0,20,6,,90,A
367614030,2022-01-06T04:51:40,43.34653,-124.32054,0.1,242.8,511.0,NORTH BEND,,WDH4086,31,0,20,6,,90,A
367614030,2022-01-06T06:40:12,43.34653,-124.32056,0.1,308.5,511.0,NORTH BEND,,WDH4086,31,0,20,6,,90,A
367614030,2022-01-06T06:55:41,43.34653,-124.32054,0.0,306.6,511.0,NORTH BEND,,WDH4086,31,0,20,6,,90,A
367614030,2022-01-06T06:44:02,43.34651,-124.32054,0.0,312.0,511.0,NORTH BEND,,WDH4086,31,0,20,6,,90,A
367614030,2022-01-06T06:28:11,43.34654,-124.32055,0.0,230.2,511.0,NORTH BEND,,WDH4086,31,0,20,6,,90,A
367614030,2022-01-06T06:47:30,43.34654,-124.32052,0.0,317.8,511.0,NORTH BEND,,WDH4086,31,0,20,6,,90,A
367614030,2022-01-06T07:06:50,43.34656,-124.32055,0.0,315.8,511.0,NORTH BEND,,WDH4086,31,0,20,6,,90,A
367614030,2022-01-06T07:05:42,43.34655,-124.32055,0.1,312.8,511.0,NORTH BEND,,WDH4086,31,0,20,6,,90,A
367614030,2022-01-06T07:04:41,43.34656,-124.32056,0.0,308.2,511.0,NORTH BEND,,WDH4086,31,0,20,6,,90,A
367614030,2022-01-06T06:51:01,43.34652,-124.32056,0.0,321.7,511.0,NORTH BEND,,WDH4086,31,0,20,6,,90,A
367614030,2022-01-06T07:09:02,43.34652,-124.32051,0.1,311.4,511.0,NORTH BEND,,WDH4086,31,0,20,6,,90,A
367614030,2022-01-06T06:53:11,43.34653,-124.32054,0.0,314.4,511.0,NORTH BEND,,WDH4086,31,0,20,6,,90,A
367614030,2022-01-06T06:54:31,43.34651,-124.32055,0.1,312.6,511.0,NORTH BEND,,WDH4086,31,0,20,6,,90,A
367614030,2022-01-06T05:40:01,43.34655,-124.32051,0.1,356.1,511.0,NORTH BEND,,WDH4086,31,0,20,6,,90,A
367614030,2022-01-06T07:13:41,43.34653,-124.32052,0.0,323.0,511.0,NORTH BEND,,WDH4086,31,0,20,6,,90,A
367614030,2022-01-06T07:12:31,43.34654,-124.32052,0.0,317.8,511.0,NORTH BEND,,WDH4086,31,0,20,6,,90,A
367614030,2022-01-06T07:16:01,43.34656,-124.32053,0.0,314.1,511.0,NORTH BEND,,WDH4086,31,0,20,6,,90,A
367614030,2022-01-06T06:59:02,43.34652,-124.32056,0.0,304.9,511.0,NORTH BEND,,WDH4086,31,0,20,6,,90,A
367614030,2022-01-06T07:18:20,43.34656,-124.32054,0.0,316.0,511.0,NORTH BEND,,WDH4086,31,0,20,6,,90,A
367614030,2022-01-06T07:20:40,43.34654,-124.32056,0.1,319.5,511.0,NORTH BEND,,WDH4086,31,0,20,6,,90,A
367614030,2022-01-06T05:43:32,43.34657,-124.32050,0.1,347.6,511.0,NORTH BEND,,WDH4086,31,0,20,6,,90,A
367614030,2022-01-06T07:02:21,43.34651,-124.32056,0.1,305.7,511.0,NORTH BEND,,WDH4086,31,0,20,6,,90,A
367614030,2022-01-06T05:09:50,43.34656,-124.32052,0.0,268.7,511.0,NORTH BEND,,WDH4086,31,0,20,6,,90,A
367614030,2022-01-06T07:08:01,43.34654,-124.32055,0.0,311.1,511.0,NORTH BEND,,WDH4086,31,0,20,6,,90,A
367614030,2022-01-06T07:10:11,43.34654,-124.32051,0.0,313.1,511.0,NORTH BEND,,WDH4086,31,0,20,6,,90,A
367614030,2022-01-06T07:27:40,43.34656,-124.32059,0.1,324.8,511.0,NORTH BEND,,WDH4086,31,0,20,6,,90,A
367614030,2022-01-06T07:34:40,43.34654,-124.32053,0.0,292.3,511.0,NORTH BEND,,WDH4086,31,0,20,6,,90,A
367614030,2022-01-06T07:30:01,43.34655,-124.32055,0.0,309.4,511.0,NORTH BEND,,WDH4086,31,0,20,6,,90,A
367614030,2022-01-06T05:19:20,43.34654,-124.32055,0.0,273.5,511.0,NORTH BEND,,WDH4086,31,0,20,6,,90,A
367614030,2022-01-06T07:19:30,43.34656,-124.32054,0.0,317.3,511.0,NORTH BEND,,WDH4086,31,0,20,6,,90,A
367614030,2022-01-06T07:33:30,43.34656,-124.32053,0.0,295.2,511.0,NORTH BEND,,WDH4086,31,0,20,6,,90,A
367614030,2022-01-06T07:35:51,43.34654,-124.32054,0.0,283.4,511.0,NORTH BEND,,WDH4086,31,0,20,6,,90,A
367614030,2022-01-06T05:22:50,43.34656,-124.32053,0.1,300.7,511.0,NORTH BEND,,WDH4086,31,0,20,6,,90,A
367614030,2022-01-06T05:56:11,43.34651,-124.32056,0.0,235.0,511.0,NORTH BEND,,WDH4086,31,0,20,6,,90,A
367614030,2022-01-06T07:24:10,43.34653,-124.32057,0.1,329.4,511.0,NORTH BEND,,WDH4086,31,0,20,6,,90,A
367614030,2022-01-06T05:58:30,43.34656,-124.32051,0.1,228.3,511.0,NORTH BEND,,WDH4086,31,0,20,6,,90,A
367614030,2022-01-06T07:41:41,43.34651,-124.32055,0.0,301.2,511.0,NORTH BEND,,WDH4086,31,0,20,6,,90,A
367614030,2022-01-06T05:59:40,43.34656,-124.32051,0.0,222.8,511.0,NORTH BEND,,WDH4086,31,0,20,6,,90,A
367614030,2022-01-06T07:11:21,43.34654,-124.32053,0.0,315.0,511.0,NORTH BEND,,WDH4086,31,0,20,6,,90,A
367614030,2022-01-06T07:40:31,43.34652,-124.32055,0.0,293.5,511.0,NORTH BEND,,WDH4086,31,0,20,6,,90,A
367614030,2022-01-06T07:26:31,43.34653,-124.32058,0.0,338.3,511.0,NORTH BEND,,WDH4086,31,0,20,6,,90,A
367614030,2022-01-06T07:45:11,43.34653,-124.32053,0.0,284.1,511.0,NORTH BEND,,WDH4086,31,0,20,6,,90,A
367614030,2022-01-06T07:47:21,43.34655,-124.32051,0.0,277.0,511.0,NORTH BEND,,WDH4086,31,0,20,6,,90,A
367614030,2022-01-06T07:52:01,43.34653,-124.32053,0.0,290.2,511.0,NORTH BEND,,WDH4086,31,0,20,6,,90,A
367614030,2022-01-06T07:38:11,43.34654,-124.32053,0.0,292.5,511.0,NORTH BEND,,WDH4086,31,0,20,6,,90,A
367614030,2022-01-06T07:54:21,43.34653,-124.32052,0.0,289.4,511.0,NORTH BEND,,WDH4086,31,0,20,6,,90,A
367614030,2022-01-06T08:00:02,43.34654,-124.32052,0.0,286.4,511.0,NORTH BEND,,WDH4086,31,0,20,6,,90,A
367614030,2022-01-06T08:02:20,43.34654,-124.32054,0.0,309.6,511.0,NORTH BEND,,WDH4086,31,0,20,6,,90,A
367614030,2022-01-06T07:43:52,43.34651,-124.32055,0.0,281.4,511.0,NORTH BEND,,WDH4086,31,0,20,6,,90,A
367614030,2022-01-06T06:14:11,43.34652,-124.32055,0.1,227.8,511.0,NORTH BEND,,WDH4086,31,0,20,6,,90,A
367614030,2022-01-06T06:17:41,43.34657,-124.32054,0.1,225.3,511.0,NORTH BEND,,WDH4086,31,0,20,6,,90,A
367614030,2022-01-06T07:50:51,43.34652,-124.32053,0.0,288.0,511.0,NORTH BEND,,WDH4086,31,0,20,6,,90,A
367614030,2022-01-06T08:11:50,43.34656,-124.32051,0.1,277.8,511.0,NORTH BEND,,WDH4086,31,0,20,6,,90,A
367614030,2022-01-06T07:53:11,43.34653,-124.32052,0.0,291.9,511.0,NORTH BEND,,WDH4086,31,0,20,6,,90,A
367614030,2022-01-06T07:55:31,43.34653,-124.32052,0.0,298.1,511.0,NORTH BEND,,WDH4086,31,0,20,6,,90,A
367614030,2022-01-06T08:15:31,43.34653,-124.32054,0.0,284.2,511.0,NORTH BEND,,WDH4086,31,0,20,6,,90,A
367614030,2022-01-06T08:19:11,43.34655,-124.32053,0.1,293.8,511.0,NORTH BEND,,WDH4086,31,0,20,6,,90,A
367614030,2022-01-06T05:53:50,43.34651,-124.32058,0.0,254.3,511.0,NORTH BEND,,WDH4086,31,0,20,6,,90,A
367614030,2022-01-06T08:03:31,43.34653,-124.32053,0.1,307.4,511.0,NORTH BEND,,WDH4086,31,0,20,6,,90,A
367614030,2022-01-06T07:48:31,43.34654,-124.32053,0.0,290.0,511.0,NORTH BEND,,WDH4086,31,0,20,6,,90,A
367614030,2022-01-06T06:31:50,43.34648,-124.32062,0.0,249.9,511.0,NORTH BEND,,WDH4086,31,0,20,6,,90,A
367614030,2022-01-06T06:33:00,43.34649,-124.32056,0.1,276.9,511.0,NORTH BEND,,WDH4086,31,0,20,6,,90,A
367614030,2022-01-06T08:18:01,43.34656,-124.32051,0.0,286.6,511.0,NORTH BEND,,WDH4086,31,0,20,6,,90,A
367614030,2022-01-06T06:34:10,43.34653,-124.32057,0.0,273.5,511.0,NORTH BEND,,WDH4086,31,0,20,6,,90,A
367614030,2022-01-06T07:56:41,43.34656,-124.32052,0.0,282.5,511.0,NORTH BEND,,WDH4086,31,0,20,6,,90,A
367614030,2022-01-06T08:14:20,43.34654,-124.32053,0.0,278.5,511.0,NORTH BEND,,WDH4086,31,0,20,6,,90,A
367614030,2022-01-06T06:03:31,43.34666,-124.32046,0.0,228.2,511.0,NORTH BEND,,WDH4086,31,0,20,6,,90,A
367614030,2022-01-06T08:16:41,43.34653,-124.32054,0.0,293.5,511.0,NORTH BEND,,WDH4086,31,0,20,6,,90,A
367614030,2022-01-06T08:21:31,43.34655,-124.32054,0.0,288.0,511.0,NORTH BEND,,WDH4086,31,0,20,6,,90,A
367614030,2022-01-06T06:46:20,43.34652,-124.32054,0.1,314.6,511.0,NORTH BEND,,WDH4086,31,0,20,6,,90,A
367614030,2022-01-06T08:31:51,43.34654,-124.32053,0.0,263.9,511.0,NORTH BEND,,WDH4086,31,0,20,6,,90,A
367614030,2022-01-06T08:07:00,43.34655,-124.32053,0.1,287.5,511.0,NORTH BEND,,WDH4086,31,0,20,6,,90,A
367614030,2022-01-06T08:24:00,43.34654,-124.32054,0.1,293.1,511.0,NORTH BEND,,WDH4086,31,0,20,6,,90,A
367614030,2022-01-06T08:41:20,43.34654,-124.32054,0.0,257.9,511.0,NORTH BEND,,WDH4086,31,0,20,6,,90,A
367614030,2022-01-06T08:08:21,43.34656,-124.32053,0.0,282.6,511.0,NORTH BEND,,WDH4086,31,0,20,6,,90,A
367614030,2022-01-06T08:25:10,43.34657,-124.32055,0.0,281.7,511.0,NORTH BEND,,WDH4086,31,0,20,6,,90,A
367614030,2022-01-06T08:34:11,43.34655,-124.32053,0.0,266.9,511.0,NORTH BEND,,WDH4086,31,0,20,6,,90,A
367614030,2022-01-06T08:10:40,43.34655,-124.32054,0.0,276.2,511.0,NORTH BEND,,WDH4086,31,0,20,6,,90,A
367614030,2022-01-06T08:26:21,43.34655,-124.32053,0.0,281.4,511.0,NORTH BEND,,WDH4086,31,0,20,6,,90,A
367614030,2022-01-06T08:40:11,43.34656,-124.32053,0.0,258.3,511.0,NORTH BEND,,WDH4086,31,0,20,6,,90,A
367614030,2022-01-06T06:52:10,43.34653,-124.32054,0.0,318.5,511.0,NORTH BEND,,WDH4086,31,0,20,6,,90,A
367614030,2022-01-06T08:42:31,43.34655,-124.32053,0.0,262.4,511.0,NORTH BEND,,WDH4086,31,0,20,6,,90,A
367614030,2022-01-06T08:13:01,43.34654,-124.32052,0.0,274.7,511.0,NORTH BEND,,WDH4086,31,0,20,6,,90,A
367614030,2022-01-06T08:27:31,43.34656,-124.32054,0.0,278.7,511.0,NORTH BEND,,WDH4086,31,0,20,6,,90,A
367614030,2022-01-06T08:48:30,43.34653,-124.32055,0.0,254.3,511.0,NORTH BEND,,WDH4086,31,0,20,6,,90,A
367614030,2022-01-06T08:49:40,43.34654,-124.32054,0.1,249.7,511.0,NORTH BEND,,WDH4086,31,0,20,6,,90,A
367614030,2022-01-06T08:29:51,43.34654,-124.32052,0.0,274.0,511.0,NORTH BEND,,WDH4086,31,0,20,6,,90,A
367614030,2022-01-06T08:35:20,43.34654,-124.32053,0.0,268.3,511.0,NORTH BEND,,WDH4086,31,0,20,6,,90,A
367614030,2022-01-06T08:43:51,43.34656,-124.32053,0.0,269.3,511.0,NORTH BEND,,WDH4086,31,0,20,6,,90,A
367614030,2022-01-06T08:33:01,43.34654,-124.32052,0.0,264.1,511.0,NORTH BEND,,WDH4086,31,0,20,6,,90,A
367614030,2022-01-06T08:22:40,43.34657,-124.32053,0.0,284.1,511.0,NORTH BEND,,WDH4086,31,0,20,6,,90,A
367614030,2022-01-06T08:47:22,43.34653,-124.32054,0.0,253.5,511.0,NORTH BEND,,WDH4086,31,0,20,6,,90,A
367614030,2022-01-06T06:56:42,43.34652,-124.32056,0.0,305.6,511.0,NORTH BEND,,WDH4086,31,0,20,6,,90,A
367614030,2022-01-06T06:24:40,43.34655,-124.32057,0.0,244.4,511.0,NORTH BEND,,WDH4086,31,0,20,6,,90,A
367614030,2022-01-06T06:57:52,43.34651,-124.32055,0.0,304.1,511.0,NORTH BEND,,WDH4086,31,0,20,6,,90,A
367614030,2022-01-06T07:00:02,43.34652,-124.32055,0.0,302.2,511.0,NORTH BEND,,WDH4086,31,0,20,6,,90,A
367614030,2022-01-06T08:28:40,43.34654,-124.32054,0.0,283.5,511.0,NORTH BEND,,WDH4086,31,0,20,6,,90,A
367614030,2022-01-06T08:56:41,43.34657,-124.32051,0.0,251.2,511.0,NORTH BEND,,WDH4086,31,0,20,6,,90,A
367614030,2022-01-06T06:29:20,43.34653,-124.32058,0.1,234.7,511.0,NORTH BEND,,WDH4086,31,0,20,6,,90,A
367614030,2022-01-06T09:07:10,43.34653,-124.32052,0.1,282.2,511.0,NORTH BEND,,WDH4086,31,0,20,6,,90,A
367614030,2022-01-06T07:03:31,43.34651,-124.32055,0.0,313.6,511.0,NORTH BEND,,WDH4086,31,0,20,6,,90,A
367614030,2022-01-06T08:46:10,43.34653,-124.32054,0.1,264.0,511.0,NORTH BEND,,WDH4086,31,0,20,6,,90,A
367614030,2022-01-06T09:03:31,43.34656,-124.32051,0.0,296.0,511.0,NORTH BEND,,WDH4086,31,0,20,6,,90,A
367614030,2022-01-06T06:35:20,43.34653,-124.32054,0.0,276.6,511.0,NORTH BEND,,WDH4086,31,0,20,6,,90,A
367614030,2022-01-06T09:08:21,43.34652,-124.32051,0.1,270.4,511.0,NORTH BEND,,WDH4086,31,0,20,6,,90,A
367614030,2022-01-06T08:57:51,43.34656,-124.32053,0.0,258.2,511.0,NORTH BEND,,WDH4086,31,0,20,6,,90,A
367614030,2022-01-06T07:14:51,43.34654,-124.32051,0.0,318.7,511.0,NORTH BEND,,WDH4086,31,0,20,6,,90,A
367614030,2022-01-06T09:10:41,43.34655,-124.32054,0.0,268.3,511.0,NORTH BEND,,WDH4086,31,0,20,6,,90,A
367614030,2022-01-06T09:19:01,43.34660,-124.32050,0.0,278.8,511.0,NORTH BEND,,WDH4086,31,0,20,6,,90,A
367614030,2022-01-06T09:11:50,43.34654,-124.32054,0.0,263.6,511.0,NORTH BEND,,WDH4086,31,0,20,6,,90,A
367614030,2022-01-06T09:04:40,43.34655,-124.32050,0.1,302.5,511.0,NORTH BEND,,WDH4086,31,0,20,6,,90,A
367614030,2022-01-06T07:25:20,43.34653,-124.32056,0.1,341.7,511.0,NORTH BEND,,WDH4086,31,0,20,6,,90,A
367614030,2022-01-06T09:24:51,43.34659,-124.32052,0.0,289.4,511.0,NORTH BEND,,WDH4086,31,0,20,6,,90,A
367614030,2022-01-06T07:28:50,43.34656,-124.32056,0.0,316.5,511.0,NORTH BEND,,WDH4086,31,0,20,6,,90,A
367614030,2022-01-06T09:28:21,43.34659,-124.32053,0.0,287.9,511.0,NORTH BEND,,WDH4086,31,0,20,6,,90,A
367614030,2022-01-06T09:39:51,43.34656,-124.32053,0.0,306.4,511.0,NORTH BEND,,WDH4086,31,0,20,6,,90,A
367614030,2022-01-06T07:01:11,43.34651,-124.32057,0.0,312.3,511.0,NORTH BEND,,WDH4086,31,0,20,6,,90,A
367614030,2022-01-06T09:15:30,43.34654,-124.32052,0.0,263.5,511.0,NORTH BEND,,WDH4086,31,0,20,6,,90,A
367614030,2022-01-06T09:16:41,43.34658,-124.32050,0.0,267.6,511.0,NORTH BEND,,WDH4086,31,0,20,6,,90,A
367614030,2022-01-06T09:29:32,43.34660,-124.32053,0.0,291.0,511.0,NORTH BEND,,WDH4086,31,0,20,6,,90,A
367614030,2022-01-06T09:22:31,43.34658,-124.32052,0.0,291.2,511.0,NORTH BEND,,WDH4086,31,0,20,6,,90,A
367614030,2022-01-06T09:02:20,43.34657,-124.32052,0.0,285.8,511.0,NORTH BEND,,WDH4086,31,0,20,6,,90,A
367614030,2022-01-06T09:32:52,43.34656,-124.32051,0.0,291.8,511.0,NORTH BEND,,WDH4086,31,0,20,6,,90,A
367614030,2022-01-06T07:37:02,43.34655,-124.32054,0.0,275.1,511.0,NORTH BEND,,WDH4086,31,0,20,6,,90,A
367614030,2022-01-06T09:21:20,43.34658,-124.32050,0.0,292.8,511.0,NORTH BEND,,WDH4086,31,0,20,6,,90,A
367614030,2022-01-06T09:05:50,43.34656,-124.32051,0.0,305.8,511.0,NORTH BEND,,WDH4086,31,0,20,6,,90,A
367614030,2022-01-06T09:23:41,43.34661,-124.32049,0.1,297.1,511.0,NORTH BEND,,WDH4086,31,0,20,6,,90,A
367614030,2022-01-06T07:17:11,43.34656,-124.32054,0.0,311.8,511.0,NORTH BEND,,WDH4086,31,0,20,6,,90,A
367614030,2022-01-06T09:42:11,43.34655,-124.32056,0.0,301.6,511.0,NORTH BEND,,WDH4086,31,0,20,6,,90,A
367614030,2022-01-06T09:35:10,43.34655,-124.32051,0.0,296.7,511.0,NORTH BEND,,WDH4086,31,0,20,6,,90,A
367614030,2022-01-06T09:36:20,43.34656,-124.32054,0.0,303.0,511.0,NORTH BEND,,WDH4086,31,0,20,6,,90,A
367614030,2022-01-06T09:49:21,43.34654,-124.32053,0.0,296.2,511.0,NORTH BEND,,WDH4086,31,0,20,6,,90,A
367614030,2022-01-06T09:37:31,43.34654,-124.32053,0.1,302.6,511.0,NORTH BEND,,WDH4086,31,0,20,6,,90,A
367614030,2022-01-06T07:46:20,43.34654,-124.32051,0.0,285.1,511.0,NORTH BEND,,WDH4086,31,0,20,6,,90,A
367614030,2022-01-06T10:02:22,43.34652,-124.32052,0.0,305.1,511.0,NORTH BEND,,WDH4086,31,0,20,6,,90,A
367614030,2022-01-06T10:04:41,43.34653,-124.32053,0.0,310.2,511.0,NORTH BEND,,WDH4086,31,0,20,6,,90,A
367614030,2022-01-06T07:21:52,43.34653,-124.32057,0.0,325.1,511.0,NORTH BEND,,WDH4086,31,0,20,6,,90,A
367614030,2022-01-06T07:23:01,43.34654,-124.32059,0.0,321.9,511.0,NORTH BEND,,WDH4086,31,0,20,6,,90,A
367614030,2022-01-06T09:38:50,43.34654,-124.32053,0.0,306.1,511.0,NORTH BEND,,WDH4086,31,0,20,6,,90,A
367614030,2022-01-06T10:09:21,43.34655,-124.32052,0.0,329.8,511.0,NORTH BEND,,WDH4086,31,0,20,6,,90,A
367614030,2022-01-06T09:20:10,43.34660,-124.32051,0.0,284.9,511.0,NORTH BEND,,WDH4086,31,0,20,6,,90,A
367614030,2022-01-06T09:43:22,43.34655,-124.32056,0.0,297.0,511.0,NORTH BEND,,WDH4086,31,0,20,6,,90,A
367614030,2022-01-06T09:26:01,43.34659,-124.32051,0.0,293.1,511.0,NORTH BEND,,WDH4086,31,0,20,6,,90,A
367614030,2022-01-06T09:47:00,43.34655,-124.32055,0.0,291.6,511.0,NORTH BEND,,WDH4086,31,0,20,6,,90,A
367614030,2022-01-06T09:27:11,43.34660,-124.32053,0.0,285.2,511.0,NORTH BEND,,WDH4086,31,0,20,6,,90,A
367614030,2022-01-06T09:54:01,43.34656,-124.32052,0.0,313.7,511.0,NORTH BEND,,WDH4086,31,0,20,6,,90,A
367614030,2022-01-06T09:51:41,43.34656,-124.32054,0.0,303.4,511.0,NORTH BEND,,WDH4086,31,0,20,6,,90,A
367614030,2022-01-06T08:04:41,43.34655,-124.32053,0.0,306.4,511.0,NORTH BEND,,WDH4086,31,0,20,6,,90,A
367614030,2022-01-06T07:39:21,43.34652,-124.32054,0.0,296.0,511.0,NORTH BEND,,WDH4086,31,0,20,6,,90,A
367614030,2022-01-06T08:05:50,43.34653,-124.32052,0.0,297.9,511.0,NORTH BEND,,WDH4086,31,0,20,6,,90,A
367614030,2022-01-06T10:00:02,43.34654,-124.32052,0.0,309.0,511.0,NORTH BEND,,WDH4086,31,0,20,6,,90,A
367614030,2022-01-06T08:09:31,43.34656,-124.32052,0.0,280.4,511.0,NORTH BEND,,WDH4086,31,0,20,6,,90,A
367614030,2022-01-06T10:03:30,43.34653,-124.32054,0.0,300.3,511.0,NORTH BEND,,WDH4086,31,0,20,6,,90,A
367614030,2022-01-06T07:42:51,43.34653,-124.32052,0.0,285.8,511.0,NORTH BEND,,WDH4086,31,0,20,6,,90,A
367614030,2022-01-06T09:41:10,43.34656,-124.32054,0.0,303.0,511.0,NORTH BEND,,WDH4086,31,0,20,6,,90,A
367614030,2022-01-06T10:14:00,43.34654,-124.32051,0.0,333.3,511.0,NORTH BEND,,WDH4086,31,0,20,6,,90,A
367614030,2022-01-06T10:24:51,43.34658,-124.32055,0.0,330.6,511.0,NORTH BEND,,WDH4086,31,0,20,6,,90,A
367614030,2022-01-06T10:05:52,43.34656,-124.32053,0.0,319.2,511.0,NORTH BEND,,WDH4086,31,0,20,6,,90,A
367614030,2022-01-06T10:07:00,43.34655,-124.32052,0.0,328.8,511.0,NORTH BEND,,WDH4086,31,0,20,6,,90,A
367614030,2022-01-06T10:08:11,43.34654,-124.32053,0.1,332.2,511.0,NORTH BEND,,WDH4086,31,0,20,6,,90,A
367614030,2022-01-06T10:15:11,43.34655,-124.32053,0.0,324.9,511.0,NORTH BEND,,WDH4086,31,0,20,6,,90,A
367614030,2022-01-06T07:49:41,43.34653,-124.32052,0.0,289.4,511.0,NORTH BEND,,WDH4086,31,0,20,6,,90,A
367614030,2022-01-06T10:10:31,43.34655,-124.32051,0.0,333.3,511.0,NORTH BEND,,WDH4086,31,0,20,6,,90,A
367614030,2022-01-06T10:17:42,43.34655,-124.32053,0.0,329.1,511.0,NORTH BEND,,WDH4086,31,0,20,6,,90,A
367614030,2022-01-06T10:23:40,43.34655,-124.32053,0.0,332.5,511.0,NORTH BEND,,WDH4086,31,0,20,6,,90,A
367614030,2022-01-06T07:57:52,43.34655,-124.32052,0.0,288.0,511.0,NORTH BEND,,WDH4086,31,0,20,6,,90,A
367614030,2022-01-06T09:55:11,43.34655,-124.32053,0.0,321.2,511.0,NORTH BEND,,WDH4086,31,0,20,6,,90,A
367614030,2022-01-06T07:59:02,43.34653,-124.32053,0.0,284.0,511.0,NORTH BEND,,WDH4086,31,0,20,6,,90,A
367614030,2022-01-06T10:42:00,43.34655,-124.32052,0.0,313.9,511.0,NORTH BEND,,WDH4086,31,0,20,6,,90,A
367614030,2022-01-06T10:26:02,43.34651,-124.32054,0.1,333.7,511.0,NORTH BEND,,WDH4086,31,0,20,6,,90,A
367614030,2022-01-06T09:56:12,43.34656,-124.32054,0.0,320.5,511.0,NORTH BEND,,WDH4086,31,0,20,6,,90,A
367614030,2022-01-06T10:44:21,43.34655,-124.32053,0.0,306.0,511.0,NORTH BEND,,WDH4086,31,0,20,6,,90,A
367614030,2022-01-06T08:01:10,43.34651,-124.32052,0.0,299.9,511.0,NORTH BEND,,WDH4086,31,0,20,6,,90,A
367614030,2022-01-06T10:20:11,43.34654,-124.32054,0.0,325.6,511.0,NORTH BEND,,WDH4086,31,0,20,6,,90,A
367614030,2022-01-06T10:28:31,43.34657,-124.32052,0.0,330.8,511.0,NORTH BEND,,WDH4086,31,0,20,6,,90,A
367614030,2022-01-06T10:46:40,43.34656,-124.32055,0.0,319.2,511.0,NORTH BEND,,WDH4086,31,0,20,6,,90,A
367614030,2022-01-06T10:54:41,43.34658,-124.32053,0.0,294.7,511.0,NORTH BEND,,WDH4086,31,0,20,6,,90,A
367614030,2022-01-06T10:27:11,43.34656,-124.32054,0.0,330.7,511.0,NORTH BEND,,WDH4086,31,0,20,6,,90,A
367614030,2022-01-06T11:03:41,43.34655,-124.32056,0.1,215.5,511.0,NORTH BEND,,WDH4086,31,0,20,6,,90,A
367614030,2022-01-06T10:43:12,43.34651,-124.32053,0.0,309.3,511.0,NORTH BEND,,WDH4086,31,0,20,6,,90,A
367614030,2022-01-06T11:09:31,43.34652,-124.32055,0.0,216.7,511.0,NORTH BEND,,WDH4086,31,0,20,6,,90,A
367614030,2022-01-06T11:07:12,43.34652,-124.32056,0.0,197.3,511.0,NORTH BEND,,WDH4086,31,0,20,6,,90,A
367614030,2022-01-06T08:20:20,43.34656,-124.32052,0.0,285.4,511.0,NORTH BEND,,WDH4086,31,0,20,6,,90,A
367614030,2022-01-06T10:21:21,43.34654,-124.32053,0.1,331.6,511.0,NORTH BEND,,WDH4086,31,0,20,6,,90,A
367614030,2022-01-06T10:22:31,43.34654,-124.32056,0.0,330.5,511.0,NORTH BEND,,WDH4086,31,0,20,6,,90,A
367614030,2022-01-06T10:55:50,43.34655,-124.32053,0.0,288.0,511.0,NORTH BEND,,WDH4086,31,0,20,6,,90,A
367614030,2022-01-06T10:50:10,43.34659,-124.32052,0.0,315.8,511.0,NORTH BEND,,WDH4086,31,0,20,6,,90,A
367614030,2022-01-06T11:21:10,43.34657,-124.32054,0.0,270.3,511.0,NORTH BEND,,WDH4086,31,0,20,6,,90,A
367614030,2022-01-06T10:51:20,43.34659,-124.32051,0.0,314.1,511.0,NORTH BEND,,WDH4086,31,0,20,6,,90,A
367614030,2022-01-06T11:23:30,43.34657,-124.32054,0.0,268.8,511.0,NORTH BEND,,WDH4086,31,0,20,6,,90,A
367614030,2022-01-06T11:22:21,43.34659,-124.32054,0.0,276.6,511.0,NORTH BEND,,WDH4086,31,0,20,6,,90,A
367614030,2022-01-06T10:59:41,43.34658,-124.32053,0.1,264.6,511.0,NORTH BEND,,WDH4086,31,0,20,6,,90,A
367614030,2022-01-06T10:53:40,43.34656,-124.32052,0.0,301.5,511.0,NORTH BEND,,WDH4086,31,0,20,6,,90,A
367614030,2022-01-06T11:01:11,43.34656,-124.32051,0.1,238.5,511.0,NORTH BEND,,WDH4086,31,0,20,6,,90,A
367614030,2022-01-06T08:36:40,43.34656,-124.32053,0.0,260.8,511.0,NORTH BEND,,WDH4086,31,0,20,6,,90,A
367614030,2022-01-06T08:50:50,43.34654,-124.32055,0.0,245.7,511.0,NORTH BEND,,WDH4086,31,0,20,6,,90,A
367614030,2022-01-06T08:37:50,43.34655,-124.32053,0.0,250.3,511.0,NORTH BEND,,WDH4086,31,0,20,6,,90,A
367614030,2022-01-06T08:39:01,43.34655,-124.32052,0.0,254.1,511.0,NORTH BEND,,WDH4086,31,0,20,6,,90,A
367614030,2022-01-06T08:53:21,43.34655,-124.32053,0.1,243.8,511.0,NORTH BEND,,WDH4086,31,0,20,6,,90,A
367614030,2022-01-06T11:28:11,43.34654,-124.32051,0.0,216.3,511.0,NORTH BEND,,WDH4086,31,0,20,6,,90,A
367614030,2022-01-06T11:16:41,43.34657,-124.32053,0.0,255.7,511.0,NORTH BEND,,WDH4086,31,0,20,6,,90,A
367614030,2022-01-06T08:55:40,43.34652,-124.32053,0.0,239.6,511.0,NORTH BEND,,WDH4086,31,0,20,6,,90,A
367614030,2022-01-06T08:45:01,43.34654,-124.32052,0.1,263.8,511.0,NORTH BEND,,WDH4086,31,0,20,6,,90,A
367614030,2022-01-06T11:10:41,43.34656,-124.32054,0.0,227.5,511.0,NORTH BEND,,WDH4086,31,0,20,6,,90,A
367614030,2022-01-06T10:45:32,43.34656,-124.32052,0.0,314.2,511.0,NORTH BEND,,WDH4086,31,0,20,6,,90,A
367614030,2022-01-06T11:02:32,43.34654,-124.32054,0.0,228.4,511.0,NORTH BEND,,WDH4086,31,0,20,6,,90,A
367614030,2022-01-06T11:34:40,43.34654,-124.32054,0.0,238.5,511.0,NORTH BEND,,WDH4086,31,0,20,6,,90,A
367614030,2022-01-06T08:59:00,43.34656,-124.32053,0.0,263.4,511.0,NORTH BEND,,WDH4086,31,0,20,6,,90,A
367614030,2022-01-06T10:47:51,43.34658,-124.32051,0.0,313.2,511.0,NORTH BEND,,WDH4086,31,0,20,6,,90,A
367614030,2022-01-06T09:00:00,43.34655,-124.32053,0.0,271.5,511.0,NORTH BEND,,WDH4086,31,0,20,6,,90,A
367614030,2022-01-06T11:04:51,43.34654,-124.32054,0.1,200.3,511.0,NORTH BEND,,WDH4086,31,0,20,6,,90,A
367614030,2022-01-06T11:37:01,43.34655,-124.32053,0.0,239.1,511.0,NORTH BEND,,WDH4086,31,0,20,6,,90,A
367614030,2022-01-06T08:52:11,43.34654,-124.32053,0.0,239.9,511.0,NORTH BEND,,WDH4086,31,0,20,6,,90,A
367614030,2022-01-06T08:54:31,43.34656,-124.32053,0.0,238.2,511.0,NORTH BEND,,WDH4086,31,0,20,6,,90,A
367614030,2022-01-06T11:20:00,43.34656,-124.32055,0.0,280.9,511.0,NORTH BEND,,WDH4086,31,0,20,6,,90,A
367614030,2022-01-06T11:44:01,43.34656,-124.32055,0.0,270.2,511.0,NORTH BEND,,WDH4086,31,0,20,6,,90,A
367614030,2022-01-06T11:24:40,43.34658,-124.32052,0.0,255.1,511.0,NORTH BEND,,WDH4086,31,0,20,6,,90,A
367614030,2022-01-06T09:09:31,43.34655,-124.32051,0.0,265.0,511.0,NORTH BEND,,WDH4086,31,0,20,6,,90,A
367614030,2022-01-06T09:01:10,43.34654,-124.32052,0.0,278.5,511.0,NORTH BEND,,WDH4086,31,0,20,6,,90,A
367614030,2022-01-06T11:15:31,43.34657,-124.32054,0.0,246.3,511.0,NORTH BEND,,WDH4086,31,0,20,6,,90,A
367614030,2022-01-06T11:53:20,43.34655,-124.32055,0.0,283.0,511.0,NORTH BEND,,WDH4086,31,0,20,6,,90,A
367614030,2022-01-06T09:14:20,43.34656,-124.32051,0.0,258.8,511.0,NORTH BEND,,WDH4086,31,0,20,6,,90,A
367614030,2022-01-06T11:33:31,43.34654,-124.32057,0.0,224.6,511.0,NORTH BEND,,WDH4086,31,0,20,6,,90,A
367614030,2022-01-06T11:06:01,43.34652,-124.32055,0.1,202.2,511.0,NORTH BEND,,WDH4086,31,0,20,6,,90,A
367614030,2022-01-06T09:17:51,43.34658,-124.32049,0.0,274.5,511.0,NORTH BEND,,WDH4086,31,0,20,6,,90,A
367614030,2022-01-06T11:35:50,43.34653,-124.32053,0.0,237.1,511.0,NORTH BEND,,WDH4086,31,0,20,6,,90,A
367614030,2022-01-06T12:03:31,43.34655,-124.32052,0.0,242.2,511.0,NORTH BEND,,WDH4086,31,0,20,6,,90,A
367614030,2022-01-06T11:38:11,43.34654,-124.32055,0.1,245.2,511.0,NORTH BEND,,WDH4086,31,0,20,6,,90,A
367614030,2022-01-06T12:00:01,43.34653,-124.32054,0.0,246.6,511.0,NORTH BEND,,WDH4086,31,0,20,6,,90,A
367614030,2022-01-06T11:08:20,43.34652,-124.32061,0.0,213.2,511.0,NORTH BEND,,WDH4086,31,0,20,6,,90,A
367614030,2022-01-06T11:40:31,43.34656,-124.32053,0.0,241.2,511.0,NORTH BEND,,WDH4086,31,0,20,6,,90,A
367614030,2022-01-06T09:13:11,43.34650,-124.32053,0.0,263.2,511.0,NORTH BEND,,WDH4086,31,0,20,6,,90,A
367614030,2022-01-06T12:05:52,43.34655,-124.32055,0.1,254.3,511.0,NORTH BEND,,WDH4086,31,0,20,6,,90,A
367614030,2022-01-06T11:29:21,43.34656,-124.32054,0.1,215.7,511.0,NORTH BEND,,WDH4086,31,0,20,6,,90,A
367614030,2022-01-06T11:41:40,43.34656,-124.32053,0.0,242.7,511.0,NORTH BEND,,WDH4086,31,0,20,6,,90,A
367614030,2022-01-06T11:46:20,43.34655,-124.32054,0.0,281.2,511.0,NORTH BEND,,WDH4086,31,0,20,6,,90,A
367614030,2022-01-06T11:47:31,43.34653,-124.32053,0.0,282.3,511.0,NORTH BEND,,WDH4086,31,0,20,6,,90,A
367614030,2022-01-06T12:09:20,43.34654,-124.32058,0.1,272.8,511.0,NORTH BEND,,WDH4086,31,0,20,6,,90,A
367614030,2022-01-06T11:14:21,43.34658,-124.32052,0.0,250.8,511.0,NORTH BEND,,WDH4086,31,0,20,6,,90,A
367614030,2022-01-06T11:48:41,43.34657,-124.32051,0.0,293.2,511.0,NORTH BEND,,WDH4086,31,0,20,6,,90,A
367614030,2022-01-06T11:54:31,43.34656,-124.32056,0.0,272.0,511.0,NORTH BEND,,WDH4086,31,0,20,6,,90,A
367614030,2022-01-06T12:15:10,43.34655,-124.32055,0.0,276.0,511.0,NORTH BEND,,WDH4086,31,0,20,6,,90,A
367614030,2022-01-06T11:52:11,43.34656,-124.32053,0.0,300.8,511.0,NORTH BEND,,WDH4086,31,0,20,6,,90,A
367614030,2022-01-06T12:22:10,43.34656,-124.32059,0.0,278.4,511.0,NORTH BEND,,WDH4086,31,0,20,6,,90,A
367614030,2022-01-06T11:27:00,43.34657,-124.32054,0.0,230.9,511.0,NORTH BEND,,WDH4086,31,0,20,6,,90,A
367614030,2022-01-06T09:34:01,43.34655,-124.32052,0.0,298.8,511.0,NORTH BEND,,WDH4086,31,0,20,6,,90,A
367614030,2022-01-06T12:25:41,43.34652,-124.32056,0.0,279.2,511.0,NORTH BEND,,WDH4086,31,0,20,6,,90,A
367614030,2022-01-06T12:24:31,43.34651,-124.32056,0.0,276.2,511.0,NORTH BEND,,WDH4086,31,0,20,6,,90,A
367614030,2022-01-06T11:49:51,43.34656,-124.32050,0.0,299.8,511.0,NORTH BEND,,WDH4086,31,0,20,6,,90,A
367614030,2022-01-06T11:51:01,43.34656,-124.32054,0.0,295.0,511.0,NORTH BEND,,WDH4086,31,0,20,6,,90,A
367614030,2022-01-06T11:55:41,43.34651,-124.32063,0.0,256.8,511.0,NORTH BEND,,WDH4086,31,0,20,6,,90,A
367614030,2022-01-06T12:37:52,43.34653,-124.32052,0.0,293.6,511.0,NORTH BEND,,WDH4086,31,0,20,6,,90,A
367614030,2022-01-06T12:07:02,43.34655,-124.32057,0.1,270.3,511.0,NORTH BEND,,WDH4086,31,0,20,6,,90,A
367614030,2022-01-06T12:35:41,43.34656,-124.32050,0.0,299.5,511.0,NORTH BEND,,WDH4086,31,0,20,6,,90,A
367614030,2022-01-06T12:42:41,43.34655,-124.32052,0.0,296.4,511.0,NORTH BEND,,WDH4086,31,0,20,6,,90,A
367614030,2022-01-06T09:44:42,43.34656,-124.32058,0.1,293.0,511.0,NORTH BEND,,WDH4086,31,0,20,6,,90,A
367614030,2022-01-06T12:43:51,43.34655,-124.32052,0.0,296.4,511.0,NORTH BEND,,WDH4086,31,0,20,6,,90,A
367614030,2022-01-06T12:21:00,43.34655,-124.32058,0.0,277.4,511.0,NORTH BEND,,WDH4086,31,0,20,6,,90,A
367614030,2022-01-06T09:45:50,43.34658,-124.32057,0.0,291.7,511.0,NORTH BEND,,WDH4086,31,0,20,6,,90,A
367614030,2022-01-06T09:48:11,43.34654,-124.32053,0.0,291.5,511.0,NORTH BEND,,WDH4086,31,0,20,6,,90,A
367614030,2022-01-06T12:48:31,43.34653,-124.32054,0.0,302.9,511.0,NORTH BEND,,WDH4086,31,0,20,6,,90,A
367614030,2022-01-06T09:50:31,43.34654,-124.32052,0.0,299.8,511.0,NORTH BEND,,WDH4086,31,0,20,6,,90,A
367614030,2022-01-06T12:19:51,43.34655,-124.32056,0.0,278.9,511.0,NORTH BEND,,WDH4086,31,0,20,6,,90,A
367614030,2022-01-06T09:52:50,43.34656,-124.32054,0.0,310.4,511.0,NORTH BEND,,WDH4086,31,0,20,6,,90,A
367614030,2022-01-06T12:55:20,43.34656,-124.32054,0.1,306.7,511.0,NORTH BEND,,WDH4086,31,0,20,6,,90,A
367614030,2022-01-06T12:16:21,43.34655,-124.32054,0.0,277.9,511.0,NORTH BEND,,WDH4086,31,0,20,6,,90,A
367614030,2022-01-06T12:23:22,43.34654,-124.32055,0.0,284.8,511.0,NORTH BEND,,WDH4086,31,0,20,6,,90,A
367614030,2022-01-06T12:56:30,43.34652,-124.32054,0.1,297.2,511.0,NORTH BEND,,WDH4086,31,0,20,6,,90,A
367614030,2022-01-06T12:17:31,43.34655,-124.32055,0.1,273.9,511.0,NORTH BEND,,WDH4086,31,0,20,6,,90,A
367614030,2022-01-06T12:57:41,43.34656,-124.32054,0.0,299.5,511.0,NORTH BEND,,WDH4086,31,0,20,6,,90,A
367614030,2022-01-06T09:57:22,43.34654,-124.32057,0.0,316.7,511.0,NORTH BEND,,WDH4086,31,0,20,6,,90,A
367614030,2022-01-06T11:57:51,43.34632,-124.32076,0.0,252.3,511.0,NORTH BEND,,WDH4086,31,0,20,6,,90,A
367614030,2022-01-06T11:59:01,43.34647,-124.32060,0.0,249.3,511.0,NORTH BEND,,WDH4086,31,0,20,6,,90,A
367614030,2022-01-06T09:58:30,43.34655,-124.32056,0.0,311.5,511.0,NORTH BEND,,WDH4086,31,0,20,6,,90,A
367614030,2022-01-06T12:29:11,43.34653,-124.32055,0.0,288.6,511.0,NORTH BEND,,WDH4086,31,0,20,6,,90,A
367614030,2022-01-06T12:02:20,43.34654,-124.32053,0.1,239.8,511.0,NORTH BEND,,WDH4086,31,0,20,6,,90,A
367614030,2022-01-06T09:59:40,43.34654,-124.32053,0.0,309.7,511.0,NORTH BEND,,WDH4086,31,0,20,6,,90,A
367614030,2022-01-06T10:01:12,43.34655,-124.32053,0.0,307.9,511.0,NORTH BEND,,WDH4086,31,0,20,6,,90,A
367614030,2022-01-06T12:41:30,43.34655,-124.32052,0.0,299.1,511.0,NORTH BEND,,WDH4086,31,0,20,6,,90,A
367614030,2022-01-06T12:32:11,43.34654,-124.32052,0.0,292.5,511.0,NORTH BEND,,WDH4086,31,0,20,6,,90,A
367614030,2022-01-06T13:11:42,43.34656,-124.32052,0.1,282.5,511.0,NORTH BEND,,WDH4086,31,0,20,6,,90,A
367614030,2022-01-06T12:33:20,43.34655,-124.32051,0.0,293.2,511.0,NORTH BEND,,WDH4086,31,0,20,6,,90,A
367614030,2022-01-06T12:40:22,43.34653,-124.32053,0.0,300.8,511.0,NORTH BEND,,WDH4086,31,0,20,6,,90,A
367614030,2022-01-06T13:12:50,43.34656,-124.32054,0.1,269.9,511.0,NORTH BEND,,WDH4086,31,0,20,6,,90,A
367614030,2022-01-06T12:10:31,43.34651,-124.32058,0.0,285.3,511.0,NORTH BEND,,WDH4086,31,0,20,6,,90,A
367614030,2022-01-06T13:22:00,43.34652,-124.32056,0.0,221.1,511.0,NORTH BEND,,WDH4086,31,0,20,6,,90,A
367614030,2022-01-06T10:12:51,43.34655,-124.32051,0.1,333.6,511.0,NORTH BEND,,WDH4086,31,0,20,6,,90,A
367614030,2022-01-06T10:11:41,43.34654,-124.32051,0.0,334.3,511.0,NORTH BEND,,WDH4086,31,0,20,6,,90,A
367614030,2022-01-06T12:46:11,43.34655,-124.32052,0.0,300.7,511.0,NORTH BEND,,WDH4086,31,0,20,6,,90,A
367614030,2022-01-06T10:16:22,43.34654,-124.32053,0.0,328.8,511.0,NORTH BEND,,WDH4086,31,0,20,6,,90,A
367614030,2022-01-06T10:18:50,43.34654,-124.32053,0.0,328.8,511.0,NORTH BEND,,WDH4086,31,0,20,6,,90,A
367614030,2022-01-06T13:00:02,43.34654,-124.32053,0.1,310.5,511.0,NORTH BEND,,WDH4086,31,0,20,6,,90,A
367614030,2022-01-06T12:51:50,43.34656,-124.32052,0.0,306.0,511.0,NORTH BEND,,WDH4086,31,0,20,6,,90,A
367614030,2022-01-06T12:26:51,43.34650,-124.32056,0.1,283.1,511.0,NORTH BEND,,WDH4086,31,0,20,6,,90,A
367614030,2022-01-06T12:53:00,43.34655,-124.32052,0.0,302.2,511.0,NORTH BEND,,WDH4086,31,0,20,6,,90,A
367614030,2022-01-06T12:28:02,43.34653,-124.32054,0.1,277.1,511.0,NORTH BEND,,WDH4086,31,0,20,6,,90,A
367614030,2022-01-06T12:54:11,43.34657,-124.32054,0.0,301.5,511.0,NORTH BEND,,WDH4086,31,0,20,6,,90,A
367614030,2022-01-06T13:02:20,43.34654,-124.32054,0.0,314.0,511.0,NORTH BEND,,WDH4086,31,0,20,6,,90,A
367614030,2022-01-06T12:31:00,43.34654,-124.32052,0.1,290.4,511.0,NORTH BEND,,WDH4086,31,0,20,6,,90,A
367614030,2022-01-06T13:42:42,43.34657,-124.32055,0.0,232.5,511.0,NORTH BEND,,WDH4086,31,0,20,6,,90,A
367614030,2022-01-06T12:36:51,43.34654,-124.32052,0.0,299.2,511.0,NORTH BEND,,WDH4086,31,0,20,6,,90,A
367614030,2022-01-06T13:08:11,43.34656,-124.32054,0.1,303.2,511.0,NORTH BEND,,WDH4086,31,0,20,6,,90,A
367614030,2022-01-06T13:48:30,43.34659,-124.32055,0.0,255.1,511.0,NORTH BEND,,WDH4086,31,0,20,6,,90,A
367614030,2022-01-06T13:16:11,43.34657,-124.32052,0.0,240.8,511.0,NORTH BEND,,WDH4086,31,0,20,6,,90,A
367614030,2022-01-06T13:17:20,43.34657,-124.32051,0.0,236.5,511.0,NORTH BEND,,WDH4086,31,0,20,6,,90,A
367614030,2022-01-06T13:47:21,43.34658,-124.32052,0.0,250.2,511.0,NORTH BEND,,WDH4086,31,0,20,6,,90,A
367614030,2022-01-06T10:29:41,43.34653,-124.32054,0.1,329.5,511.0,NORTH BEND,,WDH4086,31,0,20,6,,90,A
367614030,2022-01-06T13:19:40,43.34655,-124.32051,0.0,234.0,511.0,NORTH BEND,,WDH4086,31,0,20,6,,90,A
367614030,2022-01-06T13:52:01,43.34654,-124.32053,0.0,269.3,511.0,NORTH BEND,,WDH4086,31,0,20,6,,90,A
367614030,2022-01-06T13:53:20,43.34656,-124.32053,0.0,259.9,511.0,NORTH BEND,,WDH4086,31,0,20,6,,90,A
367614030,2022-01-06T13:23:11,43.34654,-124.32055,0.0,224.4,511.0,NORTH BEND,,WDH4086,31,0,20,6,,90,A
367614030,2022-01-06T13:24:22,43.34653,-124.32053,0.0,224.2,511.0,NORTH BEND,,WDH4086,31,0,20,6,,90,A
367614030,2022-01-06T13:18:31,43.34656,-124.32051,0.0,232.4,511.0,NORTH BEND,,WDH4086,31,0,20,6,,90,A
367614030,2022-01-06T12:47:20,43.34655,-124.32053,0.1,301.5,511.0,NORTH BEND,,WDH4086,31,0,20,6,,90,A
367614030,2022-01-06T14:01:11,43.34655,-124.32052,0.1,265.9,511.0,NORTH BEND,,WDH4086,31,0,20,6,,90,A
367614030,2022-01-06T13:20:50,43.34656,-124.32053,0.0,231.3,511.0,NORTH BEND,,WDH4086,31,0,20,6,,90,A
367614030,2022-01-06T13:31:21,43.34654,-124.32050,0.0,232.9,511.0,NORTH BEND,,WDH4086,31,0,20,6,,90,A
367614030,2022-01-06T13:26:40,43.34653,-124.32053,0.0,232.5,511.0,NORTH BEND,,WDH4086,31,0,20,6,,90,A
367614030,2022-01-06T10:49:01,43.34659,-124.32053,0.0,311.8,511.0,NORTH BEND,,WDH4086,31,0,20,6,,90,A
367614030,2022-01-06T14:05:50,43.34656,-124.32052,0.1,273.6,511.0,NORTH BEND,,WDH4086,31,0,20,6,,90,A
367614030,2022-01-06T14:06:51,43.34657,-124.32052,0.0,282.5,511.0,NORTH BEND,,WDH4086,31,0,20,6,,90,A
367614030,2022-01-06T14:09:10,43.34656,-124.32055,0.0,282.4,511.0,NORTH BEND,,WDH4086,31,0,20,6,,90,A
367614030,2022-01-06T13:27:50,43.34657,-124.32053,0.0,236.6,511.0,NORTH BEND,,WDH4086,31,0,20,6,,90,A
367614030,2022-01-06T10:52:31,43.34662,-124.32050,0.1,310.5,511.0,NORTH BEND,,WDH4086,31,0,20,6,,90,A
367614030,2022-01-06T13:40:20,43.34656,-124.32053,0.0,224.5,511.0,NORTH BEND,,WDH4086,31,0,20,6,,90,A
367614030,2022-01-06T12:58:51,43.34653,-124.32053,0.1,304.4,511.0,NORTH BEND,,WDH4086,31,0,20,6,,90,A
367614030,2022-01-06T13:41:31,43.34655,-124.32053,0.1,227.4,511.0,NORTH BEND,,WDH4086,31,0,20,6,,90,A
367614030,2022-01-06T13:01:10,43.34654,-124.32054,0.0,314.6,511.0,NORTH BEND,,WDH4086,31,0,20,6,,90,A
367614030,2022-01-06T13:32:31,43.34655,-124.32049,0.0,226.9,511.0,NORTH BEND,,WDH4086,31,0,20,6,,90,A
367614030,2022-01-06T13:33:41,43.34655,-124.32052,0.0,227.4,511.0,NORTH BEND,,WDH4086,31,0,20,6,,90,A
367614030,2022-01-06T13:46:11,43.34658,-124.32053,0.0,246.0,511.0,NORTH BEND,,WDH4086,31,0,20,6,,90,A
367614030,2022-01-06T13:38:10,43.34655,-124.32056,0.0,229.4,511.0,NORTH BEND,,WDH4086,31,0,20,6,,90,A
367614030,2022-01-06T13:39:11,43.34656,-124.32053,0.0,230.9,511.0,NORTH BEND,,WDH4086,31,0,20,6,,90,A
367614030,2022-01-06T10:57:01,43.34655,-124.32053,0.0,277.7,511.0,NORTH BEND,,WDH4086,31,0,20,6,,90,A
367614030,2022-01-06T10:58:11,43.34657,-124.32052,0.0,272.3,511.0,NORTH BEND,,WDH4086,31,0,20,6,,90,A
367614030,2022-01-06T11:00:01,43.34658,-124.32052,0.1,258.2,511.0,NORTH BEND,,WDH4086,31,0,20,6,,90,A
367614030,2022-01-06T13:43:51,43.34660,-124.32055,0.0,240.1,511.0,NORTH BEND,,WDH4086,31,0,20,6,,90,A
367614030,2022-01-06T14:23:22,43.34657,-124.32051,0.0,353.4,511.0,NORTH BEND,,WDH4086,31,0,20,6,,90,A
367614030,2022-01-06T14:22:11,43.34661,-124.32053,0.0,354.8,511.0,NORTH BEND,,WDH4086,31,0,20,6,,90,A
367614030,2022-01-06T13:09:21,43.34656,-124.32054,0.0,303.1,511.0,NORTH BEND,,WDH4086,31,0,20,6,,90,A
367614030,2022-01-06T13:14:00,43.34655,-124.32052,0.0,255.0,511.0,NORTH BEND,,WDH4086,31,0,20,6,,90,A
367614030,2022-01-06T14:29:12,43.34654,-124.32051,0.0,333.2,511.0,NORTH BEND,,WDH4086,31,0,20,6,,90,A
367614030,2022-01-06T13:15:01,43.34657,-124.32052,0.0,245.9,511.0,NORTH BEND,,WDH4086,31,0,20,6,,90,A
367614030,2022-01-06T13:55:42,43.34657,-124.32054,0.0,267.5,511.0,NORTH BEND,,WDH4086,31,0,20,6,,90,A
367614030,2022-01-06T13:58:11,43.34654,-124.32055,0.0,268.5,511.0,NORTH BEND,,WDH4086,31,0,20,6,,90,A
367614030,2022-01-06T13:57:00,43.34655,-124.32057,0.0,271.0,511.0,NORTH BEND,,WDH4086,31,0,20,6,,90,A
367614030,2022-01-06T13:59:20,43.34656,-124.32052,0.0,280.3,511.0,NORTH BEND,,WDH4086,31,0,20,6,,90,A
367614030,2022-01-06T11:13:10,43.34658,-124.32054,0.0,251.4,511.0,NORTH BEND,,WDH4086,31,0,20,6,,90,A
367614030,2022-01-06T11:11:50,43.34656,-124.32054,0.0,238.3,511.0,NORTH BEND,,WDH4086,31,0,20,6,,90,A
367614030,2022-01-06T14:40:50,43.34657,-124.32049,0.0,343.6,511.0,NORTH BEND,,WDH4086,31,0,20,6,,90,A
367614030,2022-01-06T14:42:00,43.34656,-124.32051,0.0,342.4,511.0,NORTH BEND,,WDH4086,31,0,20,6,,90,A
367614030,2022-01-06T11:17:50,43.34656,-124.32052,0.1,261.9,511.0,NORTH BEND,,WDH4086,31,0,20,6,,90,A
367614030,2022-01-06T11:18:51,43.34658,-124.32053,0.1,264.6,511.0,NORTH BEND,,WDH4086,31,0,20,6,,90,A
367614030,2022-01-06T14:10:20,43.34654,-124.32054,0.0,291.7,511.0,NORTH BEND,,WDH4086,31,0,20,6,,90,A
367614030,2022-01-06T14:13:00,43.34655,-124.32053,0.1,322.0,511.0,NORTH BEND,,WDH4086,31,0,20,6,,90,A
367614030,2022-01-06T14:15:21,43.34654,-124.32055,0.1,340.9,511.0,NORTH BEND,,WDH4086,31,0,20,6,,90,A
367614030,2022-01-06T14:16:30,43.34657,-124.32052,0.0,341.7,511.0,NORTH BEND,,WDH4086,31,0,20,6,,90,A
367614030,2022-01-06T13:37:00,43.34654,-124.32057,0.0,227.3,511.0,NORTH BEND,,WDH4086,31,0,20,6,,90,A
367614030,2022-01-06T11:25:50,43.34657,-124.32054,0.1,241.2,511.0,NORTH BEND,,WDH4086,31,0,20,6,,90,A
367614030,2022-01-06T14:25:41,43.34657,-124.32051,0.0,2.0,511.0,NORTH BEND,,WDH4086,31,0,20,6,,90,A
367614030,2022-01-06T14:57:51,43.34659,-124.32052,0.0,340.9,511.0,NORTH BEND,,WDH4086,31,0,20,6,,90,A
367614030,2022-01-06T14:24:31,43.34659,-124.32052,0.0,3.4,511.0,NORTH BEND,,WDH4086,31,0,20,6,,90,A
367614030,2022-01-06T15:01:11,43.34655,-124.32055,0.0,295.2,511.0,NORTH BEND,,WDH4086,31,0,20,6,,90,A
367614030,2022-01-06T13:45:02,43.34659,-124.32052,0.0,242.5,511.0,NORTH BEND,,WDH4086,31,0,20,6,,90,A
367614030,2022-01-06T13:49:40,43.34658,-124.32053,0.0,250.1,511.0,NORTH BEND,,WDH4086,31,0,20,6,,90,A
367614030,2022-01-06T15:04:40,43.34656,-124.32055,0.0,259.0,511.0,NORTH BEND,,WDH4086,31,0,20,6,,90,A
367614030,2022-01-06T14:38:50,43.34657,-124.32050,0.0,341.0,511.0,NORTH BEND,,WDH4086,31,0,20,6,,90,A
367614030,2022-01-06T11:39:21,43.34656,-124.32054,0.0,242.4,511.0,NORTH BEND,,WDH4086,31,0,20,6,,90,A
367614030,2022-01-06T11:42:51,43.34655,-124.32054,0.0,263.1,511.0,NORTH BEND,,WDH4086,31,0,20,6,,90,A
367614030,2022-01-06T15:07:01,43.34654,-124.32059,0.0,251.1,511.0,NORTH BEND,,WDH4086,31,0,20,6,,90,A
367614030,2022-01-06T11:45:10,43.34655,-124.32055,0.0,269.0,511.0,NORTH BEND,,WDH4086,31,0,20,6,,90,A
367614030,2022-01-06T15:09:30,43.34653,-124.32054,0.0,275.0,511.0,NORTH BEND,,WDH4086,31,0,20,6,,90,A
367614030,2022-01-06T15:13:01,43.34654,-124.32052,0.0,250.8,511.0,NORTH BEND,,WDH4086,31,0,20,6,,90,A
367614030,2022-01-06T14:43:11,43.34656,-124.32048,0.1,345.4,511.0,NORTH BEND,,WDH4086,31,0,20,6,,90,A
367614030,2022-01-06T14:00:00,43.34655,-124.32052,0.0,279.4,511.0,NORTH BEND,,WDH4086,31,0,20,6,,90,A
367614030,2022-01-06T14:48:50,43.34665,-124.32044,0.0,338.8,511.0,NORTH BEND,,WDH4086,31,0,20,6,,90,A
367614030,2022-01-06T14:44:20,43.34656,-124.32053,0.0,341.1,511.0,NORTH BEND,,WDH4086,31,0,20,6,,90,A
367614030,2022-01-06T14:02:21,43.34656,-124.32050,0.0,272.9,511.0,NORTH BEND,,WDH4086,31,0,20,6,,90,A
367614030,2022-01-06T14:51:01,43.34657,-124.32049,0.1,337.1,511.0,NORTH BEND,,WDH4086,31,0,20,6,,90,A
367614030,2022-01-06T14:03:31,43.34656,-124.32052,0.0,266.3,511.0,NORTH BEND,,WDH4086,31,0,20,6,,90,A
367614030,2022-01-06T14:52:11,43.34659,-124.32049,0.0,335.8,511.0,NORTH BEND,,WDH4086,31,0,20,6,,90,A
367614030,2022-01-06T14:04:41,43.34656,-124.32051,0.1,266.9,511.0,NORTH BEND,,WDH4086,31,0,20,6,,90,A
367614030,2022-01-06T14:47:41,43.34665,-124.32052,0.1,348.1,511.0,NORTH BEND,,WDH4086,31,0,20,6,,90,A
367614030,2022-01-06T14:45:21,43.34654,-124.32052,0.1,347.7,511.0,NORTH BEND,,WDH4086,31,0,20,6,,90,A
367614030,2022-01-06T15:21:01,43.34653,-124.32056,0.0,261.6,511.0,NORTH BEND,,WDH4086,31,0,20,6,,90,A
367614030,2022-01-06T15:22:11,43.34654,-124.32054,0.0,269.1,511.0,NORTH BEND,,WDH4086,31,0,20,6,,90,A
367614030,2022-01-06T14:54:31,43.34659,-124.32051,0.1,345.1,511.0,NORTH BEND,,WDH4086,31,0,20,6,,90,A
367614030,2022-01-06T11:56:50,43.34653,-124.32059,0.1,253.7,511.0,NORTH BEND,,WDH4086,31,0,20,6,,90,A
367614030,2022-01-06T14:56:50,43.34658,-124.32051,0.0,345.9,511.0,NORTH BEND,,WDH4086,31,0,20,6,,90,A
367614030,2022-01-06T14:55:40,43.34656,-124.32052,0.0,343.2,511.0,NORTH BEND,,WDH4086,31,0,20,6,,90,A
367614030,2022-01-06T14:17:40,43.34657,-124.32052,0.0,346.2,511.0,NORTH BEND,,WDH4086,31,0,20,6,,90,A
367614030,2022-01-06T14:18:51,43.34655,-124.32051,0.0,353.0,511.0,NORTH BEND,,WDH4086,31,0,20,6,,90,A
367614030,2022-01-06T15:31:31,43.34656,-124.32052,0.0,292.6,511.0,NORTH BEND,,WDH4086,31,0,20,6,,90,A
367614030,2022-01-06T12:01:10,43.34654,-124.32053,0.0,242.0,511.0,NORTH BEND,,WDH4086,31,0,20,6,,90,A
367614030,2022-01-06T15:00:01,43.34656,-124.32054,0.0,306.6,511.0,NORTH BEND,,WDH4086,31,0,20,6,,90,A
367614030,2022-01-06T14:20:01,43.34657,-124.32050,0.0,354.8,511.0,NORTH BEND,,WDH4086,31,0,20,6,,90,A
367614030,2022-01-06T12:04:41,43.34657,-124.32053,0.0,248.6,511.0,NORTH BEND,,WDH4086,31,0,20,6,,90,A
367614030,2022-01-06T15:05:50,43.34654,-124.32055,0.0,255.2,511.0,NORTH BEND,,WDH4086,31,0,20,6,,90,A
367614030,2022-01-06T15:14:11,43.34653,-124.32055,0.0,250.5,511.0,NORTH BEND,,WDH4086,31,0,20,6,,90,A
367614030,2022-01-06T12:11:41,43.34654,-124.32060,0.1,275.8,511.0,NORTH BEND,,WDH4086,31,0,20,6,,90,A
367614030,2022-01-06T12:08:10,43.34653,-124.32056,0.0,269.8,511.0,NORTH BEND,,WDH4086,31,0,20,6,,90,A
367614030,2022-01-06T15:42:10,43.34655,-124.32055,0.0,244.0,511.0,NORTH BEND,,WDH4086,31,0,20,6,,90,A
367614030,2022-01-06T12:12:50,43.34654,-124.32055,0.0,285.7,511.0,NORTH BEND,,WDH4086,31,0,20,6,,90,A
367614030,2022-01-06T15:46:41,43.34656,-124.32052,0.0,206.1,511.0,NORTH BEND,,WDH4086,31,0,20,6,,90,A
367614030,2022-01-06T15:51:20,43.34659,-124.32054,0.0,206.0,511.0,NORTH BEND,,WDH4086,31,0,20,6,,90,A
367614030,2022-01-06T12:13:51,43.34653,-124.32056,0.0,285.4,511.0,NORTH BEND,,WDH4086,31,0,20,6,,90,A
367614030,2022-01-06T15:54:51,43.34658,-124.32055,0.0,209.8,511.0,NORTH BEND,,WDH4086,31,0,20,6,,90,A
367614030,2022-01-06T15:57:12,43.34657,-124.32052,0.0,222.1,511.0,NORTH BEND,,WDH4086,31,0,20,6,,90,A
367614030,2022-01-06T15:28:00,43.34656,-124.32053,0.0,276.4,511.0,NORTH BEND,,WDH4086,31,0,20,6,,90,A
367614030,2022-01-06T12:18:42,43.34654,-124.32056,0.0,275.6,511.0,NORTH BEND,,WDH4086,31,0,20,6,,90,A
367614030,2022-01-06T12:34:31,43.34655,-124.32051,0.0,296.2,511.0,NORTH BEND,,WDH4086,31,0,20,6,,90,A
367614030,2022-01-06T15:58:21,43.34655,-124.32053,0.0,219.3,511.0,NORTH BEND,,WDH4086,31,0,20,6,,90,A
367614030,2022-01-06T15:59:30,43.34656,-124.32052,0.0,214.7,511.0,NORTH BEND,,WDH4086,31,0,20,6,,90,A
367614030,2022-01-06T16:04:42,43.34657,-124.32052,0.0,211.4,511.0,NORTH BEND,,WDH4086,31,0,20,6,,90,A
367614030,2022-01-06T15:34:00,43.34657,-124.32055,0.0,294.6,511.0,NORTH BEND,,WDH4086,31,0,20,6,,90,A
367614030,2022-01-06T15:36:21,43.34661,-124.32058,0.0,291.8,511.0,NORTH BEND,,WDH4086,31,0,20,6,,90,A
367614030,2022-01-06T15:39:51,43.34656,-124.32055,0.0,270.1,511.0,NORTH BEND,,WDH4086,31,0,20,6,,90,A
367614030,2022-01-06T15:32:40,43.34656,-124.32050,0.0,295.2,511.0,NORTH BEND,,WDH4086,31,0,20,6,,90,A
367614030,2022-01-06T15:38:41,43.34656,-124.32054,0.1,278.0,511.0,NORTH BEND,,WDH4086,31,0,20,6,,90,A
367614030,2022-01-06T15:41:00,43.34656,-124.32056,0.0,272.5,511.0,NORTH BEND,,WDH4086,31,0,20,6,,90,A
367614030,2022-01-06T14:59:01,43.34656,-124.32054,0.0,327.7,511.0,NORTH BEND,,WDH4086,31,0,20,6,,90,A
367614030,2022-01-06T16:13:51,43.34658,-124.32058,0.0,226.2,511.0,NORTH BEND,,WDH4086,31,0,20,6,,90,A
367614030,2022-01-06T15:02:12,43.34656,-124.32054,0.0,279.9,511.0,NORTH BEND,,WDH4086,31,0,20,6,,90,A
367614030,2022-01-06T15:44:22,43.34656,-124.32053,0.0,217.2,511.0,NORTH BEND,,WDH4086,31,0,20,6,,90,A
367614030,2022-01-06T15:47:50,43.34655,-124.32051,0.0,203.6,511.0,NORTH BEND,,WDH4086,31,0,20,6,,90,A
367614030,2022-01-06T15:03:32,43.34656,-124.32055,0.0,266.2,511.0,NORTH BEND,,WDH4086,31,0,20,6,,90,A
367614030,2022-01-06T12:49:41,43.34654,-124.32054,0.1,303.3,511.0,NORTH BEND,,WDH4086,31,0,20,6,,90,A
367614030,2022-01-06T15:50:10,43.34655,-124.32052,0.0,199.8,511.0,NORTH BEND,,WDH4086,31,0,20,6,,90,A
367614030,2022-01-06T15:49:01,43.34654,-124.32051,0.0,202.8,511.0,NORTH BEND,,WDH4086,31,0,20,6,,90,A
367614030,2022-01-06T12:50:42,43.34654,-124.32052,0.0,308.1,511.0,NORTH BEND,,WDH4086,31,0,20,6,,90,A
367614030,2022-01-06T16:18:31,43.34653,-124.32053,0.1,218.3,511.0,NORTH BEND,,WDH4086,31,0,20,6,,90,A
367614030,2022-01-06T15:08:11,43.34654,-124.32054,0.0,260.2,511.0,NORTH BEND,,WDH4086,31,0,20,6,,90,A
367614030,2022-01-06T12:39:01,43.34654,-124.32051,0.0,296.3,511.0,NORTH BEND,,WDH4086,31,0,20,6,,90,A
367614030,2022-01-06T16:20:50,43.34654,-124.32052,0.0,208.3,511.0,NORTH BEND,,WDH4086,31,0,20,6,,90,A
367614030,2022-01-06T15:10:42,43.34655,-124.32054,0.0,260.5,511.0,NORTH BEND,,WDH4086,31,0,20,6,,90,A
367614030,2022-01-06T15:53:41,43.34662,-124.32056,0.0,214.2,511.0,NORTH BEND,,WDH4086,31,0,20,6,,90,A
367614030,2022-01-06T15:56:01,43.34657,-124.32054,0.0,213.8,511.0,NORTH BEND,,WDH4086,31,0,20,6,,90,A
367614030,2022-01-06T15:15:20,43.34654,-124.32052,0.0,246.8,511.0,NORTH BEND,,WDH4086,31,0,20,6,,90,A
367614030,2022-01-06T16:00:00,43.34656,-124.32051,0.0,212.9,511.0,NORTH BEND,,WDH4086,31,0,20,6,,90,A
367614030,2022-01-06T15:18:40,43.34651,-124.32058,0.0,260.5,511.0,NORTH BEND,,WDH4086,31,0,20,6,,90,A
367614030,2022-01-06T12:45:02,43.34654,-124.32051,0.0,301.3,511.0,NORTH BEND,,WDH4086,31,0,20,6,,90,A
367614030,2022-01-06T16:28:51,43.34654,-124.32052,0.0,220.8,511.0,NORTH BEND,,WDH4086,31,0,20,6,,90,A
367614030,2022-01-06T16:01:12,43.34656,-124.32052,0.0,209.7,511.0,NORTH BEND,,WDH4086,31,0,20,6,,90,A
367614030,2022-01-06T13:03:30,43.34656,-124.32059,0.0,310.4,511.0,NORTH BEND,,WDH4086,31,0,20,6,,90,A
367614030,2022-01-06T16:02:21,43.34657,-124.32052,0.0,217.1,511.0,NORTH BEND,,WDH4086,31,0,20,6,,90,A
367614030,2022-01-06T15:23:20,43.34654,-124.32053,0.0,268.1,511.0,NORTH BEND,,WDH4086,31,0,20,6,,90,A
367614030,2022-01-06T16:03:31,43.34658,-124.32054,0.0,216.0,511.0,NORTH BEND,,WDH4086,31,0,20,6,,90,A
367614030,2022-01-06T16:10:31,43.34661,-124.32058,0.0,228.2,511.0,NORTH BEND,,WDH4086,31,0,20,6,,90,A
367614030,2022-01-06T15:25:40,43.34654,-124.32053,0.0,272.1,511.0,NORTH BEND,,WDH4086,31,0,20,6,,90,A
367614030,2022-01-06T13:05:51,43.34656,-124.32056,0.0,311.0,511.0,NORTH BEND,,WDH4086,31,0,20,6,,90,A
367614030,2022-01-06T15:26:50,43.34656,-124.32053,0.0,271.4,511.0,NORTH BEND,,WDH4086,31,0,20,6,,90,A
367614030,2022-01-06T16:07:11,43.34653,-124.32056,0.0,221.1,511.0,NORTH BEND,,WDH4086,31,0,20,6,,90,A
367614030,2022-01-06T16:08:20,43.34659,-124.32058,0.1,226.7,511.0,NORTH BEND,,WDH4086,31,0,20,6,,90,A
367614030,2022-01-06T15:30:21,43.34656,-124.32051,0.0,286.4,511.0,NORTH BEND,,WDH4086,31,0,20,6,,90,A
367614030,2022-01-06T16:09:21,43.34657,-124.32057,0.0,228.6,511.0,NORTH BEND,,WDH4086,31,0,20,6,,90,A
367614030,2022-01-06T16:37:21,43.34655,-124.32053,0.0,250.1,511.0,NORTH BEND,,WDH4086,31,0,20,6,,90,A
367614030,2022-01-06T16:43:20,43.34656,-124.32053,0.1,293.7,511.0,NORTH BEND,,WDH4086,31,0,20,6,,90,A
367614030,2022-01-06T16:44:21,43.34656,-124.32054,0.0,299.0,511.0,NORTH BEND,,WDH4086,31,0,20,6,,90,A
367614030,2022-01-06T16:16:10,43.34653,-124.32058,0.0,216.0,511.0,NORTH BEND,,WDH4086,31,0,20,6,,90,A
367614030,2022-01-06T16:24:20,43.34654,-124.32055,0.0,222.1,511.0,NORTH BEND,,WDH4086,31,0,20,6,,90,A
367614030,2022-01-06T16:50:11,43.34651,-124.32053,0.0,302.5,511.0,NORTH BEND,,WDH4086,31,0,20,6,,90,A
367614030,2022-01-06T16:17:20,43.34652,-124.32055,0.0,214.2,511.0,NORTH BEND,,WDH4086,31,0,20,6,,90,A
367614030,2022-01-06T16:45:31,43.34656,-124.32053,0.0,295.7,511.0,NORTH BEND,,WDH4086,31,0,20,6,,90,A
367614030,2022-01-06T16:26:30,43.34652,-124.32050,0.0,219.7,511.0,NORTH BEND,,WDH4086,31,0,20,6,,90,A
367614030,2022-01-06T15:43:20,43.34657,-124.32052,0.0,228.9,511.0,NORTH BEND,,WDH4086,31,0,20,6,,90,A
367614030,2022-01-06T16:53:41,43.34653,-124.32055,0.0,308.8,511.0,NORTH BEND,,WDH4086,31,0,20,6,,90,A
367614030,2022-01-06T16:22:02,43.34654,-124.32050,0.0,215.1,511.0,NORTH BEND,,WDH4086,31,0,20,6,,90,A
367614030,2022-01-06T16:55:51,43.34654,-124.32053,0.1,299.7,511.0,NORTH BEND,,WDH4086,31,0,20,6,,90,A
367614030,2022-01-06T15:45:31,43.34656,-124.32052,0.0,206.7,511.0,NORTH BEND,,WDH4086,31,0,20,6,,90,A
367614030,2022-01-06T16:23:11,43.34653,-124.32054,0.0,220.3,511.0,NORTH BEND,,WDH4086,31,0,20,6,,90,A
367614030,2022-01-06T16:57:01,43.34652,-124.32053,0.0,302.7,511.0,NORTH BEND,,WDH4086,31,0,20,6,,90,A
367614030,2022-01-06T16:54:42,43.34652,-124.32053,0.1,304.7,511.0,NORTH BEND,,WDH4086,31,0,20,6,,90,A
367614030,2022-01-06T16:30:01,43.34654,-124.32053,0.0,220.6,511.0,NORTH BEND,,WDH4086,31,0,20,6,,90,A
367614030,2022-01-06T16:59:20,43.34652,-124.32055,0.1,339.3,511.0,NORTH BEND,,WDH4086,31,0,20,6,,90,A
367614030,2022-01-06T17:00:02,43.34654,-124.32051,0.0,344.2,511.0,NORTH BEND,,WDH4086,31,0,20,6,,90,A
367614030,2022-01-06T13:04:40,43.34656,-124.32056,0.0,311.2,511.0,NORTH BEND,,WDH4086,31,0,20,6,,90,A
367614030,2022-01-06T17:02:22,43.34652,-124.32057,0.0,3.4,511.0,NORTH BEND,,WDH4086,31,0,20,6,,90,A
367614030,2022-01-06T13:07:00,43.34655,-124.32055,0.0,300.3,511.0,NORTH BEND,,WDH4086,31,0,20,6,,90,A
367614030,2022-01-06T16:36:10,43.34654,-124.32053,0.0,242.3,511.0,NORTH BEND,,WDH4086,31,0,20,6,,90,A
367614030,2022-01-06T13:30:12,43.34654,-124.32052,0.0,237.7,511.0,NORTH BEND,,WDH4086,31,0,20,6,,90,A
367614030,2022-01-06T16:40:51,43.34658,-124.32056,0.0,267.4,511.0,NORTH BEND,,WDH4086,31,0,20,6,,90,A
367614030,2022-01-06T13:10:30,43.34656,-124.32052,0.0,295.6,511.0,NORTH BEND,,WDH4086,31,0,20,6,,90,A
367614030,2022-01-06T16:42:00,43.34656,-124.32054,0.1,281.8,511.0,NORTH BEND,,WDH4086,31,0,20,6,,90,A
367614030,2022-01-06T13:34:50,43.34655,-124.32053,0.1,230.2,511.0,NORTH BEND,,WDH4086,31,0,20,6,,90,A
367614030,2022-01-06T17:10:20,43.34654,-124.32055,0.0,353.7,511.0,NORTH BEND,,WDH4086,31,0,20,6,,90,A
367614030,2022-01-06T17:15:00,43.34656,-124.32051,0.0,343.0,511.0,NORTH BEND,,WDH4086,31,0,20,6,,90,A
367614030,2022-01-06T13:35:51,43.34656,-124.32053,0.1,230.8,511.0,NORTH BEND,,WDH4086,31,0,20,6,,90,A
367614030,2022-01-06T16:46:41,43.34652,-124.32052,0.0,283.4,511.0,NORTH BEND,,WDH4086,31,0,20,6,,90,A
367614030,2022-01-06T16:49:01,43.34652,-124.32055,0.0,291.8,511.0,NORTH BEND,,WDH4086,31,0,20,6,,90,A
367614030,2022-01-06T16:51:22,43.34651,-124.32054,0.0,295.7,511.0,NORTH BEND,,WDH4086,31,0,20,6,,90,A
367614030,2022-01-06T17:22:01,43.34656,-124.32058,0.0,349.4,511.0,NORTH BEND,,WDH4086,31,0,20,6,,90,A
367614030,2022-01-06T17:23:10,43.34656,-124.32058,0.1,353.7,511.0,NORTH BEND,,WDH4086,31,0,20,6,,90,A
367614030,2022-01-06T13:25:30,43.34655,-124.32050,0.0,225.9,511.0,NORTH BEND,,WDH4086,31,0,20,6,,90,A
367614030,2022-01-06T16:15:01,43.34655,-124.32057,0.0,221.7,511.0,NORTH BEND,,WDH4086,31,0,20,6,,90,A
367614030,2022-01-06T16:58:11,43.34654,-124.32052,0.0,315.0,511.0,NORTH BEND,,WDH4086,31,0,20,6,,90,A
367614030,2022-01-06T17:26:30,43.34657,-124.32055,0.0,349.7,511.0,NORTH BEND,,WDH4086,31,0,20,6,,90,A
367614030,2022-01-06T13:29:00,43.34657,-124.32050,0.0,230.9,511.0,NORTH BEND,,WDH4086,31,0,20,6,,90,A
367614030,2022-01-06T16:19:41,43.34653,-124.32050,0.0,212.4,511.0,NORTH BEND,,WDH4086,31,0,20,6,,90,A
367614030,2022-01-06T17:32:22,43.34657,-124.32055,0.0,283.6,511.0,NORTH BEND,,WDH4086,31,0,20,6,,90,A
367614030,2022-01-06T17:31:11,43.34657,-124.32053,0.0,276.4,511.0,NORTH BEND,,WDH4086,31,0,20,6,,90,A
367614030,2022-01-06T17:03:31,43.34653,-124.32053,0.0,4.0,511.0,NORTH BEND,,WDH4086,31,0,20,6,,90,A
367614030,2022-01-06T16:25:21,43.34654,-124.32054,0.0,220.6,511.0,NORTH BEND,,WDH4086,31,0,20,6,,90,A
367614030,2022-01-06T17:41:51,43.34652,-124.32053,0.0,333.5,511.0,NORTH BEND,,WDH4086,31,0,20,6,,90,A
367614030,2022-01-06T17:12:40,43.34656,-124.32051,0.0,351.3,511.0,NORTH BEND,,WDH4086,31,0,20,6,,90,A
367614030,2022-01-06T16:27:42,43.34653,-124.32053,0.0,217.6,511.0,NORTH BEND,,WDH4086,31,0,20,6,,90,A
367614030,2022-01-06T17:40:41,43.34651,-124.32052,0.0,334.4,511.0,NORTH BEND,,WDH4086,31,0,20,6,,90,A
367614030,2022-01-06T17:43:00,43.34653,-124.32052,0.0,335.3,511.0,NORTH BEND,,WDH4086,31,0,20,6,,90,A
367614030,2022-01-06T17:11:30,43.34655,-124.32052,0.0,354.1,511.0,NORTH BEND,,WDH4086,31,0,20,6,,90,A
367614030,2022-01-06T17:13:50,43.34657,-124.32052,0.0,342.8,511.0,NORTH BEND,,WDH4086,31,0,20,6,,90,A
367614030,2022-01-06T17:45:12,43.34654,-124.32052,0.0,337.1,511.0,NORTH BEND,,WDH4086,31,0,20,6,,90,A
367614030,2022-01-06T17:46:21,43.34652,-124.32052,0.0,343.0,511.0,NORTH BEND,,WDH4086,31,0,20,6,,90,A
367614030,2022-01-06T16:35:01,43.34655,-124.32052,0.0,233.6,511.0,NORTH BEND,,WDH4086,31,0,20,6,,90,A
367614030,2022-01-06T17:18:31,43.34656,-124.32052,0.0,341.9,511.0,NORTH BEND,,WDH4086,31,0,20,6,,90,A
367614030,2022-01-06T14:08:00,43.34654,-124.32056,0.0,280.5,511.0,NORTH BEND,,WDH4086,31,0,20,6,,90,A
367614030,2022-01-06T16:38:32,43.34656,-124.32054,0.0,264.4,511.0,NORTH BEND,,WDH4086,31,0,20,6,,90,A
367614030,2022-01-06T17:20:50,43.34656,-124.32053,0.0,345.4,511.0,NORTH BEND,,WDH4086,31,0,20,6,,90,A
367614030,2022-01-06T17:24:11,43.34655,-124.32056,0.0,357.4,511.0,NORTH BEND,,WDH4086,31,0,20,6,,90,A
367614030,2022-01-06T14:14:10,43.34652,-124.32059,0.0,330.1,511.0,NORTH BEND,,WDH4086,31,0,20,6,,90,A
367614030,2022-01-06T13:50:50,43.34656,-124.32051,0.1,244.2,511.0,NORTH BEND,,WDH4086,31,0,20,6,,90,A
367614030,2022-01-06T18:02:21,43.34655,-124.32054,0.0,300.0,511.0,NORTH BEND,,WDH4086,31,0,20,6,,90,A
367614030,2022-01-06T13:54:31,43.34649,-124.32061,0.0,263.6,511.0,NORTH BEND,,WDH4086,31,0,20,6,,90,A
367614030,2022-01-06T17:27:42,43.34656,-124.32052,0.0,331.3,511.0,NORTH BEND,,WDH4086,31,0,20,6,,90,A
367614030,2022-01-06T17:30:01,43.34658,-124.32053,0.0,287.9,511.0,NORTH BEND,,WDH4086,31,0,20,6,,90,A
367614030,2022-01-06T17:37:02,43.34651,-124.32057,0.0,335.0,511.0,NORTH BEND,,WDH4086,31,0,20,6,,90,A
367614030,2022-01-06T18:06:21,43.34656,-124.32054,0.0,298.5,511.0,NORTH BEND,,WDH4086,31,0,20,6,,90,A
367614030,2022-01-06T17:33:30,43.34654,-124.32053,0.1,290.1,511.0,NORTH BEND,,WDH4086,31,0,20,6,,90,A
367614030,2022-01-06T18:11:20,43.34656,-124.32054,0.0,263.1,511.0,NORTH BEND,,WDH4086,31,0,20,6,,90,A
367614030,2022-01-06T17:48:40,43.34653,-124.32051,0.1,323.5,511.0,NORTH BEND,,WDH4086,31,0,20,6,,90,A
367614030,2022-01-06T18:20:11,43.34653,-124.32054,0.0,238.8,511.0,NORTH BEND,,WDH4086,31,0,20,6,,90,A
367614030,2022-01-06T17:44:10,43.34654,-124.32054,0.0,341.5,511.0,NORTH BEND,,WDH4086,31,0,20,6,,90,A
367614030,2022-01-06T17:49:50,43.34654,-124.32052,0.0,319.6,511.0,NORTH BEND,,WDH4086,31,0,20,6,,90,A
367614030,2022-01-06T18:19:01,43.34654,-124.32053,0.0,243.3,511.0,NORTH BEND,,WDH4086,31,0,20,6,,90,A
367614030,2022-01-06T17:05:50,43.34654,-124.32054,0.0,352.0,511.0,NORTH BEND,,WDH4086,31,0,20,6,,90,A
367614030,2022-01-06T17:51:01,43.34656,-124.32049,0.0,316.6,511.0,NORTH BEND,,WDH4086,31,0,20,6,,90,A
367614030,2022-01-06T17:52:11,43.34655,-124.32052,0.0,311.3,511.0,NORTH BEND,,WDH4086,31,0,20,6,,90,A
367614030,2022-01-06T17:54:41,43.34664,-124.32044,0.0,315.4,511.0,NORTH BEND,,WDH4086,31,0,20,6,,90,A
367614030,2022-01-06T18:26:00,43.34652,-124.32055,0.1,240.3,511.0,NORTH BEND,,WDH4086,31,0,20,6,,90,A
367614030,2022-01-06T18:28:31,43.34656,-124.32054,0.0,240.3,511.0,NORTH BEND,,WDH4086,31,0,20,6,,90,A
367614030,2022-01-06T17:16:10,43.34656,-124.32051,0.0,340.8,511.0,NORTH BEND,,WDH4086,31,0,20,6,,90,A
367614030,2022-01-06T17:17:20,43.34656,-124.32051,0.0,343.7,511.0,NORTH BEND,,WDH4086,31,0,20,6,,90,A
367614030,2022-01-06T18:03:50,43.34652,-124.32055,0.0,282.0,511.0,NORTH BEND,,WDH4086,31,0,20,6,,90,A
367614030,2022-01-06T17:19:41,43.34656,-124.32052,0.0,342.6,511.0,NORTH BEND,,WDH4086,31,0,20,6,,90,A
367614030,2022-01-06T14:53:20,43.34657,-124.32050,0.0,339.7,511.0,NORTH BEND,,WDH4086,31,0,20,6,,90,A
367614030,2022-01-06T14:21:10,43.34660,-124.32052,0.0,2.3,511.0,NORTH BEND,,WDH4086,31,0,20,6,,90,A
367614030,2022-01-06T18:07:41,43.34656,-124.32055,0.0,300.9,511.0,NORTH BEND,,WDH4086,31,0,20,6,,90,A
367614030,2022-01-06T18:08:50,43.34655,-124.32054,0.0,288.1,511.0,NORTH BEND,,WDH4086,31,0,20,6,,90,A
367614030,2022-01-06T18:05:01,43.34655,-124.32054,0.1,290.3,511.0,NORTH BEND,,WDH4086,31,0,20,6,,90,A
367614030,2022-01-06T18:39:11,43.34654,-124.32054,0.1,287.8,511.0,NORTH BEND,,WDH4086,31,0,20,6,,90,A
367614030,2022-01-06T18:12:31,43.34654,-124.32053,0.1,252.7,511.0,NORTH BEND,,WDH4086,31,0,20,6,,90,A
367614030,2022-01-06T17:28:51,43.34656,-124.32053,0.0,299.8,511.0,NORTH BEND,,WDH4086,31,0,20,6,,90,A
367614030,2022-01-06T14:26:51,43.34656,-124.32051,0.0,343.8,511.0,NORTH BEND,,WDH4086,31,0,20,6,,90,A
367614030,2022-01-06T17:34:41,43.34653,-124.32054,0.0,302.9,511.0,NORTH BEND,,WDH4086,31,0,20,6,,90,A
367614030,2022-01-06T14:28:01,43.34656,-124.32050,0.0,338.2,511.0,NORTH BEND,,WDH4086,31,0,20,6,,90,A
367614030,2022-01-06T18:48:31,43.34654,-124.32054,0.0,310.8,511.0,NORTH BEND,,WDH4086,31,0,20,6,,90,A
367614030,2022-01-06T18:13:42,43.34653,-124.32054,0.1,243.7,511.0,NORTH BEND,,WDH4086,31,0,20,6,,90,A
367614030,2022-01-06T18:55:31,43.34654,-124.32054,0.0,316.5,511.0,NORTH BEND,,WDH4086,31,0,20,6,,90,A
367614030,2022-01-06T18:50:50,43.34654,-124.32051,0.0,314.6,511.0,NORTH BEND,,WDH4086,31,0,20,6,,90,A
367614030,2022-01-06T18:24:50,43.34656,-124.32055,0.1,247.8,511.0,NORTH BEND,,WDH4086,31,0,20,6,,90,A
367614030,2022-01-06T18:27:11,43.34654,-124.32055,0.1,241.6,511.0,NORTH BEND,,WDH4086,31,0,20,6,,90,A
367614030,2022-01-06T18:21:20,43.34654,-124.32052,0.0,241.8,511.0,NORTH BEND,,WDH4086,31,0,20,6,,90,A
367614030,2022-01-06T19:02:30,43.34657,-124.32058,0.0,324.7,511.0,NORTH BEND,,WDH4086,31,0,20,6,,90,A
367614030,2022-01-06T18:22:31,43.34656,-124.32053,0.0,244.2,511.0,NORTH BEND,,WDH4086,31,0,20,6,,90,A
367614030,2022-01-06T15:11:52,43.34656,-124.32052,0.0,255.4,511.0,NORTH BEND,,WDH4086,31,0,20,6,,90,A
367614030,2022-01-06T18:23:41,43.34654,-124.32054,0.0,242.7,511.0,NORTH BEND,,WDH4086,31,0,20,6,,90,A
367614030,2022-01-06T19:08:11,43.34655,-124.32056,0.0,297.1,511.0,NORTH BEND,,WDH4086,31,0,20,6,,90,A
367614030,2022-01-06T18:35:41,43.34653,-124.32053,0.0,266.6,511.0,NORTH BEND,,WDH4086,31,0,20,6,,90,A
367614030,2022-01-06T14:37:42,43.34656,-124.32049,0.0,336.8,511.0,NORTH BEND,,WDH4086,31,0,20,6,,90,A
367614030,2022-01-06T19:01:11,43.34655,-124.32059,0.0,328.0,511.0,NORTH BEND,,WDH4086,31,0,20,6,,90,A
367614030,2022-01-06T18:38:02,43.34653,-124.32054,0.0,279.2,511.0,NORTH BEND,,WDH4086,31,0,20,6,,90,A
367614030,2022-01-06T19:04:50,43.34654,-124.32062,0.0,300.5,511.0,NORTH BEND,,WDH4086,31,0,20,6,,90,A
367614030,2022-01-06T15:19:50,43.34657,-124.32057,0.0,255.6,511.0,NORTH BEND,,WDH4086,31,0,20,6,,90,A
367614030,2022-01-06T14:46:31,43.34665,-124.32048,0.0,350.0,511.0,NORTH BEND,,WDH4086,31,0,20,6,,90,A
367614030,2022-01-06T17:59:12,43.34655,-124.32052,0.0,303.6,511.0,NORTH BEND,,WDH4086,31,0,20,6,,90,A
367614030,2022-01-06T18:41:21,43.34653,-124.32052,0.0,300.0,511.0,NORTH BEND,,WDH4086,31,0,20,6,,90,A
367614030,2022-01-06T14:50:00,43.34663,-124.32047,0.0,332.2,511.0,NORTH BEND,,WDH4086,31,0,20,6,,90,A
367614030,2022-01-06T18:42:31,43.34654,-124.32051,0.0,309.5,511.0,NORTH BEND,,WDH4086,31,0,20,6,,90,A
367614030,2022-01-06T18:45:00,43.34653,-124.32054,0.0,314.5,511.0,NORTH BEND,,WDH4086,31,0,20,6,,90,A
367614030,2022-01-06T18:53:11,43.34654,-124.32053,0.0,312.1,511.0,NORTH BEND,,WDH4086,31,0,20,6,,90,A
367614030,2022-01-06T18:54:21,43.34654,-124.32053,0.0,318.3,511.0,NORTH BEND,,WDH4086,31,0,20,6,,90,A
367614030,2022-01-06T19:29:30,43.34654,-124.32053,0.1,288.0,511.0,NORTH BEND,,WDH4086,31,0,20,6,,90,A
367614030,2022-01-06T18:56:40,43.34654,-124.32054,0.0,319.3,511.0,NORTH BEND,,WDH4086,31,0,20,6,,90,A
367614030,2022-01-06T18:10:00,43.34657,-124.32056,0.1,274.3,511.0,NORTH BEND,,WDH4086,31,0,20,6,,90,A
367614030,2022-01-06T19:27:11,43.34652,-124.32051,0.0,247.9,511.0,NORTH BEND,,WDH4086,31,0,20,6,,90,A
367614030,2022-01-06T18:14:50,43.34652,-124.32054,0.0,240.4,511.0,NORTH BEND,,WDH4086,31,0,20,6,,90,A
367614030,2022-01-06T19:37:31,43.34654,-124.32053,0.0,333.1,511.0,NORTH BEND,,WDH4086,31,0,20,6,,90,A
367614030,2022-01-06T15:35:10,43.34654,-124.32055,0.0,298.7,511.0,NORTH BEND,,WDH4086,31,0,20,6,,90,A
367614030,2022-01-06T18:16:51,43.34653,-124.32053,0.0,235.6,511.0,NORTH BEND,,WDH4086,31,0,20,6,,90,A
367614030,2022-01-06T19:07:00,43.34656,-124.32055,0.0,294.5,511.0,NORTH BEND,,WDH4086,31,0,20,6,,90,A
367614030,2022-01-06T15:37:31,43.34657,-124.32055,0.0,285.2,511.0,NORTH BEND,,WDH4086,31,0,20,6,,90,A
367614030,2022-01-06T19:09:40,43.34655,-124.32055,0.1,295.2,511.0,NORTH BEND,,WDH4086,31,0,20,6,,90,A
367614030,2022-01-06T19:12:02,43.34654,-124.32053,0.0,287.1,511.0,NORTH BEND,,WDH4086,31,0,20,6,,90,A
367614030,2022-01-06T19:00:01,43.34654,-124.32055,0.0,322.5,511.0,NORTH BEND,,WDH4086,31,0,20,6,,90,A
367614030,2022-01-06T19:16:42,43.34652,-124.32053,0.1,290.0,511.0,NORTH BEND,,WDH4086,31,0,20,6,,90,A
367614030,2022-01-06T19:17:51,43.34654,-124.32052,0.0,294.6,511.0,NORTH BEND,,WDH4086,31,0,20,6,,90,A
367614030,2022-01-06T19:19:01,43.34654,-124.32053,0.1,292.1,511.0,NORTH BEND,,WDH4086,31,0,20,6,,90,A
367614030,2022-01-06T15:16:21,43.34654,-124.32055,0.0,251.0,511.0,NORTH BEND,,WDH4086,31,0,20,6,,90,A
367614030,2022-01-06T19:13:11,43.34654,-124.32053,0.0,287.1,511.0,NORTH BEND,,WDH4086,31,0,20,6,,90,A
367614030,2022-01-06T19:22:31,43.34655,-124.32050,0.0,266.6,511.0,NORTH BEND,,WDH4086,31,0,20,6,,90,A
367614030,2022-01-06T19:49:21,43.34656,-124.32053,0.0,311.7,511.0,NORTH BEND,,WDH4086,31,0,20,6,,90,A
367614030,2022-01-06T15:17:31,43.34655,-124.32056,0.0,247.9,511.0,NORTH BEND,,WDH4086,31,0,20,6,,90,A
367614030,2022-01-06T19:15:32,43.34653,-124.32050,0.1,291.9,511.0,NORTH BEND,,WDH4086,31,0,20,6,,90,A
367614030,2022-01-06T15:52:31,43.34657,-124.32053,0.0,206.8,511.0,NORTH BEND,,WDH4086,31,0,20,6,,90,A
367614030,2022-01-06T18:40:12,43.34654,-124.32054,0.0,286.7,511.0,NORTH BEND,,WDH4086,31,0,20,6,,90,A
367614030,2022-01-06T15:24:31,43.34653,-124.32056,0.0,269.3,511.0,NORTH BEND,,WDH4086,31,0,20,6,,90,A
367614030,2022-01-06T19:24:51,43.34654,-124.32052,0.0,265.0,511.0,NORTH BEND,,WDH4086,31,0,20,6,,90,A
367614030,2022-01-06T19:26:01,43.34654,-124.32052,0.0,251.4,511.0,NORTH BEND,,WDH4086,31,0,20,6,,90,A
367614030,2022-01-06T19:58:31,43.34652,-124.32055,0.0,269.9,511.0,NORTH BEND,,WDH4086,31,0,20,6,,90,A
367614030,2022-01-06T20:05:40,43.34654,-124.32052,0.0,335.3,511.0,NORTH BEND,,WDH4086,31,0,20,6,,90,A
367614030,2022-01-06T15:29:10,43.34656,-124.32051,0.0,280.6,511.0,NORTH BEND,,WDH4086,31,0,20,6,,90,A
367614030,2022-01-06T18:47:21,43.34654,-124.32057,0.0,316.1,511.0,NORTH BEND,,WDH4086,31,0,20,6,,90,A
367614030,2022-01-06T19:40:01,43.34658,-124.32053,0.0,322.4,511.0,NORTH BEND,,WDH4086,31,0,20,6,,90,A
367614030,2022-01-06T19:36:22,43.34656,-124.32056,0.0,332.9,511.0,NORTH BEND,,WDH4086,31,0,20,6,,90,A
367614030,2022-01-06T19:43:31,43.34657,-124.32052,0.0,327.5,511.0,NORTH BEND,,WDH4086,31,0,20,6,,90,A
367614030,2022-01-06T16:05:51,43.34656,-124.32052,0.1,224.4,511.0,NORTH BEND,,WDH4086,31,0,20,6,,90,A
367614030,2022-01-06T20:19:41,43.34645,-124.32055,0.0,291.9,511.0,NORTH BEND,,WDH4086,31,0,20,6,,90,A
367614030,2022-01-06T18:57:51,43.34652,-124.32054,0.0,324.2,511.0,NORTH BEND,,WDH4086,31,0,20,6,,90,A
367614030,2022-01-06T19:44:51,43.34654,-124.32052,0.0,301.0,511.0,NORTH BEND,,WDH4086,31,0,20,6,,90,A
367614030,2022-01-06T19:48:11,43.34656,-124.32052,0.0,305.2,511.0,NORTH BEND,,WDH4086,31,0,20,6,,90,A
367614030,2022-01-06T19:46:01,43.34651,-124.32053,0.0,316.7,511.0,NORTH BEND,,WDH4086,31,0,20,6,,90,A
367614030,2022-01-06T19:50:30,43.34655,-124.32052,0.0,319.4,511.0,NORTH BEND,,WDH4086,31,0,20,6,,90,A
367614030,2022-01-06T19:03:41,43.34654,-124.32060,0.0,301.8,511.0,NORTH BEND,,WDH4086,31,0,20,6,,90,A
367614030,2022-01-06T16:12:41,43.34653,-124.32056,0.0,220.0,511.0,NORTH BEND,,WDH4086,31,0,20,6,,90,A
367614030,2022-01-06T19:52:42,43.34655,-124.32055,0.1,305.0,511.0,NORTH BEND,,WDH4086,31,0,20,6,,90,A
367614030,2022-01-06T19:55:00,43.34656,-124.32052,0.0,283.8,511.0,NORTH BEND,,WDH4086,31,0,20,6,,90,A
367614030,2022-01-06T19:53:51,43.34654,-124.32056,0.1,292.6,511.0,NORTH BEND,,WDH4086,31,0,20,6,,90,A
367614030,2022-01-06T19:10:50,43.34655,-124.32054,0.0,298.1,511.0,NORTH BEND,,WDH4086,31,0,20,6,,90,A
367614030,2022-01-06T19:56:12,43.34653,-124.32054,0.0,274.6,511.0,NORTH BEND,,WDH4086,31,0,20,6,,90,A
367614030,2022-01-06T20:03:30,43.34654,-124.32052,0.0,304.5,511.0,NORTH BEND,,WDH4086,31,0,20,6,,90,A
367614030,2022-01-06T20:41:41,43.34656,-124.32056,0.0,257.6,511.0,NORTH BEND,,WDH4086,31,0,20,6,,90,A
367614030,2022-01-06T20:02:21,43.34654,-124.32052,0.0,279.7,511.0,NORTH BEND,,WDH4086,31,0,20,6,,90,A
367614030,2022-01-06T20:42:50,43.34655,-124.32056,0.0,252.8,511.0,NORTH BEND,,WDH4086,31,0,20,6,,90,A
367614030,2022-01-06T20:12:41,43.34654,-124.32053,0.0,354.7,511.0,NORTH BEND,,WDH4086,31,0,20,6,,90,A
367614030,2022-01-06T20:46:20,43.34656,-124.32053,0.1,260.6,511.0,NORTH BEND,,WDH4086,31,0,20,6,,90,A
367614030,2022-01-06T20:47:30,43.34655,-124.32051,0.0,270.0,511.0,NORTH BEND,,WDH4086,31,0,20,6,,90,A
367614030,2022-01-06T20:08:01,43.34656,-124.32055,0.0,353.8,511.0,NORTH BEND,,WDH4086,31,0,20,6,,90,A
367614030,2022-01-06T20:10:20,43.34655,-124.32053,0.1,357.0,511.0,NORTH BEND,,WDH4086,31,0,20,6,,90,A
367614030,2022-01-06T20:18:32,43.34652,-124.32053,0.0,313.1,511.0,NORTH BEND,,WDH4086,31,0,20,6,,90,A
367614030,2022-01-06T20:11:32,43.34655,-124.32053,0.0,356.3,511.0,NORTH BEND,,WDH4086,31,0,20,6,,90,A
367614030,2022-01-06T20:51:00,43.34657,-124.32052,0.0,269.1,511.0,NORTH BEND,,WDH4086,31,0,20,6,,90,A
367614030,2022-01-06T20:13:51,43.34654,-124.32052,0.0,343.1,511.0,NORTH BEND,,WDH4086,31,0,20,6,,90,A
367614030,2022-01-06T20:52:11,43.34658,-124.32052,0.0,269.1,511.0,NORTH BEND,,WDH4086,31,0,20,6,,90,A
367614030,2022-01-06T19:28:20,43.34653,-124.32052,0.0,268.8,511.0,NORTH BEND,,WDH4086,31,0,20,6,,90,A
367614030,2022-01-06T20:53:22,43.34653,-124.32055,0.1,262.4,511.0,NORTH BEND,,WDH4086,31,0,20,6,,90,A
367614030,2022-01-06T16:32:41,43.34654,-124.32053,0.0,230.6,511.0,NORTH BEND,,WDH4086,31,0,20,6,,90,A
367614030,2022-01-06T16:33:51,43.34654,-124.32054,0.0,227.0,511.0,NORTH BEND,,WDH4086,31,0,20,6,,90,A
367614030,2022-01-06T20:25:31,43.34658,-124.32051,0.0,250.8,511.0,NORTH BEND,,WDH4086,31,0,20,6,,90,A
367614030,2022-01-06T20:26:41,43.34656,-124.32051,0.0,239.2,511.0,NORTH BEND,,WDH4086,31,0,20,6,,90,A
367614030,2022-01-06T20:55:42,43.34653,-124.32054,0.0,256.8,511.0,NORTH BEND,,WDH4086,31,0,20,6,,90,A
367614030,2022-01-06T20:20:51,43.34649,-124.32054,0.0,271.9,511.0,NORTH BEND,,WDH4086,31,0,20,6,,90,A
367614030,2022-01-06T21:01:10,43.34653,-124.32055,0.1,279.1,511.0,NORTH BEND,,WDH4086,31,0,20,6,,90,A
367614030,2022-01-06T16:11:40,43.34654,-124.32060,0.0,222.9,511.0,NORTH BEND,,WDH4086,31,0,20,6,,90,A
367614030,2022-01-06T19:38:52,43.34656,-124.32054,0.0,327.7,511.0,NORTH BEND,,WDH4086,31,0,20,6,,90,A
367614030,2022-01-06T19:41:12,43.34655,-124.32054,0.0,329.5,511.0,NORTH BEND,,WDH4086,31,0,20,6,,90,A
367614030,2022-01-06T19:42:21,43.34656,-124.32054,0.0,335.4,511.0,NORTH BEND,,WDH4086,31,0,20,6,,90,A
367614030,2022-01-06T21:11:51,43.34658,-124.32053,0.1,309.0,511.0,NORTH BEND,,WDH4086,31,0,20,6,,90,A
367614030,2022-01-06T21:09:31,43.34653,-124.32055,0.1,306.6,511.0,NORTH BEND,,WDH4086,31,0,20,6,,90,A
367614030,2022-01-06T20:45:10,43.34654,-124.32055,0.0,253.9,511.0,NORTH BEND,,WDH4086,31,0,20,6,,90,A
367614030,2022-01-06T21:15:12,43.34654,-124.32055,0.0,303.2,511.0,NORTH BEND,,WDH4086,31,0,20,6,,90,A
367614030,2022-01-06T16:52:31,43.34655,-124.32051,0.0,303.9,511.0,NORTH BEND,,WDH4086,31,0,20,6,,90,A
367614030,2022-01-06T20:44:01,43.34654,-124.32055,0.0,247.8,511.0,NORTH BEND,,WDH4086,31,0,20,6,,90,A
367614030,2022-01-06T20:57:52,43.34654,-124.32054,0.0,271.0,511.0,NORTH BEND,,WDH4086,31,0,20,6,,90,A
367614030,2022-01-06T20:59:02,43.34653,-124.32056,0.0,277.2,511.0,NORTH BEND,,WDH4086,31,0,20,6,,90,A
367614030,2022-01-06T20:48:41,43.34654,-124.32052,0.1,266.0,511.0,NORTH BEND,,WDH4086,31,0,20,6,,90,A
367614030,2022-01-06T17:01:11,43.34654,-124.32053,0.0,347.4,511.0,NORTH BEND,,WDH4086,31,0,20,6,,90,A
367614030,2022-01-06T17:04:42,43.34652,-124.32054,0.0,358.7,511.0,NORTH BEND,,WDH4086,31,0,20,6,,90,A
367614030,2022-01-06T21:07:11,43.34653,-124.32054,0.0,279.3,511.0,NORTH BEND,,WDH4086,31,0,20,6,,90,A
367614030,2022-01-06T20:04:31,43.34655,-124.32053,0.1,323.6,511.0,NORTH BEND,,WDH4086,31,0,20,6,,90,A
367614030,2022-01-06T21:35:50,43.34654,-124.32055,0.1,341.2,511.0,NORTH BEND,,WDH4086,31,0,20,6,,90,A
367614030,2022-01-06T17:06:52,43.34654,-124.32053,0.0,355.2,511.0,NORTH BEND,,WDH4086,31,0,20,6,,90,A
367614030,2022-01-06T21:08:21,43.34656,-124.32053,0.0,281.9,511.0,NORTH BEND,,WDH4086,31,0,20,6,,90,A
367614030,2022-01-06T21:02:21,43.34654,-124.32053,0.0,286.4,511.0,NORTH BEND,,WDH4086,31,0,20,6,,90,A
367614030,2022-01-06T21:32:11,43.34654,-124.32055,0.1,329.2,511.0,NORTH BEND,,WDH4086,31,0,20,6,,90,A
367614030,2022-01-06T17:09:11,43.34654,-124.32054,0.0,351.9,511.0,NORTH BEND,,WDH4086,31,0,20,6,,90,A
367614030,2022-01-06T21:38:01,43.34655,-124.32054,0.0,330.3,511.0,NORTH BEND,,WDH4086,31,0,20,6,,90,A
367614030,2022-01-06T16:39:42,43.34654,-124.32052,0.1,264.3,511.0,NORTH BEND,,WDH4086,31,0,20,6,,90,A
367614030,2022-01-06T21:40:12,43.34655,-124.32055,0.0,333.3,511.0,NORTH BEND,,WDH4086,31,0,20,6,,90,A
367614030,2022-01-06T20:17:21,43.34650,-124.32054,0.0,346.3,511.0,NORTH BEND,,WDH4086,31,0,20,6,,90,A
367614030,2022-01-06T21:21:10,43.34652,-124.32055,0.0,288.5,511.0,NORTH BEND,,WDH4086,31,0,20,6,,90,A
367614030,2022-01-06T21:42:30,43.34653,-124.32054,0.1,337.8,511.0,NORTH BEND,,WDH4086,31,0,20,6,,90,A
367614030,2022-01-06T21:16:22,43.34657,-124.32053,0.1,308.2,511.0,NORTH BEND,,WDH4086,31,0,20,6,,90,A
367614030,2022-01-06T21:44:51,43.34655,-124.32054,0.1,341.7,511.0,NORTH BEND,,WDH4086,31,0,20,6,,90,A
367614030,2022-01-06T21:13:00,43.34652,-124.32055,0.0,307.1,511.0,NORTH BEND,,WDH4086,31,0,20,6,,90,A
367614030,2022-01-06T21:47:10,43.34650,-124.32058,0.0,342.0,511.0,NORTH BEND,,WDH4086,31,0,20,6,,90,A
367614030,2022-01-06T16:47:51,43.34654,-124.32057,0.0,288.4,511.0,NORTH BEND,,WDH4086,31,0,20,6,,90,A
367614030,2022-01-06T21:20:00,43.34651,-124.32060,0.1,298.4,511.0,NORTH BEND,,WDH4086,31,0,20,6,,90,A
367614030,2022-01-06T21:28:11,43.34653,-124.32054,0.0,309.0,511.0,NORTH BEND,,WDH4086,31,0,20,6,,90,A
367614030,2022-01-06T21:29:31,43.34653,-124.32054,0.0,310.9,511.0,NORTH BEND,,WDH4086,31,0,20,6,,90,A
367614030,2022-01-06T20:27:51,43.34658,-124.32051,0.0,241.0,511.0,NORTH BEND,,WDH4086,31,0,20,6,,90,A
367614030,2022-01-06T21:33:31,43.34654,-124.32055,0.1,330.6,511.0,NORTH BEND,,WDH4086,31,0,20,6,,90,A
367614030,2022-01-06T22:06:00,43.34652,-124.32053,0.1,333.5,511.0,NORTH BEND,,WDH4086,31,0,20,6,,90,A
367614030,2022-01-06T21:25:51,43.34653,-124.32056,0.1,279.3,511.0,NORTH BEND,,WDH4086,31,0,20,6,,90,A
367614030,2022-01-06T21:39:10,43.34654,-124.32055,0.0,330.8,511.0,NORTH BEND,,WDH4086,31,0,20,6,,90,A
367614030,2022-01-06T22:03:41,43.34654,-124.32054,0.0,337.5,511.0,NORTH BEND,,WDH4086,31,0,20,6,,90,A
367614030,2022-01-06T22:14:10,43.34653,-124.32055,0.0,335.5,511.0,NORTH BEND,,WDH4086,31,0,20,6,,90,A
367614030,2022-01-06T22:15:20,43.34654,-124.32054,0.0,339.9,511.0,NORTH BEND,,WDH4086,31,0,20,6,,90,A
367614030,2022-01-06T22:18:51,43.34656,-124.32056,0.0,329.2,511.0,NORTH BEND,,WDH4086,31,0,20,6,,90,A
367614030,2022-01-06T21:43:41,43.34653,-124.32054,0.0,338.7,511.0,NORTH BEND,,WDH4086,31,0,20,6,,90,A
367614030,2022-01-06T22:13:00,43.34650,-124.32053,0.0,336.2,511.0,NORTH BEND,,WDH4086,31,0,20,6,,90,A
367614030,2022-01-06T20:49:50,43.34655,-124.32052,0.0,266.0,511.0,NORTH BEND,,WDH4086,31,0,20,6,,90,A
367614030,2022-01-06T21:48:22,43.34653,-124.32055,0.0,341.6,511.0,NORTH BEND,,WDH4086,31,0,20,6,,90,A
367614030,2022-01-06T17:58:11,43.34657,-124.32049,0.0,308.2,511.0,NORTH BEND,,WDH4086,31,0,20,6,,90,A
367614030,2022-01-06T22:16:30,43.34657,-124.32056,0.0,338.5,511.0,NORTH BEND,,WDH4086,31,0,20,6,,90,A
367614030,2022-01-06T21:55:42,43.34654,-124.32053,0.0,343.7,511.0,NORTH BEND,,WDH4086,31,0,20,6,,90,A
367614030,2022-01-06T18:00:00,43.34656,-124.32051,0.0,301.8,511.0,NORTH BEND,,WDH4086,31,0,20,6,,90,A
367614030,2022-01-06T17:08:00,43.34653,-124.32053,0.0,349.7,511.0,NORTH BEND,,WDH4086,31,0,20,6,,90,A
367614030,2022-01-06T18:01:12,43.34656,-124.32054,0.1,305.8,511.0,NORTH BEND,,WDH4086,31,0,20,6,,90,A
367614030,2022-01-06T21:49:31,43.34654,-124.32054,0.0,350.8,511.0,NORTH BEND,,WDH4086,31,0,20,6,,90,A
367614030,2022-01-06T21:53:10,43.34654,-124.32053,0.0,343.7,511.0,NORTH BEND,,WDH4086,31,0,20,6,,90,A
367614030,2022-01-06T21:58:01,43.34654,-124.32052,0.0,333.7,511.0,NORTH BEND,,WDH4086,31,0,20,6,,90,A
367614030,2022-01-06T21:56:50,43.34653,-124.32053,0.0,335.3,511.0,NORTH BEND,,WDH4086,31,0,20,6,,90,A
367614030,2022-01-06T22:38:21,43.34652,-124.32054,0.1,262.8,511.0,NORTH BEND,,WDH4086,31,0,20,6,,90,A
367614030,2022-01-06T22:07:10,43.34654,-124.32054,0.1,330.3,511.0,NORTH BEND,,WDH4086,31,0,20,6,,90,A
367614030,2022-01-06T22:01:10,43.34653,-124.32053,0.1,331.6,511.0,NORTH BEND,,WDH4086,31,0,20,6,,90,A
367614030,2022-01-06T22:11:50,43.34654,-124.32055,0.0,334.7,511.0,NORTH BEND,,WDH4086,31,0,20,6,,90,A
367614030,2022-01-06T22:04:51,43.34653,-124.32056,0.0,332.5,511.0,NORTH BEND,,WDH4086,31,0,20,6,,90,A
367614030,2022-01-06T22:42:41,43.34654,-124.32054,0.0,276.1,511.0,NORTH BEND,,WDH4086,31,0,20,6,,90,A
367614030,2022-01-06T22:43:50,43.34654,-124.32053,0.1,286.5,511.0,NORTH BEND,,WDH4086,31,0,20,6,,90,A
367614030,2022-01-06T22:17:41,43.34657,-124.32057,0.1,328.2,511.0,NORTH BEND,,WDH4086,31,0,20,6,,90,A
367614030,2022-01-06T17:25:21,43.34656,-124.32057,0.0,353.2,511.0,NORTH BEND,,WDH4086,31,0,20,6,,90,A
367614030,2022-01-06T22:21:02,43.34654,-124.32055,0.0,311.3,511.0,NORTH BEND,,WDH4086,31,0,20,6,,90,A
367614030,2022-01-06T23:01:10,43.34655,-124.32051,0.0,21.5,511.0,NORTH BEND,,WDH4086,31,0,20,6,,90,A
367614030,2022-01-06T22:25:31,43.34654,-124.32054,0.0,307.9,511.0,NORTH BEND,,WDH4086,31,0,20,6,,90,A
367614030,2022-01-06T21:24:40,43.34650,-124.32057,0.0,287.6,511.0,NORTH BEND,,WDH4086,31,0,20,6,,90,A
367614030,2022-01-06T21:27:01,43.34652,-124.32053,0.0,283.2,511.0,NORTH BEND,,WDH4086,31,0,20,6,,90,A
367614030,2022-01-06T18:33:21,43.34656,-124.32054,0.0,261.0,511.0,NORTH BEND,,WDH4086,31,0,20,6,,90,A
367614030,2022-01-06T17:35:50,43.34649,-124.32058,0.1,330.8,511.0,NORTH BEND,,WDH4086,31,0,20,6,,90,A
367614030,2022-01-06T22:36:10,43.34654,-124.32052,0.0,283.8,511.0,NORTH BEND,,WDH4086,31,0,20,6,,90,A
367614030,2022-01-06T18:36:50,43.34652,-124.32054,0.1,278.4,511.0,NORTH BEND,,WDH4086,31,0,20,6,,90,A
367614030,2022-01-06T22:40:32,43.34654,-124.32054,0.0,255.1,511.0,NORTH BEND,,WDH4086,31,0,20,6,,90,A
367614030,2022-01-06T22:30:01,43.34654,-124.32052,0.0,287.6,511.0,NORTH BEND,,WDH4086,31,0,20,6,,90,A
367614030,2022-01-06T17:38:30,43.34653,-124.32053,0.0,330.9,511.0,NORTH BEND,,WDH4086,31,0,20,6,,90,A
367614030,2022-01-06T21:37:00,43.34654,-124.32053,0.1,334.0,511.0,NORTH BEND,,WDH4086,31,0,20,6,,90,A
367614030,2022-01-06T17:39:32,43.34650,-124.32054,0.0,332.4,511.0,NORTH BEND,,WDH4086,31,0,20,6,,90,A
367614030,2022-01-06T22:32:40,43.34654,-124.32054,0.0,297.0,511.0,NORTH BEND,,WDH4086,31,0,20,6,,90,A
367614030,2022-01-06T22:35:02,43.34654,-124.32052,0.0,295.1,511.0,NORTH BEND,,WDH4086,31,0,20,6,,90,A
367614030,2022-01-06T22:45:02,43.34651,-124.32054,0.1,293.5,511.0,NORTH BEND,,WDH4086,31,0,20,6,,90,A
367614030,2022-01-06T18:46:11,43.34656,-124.32054,0.0,315.0,511.0,NORTH BEND,,WDH4086,31,0,20,6,,90,A
367614030,2022-01-06T22:46:11,43.34652,-124.32052,0.0,316.1,511.0,NORTH BEND,,WDH4086,31,0,20,6,,90,A
367614030,2022-01-06T17:47:31,43.34654,-124.32051,0.0,327.0,511.0,NORTH BEND,,WDH4086,31,0,20,6,,90,A
367614030,2022-01-06T23:33:01,43.34655,-124.32054,0.0,195.0,511.0,NORTH BEND,,WDH4086,31,0,20,6,,90,A
367614030,2022-01-06T22:48:31,43.34652,-124.32054,0.1,344.6,511.0,NORTH BEND,,WDH4086,31,0,20,6,,90,A
367614030,2022-01-06T21:52:01,43.34654,-124.32053,0.0,346.0,511.0,NORTH BEND,,WDH4086,31,0,20,6,,90,A
367614030,2022-01-06T18:52:00,43.34655,-124.32053,0.1,312.6,511.0,NORTH BEND,,WDH4086,31,0,20,6,,90,A
367614030,2022-01-06T23:40:11,43.34656,-124.32053,0.0,208.9,511.0,NORTH BEND,,WDH4086,31,0,20,6,,90,A
367614030,2022-01-06T23:24:21,43.34651,-124.32054,0.0,225.6,511.0,NORTH BEND,,WDH4086,31,0,20,6,,90,A
367614030,2022-01-06T22:59:02,43.34653,-124.32052,0.0,22.5,511.0,NORTH BEND,,WDH4086,31,0,20,6,,90,A
367614030,2022-01-06T23:25:30,43.34655,-124.32057,0.0,223.0,511.0,NORTH BEND,,WDH4086,31,0,20,6,,90,A
367614030,2022-01-06T22:54:20,43.34653,-124.32052,0.1,12.0,511.0,NORTH BEND,,WDH4086,31,0,20,6,,90,A
367614030,2022-01-06T22:57:51,43.34655,-124.32052,0.1,16.1,511.0,NORTH BEND,,WDH4086,31,0,20,6,,90,A
367614030,2022-01-06T17:53:21,43.34658,-124.32049,0.0,310.3,511.0,NORTH BEND,,WDH4086,31,0,20,6,,90,A
367614030,2022-01-06T23:00:02,43.34655,-124.32051,0.0,25.5,511.0,NORTH BEND,,WDH4086,31,0,20,6,,90,A
367614030,2022-01-06T23:03:32,43.34656,-124.32052,0.0,351.5,511.0,NORTH BEND,,WDH4086,31,0,20,6,,90,A
367614030,2022-01-06T22:56:50,43.34653,-124.32054,0.0,7.2,511.0,NORTH BEND,,WDH4086,31,0,20,6,,90,A
367614030,2022-01-06T23:02:21,43.34656,-124.32051,0.0,356.8,511.0,NORTH BEND,,WDH4086,31,0,20,6,,90,A
367614030,2022-01-06T22:00:01,43.34655,-124.32051,0.0,330.3,511.0,NORTH BEND,,WDH4086,31,0,20,6,,90,A
367614030,2022-01-06T17:55:51,43.34663,-124.32045,0.0,311.8,511.0,NORTH BEND,,WDH4086,31,0,20,6,,90,A
367614030,2022-01-06T23:05:52,43.34656,-124.32054,0.0,351.3,511.0,NORTH BEND,,WDH4086,31,0,20,6,,90,A
367614030,2022-01-06T23:04:41,43.34656,-124.32053,0.0,351.3,511.0,NORTH BEND,,WDH4086,31,0,20,6,,90,A
367614030,2022-01-06T17:57:00,43.34657,-124.32051,0.0,310.8,511.0,NORTH BEND,,WDH4086,31,0,20,6,,90,A
367614030,2022-01-06T23:08:11,43.34655,-124.32052,0.0,348.8,511.0,NORTH BEND,,WDH4086,31,0,20,6,,90,A
367614030,2022-01-06T23:54:11,43.34656,-124.32054,0.0,213.8,511.0,NORTH BEND,,WDH4086,31,0,20,6,,90,A
367614030,2022-01-06T23:55:22,43.34657,-124.32052,0.1,216.5,511.0,NORTH BEND,,WDH4086,31,0,20,6,,90,A
367614030,2022-01-06T23:56:41,43.34656,-124.32051,0.0,219.8,511.0,NORTH BEND,,WDH4086,31,0,20,6,,90,A
367614030,2022-01-06T23:41:21,43.34658,-124.32049,0.1,213.1,511.0,NORTH BEND,,WDH4086,31,0,20,6,,90,A
367614030,2022-01-06T22:09:30,43.34653,-124.32054,0.0,340.5,511.0,NORTH BEND,,WDH4086,31,0,20,6,,90,A
367614030,2022-01-06T23:15:11,43.34658,-124.32052,0.1,305.9,511.0,NORTH BEND,,WDH4086,31,0,20,6,,90,A
367614030,2022-01-06T22:10:40,43.34651,-124.32054,0.1,336.6,511.0,NORTH BEND,,WDH4086,31,0,20,6,,90,A
367614030,2022-01-06T19:14:21,43.34652,-124.32053,0.0,294.1,511.0,NORTH BEND,,WDH4086,31,0,20,6,,90,A
367614030,2022-01-06T23:18:41,43.34655,-124.32054,0.0,305.9,511.0,NORTH BEND,,WDH4086,31,0,20,6,,90,A
367614030,2022-01-06T23:49:41,43.34656,-124.32049,0.1,212.1,511.0,NORTH BEND,,WDH4086,31,0,20,6,,90,A
367614030,2022-01-06T23:20:51,43.34652,-124.32052,0.1,272.9,511.0,NORTH BEND,,WDH4086,31,0,20,6,,90,A
367614030,2022-01-06T23:22:00,43.34654,-124.32053,0.0,258.8,511.0,NORTH BEND,,WDH4086,31,0,20,6,,90,A
367614030,2022-01-06T19:20:11,43.34654,-124.32051,0.0,287.1,511.0,NORTH BEND,,WDH4086,31,0,20,6,,90,A
367614030,2022-01-06T23:53:01,43.34654,-124.32054,0.0,216.4,511.0,NORTH BEND,,WDH4086,31,0,20,6,,90,A
367614030,2022-01-06T23:16:20,43.34655,-124.32053,0.0,306.8,511.0,NORTH BEND,,WDH4086,31,0,20,6,,90,A
367614030,2022-01-06T19:23:41,43.34653,-124.32050,0.1,259.0,511.0,NORTH BEND,,WDH4086,31,0,20,6,,90,A
367614030,2022-01-06T18:18:00,43.34654,-124.32054,0.0,240.7,511.0,NORTH BEND,,WDH4086,31,0,20,6,,90,A
367614030,2022-01-06T23:23:11,43.34652,-124.32052,0.0,237.0,511.0,NORTH BEND,,WDH4086,31,0,20,6,,90,A
367614030,2022-01-06T23:30:02,43.34654,-124.32055,0.0,198.8,511.0,NORTH BEND,,WDH4086,31,0,20,6,,90,A
367614030,2022-01-06T22:27:50,43.34655,-124.32056,0.0,315.7,511.0,NORTH BEND,,WDH4086,31,0,20,6,,90,A
367614030,2022-01-06T23:36:31,43.34654,-124.32056,0.1,196.8,511.0,NORTH BEND,,WDH4086,31,0,20,6,,90,A
367614030,2022-01-06T23:27:42,43.34654,-124.32054,0.0,202.4,511.0,NORTH BEND,,WDH4086,31,0,20,6,,90,A
367614030,2022-01-06T23:37:50,43.34653,-124.32054,0.0,201.2,511.0,NORTH BEND,,WDH4086,31,0,20,6,,90,A
367614030,2022-01-06T23:42:30,43.34655,-124.32048,0.1,214.8,511.0,NORTH BEND,,WDH4086,31,0,20,6,,90,A
367614030,2022-01-06T18:29:41,43.34655,-124.32054,0.0,240.9,511.0,NORTH BEND,,WDH4086,31,0,20,6,,90,A
367614030,2022-01-06T22:37:12,43.34654,-124.32053,0.0,274.0,511.0,NORTH BEND,,WDH4086,31,0,20,6,,90,A
367614030,2022-01-06T23:47:11,43.34654,-124.32049,0.0,213.7,511.0,NORTH BEND,,WDH4086,31,0,20,6,,90,A
367614030,2022-01-06T18:34:31,43.34655,-124.32055,0.1,254.1,511.0,NORTH BEND,,WDH4086,31,0,20,6,,90,A
367614030,2022-01-06T23:48:31,43.34654,-124.32048,0.1,214.2,511.0,NORTH BEND,,WDH4086,31,0,20,6,,90,A
367614030,2022-01-06T19:47:02,43.34655,-124.32052,0.0,312.8,511.0,NORTH BEND,,WDH4086,31,0,20,6,,90,A
367614030,2022-01-06T22:49:40,43.34652,-124.32052,0.0,354.8,511.0,NORTH BEND,,WDH4086,31,0,20,6,,90,A
367614030,2022-01-06T23:57:52,43.34656,-124.32051,0.0,225.3,511.0,NORTH BEND,,WDH4086,31,0,20,6,,90,A
367614030,2022-01-06T18:43:41,43.34653,-124.32052,0.0,310.9,511.0,NORTH BEND,,WDH4086,31,0,20,6,,90,A
367614030,2022-01-06T22:55:40,43.34651,-124.32051,0.0,12.0,511.0,NORTH BEND,,WDH4086,31,0,20,6,,90,A
367614030,2022-01-06T19:51:31,43.34655,-124.32053,0.0,314.6,511.0,NORTH BEND,,WDH4086,31,0,20,6,,90,A
367614030,2022-01-06T18:49:42,43.34654,-124.32052,0.0,311.8,511.0,NORTH BEND,,WDH4086,31,0,20,6,,90,A
367614030,2022-01-06T19:57:21,43.34652,-124.32053,0.1,270.8,511.0,NORTH BEND,,WDH4086,31,0,20,6,,90,A
367614030,2022-01-06T18:59:01,43.34651,-124.32057,0.0,326.2,511.0,NORTH BEND,,WDH4086,31,0,20,6,,90,A
367614030,2022-01-06T23:10:40,43.34655,-124.32053,0.0,315.0,511.0,NORTH BEND,,WDH4086,31,0,20,6,,90,A
367614030,2022-01-06T19:05:51,43.34654,-124.32059,0.0,295.9,511.0,NORTH BEND,,WDH4086,31,0,20,6,,90,A
367614030,2022-01-06T20:06:51,43.34654,-124.32054,0.1,341.6,511.0,NORTH BEND,,WDH4086,31,0,20,6,,90,A
367614030,2022-01-06T23:17:31,43.34656,-124.32053,0.0,306.5,511.0,NORTH BEND,,WDH4086,31,0,20,6,,90,A
367614030,2022-01-06T23:19:50,43.34654,-124.32053,0.0,296.1,511.0,NORTH BEND,,WDH4086,31,0,20,6,,90,A
367614030,2022-01-06T20:15:01,43.34651,-124.32052,0.0,350.3,511.0,NORTH BEND,,WDH4086,31,0,20,6,,90,A
367614030,2022-01-06T20:16:10,43.34655,-124.32051,0.0,354.5,511.0,NORTH BEND,,WDH4086,31,0,20,6,,90,A
367614030,2022-01-06T23:26:41,43.34655,-124.32054,0.1,209.3,511.0,NORTH BEND,,WDH4086,31,0,20,6,,90,A
367614030,2022-01-06T19:21:22,43.34656,-124.32052,0.0,279.2,511.0,NORTH BEND,,WDH4086,31,0,20,6,,90,A
367614030,2022-01-06T23:31:52,43.34656,-124.32052,0.0,195.4,511.0,NORTH BEND,,WDH4086,31,0,20,6,,90,A
367614030,2022-01-06T23:35:22,43.34655,-124.32053,0.0,194.1,511.0,NORTH BEND,,WDH4086,31,0,20,6,,90,A
367614030,2022-01-06T20:23:12,43.34655,-124.32052,0.0,268.8,511.0,NORTH BEND,,WDH4086,31,0,20,6,,90,A
367614030,2022-01-06T23:39:01,43.34656,-124.32052,0.1,206.5,511.0,NORTH BEND,,WDH4086,31,0,20,6,,90,A
367614030,2022-01-06T23:44:50,43.34657,-124.32049,0.0,215.8,511.0,NORTH BEND,,WDH4086,31,0,20,6,,90,A
367614030,2022-01-06T23:46:01,43.34658,-124.32046,0.0,215.0,511.0,NORTH BEND,,WDH4086,31,0,20,6,,90,A
367614030,2022-01-06T19:35:10,43.34656,-124.32052,0.0,336.2,511.0,NORTH BEND,,WDH4086,31,0,20,6,,90,A
367614030,2022-01-06T23:50:50,43.34653,-124.32050,0.0,214.8,511.0,NORTH BEND,,WDH4086,31,0,20,6,,90,A
367614030,2022-01-06T23:51:52,43.34654,-124.32055,0.0,214.1,511.0,NORTH BEND,,WDH4086,31,0,20,6,,90,A
367614030,2022-01-06T20:54:31,43.34656,-124.32053,0.0,255.8,511.0,NORTH BEND,,WDH4086,31,0,20,6,,90,A
367614030,2022-01-06T19:59:40,43.34653,-124.32053,0.0,262.9,511.0,NORTH BEND,,WDH4086,31,0,20,6,,90,A
367614030,2022-01-06T20:00:01,43.34652,-124.32053,0.0,262.0,511.0,NORTH BEND,,WDH4086,31,0,20,6,,90,A
367614030,2022-01-06T20:56:50,43.34657,-124.32054,0.0,260.7,511.0,NORTH BEND,,WDH4086,31,0,20,6,,90,A
367614030,2022-01-06T20:01:10,43.34653,-124.32053,0.0,261.1,511.0,NORTH BEND,,WDH4086,31,0,20,6,,90,A
367614030,2022-01-06T21:00:02,43.34653,-124.32055,0.0,274.8,511.0,NORTH BEND,,WDH4086,31,0,20,6,,90,A
367614030,2022-01-06T21:04:40,43.34656,-124.32052,0.0,278.8,511.0,NORTH BEND,,WDH4086,31,0,20,6,,90,A
367614030,2022-01-06T20:09:11,43.34655,-124.32053,0.0,352.8,511.0,NORTH BEND,,WDH4086,31,0,20,6,,90,A
367614030,2022-01-06T21:10:40,43.34652,-124.32056,0.0,306.1,511.0,NORTH BEND,,WDH4086,31,0,20,6,,90,A
367614030,2022-01-06T21:14:01,43.34655,-124.32054,0.0,304.2,511.0,NORTH BEND,,WDH4086,31,0,20,6,,90,A
367614030,2022-01-06T21:17:40,43.34654,-124.32055,0.0,307.2,511.0,NORTH BEND,,WDH4086,31,0,20,6,,90,A
367614030,2022-01-06T21:18:52,43.34654,-124.32057,0.1,301.0,511.0,NORTH BEND,,WDH4086,31,0,20,6,,90,A
367614030,2022-01-06T20:22:02,43.34653,-124.32054,0.1,268.9,511.0,NORTH BEND,,WDH4086,31,0,20,6,,90,A
367614030,2022-01-06T20:24:21,43.34655,-124.32051,0.0,258.8,511.0,NORTH BEND,,WDH4086,31,0,20,6,,90,A
367614030,2022-01-06T21:23:30,43.34653,-124.32056,0.1,271.8,511.0,NORTH BEND,,WDH4086,31,0,20,6,,90,A
367614030,2022-01-06T20:29:01,43.34658,-124.32052,0.1,233.4,511.0,NORTH BEND,,WDH4086,31,0,20,6,,90,A
367614030,2022-01-06T21:41:21,43.34655,-124.32054,0.1,334.2,511.0,NORTH BEND,,WDH4086,31,0,20,6,,90,A
367614030,2022-01-06T21:03:31,43.34654,-124.32052,0.0,283.3,511.0,NORTH BEND,,WDH4086,31,0,20,6,,90,A
367614030,2022-01-06T21:50:52,43.34655,-124.32053,0.1,346.7,511.0,NORTH BEND,,WDH4086,31,0,20,6,,90,A
367614030,2022-01-06T21:06:01,43.34656,-124.32052,0.0,265.3,511.0,NORTH BEND,,WDH4086,31,0,20,6,,90,A
367614030,2022-01-06T21:59:10,43.34656,-124.32052,0.0,332.8,511.0,NORTH BEND,,WDH4086,31,0,20,6,,90,A
367614030,2022-01-06T22:02:22,43.34653,-124.32052,0.1,328.1,511.0,NORTH BEND,,WDH4086,31,0,20,6,,90,A
367614030,2022-01-06T22:08:21,43.34652,-124.32054,0.0,337.1,511.0,NORTH BEND,,WDH4086,31,0,20,6,,90,A
367614030,2022-01-06T21:22:20,43.34651,-124.32056,0.1,278.8,511.0,NORTH BEND,,WDH4086,31,0,20,6,,90,A
367614030,2022-01-06T21:31:01,43.34654,-124.32055,0.1,321.9,511.0,NORTH BEND,,WDH4086,31,0,20,6,,90,A
367614030,2022-01-06T21:34:41,43.34652,-124.32054,0.0,336.2,511.0,NORTH BEND,,WDH4086,31,0,20,6,,90,A
367614030,2022-01-06T22:20:00,43.34654,-124.32054,0.0,317.0,511.0,NORTH BEND,,WDH4086,31,0,20,6,,90,A
367614030,2022-01-06T22:22:11,43.34656,-124.32055,0.0,301.0,511.0,NORTH BEND,,WDH4086,31,0,20,6,,90,A
367614030,2022-01-06T22:26:42,43.34655,-124.32055,0.0,310.8,511.0,NORTH BEND,,WDH4086,31,0,20,6,,90,A
367614030,2022-01-06T21:46:02,43.34654,-124.32054,0.0,340.4,511.0,NORTH BEND,,WDH4086,31,0,20,6,,90,A
367614030,2022-01-06T21:54:20,43.34654,-124.32052,0.1,345.3,511.0,NORTH BEND,,WDH4086,31,0,20,6,,90,A
367614030,2022-01-06T22:39:22,43.34653,-124.32054,0.0,255.7,511.0,NORTH BEND,,WDH4086,31,0,20,6,,90,A
367614030,2022-01-06T22:41:40,43.34653,-124.32054,0.0,260.1,511.0,NORTH BEND,,WDH4086,31,0,20,6,,90,A
367614030,2022-01-06T22:47:20,43.34653,-124.32052,0.1,336.8,511.0,NORTH BEND,,WDH4086,31,0,20,6,,90,A
367614030,2022-01-06T22:53:11,43.34654,-124.32055,0.1,6.8,511.0,NORTH BEND,,WDH4086,31,0,20,6,,90,A
367614030,2022-01-06T22:23:20,43.34654,-124.32056,0.0,313.2,511.0,NORTH BEND,,WDH4086,31,0,20,6,,90,A
367614030,2022-01-06T22:24:21,43.34655,-124.32054,0.1,311.6,511.0,NORTH BEND,,WDH4086,31,0,20,6,,90,A
367614030,2022-01-06T22:28:51,43.34653,-124.32053,0.0,304.5,511.0,NORTH BEND,,WDH4086,31,0,20,6,,90,A
367614030,2022-01-06T22:33:51,43.34654,-124.32053,0.0,293.8,511.0,NORTH BEND,,WDH4086,31,0,20,6,,90,A
367614030,2022-01-06T23:07:00,43.34655,-124.32052,0.0,342.0,511.0,NORTH BEND,,WDH4086,31,0,20,6,,90,A
367614030,2022-01-06T23:09:20,43.34656,-124.32053,0.0,336.4,511.0,NORTH BEND,,WDH4086,31,0,20,6,,90,A
367614030,2022-01-06T23:11:42,43.34655,-124.32052,0.1,326.1,511.0,NORTH BEND,,WDH4086,31,0,20,6,,90,A
367614030,2022-01-06T23:12:50,43.34657,-124.32051,0.0,324.8,511.0,NORTH BEND,,WDH4086,31,0,20,6,,90,A
367614030,2022-01-06T22:50:50,43.34655,-124.32051,0.0,357.0,511.0,NORTH BEND,,WDH4086,31,0,20,6,,90,A
367614030,2022-01-06T22:52:02,43.34654,-124.32052,0.0,4.5,511.0,NORTH BEND,,WDH4086,31,0,20,6,,90,A
367614030,2022-01-06T23:28:50,43.34654,-124.32056,0.0,200.9,511.0,NORTH BEND,,WDH4086,31,0,20,6,,90,A
367614030,2022-01-06T23:34:11,43.34654,-124.32053,0.0,195.3,511.0,NORTH BEND,,WDH4086,31,0,20,6,,90,A
367614030,2022-01-06T23:14:00,43.34657,-124.32053,0.0,313.8,511.0,NORTH BEND,,WDH4086,31,0,20,6,,90,A
367614030,2022-01-06T23:43:41,43.34658,-124.32048,0.0,214.1,511.0,NORTH BEND,,WDH4086,31,0,20,6,,90,A
367614030,2022-01-06T23:59:00,43.34654,-124.32052,0.0,234.3,511.0,NORTH BEND,,WDH4086,31,0,20,6,,90,A
