367714040,2022-01-01T00:00:59,37.82943,-76.28356,0.0,41.6,511.0,MOSQUITO POINT,IMO9010400,WDI5986,30,,48,9,,,B
367714040,2022-01-01T00:04:01,37.82942,-76.28357,0.0,45.9,511.0,MOSQUITO POINT,IMO9010400,WDI5986,30,,48,9,,,B
367714040,2022-01-01T00:06:59,37.82945,-76.28357,0.0,45.9,511.0,MOSQUITO POINT,IMO9010400,WDI5986,30,,48,9,,,B
367714040,2022-01-01T00:10:02,37.82943,-76.28359,0.0,45.9,511.0,MOSQUITO POINT,IMO9010400,WDI5986,30,,48,9,,,B
367714040,2022-01-01T00:15:59,37.82944,-76.28357,0.0,45.9,511.0,MOSQUITO POINT,IMO9010400,WDI5986,30,,48,9,,,B
367714040,2022-01-01T00:13:00,37.82944,-76.28356,0.0,45.9,511.0,MOSQUITO POINT,IMO9010400,WDI5986,30,,48,9,,,B
367714040,2022-01-01T00:19:00,37.82943,-76.28357,0.0,45.9,511.0,MOSQUITO POINT,IMO9010400,WDI5986,30,,48,9,,,B
367714040,2022-01-01T00:22:00,37.82943,-76.28356,0.0,45.9,511.0,MOSQUITO POINT,IMO9010400,WDI5986,30,,48,9,,,B
367714040,2022-01-01T00:24:59,37.82944,-76.28356,0.0,113.2,511.0,MOSQUITO POINT,IMO9010400,WDI5986,30,,48,9,,,B
367714040,2022-01-01T00:28:01,37.82945,-76.28357,0.0,17.0,511.0,MOSQUITO POINT,IMO9010400,WDI5986,30,,48,9,,,B
367714040,2022-01-01T00:30:59,37.82945,-76.28357,0.0,355.0,511.0,MOSQUITO POINT,IMO9010400,WDI5986,30,,48,9,,,B
367714040,2022-01-01T00:36:59,37.82943,-76.28356,0.0,355.0,511.0,MOSQUITO POINT,IMO9010400,WDI5986,30,,48,9,,,B
367714040,2022-01-01T00:39:59,37.82944,-76.28356,0.0,104.5,511.0,MOSQUITO POINT,IMO9010400,WDI5986,30,,48,9,,,B
367714040,2022-01-01T00:43:01,37.82943,-76.28356,0.0,104.5,511.0,MOSQUITO POINT,IMO9010400,WDI5986,30,,48,9,,,B
367714040,2022-01-01T00:51:59,37.82943,-76.28356,0.0,145.2,511.0,MOSQUITO POINT,IMO9010400,WDI5986,30,,48,9,,,B
367714040,2022-01-01T00:54:59,37.82944,-76.28357,0.0,154.0,511.0,MOSQUITO POINT,IMO9010400,WDI5986,30,,48,9,,,B
367714040,2022-01-01T01:01:01,37.82943,-76.28356,0.0,154.0,511.0,MOSQUITO POINT,IMO9010400,WDI5986,30,,48,9,,,B
367714040,2022-01-01T00:33:59,37.82944,-76.28357,0.0,355.0,511.0,MOSQUITO POINT,IMO9010400,WDI5986,30,,48,9,,,B
367714040,2022-01-01T01:13:06,37.82945,-76.28356,0.0,130.7,511.0,MOSQUITO POINT,IMO9010400,WDI5986,30,,48,9,,,B
367714040,2022-01-01T01:15:59,37.82944,-76.28356,0.0,138.1,511.0,MOSQUITO POINT,IMO9010400,WDI5986,30,,48,9,,,B
367714040,2022-01-01T01:19:00,37.82943,-76.28354,0.0,138.1,511.0,MOSQUITO POINT,IMO9010400,WDI5986,30,,48,9,,,B
367714040,2022-01-01T00:46:03,37.82943,-76.28357,0.0,104.5,511.0,MOSQUITO POINT,IMO9010400,WDI5986,30,,48,9,,,B
367714040,2022-01-01T01:24:59,37.82943,-76.28356,0.0,138.1,511.0,MOSQUITO POINT,IMO9010400,WDI5986,30,,48,9,,,B
367714040,2022-01-01T01:28:02,37.82945,-76.28356,0.1,138.1,511.0,MOSQUITO POINT,IMO9010400,WDI5986,30,,48,9,,,B
367714040,2022-01-01T01:31:00,37.82944,-76.28357,0.0,138.1,511.0,MOSQUITO POINT,IMO9010400,WDI5986,30,,48,9,,,B
367714040,2022-01-01T01:34:00,37.82945,-76.28358,0.0,138.1,511.0,MOSQUITO POINT,IMO9010400,WDI5986,30,,48,9,,,B
367714040,2022-01-01T01:48:59,37.82944,-76.28355,0.0,138.1,511.0,MOSQUITO POINT,IMO9010400,WDI5986,30,,48,9,,,B
367714040,2022-01-01T01:51:59,37.82944,-76.28357,0.0,307.5,511.0,MOSQUITO POINT,IMO9010400,WDI5986,30,,48,9,,,B
367714040,2022-01-01T01:55:00,37.82943,-76.28357,0.0,307.5,511.0,MOSQUITO POINT,IMO9010400,WDI5986,30,,48,9,,,B
367714040,2022-01-01T02:06:59,37.82944,-76.28356,0.0,25.1,511.0,MOSQUITO POINT,IMO9010400,WDI5986,30,,48,9,,,B
367714040,2022-01-01T02:04:02,37.82944,-76.28359,0.0,25.1,511.0,MOSQUITO POINT,IMO9010400,WDI5986,30,,48,9,,,B
367714040,2022-01-01T02:10:00,37.82943,-76.28358,0.0,25.1,511.0,MOSQUITO POINT,IMO9010400,WDI5986,30,,48,9,,,B
367714040,2022-01-01T02:21:59,37.82943,-76.28358,0.0,117.7,511.0,MOSQUITO POINT,IMO9010400,WDI5986,30,,48,9,,,B
367714040,2022-01-01T02:40:00,37.82943,-76.28357,0.0,113.8,511.0,MOSQUITO POINT,IMO9010400,WDI5986,30,,48,9,,,B
367714040,2022-01-01T02:33:59,37.82943,-76.28356,0.0,33.4,511.0,MOSQUITO POINT,IMO9010400,WDI5986,30,,48,9,,,B
367714040,2022-01-01T02:30:59,37.82944,-76.28357,0.0,33.4,511.0,MOSQUITO POINT,IMO9010400,WDI5986,30,,48,9,,,B
367714040,2022-01-01T02:49:01,37.82944,-76.28355,0.0,106.7,511.0,MOSQUITO POINT,IMO9010400,WDI5986,30,,48,9,,,B
367714040,2022-01-01T02:55:00,37.82945,-76.28357,0.0,102.1,511.0,MOSQUITO POINT,IMO9010400,WDI5986,30,,48,9,,,B
367714040,2022-01-01T02:43:00,37.82945,-76.28358,0.0,106.7,511.0,MOSQUITO POINT,IMO9010400,WDI5986,30,,48,9,,,B
367714040,2022-01-01T03:01:00,37.82943,-76.28357,0.0,102.1,511.0,MOSQUITO POINT,IMO9010400,WDI5986,30,,48,9,,,B
367714040,2022-01-01T01:36:59,37.82944,-76.28356,0.0,138.1,511.0,MOSQUITO POINT,IMO9010400,WDI5986,30,,48,9,,,B
367714040,2022-01-01T03:04:00,37.82944,-76.28356,0.0,102.1,511.0,MOSQUITO POINT,IMO9010400,WDI5986,30,,48,9,,,B
367714040,2022-01-01T03:06:59,37.82943,-76.28355,0.0,102.1,511.0,MOSQUITO POINT,IMO9010400,WDI5986,30,,48,9,,,B
367714040,2022-01-01T03:12:59,37.82944,-76.28357,0.0,102.1,511.0,MOSQUITO POINT,IMO9010400,WDI5986,30,,48,9,,,B
367714040,2022-01-01T03:24:59,37.82944,-76.28357,0.0,137.0,511.0,MOSQUITO POINT,IMO9010400,WDI5986,30,,48,9,,,B
367714040,2022-01-01T03:16:00,37.82944,-76.28356,0.0,102.1,511.0,MOSQUITO POINT,IMO9010400,WDI5986,30,,48,9,,,B
367714040,2022-01-01T03:09:59,37.82944,-76.28356,0.0,102.1,511.0,MOSQUITO POINT,IMO9010400,WDI5986,30,,48,9,,,B
367714040,2022-01-01T03:27:59,37.82944,-76.28357,0.0,277.2,511.0,MOSQUITO POINT,IMO9010400,WDI5986,30,,48,9,,,B
367714040,2022-01-01T01:45:59,37.82944,-76.28356,0.0,138.1,511.0,MOSQUITO POINT,IMO9010400,WDI5986,30,,48,9,,,B
367714040,2022-01-01T03:33:59,37.82946,-76.28357,0.0,277.2,511.0,MOSQUITO POINT,IMO9010400,WDI5986,30,,48,9,,,B
367714040,2022-01-01T03:31:02,37.82944,-76.28357,0.0,277.2,511.0,MOSQUITO POINT,IMO9010400,WDI5986,30,,48,9,,,B
367714040,2022-01-01T03:37:01,37.82943,-76.28356,0.0,304.6,511.0,MOSQUITO POINT,IMO9010400,WDI5986,30,,48,9,,,B
367714040,2022-01-01T03:22:07,37.82944,-76.28357,0.0,137.0,511.0,MOSQUITO POINT,IMO9010400,WDI5986,30,,48,9,,,B
367714040,2022-01-01T03:39:59,37.82943,-76.28357,0.0,304.6,511.0,MOSQUITO POINT,IMO9010400,WDI5986,30,,48,9,,,B
367714040,2022-01-01T03:42:59,37.82945,-76.28358,0.0,304.6,511.0,MOSQUITO POINT,IMO9010400,WDI5986,30,,48,9,,,B
367714040,2022-01-01T03:46:00,37.82944,-76.28360,0.0,304.6,511.0,MOSQUITO POINT,IMO9010400,WDI5986,30,,48,9,,,B
367714040,2022-01-01T03:52:00,37.82943,-76.28356,0.0,332.4,511.0,MOSQUITO POINT,IMO9010400,WDI5986,30,,48,9,,,B
367714040,2022-01-01T04:03:59,37.82943,-76.28356,0.0,98.9,511.0,MOSQUITO POINT,IMO9010400,WDI5986,30,,48,9,,,B
367714040,2022-01-01T03:49:00,37.82943,-76.28360,0.0,332.4,511.0,MOSQUITO POINT,IMO9010400,WDI5986,30,,48,9,,,B
367714040,2022-01-01T04:06:59,37.82942,-76.28356,0.0,76.4,511.0,MOSQUITO POINT,IMO9010400,WDI5986,30,,48,9,,,B
367714040,2022-01-01T03:55:02,37.82943,-76.28358,0.0,332.4,511.0,MOSQUITO POINT,IMO9010400,WDI5986,30,,48,9,,,B
367714040,2022-01-01T03:58:01,37.82943,-76.28358,0.0,332.4,511.0,MOSQUITO POINT,IMO9010400,WDI5986,30,,48,9,,,B
367714040,2022-01-01T04:12:59,37.82943,-76.28357,0.0,359.1,511.0,MOSQUITO POINT,IMO9010400,WDI5986,30,,48,9,,,B
367714040,2022-01-01T04:22:03,37.82943,-76.28357,0.0,58.1,511.0,MOSQUITO POINT,IMO9010400,WDI5986,30,,48,9,,,B
367714040,2022-01-01T04:19:01,37.82944,-76.28357,0.0,58.1,511.0,MOSQUITO POINT,IMO9010400,WDI5986,30,,48,9,,,B
367714040,2022-01-01T04:27:59,37.82945,-76.28359,0.0,37.2,511.0,MOSQUITO POINT,IMO9010400,WDI5986,30,,48,9,,,B
367714040,2022-01-01T02:15:59,37.82945,-76.28356,0.0,117.7,511.0,MOSQUITO POINT,IMO9010400,WDI5986,30,,48,9,,,B
367714040,2022-01-01T04:33:59,37.82945,-76.28357,0.0,37.2,511.0,MOSQUITO POINT,IMO9010400,WDI5986,30,,48,9,,,B
367714040,2022-01-01T04:24:59,37.82944,-76.28357,0.0,37.2,511.0,MOSQUITO POINT,IMO9010400,WDI5986,30,,48,9,,,B
367714040,2022-01-01T04:40:05,37.82944,-76.28356,0.0,356.3,511.0,MOSQUITO POINT,IMO9010400,WDI5986,30,,48,9,,,B
367714040,2022-01-01T04:46:01,37.82944,-76.28357,0.0,356.3,511.0,MOSQUITO POINT,IMO9010400,WDI5986,30,,48,9,,,B
367714040,2022-01-01T04:36:59,37.82942,-76.28357,0.0,356.3,511.0,MOSQUITO POINT,IMO9010400,WDI5986,30,,48,9,,,B
367714040,2022-01-01T04:43:02,37.82945,-76.28356,0.0,356.3,511.0,MOSQUITO POINT,IMO9010400,WDI5986,30,,48,9,,,B
367714040,2022-01-01T04:51:59,37.82945,-76.28356,0.0,356.3,511.0,MOSQUITO POINT,IMO9010400,WDI5986,30,,48,9,,,B
367714040,2022-01-01T04:48:59,37.82945,-76.28356,0.0,356.3,511.0,MOSQUITO POINT,IMO9010400,WDI5986,30,,48,9,,,B
367714040,2022-01-01T05:03:59,37.82944,-76.28356,0.0,26.2,511.0,MOSQUITO POINT,IMO9010400,WDI5986,30,,48,9,,,B
367714040,2022-01-01T05:01:00,37.82944,-76.28357,0.0,356.3,511.0,MOSQUITO POINT,IMO9010400,WDI5986,30,,48,9,,,B
367714040,2022-01-01T05:13:00,37.82943,-76.28357,0.0,337.7,511.0,MOSQUITO POINT,IMO9010400,WDI5986,30,,48,9,,,B
367714040,2022-01-01T05:15:59,37.82944,-76.28357,0.0,337.7,511.0,MOSQUITO POINT,IMO9010400,WDI5986,30,,48,9,,,B
367714040,2022-01-01T05:30:59,37.82942,-76.28357,0.0,139.9,511.0,MOSQUITO POINT,IMO9010400,WDI5986,30,,48,9,,,B
367714040,2022-01-01T05:28:01,37.82943,-76.28356,0.0,139.9,511.0,MOSQUITO POINT,IMO9010400,WDI5986,30,,48,9,,,B
367714040,2022-01-01T05:58:00,37.82944,-76.28357,0.0,139.9,511.0,MOSQUITO POINT,IMO9010400,WDI5986,30,,48,9,,,B
367714040,2022-01-01T05:36:59,37.82943,-76.28357,0.0,139.9,511.0,MOSQUITO POINT,IMO9010400,WDI5986,30,,48,9,,,B
367714040,2022-01-01T05:46:02,37.82944,-76.28357,0.0,139.9,511.0,MOSQUITO POINT,IMO9010400,WDI5986,30,,48,9,,,B
367714040,2022-01-01T02:51:59,37.82943,-76.28355,0.0,70.1,511.0,MOSQUITO POINT,IMO9010400,WDI5986,30,,48,9,,,B
367714040,2022-01-01T05:40:00,37.82943,-76.28358,0.0,139.9,511.0,MOSQUITO POINT,IMO9010400,WDI5986,30,,48,9,,,B
367714040,2022-01-01T05:51:59,37.82943,-76.28357,0.0,139.9,511.0,MOSQUITO POINT,IMO9010400,WDI5986,30,,48,9,,,B
367714040,2022-01-01T05:54:59,37.82944,-76.28356,0.0,139.9,511.0,MOSQUITO POINT,IMO9010400,WDI5986,30,,48,9,,,B
367714040,2022-01-01T06:00:59,37.82945,-76.28358,0.0,139.9,511.0,MOSQUITO POINT,IMO9010400,WDI5986,30,,48,9,,,B
367714040,2022-01-01T05:49:00,37.82943,-76.28355,0.0,139.9,511.0,MOSQUITO POINT,IMO9010400,WDI5986,30,,48,9,,,B
367714040,2022-01-01T06:04:01,37.82944,-76.28358,0.0,106.1,511.0,MOSQUITO POINT,IMO9010400,WDI5986,30,,48,9,,,B
367714040,2022-01-01T06:07:01,37.82944,-76.28357,0.0,74.9,511.0,MOSQUITO POINT,IMO9010400,WDI5986,30,,48,9,,,B
367714040,2022-01-01T06:19:00,37.82945,-76.28358,0.0,15.1,511.0,MOSQUITO POINT,IMO9010400,WDI5986,30,,48,9,,,B
367714040,2022-01-01T06:16:00,37.82944,-76.28357,0.0,38.9,511.0,MOSQUITO POINT,IMO9010400,WDI5986,30,,48,9,,,B
367714040,2022-01-01T06:43:00,37.82943,-76.28356,0.0,15.1,511.0,MOSQUITO POINT,IMO9010400,WDI5986,30,,48,9,,,B
367714040,2022-01-01T06:25:01,37.82944,-76.28357,0.0,15.1,511.0,MOSQUITO POINT,IMO9010400,WDI5986,30,,48,9,,,B
367714040,2022-01-01T06:48:59,37.82943,-76.28357,0.0,2.8,511.0,MOSQUITO POINT,IMO9010400,WDI5986,30,,48,9,,,B
367714040,2022-01-01T06:30:59,37.82943,-76.28356,0.0,15.1,511.0,MOSQUITO POINT,IMO9010400,WDI5986,30,,48,9,,,B
367714040,2022-01-01T06:34:01,37.82943,-76.28357,0.0,15.1,511.0,MOSQUITO POINT,IMO9010400,WDI5986,30,,48,9,,,B
367714040,2022-01-01T06:55:01,37.82943,-76.28357,0.0,2.8,511.0,MOSQUITO POINT,IMO9010400,WDI5986,30,,48,9,,,B
367714040,2022-01-01T06:39:59,37.82943,-76.28357,0.0,15.1,511.0,MOSQUITO POINT,IMO9010400,WDI5986,30,,48,9,,,B
367714040,2022-01-01T06:57:59,37.82945,-76.28357,0.0,2.8,511.0,MOSQUITO POINT,IMO9010400,WDI5986,30,,48,9,,,B
367714040,2022-01-01T07:03:59,37.82944,-76.28356,0.0,2.8,511.0,MOSQUITO POINT,IMO9010400,WDI5986,30,,48,9,,,B
367714040,2022-01-01T07:07:00,37.82944,-76.28356,0.0,358.3,511.0,MOSQUITO POINT,IMO9010400,WDI5986,30,,48,9,,,B
367714040,2022-01-01T06:51:59,37.82944,-76.28357,0.0,2.8,511.0,MOSQUITO POINT,IMO9010400,WDI5986,30,,48,9,,,B
367714040,2022-01-01T07:09:59,37.82945,-76.28357,0.0,358.3,511.0,MOSQUITO POINT,IMO9010400,WDI5986,30,,48,9,,,B
367714040,2022-01-01T07:48:59,37.82944,-76.28356,0.0,266.2,511.0,MOSQUITO POINT,IMO9010400,WDI5986,30,,48,9,,,B
367714040,2022-01-01T07:30:59,37.82943,-76.28356,0.0,338.2,511.0,MOSQUITO POINT,IMO9010400,WDI5986,30,,48,9,,,B
367714040,2022-01-01T07:27:59,37.82944,-76.28356,0.0,338.2,511.0,MOSQUITO POINT,IMO9010400,WDI5986,30,,48,9,,,B
367714040,2022-01-01T07:34:04,37.82944,-76.28357,0.0,338.2,511.0,MOSQUITO POINT,IMO9010400,WDI5986,30,,48,9,,,B
367714040,2022-01-01T07:55:00,37.82947,-76.28356,0.0,311.4,511.0,MOSQUITO POINT,IMO9010400,WDI5986,30,,48,9,,,B
367714040,2022-01-01T07:12:59,37.82944,-76.28356,0.0,358.3,511.0,MOSQUITO POINT,IMO9010400,WDI5986,30,,48,9,,,B
367714040,2022-01-01T07:45:59,37.82943,-76.28355,0.0,338.2,511.0,MOSQUITO POINT,IMO9010400,WDI5986,30,,48,9,,,B
367714040,2022-01-01T07:51:59,37.82944,-76.28356,0.0,311.4,511.0,MOSQUITO POINT,IMO9010400,WDI5986,30,,48,9,,,B
367714040,2022-01-01T07:36:59,37.82944,-76.28357,0.0,338.2,511.0,MOSQUITO POINT,IMO9010400,WDI5986,30,,48,9,,,B
367714040,2022-01-01T08:09:59,37.82943,-76.28356,0.0,234.7,511.0,MOSQUITO POINT,IMO9010400,WDI5986,30,,48,9,,,B
367714040,2022-01-01T08:18:59,37.82943,-76.28356,0.0,198.6,511.0,MOSQUITO POINT,IMO9010400,WDI5986,30,,48,9,,,B
367714040,2022-01-01T08:48:59,37.82946,-76.28358,0.0,216.5,511.0,MOSQUITO POINT,IMO9010400,WDI5986,30,,48,9,,,B
367714040,2022-01-01T08:01:00,37.82944,-76.28357,0.0,311.4,511.0,MOSQUITO POINT,IMO9010400,WDI5986,30,,48,9,,,B
367714040,2022-01-01T08:24:59,37.82942,-76.28356,0.0,162.6,511.0,MOSQUITO POINT,IMO9010400,WDI5986,30,,48,9,,,B
367714040,2022-01-01T08:03:59,37.82943,-76.28356,0.0,234.7,511.0,MOSQUITO POINT,IMO9010400,WDI5986,30,,48,9,,,B
367714040,2022-01-01T08:28:04,37.82945,-76.28357,0.0,162.6,511.0,MOSQUITO POINT,IMO9010400,WDI5986,30,,48,9,,,B
367714040,2022-01-01T08:06:59,37.82946,-76.28357,0.0,234.7,511.0,MOSQUITO POINT,IMO9010400,WDI5986,30,,48,9,,,B
367714040,2022-01-01T08:33:59,37.82945,-76.28354,0.0,162.6,511.0,MOSQUITO POINT,IMO9010400,WDI5986,30,,48,9,,,B
367714040,2022-01-01T08:12:59,37.82943,-76.28356,0.0,234.7,511.0,MOSQUITO POINT,IMO9010400,WDI5986,30,,48,9,,,B
367714040,2022-01-01T08:42:59,37.82944,-76.28355,0.0,216.5,511.0,MOSQUITO POINT,IMO9010400,WDI5986,30,,48,9,,,B
367714040,2022-01-01T08:40:00,37.82944,-76.28356,0.0,216.5,511.0,MOSQUITO POINT,IMO9010400,WDI5986,30,,48,9,,,B
367714040,2022-01-01T08:52:00,37.82945,-76.28357,0.0,216.5,511.0,MOSQUITO POINT,IMO9010400,WDI5986,30,,48,9,,,B
367714040,2022-01-01T09:15:59,37.82943,-76.28358,0.0,192.0,511.0,MOSQUITO POINT,IMO9010400,WDI5986,30,,48,9,,,B
367714040,2022-01-01T09:00:59,37.82944,-76.28355,0.0,216.5,511.0,MOSQUITO POINT,IMO9010400,WDI5986,30,,48,9,,,B
367714040,2022-01-01T08:30:59,37.82945,-76.28357,0.0,162.6,511.0,MOSQUITO POINT,IMO9010400,WDI5986,30,,48,9,,,B
367714040,2022-01-01T09:36:59,37.82945,-76.28357,0.0,156.6,511.0,MOSQUITO POINT,IMO9010400,WDI5986,30,,48,9,,,B
367714040,2022-01-01T09:09:59,37.82943,-76.28357,0.0,192.0,511.0,MOSQUITO POINT,IMO9010400,WDI5986,30,,48,9,,,B
367714040,2022-01-01T09:03:59,37.82944,-76.28356,0.0,192.0,511.0,MOSQUITO POINT,IMO9010400,WDI5986,30,,48,9,,,B
367714040,2022-01-01T09:19:01,37.82944,-76.28357,0.0,192.0,511.0,MOSQUITO POINT,IMO9010400,WDI5986,30,,48,9,,,B
367714040,2022-01-01T09:46:00,37.82944,-76.28356,0.0,291.9,511.0,MOSQUITO POINT,IMO9010400,WDI5986,30,,48,9,,,B
367714040,2022-01-01T09:49:00,37.82943,-76.28357,0.0,291.9,511.0,MOSQUITO POINT,IMO9010400,WDI5986,30,,48,9,,,B
367714040,2022-01-01T09:28:02,37.82943,-76.28356,0.0,171.3,511.0,MOSQUITO POINT,IMO9010400,WDI5986,30,,48,9,,,B
367714040,2022-01-01T09:07:00,37.82943,-76.28357,0.0,192.0,511.0,MOSQUITO POINT,IMO9010400,WDI5986,30,,48,9,,,B
367714040,2022-01-01T09:39:59,37.82943,-76.28357,0.0,266.3,511.0,MOSQUITO POINT,IMO9010400,WDI5986,30,,48,9,,,B
367714040,2022-01-01T09:42:59,37.82945,-76.28359,0.0,291.9,511.0,MOSQUITO POINT,IMO9010400,WDI5986,30,,48,9,,,B
367714040,2022-01-01T10:01:02,37.82945,-76.28357,0.0,303.2,511.0,MOSQUITO POINT,IMO9010400,WDI5986,30,,48,9,,,B
367714040,2022-01-01T09:52:06,37.82944,-76.28358,0.0,303.2,511.0,MOSQUITO POINT,IMO9010400,WDI5986,30,,48,9,,,B
367714040,2022-01-01T10:03:59,37.82943,-76.28356,0.0,303.2,511.0,MOSQUITO POINT,IMO9010400,WDI5986,30,,48,9,,,B
367714040,2022-01-01T09:55:00,37.82945,-76.28357,0.0,303.2,511.0,MOSQUITO POINT,IMO9010400,WDI5986,30,,48,9,,,B
367714040,2022-01-01T10:12:59,37.82944,-76.28358,0.0,303.2,511.0,MOSQUITO POINT,IMO9010400,WDI5986,30,,48,9,,,B
367714040,2022-01-01T10:21:59,37.82945,-76.28359,0.0,312.6,511.0,MOSQUITO POINT,IMO9010400,WDI5986,30,,48,9,,,B
367714040,2022-01-01T09:57:59,37.82945,-76.28358,0.0,303.2,511.0,MOSQUITO POINT,IMO9010400,WDI5986,30,,48,9,,,B
367714040,2022-01-01T10:24:59,37.82946,-76.28357,0.0,312.6,511.0,MOSQUITO POINT,IMO9010400,WDI5986,30,,48,9,,,B
367714040,2022-01-01T10:31:01,37.82946,-76.28356,0.0,309.2,511.0,MOSQUITO POINT,IMO9010400,WDI5986,30,,48,9,,,B
367714040,2022-01-01T10:07:01,37.82944,-76.28357,0.0,303.2,511.0,MOSQUITO POINT,IMO9010400,WDI5986,30,,48,9,,,B
367714040,2022-01-01T10:10:00,37.82944,-76.28358,0.0,303.2,511.0,MOSQUITO POINT,IMO9010400,WDI5986,30,,48,9,,,B
367714040,2022-01-01T10:27:59,37.82945,-76.28356,0.0,229.4,511.0,MOSQUITO POINT,IMO9010400,WDI5986,30,,48,9,,,B
367714040,2022-01-01T11:12:59,37.82943,-76.28357,0.0,349.5,511.0,MOSQUITO POINT,IMO9010400,WDI5986,30,,48,9,,,B
367714040,2022-01-01T10:46:00,37.82943,-76.28357,0.0,332.4,511.0,MOSQUITO POINT,IMO9010400,WDI5986,30,,48,9,,,B
367714040,2022-01-01T10:54:59,37.82945,-76.28356,0.0,349.5,511.0,MOSQUITO POINT,IMO9010400,WDI5986,30,,48,9,,,B
367714040,2022-01-01T10:48:59,37.82946,-76.28355,0.0,332.4,511.0,MOSQUITO POINT,IMO9010400,WDI5986,30,,48,9,,,B
367714040,2022-01-01T04:55:02,37.82946,-76.28356,0.0,356.3,511.0,MOSQUITO POINT,IMO9010400,WDI5986,30,,48,9,,,B
367714040,2022-01-01T10:33:59,37.82944,-76.28356,0.0,309.2,511.0,MOSQUITO POINT,IMO9010400,WDI5986,30,,48,9,,,B
367714040,2022-01-01T11:01:01,37.82944,-76.28357,0.0,349.5,511.0,MOSQUITO POINT,IMO9010400,WDI5986,30,,48,9,,,B
367714040,2022-01-01T11:37:00,37.82943,-76.28356,0.0,133.7,511.0,MOSQUITO POINT,IMO9010400,WDI5986,30,,48,9,,,B
367714040,2022-01-01T11:10:01,37.82943,-76.28357,0.0,349.5,511.0,MOSQUITO POINT,IMO9010400,WDI5986,30,,48,9,,,B
367714040,2022-01-01T11:07:00,37.82943,-76.28357,0.0,349.5,511.0,MOSQUITO POINT,IMO9010400,WDI5986,30,,48,9,,,B
367714040,2022-01-01T10:58:00,37.82943,-76.28356,0.0,349.5,511.0,MOSQUITO POINT,IMO9010400,WDI5986,30,,48,9,,,B
367714040,2022-01-01T11:18:59,37.82945,-76.28357,0.0,95.2,511.0,MOSQUITO POINT,IMO9010400,WDI5986,30,,48,9,,,B
367714040,2022-01-01T11:22:02,37.82943,-76.28356,0.0,95.2,511.0,MOSQUITO POINT,IMO9010400,WDI5986,30,,48,9,,,B
367714040,2022-01-01T11:25:02,37.82943,-76.28356,0.0,95.2,511.0,MOSQUITO POINT,IMO9010400,WDI5986,30,,48,9,,,B
367714040,2022-01-01T10:51:59,37.82945,-76.28357,0.0,349.5,511.0,MOSQUITO POINT,IMO9010400,WDI5986,30,,48,9,,,B
367714040,2022-01-01T11:28:02,37.82942,-76.28357,0.0,95.2,511.0,MOSQUITO POINT,IMO9010400,WDI5986,30,,48,9,,,B
367714040,2022-01-01T11:40:00,37.82944,-76.28358,0.0,133.7,511.0,MOSQUITO POINT,IMO9010400,WDI5986,30,,48,9,,,B
367714040,2022-01-01T11:43:01,37.82943,-76.28357,0.0,173.6,511.0,MOSQUITO POINT,IMO9010400,WDI5986,30,,48,9,,,B
367714040,2022-01-01T11:58:02,37.82943,-76.28356,0.0,173.6,511.0,MOSQUITO POINT,IMO9010400,WDI5986,30,,48,9,,,B
367714040,2022-01-01T11:46:02,37.82943,-76.28357,0.0,173.6,511.0,MOSQUITO POINT,IMO9010400,WDI5986,30,,48,9,,,B
367714040,2022-01-01T05:18:59,37.82945,-76.28357,0.0,337.7,511.0,MOSQUITO POINT,IMO9010400,WDI5986,30,,48,9,,,B
367714040,2022-01-01T11:31:01,37.82944,-76.28357,0.0,133.7,511.0,MOSQUITO POINT,IMO9010400,WDI5986,30,,48,9,,,B
367714040,2022-01-01T11:34:00,37.82945,-76.28356,0.0,133.7,511.0,MOSQUITO POINT,IMO9010400,WDI5986,30,,48,9,,,B
367714040,2022-01-01T12:40:02,37.82945,-76.28355,0.0,41.3,511.0,MOSQUITO POINT,IMO9010400,WDI5986,30,,48,9,,,B
367714040,2022-01-01T12:01:00,37.82944,-76.28356,0.0,173.6,511.0,MOSQUITO POINT,IMO9010400,WDI5986,30,,48,9,,,B
367714040,2022-01-01T11:51:59,37.82942,-76.28358,0.0,173.6,511.0,MOSQUITO POINT,IMO9010400,WDI5986,30,,48,9,,,B
367714040,2022-01-01T12:07:01,37.82944,-76.28356,0.0,173.6,511.0,MOSQUITO POINT,IMO9010400,WDI5986,30,,48,9,,,B
367714040,2022-01-01T12:22:00,37.82945,-76.28354,0.0,177.3,511.0,MOSQUITO POINT,IMO9010400,WDI5986,30,,48,9,,,B
367714040,2022-01-01T12:09:59,37.82943,-76.28356,0.0,173.6,511.0,MOSQUITO POINT,IMO9010400,WDI5986,30,,48,9,,,B
367714040,2022-01-01T12:13:00,37.82944,-76.28356,0.0,173.6,511.0,MOSQUITO POINT,IMO9010400,WDI5986,30,,48,9,,,B
367714040,2022-01-01T12:15:59,37.82945,-76.28356,0.0,177.3,511.0,MOSQUITO POINT,IMO9010400,WDI5986,30,,48,9,,,B
367714040,2022-01-01T12:25:00,37.82943,-76.28359,0.0,177.3,511.0,MOSQUITO POINT,IMO9010400,WDI5986,30,,48,9,,,B
367714040,2022-01-01T05:34:03,37.82942,-76.28357,0.0,139.9,511.0,MOSQUITO POINT,IMO9010400,WDI5986,30,,48,9,,,B
367714040,2022-01-01T12:33:59,37.82945,-76.28358,0.0,141.5,511.0,MOSQUITO POINT,IMO9010400,WDI5986,30,,48,9,,,B
367714040,2022-01-01T13:13:01,37.82941,-76.28355,0.0,157.4,511.0,MOSQUITO POINT,IMO9010400,WDI5986,30,,48,9,,,B
367714040,2022-01-01T12:30:59,37.82945,-76.28357,0.0,141.5,511.0,MOSQUITO POINT,IMO9010400,WDI5986,30,,48,9,,,B
367714040,2022-01-01T12:36:59,37.82946,-76.28357,0.0,41.3,511.0,MOSQUITO POINT,IMO9010400,WDI5986,30,,48,9,,,B
367714040,2022-01-01T13:28:00,37.82945,-76.28356,0.0,173.0,511.0,MOSQUITO POINT,IMO9010400,WDI5986,30,,48,9,,,B
367714040,2022-01-01T12:19:00,37.82945,-76.28357,0.0,177.3,511.0,MOSQUITO POINT,IMO9010400,WDI5986,30,,48,9,,,B
367714040,2022-01-01T12:57:59,37.82944,-76.28358,0.0,51.9,511.0,MOSQUITO POINT,IMO9010400,WDI5986,30,,48,9,,,B
367714040,2022-01-01T12:28:01,37.82944,-76.28359,0.0,177.3,511.0,MOSQUITO POINT,IMO9010400,WDI5986,30,,48,9,,,B
367714040,2022-01-01T13:45:59,37.82943,-76.28355,0.0,90.0,511.0,MOSQUITO POINT,IMO9010400,WDI5986,30,,48,9,,,B
367714040,2022-01-01T12:55:00,37.82943,-76.28356,0.0,51.9,511.0,MOSQUITO POINT,IMO9010400,WDI5986,30,,48,9,,,B
367714040,2022-01-01T13:01:00,37.82944,-76.28356,0.0,51.9,511.0,MOSQUITO POINT,IMO9010400,WDI5986,30,,48,9,,,B
367714040,2022-01-01T13:04:00,37.82945,-76.28356,0.0,120.1,511.0,MOSQUITO POINT,IMO9010400,WDI5986,30,,48,9,,,B
367714040,2022-01-01T13:22:04,37.82944,-76.28357,0.0,173.0,511.0,MOSQUITO POINT,IMO9010400,WDI5986,30,,48,9,,,B
367714040,2022-01-01T13:07:00,37.82943,-76.28357,0.0,157.4,511.0,MOSQUITO POINT,IMO9010400,WDI5986,30,,48,9,,,B
367714040,2022-01-01T13:09:59,37.82942,-76.28357,0.0,157.4,511.0,MOSQUITO POINT,IMO9010400,WDI5986,30,,48,9,,,B
367714040,2022-01-01T13:19:00,37.82942,-76.28356,0.0,173.0,511.0,MOSQUITO POINT,IMO9010400,WDI5986,30,,48,9,,,B
367714040,2022-01-01T13:16:00,37.82943,-76.28356,0.0,173.0,511.0,MOSQUITO POINT,IMO9010400,WDI5986,30,,48,9,,,B
367714040,2022-01-01T12:51:59,37.82944,-76.28356,0.0,51.9,511.0,MOSQUITO POINT,IMO9010400,WDI5986,30,,48,9,,,B
367714040,2022-01-01T13:25:04,37.82943,-76.28356,0.0,173.0,511.0,MOSQUITO POINT,IMO9010400,WDI5986,30,,48,9,,,B
367714040,2022-01-01T13:34:00,37.82943,-76.28359,0.0,173.0,511.0,MOSQUITO POINT,IMO9010400,WDI5986,30,,48,9,,,B
367714040,2022-01-01T13:31:02,37.82943,-76.28356,0.0,173.0,511.0,MOSQUITO POINT,IMO9010400,WDI5986,30,,48,9,,,B
367714040,2022-01-01T14:48:59,37.82944,-76.28356,0.0,133.1,511.0,MOSQUITO POINT,IMO9010400,WDI5986,30,,48,9,,,B
367714040,2022-01-01T13:57:59,37.82943,-76.28355,0.0,55.9,511.0,MOSQUITO POINT,IMO9010400,WDI5986,30,,48,9,,,B
367714040,2022-01-01T14:54:59,37.82943,-76.28357,0.0,127.9,511.0,MOSQUITO POINT,IMO9010400,WDI5986,30,,48,9,,,B
367714040,2022-01-01T14:03:59,37.82944,-76.28355,0.0,55.9,511.0,MOSQUITO POINT,IMO9010400,WDI5986,30,,48,9,,,B
367714040,2022-01-01T14:16:00,37.82943,-76.28357,0.0,55.9,511.0,MOSQUITO POINT,IMO9010400,WDI5986,30,,48,9,,,B
367714040,2022-01-01T14:07:00,37.82943,-76.28355,0.0,55.9,511.0,MOSQUITO POINT,IMO9010400,WDI5986,30,,48,9,,,B
367714040,2022-01-01T14:19:00,37.82942,-76.28358,0.0,30.9,511.0,MOSQUITO POINT,IMO9010400,WDI5986,30,,48,9,,,B
367714040,2022-01-01T14:01:00,37.82944,-76.28354,0.0,55.9,511.0,MOSQUITO POINT,IMO9010400,WDI5986,30,,48,9,,,B
367714040,2022-01-01T14:13:00,37.82944,-76.28357,0.0,55.9,511.0,MOSQUITO POINT,IMO9010400,WDI5986,30,,48,9,,,B
367714040,2022-01-01T15:03:59,37.82943,-76.28356,0.0,127.9,511.0,MOSQUITO POINT,IMO9010400,WDI5986,30,,48,9,,,B
367714040,2022-01-01T13:49:03,37.82943,-76.28357,0.0,90.0,511.0,MOSQUITO POINT,IMO9010400,WDI5986,30,,48,9,,,B
367714040,2022-01-01T14:21:59,37.82943,-76.28358,0.0,30.9,511.0,MOSQUITO POINT,IMO9010400,WDI5986,30,,48,9,,,B
367714040,2022-01-01T06:27:59,37.82945,-76.28355,0.0,15.1,511.0,MOSQUITO POINT,IMO9010400,WDI5986,30,,48,9,,,B
367714040,2022-01-01T15:15:59,37.82942,-76.28357,0.0,127.9,511.0,MOSQUITO POINT,IMO9010400,WDI5986,30,,48,9,,,B
367714040,2022-01-01T14:45:59,37.82943,-76.28357,0.0,133.1,511.0,MOSQUITO POINT,IMO9010400,WDI5986,30,,48,9,,,B
367714040,2022-01-01T14:27:59,37.82943,-76.28358,0.0,102.7,511.0,MOSQUITO POINT,IMO9010400,WDI5986,30,,48,9,,,B
367714040,2022-01-01T14:31:00,37.82945,-76.28355,0.0,102.7,511.0,MOSQUITO POINT,IMO9010400,WDI5986,30,,48,9,,,B
367714040,2022-01-01T14:52:00,37.82943,-76.28357,0.0,133.1,511.0,MOSQUITO POINT,IMO9010400,WDI5986,30,,48,9,,,B
367714040,2022-01-01T15:36:59,37.82944,-76.28357,0.0,127.9,511.0,MOSQUITO POINT,IMO9010400,WDI5986,30,,48,9,,,B
367714040,2022-01-01T14:39:59,37.82944,-76.28356,0.0,133.1,511.0,MOSQUITO POINT,IMO9010400,WDI5986,30,,48,9,,,B
367714040,2022-01-01T15:40:01,37.82943,-76.28358,0.0,127.9,511.0,MOSQUITO POINT,IMO9010400,WDI5986,30,,48,9,,,B
367714040,2022-01-01T06:45:59,37.82943,-76.28356,0.0,15.1,511.0,MOSQUITO POINT,IMO9010400,WDI5986,30,,48,9,,,B
367714040,2022-01-01T14:42:59,37.82943,-76.28357,0.0,133.1,511.0,MOSQUITO POINT,IMO9010400,WDI5986,30,,48,9,,,B
367714040,2022-01-01T15:28:02,37.82945,-76.28355,0.0,127.9,511.0,MOSQUITO POINT,IMO9010400,WDI5986,30,,48,9,,,B
367714040,2022-01-01T15:22:00,37.82943,-76.28358,0.0,127.9,511.0,MOSQUITO POINT,IMO9010400,WDI5986,30,,48,9,,,B
367714040,2022-01-01T16:10:03,37.82943,-76.28357,0.0,119.9,511.0,MOSQUITO POINT,IMO9010400,WDI5986,30,,48,9,,,B
367714040,2022-01-01T16:16:01,37.82944,-76.28359,0.0,144.3,511.0,MOSQUITO POINT,IMO9010400,WDI5986,30,,48,9,,,B
367714040,2022-01-01T14:57:59,37.82943,-76.28357,0.0,127.9,511.0,MOSQUITO POINT,IMO9010400,WDI5986,30,,48,9,,,B
367714040,2022-01-01T15:31:00,37.82943,-76.28359,0.0,127.9,511.0,MOSQUITO POINT,IMO9010400,WDI5986,30,,48,9,,,B
367714040,2022-01-01T16:31:00,37.82942,-76.28357,0.0,153.4,511.0,MOSQUITO POINT,IMO9010400,WDI5986,30,,48,9,,,B
367714040,2022-01-01T15:25:01,37.82945,-76.28357,0.0,127.9,511.0,MOSQUITO POINT,IMO9010400,WDI5986,30,,48,9,,,B
367714040,2022-01-01T15:34:03,37.82943,-76.28357,0.0,127.9,511.0,MOSQUITO POINT,IMO9010400,WDI5986,30,,48,9,,,B
367714040,2022-01-01T16:03:59,37.82942,-76.28357,0.0,119.9,511.0,MOSQUITO POINT,IMO9010400,WDI5986,30,,48,9,,,B
367714040,2022-01-01T16:19:00,37.82944,-76.28358,0.0,144.3,511.0,MOSQUITO POINT,IMO9010400,WDI5986,30,,48,9,,,B
367714040,2022-01-01T16:25:00,37.82944,-76.28357,0.0,144.3,511.0,MOSQUITO POINT,IMO9010400,WDI5986,30,,48,9,,,B
367714040,2022-01-01T16:40:05,37.82944,-76.28356,0.0,172.0,511.0,MOSQUITO POINT,IMO9010400,WDI5986,30,,48,9,,,B
367714040,2022-01-01T16:27:59,37.82944,-76.28357,0.0,153.4,511.0,MOSQUITO POINT,IMO9010400,WDI5986,30,,48,9,,,B
367714040,2022-01-01T07:19:03,37.82945,-76.28356,0.0,338.2,511.0,MOSQUITO POINT,IMO9010400,WDI5986,30,,48,9,,,B
367714040,2022-01-01T16:36:59,37.82944,-76.28357,0.0,172.0,511.0,MOSQUITO POINT,IMO9010400,WDI5986,30,,48,9,,,B
367714040,2022-01-01T16:34:04,37.82942,-76.28357,0.0,153.4,511.0,MOSQUITO POINT,IMO9010400,WDI5986,30,,48,9,,,B
367714040,2022-01-01T16:52:03,37.82945,-76.28357,0.0,172.0,511.0,MOSQUITO POINT,IMO9010400,WDI5986,30,,48,9,,,B
367714040,2022-01-01T16:45:59,37.82945,-76.28357,0.0,172.0,511.0,MOSQUITO POINT,IMO9010400,WDI5986,30,,48,9,,,B
367714040,2022-01-01T16:43:00,37.82944,-76.28357,0.0,172.0,511.0,MOSQUITO POINT,IMO9010400,WDI5986,30,,48,9,,,B
367714040,2022-01-01T16:48:59,37.82945,-76.28359,0.0,172.0,511.0,MOSQUITO POINT,IMO9010400,WDI5986,30,,48,9,,,B
367714040,2022-01-01T17:13:01,37.82945,-76.28358,0.0,273.3,511.0,MOSQUITO POINT,IMO9010400,WDI5986,30,,48,9,,,B
367714040,2022-01-01T16:58:01,37.82945,-76.28355,0.0,172.0,511.0,MOSQUITO POINT,IMO9010400,WDI5986,30,,48,9,,,B
367714040,2022-01-01T17:21:59,37.82943,-76.28357,0.0,273.3,511.0,MOSQUITO POINT,IMO9010400,WDI5986,30,,48,9,,,B
367714040,2022-01-01T17:10:03,37.82944,-76.28357,0.0,172.0,511.0,MOSQUITO POINT,IMO9010400,WDI5986,30,,48,9,,,B
367714040,2022-01-01T17:27:59,37.82943,-76.28357,0.0,356.2,511.0,MOSQUITO POINT,IMO9010400,WDI5986,30,,48,9,,,B
367714040,2022-01-01T16:54:59,37.82944,-76.28358,0.0,172.0,511.0,MOSQUITO POINT,IMO9010400,WDI5986,30,,48,9,,,B
367714040,2022-01-01T17:37:02,37.82943,-76.28357,0.0,356.2,511.0,MOSQUITO POINT,IMO9010400,WDI5986,30,,48,9,,,B
367714040,2022-01-01T18:25:01,37.82944,-76.28357,0.0,104.1,511.0,MOSQUITO POINT,IMO9010400,WDI5986,30,,48,9,,,B
367714040,2022-01-01T18:27:59,37.82943,-76.28356,0.0,358.4,511.0,MOSQUITO POINT,IMO9010400,WDI5986,30,,48,9,,,B
367714040,2022-01-01T17:48:59,37.82944,-76.28359,0.0,89.7,511.0,MOSQUITO POINT,IMO9010400,WDI5986,30,,48,9,,,B
367714040,2022-01-01T17:52:01,37.82944,-76.28357,0.0,47.9,511.0,MOSQUITO POINT,IMO9010400,WDI5986,30,,48,9,,,B
367714040,2022-01-01T17:39:59,37.82944,-76.28357,0.0,74.8,511.0,MOSQUITO POINT,IMO9010400,WDI5986,30,,48,9,,,B
367714040,2022-01-01T17:16:02,37.82944,-76.28358,0.0,273.3,511.0,MOSQUITO POINT,IMO9010400,WDI5986,30,,48,9,,,B
367714040,2022-01-01T17:46:00,37.82943,-76.28357,0.0,33.9,511.0,MOSQUITO POINT,IMO9010400,WDI5986,30,,48,9,,,B
367714040,2022-01-01T18:00:59,37.82943,-76.28357,0.0,47.9,511.0,MOSQUITO POINT,IMO9010400,WDI5986,30,,48,9,,,B
367714040,2022-01-01T07:43:00,37.82943,-76.28357,0.0,338.2,511.0,MOSQUITO POINT,IMO9010400,WDI5986,30,,48,9,,,B
367714040,2022-01-01T18:09:59,37.82945,-76.28357,0.0,47.9,511.0,MOSQUITO POINT,IMO9010400,WDI5986,30,,48,9,,,B
367714040,2022-01-01T18:52:00,37.82945,-76.28357,0.0,349.4,511.0,MOSQUITO POINT,IMO9010400,WDI5986,30,,48,9,,,B
367714040,2022-01-01T18:15:59,37.82942,-76.28357,0.0,104.1,511.0,MOSQUITO POINT,IMO9010400,WDI5986,30,,48,9,,,B
367714040,2022-01-01T18:54:59,37.82943,-76.28354,0.0,349.4,511.0,MOSQUITO POINT,IMO9010400,WDI5986,30,,48,9,,,B
367714040,2022-01-01T18:58:02,37.82942,-76.28355,0.0,349.4,511.0,MOSQUITO POINT,IMO9010400,WDI5986,30,,48,9,,,B
367714040,2022-01-01T18:18:59,37.82943,-76.28357,0.0,104.1,511.0,MOSQUITO POINT,IMO9010400,WDI5986,30,,48,9,,,B
367714040,2022-01-01T18:03:59,37.82943,-76.28358,0.0,47.9,511.0,MOSQUITO POINT,IMO9010400,WDI5986,30,,48,9,,,B
367714040,2022-01-01T18:06:59,37.82943,-76.28358,0.0,47.9,511.0,MOSQUITO POINT,IMO9010400,WDI5986,30,,48,9,,,B
367714040,2022-01-01T19:00:59,37.82944,-76.28357,0.0,349.4,511.0,MOSQUITO POINT,IMO9010400,WDI5986,30,,48,9,,,B
367714040,2022-01-01T18:13:00,37.82944,-76.28357,0.0,47.9,511.0,MOSQUITO POINT,IMO9010400,WDI5986,30,,48,9,,,B
367714040,2022-01-01T17:57:59,37.82944,-76.28356,0.0,47.9,511.0,MOSQUITO POINT,IMO9010400,WDI5986,30,,48,9,,,B
367714040,2022-01-01T07:57:59,37.82946,-76.28356,0.0,311.4,511.0,MOSQUITO POINT,IMO9010400,WDI5986,30,,48,9,,,B
367714040,2022-01-01T19:27:59,37.82945,-76.28357,0.0,320.3,511.0,MOSQUITO POINT,IMO9010400,WDI5986,30,,48,9,,,B
367714040,2022-01-01T18:40:04,37.82944,-76.28357,0.0,338.2,511.0,MOSQUITO POINT,IMO9010400,WDI5986,30,,48,9,,,B
367714040,2022-01-01T19:33:59,37.82943,-76.28357,0.0,320.3,511.0,MOSQUITO POINT,IMO9010400,WDI5986,30,,48,9,,,B
367714040,2022-01-01T19:45:59,37.82944,-76.28357,0.0,29.6,511.0,MOSQUITO POINT,IMO9010400,WDI5986,30,,48,9,,,B
367714040,2022-01-01T19:07:01,37.82941,-76.28357,0.0,349.4,511.0,MOSQUITO POINT,IMO9010400,WDI5986,30,,48,9,,,B
367714040,2022-01-01T18:42:59,37.82945,-76.28357,0.0,338.2,511.0,MOSQUITO POINT,IMO9010400,WDI5986,30,,48,9,,,B
367714040,2022-01-01T19:19:01,37.82943,-76.28354,0.0,320.3,511.0,MOSQUITO POINT,IMO9010400,WDI5986,30,,48,9,,,B
367714040,2022-01-01T18:45:59,37.82944,-76.28354,0.0,338.2,511.0,MOSQUITO POINT,IMO9010400,WDI5986,30,,48,9,,,B
367714040,2022-01-01T19:12:59,37.82944,-76.28359,0.0,273.7,511.0,MOSQUITO POINT,IMO9010400,WDI5986,30,,48,9,,,B
367714040,2022-01-01T18:49:02,37.82944,-76.28356,0.0,338.2,511.0,MOSQUITO POINT,IMO9010400,WDI5986,30,,48,9,,,B
367714040,2022-01-01T19:15:59,37.82943,-76.28357,0.0,320.3,511.0,MOSQUITO POINT,IMO9010400,WDI5986,30,,48,9,,,B
367714040,2022-01-01T19:31:00,37.82944,-76.28357,0.0,320.3,511.0,MOSQUITO POINT,IMO9010400,WDI5986,30,,48,9,,,B
367714040,2022-01-01T08:22:00,37.82944,-76.28356,0.0,198.6,511.0,MOSQUITO POINT,IMO9010400,WDI5986,30,,48,9,,,B
367714040,2022-01-01T19:39:59,37.82945,-76.28356,0.0,320.6,511.0,MOSQUITO POINT,IMO9010400,WDI5986,30,,48,9,,,B
367714040,2022-01-01T19:09:59,37.82942,-76.28356,0.0,349.4,511.0,MOSQUITO POINT,IMO9010400,WDI5986,30,,48,9,,,B
367714040,2022-01-01T19:52:00,37.82945,-76.28356,0.0,177.2,511.0,MOSQUITO POINT,IMO9010400,WDI5986,30,,48,9,,,B
367714040,2022-01-01T19:42:59,37.82945,-76.28355,0.0,29.6,511.0,MOSQUITO POINT,IMO9010400,WDI5986,30,,48,9,,,B
367714040,2022-01-01T19:48:59,37.82944,-76.28357,0.0,142.7,511.0,MOSQUITO POINT,IMO9010400,WDI5986,30,,48,9,,,B
367714040,2022-01-01T08:37:03,37.82945,-76.28355,0.0,216.5,511.0,MOSQUITO POINT,IMO9010400,WDI5986,30,,48,9,,,B
367714040,2022-01-01T20:01:04,37.82945,-76.28357,0.0,177.2,511.0,MOSQUITO POINT,IMO9010400,WDI5986,30,,48,9,,,B
367714040,2022-01-01T20:03:59,37.82945,-76.28356,0.0,177.2,511.0,MOSQUITO POINT,IMO9010400,WDI5986,30,,48,9,,,B
367714040,2022-01-01T20:10:01,37.82943,-76.28358,0.0,134.4,511.0,MOSQUITO POINT,IMO9010400,WDI5986,30,,48,9,,,B
367714040,2022-01-01T20:12:59,37.82943,-76.28359,0.0,134.4,511.0,MOSQUITO POINT,IMO9010400,WDI5986,30,,48,9,,,B
367714040,2022-01-01T20:07:00,37.82943,-76.28358,0.0,134.4,511.0,MOSQUITO POINT,IMO9010400,WDI5986,30,,48,9,,,B
367714040,2022-01-01T20:18:59,37.82945,-76.28356,0.0,134.4,511.0,MOSQUITO POINT,IMO9010400,WDI5986,30,,48,9,,,B
367714040,2022-01-01T20:33:59,37.82943,-76.28358,0.0,25.1,511.0,MOSQUITO POINT,IMO9010400,WDI5986,30,,48,9,,,B
367714040,2022-01-01T20:21:59,37.82944,-76.28357,0.0,134.4,511.0,MOSQUITO POINT,IMO9010400,WDI5986,30,,48,9,,,B
367714040,2022-01-01T20:25:00,37.82943,-76.28357,0.0,134.4,511.0,MOSQUITO POINT,IMO9010400,WDI5986,30,,48,9,,,B
367714040,2022-01-01T08:55:02,37.82942,-76.28357,0.0,216.5,511.0,MOSQUITO POINT,IMO9010400,WDI5986,30,,48,9,,,B
367714040,2022-01-01T20:39:59,37.82944,-76.28358,0.0,25.1,511.0,MOSQUITO POINT,IMO9010400,WDI5986,30,,48,9,,,B
367714040,2022-01-01T20:57:59,37.82942,-76.28357,0.0,355.7,511.0,MOSQUITO POINT,IMO9010400,WDI5986,30,,48,9,,,B
367714040,2022-01-01T20:15:59,37.82943,-76.28357,0.0,134.4,511.0,MOSQUITO POINT,IMO9010400,WDI5986,30,,48,9,,,B
367714040,2022-01-01T20:42:59,37.82942,-76.28357,0.0,25.1,511.0,MOSQUITO POINT,IMO9010400,WDI5986,30,,48,9,,,B
367714040,2022-01-01T20:36:59,37.82944,-76.28358,0.0,25.1,511.0,MOSQUITO POINT,IMO9010400,WDI5986,30,,48,9,,,B
367714040,2022-01-01T21:07:02,37.82945,-76.28355,0.0,355.7,511.0,MOSQUITO POINT,IMO9010400,WDI5986,30,,48,9,,,B
367714040,2022-01-01T21:55:00,37.82944,-76.28357,0.0,22.7,511.0,MOSQUITO POINT,IMO9010400,WDI5986,30,,48,9,,,B
367714040,2022-01-01T20:49:01,37.82943,-76.28356,0.0,25.1,511.0,MOSQUITO POINT,IMO9010400,WDI5986,30,,48,9,,,B
367714040,2022-01-01T21:00:59,37.82942,-76.28358,0.0,355.7,511.0,MOSQUITO POINT,IMO9010400,WDI5986,30,,48,9,,,B
367714040,2022-01-01T21:18:59,37.82942,-76.28355,0.0,111.2,511.0,MOSQUITO POINT,IMO9010400,WDI5986,30,,48,9,,,B
367714040,2022-01-01T20:55:00,37.82943,-76.28358,0.0,355.7,511.0,MOSQUITO POINT,IMO9010400,WDI5986,30,,48,9,,,B
367714040,2022-01-01T20:46:00,37.82943,-76.28357,0.0,25.1,511.0,MOSQUITO POINT,IMO9010400,WDI5986,30,,48,9,,,B
367714040,2022-01-01T22:12:59,37.82945,-76.28355,0.0,22.7,511.0,MOSQUITO POINT,IMO9010400,WDI5986,30,,48,9,,,B
367714040,2022-01-01T21:03:59,37.82945,-76.28357,0.0,355.7,511.0,MOSQUITO POINT,IMO9010400,WDI5986,30,,48,9,,,B
367714040,2022-01-01T09:12:59,37.82945,-76.28356,0.0,192.0,511.0,MOSQUITO POINT,IMO9010400,WDI5986,30,,48,9,,,B
367714040,2022-01-01T21:09:59,37.82945,-76.28356,0.0,355.7,511.0,MOSQUITO POINT,IMO9010400,WDI5986,30,,48,9,,,B
367714040,2022-01-01T21:43:00,37.82944,-76.28357,0.0,7.0,511.0,MOSQUITO POINT,IMO9010400,WDI5986,30,,48,9,,,B
367714040,2022-01-01T09:25:01,37.82944,-76.28357,0.0,192.0,511.0,MOSQUITO POINT,IMO9010400,WDI5986,30,,48,9,,,B
367714040,2022-01-01T22:43:00,37.82944,-76.28357,0.0,2.6,511.0,MOSQUITO POINT,IMO9010400,WDI5986,30,,48,9,,,B
367714040,2022-01-01T21:21:59,37.82943,-76.28356,0.0,111.2,511.0,MOSQUITO POINT,IMO9010400,WDI5986,30,,48,9,,,B
367714040,2022-01-01T21:37:01,37.82944,-76.28356,0.0,345.5,511.0,MOSQUITO POINT,IMO9010400,WDI5986,30,,48,9,,,B
367714040,2022-01-01T22:00:59,37.82946,-76.28358,0.0,22.7,511.0,MOSQUITO POINT,IMO9010400,WDI5986,30,,48,9,,,B
367714040,2022-01-01T22:03:59,37.82944,-76.28356,0.0,22.7,511.0,MOSQUITO POINT,IMO9010400,WDI5986,30,,48,9,,,B
367714040,2022-01-01T09:34:01,37.82943,-76.28356,0.0,171.3,511.0,MOSQUITO POINT,IMO9010400,WDI5986,30,,48,9,,,B
367714040,2022-01-01T21:39:59,37.82946,-76.28356,0.0,7.0,511.0,MOSQUITO POINT,IMO9010400,WDI5986,30,,48,9,,,B
367714040,2022-01-01T23:06:59,37.82943,-76.28357,0.0,343.6,511.0,MOSQUITO POINT,IMO9010400,WDI5986,30,,48,9,,,B
367714040,2022-01-01T22:06:59,37.82944,-76.28358,0.0,22.7,511.0,MOSQUITO POINT,IMO9010400,WDI5986,30,,48,9,,,B
367714040,2022-01-01T22:21:59,37.82947,-76.28356,0.0,2.6,511.0,MOSQUITO POINT,IMO9010400,WDI5986,30,,48,9,,,B
367714040,2022-01-01T21:45:59,37.82944,-76.28356,0.0,7.0,511.0,MOSQUITO POINT,IMO9010400,WDI5986,30,,48,9,,,B
367714040,2022-01-01T22:16:00,37.82943,-76.28357,0.0,2.6,511.0,MOSQUITO POINT,IMO9010400,WDI5986,30,,48,9,,,B
367714040,2022-01-01T23:25:00,37.82943,-76.28357,0.0,343.6,511.0,MOSQUITO POINT,IMO9010400,WDI5986,30,,48,9,,,B
367714040,2022-01-01T22:18:59,37.82943,-76.28356,0.0,2.6,511.0,MOSQUITO POINT,IMO9010400,WDI5986,30,,48,9,,,B
367714040,2022-01-01T21:58:01,37.82945,-76.28355,0.0,22.7,511.0,MOSQUITO POINT,IMO9010400,WDI5986,30,,48,9,,,B
367714040,2022-01-01T22:46:02,37.82946,-76.28358,0.0,2.6,511.0,MOSQUITO POINT,IMO9010400,WDI5986,30,,48,9,,,B
367714040,2022-01-01T22:48:59,37.82944,-76.28359,0.0,343.6,511.0,MOSQUITO POINT,IMO9010400,WDI5986,30,,48,9,,,B
367714040,2022-01-01T22:34:00,37.82946,-76.28356,0.0,2.6,511.0,MOSQUITO POINT,IMO9010400,WDI5986,30,,48,9,,,B
367714040,2022-01-01T22:31:02,37.82945,-76.28357,0.0,2.6,511.0,MOSQUITO POINT,IMO9010400,WDI5986,30,,48,9,,,B
367714040,2022-01-01T23:52:00,37.82944,-76.28355,0.0,74.3,511.0,MOSQUITO POINT,IMO9010400,WDI5986,30,,48,9,,,B
367714040,2022-01-01T23:03:59,37.82943,-76.28357,0.0,343.6,511.0,MOSQUITO POINT,IMO9010400,WDI5986,30,,48,9,,,B
367714040,2022-01-01T23:58:00,37.82943,-76.28356,0.0,74.3,511.0,MOSQUITO POINT,IMO9010400,WDI5986,30,,48,9,,,B
367714040,2022-01-01T22:51:59,37.82944,-76.28357,0.0,343.6,511.0,MOSQUITO POINT,IMO9010400,WDI5986,30,,48,9,,,B
367714040,2022-01-01T22:37:00,37.82945,-76.28358,0.0,2.6,511.0,MOSQUITO POINT,IMO9010400,WDI5986,30,,48,9,,,B
367714040,2022-01-01T23:12:59,37.82944,-76.28356,0.0,343.6,511.0,MOSQUITO POINT,IMO9010400,WDI5986,30,,48,9,,,B
367714040,2022-01-01T22:28:01,37.82944,-76.28357,0.0,2.6,511.0,MOSQUITO POINT,IMO9010400,WDI5986,30,,48,9,,,B
367714040,2022-01-01T23:18:59,37.82945,-76.28357,0.0,343.6,511.0,MOSQUITO POINT,IMO9010400,WDI5986,30,,48,9,,,B
367714040,2022-01-01T23:09:59,37.82943,-76.28356,0.0,343.6,511.0,MOSQUITO POINT,IMO9010400,WDI5986,30,,48,9,,,B
367714040,2022-01-01T22:55:00,37.82946,-76.28356,0.0,343.6,511.0,MOSQUITO POINT,IMO9010400,WDI5986,30,,48,9,,,B
367714040,2022-01-01T23:54:59,37.82944,-76.28356,0.0,74.3,511.0,MOSQUITO POINT,IMO9010400,WDI5986,30,,48,9,,,B
367714040,2022-01-01T23:43:00,37.82943,-76.28356,0.0,74.3,511.0,MOSQUITO POINT,IMO9010400,WDI5986,30,,48,9,,,B
367714040,2022-01-01T23:16:00,37.82944,-76.28357,0.0,343.6,511.0,MOSQUITO POINT,IMO9010400,WDI5986,30,,48,9,,,B
367714040,2022-01-01T10:16:00,37.82946,-76.28358,0.0,303.2,511.0,MOSQUITO POINT,IMO9010400,WDI5986,30,,48,9,,,B
367714040,2022-01-01T23:34:00,37.82944,-76.28357,0.0,74.3,511.0,MOSQUITO POINT,IMO9010400,WDI5986,30,,48,9,,,B
367714040,2022-01-01T23:36:59,37.82944,-76.28355,0.0,74.3,511.0,MOSQUITO POINT,IMO9010400,WDI5986,30,,48,9,,,B
367714040,2022-01-01T11:16:00,37.82943,-76.28359,0.0,95.2,511.0,MOSQUITO POINT,IMO9010400,WDI5986,30,,48,9,,,B
367714040,2022-01-01T11:48:59,37.82944,-76.28356,0.0,173.6,511.0,MOSQUITO POINT,IMO9010400,WDI5986,30,,48,9,,,B
367714040,2022-01-01T12:42:59,37.82943,-76.28356,0.0,4.1,511.0,MOSQUITO POINT,IMO9010400,WDI5986,30,,48,9,,,B
367714040,2022-01-01T12:45:59,37.82943,-76.28355,0.0,4.1,511.0,MOSQUITO POINT,IMO9010400,WDI5986,30,,48,9,,,B
367714040,2022-01-01T12:48:59,37.82944,-76.28357,0.0,4.1,511.0,MOSQUITO POINT,IMO9010400,WDI5986,30,,48,9,,,B
367714040,2022-01-01T13:37:00,37.82944,-76.28357,0.0,173.0,511.0,MOSQUITO POINT,IMO9010400,WDI5986,30,,48,9,,,B
367714040,2022-01-01T13:51:59,37.82944,-76.28357,0.0,55.9,511.0,MOSQUITO POINT,IMO9010400,WDI5986,30,,48,9,,,B
367714040,2022-01-01T13:54:59,37.82943,-76.28358,0.0,55.9,511.0,MOSQUITO POINT,IMO9010400,WDI5986,30,,48,9,,,B
367714040,2022-01-01T14:09:59,37.82943,-76.28356,0.0,55.9,511.0,MOSQUITO POINT,IMO9010400,WDI5986,30,,48,9,,,B
367714040,2022-01-01T14:24:59,37.82942,-76.28357,0.0,30.9,511.0,MOSQUITO POINT,IMO9010400,WDI5986,30,,48,9,,,B
367714040,2022-01-01T15:00:59,37.82943,-76.28357,0.0,127.9,511.0,MOSQUITO POINT,IMO9010400,WDI5986,30,,48,9,,,B
367714040,2022-01-01T15:12:59,37.82943,-76.28356,0.0,127.9,511.0,MOSQUITO POINT,IMO9010400,WDI5986,30,,48,9,,,B
367714040,2022-01-01T15:18:59,37.82943,-76.28357,0.0,127.9,511.0,MOSQUITO POINT,IMO9010400,WDI5986,30,,48,9,,,B
367714040,2022-01-01T15:51:59,37.82943,-76.28355,0.0,113.8,511.0,MOSQUITO POINT,IMO9010400,WDI5986,30,,48,9,,,B
367714040,2022-01-01T15:54:59,37.82944,-76.28358,0.0,113.8,511.0,MOSQUITO POINT,IMO9010400,WDI5986,30,,48,9,,,B
367714040,2022-01-01T15:58:00,37.82944,-76.28356,0.0,113.8,511.0,MOSQUITO POINT,IMO9010400,WDI5986,30,,48,9,,,B
367714040,2022-01-01T16:07:01,37.82943,-76.28359,0.0,119.9,511.0,MOSQUITO POINT,IMO9010400,WDI5986,30,,48,9,,,B
367714040,2022-01-01T16:12:59,37.82943,-76.28357,0.0,119.9,511.0,MOSQUITO POINT,IMO9010400,WDI5986,30,,48,9,,,B
367714040,2022-01-01T17:18:59,37.82943,-76.28357,0.0,273.3,511.0,MOSQUITO POINT,IMO9010400,WDI5986,30,,48,9,,,B
367714040,2022-01-01T17:30:59,37.82943,-76.28356,0.0,356.2,511.0,MOSQUITO POINT,IMO9010400,WDI5986,30,,48,9,,,B
367714040,2022-01-01T17:34:02,37.82943,-76.28359,0.0,356.2,511.0,MOSQUITO POINT,IMO9010400,WDI5986,30,,48,9,,,B
367714040,2022-01-01T17:43:00,37.82943,-76.28357,0.0,33.9,511.0,MOSQUITO POINT,IMO9010400,WDI5986,30,,48,9,,,B
367714040,2022-01-01T18:21:59,37.82945,-76.28357,0.0,104.1,511.0,MOSQUITO POINT,IMO9010400,WDI5986,30,,48,9,,,B
367714040,2022-01-01T18:30:59,37.82943,-76.28355,0.0,26.5,511.0,MOSQUITO POINT,IMO9010400,WDI5986,30,,48,9,,,B
367714040,2022-01-01T18:36:59,37.82944,-76.28357,0.0,26.5,511.0,MOSQUITO POINT,IMO9010400,WDI5986,30,,48,9,,,B
367714040,2022-01-01T19:04:00,37.82944,-76.28357,0.0,349.4,511.0,MOSQUITO POINT,IMO9010400,WDI5986,30,,48,9,,,B
367714040,2022-01-01T19:21:59,37.82943,-76.28355,0.0,320.3,511.0,MOSQUITO POINT,IMO9010400,WDI5986,30,,48,9,,,B
367714040,2022-01-01T19:25:02,37.82944,-76.28357,0.0,320.3,511.0,MOSQUITO POINT,IMO9010400,WDI5986,30,,48,9,,,B
367714040,2022-01-01T19:37:05,37.82944,-76.28357,0.0,320.6,511.0,MOSQUITO POINT,IMO9010400,WDI5986,30,,48,9,,,B
367714040,2022-01-01T19:55:02,37.82942,-76.28356,0.0,177.2,511.0,MOSQUITO POINT,IMO9010400,WDI5986,30,,48,9,,,B
367714040,2022-01-01T21:25:01,37.82945,-76.28356,0.0,134.6,511.0,MOSQUITO POINT,IMO9010400,WDI5986,30,,48,9,,,B
367714040,2022-01-01T21:49:02,37.82945,-76.28356,0.0,7.0,511.0,MOSQUITO POINT,IMO9010400,WDI5986,30,,48,9,,,B
367714040,2022-01-01T21:52:00,37.82944,-76.28356,0.0,22.7,511.0,MOSQUITO POINT,IMO9010400,WDI5986,30,,48,9,,,B
367714040,2022-01-01T22:24:59,37.82943,-76.28359,0.0,2.6,511.0,MOSQUITO POINT,IMO9010400,WDI5986,30,,48,9,,,B
367714040,2022-01-01T22:40:00,37.82944,-76.28355,0.0,2.6,511.0,MOSQUITO POINT,IMO9010400,WDI5986,30,,48,9,,,B
367714040,2022-01-01T22:58:00,37.82944,-76.28358,0.0,343.6,511.0,MOSQUITO POINT,IMO9010400,WDI5986,30,,48,9,,,B
367714040,2022-01-01T23:21:59,37.82943,-76.28357,0.0,343.6,511.0,MOSQUITO POINT,IMO9010400,WDI5986,30,,48,9,,,B
367714040,2022-01-01T23:28:00,37.82944,-76.28355,0.0,343.6,511.0,MOSQUITO POINT,IMO9010400,WDI5986,30,,48,9,,,B
367714040,2022-01-01T23:39:59,37.82944,-76.28357,0.0,74.3,511.0,MOSQUITO POINT,IMO9010400,WDI5986,30,,48,9,,,B
367714040,2022-01-01T23:45:59,37.82943,-76.28355,0.0,74.3,511.0,MOSQUITO POINT,IMO9010400,WDI5986,30,,48,9,,,B
367714040,2022-01-02T00:04:00,37.82946,-76.28357,0.0,74.3,511.0,MOSQUITO POINT,IMO9010400,WDI5986,30,,48,9,,,B
367714040,2022-01-02T00:09:59,37.82946,-76.28357,0.0,74.3,511.0,MOSQUITO POINT,IMO9010400,WDI5986,30,,48,9,,,B
367714040,2022-01-02T00:13:02,37.82943,-76.28357,0.0,74.3,511.0,MOSQUITO POINT,IMO9010400,WDI5986,30,,48,9,,,B
367714040,2022-01-02T00:06:59,37.82943,-76.28357,0.0,74.3,511.0,MOSQUITO POINT,IMO9010400,WDI5986,30,,48,9,,,B
367714040,2022-01-02T00:15:59,37.82943,-76.28355,0.0,74.3,511.0,MOSQUITO POINT,IMO9010400,WDI5986,30,,48,9,,,B
367714040,2022-01-02T00:18:59,37.82942,-76.28356,0.0,74.3,511.0,MOSQUITO POINT,IMO9010400,WDI5986,30,,48,9,,,B
367714040,2022-01-02T00:21:59,37.82944,-76.28354,0.0,74.3,511.0,MOSQUITO POINT,IMO9010400,WDI5986,30,,48,9,,,B
367714040,2022-01-02T00:27:59,37.82944,-76.28357,0.0,130.9,511.0,MOSQUITO POINT,IMO9010400,WDI5986,30,,48,9,,,B
367714040,2022-01-02T00:34:00,37.82943,-76.28355,0.0,130.9,511.0,MOSQUITO POINT,IMO9010400,WDI5986,30,,48,9,,,B
367714040,2022-01-02T00:36:59,37.82943,-76.28357,0.0,130.9,511.0,MOSQUITO POINT,IMO9010400,WDI5986,30,,48,9,,,B
367714040,2022-01-02T00:42:59,37.82944,-76.28356,0.0,143.1,511.0,MOSQUITO POINT,IMO9010400,WDI5986,30,,48,9,,,B
367714040,2022-01-02T00:46:01,37.82944,-76.28357,0.0,143.1,511.0,MOSQUITO POINT,IMO9010400,WDI5986,30,,48,9,,,B
367714040,2022-01-02T00:54:59,37.82942,-76.28357,0.0,99.5,511.0,MOSQUITO POINT,IMO9010400,WDI5986,30,,48,9,,,B
367714040,2022-01-02T00:49:00,37.82942,-76.28357,0.0,99.5,511.0,MOSQUITO POINT,IMO9010400,WDI5986,30,,48,9,,,B
367714040,2022-01-02T00:51:59,37.82944,-76.28357,0.0,99.5,511.0,MOSQUITO POINT,IMO9010400,WDI5986,30,,48,9,,,B
367714040,2022-01-02T00:24:59,37.82944,-76.28358,0.0,130.9,511.0,MOSQUITO POINT,IMO9010400,WDI5986,30,,48,9,,,B
367714040,2022-01-02T00:58:02,37.82945,-76.28357,0.0,99.5,511.0,MOSQUITO POINT,IMO9010400,WDI5986,30,,48,9,,,B
367714040,2022-01-02T01:10:00,37.82944,-76.28357,0.0,130.2,511.0,MOSQUITO POINT,IMO9010400,WDI5986,30,,48,9,,,B
367714040,2022-01-02T01:01:00,37.82947,-76.28357,0.0,99.5,511.0,MOSQUITO POINT,IMO9010400,WDI5986,30,,48,9,,,B
367714040,2022-01-02T01:03:59,37.82944,-76.28354,0.0,130.2,511.0,MOSQUITO POINT,IMO9010400,WDI5986,30,,48,9,,,B
367714040,2022-01-02T01:06:59,37.82944,-76.28356,0.0,130.2,511.0,MOSQUITO POINT,IMO9010400,WDI5986,30,,48,9,,,B
367714040,2022-01-02T01:13:01,37.82944,-76.28355,0.0,117.5,511.0,MOSQUITO POINT,IMO9010400,WDI5986,30,,48,9,,,B
367714040,2022-01-02T01:16:00,37.82944,-76.28356,0.0,117.5,511.0,MOSQUITO POINT,IMO9010400,WDI5986,30,,48,9,,,B
367714040,2022-01-02T01:24:59,37.82944,-76.28357,0.0,117.5,511.0,MOSQUITO POINT,IMO9010400,WDI5986,30,,48,9,,,B
367714040,2022-01-02T01:19:00,37.82943,-76.28356,0.0,117.5,511.0,MOSQUITO POINT,IMO9010400,WDI5986,30,,48,9,,,B
367714040,2022-01-02T01:22:00,37.82943,-76.28355,0.0,117.5,511.0,MOSQUITO POINT,IMO9010400,WDI5986,30,,48,9,,,B
367714040,2022-01-02T01:31:01,37.82945,-76.28359,0.0,210.1,511.0,MOSQUITO POINT,IMO9010400,WDI5986,30,,48,9,,,B
367714040,2022-01-02T01:28:03,37.82945,-76.28357,0.0,210.1,511.0,MOSQUITO POINT,IMO9010400,WDI5986,30,,48,9,,,B
367714040,2022-01-02T00:40:01,37.82942,-76.28357,0.0,130.9,511.0,MOSQUITO POINT,IMO9010400,WDI5986,30,,48,9,,,B
367714040,2022-01-02T01:33:59,37.82943,-76.28355,0.0,210.1,511.0,MOSQUITO POINT,IMO9010400,WDI5986,30,,48,9,,,B
367714040,2022-01-02T01:42:59,37.82946,-76.28357,0.0,210.1,511.0,MOSQUITO POINT,IMO9010400,WDI5986,30,,48,9,,,B
367714040,2022-01-02T01:39:59,37.82944,-76.28358,0.0,210.1,511.0,MOSQUITO POINT,IMO9010400,WDI5986,30,,48,9,,,B
367714040,2022-01-02T01:37:00,37.82944,-76.28356,0.0,210.1,511.0,MOSQUITO POINT,IMO9010400,WDI5986,30,,48,9,,,B
367714040,2022-01-02T01:49:00,37.82945,-76.28356,0.0,210.1,511.0,MOSQUITO POINT,IMO9010400,WDI5986,30,,48,9,,,B
367714040,2022-01-02T01:46:01,37.82944,-76.28356,0.0,210.1,511.0,MOSQUITO POINT,IMO9010400,WDI5986,30,,48,9,,,B
367714040,2022-01-02T02:10:00,37.82944,-76.28357,0.0,58.3,511.0,MOSQUITO POINT,IMO9010400,WDI5986,30,,48,9,,,B
367714040,2022-01-02T02:25:01,37.82945,-76.28357,0.0,171.6,511.0,MOSQUITO POINT,IMO9010400,WDI5986,30,,48,9,,,B
367714040,2022-01-02T02:16:01,37.82943,-76.28357,0.0,149.4,511.0,MOSQUITO POINT,IMO9010400,WDI5986,30,,48,9,,,B
367714040,2022-01-02T02:18:59,37.82944,-76.28356,0.0,149.4,511.0,MOSQUITO POINT,IMO9010400,WDI5986,30,,48,9,,,B
367714040,2022-01-02T02:28:03,37.82943,-76.28357,0.0,145.4,511.0,MOSQUITO POINT,IMO9010400,WDI5986,30,,48,9,,,B
367714040,2022-01-02T02:33:59,37.82943,-76.28357,0.0,145.4,511.0,MOSQUITO POINT,IMO9010400,WDI5986,30,,48,9,,,B
367714040,2022-01-02T02:31:00,37.82944,-76.28357,0.0,145.4,511.0,MOSQUITO POINT,IMO9010400,WDI5986,30,,48,9,,,B
367714040,2022-01-02T02:49:00,37.82943,-76.28355,0.0,145.4,511.0,MOSQUITO POINT,IMO9010400,WDI5986,30,,48,9,,,B
367714040,2022-01-02T02:40:01,37.82943,-76.28357,0.0,145.4,511.0,MOSQUITO POINT,IMO9010400,WDI5986,30,,48,9,,,B
367714040,2022-01-02T02:45:59,37.82943,-76.28355,0.0,145.4,511.0,MOSQUITO POINT,IMO9010400,WDI5986,30,,48,9,,,B
367714040,2022-01-02T02:51:59,37.82942,-76.28358,0.0,145.4,511.0,MOSQUITO POINT,IMO9010400,WDI5986,30,,48,9,,,B
367714040,2022-01-02T02:57:59,37.82944,-76.28357,0.1,145.4,511.0,MOSQUITO POINT,IMO9010400,WDI5986,30,,48,9,,,B
367714040,2022-01-02T03:07:01,37.82944,-76.28356,0.0,145.4,511.0,MOSQUITO POINT,IMO9010400,WDI5986,30,,48,9,,,B
367714040,2022-01-02T03:03:59,37.82944,-76.28355,0.0,145.4,511.0,MOSQUITO POINT,IMO9010400,WDI5986,30,,48,9,,,B
367714040,2022-01-02T03:12:59,37.82942,-76.28355,0.0,145.4,511.0,MOSQUITO POINT,IMO9010400,WDI5986,30,,48,9,,,B
367714040,2022-01-02T03:19:02,37.82943,-76.28357,0.1,19.3,511.0,MOSQUITO POINT,IMO9010400,WDI5986,30,,48,9,,,B
367714040,2022-01-02T03:16:04,37.82944,-76.28356,0.0,145.4,511.0,MOSQUITO POINT,IMO9010400,WDI5986,30,,48,9,,,B
367714040,2022-01-02T03:24:59,37.82944,-76.28357,0.0,19.3,511.0,MOSQUITO POINT,IMO9010400,WDI5986,30,,48,9,,,B
367714040,2022-01-02T03:22:01,37.82944,-76.28357,0.0,19.3,511.0,MOSQUITO POINT,IMO9010400,WDI5986,30,,48,9,,,B
367714040,2022-01-02T03:28:00,37.82944,-76.28357,0.0,114.0,511.0,MOSQUITO POINT,IMO9010400,WDI5986,30,,48,9,,,B
367714040,2022-01-02T03:34:01,37.82944,-76.28356,0.0,114.0,511.0,MOSQUITO POINT,IMO9010400,WDI5986,30,,48,9,,,B
367714040,2022-01-02T03:43:00,37.82944,-76.28357,0.0,51.6,511.0,MOSQUITO POINT,IMO9010400,WDI5986,30,,48,9,,,B
367714040,2022-01-02T01:51:59,37.82943,-76.28356,0.0,157.1,511.0,MOSQUITO POINT,IMO9010400,WDI5986,30,,48,9,,,B
367714040,2022-01-02T03:48:59,37.82943,-76.28357,0.0,51.6,511.0,MOSQUITO POINT,IMO9010400,WDI5986,30,,48,9,,,B
367714040,2022-01-02T03:40:04,37.82944,-76.28356,0.0,51.6,511.0,MOSQUITO POINT,IMO9010400,WDI5986,30,,48,9,,,B
367714040,2022-01-02T03:55:01,37.82944,-76.28358,0.0,346.1,511.0,MOSQUITO POINT,IMO9010400,WDI5986,30,,48,9,,,B
367714040,2022-01-02T04:00:59,37.82943,-76.28356,0.0,346.1,511.0,MOSQUITO POINT,IMO9010400,WDI5986,30,,48,9,,,B
367714040,2022-01-02T03:57:59,37.82943,-76.28355,0.0,346.1,511.0,MOSQUITO POINT,IMO9010400,WDI5986,30,,48,9,,,B
367714040,2022-01-02T04:07:00,37.82944,-76.28355,0.0,346.1,511.0,MOSQUITO POINT,IMO9010400,WDI5986,30,,48,9,,,B
367714040,2022-01-02T04:04:01,37.82943,-76.28356,0.0,346.1,511.0,MOSQUITO POINT,IMO9010400,WDI5986,30,,48,9,,,B
367714040,2022-01-02T04:12:59,37.82943,-76.28356,0.0,346.1,511.0,MOSQUITO POINT,IMO9010400,WDI5986,30,,48,9,,,B
367714040,2022-01-02T04:10:02,37.82943,-76.28358,0.0,346.1,511.0,MOSQUITO POINT,IMO9010400,WDI5986,30,,48,9,,,B
367714040,2022-01-02T04:16:03,37.82942,-76.28356,0.0,346.7,511.0,MOSQUITO POINT,IMO9010400,WDI5986,30,,48,9,,,B
367714040,2022-01-02T04:25:01,37.82945,-76.28357,0.0,335.9,511.0,MOSQUITO POINT,IMO9010400,WDI5986,30,,48,9,,,B
367714040,2022-01-02T04:19:02,37.82943,-76.28355,0.0,346.7,511.0,MOSQUITO POINT,IMO9010400,WDI5986,30,,48,9,,,B
367714040,2022-01-02T04:36:59,37.82943,-76.28355,0.0,290.1,511.0,MOSQUITO POINT,IMO9010400,WDI5986,30,,48,9,,,B
367714040,2022-01-02T04:31:01,37.82943,-76.28356,0.0,290.1,511.0,MOSQUITO POINT,IMO9010400,WDI5986,30,,48,9,,,B
367714040,2022-01-02T04:42:59,37.82943,-76.28355,0.0,290.1,511.0,MOSQUITO POINT,IMO9010400,WDI5986,30,,48,9,,,B
367714040,2022-01-02T04:34:05,37.82943,-76.28357,0.0,290.1,511.0,MOSQUITO POINT,IMO9010400,WDI5986,30,,48,9,,,B
367714040,2022-01-02T04:52:00,37.82945,-76.28356,0.0,290.1,511.0,MOSQUITO POINT,IMO9010400,WDI5986,30,,48,9,,,B
367714040,2022-01-02T04:55:00,37.82943,-76.28355,0.0,290.1,511.0,MOSQUITO POINT,IMO9010400,WDI5986,30,,48,9,,,B
367714040,2022-01-02T04:46:00,37.82944,-76.28356,0.0,290.1,511.0,MOSQUITO POINT,IMO9010400,WDI5986,30,,48,9,,,B
367714040,2022-01-02T04:49:01,37.82946,-76.28355,0.0,290.1,511.0,MOSQUITO POINT,IMO9010400,WDI5986,30,,48,9,,,B
367714040,2022-01-02T05:13:02,37.82944,-76.28357,0.0,350.6,511.0,MOSQUITO POINT,IMO9010400,WDI5986,30,,48,9,,,B
367714040,2022-01-02T04:58:00,37.82945,-76.28355,0.0,290.1,511.0,MOSQUITO POINT,IMO9010400,WDI5986,30,,48,9,,,B
367714040,2022-01-02T05:16:00,37.82944,-76.28356,0.0,213.3,511.0,MOSQUITO POINT,IMO9010400,WDI5986,30,,48,9,,,B
367714040,2022-01-02T05:18:59,37.82944,-76.28356,0.0,213.3,511.0,MOSQUITO POINT,IMO9010400,WDI5986,30,,48,9,,,B
367714040,2022-01-02T05:01:00,37.82944,-76.28356,0.0,290.1,511.0,MOSQUITO POINT,IMO9010400,WDI5986,30,,48,9,,,B
367714040,2022-01-02T05:09:59,37.82945,-76.28359,0.0,350.6,511.0,MOSQUITO POINT,IMO9010400,WDI5986,30,,48,9,,,B
367714040,2022-01-02T05:27:59,37.82943,-76.28357,0.0,187.4,511.0,MOSQUITO POINT,IMO9010400,WDI5986,30,,48,9,,,B
367714040,2022-01-02T05:22:00,37.82944,-76.28357,0.0,213.3,511.0,MOSQUITO POINT,IMO9010400,WDI5986,30,,48,9,,,B
367714040,2022-01-02T05:33:59,37.82943,-76.28355,0.0,124.8,511.0,MOSQUITO POINT,IMO9010400,WDI5986,30,,48,9,,,B
367714040,2022-01-02T05:24:59,37.82943,-76.28355,0.0,213.3,511.0,MOSQUITO POINT,IMO9010400,WDI5986,30,,48,9,,,B
367714040,2022-01-02T05:42:59,37.82944,-76.28358,0.0,124.8,511.0,MOSQUITO POINT,IMO9010400,WDI5986,30,,48,9,,,B
367714040,2022-01-02T02:43:00,37.82944,-76.28356,0.0,145.4,511.0,MOSQUITO POINT,IMO9010400,WDI5986,30,,48,9,,,B
367714040,2022-01-02T05:45:59,37.82942,-76.28356,0.0,124.8,511.0,MOSQUITO POINT,IMO9010400,WDI5986,30,,48,9,,,B
367714040,2022-01-02T05:31:00,37.82942,-76.28357,0.0,124.8,511.0,MOSQUITO POINT,IMO9010400,WDI5986,30,,48,9,,,B
367714040,2022-01-02T05:52:01,37.82945,-76.28355,0.0,124.8,511.0,MOSQUITO POINT,IMO9010400,WDI5986,30,,48,9,,,B
367714040,2022-01-02T05:40:01,37.82944,-76.28357,0.0,124.8,511.0,MOSQUITO POINT,IMO9010400,WDI5986,30,,48,9,,,B
367714040,2022-01-02T06:01:04,37.82943,-76.28358,0.0,124.8,511.0,MOSQUITO POINT,IMO9010400,WDI5986,30,,48,9,,,B
367714040,2022-01-02T05:49:00,37.82944,-76.28356,0.0,124.8,511.0,MOSQUITO POINT,IMO9010400,WDI5986,30,,48,9,,,B
367714040,2022-01-02T06:19:02,37.82943,-76.28356,0.0,8.2,511.0,MOSQUITO POINT,IMO9010400,WDI5986,30,,48,9,,,B
367714040,2022-01-02T05:58:00,37.82944,-76.28357,0.0,124.8,511.0,MOSQUITO POINT,IMO9010400,WDI5986,30,,48,9,,,B
367714040,2022-01-02T06:22:00,37.82943,-76.28356,0.0,8.2,511.0,MOSQUITO POINT,IMO9010400,WDI5986,30,,48,9,,,B
367714040,2022-01-02T06:10:00,37.82943,-76.28357,0.0,124.8,511.0,MOSQUITO POINT,IMO9010400,WDI5986,30,,48,9,,,B
367714040,2022-01-02T06:31:00,37.82944,-76.28358,0.0,8.2,511.0,MOSQUITO POINT,IMO9010400,WDI5986,30,,48,9,,,B
367714040,2022-01-02T06:34:00,37.82943,-76.28357,0.0,8.2,511.0,MOSQUITO POINT,IMO9010400,WDI5986,30,,48,9,,,B
367714040,2022-01-02T06:37:00,37.82943,-76.28357,0.0,8.2,511.0,MOSQUITO POINT,IMO9010400,WDI5986,30,,48,9,,,B
367714040,2022-01-02T06:42:59,37.82943,-76.28357,0.0,8.2,511.0,MOSQUITO POINT,IMO9010400,WDI5986,30,,48,9,,,B
367714040,2022-01-02T06:25:00,37.82944,-76.28356,0.0,8.2,511.0,MOSQUITO POINT,IMO9010400,WDI5986,30,,48,9,,,B
367714040,2022-01-02T06:46:03,37.82944,-76.28357,0.0,8.2,511.0,MOSQUITO POINT,IMO9010400,WDI5986,30,,48,9,,,B
367714040,2022-01-02T06:49:00,37.82943,-76.28356,0.0,8.2,511.0,MOSQUITO POINT,IMO9010400,WDI5986,30,,48,9,,,B
367714040,2022-01-02T06:52:00,37.82944,-76.28357,0.0,38.7,511.0,MOSQUITO POINT,IMO9010400,WDI5986,30,,48,9,,,B
367714040,2022-01-02T06:55:03,37.82945,-76.28356,0.0,38.7,511.0,MOSQUITO POINT,IMO9010400,WDI5986,30,,48,9,,,B
367714040,2022-01-02T06:58:01,37.82945,-76.28358,0.0,38.7,511.0,MOSQUITO POINT,IMO9010400,WDI5986,30,,48,9,,,B
367714040,2022-01-02T07:09:59,37.82945,-76.28356,0.0,338.6,511.0,MOSQUITO POINT,IMO9010400,WDI5986,30,,48,9,,,B
367714040,2022-01-02T07:13:02,37.82945,-76.28355,0.0,322.6,511.0,MOSQUITO POINT,IMO9010400,WDI5986,30,,48,9,,,B
367714040,2022-01-02T07:01:02,37.82944,-76.28357,0.0,38.7,511.0,MOSQUITO POINT,IMO9010400,WDI5986,30,,48,9,,,B
367714040,2022-01-02T07:03:59,37.82945,-76.28357,0.0,338.6,511.0,MOSQUITO POINT,IMO9010400,WDI5986,30,,48,9,,,B
367714040,2022-01-02T07:16:03,37.82944,-76.28357,0.0,322.6,511.0,MOSQUITO POINT,IMO9010400,WDI5986,30,,48,9,,,B
367714040,2022-01-02T07:37:01,37.82944,-76.28358,0.0,322.6,511.0,MOSQUITO POINT,IMO9010400,WDI5986,30,,48,9,,,B
367714040,2022-01-02T07:18:59,37.82943,-76.28357,0.0,322.6,511.0,MOSQUITO POINT,IMO9010400,WDI5986,30,,48,9,,,B
367714040,2022-01-02T07:22:00,37.82944,-76.28358,0.0,322.6,511.0,MOSQUITO POINT,IMO9010400,WDI5986,30,,48,9,,,B
367714040,2022-01-02T07:30:59,37.82944,-76.28356,0.0,322.6,511.0,MOSQUITO POINT,IMO9010400,WDI5986,30,,48,9,,,B
367714040,2022-01-02T07:34:01,37.82944,-76.28358,0.0,322.6,511.0,MOSQUITO POINT,IMO9010400,WDI5986,30,,48,9,,,B
367714040,2022-01-02T07:52:02,37.82946,-76.28356,0.0,322.6,511.0,MOSQUITO POINT,IMO9010400,WDI5986,30,,48,9,,,B
367714040,2022-01-02T03:37:00,37.82944,-76.28359,0.0,51.6,511.0,MOSQUITO POINT,IMO9010400,WDI5986,30,,48,9,,,B
367714040,2022-01-02T07:54:59,37.82944,-76.28356,0.0,322.6,511.0,MOSQUITO POINT,IMO9010400,WDI5986,30,,48,9,,,B
367714040,2022-01-02T07:42:59,37.82945,-76.28355,0.1,322.6,511.0,MOSQUITO POINT,IMO9010400,WDI5986,30,,48,9,,,B
367714040,2022-01-02T07:46:03,37.82941,-76.28356,0.0,322.6,511.0,MOSQUITO POINT,IMO9010400,WDI5986,30,,48,9,,,B
367714040,2022-01-02T07:48:59,37.82943,-76.28355,0.0,322.6,511.0,MOSQUITO POINT,IMO9010400,WDI5986,30,,48,9,,,B
367714040,2022-01-02T07:58:04,37.82943,-76.28354,0.0,322.6,511.0,MOSQUITO POINT,IMO9010400,WDI5986,30,,48,9,,,B
367714040,2022-01-02T08:12:59,37.82943,-76.28356,0.0,334.1,511.0,MOSQUITO POINT,IMO9010400,WDI5986,30,,48,9,,,B
367714040,2022-01-02T08:40:02,37.82943,-76.28357,0.0,344.3,511.0,MOSQUITO POINT,IMO9010400,WDI5986,30,,48,9,,,B
367714040,2022-01-02T03:52:01,37.82942,-76.28357,0.0,51.6,511.0,MOSQUITO POINT,IMO9010400,WDI5986,30,,48,9,,,B
367714040,2022-01-02T08:45:59,37.82945,-76.28356,0.0,344.3,511.0,MOSQUITO POINT,IMO9010400,WDI5986,30,,48,9,,,B
367714040,2022-01-02T08:36:59,37.82942,-76.28358,0.0,344.3,511.0,MOSQUITO POINT,IMO9010400,WDI5986,30,,48,9,,,B
367714040,2022-01-02T08:19:00,37.82943,-76.28358,0.0,344.3,511.0,MOSQUITO POINT,IMO9010400,WDI5986,30,,48,9,,,B
367714040,2022-01-02T08:55:02,37.82944,-76.28357,0.0,344.3,511.0,MOSQUITO POINT,IMO9010400,WDI5986,30,,48,9,,,B
367714040,2022-01-02T08:28:00,37.82943,-76.28357,0.0,344.3,511.0,MOSQUITO POINT,IMO9010400,WDI5986,30,,48,9,,,B
367714040,2022-01-02T08:30:59,37.82943,-76.28357,0.0,344.3,511.0,MOSQUITO POINT,IMO9010400,WDI5986,30,,48,9,,,B
367714040,2022-01-02T08:57:59,37.82943,-76.28357,0.0,344.3,511.0,MOSQUITO POINT,IMO9010400,WDI5986,30,,48,9,,,B
367714040,2022-01-02T08:43:00,37.82944,-76.28357,0.0,344.3,511.0,MOSQUITO POINT,IMO9010400,WDI5986,30,,48,9,,,B
367714040,2022-01-02T08:49:00,37.82943,-76.28356,0.0,344.3,511.0,MOSQUITO POINT,IMO9010400,WDI5986,30,,48,9,,,B
367714040,2022-01-02T09:22:06,37.82943,-76.28357,0.0,344.3,511.0,MOSQUITO POINT,IMO9010400,WDI5986,30,,48,9,,,B
367714040,2022-01-02T09:33:59,37.82945,-76.28356,0.0,317.7,511.0,MOSQUITO POINT,IMO9010400,WDI5986,30,,48,9,,,B
367714040,2022-01-02T09:04:00,37.82942,-76.28357,0.0,344.3,511.0,MOSQUITO POINT,IMO9010400,WDI5986,30,,48,9,,,B
367714040,2022-01-02T09:39:59,37.82946,-76.28357,0.0,317.7,511.0,MOSQUITO POINT,IMO9010400,WDI5986,30,,48,9,,,B
367714040,2022-01-02T09:01:00,37.82943,-76.28356,0.0,344.3,511.0,MOSQUITO POINT,IMO9010400,WDI5986,30,,48,9,,,B
367714040,2022-01-02T09:37:00,37.82945,-76.28357,0.0,317.7,511.0,MOSQUITO POINT,IMO9010400,WDI5986,30,,48,9,,,B
367714040,2022-01-02T09:28:00,37.82942,-76.28357,0.0,317.7,511.0,MOSQUITO POINT,IMO9010400,WDI5986,30,,48,9,,,B
367714040,2022-01-02T09:45:59,37.82944,-76.28358,0.0,317.7,511.0,MOSQUITO POINT,IMO9010400,WDI5986,30,,48,9,,,B
367714040,2022-01-02T09:25:01,37.82942,-76.28357,0.0,344.3,511.0,MOSQUITO POINT,IMO9010400,WDI5986,30,,48,9,,,B
367714040,2022-01-02T09:16:00,37.82944,-76.28356,0.0,344.3,511.0,MOSQUITO POINT,IMO9010400,WDI5986,30,,48,9,,,B
367714040,2022-01-02T09:51:59,37.82943,-76.28357,0.0,316.2,511.0,MOSQUITO POINT,IMO9010400,WDI5986,30,,48,9,,,B
367714040,2022-01-02T04:22:00,37.82945,-76.28357,0.0,346.7,511.0,MOSQUITO POINT,IMO9010400,WDI5986,30,,48,9,,,B
367714040,2022-01-02T09:19:00,37.82945,-76.28357,0.0,344.3,511.0,MOSQUITO POINT,IMO9010400,WDI5986,30,,48,9,,,B
367714040,2022-01-02T09:43:00,37.82945,-76.28356,0.0,317.7,511.0,MOSQUITO POINT,IMO9010400,WDI5986,30,,48,9,,,B
367714040,2022-01-02T10:12:59,37.82946,-76.28357,0.0,327.0,511.0,MOSQUITO POINT,IMO9010400,WDI5986,30,,48,9,,,B
367714040,2022-01-02T10:07:01,37.82945,-76.28357,0.0,325.8,511.0,MOSQUITO POINT,IMO9010400,WDI5986,30,,48,9,,,B
367714040,2022-01-02T09:48:59,37.82944,-76.28356,0.0,316.2,511.0,MOSQUITO POINT,IMO9010400,WDI5986,30,,48,9,,,B
367714040,2022-01-02T10:18:59,37.82945,-76.28357,0.0,327.0,511.0,MOSQUITO POINT,IMO9010400,WDI5986,30,,48,9,,,B
367714040,2022-01-02T09:54:59,37.82944,-76.28356,0.0,316.2,511.0,MOSQUITO POINT,IMO9010400,WDI5986,30,,48,9,,,B
367714040,2022-01-02T09:58:00,37.82944,-76.28357,0.0,316.2,511.0,MOSQUITO POINT,IMO9010400,WDI5986,30,,48,9,,,B
367714040,2022-01-02T10:22:01,37.82946,-76.28357,0.0,327.0,511.0,MOSQUITO POINT,IMO9010400,WDI5986,30,,48,9,,,B
367714040,2022-01-02T04:40:00,37.82945,-76.28356,0.0,290.1,511.0,MOSQUITO POINT,IMO9010400,WDI5986,30,,48,9,,,B
367714040,2022-01-02T10:00:59,37.82944,-76.28358,0.0,316.2,511.0,MOSQUITO POINT,IMO9010400,WDI5986,30,,48,9,,,B
367714040,2022-01-02T10:16:00,37.82945,-76.28357,0.0,327.0,511.0,MOSQUITO POINT,IMO9010400,WDI5986,30,,48,9,,,B
367714040,2022-01-02T10:57:59,37.82943,-76.28356,0.0,85.3,511.0,MOSQUITO POINT,IMO9010400,WDI5986,30,,48,9,,,B
367714040,2022-01-02T11:03:59,37.82942,-76.28358,0.0,85.3,511.0,MOSQUITO POINT,IMO9010400,WDI5986,30,,48,9,,,B
367714040,2022-01-02T10:52:00,37.82943,-76.28358,0.0,85.3,511.0,MOSQUITO POINT,IMO9010400,WDI5986,30,,48,9,,,B
367714040,2022-01-02T10:31:00,37.82944,-76.28356,0.0,345.8,511.0,MOSQUITO POINT,IMO9010400,WDI5986,30,,48,9,,,B
367714040,2022-01-02T10:34:01,37.82944,-76.28356,0.0,345.8,511.0,MOSQUITO POINT,IMO9010400,WDI5986,30,,48,9,,,B
367714040,2022-01-02T10:48:59,37.82945,-76.28356,0.0,85.3,511.0,MOSQUITO POINT,IMO9010400,WDI5986,30,,48,9,,,B
367714040,2022-01-02T11:19:00,37.82943,-76.28356,0.0,55.5,511.0,MOSQUITO POINT,IMO9010400,WDI5986,30,,48,9,,,B
367714040,2022-01-02T10:42:59,37.82946,-76.28356,0.0,85.3,511.0,MOSQUITO POINT,IMO9010400,WDI5986,30,,48,9,,,B
367714040,2022-01-02T10:39:59,37.82944,-76.28356,0.0,345.8,511.0,MOSQUITO POINT,IMO9010400,WDI5986,30,,48,9,,,B
367714040,2022-01-02T11:09:59,37.82943,-76.28357,0.0,66.2,511.0,MOSQUITO POINT,IMO9010400,WDI5986,30,,48,9,,,B
367714040,2022-01-02T11:25:01,37.82943,-76.28357,0.0,55.5,511.0,MOSQUITO POINT,IMO9010400,WDI5986,30,,48,9,,,B
367714040,2022-01-02T11:30:59,37.82943,-76.28358,0.0,353.5,511.0,MOSQUITO POINT,IMO9010400,WDI5986,30,,48,9,,,B
367714040,2022-01-02T11:06:59,37.82943,-76.28356,0.0,66.2,511.0,MOSQUITO POINT,IMO9010400,WDI5986,30,,48,9,,,B
367714040,2022-01-02T11:21:59,37.82943,-76.28356,0.0,55.5,511.0,MOSQUITO POINT,IMO9010400,WDI5986,30,,48,9,,,B
367714040,2022-01-02T11:13:00,37.82944,-76.28357,0.0,66.2,511.0,MOSQUITO POINT,IMO9010400,WDI5986,30,,48,9,,,B
367714040,2022-01-02T11:01:00,37.82942,-76.28356,0.0,85.3,511.0,MOSQUITO POINT,IMO9010400,WDI5986,30,,48,9,,,B
367714040,2022-01-02T11:43:01,37.82943,-76.28357,0.0,353.5,511.0,MOSQUITO POINT,IMO9010400,WDI5986,30,,48,9,,,B
367714040,2022-01-02T11:15:59,37.82945,-76.28358,0.0,66.2,511.0,MOSQUITO POINT,IMO9010400,WDI5986,30,,48,9,,,B
367714040,2022-01-02T11:55:01,37.82942,-76.28358,0.0,286.3,511.0,MOSQUITO POINT,IMO9010400,WDI5986,30,,48,9,,,B
367714040,2022-01-02T12:01:02,37.82944,-76.28356,0.0,286.3,511.0,MOSQUITO POINT,IMO9010400,WDI5986,30,,48,9,,,B
367714040,2022-01-02T11:28:00,37.82945,-76.28356,0.0,55.5,511.0,MOSQUITO POINT,IMO9010400,WDI5986,30,,48,9,,,B
367714040,2022-01-02T12:04:00,37.82943,-76.28357,0.0,286.3,511.0,MOSQUITO POINT,IMO9010400,WDI5986,30,,48,9,,,B
367714040,2022-01-02T12:07:03,37.82944,-76.28355,0.0,286.3,511.0,MOSQUITO POINT,IMO9010400,WDI5986,30,,48,9,,,B
367714040,2022-01-02T11:40:00,37.82945,-76.28356,0.0,353.5,511.0,MOSQUITO POINT,IMO9010400,WDI5986,30,,48,9,,,B
367714040,2022-01-02T12:16:00,37.82944,-76.28356,0.0,286.3,511.0,MOSQUITO POINT,IMO9010400,WDI5986,30,,48,9,,,B
367714040,2022-01-02T11:46:01,37.82942,-76.28359,0.0,353.5,511.0,MOSQUITO POINT,IMO9010400,WDI5986,30,,48,9,,,B
367714040,2022-01-02T11:37:01,37.82944,-76.28356,0.0,353.5,511.0,MOSQUITO POINT,IMO9010400,WDI5986,30,,48,9,,,B
367714040,2022-01-02T11:52:00,37.82943,-76.28356,0.0,286.3,511.0,MOSQUITO POINT,IMO9010400,WDI5986,30,,48,9,,,B
367714040,2022-01-02T12:31:00,37.82945,-76.28356,0.0,286.3,511.0,MOSQUITO POINT,IMO9010400,WDI5986,30,,48,9,,,B
367714040,2022-01-02T11:58:01,37.82944,-76.28357,0.0,286.3,511.0,MOSQUITO POINT,IMO9010400,WDI5986,30,,48,9,,,B
367714040,2022-01-02T12:39:59,37.82944,-76.28356,0.0,323.2,511.0,MOSQUITO POINT,IMO9010400,WDI5986,30,,48,9,,,B
367714040,2022-01-02T12:45:59,37.82944,-76.28357,0.0,323.2,511.0,MOSQUITO POINT,IMO9010400,WDI5986,30,,48,9,,,B
367714040,2022-01-02T12:24:59,37.82944,-76.28356,0.0,286.3,511.0,MOSQUITO POINT,IMO9010400,WDI5986,30,,48,9,,,B
367714040,2022-01-02T13:04:01,37.82945,-76.28355,0.1,346.1,511.0,MOSQUITO POINT,IMO9010400,WDI5986,30,,48,9,,,B
367714040,2022-01-02T12:36:59,37.82945,-76.28356,0.0,323.2,511.0,MOSQUITO POINT,IMO9010400,WDI5986,30,,48,9,,,B
367714040,2022-01-02T13:21:59,37.82943,-76.28357,0.0,346.1,511.0,MOSQUITO POINT,IMO9010400,WDI5986,30,,48,9,,,B
367714040,2022-01-02T13:25:00,37.82944,-76.28359,0.0,346.1,511.0,MOSQUITO POINT,IMO9010400,WDI5986,30,,48,9,,,B
367714040,2022-01-02T05:55:00,37.82945,-76.28357,0.0,124.8,511.0,MOSQUITO POINT,IMO9010400,WDI5986,30,,48,9,,,B
367714040,2022-01-02T12:52:01,37.82945,-76.28358,0.0,343.2,511.0,MOSQUITO POINT,IMO9010400,WDI5986,30,,48,9,,,B
367714040,2022-01-02T13:10:03,37.82944,-76.28355,0.0,346.1,511.0,MOSQUITO POINT,IMO9010400,WDI5986,30,,48,9,,,B
367714040,2022-01-02T12:42:59,37.82943,-76.28357,0.0,323.2,511.0,MOSQUITO POINT,IMO9010400,WDI5986,30,,48,9,,,B
367714040,2022-01-02T12:58:03,37.82946,-76.28357,0.0,343.2,511.0,MOSQUITO POINT,IMO9010400,WDI5986,30,,48,9,,,B
367714040,2022-01-02T13:33:59,37.82945,-76.28358,0.0,346.1,511.0,MOSQUITO POINT,IMO9010400,WDI5986,30,,48,9,,,B
367714040,2022-01-02T12:54:59,37.82944,-76.28356,0.0,343.2,511.0,MOSQUITO POINT,IMO9010400,WDI5986,30,,48,9,,,B
367714040,2022-01-02T12:48:59,37.82944,-76.28356,0.0,343.2,511.0,MOSQUITO POINT,IMO9010400,WDI5986,30,,48,9,,,B
367714040,2022-01-02T13:07:04,37.82945,-76.28356,0.0,346.1,511.0,MOSQUITO POINT,IMO9010400,WDI5986,30,,48,9,,,B
367714040,2022-01-02T13:45:59,37.82944,-76.28358,0.0,346.1,511.0,MOSQUITO POINT,IMO9010400,WDI5986,30,,48,9,,,B
367714040,2022-01-02T13:01:00,37.82944,-76.28356,0.0,346.1,511.0,MOSQUITO POINT,IMO9010400,WDI5986,30,,48,9,,,B
367714040,2022-01-02T13:48:59,37.82942,-76.28358,0.0,56.7,511.0,MOSQUITO POINT,IMO9010400,WDI5986,30,,48,9,,,B
367714040,2022-01-02T13:19:03,37.82944,-76.28357,0.0,346.1,511.0,MOSQUITO POINT,IMO9010400,WDI5986,30,,48,9,,,B
367714040,2022-01-02T13:15:59,37.82943,-76.28356,0.0,346.1,511.0,MOSQUITO POINT,IMO9010400,WDI5986,30,,48,9,,,B
367714040,2022-01-02T13:55:04,37.82944,-76.28355,0.0,356.9,511.0,MOSQUITO POINT,IMO9010400,WDI5986,30,,48,9,,,B
367714040,2022-01-02T06:06:59,37.82943,-76.28357,0.0,124.8,511.0,MOSQUITO POINT,IMO9010400,WDI5986,30,,48,9,,,B
367714040,2022-01-02T13:13:03,37.82945,-76.28355,0.0,346.1,511.0,MOSQUITO POINT,IMO9010400,WDI5986,30,,48,9,,,B
367714040,2022-01-02T06:16:01,37.82943,-76.28357,0.0,8.2,511.0,MOSQUITO POINT,IMO9010400,WDI5986,30,,48,9,,,B
367714040,2022-01-02T14:04:00,37.82943,-76.28355,0.0,356.9,511.0,MOSQUITO POINT,IMO9010400,WDI5986,30,,48,9,,,B
367714040,2022-01-02T13:37:00,37.82945,-76.28355,0.0,346.1,511.0,MOSQUITO POINT,IMO9010400,WDI5986,30,,48,9,,,B
367714040,2022-01-02T14:09:59,37.82943,-76.28358,0.0,356.9,511.0,MOSQUITO POINT,IMO9010400,WDI5986,30,,48,9,,,B
367714040,2022-01-02T13:28:00,37.82943,-76.28356,0.0,346.1,511.0,MOSQUITO POINT,IMO9010400,WDI5986,30,,48,9,,,B
367714040,2022-01-02T13:40:00,37.82944,-76.28355,0.0,346.1,511.0,MOSQUITO POINT,IMO9010400,WDI5986,30,,48,9,,,B
367714040,2022-01-02T13:43:00,37.82943,-76.28357,0.0,346.1,511.0,MOSQUITO POINT,IMO9010400,WDI5986,30,,48,9,,,B
367714040,2022-01-02T14:19:00,37.82943,-76.28356,0.1,273.2,511.0,MOSQUITO POINT,IMO9010400,WDI5986,30,,48,9,,,B
367714040,2022-01-02T13:51:59,37.82943,-76.28356,0.0,56.7,511.0,MOSQUITO POINT,IMO9010400,WDI5986,30,,48,9,,,B
367714040,2022-01-02T14:12:59,37.82943,-76.28357,0.0,356.9,511.0,MOSQUITO POINT,IMO9010400,WDI5986,30,,48,9,,,B
367714040,2022-01-02T14:37:01,37.82945,-76.28358,0.0,321.4,511.0,MOSQUITO POINT,IMO9010400,WDI5986,30,,48,9,,,B
367714040,2022-01-02T14:07:06,37.82943,-76.28357,0.0,356.9,511.0,MOSQUITO POINT,IMO9010400,WDI5986,30,,48,9,,,B
367714040,2022-01-02T14:22:00,37.82944,-76.28358,0.0,273.2,511.0,MOSQUITO POINT,IMO9010400,WDI5986,30,,48,9,,,B
367714040,2022-01-02T14:58:01,37.82944,-76.28357,0.0,321.4,511.0,MOSQUITO POINT,IMO9010400,WDI5986,30,,48,9,,,B
367714040,2022-01-02T15:01:00,37.82943,-76.28356,0.0,321.4,511.0,MOSQUITO POINT,IMO9010400,WDI5986,30,,48,9,,,B
367714040,2022-01-02T14:28:00,37.82945,-76.28355,0.0,273.2,511.0,MOSQUITO POINT,IMO9010400,WDI5986,30,,48,9,,,B
367714040,2022-01-02T15:04:00,37.82943,-76.28356,0.0,321.4,511.0,MOSQUITO POINT,IMO9010400,WDI5986,30,,48,9,,,B
367714040,2022-01-02T14:55:00,37.82944,-76.28357,0.0,321.4,511.0,MOSQUITO POINT,IMO9010400,WDI5986,30,,48,9,,,B
367714040,2022-01-02T14:16:02,37.82943,-76.28358,0.0,273.2,511.0,MOSQUITO POINT,IMO9010400,WDI5986,30,,48,9,,,B
367714040,2022-01-02T14:34:06,37.82943,-76.28357,0.1,253.5,511.0,MOSQUITO POINT,IMO9010400,WDI5986,30,,48,9,,,B
367714040,2022-01-02T14:31:00,37.82943,-76.28358,0.0,253.5,511.0,MOSQUITO POINT,IMO9010400,WDI5986,30,,48,9,,,B
367714040,2022-01-02T14:39:59,37.82943,-76.28358,0.0,321.4,511.0,MOSQUITO POINT,IMO9010400,WDI5986,30,,48,9,,,B
367714040,2022-01-02T14:43:00,37.82944,-76.28356,0.0,321.4,511.0,MOSQUITO POINT,IMO9010400,WDI5986,30,,48,9,,,B
367714040,2022-01-02T15:19:02,37.82945,-76.28357,0.0,272.4,511.0,MOSQUITO POINT,IMO9010400,WDI5986,30,,48,9,,,B
367714040,2022-01-02T15:22:00,37.82944,-76.28357,0.0,272.4,511.0,MOSQUITO POINT,IMO9010400,WDI5986,30,,48,9,,,B
367714040,2022-01-02T14:52:01,37.82944,-76.28358,0.0,321.4,511.0,MOSQUITO POINT,IMO9010400,WDI5986,30,,48,9,,,B
367714040,2022-01-02T15:34:02,37.82943,-76.28356,0.0,272.4,511.0,MOSQUITO POINT,IMO9010400,WDI5986,30,,48,9,,,B
367714040,2022-01-02T14:49:00,37.82944,-76.28356,0.0,321.4,511.0,MOSQUITO POINT,IMO9010400,WDI5986,30,,48,9,,,B
367714040,2022-01-02T15:10:03,37.82943,-76.28356,0.0,321.4,511.0,MOSQUITO POINT,IMO9010400,WDI5986,30,,48,9,,,B
367714040,2022-01-02T15:13:00,37.82943,-76.28357,0.0,321.4,511.0,MOSQUITO POINT,IMO9010400,WDI5986,30,,48,9,,,B
367714040,2022-01-02T15:52:04,37.82944,-76.28358,0.0,180.8,511.0,MOSQUITO POINT,IMO9010400,WDI5986,30,,48,9,,,B
367714040,2022-01-02T15:16:04,37.82943,-76.28357,0.0,272.4,511.0,MOSQUITO POINT,IMO9010400,WDI5986,30,,48,9,,,B
367714040,2022-01-02T15:55:01,37.82943,-76.28356,0.0,180.8,511.0,MOSQUITO POINT,IMO9010400,WDI5986,30,,48,9,,,B
367714040,2022-01-02T15:37:01,37.82946,-76.28359,0.0,272.4,511.0,MOSQUITO POINT,IMO9010400,WDI5986,30,,48,9,,,B
367714040,2022-01-02T15:39:59,37.82944,-76.28357,0.0,272.4,511.0,MOSQUITO POINT,IMO9010400,WDI5986,30,,48,9,,,B
367714040,2022-01-02T15:27:59,37.82945,-76.28356,0.0,272.4,511.0,MOSQUITO POINT,IMO9010400,WDI5986,30,,48,9,,,B
367714040,2022-01-02T15:49:00,37.82945,-76.28356,0.0,180.8,511.0,MOSQUITO POINT,IMO9010400,WDI5986,30,,48,9,,,B
367714040,2022-01-02T15:31:00,37.82944,-76.28358,0.0,272.4,511.0,MOSQUITO POINT,IMO9010400,WDI5986,30,,48,9,,,B
367714040,2022-01-02T07:07:01,37.82943,-76.28357,0.0,338.6,511.0,MOSQUITO POINT,IMO9010400,WDI5986,30,,48,9,,,B
367714040,2022-01-02T15:57:59,37.82943,-76.28356,0.0,180.8,511.0,MOSQUITO POINT,IMO9010400,WDI5986,30,,48,9,,,B
367714040,2022-01-02T16:06:59,37.82942,-76.28357,0.0,94.8,511.0,MOSQUITO POINT,IMO9010400,WDI5986,30,,48,9,,,B
367714040,2022-01-02T16:43:00,37.82945,-76.28357,0.0,94.8,511.0,MOSQUITO POINT,IMO9010400,WDI5986,30,,48,9,,,B
367714040,2022-01-02T16:39:59,37.82943,-76.28358,0.0,94.8,511.0,MOSQUITO POINT,IMO9010400,WDI5986,30,,48,9,,,B
367714040,2022-01-02T16:51:59,37.82944,-76.28355,0.0,94.8,511.0,MOSQUITO POINT,IMO9010400,WDI5986,30,,48,9,,,B
367714040,2022-01-02T16:22:01,37.82943,-76.28356,0.0,94.8,511.0,MOSQUITO POINT,IMO9010400,WDI5986,30,,48,9,,,B
367714040,2022-01-02T16:25:01,37.82943,-76.28357,0.0,94.8,511.0,MOSQUITO POINT,IMO9010400,WDI5986,30,,48,9,,,B
367714040,2022-01-02T17:01:00,37.82943,-76.28356,0.0,94.8,511.0,MOSQUITO POINT,IMO9010400,WDI5986,30,,48,9,,,B
367714040,2022-01-02T16:31:00,37.82944,-76.28356,0.0,94.8,511.0,MOSQUITO POINT,IMO9010400,WDI5986,30,,48,9,,,B
367714040,2022-01-02T16:10:00,37.82943,-76.28356,0.0,94.8,511.0,MOSQUITO POINT,IMO9010400,WDI5986,30,,48,9,,,B
367714040,2022-01-02T16:34:01,37.82944,-76.28356,0.0,94.8,511.0,MOSQUITO POINT,IMO9010400,WDI5986,30,,48,9,,,B
367714040,2022-01-02T16:13:00,37.82945,-76.28356,0.0,94.8,511.0,MOSQUITO POINT,IMO9010400,WDI5986,30,,48,9,,,B
367714040,2022-01-02T16:36:59,37.82944,-76.28356,0.0,94.8,511.0,MOSQUITO POINT,IMO9010400,WDI5986,30,,48,9,,,B
367714040,2022-01-02T17:15:59,37.82943,-76.28356,0.0,144.2,511.0,MOSQUITO POINT,IMO9010400,WDI5986,30,,48,9,,,B
367714040,2022-01-02T07:25:00,37.82945,-76.28356,0.0,322.6,511.0,MOSQUITO POINT,IMO9010400,WDI5986,30,,48,9,,,B
367714040,2022-01-02T16:28:00,37.82943,-76.28356,0.0,94.8,511.0,MOSQUITO POINT,IMO9010400,WDI5986,30,,48,9,,,B
367714040,2022-01-02T17:27:59,37.82942,-76.28357,0.0,98.8,511.0,MOSQUITO POINT,IMO9010400,WDI5986,30,,48,9,,,B
367714040,2022-01-02T16:57:59,37.82944,-76.28356,0.0,94.8,511.0,MOSQUITO POINT,IMO9010400,WDI5986,30,,48,9,,,B
367714040,2022-01-02T17:37:00,37.82943,-76.28357,0.0,29.5,511.0,MOSQUITO POINT,IMO9010400,WDI5986,30,,48,9,,,B
367714040,2022-01-02T16:45:59,37.82943,-76.28359,0.0,94.8,511.0,MOSQUITO POINT,IMO9010400,WDI5986,30,,48,9,,,B
367714040,2022-01-02T17:03:59,37.82946,-76.28358,0.0,94.8,511.0,MOSQUITO POINT,IMO9010400,WDI5986,30,,48,9,,,B
367714040,2022-01-02T07:40:04,37.82943,-76.28357,0.0,322.6,511.0,MOSQUITO POINT,IMO9010400,WDI5986,30,,48,9,,,B
367714040,2022-01-02T17:33:59,37.82942,-76.28357,0.0,29.5,511.0,MOSQUITO POINT,IMO9010400,WDI5986,30,,48,9,,,B
367714040,2022-01-02T17:09:59,37.82945,-76.28357,0.0,144.2,511.0,MOSQUITO POINT,IMO9010400,WDI5986,30,,48,9,,,B
367714040,2022-01-02T17:48:59,37.82944,-76.28358,0.0,29.5,511.0,MOSQUITO POINT,IMO9010400,WDI5986,30,,48,9,,,B
367714040,2022-01-02T17:51:59,37.82943,-76.28357,0.0,106.3,511.0,MOSQUITO POINT,IMO9010400,WDI5986,30,,48,9,,,B
367714040,2022-01-02T17:13:01,37.82944,-76.28359,0.0,144.2,511.0,MOSQUITO POINT,IMO9010400,WDI5986,30,,48,9,,,B
367714040,2022-01-02T17:19:00,37.82943,-76.28357,0.0,141.3,511.0,MOSQUITO POINT,IMO9010400,WDI5986,30,,48,9,,,B
367714040,2022-01-02T17:21:59,37.82943,-76.28356,0.0,141.3,511.0,MOSQUITO POINT,IMO9010400,WDI5986,30,,48,9,,,B
367714040,2022-01-02T17:39:59,37.82943,-76.28357,0.0,29.5,511.0,MOSQUITO POINT,IMO9010400,WDI5986,30,,48,9,,,B
367714040,2022-01-02T18:01:00,37.82944,-76.28356,0.0,47.6,511.0,MOSQUITO POINT,IMO9010400,WDI5986,30,,48,9,,,B
367714040,2022-01-02T17:43:01,37.82944,-76.28357,0.0,29.5,511.0,MOSQUITO POINT,IMO9010400,WDI5986,30,,48,9,,,B
367714040,2022-01-02T18:04:03,37.82944,-76.28358,0.0,47.6,511.0,MOSQUITO POINT,IMO9010400,WDI5986,30,,48,9,,,B
367714040,2022-01-02T17:45:59,37.82945,-76.28356,0.0,29.5,511.0,MOSQUITO POINT,IMO9010400,WDI5986,30,,48,9,,,B
367714040,2022-01-02T18:10:01,37.82942,-76.28358,0.0,47.6,511.0,MOSQUITO POINT,IMO9010400,WDI5986,30,,48,9,,,B
367714040,2022-01-02T17:57:59,37.82944,-76.28356,0.0,106.3,511.0,MOSQUITO POINT,IMO9010400,WDI5986,30,,48,9,,,B
367714040,2022-01-02T18:21:59,37.82944,-76.28356,0.0,47.6,511.0,MOSQUITO POINT,IMO9010400,WDI5986,30,,48,9,,,B
367714040,2022-01-02T18:25:00,37.82944,-76.28355,0.0,47.6,511.0,MOSQUITO POINT,IMO9010400,WDI5986,30,,48,9,,,B
367714040,2022-01-02T08:00:59,37.82944,-76.28358,0.0,322.6,511.0,MOSQUITO POINT,IMO9010400,WDI5986,30,,48,9,,,B
367714040,2022-01-02T17:54:58,37.82943,-76.28354,0.0,106.3,511.0,MOSQUITO POINT,IMO9010400,WDI5986,30,,48,9,,,B
367714040,2022-01-02T18:06:59,37.82944,-76.28358,0.0,47.6,511.0,MOSQUITO POINT,IMO9010400,WDI5986,30,,48,9,,,B
367714040,2022-01-02T18:36:59,37.82945,-76.28357,0.0,47.6,511.0,MOSQUITO POINT,IMO9010400,WDI5986,30,,48,9,,,B
367714040,2022-01-02T18:18:59,37.82943,-76.28358,0.0,47.6,511.0,MOSQUITO POINT,IMO9010400,WDI5986,30,,48,9,,,B
367714040,2022-01-02T18:43:01,37.82944,-76.28357,0.0,47.6,511.0,MOSQUITO POINT,IMO9010400,WDI5986,30,,48,9,,,B
367714040,2022-01-02T19:07:01,37.82943,-76.28355,0.0,32.3,511.0,MOSQUITO POINT,IMO9010400,WDI5986,30,,48,9,,,B
367714040,2022-01-02T18:48:59,37.82944,-76.28357,0.0,47.6,511.0,MOSQUITO POINT,IMO9010400,WDI5986,30,,48,9,,,B
367714040,2022-01-02T18:16:00,37.82943,-76.28359,0.0,47.6,511.0,MOSQUITO POINT,IMO9010400,WDI5986,30,,48,9,,,B
367714040,2022-01-02T18:54:59,37.82943,-76.28358,0.0,32.3,511.0,MOSQUITO POINT,IMO9010400,WDI5986,30,,48,9,,,B
367714040,2022-01-02T18:45:59,37.82943,-76.28357,0.0,47.6,511.0,MOSQUITO POINT,IMO9010400,WDI5986,30,,48,9,,,B
367714040,2022-01-02T18:34:01,37.82945,-76.28358,0.0,47.6,511.0,MOSQUITO POINT,IMO9010400,WDI5986,30,,48,9,,,B
367714040,2022-01-02T19:09:59,37.82943,-76.28355,0.0,32.3,511.0,MOSQUITO POINT,IMO9010400,WDI5986,30,,48,9,,,B
367714040,2022-01-02T18:58:00,37.82943,-76.28358,0.0,32.3,511.0,MOSQUITO POINT,IMO9010400,WDI5986,30,,48,9,,,B
367714040,2022-01-02T08:16:00,37.82943,-76.28358,0.0,344.3,511.0,MOSQUITO POINT,IMO9010400,WDI5986,30,,48,9,,,B
367714040,2022-01-02T18:52:01,37.82941,-76.28355,0.0,47.6,511.0,MOSQUITO POINT,IMO9010400,WDI5986,30,,48,9,,,B
367714040,2022-01-02T19:21:59,37.82944,-76.28358,0.0,65.5,511.0,MOSQUITO POINT,IMO9010400,WDI5986,30,,48,9,,,B
367714040,2022-01-02T19:13:01,37.82943,-76.28355,0.0,82.2,511.0,MOSQUITO POINT,IMO9010400,WDI5986,30,,48,9,,,B
367714040,2022-01-02T19:27:59,37.82944,-76.28357,0.0,65.5,511.0,MOSQUITO POINT,IMO9010400,WDI5986,30,,48,9,,,B
367714040,2022-01-02T19:16:03,37.82942,-76.28353,0.0,65.5,511.0,MOSQUITO POINT,IMO9010400,WDI5986,30,,48,9,,,B
367714040,2022-01-02T19:42:59,37.82944,-76.28354,0.0,65.5,511.0,MOSQUITO POINT,IMO9010400,WDI5986,30,,48,9,,,B
367714040,2022-01-02T19:40:00,37.82943,-76.28358,0.0,65.5,511.0,MOSQUITO POINT,IMO9010400,WDI5986,30,,48,9,,,B
367714040,2022-01-02T20:04:00,37.82944,-76.28357,0.0,163.0,511.0,MOSQUITO POINT,IMO9010400,WDI5986,30,,48,9,,,B
367714040,2022-01-02T19:24:59,37.82943,-76.28356,0.1,65.5,511.0,MOSQUITO POINT,IMO9010400,WDI5986,30,,48,9,,,B
367714040,2022-01-02T20:15:58,37.82944,-76.28358,0.0,163.0,511.0,MOSQUITO POINT,IMO9010400,WDI5986,30,,48,9,,,B
367714040,2022-01-02T19:54:58,37.82943,-76.28357,0.0,163.0,511.0,MOSQUITO POINT,IMO9010400,WDI5986,30,,48,9,,,B
367714040,2022-01-02T19:46:00,37.82945,-76.28356,0.0,65.5,511.0,MOSQUITO POINT,IMO9010400,WDI5986,30,,48,9,,,B
367714040,2022-01-02T19:52:01,37.82944,-76.28356,0.0,119.7,511.0,MOSQUITO POINT,IMO9010400,WDI5986,30,,48,9,,,B
367714040,2022-01-02T20:00:59,37.82944,-76.28357,0.0,163.0,511.0,MOSQUITO POINT,IMO9010400,WDI5986,30,,48,9,,,B
367714040,2022-01-02T20:22:01,37.82944,-76.28359,0.0,163.0,511.0,MOSQUITO POINT,IMO9010400,WDI5986,30,,48,9,,,B
367714040,2022-01-02T20:36:59,37.82944,-76.28359,0.0,247.8,511.0,MOSQUITO POINT,IMO9010400,WDI5986,30,,48,9,,,B
367714040,2022-01-02T20:12:59,37.82944,-76.28356,0.0,163.0,511.0,MOSQUITO POINT,IMO9010400,WDI5986,30,,48,9,,,B
367714040,2022-01-02T20:57:58,37.82944,-76.28356,0.0,207.7,511.0,MOSQUITO POINT,IMO9010400,WDI5986,30,,48,9,,,B
367714040,2022-01-02T20:06:59,37.82943,-76.28359,0.0,163.0,511.0,MOSQUITO POINT,IMO9010400,WDI5986,30,,48,9,,,B
367714040,2022-01-02T20:09:59,37.82943,-76.28357,0.0,163.0,511.0,MOSQUITO POINT,IMO9010400,WDI5986,30,,48,9,,,B
367714040,2022-01-02T20:45:59,37.82943,-76.28356,0.0,295.7,511.0,MOSQUITO POINT,IMO9010400,WDI5986,30,,48,9,,,B
367714040,2022-01-02T20:48:59,37.82946,-76.28355,0.0,295.7,511.0,MOSQUITO POINT,IMO9010400,WDI5986,30,,48,9,,,B
367714040,2022-01-02T20:51:59,37.82943,-76.28356,0.0,295.7,511.0,MOSQUITO POINT,IMO9010400,WDI5986,30,,48,9,,,B
367714040,2022-01-02T20:24:59,37.82945,-76.28356,0.0,163.0,511.0,MOSQUITO POINT,IMO9010400,WDI5986,30,,48,9,,,B
367714040,2022-01-02T20:33:58,37.82944,-76.28356,0.0,163.0,511.0,MOSQUITO POINT,IMO9010400,WDI5986,30,,48,9,,,B
367714040,2022-01-02T21:37:01,37.82945,-76.28357,0.0,294.0,511.0,MOSQUITO POINT,IMO9010400,WDI5986,30,,48,9,,,B
367714040,2022-01-02T21:15:59,37.82944,-76.28354,0.0,273.7,511.0,MOSQUITO POINT,IMO9010400,WDI5986,30,,48,9,,,B
367714040,2022-01-02T21:22:00,37.82944,-76.28356,0.0,273.7,511.0,MOSQUITO POINT,IMO9010400,WDI5986,30,,48,9,,,B
367714040,2022-01-02T21:03:59,37.82943,-76.28355,0.0,234.9,511.0,MOSQUITO POINT,IMO9010400,WDI5986,30,,48,9,,,B
367714040,2022-01-02T09:06:59,37.82944,-76.28357,0.0,344.3,511.0,MOSQUITO POINT,IMO9010400,WDI5986,30,,48,9,,,B
367714040,2022-01-02T09:10:03,37.82943,-76.28357,0.0,344.3,511.0,MOSQUITO POINT,IMO9010400,WDI5986,30,,48,9,,,B
367714040,2022-01-02T09:13:02,37.82943,-76.28358,0.0,344.3,511.0,MOSQUITO POINT,IMO9010400,WDI5986,30,,48,9,,,B
367714040,2022-01-02T21:12:59,37.82945,-76.28358,0.0,234.9,511.0,MOSQUITO POINT,IMO9010400,WDI5986,30,,48,9,,,B
367714040,2022-01-02T21:31:05,37.82945,-76.28357,0.0,186.3,511.0,MOSQUITO POINT,IMO9010400,WDI5986,30,,48,9,,,B
367714040,2022-01-02T21:19:01,37.82946,-76.28357,0.0,273.7,511.0,MOSQUITO POINT,IMO9010400,WDI5986,30,,48,9,,,B
367714040,2022-01-02T21:06:59,37.82944,-76.28357,0.0,234.9,511.0,MOSQUITO POINT,IMO9010400,WDI5986,30,,48,9,,,B
367714040,2022-01-02T21:24:58,37.82944,-76.28357,0.0,273.7,511.0,MOSQUITO POINT,IMO9010400,WDI5986,30,,48,9,,,B
367714040,2022-01-02T21:52:05,37.82944,-76.28356,0.0,12.6,511.0,MOSQUITO POINT,IMO9010400,WDI5986,30,,48,9,,,B
367714040,2022-01-02T22:13:00,37.82943,-76.28355,0.0,278.1,511.0,MOSQUITO POINT,IMO9010400,WDI5986,30,,48,9,,,B
367714040,2022-01-02T21:39:59,37.82945,-76.28358,0.0,293.1,511.0,MOSQUITO POINT,IMO9010400,WDI5986,30,,48,9,,,B
367714040,2022-01-02T21:45:59,37.82944,-76.28357,0.0,333.8,511.0,MOSQUITO POINT,IMO9010400,WDI5986,30,,48,9,,,B
367714040,2022-01-02T21:43:02,37.82945,-76.28356,0.0,333.8,511.0,MOSQUITO POINT,IMO9010400,WDI5986,30,,48,9,,,B
367714040,2022-01-02T21:33:59,37.82943,-76.28359,0.0,186.3,511.0,MOSQUITO POINT,IMO9010400,WDI5986,30,,48,9,,,B
367714040,2022-01-02T22:37:02,37.82943,-76.28357,0.0,278.1,511.0,MOSQUITO POINT,IMO9010400,WDI5986,30,,48,9,,,B
367714040,2022-01-02T22:06:59,37.82945,-76.28357,0.0,278.1,511.0,MOSQUITO POINT,IMO9010400,WDI5986,30,,48,9,,,B
367714040,2022-01-02T22:49:04,37.82943,-76.28357,0.0,314.4,511.0,MOSQUITO POINT,IMO9010400,WDI5986,30,,48,9,,,B
367714040,2022-01-02T22:16:01,37.82944,-76.28355,0.0,278.1,511.0,MOSQUITO POINT,IMO9010400,WDI5986,30,,48,9,,,B
367714040,2022-01-02T21:57:59,37.82943,-76.28357,0.0,12.6,511.0,MOSQUITO POINT,IMO9010400,WDI5986,30,,48,9,,,B
367714040,2022-01-02T22:25:00,37.82945,-76.28357,0.0,278.1,511.0,MOSQUITO POINT,IMO9010400,WDI5986,30,,48,9,,,B
367714040,2022-01-02T22:00:59,37.82943,-76.28356,0.0,12.6,511.0,MOSQUITO POINT,IMO9010400,WDI5986,30,,48,9,,,B
367714040,2022-01-02T22:22:01,37.82944,-76.28356,0.0,278.1,511.0,MOSQUITO POINT,IMO9010400,WDI5986,30,,48,9,,,B
367714040,2022-01-02T22:55:04,37.82945,-76.28355,0.0,315.0,511.0,MOSQUITO POINT,IMO9010400,WDI5986,30,,48,9,,,B
367714040,2022-01-02T22:09:59,37.82943,-76.28359,0.0,278.1,511.0,MOSQUITO POINT,IMO9010400,WDI5986,30,,48,9,,,B
367714040,2022-01-02T22:40:00,37.82944,-76.28357,0.0,278.1,511.0,MOSQUITO POINT,IMO9010400,WDI5986,30,,48,9,,,B
367714040,2022-01-02T22:33:59,37.82944,-76.28356,0.0,278.1,511.0,MOSQUITO POINT,IMO9010400,WDI5986,30,,48,9,,,B
367714040,2022-01-02T23:06:58,37.82944,-76.28357,0.0,270.8,511.0,MOSQUITO POINT,IMO9010400,WDI5986,30,,48,9,,,B
367714040,2022-01-02T22:45:59,37.82944,-76.28357,0.0,278.1,511.0,MOSQUITO POINT,IMO9010400,WDI5986,30,,48,9,,,B
367714040,2022-01-02T23:22:00,37.82943,-76.28357,0.0,184.5,511.0,MOSQUITO POINT,IMO9010400,WDI5986,30,,48,9,,,B
367714040,2022-01-02T23:15:59,37.82944,-76.28356,0.0,184.5,511.0,MOSQUITO POINT,IMO9010400,WDI5986,30,,48,9,,,B
367714040,2022-01-02T23:18:58,37.82944,-76.28355,0.0,184.5,511.0,MOSQUITO POINT,IMO9010400,WDI5986,30,,48,9,,,B
367714040,2022-01-02T23:01:00,37.82944,-76.28357,0.0,315.0,511.0,MOSQUITO POINT,IMO9010400,WDI5986,30,,48,9,,,B
367714040,2022-01-02T23:03:59,37.82943,-76.28356,0.0,270.8,511.0,MOSQUITO POINT,IMO9010400,WDI5986,30,,48,9,,,B
367714040,2022-01-02T22:43:02,37.82944,-76.28357,0.0,278.1,511.0,MOSQUITO POINT,IMO9010400,WDI5986,30,,48,9,,,B
367714040,2022-01-02T23:12:59,37.82944,-76.28358,0.0,270.8,511.0,MOSQUITO POINT,IMO9010400,WDI5986,30,,48,9,,,B
367714040,2022-01-02T10:04:00,37.82945,-76.28357,0.0,325.8,511.0,MOSQUITO POINT,IMO9010400,WDI5986,30,,48,9,,,B
367714040,2022-01-02T23:51:58,37.82943,-76.28356,0.0,296.4,511.0,MOSQUITO POINT,IMO9010400,WDI5986,30,,48,9,,,B
367714040,2022-01-02T23:09:58,37.82944,-76.28358,0.0,270.8,511.0,MOSQUITO POINT,IMO9010400,WDI5986,30,,48,9,,,B
367714040,2022-01-02T10:09:59,37.82945,-76.28356,0.0,325.8,511.0,MOSQUITO POINT,IMO9010400,WDI5986,30,,48,9,,,B
367714040,2022-01-02T23:43:01,37.82943,-76.28358,0.0,275.5,511.0,MOSQUITO POINT,IMO9010400,WDI5986,30,,48,9,,,B
367714040,2022-01-02T23:27:58,37.82944,-76.28355,0.0,275.5,511.0,MOSQUITO POINT,IMO9010400,WDI5986,30,,48,9,,,B
367714040,2022-01-02T23:55:01,37.82943,-76.28357,0.0,296.4,511.0,MOSQUITO POINT,IMO9010400,WDI5986,30,,48,9,,,B
367714040,2022-01-02T23:46:01,37.82943,-76.28356,0.0,275.5,511.0,MOSQUITO POINT,IMO9010400,WDI5986,30,,48,9,,,B
367714040,2022-01-02T23:49:02,37.82943,-76.28356,0.0,275.5,511.0,MOSQUITO POINT,IMO9010400,WDI5986,30,,48,9,,,B
367714040,2022-01-02T10:25:02,37.82943,-76.28357,0.0,327.0,511.0,MOSQUITO POINT,IMO9010400,WDI5986,30,,48,9,,,B
367714040,2022-01-02T10:28:02,37.82945,-76.28357,0.0,345.8,511.0,MOSQUITO POINT,IMO9010400,WDI5986,30,,48,9,,,B
367714040,2022-01-02T10:46:02,37.82945,-76.28357,0.0,85.3,511.0,MOSQUITO POINT,IMO9010400,WDI5986,30,,48,9,,,B
367714040,2022-01-02T11:34:00,37.82942,-76.28357,0.0,353.5,511.0,MOSQUITO POINT,IMO9010400,WDI5986,30,,48,9,,,B
367714040,2022-01-02T12:22:00,37.82945,-76.28357,0.0,286.3,511.0,MOSQUITO POINT,IMO9010400,WDI5986,30,,48,9,,,B
367714040,2022-01-02T12:34:00,37.82945,-76.28356,0.0,286.3,511.0,MOSQUITO POINT,IMO9010400,WDI5986,30,,48,9,,,B
367714040,2022-01-02T13:57:59,37.82943,-76.28355,0.0,356.9,511.0,MOSQUITO POINT,IMO9010400,WDI5986,30,,48,9,,,B
367714040,2022-01-02T14:01:00,37.82943,-76.28354,0.0,356.9,511.0,MOSQUITO POINT,IMO9010400,WDI5986,30,,48,9,,,B
367714040,2022-01-02T14:45:59,37.82944,-76.28357,0.0,321.4,511.0,MOSQUITO POINT,IMO9010400,WDI5986,30,,48,9,,,B
367714040,2022-01-02T15:24:59,37.82943,-76.28357,0.0,272.4,511.0,MOSQUITO POINT,IMO9010400,WDI5986,30,,48,9,,,B
367714040,2022-01-02T15:43:03,37.82945,-76.28357,0.0,195.8,511.0,MOSQUITO POINT,IMO9010400,WDI5986,30,,48,9,,,B
367714040,2022-01-02T15:46:00,37.82945,-76.28356,0.0,195.8,511.0,MOSQUITO POINT,IMO9010400,WDI5986,30,,48,9,,,B
367714040,2022-01-02T16:03:59,37.82942,-76.28356,0.0,94.8,511.0,MOSQUITO POINT,IMO9010400,WDI5986,30,,48,9,,,B
367714040,2022-01-02T16:16:01,37.82945,-76.28357,0.0,94.8,511.0,MOSQUITO POINT,IMO9010400,WDI5986,30,,48,9,,,B
367714040,2022-01-02T16:49:01,37.82944,-76.28357,0.0,94.8,511.0,MOSQUITO POINT,IMO9010400,WDI5986,30,,48,9,,,B
367714040,2022-01-02T17:07:01,37.82945,-76.28357,0.0,144.2,511.0,MOSQUITO POINT,IMO9010400,WDI5986,30,,48,9,,,B
367714040,2022-01-02T17:31:01,37.82943,-76.28358,0.0,29.5,511.0,MOSQUITO POINT,IMO9010400,WDI5986,30,,48,9,,,B
367714040,2022-01-02T18:28:00,37.82942,-76.28356,0.0,47.6,511.0,MOSQUITO POINT,IMO9010400,WDI5986,30,,48,9,,,B
367714040,2022-01-02T19:18:59,37.82941,-76.28356,0.0,65.5,511.0,MOSQUITO POINT,IMO9010400,WDI5986,30,,48,9,,,B
367714040,2022-01-02T19:31:01,37.82944,-76.28355,0.0,65.5,511.0,MOSQUITO POINT,IMO9010400,WDI5986,30,,48,9,,,B
367714040,2022-01-02T19:37:00,37.82945,-76.28358,0.0,65.5,511.0,MOSQUITO POINT,IMO9010400,WDI5986,30,,48,9,,,B
367714040,2022-01-02T20:18:58,37.82944,-76.28357,0.0,163.0,511.0,MOSQUITO POINT,IMO9010400,WDI5986,30,,48,9,,,B
367714040,2022-01-02T20:27:58,37.82943,-76.28357,0.0,163.0,511.0,MOSQUITO POINT,IMO9010400,WDI5986,30,,48,9,,,B
367714040,2022-01-02T21:10:01,37.82944,-76.28356,0.1,234.9,511.0,MOSQUITO POINT,IMO9010400,WDI5986,30,,48,9,,,B
367714040,2022-01-02T21:49:00,37.82944,-76.28356,0.0,12.6,511.0,MOSQUITO POINT,IMO9010400,WDI5986,30,,48,9,,,B
367714040,2022-01-02T22:19:03,37.82945,-76.28359,0.0,278.1,511.0,MOSQUITO POINT,IMO9010400,WDI5986,30,,48,9,,,B
367714040,2022-01-02T22:31:00,37.82945,-76.28357,0.0,278.1,511.0,MOSQUITO POINT,IMO9010400,WDI5986,30,,48,9,,,B
367714040,2022-01-02T22:51:59,37.82944,-76.28357,0.0,315.0,511.0,MOSQUITO POINT,IMO9010400,WDI5986,30,,48,9,,,B
367714040,2022-01-02T23:33:58,37.82943,-76.28358,0.0,275.5,511.0,MOSQUITO POINT,IMO9010400,WDI5986,30,,48,9,,,B
367714040,2022-01-02T23:39:58,37.82944,-76.28357,0.0,275.5,511.0,MOSQUITO POINT,IMO9010400,WDI5986,30,,48,9,,,B
367714040,2022-01-02T23:58:00,37.82944,-76.28357,0.0,296.4,511.0,MOSQUITO POINT,IMO9010400,WDI5986,30,,48,9,,,B
367714040,2022-01-03T00:00:58,37.82944,-76.28357,0.0,296.4,511.0,MOSQUITO POINT,IMO9010400,WDI5986,30,,48,9,,,B
367714040,2022-01-03T00:04:01,37.82943,-76.28357,0.0,337.0,511.0,MOSQUITO POINT,IMO9010400,WDI5986,30,,48,9,,,B
367714040,2022-01-03T00:06:58,37.82945,-76.28356,0.0,337.0,511.0,MOSQUITO POINT,IMO9010400,WDI5986,30,,48,9,,,B
367714040,2022-01-03T00:10:03,37.82942,-76.28357,0.0,337.0,511.0,MOSQUITO POINT,IMO9010400,WDI5986,30,,48,9,,,B
367714040,2022-01-03T00:13:00,37.82943,-76.28355,0.0,337.0,511.0,MOSQUITO POINT,IMO9010400,WDI5986,30,,48,9,,,B
367714040,2022-01-03T00:15:58,37.82943,-76.28354,0.0,268.5,511.0,MOSQUITO POINT,IMO9010400,WDI5986,30,,48,9,,,B
367714040,2022-01-03T00:22:00,37.82945,-76.28356,0.0,268.5,511.0,MOSQUITO POINT,IMO9010400,WDI5986,30,,48,9,,,B
367714040,2022-01-03T00:24:58,37.82943,-76.28357,0.0,268.5,511.0,MOSQUITO POINT,IMO9010400,WDI5986,30,,48,9,,,B
367714040,2022-01-03T00:30:59,37.82943,-76.28354,0.0,268.5,511.0,MOSQUITO POINT,IMO9010400,WDI5986,30,,48,9,,,B
367714040,2022-01-03T00:28:02,37.82942,-76.28356,0.0,268.5,511.0,MOSQUITO POINT,IMO9010400,WDI5986,30,,48,9,,,B
367714040,2022-01-03T00:34:00,37.82944,-76.28356,0.0,268.5,511.0,MOSQUITO POINT,IMO9010400,WDI5986,30,,48,9,,,B
367714040,2022-01-03T00:48:59,37.82946,-76.28356,0.0,302.8,511.0,MOSQUITO POINT,IMO9010400,WDI5986,30,,48,9,,,B
367714040,2022-01-03T00:54:59,37.82945,-76.28356,0.0,302.8,511.0,MOSQUITO POINT,IMO9010400,WDI5986,30,,48,9,,,B
367714040,2022-01-03T00:51:58,37.82944,-76.28355,0.0,302.8,511.0,MOSQUITO POINT,IMO9010400,WDI5986,30,,48,9,,,B
367714040,2022-01-03T00:58:01,37.82945,-76.28355,0.0,302.8,511.0,MOSQUITO POINT,IMO9010400,WDI5986,30,,48,9,,,B
367714040,2022-01-03T01:03:58,37.82945,-76.28356,0.0,302.8,511.0,MOSQUITO POINT,IMO9010400,WDI5986,30,,48,9,,,B
367714040,2022-01-03T01:01:01,37.82944,-76.28355,0.0,302.8,511.0,MOSQUITO POINT,IMO9010400,WDI5986,30,,48,9,,,B
367714040,2022-01-03T01:07:00,37.82943,-76.28356,0.0,234.5,511.0,MOSQUITO POINT,IMO9010400,WDI5986,30,,48,9,,,B
367714040,2022-01-03T01:10:00,37.82942,-76.28354,0.0,234.5,511.0,MOSQUITO POINT,IMO9010400,WDI5986,30,,48,9,,,B
367714040,2022-01-03T01:12:59,37.82945,-76.28357,0.0,234.5,511.0,MOSQUITO POINT,IMO9010400,WDI5986,30,,48,9,,,B
367714040,2022-01-03T01:19:02,37.82943,-76.28356,0.0,180.2,511.0,MOSQUITO POINT,IMO9010400,WDI5986,30,,48,9,,,B
367714040,2022-01-03T01:15:59,37.82944,-76.28356,0.0,180.2,511.0,MOSQUITO POINT,IMO9010400,WDI5986,30,,48,9,,,B
367714040,2022-01-03T01:25:00,37.82943,-76.28357,0.0,180.2,511.0,MOSQUITO POINT,IMO9010400,WDI5986,30,,48,9,,,B
367714040,2022-01-03T01:21:59,37.82944,-76.28357,0.0,180.2,511.0,MOSQUITO POINT,IMO9010400,WDI5986,30,,48,9,,,B
367714040,2022-01-03T01:27:59,37.82944,-76.28358,0.0,180.2,511.0,MOSQUITO POINT,IMO9010400,WDI5986,30,,48,9,,,B
367714040,2022-01-03T00:39:59,37.82944,-76.28355,0.0,302.8,511.0,MOSQUITO POINT,IMO9010400,WDI5986,30,,48,9,,,B
367714040,2022-01-03T01:31:00,37.82943,-76.28356,0.0,180.2,511.0,MOSQUITO POINT,IMO9010400,WDI5986,30,,48,9,,,B
367714040,2022-01-03T01:45:58,37.82943,-76.28357,0.0,148.6,511.0,MOSQUITO POINT,IMO9010400,WDI5986,30,,48,9,,,B
367714040,2022-01-03T00:46:01,37.82943,-76.28355,0.0,302.8,511.0,MOSQUITO POINT,IMO9010400,WDI5986,30,,48,9,,,B
367714040,2022-01-03T01:42:58,37.82944,-76.28353,0.0,148.6,511.0,MOSQUITO POINT,IMO9010400,WDI5986,30,,48,9,,,B
367714040,2022-01-03T01:51:58,37.82944,-76.28357,0.0,147.3,511.0,MOSQUITO POINT,IMO9010400,WDI5986,30,,48,9,,,B
367714040,2022-01-03T01:58:05,37.82943,-76.28357,0.0,147.3,511.0,MOSQUITO POINT,IMO9010400,WDI5986,30,,48,9,,,B
367714040,2022-01-03T02:06:58,37.82944,-76.28357,0.0,238.9,511.0,MOSQUITO POINT,IMO9010400,WDI5986,30,,48,9,,,B
367714040,2022-01-03T02:04:00,37.82944,-76.28356,0.0,284.9,511.0,MOSQUITO POINT,IMO9010400,WDI5986,30,,48,9,,,B
367714040,2022-01-03T02:21:59,37.82944,-76.28358,0.0,203.7,511.0,MOSQUITO POINT,IMO9010400,WDI5986,30,,48,9,,,B
367714040,2022-01-03T02:10:00,37.82944,-76.28357,0.0,238.9,511.0,MOSQUITO POINT,IMO9010400,WDI5986,30,,48,9,,,B
367714040,2022-01-03T02:13:02,37.82945,-76.28356,0.0,203.7,511.0,MOSQUITO POINT,IMO9010400,WDI5986,30,,48,9,,,B
367714040,2022-01-03T02:16:01,37.82942,-76.28357,0.0,203.7,511.0,MOSQUITO POINT,IMO9010400,WDI5986,30,,48,9,,,B
367714040,2022-01-03T02:18:58,37.82944,-76.28355,0.0,203.7,511.0,MOSQUITO POINT,IMO9010400,WDI5986,30,,48,9,,,B
367714040,2022-01-03T02:36:58,37.82943,-76.28356,0.0,203.7,511.0,MOSQUITO POINT,IMO9010400,WDI5986,30,,48,9,,,B
367714040,2022-01-03T02:25:00,37.82943,-76.28354,0.0,203.7,511.0,MOSQUITO POINT,IMO9010400,WDI5986,30,,48,9,,,B
367714040,2022-01-03T02:28:01,37.82944,-76.28358,0.0,203.7,511.0,MOSQUITO POINT,IMO9010400,WDI5986,30,,48,9,,,B
367714040,2022-01-03T02:34:00,37.82945,-76.28358,0.0,203.7,511.0,MOSQUITO POINT,IMO9010400,WDI5986,30,,48,9,,,B
367714040,2022-01-03T02:31:05,37.82943,-76.28355,0.0,203.7,511.0,MOSQUITO POINT,IMO9010400,WDI5986,30,,48,9,,,B
367714040,2022-01-03T02:42:59,37.82943,-76.28354,0.0,162.9,511.0,MOSQUITO POINT,IMO9010400,WDI5986,30,,48,9,,,B
367714040,2022-01-03T02:39:58,37.82943,-76.28356,0.0,203.7,511.0,MOSQUITO POINT,IMO9010400,WDI5986,30,,48,9,,,B
367714040,2022-01-03T03:01:00,37.82942,-76.28355,0.0,306.7,511.0,MOSQUITO POINT,IMO9010400,WDI5986,30,,48,9,,,B
367714040,2022-01-03T02:54:59,37.82943,-76.28358,0.0,306.7,511.0,MOSQUITO POINT,IMO9010400,WDI5986,30,,48,9,,,B
367714040,2022-01-03T02:58:00,37.82943,-76.28355,0.0,306.7,511.0,MOSQUITO POINT,IMO9010400,WDI5986,30,,48,9,,,B
367714040,2022-01-03T01:37:03,37.82944,-76.28357,0.0,148.6,511.0,MOSQUITO POINT,IMO9010400,WDI5986,30,,48,9,,,B
367714040,2022-01-03T03:03:58,37.82943,-76.28356,0.0,316.8,511.0,MOSQUITO POINT,IMO9010400,WDI5986,30,,48,9,,,B
367714040,2022-01-03T02:52:01,37.82943,-76.28358,0.0,306.7,511.0,MOSQUITO POINT,IMO9010400,WDI5986,30,,48,9,,,B
367714040,2022-01-03T01:40:02,37.82945,-76.28355,0.0,148.6,511.0,MOSQUITO POINT,IMO9010400,WDI5986,30,,48,9,,,B
367714040,2022-01-03T03:25:00,37.82944,-76.28356,0.0,316.8,511.0,MOSQUITO POINT,IMO9010400,WDI5986,30,,48,9,,,B
367714040,2022-01-03T03:12:59,37.82942,-76.28356,0.0,316.8,511.0,MOSQUITO POINT,IMO9010400,WDI5986,30,,48,9,,,B
367714040,2022-01-03T03:09:59,37.82944,-76.28357,0.0,316.8,511.0,MOSQUITO POINT,IMO9010400,WDI5986,30,,48,9,,,B
367714040,2022-01-03T03:18:59,37.82943,-76.28357,0.0,316.8,511.0,MOSQUITO POINT,IMO9010400,WDI5986,30,,48,9,,,B
367714040,2022-01-03T03:21:58,37.82944,-76.28357,0.0,316.8,511.0,MOSQUITO POINT,IMO9010400,WDI5986,30,,48,9,,,B
367714040,2022-01-03T03:30:58,37.82945,-76.28355,0.0,316.8,511.0,MOSQUITO POINT,IMO9010400,WDI5986,30,,48,9,,,B
367714040,2022-01-03T01:54:59,37.82944,-76.28357,0.0,147.3,511.0,MOSQUITO POINT,IMO9010400,WDI5986,30,,48,9,,,B
367714040,2022-01-03T03:28:00,37.82942,-76.28357,0.0,316.8,511.0,MOSQUITO POINT,IMO9010400,WDI5986,30,,48,9,,,B
367714040,2022-01-03T03:36:59,37.82944,-76.28355,0.0,215.9,511.0,MOSQUITO POINT,IMO9010400,WDI5986,30,,48,9,,,B
367714040,2022-01-03T03:58:01,37.82944,-76.28357,0.0,244.4,511.0,MOSQUITO POINT,IMO9010400,WDI5986,30,,48,9,,,B
367714040,2022-01-03T03:34:00,37.82943,-76.28356,0.0,316.8,511.0,MOSQUITO POINT,IMO9010400,WDI5986,30,,48,9,,,B
367714040,2022-01-03T03:39:58,37.82942,-76.28356,0.0,215.9,511.0,MOSQUITO POINT,IMO9010400,WDI5986,30,,48,9,,,B
367714040,2022-01-03T03:46:02,37.82945,-76.28357,0.0,215.9,511.0,MOSQUITO POINT,IMO9010400,WDI5986,30,,48,9,,,B
367714040,2022-01-03T03:52:00,37.82943,-76.28357,0.0,201.4,511.0,MOSQUITO POINT,IMO9010400,WDI5986,30,,48,9,,,B
367714040,2022-01-03T03:54:59,37.82942,-76.28356,0.0,244.4,511.0,MOSQUITO POINT,IMO9010400,WDI5986,30,,48,9,,,B
367714040,2022-01-03T03:43:01,37.82943,-76.28358,0.0,215.9,511.0,MOSQUITO POINT,IMO9010400,WDI5986,30,,48,9,,,B
367714040,2022-01-03T04:01:01,37.82944,-76.28355,0.0,244.4,511.0,MOSQUITO POINT,IMO9010400,WDI5986,30,,48,9,,,B
367714040,2022-01-03T04:03:58,37.82943,-76.28355,0.0,244.4,511.0,MOSQUITO POINT,IMO9010400,WDI5986,30,,48,9,,,B
367714040,2022-01-03T04:30:59,37.82943,-76.28357,0.0,308.1,511.0,MOSQUITO POINT,IMO9010400,WDI5986,30,,48,9,,,B
367714040,2022-01-03T04:18:58,37.82945,-76.28357,0.0,244.4,511.0,MOSQUITO POINT,IMO9010400,WDI5986,30,,48,9,,,B
367714040,2022-01-03T04:33:59,37.82945,-76.28355,0.0,308.1,511.0,MOSQUITO POINT,IMO9010400,WDI5986,30,,48,9,,,B
367714040,2022-01-03T04:36:59,37.82944,-76.28356,0.0,308.1,511.0,MOSQUITO POINT,IMO9010400,WDI5986,30,,48,9,,,B
367714040,2022-01-03T04:10:01,37.82944,-76.28358,0.0,244.4,511.0,MOSQUITO POINT,IMO9010400,WDI5986,30,,48,9,,,B
367714040,2022-01-03T04:24:58,37.82944,-76.28358,0.0,244.4,511.0,MOSQUITO POINT,IMO9010400,WDI5986,30,,48,9,,,B
367714040,2022-01-03T04:13:00,37.82944,-76.28357,0.0,244.4,511.0,MOSQUITO POINT,IMO9010400,WDI5986,30,,48,9,,,B
367714040,2022-01-03T04:15:59,37.82943,-76.28356,0.0,244.4,511.0,MOSQUITO POINT,IMO9010400,WDI5986,30,,48,9,,,B
367714040,2022-01-03T04:46:00,37.82946,-76.28355,0.0,308.1,511.0,MOSQUITO POINT,IMO9010400,WDI5986,30,,48,9,,,B
367714040,2022-01-03T05:01:00,37.82945,-76.28356,0.0,308.1,511.0,MOSQUITO POINT,IMO9010400,WDI5986,30,,48,9,,,B
367714040,2022-01-03T04:43:00,37.82944,-76.28357,0.0,308.1,511.0,MOSQUITO POINT,IMO9010400,WDI5986,30,,48,9,,,B
367714040,2022-01-03T04:54:59,37.82943,-76.28356,0.0,308.1,511.0,MOSQUITO POINT,IMO9010400,WDI5986,30,,48,9,,,B
367714040,2022-01-03T04:48:59,37.82944,-76.28357,0.0,308.1,511.0,MOSQUITO POINT,IMO9010400,WDI5986,30,,48,9,,,B
367714040,2022-01-03T04:58:05,37.82943,-76.28356,0.0,308.1,511.0,MOSQUITO POINT,IMO9010400,WDI5986,30,,48,9,,,B
367714040,2022-01-03T04:39:59,37.82945,-76.28356,0.0,308.1,511.0,MOSQUITO POINT,IMO9010400,WDI5986,30,,48,9,,,B
367714040,2022-01-03T05:15:58,37.82944,-76.28356,0.0,274.9,511.0,MOSQUITO POINT,IMO9010400,WDI5986,30,,48,9,,,B
367714040,2022-01-03T05:19:01,37.82944,-76.28356,0.0,274.9,511.0,MOSQUITO POINT,IMO9010400,WDI5986,30,,48,9,,,B
367714040,2022-01-03T05:31:01,37.82943,-76.28356,0.0,231.3,511.0,MOSQUITO POINT,IMO9010400,WDI5986,30,,48,9,,,B
367714040,2022-01-03T05:12:58,37.82944,-76.28357,0.0,274.9,511.0,MOSQUITO POINT,IMO9010400,WDI5986,30,,48,9,,,B
367714040,2022-01-03T05:46:03,37.82943,-76.28357,0.0,231.3,511.0,MOSQUITO POINT,IMO9010400,WDI5986,30,,48,9,,,B
367714040,2022-01-03T05:03:59,37.82943,-76.28356,0.0,308.1,511.0,MOSQUITO POINT,IMO9010400,WDI5986,30,,48,9,,,B
367714040,2022-01-03T05:48:59,37.82943,-76.28356,0.0,231.3,511.0,MOSQUITO POINT,IMO9010400,WDI5986,30,,48,9,,,B
367714040,2022-01-03T05:09:58,37.82943,-76.28357,0.0,226.6,511.0,MOSQUITO POINT,IMO9010400,WDI5986,30,,48,9,,,B
367714040,2022-01-03T05:24:59,37.82943,-76.28356,0.0,274.9,511.0,MOSQUITO POINT,IMO9010400,WDI5986,30,,48,9,,,B
367714040,2022-01-03T02:46:00,37.82944,-76.28357,0.0,162.9,511.0,MOSQUITO POINT,IMO9010400,WDI5986,30,,48,9,,,B
367714040,2022-01-03T05:28:02,37.82942,-76.28356,0.0,231.3,511.0,MOSQUITO POINT,IMO9010400,WDI5986,30,,48,9,,,B
367714040,2022-01-03T05:57:59,37.82945,-76.28356,0.0,275.9,511.0,MOSQUITO POINT,IMO9010400,WDI5986,30,,48,9,,,B
367714040,2022-01-03T05:40:02,37.82942,-76.28357,0.0,231.3,511.0,MOSQUITO POINT,IMO9010400,WDI5986,30,,48,9,,,B
367714040,2022-01-03T05:52:00,37.82944,-76.28356,0.0,275.9,511.0,MOSQUITO POINT,IMO9010400,WDI5986,30,,48,9,,,B
367714040,2022-01-03T05:42:58,37.82942,-76.28357,0.0,231.3,511.0,MOSQUITO POINT,IMO9010400,WDI5986,30,,48,9,,,B
367714040,2022-01-03T06:09:59,37.82944,-76.28357,0.0,162.7,511.0,MOSQUITO POINT,IMO9010400,WDI5986,30,,48,9,,,B
367714040,2022-01-03T05:34:01,37.82945,-76.28355,0.0,231.3,511.0,MOSQUITO POINT,IMO9010400,WDI5986,30,,48,9,,,B
367714040,2022-01-03T05:54:58,37.82945,-76.28357,0.0,275.9,511.0,MOSQUITO POINT,IMO9010400,WDI5986,30,,48,9,,,B
367714040,2022-01-03T06:03:58,37.82944,-76.28358,0.0,162.7,511.0,MOSQUITO POINT,IMO9010400,WDI5986,30,,48,9,,,B
367714040,2022-01-03T06:06:59,37.82943,-76.28356,0.0,162.7,511.0,MOSQUITO POINT,IMO9010400,WDI5986,30,,48,9,,,B
367714040,2022-01-03T03:06:58,37.82945,-76.28356,0.0,316.8,511.0,MOSQUITO POINT,IMO9010400,WDI5986,30,,48,9,,,B
367714040,2022-01-03T06:19:04,37.82944,-76.28356,0.0,162.7,511.0,MOSQUITO POINT,IMO9010400,WDI5986,30,,48,9,,,B
367714040,2022-01-03T06:21:58,37.82943,-76.28356,0.0,162.7,511.0,MOSQUITO POINT,IMO9010400,WDI5986,30,,48,9,,,B
367714040,2022-01-03T06:16:03,37.82944,-76.28356,0.0,162.7,511.0,MOSQUITO POINT,IMO9010400,WDI5986,30,,48,9,,,B
367714040,2022-01-03T06:24:59,37.82943,-76.28357,0.0,124.8,511.0,MOSQUITO POINT,IMO9010400,WDI5986,30,,48,9,,,B
367714040,2022-01-03T06:34:01,37.82943,-76.28356,0.0,31.2,511.0,MOSQUITO POINT,IMO9010400,WDI5986,30,,48,9,,,B
367714040,2022-01-03T06:28:05,37.82944,-76.28357,0.0,86.5,511.0,MOSQUITO POINT,IMO9010400,WDI5986,30,,48,9,,,B
367714040,2022-01-03T06:48:59,37.82944,-76.28357,0.0,8.1,511.0,MOSQUITO POINT,IMO9010400,WDI5986,30,,48,9,,,B
367714040,2022-01-03T06:36:59,37.82944,-76.28356,0.0,31.2,511.0,MOSQUITO POINT,IMO9010400,WDI5986,30,,48,9,,,B
367714040,2022-01-03T06:45:59,37.82944,-76.28357,0.0,8.1,511.0,MOSQUITO POINT,IMO9010400,WDI5986,30,,48,9,,,B
367714040,2022-01-03T06:54:58,37.82945,-76.28358,0.0,8.1,511.0,MOSQUITO POINT,IMO9010400,WDI5986,30,,48,9,,,B
367714040,2022-01-03T06:52:02,37.82944,-76.28357,0.0,8.1,511.0,MOSQUITO POINT,IMO9010400,WDI5986,30,,48,9,,,B
367714040,2022-01-03T07:09:59,37.82944,-76.28356,0.0,8.1,511.0,MOSQUITO POINT,IMO9010400,WDI5986,30,,48,9,,,B
367714040,2022-01-03T06:39:58,37.82943,-76.28356,0.0,8.1,511.0,MOSQUITO POINT,IMO9010400,WDI5986,30,,48,9,,,B
367714040,2022-01-03T07:06:59,37.82943,-76.28354,0.0,8.1,511.0,MOSQUITO POINT,IMO9010400,WDI5986,30,,48,9,,,B
367714040,2022-01-03T07:18:59,37.82943,-76.28356,0.0,8.1,511.0,MOSQUITO POINT,IMO9010400,WDI5986,30,,48,9,,,B
367714040,2022-01-03T07:03:59,37.82942,-76.28356,0.0,8.1,511.0,MOSQUITO POINT,IMO9010400,WDI5986,30,,48,9,,,B
367714040,2022-01-03T06:57:58,37.82944,-76.28357,0.0,8.1,511.0,MOSQUITO POINT,IMO9010400,WDI5986,30,,48,9,,,B
367714040,2022-01-03T07:00:59,37.82943,-76.28356,0.0,8.1,511.0,MOSQUITO POINT,IMO9010400,WDI5986,30,,48,9,,,B
367714040,2022-01-03T07:40:00,37.82943,-76.28355,0.1,1.2,511.0,MOSQUITO POINT,IMO9010400,WDI5986,30,,48,9,,,B
367714040,2022-01-03T07:31:00,37.82944,-76.28358,0.0,1.2,511.0,MOSQUITO POINT,IMO9010400,WDI5986,30,,48,9,,,B
367714040,2022-01-03T07:13:00,37.82944,-76.28358,0.0,8.1,511.0,MOSQUITO POINT,IMO9010400,WDI5986,30,,48,9,,,B
367714040,2022-01-03T07:37:01,37.82944,-76.28356,0.0,1.2,511.0,MOSQUITO POINT,IMO9010400,WDI5986,30,,48,9,,,B
367714040,2022-01-03T07:21:59,37.82944,-76.28355,0.0,8.1,511.0,MOSQUITO POINT,IMO9010400,WDI5986,30,,48,9,,,B
367714040,2022-01-03T07:27:58,37.82944,-76.28356,0.0,8.1,511.0,MOSQUITO POINT,IMO9010400,WDI5986,30,,48,9,,,B
367714040,2022-01-03T07:45:58,37.82943,-76.28355,0.0,1.2,511.0,MOSQUITO POINT,IMO9010400,WDI5986,30,,48,9,,,B
367714040,2022-01-03T08:04:00,37.82944,-76.28356,0.0,59.9,511.0,MOSQUITO POINT,IMO9010400,WDI5986,30,,48,9,,,B
367714040,2022-01-03T07:49:00,37.82944,-76.28356,0.0,1.2,511.0,MOSQUITO POINT,IMO9010400,WDI5986,30,,48,9,,,B
367714040,2022-01-03T08:28:00,37.82942,-76.28356,0.0,12.9,511.0,MOSQUITO POINT,IMO9010400,WDI5986,30,,48,9,,,B
367714040,2022-01-03T07:43:00,37.82943,-76.28356,0.0,1.2,511.0,MOSQUITO POINT,IMO9010400,WDI5986,30,,48,9,,,B
367714040,2022-01-03T07:57:59,37.82945,-76.28359,0.0,59.9,511.0,MOSQUITO POINT,IMO9010400,WDI5986,30,,48,9,,,B
367714040,2022-01-03T08:00:59,37.82943,-76.28357,0.0,59.9,511.0,MOSQUITO POINT,IMO9010400,WDI5986,30,,48,9,,,B
367714040,2022-01-03T08:06:59,37.82943,-76.28357,0.0,59.9,511.0,MOSQUITO POINT,IMO9010400,WDI5986,30,,48,9,,,B
367714040,2022-01-03T08:12:59,37.82942,-76.28357,0.0,59.9,511.0,MOSQUITO POINT,IMO9010400,WDI5986,30,,48,9,,,B
367714040,2022-01-03T08:18:58,37.82944,-76.28357,0.0,59.9,511.0,MOSQUITO POINT,IMO9010400,WDI5986,30,,48,9,,,B
367714040,2022-01-03T08:22:00,37.82944,-76.28359,0.0,59.9,511.0,MOSQUITO POINT,IMO9010400,WDI5986,30,,48,9,,,B
367714040,2022-01-03T08:37:01,37.82945,-76.28356,0.0,353.2,511.0,MOSQUITO POINT,IMO9010400,WDI5986,30,,48,9,,,B
367714040,2022-01-03T08:24:59,37.82943,-76.28357,0.0,12.9,511.0,MOSQUITO POINT,IMO9010400,WDI5986,30,,48,9,,,B
367714040,2022-01-03T08:09:59,37.82942,-76.28358,0.0,59.9,511.0,MOSQUITO POINT,IMO9010400,WDI5986,30,,48,9,,,B
367714040,2022-01-03T08:30:59,37.82943,-76.28356,0.0,12.9,511.0,MOSQUITO POINT,IMO9010400,WDI5986,30,,48,9,,,B
367714040,2022-01-03T08:33:59,37.82944,-76.28356,0.0,12.9,511.0,MOSQUITO POINT,IMO9010400,WDI5986,30,,48,9,,,B
367714040,2022-01-03T08:42:58,37.82945,-76.28356,0.0,353.2,511.0,MOSQUITO POINT,IMO9010400,WDI5986,30,,48,9,,,B
367714040,2022-01-03T08:45:59,37.82942,-76.28357,0.0,353.2,511.0,MOSQUITO POINT,IMO9010400,WDI5986,30,,48,9,,,B
367714040,2022-01-03T08:55:00,37.82943,-76.28357,0.0,353.2,511.0,MOSQUITO POINT,IMO9010400,WDI5986,30,,48,9,,,B
367714040,2022-01-03T09:34:02,37.82944,-76.28357,0.0,353.2,511.0,MOSQUITO POINT,IMO9010400,WDI5986,30,,48,9,,,B
367714040,2022-01-03T09:04:01,37.82945,-76.28357,0.0,353.2,511.0,MOSQUITO POINT,IMO9010400,WDI5986,30,,48,9,,,B
367714040,2022-01-03T08:52:00,37.82944,-76.28357,0.0,353.2,511.0,MOSQUITO POINT,IMO9010400,WDI5986,30,,48,9,,,B
367714040,2022-01-03T08:40:03,37.82946,-76.28356,0.0,353.2,511.0,MOSQUITO POINT,IMO9010400,WDI5986,30,,48,9,,,B
367714040,2022-01-03T04:27:58,37.82943,-76.28357,0.0,284.4,511.0,MOSQUITO POINT,IMO9010400,WDI5986,30,,48,9,,,B
367714040,2022-01-03T09:09:59,37.82943,-76.28356,0.0,353.2,511.0,MOSQUITO POINT,IMO9010400,WDI5986,30,,48,9,,,B
367714040,2022-01-03T09:13:00,37.82943,-76.28355,0.0,353.2,511.0,MOSQUITO POINT,IMO9010400,WDI5986,30,,48,9,,,B
367714040,2022-01-03T09:01:00,37.82943,-76.28356,0.0,353.2,511.0,MOSQUITO POINT,IMO9010400,WDI5986,30,,48,9,,,B
367714040,2022-01-03T08:48:59,37.82943,-76.28358,0.0,353.2,511.0,MOSQUITO POINT,IMO9010400,WDI5986,30,,48,9,,,B
367714040,2022-01-03T09:19:01,37.82942,-76.28355,0.0,353.2,511.0,MOSQUITO POINT,IMO9010400,WDI5986,30,,48,9,,,B
367714040,2022-01-03T09:15:59,37.82943,-76.28356,0.0,353.2,511.0,MOSQUITO POINT,IMO9010400,WDI5986,30,,48,9,,,B
367714040,2022-01-03T09:21:59,37.82943,-76.28358,0.0,353.2,511.0,MOSQUITO POINT,IMO9010400,WDI5986,30,,48,9,,,B
367714040,2022-01-03T10:09:59,37.82944,-76.28356,0.0,340.0,511.0,MOSQUITO POINT,IMO9010400,WDI5986,30,,48,9,,,B
367714040,2022-01-03T09:07:00,37.82942,-76.28357,0.0,353.2,511.0,MOSQUITO POINT,IMO9010400,WDI5986,30,,48,9,,,B
367714040,2022-01-03T09:28:00,37.82943,-76.28357,0.0,353.2,511.0,MOSQUITO POINT,IMO9010400,WDI5986,30,,48,9,,,B
367714040,2022-01-03T09:31:04,37.82943,-76.28357,0.0,353.2,511.0,MOSQUITO POINT,IMO9010400,WDI5986,30,,48,9,,,B
367714040,2022-01-03T10:21:59,37.82943,-76.28357,0.0,340.0,511.0,MOSQUITO POINT,IMO9010400,WDI5986,30,,48,9,,,B
367714040,2022-01-03T09:46:02,37.82945,-76.28356,0.0,352.6,511.0,MOSQUITO POINT,IMO9010400,WDI5986,30,,48,9,,,B
367714040,2022-01-03T09:39:59,37.82944,-76.28356,0.0,352.6,511.0,MOSQUITO POINT,IMO9010400,WDI5986,30,,48,9,,,B
367714040,2022-01-03T09:58:04,37.82944,-76.28357,0.0,20.5,511.0,MOSQUITO POINT,IMO9010400,WDI5986,30,,48,9,,,B
367714040,2022-01-03T09:52:01,37.82944,-76.28356,0.0,20.5,511.0,MOSQUITO POINT,IMO9010400,WDI5986,30,,48,9,,,B
367714040,2022-01-03T09:49:01,37.82945,-76.28356,0.0,352.6,511.0,MOSQUITO POINT,IMO9010400,WDI5986,30,,48,9,,,B
367714040,2022-01-03T09:37:04,37.82946,-76.28357,0.0,353.2,511.0,MOSQUITO POINT,IMO9010400,WDI5986,30,,48,9,,,B
367714040,2022-01-03T10:43:01,37.82946,-76.28356,0.1,37.9,511.0,MOSQUITO POINT,IMO9010400,WDI5986,30,,48,9,,,B
367714040,2022-01-03T09:55:01,37.82944,-76.28357,0.0,20.5,511.0,MOSQUITO POINT,IMO9010400,WDI5986,30,,48,9,,,B
367714040,2022-01-03T10:12:58,37.82944,-76.28357,0.0,340.0,511.0,MOSQUITO POINT,IMO9010400,WDI5986,30,,48,9,,,B
367714040,2022-01-03T10:03:59,37.82944,-76.28356,0.0,340.0,511.0,MOSQUITO POINT,IMO9010400,WDI5986,30,,48,9,,,B
367714040,2022-01-03T05:06:59,37.82942,-76.28356,0.0,226.6,511.0,MOSQUITO POINT,IMO9010400,WDI5986,30,,48,9,,,B
367714040,2022-01-03T10:58:05,37.82943,-76.28356,0.0,66.2,511.0,MOSQUITO POINT,IMO9010400,WDI5986,30,,48,9,,,B
367714040,2022-01-03T10:24:58,37.82943,-76.28356,0.0,340.0,511.0,MOSQUITO POINT,IMO9010400,WDI5986,30,,48,9,,,B
367714040,2022-01-03T10:18:59,37.82944,-76.28356,0.0,340.0,511.0,MOSQUITO POINT,IMO9010400,WDI5986,30,,48,9,,,B
367714040,2022-01-03T10:31:00,37.82944,-76.28356,0.0,345.3,511.0,MOSQUITO POINT,IMO9010400,WDI5986,30,,48,9,,,B
367714040,2022-01-03T11:09:58,37.82944,-76.28357,0.0,0.8,511.0,MOSQUITO POINT,IMO9010400,WDI5986,30,,48,9,,,B
367714040,2022-01-03T10:40:01,37.82943,-76.28356,0.0,37.9,511.0,MOSQUITO POINT,IMO9010400,WDI5986,30,,48,9,,,B
367714040,2022-01-03T10:33:59,37.82944,-76.28357,0.0,345.3,511.0,MOSQUITO POINT,IMO9010400,WDI5986,30,,48,9,,,B
367714040,2022-01-03T11:19:01,37.82943,-76.28356,0.0,136.8,511.0,MOSQUITO POINT,IMO9010400,WDI5986,30,,48,9,,,B
367714040,2022-01-03T10:54:58,37.82943,-76.28355,0.0,66.2,511.0,MOSQUITO POINT,IMO9010400,WDI5986,30,,48,9,,,B
367714040,2022-01-03T10:45:59,37.82944,-76.28356,0.0,37.9,511.0,MOSQUITO POINT,IMO9010400,WDI5986,30,,48,9,,,B
367714040,2022-01-03T11:49:01,37.82942,-76.28357,0.0,136.8,511.0,MOSQUITO POINT,IMO9010400,WDI5986,30,,48,9,,,B
367714040,2022-01-03T10:48:59,37.82944,-76.28356,0.0,37.9,511.0,MOSQUITO POINT,IMO9010400,WDI5986,30,,48,9,,,B
367714040,2022-01-03T11:01:00,37.82943,-76.28356,0.0,0.8,511.0,MOSQUITO POINT,IMO9010400,WDI5986,30,,48,9,,,B
367714040,2022-01-03T11:03:59,37.82943,-76.28356,0.0,0.8,511.0,MOSQUITO POINT,IMO9010400,WDI5986,30,,48,9,,,B
367714040,2022-01-03T10:51:59,37.82943,-76.28355,0.0,66.2,511.0,MOSQUITO POINT,IMO9010400,WDI5986,30,,48,9,,,B
367714040,2022-01-03T11:15:59,37.82943,-76.28356,0.0,136.8,511.0,MOSQUITO POINT,IMO9010400,WDI5986,30,,48,9,,,B
367714040,2022-01-03T11:30:59,37.82944,-76.28356,0.0,136.8,511.0,MOSQUITO POINT,IMO9010400,WDI5986,30,,48,9,,,B
367714040,2022-01-03T11:33:59,37.82944,-76.28356,0.0,136.8,511.0,MOSQUITO POINT,IMO9010400,WDI5986,30,,48,9,,,B
367714040,2022-01-03T11:28:00,37.82943,-76.28356,0.0,136.8,511.0,MOSQUITO POINT,IMO9010400,WDI5986,30,,48,9,,,B
367714040,2022-01-03T11:42:59,37.82943,-76.28355,0.0,136.8,511.0,MOSQUITO POINT,IMO9010400,WDI5986,30,,48,9,,,B
367714040,2022-01-03T11:45:58,37.82943,-76.28355,0.0,136.8,511.0,MOSQUITO POINT,IMO9010400,WDI5986,30,,48,9,,,B
367714040,2022-01-03T11:55:00,37.82944,-76.28355,0.0,136.8,511.0,MOSQUITO POINT,IMO9010400,WDI5986,30,,48,9,,,B
367714040,2022-01-03T12:33:59,37.82945,-76.28355,0.0,90.8,511.0,MOSQUITO POINT,IMO9010400,WDI5986,30,,48,9,,,B
367714040,2022-01-03T06:00:58,37.82944,-76.28356,0.0,235.1,511.0,MOSQUITO POINT,IMO9010400,WDI5986,30,,48,9,,,B
367714040,2022-01-03T11:57:59,37.82943,-76.28357,0.0,136.8,511.0,MOSQUITO POINT,IMO9010400,WDI5986,30,,48,9,,,B
367714040,2022-01-03T11:52:01,37.82942,-76.28356,0.0,136.8,511.0,MOSQUITO POINT,IMO9010400,WDI5986,30,,48,9,,,B
367714040,2022-01-03T12:13:00,37.82944,-76.28355,0.0,137.5,511.0,MOSQUITO POINT,IMO9010400,WDI5986,30,,48,9,,,B
367714040,2022-01-03T12:07:00,37.82944,-76.28356,0.0,136.8,511.0,MOSQUITO POINT,IMO9010400,WDI5986,30,,48,9,,,B
367714040,2022-01-03T12:15:58,37.82943,-76.28356,0.0,137.5,511.0,MOSQUITO POINT,IMO9010400,WDI5986,30,,48,9,,,B
367714040,2022-01-03T12:03:59,37.82944,-76.28357,0.0,136.8,511.0,MOSQUITO POINT,IMO9010400,WDI5986,30,,48,9,,,B
367714040,2022-01-03T12:22:00,37.82943,-76.28357,0.0,32.8,511.0,MOSQUITO POINT,IMO9010400,WDI5986,30,,48,9,,,B
367714040,2022-01-03T12:30:59,37.82944,-76.28356,0.0,90.8,511.0,MOSQUITO POINT,IMO9010400,WDI5986,30,,48,9,,,B
367714040,2022-01-03T12:09:59,37.82947,-76.28356,0.0,136.8,511.0,MOSQUITO POINT,IMO9010400,WDI5986,30,,48,9,,,B
367714040,2022-01-03T12:27:59,37.82946,-76.28356,0.0,90.8,511.0,MOSQUITO POINT,IMO9010400,WDI5986,30,,48,9,,,B
367714040,2022-01-03T12:40:00,37.82945,-76.28356,0.0,90.8,511.0,MOSQUITO POINT,IMO9010400,WDI5986,30,,48,9,,,B
367714040,2022-01-03T13:19:03,37.82943,-76.28358,0.0,160.7,511.0,MOSQUITO POINT,IMO9010400,WDI5986,30,,48,9,,,B
367714040,2022-01-03T12:25:00,37.82944,-76.28357,0.0,80.6,511.0,MOSQUITO POINT,IMO9010400,WDI5986,30,,48,9,,,B
367714040,2022-01-03T13:27:59,37.82944,-76.28357,0.0,160.7,511.0,MOSQUITO POINT,IMO9010400,WDI5986,30,,48,9,,,B
367714040,2022-01-03T12:43:02,37.82944,-76.28357,0.0,90.8,511.0,MOSQUITO POINT,IMO9010400,WDI5986,30,,48,9,,,B
367714040,2022-01-03T12:36:58,37.82945,-76.28357,0.0,90.8,511.0,MOSQUITO POINT,IMO9010400,WDI5986,30,,48,9,,,B
367714040,2022-01-03T12:45:58,37.82944,-76.28355,0.0,90.8,511.0,MOSQUITO POINT,IMO9010400,WDI5986,30,,48,9,,,B
367714040,2022-01-03T12:52:00,37.82945,-76.28356,0.0,90.8,511.0,MOSQUITO POINT,IMO9010400,WDI5986,30,,48,9,,,B
367714040,2022-01-03T12:48:59,37.82946,-76.28356,0.0,90.8,511.0,MOSQUITO POINT,IMO9010400,WDI5986,30,,48,9,,,B
367714040,2022-01-03T12:54:59,37.82945,-76.28358,0.0,128.1,511.0,MOSQUITO POINT,IMO9010400,WDI5986,30,,48,9,,,B
367714040,2022-01-03T13:52:00,37.82944,-76.28354,0.0,327.2,511.0,MOSQUITO POINT,IMO9010400,WDI5986,30,,48,9,,,B
367714040,2022-01-03T13:10:00,37.82943,-76.28356,0.0,160.7,511.0,MOSQUITO POINT,IMO9010400,WDI5986,30,,48,9,,,B
367714040,2022-01-03T13:07:01,37.82946,-76.28355,0.0,160.7,511.0,MOSQUITO POINT,IMO9010400,WDI5986,30,,48,9,,,B
367714040,2022-01-03T12:58:00,37.82945,-76.28356,0.0,128.1,511.0,MOSQUITO POINT,IMO9010400,WDI5986,30,,48,9,,,B
367714040,2022-01-03T13:16:03,37.82944,-76.28356,0.0,160.7,511.0,MOSQUITO POINT,IMO9010400,WDI5986,30,,48,9,,,B
367714040,2022-01-03T13:04:04,37.82943,-76.28356,0.0,160.7,511.0,MOSQUITO POINT,IMO9010400,WDI5986,30,,48,9,,,B
367714040,2022-01-03T14:10:00,37.82944,-76.28358,0.0,7.7,511.0,MOSQUITO POINT,IMO9010400,WDI5986,30,,48,9,,,B
367714040,2022-01-03T13:21:59,37.82943,-76.28355,0.0,160.7,511.0,MOSQUITO POINT,IMO9010400,WDI5986,30,,48,9,,,B
367714040,2022-01-03T06:42:59,37.82945,-76.28357,0.0,8.1,511.0,MOSQUITO POINT,IMO9010400,WDI5986,30,,48,9,,,B
367714040,2022-01-03T13:30:59,37.82943,-76.28357,0.0,160.7,511.0,MOSQUITO POINT,IMO9010400,WDI5986,30,,48,9,,,B
367714040,2022-01-03T13:24:59,37.82944,-76.28356,0.0,160.7,511.0,MOSQUITO POINT,IMO9010400,WDI5986,30,,48,9,,,B
367714040,2022-01-03T13:40:01,37.82943,-76.28356,0.0,221.3,511.0,MOSQUITO POINT,IMO9010400,WDI5986,30,,48,9,,,B
367714040,2022-01-03T13:55:04,37.82943,-76.28356,0.0,7.7,511.0,MOSQUITO POINT,IMO9010400,WDI5986,30,,48,9,,,B
367714040,2022-01-03T13:36:59,37.82943,-76.28355,0.0,221.3,511.0,MOSQUITO POINT,IMO9010400,WDI5986,30,,48,9,,,B
367714040,2022-01-03T13:57:59,37.82942,-76.28356,0.0,7.7,511.0,MOSQUITO POINT,IMO9010400,WDI5986,30,,48,9,,,B
367714040,2022-01-03T13:49:00,37.82943,-76.28356,0.0,327.2,511.0,MOSQUITO POINT,IMO9010400,WDI5986,30,,48,9,,,B
367714040,2022-01-03T13:45:58,37.82943,-76.28358,0.0,221.3,511.0,MOSQUITO POINT,IMO9010400,WDI5986,30,,48,9,,,B
367714040,2022-01-03T14:04:00,37.82943,-76.28356,0.0,7.7,511.0,MOSQUITO POINT,IMO9010400,WDI5986,30,,48,9,,,B
367714040,2022-01-03T14:07:04,37.82944,-76.28356,0.0,7.7,511.0,MOSQUITO POINT,IMO9010400,WDI5986,30,,48,9,,,B
367714040,2022-01-03T14:25:02,37.82943,-76.28357,0.0,111.3,511.0,MOSQUITO POINT,IMO9010400,WDI5986,30,,48,9,,,B
367714040,2022-01-03T14:00:59,37.82943,-76.28354,0.0,7.7,511.0,MOSQUITO POINT,IMO9010400,WDI5986,30,,48,9,,,B
367714040,2022-01-03T14:15:58,37.82943,-76.28357,0.0,83.2,511.0,MOSQUITO POINT,IMO9010400,WDI5986,30,,48,9,,,B
367714040,2022-01-03T14:28:01,37.82943,-76.28357,0.0,111.3,511.0,MOSQUITO POINT,IMO9010400,WDI5986,30,,48,9,,,B
367714040,2022-01-03T14:13:00,37.82944,-76.28358,0.0,7.7,511.0,MOSQUITO POINT,IMO9010400,WDI5986,30,,48,9,,,B
367714040,2022-01-03T14:55:02,37.82943,-76.28357,0.0,111.3,511.0,MOSQUITO POINT,IMO9010400,WDI5986,30,,48,9,,,B
367714040,2022-01-03T14:43:00,37.82944,-76.28357,0.0,111.3,511.0,MOSQUITO POINT,IMO9010400,WDI5986,30,,48,9,,,B
367714040,2022-01-03T14:45:59,37.82943,-76.28356,0.0,111.3,511.0,MOSQUITO POINT,IMO9010400,WDI5986,30,,48,9,,,B
367714040,2022-01-03T14:48:59,37.82943,-76.28356,0.0,111.3,511.0,MOSQUITO POINT,IMO9010400,WDI5986,30,,48,9,,,B
367714040,2022-01-03T14:34:04,37.82944,-76.28357,0.0,111.3,511.0,MOSQUITO POINT,IMO9010400,WDI5986,30,,48,9,,,B
367714040,2022-01-03T14:39:59,37.82942,-76.28356,0.0,111.3,511.0,MOSQUITO POINT,IMO9010400,WDI5986,30,,48,9,,,B
367714040,2022-01-03T15:16:00,37.82944,-76.28356,0.0,60.7,511.0,MOSQUITO POINT,IMO9010400,WDI5986,30,,48,9,,,B
367714040,2022-01-03T15:04:02,37.82944,-76.28357,0.0,48.8,511.0,MOSQUITO POINT,IMO9010400,WDI5986,30,,48,9,,,B
367714040,2022-01-03T15:28:00,37.82946,-76.28357,0.0,60.7,511.0,MOSQUITO POINT,IMO9010400,WDI5986,30,,48,9,,,B
367714040,2022-01-03T15:10:04,37.82943,-76.28358,0.0,48.8,511.0,MOSQUITO POINT,IMO9010400,WDI5986,30,,48,9,,,B
367714040,2022-01-03T14:58:00,37.82943,-76.28356,0.0,111.3,511.0,MOSQUITO POINT,IMO9010400,WDI5986,30,,48,9,,,B
367714040,2022-01-03T07:16:00,37.82944,-76.28357,0.0,8.1,511.0,MOSQUITO POINT,IMO9010400,WDI5986,30,,48,9,,,B
367714040,2022-01-03T16:03:59,37.82943,-76.28357,0.0,70.1,511.0,MOSQUITO POINT,IMO9010400,WDI5986,30,,48,9,,,B
367714040,2022-01-03T15:24:59,37.82945,-76.28356,0.0,60.7,511.0,MOSQUITO POINT,IMO9010400,WDI5986,30,,48,9,,,B
367714040,2022-01-03T15:42:58,37.82945,-76.28357,0.0,70.1,511.0,MOSQUITO POINT,IMO9010400,WDI5986,30,,48,9,,,B
367714040,2022-01-03T15:13:02,37.82943,-76.28357,0.0,48.8,511.0,MOSQUITO POINT,IMO9010400,WDI5986,30,,48,9,,,B
367714040,2022-01-03T16:22:00,37.82943,-76.28357,0.0,128.9,511.0,MOSQUITO POINT,IMO9010400,WDI5986,30,,48,9,,,B
367714040,2022-01-03T15:39:58,37.82944,-76.28357,0.0,32.3,511.0,MOSQUITO POINT,IMO9010400,WDI5986,30,,48,9,,,B
367714040,2022-01-03T15:46:03,37.82943,-76.28356,0.0,70.1,511.0,MOSQUITO POINT,IMO9010400,WDI5986,30,,48,9,,,B
367714040,2022-01-03T15:34:01,37.82946,-76.28356,0.0,60.7,511.0,MOSQUITO POINT,IMO9010400,WDI5986,30,,48,9,,,B
367714040,2022-01-03T16:36:59,37.82945,-76.28357,0.0,34.3,511.0,MOSQUITO POINT,IMO9010400,WDI5986,30,,48,9,,,B
367714040,2022-01-03T15:55:01,37.82944,-76.28358,0.0,70.1,511.0,MOSQUITO POINT,IMO9010400,WDI5986,30,,48,9,,,B
367714040,2022-01-03T15:30:59,37.82942,-76.28357,0.0,60.7,511.0,MOSQUITO POINT,IMO9010400,WDI5986,30,,48,9,,,B
367714040,2022-01-03T16:09:58,37.82943,-76.28356,0.0,70.1,511.0,MOSQUITO POINT,IMO9010400,WDI5986,30,,48,9,,,B
367714040,2022-01-03T16:12:59,37.82942,-76.28356,0.0,70.1,511.0,MOSQUITO POINT,IMO9010400,WDI5986,30,,48,9,,,B
367714040,2022-01-03T15:52:01,37.82943,-76.28356,0.0,70.1,511.0,MOSQUITO POINT,IMO9010400,WDI5986,30,,48,9,,,B
367714040,2022-01-03T15:36:59,37.82943,-76.28357,0.0,96.6,511.0,MOSQUITO POINT,IMO9010400,WDI5986,30,,48,9,,,B
367714040,2022-01-03T16:45:59,37.82945,-76.28357,0.0,34.3,511.0,MOSQUITO POINT,IMO9010400,WDI5986,30,,48,9,,,B
367714040,2022-01-03T16:01:00,37.82945,-76.28360,0.0,70.1,511.0,MOSQUITO POINT,IMO9010400,WDI5986,30,,48,9,,,B
367714040,2022-01-03T16:07:00,37.82944,-76.28357,0.0,70.1,511.0,MOSQUITO POINT,IMO9010400,WDI5986,30,,48,9,,,B
367714040,2022-01-03T16:15:58,37.82945,-76.28357,0.0,128.9,511.0,MOSQUITO POINT,IMO9010400,WDI5986,30,,48,9,,,B
367714040,2022-01-03T16:18:59,37.82944,-76.28358,0.0,128.9,511.0,MOSQUITO POINT,IMO9010400,WDI5986,30,,48,9,,,B
367714040,2022-01-03T16:52:05,37.82944,-76.28357,0.0,2.5,511.0,MOSQUITO POINT,IMO9010400,WDI5986,30,,48,9,,,B
367714040,2022-01-03T17:01:00,37.82943,-76.28357,0.0,344.2,511.0,MOSQUITO POINT,IMO9010400,WDI5986,30,,48,9,,,B
367714040,2022-01-03T16:27:58,37.82945,-76.28357,0.0,34.3,511.0,MOSQUITO POINT,IMO9010400,WDI5986,30,,48,9,,,B
367714040,2022-01-03T07:51:59,37.82943,-76.28355,0.0,59.9,511.0,MOSQUITO POINT,IMO9010400,WDI5986,30,,48,9,,,B
367714040,2022-01-03T17:30:59,37.82944,-76.28355,0.0,344.2,511.0,MOSQUITO POINT,IMO9010400,WDI5986,30,,48,9,,,B
367714040,2022-01-03T17:07:00,37.82943,-76.28356,0.0,344.2,511.0,MOSQUITO POINT,IMO9010400,WDI5986,30,,48,9,,,B
367714040,2022-01-03T16:24:59,37.82943,-76.28356,0.0,128.9,511.0,MOSQUITO POINT,IMO9010400,WDI5986,30,,48,9,,,B
367714040,2022-01-03T17:10:01,37.82943,-76.28357,0.0,344.2,511.0,MOSQUITO POINT,IMO9010400,WDI5986,30,,48,9,,,B
367714040,2022-01-03T16:49:02,37.82944,-76.28357,0.0,2.5,511.0,MOSQUITO POINT,IMO9010400,WDI5986,30,,48,9,,,B
367714040,2022-01-03T07:55:00,37.82943,-76.28356,0.0,59.9,511.0,MOSQUITO POINT,IMO9010400,WDI5986,30,,48,9,,,B
367714040,2022-01-03T16:55:00,37.82943,-76.28356,0.0,344.2,511.0,MOSQUITO POINT,IMO9010400,WDI5986,30,,48,9,,,B
367714040,2022-01-03T17:45:59,37.82943,-76.28357,0.0,340.3,511.0,MOSQUITO POINT,IMO9010400,WDI5986,30,,48,9,,,B
367714040,2022-01-03T16:57:59,37.82943,-76.28354,0.0,344.2,511.0,MOSQUITO POINT,IMO9010400,WDI5986,30,,48,9,,,B
367714040,2022-01-03T16:42:59,37.82943,-76.28358,0.0,34.3,511.0,MOSQUITO POINT,IMO9010400,WDI5986,30,,48,9,,,B
367714040,2022-01-03T17:22:00,37.82944,-76.28357,0.0,344.2,511.0,MOSQUITO POINT,IMO9010400,WDI5986,30,,48,9,,,B
367714040,2022-01-03T17:15:59,37.82944,-76.28357,0.0,344.2,511.0,MOSQUITO POINT,IMO9010400,WDI5986,30,,48,9,,,B
367714040,2022-01-03T18:16:00,37.82943,-76.28357,0.0,331.2,511.0,MOSQUITO POINT,IMO9010400,WDI5986,30,,48,9,,,B
367714040,2022-01-03T17:04:01,37.82944,-76.28357,0.0,344.2,511.0,MOSQUITO POINT,IMO9010400,WDI5986,30,,48,9,,,B
367714040,2022-01-03T17:25:00,37.82943,-76.28357,0.0,344.2,511.0,MOSQUITO POINT,IMO9010400,WDI5986,30,,48,9,,,B
367714040,2022-01-03T08:15:58,37.82943,-76.28357,0.0,59.9,511.0,MOSQUITO POINT,IMO9010400,WDI5986,30,,48,9,,,B
367714040,2022-01-03T18:40:03,37.82944,-76.28357,0.0,237.7,511.0,MOSQUITO POINT,IMO9010400,WDI5986,30,,48,9,,,B
367714040,2022-01-03T17:57:58,37.82944,-76.28357,0.0,293.0,511.0,MOSQUITO POINT,IMO9010400,WDI5986,30,,48,9,,,B
367714040,2022-01-03T17:43:01,37.82944,-76.28357,0.0,340.3,511.0,MOSQUITO POINT,IMO9010400,WDI5986,30,,48,9,,,B
367714040,2022-01-03T18:13:01,37.82943,-76.28357,0.0,331.2,511.0,MOSQUITO POINT,IMO9010400,WDI5986,30,,48,9,,,B
367714040,2022-01-03T17:52:01,37.82943,-76.28357,0.0,293.0,511.0,MOSQUITO POINT,IMO9010400,WDI5986,30,,48,9,,,B
367714040,2022-01-03T18:31:00,37.82943,-76.28357,0.0,237.7,511.0,MOSQUITO POINT,IMO9010400,WDI5986,30,,48,9,,,B
367714040,2022-01-03T18:03:59,37.82943,-76.28356,0.0,331.2,511.0,MOSQUITO POINT,IMO9010400,WDI5986,30,,48,9,,,B
367714040,2022-01-03T19:18:59,37.82943,-76.28357,0.0,297.0,511.0,MOSQUITO POINT,IMO9010400,WDI5986,30,,48,9,,,B
367714040,2022-01-03T18:34:00,37.82943,-76.28356,0.0,237.7,511.0,MOSQUITO POINT,IMO9010400,WDI5986,30,,48,9,,,B
367714040,2022-01-03T18:24:58,37.82942,-76.28356,0.0,237.7,511.0,MOSQUITO POINT,IMO9010400,WDI5986,30,,48,9,,,B
367714040,2022-01-03T18:52:01,37.82942,-76.28356,0.0,237.7,511.0,MOSQUITO POINT,IMO9010400,WDI5986,30,,48,9,,,B
367714040,2022-01-03T19:01:00,37.82943,-76.28356,0.0,291.4,511.0,MOSQUITO POINT,IMO9010400,WDI5986,30,,48,9,,,B
367714040,2022-01-03T18:37:01,37.82943,-76.28356,0.0,237.7,511.0,MOSQUITO POINT,IMO9010400,WDI5986,30,,48,9,,,B
367714040,2022-01-03T18:45:59,37.82943,-76.28357,0.0,237.7,511.0,MOSQUITO POINT,IMO9010400,WDI5986,30,,48,9,,,B
367714040,2022-01-03T18:42:59,37.82943,-76.28356,0.0,237.7,511.0,MOSQUITO POINT,IMO9010400,WDI5986,30,,48,9,,,B
367714040,2022-01-03T19:03:59,37.82943,-76.28356,0.0,297.0,511.0,MOSQUITO POINT,IMO9010400,WDI5986,30,,48,9,,,B
367714040,2022-01-03T20:03:58,37.82943,-76.28356,0.0,226.4,511.0,MOSQUITO POINT,IMO9010400,WDI5986,30,,48,9,,,B
367714040,2022-01-03T19:13:00,37.82942,-76.28357,0.0,297.0,511.0,MOSQUITO POINT,IMO9010400,WDI5986,30,,48,9,,,B
367714040,2022-01-03T18:58:00,37.82943,-76.28357,0.0,291.4,511.0,MOSQUITO POINT,IMO9010400,WDI5986,30,,48,9,,,B
367714040,2022-01-03T19:15:59,37.82943,-76.28356,0.0,297.0,511.0,MOSQUITO POINT,IMO9010400,WDI5986,30,,48,9,,,B
367714040,2022-01-03T19:33:59,37.82944,-76.28357,0.0,297.0,511.0,MOSQUITO POINT,IMO9010400,WDI5986,30,,48,9,,,B
367714040,2022-01-03T19:25:00,37.82944,-76.28355,0.0,297.0,511.0,MOSQUITO POINT,IMO9010400,WDI5986,30,,48,9,,,B
367714040,2022-01-03T20:22:01,37.82944,-76.28356,0.0,226.4,511.0,MOSQUITO POINT,IMO9010400,WDI5986,30,,48,9,,,B
367714040,2022-01-03T19:37:03,37.82946,-76.28355,0.0,297.0,511.0,MOSQUITO POINT,IMO9010400,WDI5986,30,,48,9,,,B
367714040,2022-01-03T19:45:58,37.82943,-76.28357,0.0,297.0,511.0,MOSQUITO POINT,IMO9010400,WDI5986,30,,48,9,,,B
367714040,2022-01-03T19:48:59,37.82944,-76.28355,0.0,226.4,511.0,MOSQUITO POINT,IMO9010400,WDI5986,30,,48,9,,,B
367714040,2022-01-03T19:30:59,37.82944,-76.28357,0.0,297.0,511.0,MOSQUITO POINT,IMO9010400,WDI5986,30,,48,9,,,B
367714040,2022-01-03T19:40:02,37.82945,-76.28356,0.0,297.0,511.0,MOSQUITO POINT,IMO9010400,WDI5986,30,,48,9,,,B
367714040,2022-01-03T19:43:01,37.82942,-76.28357,0.0,297.0,511.0,MOSQUITO POINT,IMO9010400,WDI5986,30,,48,9,,,B
367714040,2022-01-03T20:09:58,37.82945,-76.28356,0.0,226.4,511.0,MOSQUITO POINT,IMO9010400,WDI5986,30,,48,9,,,B
367714040,2022-01-03T20:07:01,37.82943,-76.28357,0.0,226.4,511.0,MOSQUITO POINT,IMO9010400,WDI5986,30,,48,9,,,B
367714040,2022-01-03T20:16:00,37.82942,-76.28357,0.0,226.4,511.0,MOSQUITO POINT,IMO9010400,WDI5986,30,,48,9,,,B
367714040,2022-01-03T20:18:59,37.82945,-76.28356,0.0,226.4,511.0,MOSQUITO POINT,IMO9010400,WDI5986,30,,48,9,,,B
367714040,2022-01-03T20:24:58,37.82944,-76.28357,0.0,226.4,511.0,MOSQUITO POINT,IMO9010400,WDI5986,30,,48,9,,,B
367714040,2022-01-03T21:30:14,37.82945,-76.28357,0.0,273.1,511.0,MOSQUITO POINT,IMO9010400,WDI5986,30,,48,9,,,B
367714040,2022-01-03T20:34:01,37.82945,-76.28356,0.0,226.4,511.0,MOSQUITO POINT,IMO9010400,WDI5986,30,,48,9,,,B
367714040,2022-01-03T20:48:58,37.82943,-76.28356,0.0,226.4,511.0,MOSQUITO POINT,IMO9010400,WDI5986,30,,48,9,,,B
367714040,2022-01-03T21:06:14,37.82945,-76.28354,0.0,360.0,511.0,MOSQUITO POINT,IMO9010400,WDI5986,30,,48,9,,,B
367714040,2022-01-03T20:52:16,37.82943,-76.28357,0.0,360.0,511.0,MOSQUITO POINT,IMO9010400,WDI5986,30,,48,9,,,B
367714040,2022-01-03T20:37:00,37.82944,-76.28356,0.0,226.4,511.0,MOSQUITO POINT,IMO9010400,WDI5986,30,,48,9,,,B
367714040,2022-01-03T21:51:16,37.82944,-76.28359,0.0,139.9,511.0,MOSQUITO POINT,IMO9010400,WDI5986,30,,48,9,,,B
367714040,2022-01-03T20:43:01,37.82946,-76.28356,0.0,226.4,511.0,MOSQUITO POINT,IMO9010400,WDI5986,30,,48,9,,,B
367714040,2022-01-03T21:15:17,37.82945,-76.28359,0.0,338.9,511.0,MOSQUITO POINT,IMO9010400,WDI5986,30,,48,9,,,B
367714040,2022-01-03T20:46:03,37.82944,-76.28356,0.0,226.4,511.0,MOSQUITO POINT,IMO9010400,WDI5986,30,,48,9,,,B
367714040,2022-01-03T20:40:05,37.82943,-76.28356,0.0,226.4,511.0,MOSQUITO POINT,IMO9010400,WDI5986,30,,48,9,,,B
367714040,2022-01-03T20:53:45,37.82945,-76.28356,0.0,360.0,511.0,MOSQUITO POINT,IMO9010400,WDI5986,30,,48,9,,,B
367714040,2022-01-03T21:12:14,37.82943,-76.28356,0.0,360.0,511.0,MOSQUITO POINT,IMO9010400,WDI5986,30,,48,9,,,B
367714040,2022-01-03T21:00:16,37.82943,-76.28355,0.0,360.0,511.0,MOSQUITO POINT,IMO9010400,WDI5986,30,,48,9,,,B
367714040,2022-01-03T21:33:16,37.82944,-76.28356,0.0,273.1,511.0,MOSQUITO POINT,IMO9010400,WDI5986,30,,48,9,,,B
367714040,2022-01-03T21:03:14,37.82945,-76.28356,0.0,360.0,511.0,MOSQUITO POINT,IMO9010400,WDI5986,30,,48,9,,,B
367714040,2022-01-03T20:57:15,37.82943,-76.28356,0.0,360.0,511.0,MOSQUITO POINT,IMO9010400,WDI5986,30,,48,9,,,B
367714040,2022-01-03T21:45:14,37.82943,-76.28356,0.0,175.9,511.0,MOSQUITO POINT,IMO9010400,WDI5986,30,,48,9,,,B
367714040,2022-01-03T22:27:14,37.82943,-76.28357,0.0,57.0,511.0,MOSQUITO POINT,IMO9010400,WDI5986,30,,48,9,,,B
367714040,2022-01-03T21:21:14,37.82945,-76.28355,0.0,241.9,511.0,MOSQUITO POINT,IMO9010400,WDI5986,30,,48,9,,,B
367714040,2022-01-03T22:33:14,37.82943,-76.28357,0.0,57.0,511.0,MOSQUITO POINT,IMO9010400,WDI5986,30,,48,9,,,B
367714040,2022-01-03T10:01:01,37.82945,-76.28357,0.0,340.0,511.0,MOSQUITO POINT,IMO9010400,WDI5986,30,,48,9,,,B
367714040,2022-01-03T21:24:13,37.82944,-76.28355,0.0,241.9,511.0,MOSQUITO POINT,IMO9010400,WDI5986,30,,48,9,,,B
367714040,2022-01-03T21:57:17,37.82945,-76.28355,0.0,139.9,511.0,MOSQUITO POINT,IMO9010400,WDI5986,30,,48,9,,,B
367714040,2022-01-03T10:07:00,37.82945,-76.28357,0.0,340.0,511.0,MOSQUITO POINT,IMO9010400,WDI5986,30,,48,9,,,B
367714040,2022-01-03T22:03:14,37.82944,-76.28358,0.0,57.0,511.0,MOSQUITO POINT,IMO9010400,WDI5986,30,,48,9,,,B
367714040,2022-01-03T21:54:14,37.82944,-76.28358,0.0,139.9,511.0,MOSQUITO POINT,IMO9010400,WDI5986,30,,48,9,,,B
367714040,2022-01-03T22:09:15,37.82945,-76.28355,0.0,57.0,511.0,MOSQUITO POINT,IMO9010400,WDI5986,30,,48,9,,,B
367714040,2022-01-03T21:42:14,37.82944,-76.28357,0.0,208.6,511.0,MOSQUITO POINT,IMO9010400,WDI5986,30,,48,9,,,B
367714040,2022-01-03T10:15:58,37.82945,-76.28358,0.0,340.0,511.0,MOSQUITO POINT,IMO9010400,WDI5986,30,,48,9,,,B
367714040,2022-01-03T23:18:15,37.82943,-76.28356,0.0,57.0,511.0,MOSQUITO POINT,IMO9010400,WDI5986,30,,48,9,,,B
367714040,2022-01-03T22:24:17,37.82944,-76.28356,0.0,57.0,511.0,MOSQUITO POINT,IMO9010400,WDI5986,30,,48,9,,,B
367714040,2022-01-03T22:12:14,37.82944,-76.28356,0.0,57.0,511.0,MOSQUITO POINT,IMO9010400,WDI5986,30,,48,9,,,B
367714040,2022-01-03T22:00:14,37.82945,-76.28356,0.0,139.9,511.0,MOSQUITO POINT,IMO9010400,WDI5986,30,,48,9,,,B
367714040,2022-01-03T23:30:17,37.82944,-76.28356,0.0,68.7,511.0,MOSQUITO POINT,IMO9010400,WDI5986,30,,48,9,,,B
367714040,2022-01-03T22:36:15,37.82944,-76.28357,0.0,57.0,511.0,MOSQUITO POINT,IMO9010400,WDI5986,30,,48,9,,,B
367714040,2022-01-03T10:27:58,37.82945,-76.28356,0.0,345.3,511.0,MOSQUITO POINT,IMO9010400,WDI5986,30,,48,9,,,B
367714040,2022-01-03T22:51:14,37.82944,-76.28355,0.0,57.0,511.0,MOSQUITO POINT,IMO9010400,WDI5986,30,,48,9,,,B
367714040,2022-01-03T22:39:19,37.82944,-76.28356,0.0,57.0,511.0,MOSQUITO POINT,IMO9010400,WDI5986,30,,48,9,,,B
367714040,2022-01-03T22:42:14,37.82943,-76.28358,0.0,57.0,511.0,MOSQUITO POINT,IMO9010400,WDI5986,30,,48,9,,,B
367714040,2022-01-03T22:30:16,37.82943,-76.28356,0.0,57.0,511.0,MOSQUITO POINT,IMO9010400,WDI5986,30,,48,9,,,B
367714040,2022-01-03T22:18:14,37.82943,-76.28358,0.0,57.0,511.0,MOSQUITO POINT,IMO9010400,WDI5986,30,,48,9,,,B
367714040,2022-01-03T22:21:14,37.82944,-76.28357,0.0,57.0,511.0,MOSQUITO POINT,IMO9010400,WDI5986,30,,48,9,,,B
367714040,2022-01-03T23:06:14,37.82943,-76.28357,0.0,57.0,511.0,MOSQUITO POINT,IMO9010400,WDI5986,30,,48,9,,,B
367714040,2022-01-03T22:57:14,37.82942,-76.28357,0.0,57.0,511.0,MOSQUITO POINT,IMO9010400,WDI5986,30,,48,9,,,B
367714040,2022-01-03T23:03:14,37.82943,-76.28358,0.0,57.0,511.0,MOSQUITO POINT,IMO9010400,WDI5986,30,,48,9,,,B
367714040,2022-01-03T10:37:02,37.82944,-76.28357,0.0,37.9,511.0,MOSQUITO POINT,IMO9010400,WDI5986,30,,48,9,,,B
367714040,2022-01-03T23:12:15,37.82944,-76.28356,0.0,57.0,511.0,MOSQUITO POINT,IMO9010400,WDI5986,30,,48,9,,,B
367714040,2022-01-03T22:45:14,37.82943,-76.28358,0.0,57.0,511.0,MOSQUITO POINT,IMO9010400,WDI5986,30,,48,9,,,B
367714040,2022-01-03T23:24:14,37.82945,-76.28355,0.0,57.0,511.0,MOSQUITO POINT,IMO9010400,WDI5986,30,,48,9,,,B
367714040,2022-01-03T23:00:14,37.82944,-76.28356,0.0,57.0,511.0,MOSQUITO POINT,IMO9010400,WDI5986,30,,48,9,,,B
367714040,2022-01-03T23:15:14,37.82943,-76.28356,0.0,57.0,511.0,MOSQUITO POINT,IMO9010400,WDI5986,30,,48,9,,,B
367714040,2022-01-03T23:42:14,37.82945,-76.28357,0.0,68.7,511.0,MOSQUITO POINT,IMO9010400,WDI5986,30,,48,9,,,B
367714040,2022-01-03T23:33:16,37.82944,-76.28356,0.0,68.7,511.0,MOSQUITO POINT,IMO9010400,WDI5986,30,,48,9,,,B
367714040,2022-01-03T23:39:14,37.82943,-76.28357,0.0,68.7,511.0,MOSQUITO POINT,IMO9010400,WDI5986,30,,48,9,,,B
367714040,2022-01-03T11:12:59,37.82944,-76.28357,0.0,136.8,511.0,MOSQUITO POINT,IMO9010400,WDI5986,30,,48,9,,,B
367714040,2022-01-03T11:22:02,37.82945,-76.28358,0.0,136.8,511.0,MOSQUITO POINT,IMO9010400,WDI5986,30,,48,9,,,B
367714040,2022-01-03T11:37:02,37.82943,-76.28357,0.0,136.8,511.0,MOSQUITO POINT,IMO9010400,WDI5986,30,,48,9,,,B
367714040,2022-01-03T11:39:59,37.82943,-76.28357,0.0,136.8,511.0,MOSQUITO POINT,IMO9010400,WDI5986,30,,48,9,,,B
367714040,2022-01-03T12:18:59,37.82944,-76.28357,0.0,32.8,511.0,MOSQUITO POINT,IMO9010400,WDI5986,30,,48,9,,,B
367714040,2022-01-03T13:01:02,37.82944,-76.28356,0.0,71.7,511.0,MOSQUITO POINT,IMO9010400,WDI5986,30,,48,9,,,B
367714040,2022-01-03T13:13:01,37.82944,-76.28357,0.0,160.7,511.0,MOSQUITO POINT,IMO9010400,WDI5986,30,,48,9,,,B
367714040,2022-01-03T13:33:58,37.82943,-76.28353,0.0,160.7,511.0,MOSQUITO POINT,IMO9010400,WDI5986,30,,48,9,,,B
367714040,2022-01-03T13:42:59,37.82943,-76.28357,0.0,221.3,511.0,MOSQUITO POINT,IMO9010400,WDI5986,30,,48,9,,,B
367714040,2022-01-03T14:21:59,37.82946,-76.28354,0.0,111.3,511.0,MOSQUITO POINT,IMO9010400,WDI5986,30,,48,9,,,B
367714040,2022-01-03T15:01:00,37.82942,-76.28357,0.0,111.3,511.0,MOSQUITO POINT,IMO9010400,WDI5986,30,,48,9,,,B
367714040,2022-01-03T15:19:00,37.82944,-76.28357,0.0,60.7,511.0,MOSQUITO POINT,IMO9010400,WDI5986,30,,48,9,,,B
367714040,2022-01-03T15:22:00,37.82943,-76.28358,0.0,60.7,511.0,MOSQUITO POINT,IMO9010400,WDI5986,30,,48,9,,,B
367714040,2022-01-03T15:48:59,37.82943,-76.28357,0.0,70.1,511.0,MOSQUITO POINT,IMO9010400,WDI5986,30,,48,9,,,B
367714040,2022-01-03T15:58:00,37.82944,-76.28357,0.0,70.1,511.0,MOSQUITO POINT,IMO9010400,WDI5986,30,,48,9,,,B
367714040,2022-01-03T16:30:58,37.82945,-76.28357,0.0,34.3,511.0,MOSQUITO POINT,IMO9010400,WDI5986,30,,48,9,,,B
367714040,2022-01-03T17:12:59,37.82944,-76.28357,0.0,344.2,511.0,MOSQUITO POINT,IMO9010400,WDI5986,30,,48,9,,,B
367714040,2022-01-03T17:19:03,37.82943,-76.28357,0.0,344.2,511.0,MOSQUITO POINT,IMO9010400,WDI5986,30,,48,9,,,B
367714040,2022-01-03T17:28:00,37.82944,-76.28357,0.0,344.2,511.0,MOSQUITO POINT,IMO9010400,WDI5986,30,,48,9,,,B
367714040,2022-01-03T17:54:59,37.82943,-76.28357,0.0,293.0,511.0,MOSQUITO POINT,IMO9010400,WDI5986,30,,48,9,,,B
367714040,2022-01-03T18:01:02,37.82943,-76.28356,0.0,331.2,511.0,MOSQUITO POINT,IMO9010400,WDI5986,30,,48,9,,,B
367714040,2022-01-03T18:07:03,37.82943,-76.28356,0.0,331.2,511.0,MOSQUITO POINT,IMO9010400,WDI5986,30,,48,9,,,B
367714040,2022-01-03T18:10:03,37.82943,-76.28358,0.0,331.2,511.0,MOSQUITO POINT,IMO9010400,WDI5986,30,,48,9,,,B
367714040,2022-01-03T18:18:59,37.82943,-76.28356,0.0,211.3,511.0,MOSQUITO POINT,IMO9010400,WDI5986,30,,48,9,,,B
367714040,2022-01-03T18:27:59,37.82944,-76.28357,0.0,237.7,511.0,MOSQUITO POINT,IMO9010400,WDI5986,30,,48,9,,,B
367714040,2022-01-03T18:48:59,37.82941,-76.28356,0.0,237.7,511.0,MOSQUITO POINT,IMO9010400,WDI5986,30,,48,9,,,B
367714040,2022-01-03T18:54:59,37.82943,-76.28357,0.0,291.4,511.0,MOSQUITO POINT,IMO9010400,WDI5986,30,,48,9,,,B
367714040,2022-01-03T19:21:59,37.82943,-76.28355,0.0,297.0,511.0,MOSQUITO POINT,IMO9010400,WDI5986,30,,48,9,,,B
367714040,2022-01-03T20:31:00,37.82944,-76.28358,0.0,226.4,511.0,MOSQUITO POINT,IMO9010400,WDI5986,30,,48,9,,,B
367714040,2022-01-03T21:18:13,37.82944,-76.28356,0.0,338.9,511.0,MOSQUITO POINT,IMO9010400,WDI5986,30,,48,9,,,B
367714040,2022-01-03T21:27:13,37.82945,-76.28357,0.0,241.9,511.0,MOSQUITO POINT,IMO9010400,WDI5986,30,,48,9,,,B
367714040,2022-01-03T21:36:14,37.82944,-76.28359,0.0,273.1,511.0,MOSQUITO POINT,IMO9010400,WDI5986,30,,48,9,,,B
367714040,2022-01-03T21:39:13,37.82944,-76.28358,0.0,273.1,511.0,MOSQUITO POINT,IMO9010400,WDI5986,30,,48,9,,,B
367714040,2022-01-03T22:06:15,37.82943,-76.28356,0.0,57.0,511.0,MOSQUITO POINT,IMO9010400,WDI5986,30,,48,9,,,B
367714040,2022-01-03T22:15:14,37.82945,-76.28357,0.0,57.0,511.0,MOSQUITO POINT,IMO9010400,WDI5986,30,,48,9,,,B
367714040,2022-01-03T22:48:14,37.82943,-76.28357,0.0,57.0,511.0,MOSQUITO POINT,IMO9010400,WDI5986,30,,48,9,,,B
367714040,2022-01-03T22:54:15,37.82942,-76.28356,0.0,57.0,511.0,MOSQUITO POINT,IMO9010400,WDI5986,30,,48,9,,,B
367714040,2022-01-03T23:27:14,37.82944,-76.28354,0.0,57.0,511.0,MOSQUITO POINT,IMO9010400,WDI5986,30,,48,9,,,B
367714040,2022-01-03T23:36:14,37.82945,-76.28357,0.0,68.7,511.0,MOSQUITO POINT,IMO9010400,WDI5986,30,,48,9,,,B
367714040,2022-01-04T13:27:13,37.82943,-76.28357,0.0,311.0,511.0,MOSQUITO POINT,IMO9010400,WDI5986,30,,48,9,,,B
367714040,2022-01-04T13:30:14,37.82942,-76.28355,0.0,311.0,511.0,MOSQUITO POINT,IMO9010400,WDI5986,30,,48,9,,,B
367714040,2022-01-04T13:09:15,37.82942,-76.28357,0.0,311.0,511.0,MOSQUITO POINT,IMO9010400,WDI5986,30,,48,9,,,B
367714040,2022-01-04T13:36:15,37.82944,-76.28356,0.0,311.0,511.0,MOSQUITO POINT,IMO9010400,WDI5986,30,,48,9,,,B
367714040,2022-01-04T13:12:17,37.82943,-76.28356,0.0,311.0,511.0,MOSQUITO POINT,IMO9010400,WDI5986,30,,48,9,,,B
367714040,2022-01-04T13:42:15,37.82943,-76.28357,0.0,311.0,511.0,MOSQUITO POINT,IMO9010400,WDI5986,30,,48,9,,,B
367714040,2022-01-04T13:51:14,37.82943,-76.28355,0.0,311.0,511.0,MOSQUITO POINT,IMO9010400,WDI5986,30,,48,9,,,B
367714040,2022-01-04T13:21:15,37.82943,-76.28356,0.0,311.0,511.0,MOSQUITO POINT,IMO9010400,WDI5986,30,,48,9,,,B
367714040,2022-01-04T13:57:14,37.82942,-76.28354,0.0,329.2,511.0,MOSQUITO POINT,IMO9010400,WDI5986,30,,48,9,,,B
367714040,2022-01-04T14:03:15,37.82943,-76.28356,0.0,329.2,511.0,MOSQUITO POINT,IMO9010400,WDI5986,30,,48,9,,,B
367714040,2022-01-04T14:12:21,37.82944,-76.28358,0.0,282.8,511.0,MOSQUITO POINT,IMO9010400,WDI5986,30,,48,9,,,B
367714040,2022-01-04T13:48:14,37.82943,-76.28355,0.0,311.0,511.0,MOSQUITO POINT,IMO9010400,WDI5986,30,,48,9,,,B
367714040,2022-01-04T14:15:17,37.82943,-76.28358,0.0,282.8,511.0,MOSQUITO POINT,IMO9010400,WDI5986,30,,48,9,,,B
367714040,2022-01-04T13:54:13,37.82941,-76.28355,0.0,329.2,511.0,MOSQUITO POINT,IMO9010400,WDI5986,30,,48,9,,,B
367714040,2022-01-04T14:24:16,37.82944,-76.28358,0.0,232.5,511.0,MOSQUITO POINT,IMO9010400,WDI5986,30,,48,9,,,B
367714040,2022-01-04T13:45:17,37.82943,-76.28356,0.0,311.0,511.0,MOSQUITO POINT,IMO9010400,WDI5986,30,,48,9,,,B
367714040,2022-01-04T14:27:14,37.82943,-76.28356,0.0,232.5,511.0,MOSQUITO POINT,IMO9010400,WDI5986,30,,48,9,,,B
367714040,2022-01-04T14:36:14,37.82943,-76.28356,0.0,284.7,511.0,MOSQUITO POINT,IMO9010400,WDI5986,30,,48,9,,,B
367714040,2022-01-04T13:39:13,37.82943,-76.28358,0.0,311.0,511.0,MOSQUITO POINT,IMO9010400,WDI5986,30,,48,9,,,B
367714040,2022-01-04T14:00:14,37.82943,-76.28356,0.0,329.2,511.0,MOSQUITO POINT,IMO9010400,WDI5986,30,,48,9,,,B
367714040,2022-01-04T14:21:16,37.82943,-76.28357,0.0,232.5,511.0,MOSQUITO POINT,IMO9010400,WDI5986,30,,48,9,,,B
367714040,2022-01-04T15:06:16,37.82942,-76.28357,0.0,284.7,511.0,MOSQUITO POINT,IMO9010400,WDI5986,30,,48,9,,,B
367714040,2022-01-04T15:09:13,37.82943,-76.28358,0.0,284.7,511.0,MOSQUITO POINT,IMO9010400,WDI5986,30,,48,9,,,B
367714040,2022-01-04T14:39:15,37.82943,-76.28356,0.0,284.7,511.0,MOSQUITO POINT,IMO9010400,WDI5986,30,,48,9,,,B
367714040,2022-01-04T13:33:15,37.82944,-76.28353,0.0,311.0,511.0,MOSQUITO POINT,IMO9010400,WDI5986,30,,48,9,,,B
367714040,2022-01-04T15:18:17,37.82943,-76.28359,0.0,287.3,511.0,MOSQUITO POINT,IMO9010400,WDI5986,30,,48,9,,,B
367714040,2022-01-04T15:27:14,37.82942,-76.28357,0.0,287.3,511.0,MOSQUITO POINT,IMO9010400,WDI5986,30,,48,9,,,B
367714040,2022-01-04T14:30:13,37.82943,-76.28356,0.0,284.7,511.0,MOSQUITO POINT,IMO9010400,WDI5986,30,,48,9,,,B
367714040,2022-01-04T14:57:14,37.82942,-76.28358,0.0,284.7,511.0,MOSQUITO POINT,IMO9010400,WDI5986,30,,48,9,,,B
367714040,2022-01-04T15:00:17,37.82943,-76.28356,0.0,284.7,511.0,MOSQUITO POINT,IMO9010400,WDI5986,30,,48,9,,,B
367714040,2022-01-04T15:03:15,37.82941,-76.28356,0.0,284.7,511.0,MOSQUITO POINT,IMO9010400,WDI5986,30,,48,9,,,B
367714040,2022-01-04T14:45:14,37.82943,-76.28356,0.0,284.7,511.0,MOSQUITO POINT,IMO9010400,WDI5986,30,,48,9,,,B
367714040,2022-01-04T14:48:16,37.82944,-76.28358,0.0,284.7,511.0,MOSQUITO POINT,IMO9010400,WDI5986,30,,48,9,,,B
367714040,2022-01-04T15:12:14,37.82944,-76.28356,0.0,284.7,511.0,MOSQUITO POINT,IMO9010400,WDI5986,30,,48,9,,,B
367714040,2022-01-04T15:48:17,37.82943,-76.28358,0.0,287.3,511.0,MOSQUITO POINT,IMO9010400,WDI5986,30,,48,9,,,B
367714040,2022-01-04T14:09:14,37.82944,-76.28358,0.0,282.8,511.0,MOSQUITO POINT,IMO9010400,WDI5986,30,,48,9,,,B
367714040,2022-01-04T15:57:18,37.82943,-76.28356,0.0,287.3,511.0,MOSQUITO POINT,IMO9010400,WDI5986,30,,48,9,,,B
367714040,2022-01-04T15:21:14,37.82943,-76.28356,0.0,287.3,511.0,MOSQUITO POINT,IMO9010400,WDI5986,30,,48,9,,,B
367714040,2022-01-04T14:18:13,37.82944,-76.28354,0.0,282.8,511.0,MOSQUITO POINT,IMO9010400,WDI5986,30,,48,9,,,B
367714040,2022-01-04T15:30:15,37.82945,-76.28356,0.0,287.3,511.0,MOSQUITO POINT,IMO9010400,WDI5986,30,,48,9,,,B
367714040,2022-01-04T15:39:13,37.82944,-76.28354,0.0,287.3,511.0,MOSQUITO POINT,IMO9010400,WDI5986,30,,48,9,,,B
367714040,2022-01-04T16:21:15,37.82943,-76.28356,0.0,86.0,511.0,MOSQUITO POINT,IMO9010400,WDI5986,30,,48,9,,,B
367714040,2022-01-04T15:15:17,37.82945,-76.28355,0.0,331.0,511.0,MOSQUITO POINT,IMO9010400,WDI5986,30,,48,9,,,B
367714040,2022-01-04T15:45:14,37.82944,-76.28356,0.0,287.3,511.0,MOSQUITO POINT,IMO9010400,WDI5986,30,,48,9,,,B
367714040,2022-01-04T15:24:15,37.82943,-76.28357,0.0,287.3,511.0,MOSQUITO POINT,IMO9010400,WDI5986,30,,48,9,,,B
367714040,2022-01-04T16:24:14,37.82946,-76.28357,0.0,86.0,511.0,MOSQUITO POINT,IMO9010400,WDI5986,30,,48,9,,,B
367714040,2022-01-04T14:42:14,37.82943,-76.28356,0.0,284.7,511.0,MOSQUITO POINT,IMO9010400,WDI5986,30,,48,9,,,B
367714040,2022-01-04T16:36:17,37.82945,-76.28358,0.0,87.9,511.0,MOSQUITO POINT,IMO9010400,WDI5986,30,,48,9,,,B
367714040,2022-01-04T15:36:15,37.82945,-76.28356,0.0,287.3,511.0,MOSQUITO POINT,IMO9010400,WDI5986,30,,48,9,,,B
367714040,2022-01-04T16:06:15,37.82944,-76.28357,0.0,287.3,511.0,MOSQUITO POINT,IMO9010400,WDI5986,30,,48,9,,,B
367714040,2022-01-04T16:09:14,37.82943,-76.28355,0.0,287.3,511.0,MOSQUITO POINT,IMO9010400,WDI5986,30,,48,9,,,B
367714040,2022-01-04T14:51:15,37.82944,-76.28356,0.0,284.7,511.0,MOSQUITO POINT,IMO9010400,WDI5986,30,,48,9,,,B
367714040,2022-01-04T16:15:17,37.82943,-76.28355,0.0,287.3,511.0,MOSQUITO POINT,IMO9010400,WDI5986,30,,48,9,,,B
367714040,2022-01-04T16:18:14,37.82943,-76.28356,0.0,86.0,511.0,MOSQUITO POINT,IMO9010400,WDI5986,30,,48,9,,,B
367714040,2022-01-04T16:45:14,37.82944,-76.28356,0.0,133.8,511.0,MOSQUITO POINT,IMO9010400,WDI5986,30,,48,9,,,B
367714040,2022-01-04T16:27:16,37.82944,-76.28356,0.0,86.0,511.0,MOSQUITO POINT,IMO9010400,WDI5986,30,,48,9,,,B
367714040,2022-01-04T17:00:13,37.82945,-76.28357,0.0,138.1,511.0,MOSQUITO POINT,IMO9010400,WDI5986,30,,48,9,,,B
367714040,2022-01-04T16:33:14,37.82945,-76.28356,0.0,87.9,511.0,MOSQUITO POINT,IMO9010400,WDI5986,30,,48,9,,,B
367714040,2022-01-04T16:39:14,37.82944,-76.28358,0.0,87.9,511.0,MOSQUITO POINT,IMO9010400,WDI5986,30,,48,9,,,B
367714040,2022-01-04T17:12:14,37.82944,-76.28357,0.0,144.9,511.0,MOSQUITO POINT,IMO9010400,WDI5986,30,,48,9,,,B
367714040,2022-01-04T17:09:16,37.82943,-76.28356,0.0,144.9,511.0,MOSQUITO POINT,IMO9010400,WDI5986,30,,48,9,,,B
367714040,2022-01-04T16:48:13,37.82943,-76.28355,0.0,133.8,511.0,MOSQUITO POINT,IMO9010400,WDI5986,30,,48,9,,,B
367714040,2022-01-04T17:15:14,37.82944,-76.28357,0.0,144.9,511.0,MOSQUITO POINT,IMO9010400,WDI5986,30,,48,9,,,B
367714040,2022-01-04T16:51:13,37.82943,-76.28355,0.0,133.8,511.0,MOSQUITO POINT,IMO9010400,WDI5986,30,,48,9,,,B
367714040,2022-01-04T16:54:13,37.82943,-76.28354,0.0,138.1,511.0,MOSQUITO POINT,IMO9010400,WDI5986,30,,48,9,,,B
367714040,2022-01-04T16:57:14,37.82943,-76.28357,0.0,138.1,511.0,MOSQUITO POINT,IMO9010400,WDI5986,30,,48,9,,,B
367714040,2022-01-04T17:03:14,37.82943,-76.28356,0.0,138.1,511.0,MOSQUITO POINT,IMO9010400,WDI5986,30,,48,9,,,B
367714040,2022-01-04T16:30:14,37.82945,-76.28356,0.0,87.9,511.0,MOSQUITO POINT,IMO9010400,WDI5986,30,,48,9,,,B
367714040,2022-01-04T17:33:14,37.82943,-76.28357,0.0,91.8,511.0,MOSQUITO POINT,IMO9010400,WDI5986,30,,48,9,,,B
367714040,2022-01-04T17:39:14,37.82944,-76.28357,0.0,154.7,511.0,MOSQUITO POINT,IMO9010400,WDI5986,30,,48,9,,,B
367714040,2022-01-04T17:18:14,37.82944,-76.28357,0.0,144.9,511.0,MOSQUITO POINT,IMO9010400,WDI5986,30,,48,9,,,B
367714040,2022-01-04T17:21:17,37.82943,-76.28357,0.0,91.8,511.0,MOSQUITO POINT,IMO9010400,WDI5986,30,,48,9,,,B
367714040,2022-01-04T17:24:14,37.82943,-76.28358,0.0,91.8,511.0,MOSQUITO POINT,IMO9010400,WDI5986,30,,48,9,,,B
367714040,2022-01-04T17:48:15,37.82943,-76.28356,0.0,154.7,511.0,MOSQUITO POINT,IMO9010400,WDI5986,30,,48,9,,,B
367714040,2022-01-04T17:57:14,37.82944,-76.28356,0.0,154.7,511.0,MOSQUITO POINT,IMO9010400,WDI5986,30,,48,9,,,B
367714040,2022-01-04T17:36:15,37.82943,-76.28357,0.0,91.8,511.0,MOSQUITO POINT,IMO9010400,WDI5986,30,,48,9,,,B
367714040,2022-01-04T17:42:14,37.82943,-76.28357,0.0,154.7,511.0,MOSQUITO POINT,IMO9010400,WDI5986,30,,48,9,,,B
367714040,2022-01-04T16:03:14,37.82944,-76.28359,0.0,287.3,511.0,MOSQUITO POINT,IMO9010400,WDI5986,30,,48,9,,,B
367714040,2022-01-04T18:21:14,37.82942,-76.28356,0.0,156.1,511.0,MOSQUITO POINT,IMO9010400,WDI5986,30,,48,9,,,B
367714040,2022-01-04T17:45:15,37.82942,-76.28356,0.0,154.7,511.0,MOSQUITO POINT,IMO9010400,WDI5986,30,,48,9,,,B
367714040,2022-01-04T18:33:13,37.82943,-76.28355,0.0,149.6,511.0,MOSQUITO POINT,IMO9010400,WDI5986,30,,48,9,,,B
367714040,2022-01-04T17:51:14,37.82943,-76.28357,0.0,154.7,511.0,MOSQUITO POINT,IMO9010400,WDI5986,30,,48,9,,,B
367714040,2022-01-04T13:15:13,37.82945,-76.28356,0.0,311.0,511.0,MOSQUITO POINT,IMO9010400,WDI5986,30,,48,9,,,B
367714040,2022-01-04T13:18:14,37.82944,-76.28355,0.0,311.0,511.0,MOSQUITO POINT,IMO9010400,WDI5986,30,,48,9,,,B
367714040,2022-01-04T18:00:15,37.82943,-76.28356,0.0,154.7,511.0,MOSQUITO POINT,IMO9010400,WDI5986,30,,48,9,,,B
367714040,2022-01-04T13:24:17,37.82945,-76.28356,0.0,311.0,511.0,MOSQUITO POINT,IMO9010400,WDI5986,30,,48,9,,,B
367714040,2022-01-04T18:09:14,37.82944,-76.28356,0.0,197.1,511.0,MOSQUITO POINT,IMO9010400,WDI5986,30,,48,9,,,B
367714040,2022-01-04T17:30:14,37.82943,-76.28356,0.0,91.8,511.0,MOSQUITO POINT,IMO9010400,WDI5986,30,,48,9,,,B
367714040,2022-01-04T18:18:16,37.82943,-76.28357,0.0,156.1,511.0,MOSQUITO POINT,IMO9010400,WDI5986,30,,48,9,,,B
367714040,2022-01-04T17:54:18,37.82943,-76.28357,0.0,154.7,511.0,MOSQUITO POINT,IMO9010400,WDI5986,30,,48,9,,,B
367714040,2022-01-04T18:45:14,37.82941,-76.28356,0.0,149.6,511.0,MOSQUITO POINT,IMO9010400,WDI5986,30,,48,9,,,B
367714040,2022-01-04T18:42:17,37.82941,-76.28355,0.0,149.6,511.0,MOSQUITO POINT,IMO9010400,WDI5986,30,,48,9,,,B
367714040,2022-01-04T18:48:15,37.82942,-76.28356,0.0,149.6,511.0,MOSQUITO POINT,IMO9010400,WDI5986,30,,48,9,,,B
367714040,2022-01-04T18:06:14,37.82944,-76.28357,0.0,230.5,511.0,MOSQUITO POINT,IMO9010400,WDI5986,30,,48,9,,,B
367714040,2022-01-04T18:54:16,37.82943,-76.28357,0.0,150.4,511.0,MOSQUITO POINT,IMO9010400,WDI5986,30,,48,9,,,B
367714040,2022-01-04T14:06:16,37.82944,-76.28356,0.0,282.8,511.0,MOSQUITO POINT,IMO9010400,WDI5986,30,,48,9,,,B
367714040,2022-01-04T19:27:15,37.82944,-76.28358,0.0,287.3,511.0,MOSQUITO POINT,IMO9010400,WDI5986,30,,48,9,,,B
367714040,2022-01-04T19:03:15,37.82942,-76.28358,0.0,271.7,511.0,MOSQUITO POINT,IMO9010400,WDI5986,30,,48,9,,,B
367714040,2022-01-04T19:36:13,37.82944,-76.28357,0.0,192.0,511.0,MOSQUITO POINT,IMO9010400,WDI5986,30,,48,9,,,B
367714040,2022-01-04T19:12:13,37.82943,-76.28355,0.0,287.3,511.0,MOSQUITO POINT,IMO9010400,WDI5986,30,,48,9,,,B
367714040,2022-01-04T14:33:15,37.82943,-76.28356,0.0,284.7,511.0,MOSQUITO POINT,IMO9010400,WDI5986,30,,48,9,,,B
367714040,2022-01-04T20:09:14,37.82943,-76.28357,0.0,136.4,511.0,MOSQUITO POINT,IMO9010400,WDI5986,30,,48,9,,,B
367714040,2022-01-04T19:42:16,37.82944,-76.28356,0.0,153.3,511.0,MOSQUITO POINT,IMO9010400,WDI5986,30,,48,9,,,B
367714040,2022-01-04T19:45:14,37.82943,-76.28358,0.0,153.3,511.0,MOSQUITO POINT,IMO9010400,WDI5986,30,,48,9,,,B
367714040,2022-01-04T19:00:15,37.82943,-76.28358,0.0,253.5,511.0,MOSQUITO POINT,IMO9010400,WDI5986,30,,48,9,,,B
367714040,2022-01-04T14:54:14,37.82943,-76.28355,0.0,284.7,511.0,MOSQUITO POINT,IMO9010400,WDI5986,30,,48,9,,,B
367714040,2022-01-04T20:36:20,37.82943,-76.28357,0.0,136.4,511.0,MOSQUITO POINT,IMO9010400,WDI5986,30,,48,9,,,B
367714040,2022-01-04T19:09:15,37.82943,-76.28357,0.0,287.3,511.0,MOSQUITO POINT,IMO9010400,WDI5986,30,,48,9,,,B
367714040,2022-01-04T19:57:14,37.82943,-76.28359,0.0,136.4,511.0,MOSQUITO POINT,IMO9010400,WDI5986,30,,48,9,,,B
367714040,2022-01-04T18:03:16,37.82943,-76.28356,0.0,154.7,511.0,MOSQUITO POINT,IMO9010400,WDI5986,30,,48,9,,,B
367714040,2022-01-04T19:15:17,37.82945,-76.28356,0.0,287.3,511.0,MOSQUITO POINT,IMO9010400,WDI5986,30,,48,9,,,B
367714040,2022-01-04T20:06:14,37.82946,-76.28355,0.0,136.4,511.0,MOSQUITO POINT,IMO9010400,WDI5986,30,,48,9,,,B
367714040,2022-01-04T20:39:15,37.82945,-76.28356,0.0,136.4,511.0,MOSQUITO POINT,IMO9010400,WDI5986,30,,48,9,,,B
367714040,2022-01-04T20:42:14,37.82943,-76.28357,0.0,136.4,511.0,MOSQUITO POINT,IMO9010400,WDI5986,30,,48,9,,,B
367714040,2022-01-04T18:15:16,37.82943,-76.28356,0.0,197.1,511.0,MOSQUITO POINT,IMO9010400,WDI5986,30,,48,9,,,B
367714040,2022-01-04T19:30:18,37.82945,-76.28354,0.0,192.0,511.0,MOSQUITO POINT,IMO9010400,WDI5986,30,,48,9,,,B
367714040,2022-01-04T20:57:16,37.82945,-76.28355,0.0,82.9,511.0,MOSQUITO POINT,IMO9010400,WDI5986,30,,48,9,,,B
367714040,2022-01-04T19:33:14,37.82946,-76.28356,0.0,192.0,511.0,MOSQUITO POINT,IMO9010400,WDI5986,30,,48,9,,,B
367714040,2022-01-04T21:09:14,37.82943,-76.28357,0.0,353.0,511.0,MOSQUITO POINT,IMO9010400,WDI5986,30,,48,9,,,B
367714040,2022-01-04T21:00:14,37.82945,-76.28355,0.0,82.9,511.0,MOSQUITO POINT,IMO9010400,WDI5986,30,,48,9,,,B
367714040,2022-01-04T20:24:19,37.82944,-76.28358,0.0,136.4,511.0,MOSQUITO POINT,IMO9010400,WDI5986,30,,48,9,,,B
367714040,2022-01-04T21:15:14,37.82944,-76.28355,0.0,353.0,511.0,MOSQUITO POINT,IMO9010400,WDI5986,30,,48,9,,,B
367714040,2022-01-04T20:27:14,37.82944,-76.28358,0.0,136.4,511.0,MOSQUITO POINT,IMO9010400,WDI5986,30,,48,9,,,B
367714040,2022-01-04T18:27:14,37.82943,-76.28357,0.0,156.1,511.0,MOSQUITO POINT,IMO9010400,WDI5986,30,,48,9,,,B
367714040,2022-01-04T18:30:17,37.82944,-76.28357,0.0,149.6,511.0,MOSQUITO POINT,IMO9010400,WDI5986,30,,48,9,,,B
367714040,2022-01-04T21:24:16,37.82944,-76.28356,0.0,110.1,511.0,MOSQUITO POINT,IMO9010400,WDI5986,30,,48,9,,,B
367714040,2022-01-04T18:36:15,37.82943,-76.28357,0.0,149.6,511.0,MOSQUITO POINT,IMO9010400,WDI5986,30,,48,9,,,B
367714040,2022-01-04T15:33:14,37.82942,-76.28357,0.0,287.3,511.0,MOSQUITO POINT,IMO9010400,WDI5986,30,,48,9,,,B
367714040,2022-01-04T15:42:19,37.82944,-76.28356,0.0,287.3,511.0,MOSQUITO POINT,IMO9010400,WDI5986,30,,48,9,,,B
367714040,2022-01-04T21:21:17,37.82943,-76.28358,0.0,110.1,511.0,MOSQUITO POINT,IMO9010400,WDI5986,30,,48,9,,,B
367714040,2022-01-04T20:45:14,37.82942,-76.28357,0.0,136.4,511.0,MOSQUITO POINT,IMO9010400,WDI5986,30,,48,9,,,B
367714040,2022-01-04T20:48:15,37.82941,-76.28358,0.0,136.4,511.0,MOSQUITO POINT,IMO9010400,WDI5986,30,,48,9,,,B
367714040,2022-01-04T21:42:14,37.82944,-76.28358,0.0,245.5,511.0,MOSQUITO POINT,IMO9010400,WDI5986,30,,48,9,,,B
367714040,2022-01-04T15:51:13,37.82943,-76.28357,0.0,287.3,511.0,MOSQUITO POINT,IMO9010400,WDI5986,30,,48,9,,,B
367714040,2022-01-04T20:15:14,37.82944,-76.28356,0.0,136.4,511.0,MOSQUITO POINT,IMO9010400,WDI5986,30,,48,9,,,B
367714040,2022-01-04T15:54:18,37.82943,-76.28357,0.0,287.3,511.0,MOSQUITO POINT,IMO9010400,WDI5986,30,,48,9,,,B
367714040,2022-01-04T21:06:16,37.82942,-76.28356,0.0,353.0,511.0,MOSQUITO POINT,IMO9010400,WDI5986,30,,48,9,,,B
367714040,2022-01-04T21:12:14,37.82945,-76.28357,0.0,353.0,511.0,MOSQUITO POINT,IMO9010400,WDI5986,30,,48,9,,,B
367714040,2022-01-04T19:06:15,37.82943,-76.28356,0.0,287.3,511.0,MOSQUITO POINT,IMO9010400,WDI5986,30,,48,9,,,B
367714040,2022-01-04T16:12:13,37.82944,-76.28356,0.0,287.3,511.0,MOSQUITO POINT,IMO9010400,WDI5986,30,,48,9,,,B
367714040,2022-01-04T21:30:15,37.82944,-76.28357,0.0,110.1,511.0,MOSQUITO POINT,IMO9010400,WDI5986,30,,48,9,,,B
367714040,2022-01-04T21:27:15,37.82945,-76.28357,0.0,110.1,511.0,MOSQUITO POINT,IMO9010400,WDI5986,30,,48,9,,,B
367714040,2022-01-04T19:24:14,37.82943,-76.28358,0.0,287.3,511.0,MOSQUITO POINT,IMO9010400,WDI5986,30,,48,9,,,B
367714040,2022-01-04T21:45:13,37.82943,-76.28356,0.0,177.4,511.0,MOSQUITO POINT,IMO9010400,WDI5986,30,,48,9,,,B
367714040,2022-01-04T21:51:15,37.82945,-76.28356,0.0,177.4,511.0,MOSQUITO POINT,IMO9010400,WDI5986,30,,48,9,,,B
367714040,2022-01-04T21:48:16,37.82946,-76.28357,0.0,177.4,511.0,MOSQUITO POINT,IMO9010400,WDI5986,30,,48,9,,,B
367714040,2022-01-04T21:54:14,37.82944,-76.28358,0.0,177.4,511.0,MOSQUITO POINT,IMO9010400,WDI5986,30,,48,9,,,B
367714040,2022-01-04T16:42:16,37.82945,-76.28357,0.0,87.9,511.0,MOSQUITO POINT,IMO9010400,WDI5986,30,,48,9,,,B
367714040,2022-01-04T21:18:13,37.82944,-76.28356,0.0,110.1,511.0,MOSQUITO POINT,IMO9010400,WDI5986,30,,48,9,,,B
367714040,2022-01-04T22:06:17,37.82943,-76.28357,0.0,312.9,511.0,MOSQUITO POINT,IMO9010400,WDI5986,30,,48,9,,,B
367714040,2022-01-04T22:03:16,37.82943,-76.28356,0.0,312.9,511.0,MOSQUITO POINT,IMO9010400,WDI5986,30,,48,9,,,B
367714040,2022-01-04T22:12:14,37.82943,-76.28357,0.0,312.9,511.0,MOSQUITO POINT,IMO9010400,WDI5986,30,,48,9,,,B
367714040,2022-01-04T19:54:19,37.82943,-76.28357,0.0,136.4,511.0,MOSQUITO POINT,IMO9010400,WDI5986,30,,48,9,,,B
367714040,2022-01-04T23:12:14,37.82943,-76.28358,0.0,232.2,511.0,MOSQUITO POINT,IMO9010400,WDI5986,30,,48,9,,,B
367714040,2022-01-04T23:15:15,37.82943,-76.28357,0.0,232.2,511.0,MOSQUITO POINT,IMO9010400,WDI5986,30,,48,9,,,B
367714040,2022-01-04T23:09:14,37.82943,-76.28358,0.0,232.2,511.0,MOSQUITO POINT,IMO9010400,WDI5986,30,,48,9,,,B
367714040,2022-01-04T20:03:18,37.82944,-76.28358,0.0,136.4,511.0,MOSQUITO POINT,IMO9010400,WDI5986,30,,48,9,,,B
367714040,2022-01-04T22:24:14,37.82945,-76.28357,0.0,293.3,511.0,MOSQUITO POINT,IMO9010400,WDI5986,30,,48,9,,,B
367714040,2022-01-04T23:21:17,37.82943,-76.28356,0.0,248.2,511.0,MOSQUITO POINT,IMO9010400,WDI5986,30,,48,9,,,B
367714040,2022-01-04T22:54:17,37.82943,-76.28357,0.0,232.2,511.0,MOSQUITO POINT,IMO9010400,WDI5986,30,,48,9,,,B
367714040,2022-01-04T22:33:17,37.82946,-76.28357,0.0,315.8,511.0,MOSQUITO POINT,IMO9010400,WDI5986,30,,48,9,,,B
367714040,2022-01-04T23:30:14,37.82942,-76.28358,0.0,278.7,511.0,MOSQUITO POINT,IMO9010400,WDI5986,30,,48,9,,,B
367714040,2022-01-04T22:39:16,37.82944,-76.28358,0.0,315.8,511.0,MOSQUITO POINT,IMO9010400,WDI5986,30,,48,9,,,B
367714040,2022-01-04T20:21:13,37.82943,-76.28358,0.0,136.4,511.0,MOSQUITO POINT,IMO9010400,WDI5986,30,,48,9,,,B
367714040,2022-01-04T23:36:14,37.82943,-76.28356,0.0,278.7,511.0,MOSQUITO POINT,IMO9010400,WDI5986,30,,48,9,,,B
367714040,2022-01-04T22:15:16,37.82945,-76.28355,0.0,293.3,511.0,MOSQUITO POINT,IMO9010400,WDI5986,30,,48,9,,,B
367714040,2022-01-04T20:33:18,37.82944,-76.28357,0.0,136.4,511.0,MOSQUITO POINT,IMO9010400,WDI5986,30,,48,9,,,B
367714040,2022-01-04T23:06:14,37.82945,-76.28356,0.0,232.2,511.0,MOSQUITO POINT,IMO9010400,WDI5986,30,,48,9,,,B
367714040,2022-01-04T23:24:14,37.82943,-76.28356,0.0,248.2,511.0,MOSQUITO POINT,IMO9010400,WDI5986,30,,48,9,,,B
367714040,2022-01-04T17:27:13,37.82944,-76.28355,0.0,91.8,511.0,MOSQUITO POINT,IMO9010400,WDI5986,30,,48,9,,,B
367714040,2022-01-04T22:30:17,37.82943,-76.28357,0.0,315.8,511.0,MOSQUITO POINT,IMO9010400,WDI5986,30,,48,9,,,B
367714040,2022-01-04T22:42:14,37.82944,-76.28357,0.0,315.8,511.0,MOSQUITO POINT,IMO9010400,WDI5986,30,,48,9,,,B
367714040,2022-01-04T22:48:14,37.82943,-76.28356,0.0,346.9,511.0,MOSQUITO POINT,IMO9010400,WDI5986,30,,48,9,,,B
367714040,2022-01-04T23:39:14,37.82944,-76.28358,0.0,278.7,511.0,MOSQUITO POINT,IMO9010400,WDI5986,30,,48,9,,,B
367714040,2022-01-04T21:03:18,37.82946,-76.28357,0.0,353.0,511.0,MOSQUITO POINT,IMO9010400,WDI5986,30,,48,9,,,B
367714040,2022-01-04T23:33:14,37.82944,-76.28357,0.0,278.7,511.0,MOSQUITO POINT,IMO9010400,WDI5986,30,,48,9,,,B
367714040,2022-01-04T23:54:14,37.82943,-76.28359,0.0,341.4,511.0,MOSQUITO POINT,IMO9010400,WDI5986,30,,48,9,,,B
367714040,2022-01-04T23:45:17,37.82942,-76.28357,0.0,341.4,511.0,MOSQUITO POINT,IMO9010400,WDI5986,30,,48,9,,,B
367714040,2022-01-04T23:48:14,37.82944,-76.28356,0.0,341.4,511.0,MOSQUITO POINT,IMO9010400,WDI5986,30,,48,9,,,B
367714040,2022-01-04T18:12:15,37.82943,-76.28357,0.0,197.1,511.0,MOSQUITO POINT,IMO9010400,WDI5986,30,,48,9,,,B
367714040,2022-01-04T23:57:13,37.82944,-76.28356,0.0,341.4,511.0,MOSQUITO POINT,IMO9010400,WDI5986,30,,48,9,,,B
367714040,2022-01-04T18:24:14,37.82944,-76.28357,0.0,156.1,511.0,MOSQUITO POINT,IMO9010400,WDI5986,30,,48,9,,,B
367714040,2022-01-04T23:42:14,37.82944,-76.28356,0.0,341.4,511.0,MOSQUITO POINT,IMO9010400,WDI5986,30,,48,9,,,B
367714040,2022-01-04T18:39:15,37.82942,-76.28356,0.0,149.6,511.0,MOSQUITO POINT,IMO9010400,WDI5986,30,,48,9,,,B
367714040,2022-01-04T18:57:15,37.82942,-76.28355,0.0,253.5,511.0,MOSQUITO POINT,IMO9010400,WDI5986,30,,48,9,,,B
367714040,2022-01-04T22:09:15,37.82945,-76.28356,0.0,312.9,511.0,MOSQUITO POINT,IMO9010400,WDI5986,30,,48,9,,,B
367714040,2022-01-04T22:21:14,37.82944,-76.28357,0.0,293.3,511.0,MOSQUITO POINT,IMO9010400,WDI5986,30,,48,9,,,B
367714040,2022-01-04T22:27:13,37.82944,-76.28356,0.0,293.3,511.0,MOSQUITO POINT,IMO9010400,WDI5986,30,,48,9,,,B
367714040,2022-01-04T22:45:14,37.82944,-76.28357,0.0,346.9,511.0,MOSQUITO POINT,IMO9010400,WDI5986,30,,48,9,,,B
367714040,2022-01-04T22:51:14,37.82943,-76.28357,0.0,346.9,511.0,MOSQUITO POINT,IMO9010400,WDI5986,30,,48,9,,,B
367714040,2022-01-04T22:57:13,37.82942,-76.28358,0.0,232.2,511.0,MOSQUITO POINT,IMO9010400,WDI5986,30,,48,9,,,B
367714040,2022-01-04T19:51:15,37.82945,-76.28355,0.0,153.3,511.0,MOSQUITO POINT,IMO9010400,WDI5986,30,,48,9,,,B
367714040,2022-01-04T23:00:16,37.82943,-76.28357,0.0,232.2,511.0,MOSQUITO POINT,IMO9010400,WDI5986,30,,48,9,,,B
367714040,2022-01-04T23:18:13,37.82945,-76.28357,0.0,239.4,511.0,MOSQUITO POINT,IMO9010400,WDI5986,30,,48,9,,,B
367714040,2022-01-04T20:18:15,37.82943,-76.28356,0.0,136.4,511.0,MOSQUITO POINT,IMO9010400,WDI5986,30,,48,9,,,B
367714040,2022-01-04T23:27:15,37.82945,-76.28356,0.0,248.2,511.0,MOSQUITO POINT,IMO9010400,WDI5986,30,,48,9,,,B
367714040,2022-01-04T20:30:14,37.82943,-76.28356,0.0,136.4,511.0,MOSQUITO POINT,IMO9010400,WDI5986,30,,48,9,,,B
367714040,2022-01-04T20:51:17,37.82943,-76.28357,0.0,82.9,511.0,MOSQUITO POINT,IMO9010400,WDI5986,30,,48,9,,,B
367714040,2022-01-04T22:00:14,37.82945,-76.28357,0.0,312.9,511.0,MOSQUITO POINT,IMO9010400,WDI5986,30,,48,9,,,B
367714040,2022-01-04T22:36:15,37.82943,-76.28358,0.0,315.8,511.0,MOSQUITO POINT,IMO9010400,WDI5986,30,,48,9,,,B
367714040,2022-01-04T23:51:16,37.82943,-76.28358,0.0,341.4,511.0,MOSQUITO POINT,IMO9010400,WDI5986,30,,48,9,,,B
367714040,2022-01-05T00:00:16,37.82944,-76.28357,0.0,341.4,511.0,MOSQUITO POINT,IMO9010400,WDI5986,30,,48,9,,,B
367714040,2022-01-05T00:03:13,37.82944,-76.28356,0.0,341.4,511.0,MOSQUITO POINT,IMO9010400,WDI5986,30,,48,9,,,B
367714040,2022-01-05T00:06:16,37.82943,-76.28357,0.0,341.4,511.0,MOSQUITO POINT,IMO9010400,WDI5986,30,,48,9,,,B
367714040,2022-01-05T00:09:14,37.82943,-76.28356,0.0,341.4,511.0,MOSQUITO POINT,IMO9010400,WDI5986,30,,48,9,,,B
367714040,2022-01-05T00:12:16,37.82944,-76.28358,0.0,341.4,511.0,MOSQUITO POINT,IMO9010400,WDI5986,30,,48,9,,,B
367714040,2022-01-05T00:15:15,37.82943,-76.28356,0.0,345.7,511.0,MOSQUITO POINT,IMO9010400,WDI5986,30,,48,9,,,B
367714040,2022-01-05T00:18:17,37.82945,-76.28356,0.0,345.7,511.0,MOSQUITO POINT,IMO9010400,WDI5986,30,,48,9,,,B
367714040,2022-01-05T00:21:14,37.82943,-76.28356,0.0,345.7,511.0,MOSQUITO POINT,IMO9010400,WDI5986,30,,48,9,,,B
367714040,2022-01-05T00:24:14,37.82943,-76.28357,0.0,345.7,511.0,MOSQUITO POINT,IMO9010400,WDI5986,30,,48,9,,,B
367714040,2022-01-05T00:27:16,37.82942,-76.28357,0.0,345.7,511.0,MOSQUITO POINT,IMO9010400,WDI5986,30,,48,9,,,B
367714040,2022-01-05T00:30:13,37.82944,-76.28356,0.0,61.1,511.0,MOSQUITO POINT,IMO9010400,WDI5986,30,,48,9,,,B
367714040,2022-01-05T00:33:17,37.82945,-76.28359,0.0,61.1,511.0,MOSQUITO POINT,IMO9010400,WDI5986,30,,48,9,,,B
367714040,2022-01-05T00:39:15,37.82945,-76.28359,0.0,61.1,511.0,MOSQUITO POINT,IMO9010400,WDI5986,30,,48,9,,,B
367714040,2022-01-05T00:42:14,37.82944,-76.28357,0.0,61.1,511.0,MOSQUITO POINT,IMO9010400,WDI5986,30,,48,9,,,B
367714040,2022-01-05T00:45:14,37.82944,-76.28357,0.0,61.1,511.0,MOSQUITO POINT,IMO9010400,WDI5986,30,,48,9,,,B
367714040,2022-01-05T00:48:14,37.82945,-76.28356,0.0,61.1,511.0,MOSQUITO POINT,IMO9010400,WDI5986,30,,48,9,,,B
367714040,2022-01-05T00:54:14,37.82945,-76.28357,0.0,61.1,511.0,MOSQUITO POINT,IMO9010400,WDI5986,30,,48,9,,,B
367714040,2022-01-05T01:03:13,37.82943,-76.28355,0.0,61.1,511.0,MOSQUITO POINT,IMO9010400,WDI5986,30,,48,9,,,B
367714040,2022-01-05T00:57:16,37.82943,-76.28357,0.0,61.1,511.0,MOSQUITO POINT,IMO9010400,WDI5986,30,,48,9,,,B
367714040,2022-01-05T01:00:14,37.82943,-76.28356,0.0,61.1,511.0,MOSQUITO POINT,IMO9010400,WDI5986,30,,48,9,,,B
367714040,2022-01-05T01:09:16,37.82944,-76.28357,0.0,61.1,511.0,MOSQUITO POINT,IMO9010400,WDI5986,30,,48,9,,,B
367714040,2022-01-05T01:12:14,37.82945,-76.28357,0.0,61.1,511.0,MOSQUITO POINT,IMO9010400,WDI5986,30,,48,9,,,B
367714040,2022-01-05T01:15:18,37.82944,-76.28356,0.0,61.1,511.0,MOSQUITO POINT,IMO9010400,WDI5986,30,,48,9,,,B
367714040,2022-01-05T01:36:15,37.82943,-76.28357,0.0,3.3,511.0,MOSQUITO POINT,IMO9010400,WDI5986,30,,48,9,,,B
367714040,2022-01-05T01:42:15,37.82945,-76.28356,0.0,88.8,511.0,MOSQUITO POINT,IMO9010400,WDI5986,30,,48,9,,,B
367714040,2022-01-05T01:33:17,37.82944,-76.28357,0.0,3.3,511.0,MOSQUITO POINT,IMO9010400,WDI5986,30,,48,9,,,B
367714040,2022-01-05T01:51:13,37.82944,-76.28357,0.0,88.8,511.0,MOSQUITO POINT,IMO9010400,WDI5986,30,,48,9,,,B
367714040,2022-01-05T01:48:16,37.82945,-76.28356,0.0,88.8,511.0,MOSQUITO POINT,IMO9010400,WDI5986,30,,48,9,,,B
367714040,2022-01-05T01:57:15,37.82945,-76.28357,0.0,13.0,511.0,MOSQUITO POINT,IMO9010400,WDI5986,30,,48,9,,,B
367714040,2022-01-05T02:09:15,37.82945,-76.28359,0.0,79.7,511.0,MOSQUITO POINT,IMO9010400,WDI5986,30,,48,9,,,B
367714040,2022-01-05T02:00:16,37.82945,-76.28359,0.0,13.0,511.0,MOSQUITO POINT,IMO9010400,WDI5986,30,,48,9,,,B
367714040,2022-01-05T02:03:15,37.82943,-76.28356,0.0,13.0,511.0,MOSQUITO POINT,IMO9010400,WDI5986,30,,48,9,,,B
367714040,2022-01-05T02:06:14,37.82944,-76.28357,0.0,79.7,511.0,MOSQUITO POINT,IMO9010400,WDI5986,30,,48,9,,,B
367714040,2022-01-05T02:15:16,37.82944,-76.28357,0.0,79.7,511.0,MOSQUITO POINT,IMO9010400,WDI5986,30,,48,9,,,B
367714040,2022-01-05T02:24:14,37.82944,-76.28357,0.0,53.7,511.0,MOSQUITO POINT,IMO9010400,WDI5986,30,,48,9,,,B
367714040,2022-01-05T02:27:14,37.82944,-76.28357,0.0,53.7,511.0,MOSQUITO POINT,IMO9010400,WDI5986,30,,48,9,,,B
367714040,2022-01-05T02:33:14,37.82943,-76.28355,0.0,355.2,511.0,MOSQUITO POINT,IMO9010400,WDI5986,30,,48,9,,,B
367714040,2022-01-05T02:21:16,37.82943,-76.28357,0.0,53.7,511.0,MOSQUITO POINT,IMO9010400,WDI5986,30,,48,9,,,B
367714040,2022-01-05T02:36:16,37.82945,-76.28355,0.0,355.2,511.0,MOSQUITO POINT,IMO9010400,WDI5986,30,,48,9,,,B
367714040,2022-01-05T02:48:17,37.82945,-76.28358,0.0,87.9,511.0,MOSQUITO POINT,IMO9010400,WDI5986,30,,48,9,,,B
367714040,2022-01-05T02:45:17,37.82944,-76.28358,0.0,87.9,511.0,MOSQUITO POINT,IMO9010400,WDI5986,30,,48,9,,,B
367714040,2022-01-05T03:00:16,37.82944,-76.28357,0.0,37.7,511.0,MOSQUITO POINT,IMO9010400,WDI5986,30,,48,9,,,B
367714040,2022-01-05T02:54:16,37.82944,-76.28357,0.0,37.7,511.0,MOSQUITO POINT,IMO9010400,WDI5986,30,,48,9,,,B
367714040,2022-01-05T03:03:18,37.82944,-76.28356,0.0,12.3,511.0,MOSQUITO POINT,IMO9010400,WDI5986,30,,48,9,,,B
367714040,2022-01-05T01:21:13,37.82943,-76.28354,0.0,61.1,511.0,MOSQUITO POINT,IMO9010400,WDI5986,30,,48,9,,,B
367714040,2022-01-05T03:09:14,37.82944,-76.28357,0.0,87.8,511.0,MOSQUITO POINT,IMO9010400,WDI5986,30,,48,9,,,B
367714040,2022-01-05T03:24:15,37.82944,-76.28358,0.0,87.8,511.0,MOSQUITO POINT,IMO9010400,WDI5986,30,,48,9,,,B
367714040,2022-01-05T03:27:16,37.82944,-76.28357,0.0,87.8,511.0,MOSQUITO POINT,IMO9010400,WDI5986,30,,48,9,,,B
367714040,2022-01-05T03:15:15,37.82945,-76.28358,0.0,87.8,511.0,MOSQUITO POINT,IMO9010400,WDI5986,30,,48,9,,,B
367714040,2022-01-05T03:21:15,37.82944,-76.28356,0.0,87.8,511.0,MOSQUITO POINT,IMO9010400,WDI5986,30,,48,9,,,B
367714040,2022-01-05T03:42:14,37.82943,-76.28357,0.0,54.7,511.0,MOSQUITO POINT,IMO9010400,WDI5986,30,,48,9,,,B
367714040,2022-01-05T03:30:14,37.82944,-76.28358,0.0,45.5,511.0,MOSQUITO POINT,IMO9010400,WDI5986,30,,48,9,,,B
367714040,2022-01-05T03:45:14,37.82943,-76.28358,0.0,54.7,511.0,MOSQUITO POINT,IMO9010400,WDI5986,30,,48,9,,,B
367714040,2022-01-05T03:33:17,37.82943,-76.28360,0.0,119.3,511.0,MOSQUITO POINT,IMO9010400,WDI5986,30,,48,9,,,B
367714040,2022-01-05T03:48:16,37.82943,-76.28356,0.0,54.7,511.0,MOSQUITO POINT,IMO9010400,WDI5986,30,,48,9,,,B
367714040,2022-01-05T03:39:14,37.82943,-76.28358,0.0,134.2,511.0,MOSQUITO POINT,IMO9010400,WDI5986,30,,48,9,,,B
367714040,2022-01-05T03:54:14,37.82944,-76.28356,0.0,54.7,511.0,MOSQUITO POINT,IMO9010400,WDI5986,30,,48,9,,,B
367714040,2022-01-05T04:09:14,37.82944,-76.28358,0.0,18.2,511.0,MOSQUITO POINT,IMO9010400,WDI5986,30,,48,9,,,B
367714040,2022-01-05T04:03:13,37.82944,-76.28358,0.0,54.7,511.0,MOSQUITO POINT,IMO9010400,WDI5986,30,,48,9,,,B
367714040,2022-01-05T01:39:14,37.82944,-76.28357,0.0,88.8,511.0,MOSQUITO POINT,IMO9010400,WDI5986,30,,48,9,,,B
367714040,2022-01-05T04:06:14,37.82944,-76.28357,0.0,22.2,511.0,MOSQUITO POINT,IMO9010400,WDI5986,30,,48,9,,,B
367714040,2022-01-05T04:18:15,37.82944,-76.28356,0.0,356.5,511.0,MOSQUITO POINT,IMO9010400,WDI5986,30,,48,9,,,B
367714040,2022-01-05T04:30:14,37.82944,-76.28358,0.0,356.5,511.0,MOSQUITO POINT,IMO9010400,WDI5986,30,,48,9,,,B
367714040,2022-01-05T04:33:13,37.82945,-76.28357,0.0,356.5,511.0,MOSQUITO POINT,IMO9010400,WDI5986,30,,48,9,,,B
367714040,2022-01-05T04:36:14,37.82946,-76.28357,0.0,356.5,511.0,MOSQUITO POINT,IMO9010400,WDI5986,30,,48,9,,,B
367714040,2022-01-05T04:27:14,37.82945,-76.28357,0.0,356.5,511.0,MOSQUITO POINT,IMO9010400,WDI5986,30,,48,9,,,B
367714040,2022-01-05T04:39:15,37.82944,-76.28356,0.0,356.5,511.0,MOSQUITO POINT,IMO9010400,WDI5986,30,,48,9,,,B
367714040,2022-01-05T04:48:14,37.82944,-76.28357,0.0,356.5,511.0,MOSQUITO POINT,IMO9010400,WDI5986,30,,48,9,,,B
367714040,2022-01-05T04:54:18,37.82945,-76.28356,0.0,163.1,511.0,MOSQUITO POINT,IMO9010400,WDI5986,30,,48,9,,,B
367714040,2022-01-05T05:00:16,37.82946,-76.28358,0.0,169.1,511.0,MOSQUITO POINT,IMO9010400,WDI5986,30,,48,9,,,B
367714040,2022-01-05T04:45:17,37.82944,-76.28357,0.0,356.5,511.0,MOSQUITO POINT,IMO9010400,WDI5986,30,,48,9,,,B
367714040,2022-01-05T04:51:15,37.82945,-76.28357,0.0,356.5,511.0,MOSQUITO POINT,IMO9010400,WDI5986,30,,48,9,,,B
367714040,2022-01-05T05:09:14,37.82944,-76.28358,0.0,169.1,511.0,MOSQUITO POINT,IMO9010400,WDI5986,30,,48,9,,,B
367714040,2022-01-05T05:06:14,37.82944,-76.28356,0.0,169.1,511.0,MOSQUITO POINT,IMO9010400,WDI5986,30,,48,9,,,B
367714040,2022-01-05T05:15:16,37.82942,-76.28357,0.0,169.1,511.0,MOSQUITO POINT,IMO9010400,WDI5986,30,,48,9,,,B
367714040,2022-01-05T05:12:13,37.82943,-76.28357,0.0,169.1,511.0,MOSQUITO POINT,IMO9010400,WDI5986,30,,48,9,,,B
367714040,2022-01-05T05:18:14,37.82941,-76.28357,0.0,169.1,511.0,MOSQUITO POINT,IMO9010400,WDI5986,30,,48,9,,,B
367714040,2022-01-05T05:03:14,37.82943,-76.28357,0.0,169.1,511.0,MOSQUITO POINT,IMO9010400,WDI5986,30,,48,9,,,B
367714040,2022-01-05T05:30:13,37.82944,-76.28357,0.0,172.5,511.0,MOSQUITO POINT,IMO9010400,WDI5986,30,,48,9,,,B
367714040,2022-01-05T05:21:15,37.82943,-76.28357,0.0,172.5,511.0,MOSQUITO POINT,IMO9010400,WDI5986,30,,48,9,,,B
367714040,2022-01-05T05:27:15,37.82944,-76.28357,0.0,172.5,511.0,MOSQUITO POINT,IMO9010400,WDI5986,30,,48,9,,,B
367714040,2022-01-05T05:45:17,37.82944,-76.28357,0.0,172.5,511.0,MOSQUITO POINT,IMO9010400,WDI5986,30,,48,9,,,B
367714040,2022-01-05T05:39:16,37.82943,-76.28356,0.0,172.5,511.0,MOSQUITO POINT,IMO9010400,WDI5986,30,,48,9,,,B
367714040,2022-01-05T05:54:16,37.82943,-76.28357,0.0,172.5,511.0,MOSQUITO POINT,IMO9010400,WDI5986,30,,48,9,,,B
367714040,2022-01-05T05:57:18,37.82943,-76.28358,0.0,172.5,511.0,MOSQUITO POINT,IMO9010400,WDI5986,30,,48,9,,,B
367714040,2022-01-05T05:36:15,37.82944,-76.28356,0.0,172.5,511.0,MOSQUITO POINT,IMO9010400,WDI5986,30,,48,9,,,B
367714040,2022-01-05T05:42:15,37.82944,-76.28358,0.0,172.5,511.0,MOSQUITO POINT,IMO9010400,WDI5986,30,,48,9,,,B
367714040,2022-01-05T06:00:14,37.82944,-76.28357,0.0,172.5,511.0,MOSQUITO POINT,IMO9010400,WDI5986,30,,48,9,,,B
367714040,2022-01-05T06:18:14,37.82943,-76.28357,0.0,261.4,511.0,MOSQUITO POINT,IMO9010400,WDI5986,30,,48,9,,,B
367714040,2022-01-05T06:06:15,37.82943,-76.28356,0.0,172.5,511.0,MOSQUITO POINT,IMO9010400,WDI5986,30,,48,9,,,B
367714040,2022-01-05T06:03:14,37.82943,-76.28357,0.0,172.5,511.0,MOSQUITO POINT,IMO9010400,WDI5986,30,,48,9,,,B
367714040,2022-01-05T06:30:14,37.82942,-76.28357,0.0,292.1,511.0,MOSQUITO POINT,IMO9010400,WDI5986,30,,48,9,,,B
367714040,2022-01-05T06:09:13,37.82944,-76.28357,0.0,172.5,511.0,MOSQUITO POINT,IMO9010400,WDI5986,30,,48,9,,,B
367714040,2022-01-05T06:21:18,37.82942,-76.28357,0.0,261.4,511.0,MOSQUITO POINT,IMO9010400,WDI5986,30,,48,9,,,B
367714040,2022-01-05T06:36:15,37.82943,-76.28357,0.0,292.1,511.0,MOSQUITO POINT,IMO9010400,WDI5986,30,,48,9,,,B
367714040,2022-01-05T06:24:14,37.82942,-76.28358,0.0,261.4,511.0,MOSQUITO POINT,IMO9010400,WDI5986,30,,48,9,,,B
367714040,2022-01-05T06:27:17,37.82943,-76.28357,0.0,261.4,511.0,MOSQUITO POINT,IMO9010400,WDI5986,30,,48,9,,,B
367714040,2022-01-05T06:39:17,37.82943,-76.28357,0.0,292.1,511.0,MOSQUITO POINT,IMO9010400,WDI5986,30,,48,9,,,B
367714040,2022-01-05T06:42:16,37.82944,-76.28356,0.0,292.1,511.0,MOSQUITO POINT,IMO9010400,WDI5986,30,,48,9,,,B
367714040,2022-01-05T02:42:19,37.82943,-76.28358,0.0,87.9,511.0,MOSQUITO POINT,IMO9010400,WDI5986,30,,48,9,,,B
367714040,2022-01-05T06:48:15,37.82943,-76.28356,0.0,292.1,511.0,MOSQUITO POINT,IMO9010400,WDI5986,30,,48,9,,,B
367714040,2022-01-05T06:51:13,37.82944,-76.28357,0.0,252.8,511.0,MOSQUITO POINT,IMO9010400,WDI5986,30,,48,9,,,B
367714040,2022-01-05T07:03:14,37.82945,-76.28358,0.0,252.8,511.0,MOSQUITO POINT,IMO9010400,WDI5986,30,,48,9,,,B
367714040,2022-01-05T06:45:14,37.82945,-76.28358,0.0,292.1,511.0,MOSQUITO POINT,IMO9010400,WDI5986,30,,48,9,,,B
367714040,2022-01-05T06:54:17,37.82943,-76.28357,0.0,252.8,511.0,MOSQUITO POINT,IMO9010400,WDI5986,30,,48,9,,,B
367714040,2022-01-05T06:57:15,37.82944,-76.28358,0.0,252.8,511.0,MOSQUITO POINT,IMO9010400,WDI5986,30,,48,9,,,B
367714040,2022-01-05T07:12:14,37.82942,-76.28356,0.0,252.8,511.0,MOSQUITO POINT,IMO9010400,WDI5986,30,,48,9,,,B
367714040,2022-01-05T07:00:14,37.82944,-76.28356,0.0,252.8,511.0,MOSQUITO POINT,IMO9010400,WDI5986,30,,48,9,,,B
367714040,2022-01-05T07:15:15,37.82945,-76.28356,0.0,252.8,511.0,MOSQUITO POINT,IMO9010400,WDI5986,30,,48,9,,,B
367714040,2022-01-05T02:57:15,37.82942,-76.28356,0.0,37.7,511.0,MOSQUITO POINT,IMO9010400,WDI5986,30,,48,9,,,B
367714040,2022-01-05T07:09:16,37.82945,-76.28357,0.0,252.8,511.0,MOSQUITO POINT,IMO9010400,WDI5986,30,,48,9,,,B
367714040,2022-01-05T07:30:14,37.82944,-76.28355,0.0,175.7,511.0,MOSQUITO POINT,IMO9010400,WDI5986,30,,48,9,,,B
367714040,2022-01-05T07:33:14,37.82941,-76.28355,0.0,175.7,511.0,MOSQUITO POINT,IMO9010400,WDI5986,30,,48,9,,,B
367714040,2022-01-05T07:21:14,37.82943,-76.28357,0.0,175.7,511.0,MOSQUITO POINT,IMO9010400,WDI5986,30,,48,9,,,B
367714040,2022-01-05T07:18:14,37.82945,-76.28356,0.0,252.8,511.0,MOSQUITO POINT,IMO9010400,WDI5986,30,,48,9,,,B
367714040,2022-01-05T07:24:15,37.82945,-76.28357,0.0,175.7,511.0,MOSQUITO POINT,IMO9010400,WDI5986,30,,48,9,,,B
367714040,2022-01-05T07:27:16,37.82942,-76.28357,0.0,175.7,511.0,MOSQUITO POINT,IMO9010400,WDI5986,30,,48,9,,,B
367714040,2022-01-05T07:42:14,37.82943,-76.28355,0.0,175.7,511.0,MOSQUITO POINT,IMO9010400,WDI5986,30,,48,9,,,B
367714040,2022-01-05T07:39:14,37.82947,-76.28357,0.0,175.7,511.0,MOSQUITO POINT,IMO9010400,WDI5986,30,,48,9,,,B
367714040,2022-01-05T07:51:16,37.82945,-76.28357,0.0,175.7,511.0,MOSQUITO POINT,IMO9010400,WDI5986,30,,48,9,,,B
367714040,2022-01-05T07:48:17,37.82943,-76.28356,0.0,175.7,511.0,MOSQUITO POINT,IMO9010400,WDI5986,30,,48,9,,,B
367714040,2022-01-05T07:45:14,37.82942,-76.28356,0.0,175.7,511.0,MOSQUITO POINT,IMO9010400,WDI5986,30,,48,9,,,B
367714040,2022-01-05T07:54:15,37.82944,-76.28357,0.0,162.0,511.0,MOSQUITO POINT,IMO9010400,WDI5986,30,,48,9,,,B
367714040,2022-01-05T07:57:15,37.82944,-76.28355,0.0,162.0,511.0,MOSQUITO POINT,IMO9010400,WDI5986,30,,48,9,,,B
367714040,2022-01-05T08:00:16,37.82944,-76.28356,0.0,162.0,511.0,MOSQUITO POINT,IMO9010400,WDI5986,30,,48,9,,,B
367714040,2022-01-05T08:06:16,37.82943,-76.28357,0.0,95.3,511.0,MOSQUITO POINT,IMO9010400,WDI5986,30,,48,9,,,B
367714040,2022-01-05T08:03:13,37.82943,-76.28356,0.0,95.3,511.0,MOSQUITO POINT,IMO9010400,WDI5986,30,,48,9,,,B
367714040,2022-01-05T08:18:14,37.82946,-76.28356,0.0,33.7,511.0,MOSQUITO POINT,IMO9010400,WDI5986,30,,48,9,,,B
367714040,2022-01-05T08:12:15,37.82945,-76.28355,0.0,95.3,511.0,MOSQUITO POINT,IMO9010400,WDI5986,30,,48,9,,,B
367714040,2022-01-05T08:21:18,37.82943,-76.28356,0.0,33.7,511.0,MOSQUITO POINT,IMO9010400,WDI5986,30,,48,9,,,B
367714040,2022-01-05T08:27:14,37.82943,-76.28356,0.0,33.7,511.0,MOSQUITO POINT,IMO9010400,WDI5986,30,,48,9,,,B
367714040,2022-01-05T08:24:15,37.82943,-76.28357,0.0,33.7,511.0,MOSQUITO POINT,IMO9010400,WDI5986,30,,48,9,,,B
367714040,2022-01-05T08:42:16,37.82943,-76.28356,0.0,6.0,511.0,MOSQUITO POINT,IMO9010400,WDI5986,30,,48,9,,,B
367714040,2022-01-05T08:45:13,37.82943,-76.28356,0.0,6.0,511.0,MOSQUITO POINT,IMO9010400,WDI5986,30,,48,9,,,B
367714040,2022-01-05T08:33:14,37.82945,-76.28357,0.0,6.0,511.0,MOSQUITO POINT,IMO9010400,WDI5986,30,,48,9,,,B
367714040,2022-01-05T08:36:14,37.82943,-76.28358,0.0,6.0,511.0,MOSQUITO POINT,IMO9010400,WDI5986,30,,48,9,,,B
367714040,2022-01-05T08:51:14,37.82941,-76.28356,0.0,6.0,511.0,MOSQUITO POINT,IMO9010400,WDI5986,30,,48,9,,,B
367714040,2022-01-05T08:54:15,37.82942,-76.28357,0.0,2.8,511.0,MOSQUITO POINT,IMO9010400,WDI5986,30,,48,9,,,B
367714040,2022-01-05T09:00:13,37.82944,-76.28357,0.0,2.8,511.0,MOSQUITO POINT,IMO9010400,WDI5986,30,,48,9,,,B
367714040,2022-01-05T09:24:15,37.82944,-76.28357,0.0,124.8,511.0,MOSQUITO POINT,IMO9010400,WDI5986,30,,48,9,,,B
367714040,2022-01-05T09:27:14,37.82944,-76.28357,0.0,124.8,511.0,MOSQUITO POINT,IMO9010400,WDI5986,30,,48,9,,,B
367714040,2022-01-05T09:12:14,37.82943,-76.28356,0.0,84.3,511.0,MOSQUITO POINT,IMO9010400,WDI5986,30,,48,9,,,B
367714040,2022-01-05T09:15:14,37.82943,-76.28356,0.0,84.3,511.0,MOSQUITO POINT,IMO9010400,WDI5986,30,,48,9,,,B
367714040,2022-01-05T09:21:13,37.82944,-76.28356,0.0,124.8,511.0,MOSQUITO POINT,IMO9010400,WDI5986,30,,48,9,,,B
367714040,2022-01-05T09:36:13,37.82943,-76.28357,0.0,124.8,511.0,MOSQUITO POINT,IMO9010400,WDI5986,30,,48,9,,,B
367714040,2022-01-05T09:39:15,37.82944,-76.28357,0.0,124.8,511.0,MOSQUITO POINT,IMO9010400,WDI5986,30,,48,9,,,B
367714040,2022-01-05T09:33:14,37.82944,-76.28358,0.0,124.8,511.0,MOSQUITO POINT,IMO9010400,WDI5986,30,,48,9,,,B
367714040,2022-01-05T09:42:14,37.82944,-76.28357,0.0,124.8,511.0,MOSQUITO POINT,IMO9010400,WDI5986,30,,48,9,,,B
367714040,2022-01-05T09:30:14,37.82943,-76.28356,0.0,124.8,511.0,MOSQUITO POINT,IMO9010400,WDI5986,30,,48,9,,,B
367714040,2022-01-05T09:48:14,37.82943,-76.28357,0.0,124.8,511.0,MOSQUITO POINT,IMO9010400,WDI5986,30,,48,9,,,B
367714040,2022-01-05T09:51:15,37.82944,-76.28358,0.0,124.8,511.0,MOSQUITO POINT,IMO9010400,WDI5986,30,,48,9,,,B
367714040,2022-01-05T03:57:13,37.82944,-76.28358,0.0,54.7,511.0,MOSQUITO POINT,IMO9010400,WDI5986,30,,48,9,,,B
367714040,2022-01-05T09:45:14,37.82945,-76.28358,0.0,124.8,511.0,MOSQUITO POINT,IMO9010400,WDI5986,30,,48,9,,,B
367714040,2022-01-05T10:18:13,37.82944,-76.28356,0.0,266.2,511.0,MOSQUITO POINT,IMO9010400,WDI5986,30,,48,9,,,B
367714040,2022-01-05T10:09:17,37.82946,-76.28357,0.0,152.2,511.0,MOSQUITO POINT,IMO9010400,WDI5986,30,,48,9,,,B
367714040,2022-01-05T10:00:14,37.82946,-76.28358,0.0,124.8,511.0,MOSQUITO POINT,IMO9010400,WDI5986,30,,48,9,,,B
367714040,2022-01-05T10:15:17,37.82944,-76.28357,0.0,157.8,511.0,MOSQUITO POINT,IMO9010400,WDI5986,30,,48,9,,,B
367714040,2022-01-05T10:06:13,37.82944,-76.28357,0.0,151.3,511.0,MOSQUITO POINT,IMO9010400,WDI5986,30,,48,9,,,B
367714040,2022-01-05T10:12:17,37.82945,-76.28356,0.0,152.2,511.0,MOSQUITO POINT,IMO9010400,WDI5986,30,,48,9,,,B
367714040,2022-01-05T10:45:15,37.82944,-76.28355,0.0,251.8,511.0,MOSQUITO POINT,IMO9010400,WDI5986,30,,48,9,,,B
367714040,2022-01-05T10:21:14,37.82943,-76.28357,0.0,251.8,511.0,MOSQUITO POINT,IMO9010400,WDI5986,30,,48,9,,,B
367714040,2022-01-05T10:30:15,37.82943,-76.28356,0.0,251.8,511.0,MOSQUITO POINT,IMO9010400,WDI5986,30,,48,9,,,B
367714040,2022-01-05T10:36:16,37.82943,-76.28357,0.0,251.8,511.0,MOSQUITO POINT,IMO9010400,WDI5986,30,,48,9,,,B
367714040,2022-01-05T10:24:16,37.82944,-76.28357,0.0,251.8,511.0,MOSQUITO POINT,IMO9010400,WDI5986,30,,48,9,,,B
367714040,2022-01-05T10:33:15,37.82945,-76.28356,0.0,251.8,511.0,MOSQUITO POINT,IMO9010400,WDI5986,30,,48,9,,,B
367714040,2022-01-05T10:42:15,37.82943,-76.28356,0.0,251.8,511.0,MOSQUITO POINT,IMO9010400,WDI5986,30,,48,9,,,B
367714040,2022-01-05T10:48:18,37.82942,-76.28356,0.0,251.8,511.0,MOSQUITO POINT,IMO9010400,WDI5986,30,,48,9,,,B
367714040,2022-01-05T10:39:15,37.82943,-76.28357,0.0,251.8,511.0,MOSQUITO POINT,IMO9010400,WDI5986,30,,48,9,,,B
367714040,2022-01-05T11:09:14,37.82943,-76.28357,0.0,60.4,511.0,MOSQUITO POINT,IMO9010400,WDI5986,30,,48,9,,,B
367714040,2022-01-05T10:54:16,37.82942,-76.28357,0.0,251.8,511.0,MOSQUITO POINT,IMO9010400,WDI5986,30,,48,9,,,B
367714040,2022-01-05T10:57:14,37.82943,-76.28358,0.0,251.8,511.0,MOSQUITO POINT,IMO9010400,WDI5986,30,,48,9,,,B
367714040,2022-01-05T11:00:18,37.82944,-76.28357,0.0,251.8,511.0,MOSQUITO POINT,IMO9010400,WDI5986,30,,48,9,,,B
367714040,2022-01-05T11:21:13,37.82943,-76.28357,0.0,28.0,511.0,MOSQUITO POINT,IMO9010400,WDI5986,30,,48,9,,,B
367714040,2022-01-05T11:12:13,37.82943,-76.28357,0.0,60.4,511.0,MOSQUITO POINT,IMO9010400,WDI5986,30,,48,9,,,B
367714040,2022-01-05T11:27:13,37.82943,-76.28356,0.0,78.0,511.0,MOSQUITO POINT,IMO9010400,WDI5986,30,,48,9,,,B
367714040,2022-01-05T11:15:16,37.82945,-76.28356,0.0,28.0,511.0,MOSQUITO POINT,IMO9010400,WDI5986,30,,48,9,,,B
367714040,2022-01-05T11:18:17,37.82946,-76.28357,0.0,28.0,511.0,MOSQUITO POINT,IMO9010400,WDI5986,30,,48,9,,,B
367714040,2022-01-05T11:33:14,37.82943,-76.28357,0.0,78.0,511.0,MOSQUITO POINT,IMO9010400,WDI5986,30,,48,9,,,B
367714040,2022-01-05T11:48:14,37.82944,-76.28356,0.0,78.0,511.0,MOSQUITO POINT,IMO9010400,WDI5986,30,,48,9,,,B
367714040,2022-01-05T11:30:15,37.82943,-76.28356,0.0,78.0,511.0,MOSQUITO POINT,IMO9010400,WDI5986,30,,48,9,,,B
367714040,2022-01-05T11:54:14,37.82943,-76.28357,0.0,78.0,511.0,MOSQUITO POINT,IMO9010400,WDI5986,30,,48,9,,,B
367714040,2022-01-05T11:36:15,37.82942,-76.28357,0.0,78.0,511.0,MOSQUITO POINT,IMO9010400,WDI5986,30,,48,9,,,B
367714040,2022-01-05T11:57:14,37.82944,-76.28356,0.0,10.0,511.0,MOSQUITO POINT,IMO9010400,WDI5986,30,,48,9,,,B
367714040,2022-01-05T11:42:14,37.82943,-76.28356,0.0,78.0,511.0,MOSQUITO POINT,IMO9010400,WDI5986,30,,48,9,,,B
367714040,2022-01-05T11:45:16,37.82944,-76.28357,0.0,78.0,511.0,MOSQUITO POINT,IMO9010400,WDI5986,30,,48,9,,,B
367714040,2022-01-05T11:39:16,37.82942,-76.28355,0.0,78.0,511.0,MOSQUITO POINT,IMO9010400,WDI5986,30,,48,9,,,B
367714040,2022-01-05T04:42:13,37.82943,-76.28356,0.0,356.5,511.0,MOSQUITO POINT,IMO9010400,WDI5986,30,,48,9,,,B
367714040,2022-01-05T12:00:16,37.82946,-76.28358,0.0,10.0,511.0,MOSQUITO POINT,IMO9010400,WDI5986,30,,48,9,,,B
367714040,2022-01-05T11:51:14,37.82943,-76.28355,0.0,78.0,511.0,MOSQUITO POINT,IMO9010400,WDI5986,30,,48,9,,,B
367714040,2022-01-05T12:03:14,37.82945,-76.28356,0.0,10.0,511.0,MOSQUITO POINT,IMO9010400,WDI5986,30,,48,9,,,B
367714040,2022-01-05T12:06:14,37.82944,-76.28357,0.0,274.3,511.0,MOSQUITO POINT,IMO9010400,WDI5986,30,,48,9,,,B
367714040,2022-01-05T12:09:14,37.82943,-76.28358,0.0,274.3,511.0,MOSQUITO POINT,IMO9010400,WDI5986,30,,48,9,,,B
367714040,2022-01-05T12:12:15,37.82944,-76.28358,0.0,274.3,511.0,MOSQUITO POINT,IMO9010400,WDI5986,30,,48,9,,,B
367714040,2022-01-05T12:18:16,37.82945,-76.28357,0.0,274.3,511.0,MOSQUITO POINT,IMO9010400,WDI5986,30,,48,9,,,B
367714040,2022-01-05T12:27:15,37.82943,-76.28356,0.0,274.3,511.0,MOSQUITO POINT,IMO9010400,WDI5986,30,,48,9,,,B
367714040,2022-01-05T12:30:18,37.82943,-76.28356,0.0,274.3,511.0,MOSQUITO POINT,IMO9010400,WDI5986,30,,48,9,,,B
367714040,2022-01-05T12:21:15,37.82945,-76.28356,0.0,274.3,511.0,MOSQUITO POINT,IMO9010400,WDI5986,30,,48,9,,,B
367714040,2022-01-05T13:00:16,37.82942,-76.28355,0.0,217.1,511.0,MOSQUITO POINT,IMO9010400,WDI5986,30,,48,9,,,B
367714040,2022-01-05T12:45:16,37.82946,-76.28356,0.0,310.6,511.0,MOSQUITO POINT,IMO9010400,WDI5986,30,,48,9,,,B
367714040,2022-01-05T12:42:16,37.82944,-76.28356,0.0,310.6,511.0,MOSQUITO POINT,IMO9010400,WDI5986,30,,48,9,,,B
367714040,2022-01-05T12:36:15,37.82944,-76.28356,0.0,274.3,511.0,MOSQUITO POINT,IMO9010400,WDI5986,30,,48,9,,,B
367714040,2022-01-05T12:51:14,37.82943,-76.28357,0.0,249.2,511.0,MOSQUITO POINT,IMO9010400,WDI5986,30,,48,9,,,B
367714040,2022-01-05T12:54:14,37.82945,-76.28357,0.0,217.1,511.0,MOSQUITO POINT,IMO9010400,WDI5986,30,,48,9,,,B
367714040,2022-01-05T04:57:14,37.82943,-76.28357,0.0,169.1,511.0,MOSQUITO POINT,IMO9010400,WDI5986,30,,48,9,,,B
367714040,2022-01-05T13:15:17,37.82941,-76.28356,0.0,176.6,511.0,MOSQUITO POINT,IMO9010400,WDI5986,30,,48,9,,,B
367714040,2022-01-05T13:20:05,37.82945,-76.28358,0.0,142.4,511.0,MOSQUITO POINT,IMO9010400,WDI5986,30,,48,9,,,B
367714040,2022-01-05T13:03:15,37.82943,-76.28355,0.1,205.0,511.0,MOSQUITO POINT,IMO9010400,WDI5986,30,,48,9,,,B
367714040,2022-01-05T13:09:13,37.82944,-76.28356,0.0,176.6,511.0,MOSQUITO POINT,IMO9010400,WDI5986,30,,48,9,,,B
367714040,2022-01-05T13:12:15,37.82945,-76.28357,0.0,176.6,511.0,MOSQUITO POINT,IMO9010400,WDI5986,30,,48,9,,,B
367714040,2022-01-05T13:35:37,37.82946,-76.28357,0.0,324.5,511.0,MOSQUITO POINT,IMO9010400,WDI5986,30,,48,9,,,B
367714040,2022-01-05T13:18:36,37.82945,-76.28356,0.0,360.0,511.0,MOSQUITO POINT,IMO9010400,WDI5986,30,,48,9,,,B
367714040,2022-01-05T13:26:37,37.82943,-76.28355,0.0,158.2,511.0,MOSQUITO POINT,IMO9010400,WDI5986,30,,48,9,,,B
367714040,2022-01-05T13:38:35,37.82943,-76.28357,0.0,324.5,511.0,MOSQUITO POINT,IMO9010400,WDI5986,30,,48,9,,,B
367714040,2022-01-05T13:50:34,37.82942,-76.28354,0.0,327.2,511.0,MOSQUITO POINT,IMO9010400,WDI5986,30,,48,9,,,B
367714040,2022-01-05T13:41:35,37.82944,-76.28355,0.0,324.5,511.0,MOSQUITO POINT,IMO9010400,WDI5986,30,,48,9,,,B
367714040,2022-01-05T13:47:35,37.82943,-76.28354,0.0,327.2,511.0,MOSQUITO POINT,IMO9010400,WDI5986,30,,48,9,,,B
367714040,2022-01-05T13:44:35,37.82944,-76.28356,0.0,324.5,511.0,MOSQUITO POINT,IMO9010400,WDI5986,30,,48,9,,,B
367714040,2022-01-05T13:53:36,37.82943,-76.28356,0.0,327.2,511.0,MOSQUITO POINT,IMO9010400,WDI5986,30,,48,9,,,B
367714040,2022-01-05T14:02:34,37.82943,-76.28357,0.0,327.2,511.0,MOSQUITO POINT,IMO9010400,WDI5986,30,,48,9,,,B
367714040,2022-01-05T05:24:15,37.82943,-76.28357,0.0,172.5,511.0,MOSQUITO POINT,IMO9010400,WDI5986,30,,48,9,,,B
367714040,2022-01-05T13:56:35,37.82943,-76.28356,0.0,327.2,511.0,MOSQUITO POINT,IMO9010400,WDI5986,30,,48,9,,,B
367714040,2022-01-05T14:05:36,37.82942,-76.28357,0.0,28.9,511.0,MOSQUITO POINT,IMO9010400,WDI5986,30,,48,9,,,B
367714040,2022-01-05T14:38:39,37.82943,-76.28356,0.0,339.0,511.0,MOSQUITO POINT,IMO9010400,WDI5986,30,,48,9,,,B
367714040,2022-01-05T14:26:36,37.82944,-76.28357,0.0,349.1,511.0,MOSQUITO POINT,IMO9010400,WDI5986,30,,48,9,,,B
367714040,2022-01-05T14:44:34,37.82944,-76.28357,0.0,91.4,511.0,MOSQUITO POINT,IMO9010400,WDI5986,30,,48,9,,,B
367714040,2022-01-05T14:35:36,37.82944,-76.28356,0.0,339.0,511.0,MOSQUITO POINT,IMO9010400,WDI5986,30,,48,9,,,B
367714040,2022-01-05T14:29:34,37.82944,-76.28357,0.0,349.1,511.0,MOSQUITO POINT,IMO9010400,WDI5986,30,,48,9,,,B
367714040,2022-01-05T14:47:38,37.82944,-76.28356,0.0,85.6,511.0,MOSQUITO POINT,IMO9010400,WDI5986,30,,48,9,,,B
367714040,2022-01-05T14:50:35,37.82943,-76.28356,0.0,85.6,511.0,MOSQUITO POINT,IMO9010400,WDI5986,30,,48,9,,,B
367714040,2022-01-05T15:02:39,37.82943,-76.28357,0.0,85.6,511.0,MOSQUITO POINT,IMO9010400,WDI5986,30,,48,9,,,B
367714040,2022-01-05T14:56:34,37.82943,-76.28356,0.0,85.6,511.0,MOSQUITO POINT,IMO9010400,WDI5986,30,,48,9,,,B
367714040,2022-01-05T15:14:34,37.82944,-76.28358,0.0,85.6,511.0,MOSQUITO POINT,IMO9010400,WDI5986,30,,48,9,,,B
367714040,2022-01-05T14:59:37,37.82942,-76.28357,0.0,85.6,511.0,MOSQUITO POINT,IMO9010400,WDI5986,30,,48,9,,,B
367714040,2022-01-05T15:20:35,37.82943,-76.28357,0.0,135.6,511.0,MOSQUITO POINT,IMO9010400,WDI5986,30,,48,9,,,B
367714040,2022-01-05T15:05:34,37.82944,-76.28358,0.0,85.6,511.0,MOSQUITO POINT,IMO9010400,WDI5986,30,,48,9,,,B
367714040,2022-01-05T15:17:35,37.82944,-76.28357,0.0,85.6,511.0,MOSQUITO POINT,IMO9010400,WDI5986,30,,48,9,,,B
367714040,2022-01-05T15:08:35,37.82945,-76.28356,0.0,85.6,511.0,MOSQUITO POINT,IMO9010400,WDI5986,30,,48,9,,,B
367714040,2022-01-05T15:32:37,37.82944,-76.28356,0.0,155.6,511.0,MOSQUITO POINT,IMO9010400,WDI5986,30,,48,9,,,B
367714040,2022-01-05T15:35:35,37.82943,-76.28356,0.0,155.6,511.0,MOSQUITO POINT,IMO9010400,WDI5986,30,,48,9,,,B
367714040,2022-01-05T15:38:36,37.82945,-76.28357,0.0,155.6,511.0,MOSQUITO POINT,IMO9010400,WDI5986,30,,48,9,,,B
367714040,2022-01-05T15:23:35,37.82945,-76.28358,0.0,135.6,511.0,MOSQUITO POINT,IMO9010400,WDI5986,30,,48,9,,,B
367714040,2022-01-05T15:29:34,37.82943,-76.28358,0.0,134.9,511.0,MOSQUITO POINT,IMO9010400,WDI5986,30,,48,9,,,B
367714040,2022-01-05T15:26:38,37.82946,-76.28357,0.0,135.6,511.0,MOSQUITO POINT,IMO9010400,WDI5986,30,,48,9,,,B
367714040,2022-01-05T15:44:38,37.82943,-76.28358,0.0,165.9,511.0,MOSQUITO POINT,IMO9010400,WDI5986,30,,48,9,,,B
367714040,2022-01-05T15:47:35,37.82943,-76.28359,0.0,165.9,511.0,MOSQUITO POINT,IMO9010400,WDI5986,30,,48,9,,,B
367714040,2022-01-05T15:59:37,37.82943,-76.28357,0.0,149.5,511.0,MOSQUITO POINT,IMO9010400,WDI5986,30,,48,9,,,B
367714040,2022-01-05T15:50:36,37.82944,-76.28357,0.0,165.9,511.0,MOSQUITO POINT,IMO9010400,WDI5986,30,,48,9,,,B
367714040,2022-01-05T06:12:14,37.82944,-76.28356,0.0,172.5,511.0,MOSQUITO POINT,IMO9010400,WDI5986,30,,48,9,,,B
367714040,2022-01-05T16:11:37,37.82944,-76.28356,0.0,150.2,511.0,MOSQUITO POINT,IMO9010400,WDI5986,30,,48,9,,,B
367714040,2022-01-05T15:53:35,37.82943,-76.28356,0.0,165.9,511.0,MOSQUITO POINT,IMO9010400,WDI5986,30,,48,9,,,B
367714040,2022-01-05T16:14:35,37.82944,-76.28356,0.0,150.2,511.0,MOSQUITO POINT,IMO9010400,WDI5986,30,,48,9,,,B
367714040,2022-01-05T15:56:35,37.82943,-76.28357,0.0,152.7,511.0,MOSQUITO POINT,IMO9010400,WDI5986,30,,48,9,,,B
367714040,2022-01-05T16:05:36,37.82944,-76.28357,0.0,149.5,511.0,MOSQUITO POINT,IMO9010400,WDI5986,30,,48,9,,,B
367714040,2022-01-05T16:23:34,37.82943,-76.28356,0.0,150.2,511.0,MOSQUITO POINT,IMO9010400,WDI5986,30,,48,9,,,B
367714040,2022-01-05T16:20:35,37.82944,-76.28357,0.0,150.2,511.0,MOSQUITO POINT,IMO9010400,WDI5986,30,,48,9,,,B
367714040,2022-01-05T16:38:35,37.82944,-76.28357,0.0,9.4,511.0,MOSQUITO POINT,IMO9010400,WDI5986,30,,48,9,,,B
367714040,2022-01-05T16:29:35,37.82944,-76.28357,0.0,150.2,511.0,MOSQUITO POINT,IMO9010400,WDI5986,30,,48,9,,,B
367714040,2022-01-05T16:32:36,37.82944,-76.28359,0.0,21.5,511.0,MOSQUITO POINT,IMO9010400,WDI5986,30,,48,9,,,B
367714040,2022-01-05T16:35:35,37.82945,-76.28357,0.0,9.4,511.0,MOSQUITO POINT,IMO9010400,WDI5986,30,,48,9,,,B
367714040,2022-01-05T16:41:36,37.82944,-76.28356,0.0,9.4,511.0,MOSQUITO POINT,IMO9010400,WDI5986,30,,48,9,,,B
367714040,2022-01-05T16:53:37,37.82943,-76.28357,0.0,18.7,511.0,MOSQUITO POINT,IMO9010400,WDI5986,30,,48,9,,,B
367714040,2022-01-05T16:59:34,37.82943,-76.28357,0.0,114.4,511.0,MOSQUITO POINT,IMO9010400,WDI5986,30,,48,9,,,B
367714040,2022-01-05T16:47:38,37.82942,-76.28357,0.0,45.5,511.0,MOSQUITO POINT,IMO9010400,WDI5986,30,,48,9,,,B
367714040,2022-01-05T17:05:38,37.82943,-76.28357,0.0,114.4,511.0,MOSQUITO POINT,IMO9010400,WDI5986,30,,48,9,,,B
367714040,2022-01-05T16:56:36,37.82945,-76.28357,0.0,117.0,511.0,MOSQUITO POINT,IMO9010400,WDI5986,30,,48,9,,,B
367714040,2022-01-05T06:33:15,37.82943,-76.28357,0.0,292.1,511.0,MOSQUITO POINT,IMO9010400,WDI5986,30,,48,9,,,B
367714040,2022-01-05T17:14:35,37.82943,-76.28357,0.0,114.4,511.0,MOSQUITO POINT,IMO9010400,WDI5986,30,,48,9,,,B
367714040,2022-01-05T17:17:36,37.82943,-76.28359,0.0,114.4,511.0,MOSQUITO POINT,IMO9010400,WDI5986,30,,48,9,,,B
367714040,2022-01-05T17:08:35,37.82945,-76.28357,0.0,114.4,511.0,MOSQUITO POINT,IMO9010400,WDI5986,30,,48,9,,,B
367714040,2022-01-05T17:02:34,37.82942,-76.28356,0.0,114.4,511.0,MOSQUITO POINT,IMO9010400,WDI5986,30,,48,9,,,B
367714040,2022-01-05T17:20:37,37.82942,-76.28358,0.0,118.0,511.0,MOSQUITO POINT,IMO9010400,WDI5986,30,,48,9,,,B
367714040,2022-01-05T17:32:36,37.82944,-76.28359,0.0,118.0,511.0,MOSQUITO POINT,IMO9010400,WDI5986,30,,48,9,,,B
367714040,2022-01-05T17:26:38,37.82943,-76.28356,0.0,118.0,511.0,MOSQUITO POINT,IMO9010400,WDI5986,30,,48,9,,,B
367714040,2022-01-05T17:38:41,37.82943,-76.28356,0.0,118.0,511.0,MOSQUITO POINT,IMO9010400,WDI5986,30,,48,9,,,B
367714040,2022-01-05T17:29:34,37.82944,-76.28358,0.0,118.0,511.0,MOSQUITO POINT,IMO9010400,WDI5986,30,,48,9,,,B
367714040,2022-01-05T17:41:36,37.82943,-76.28356,0.0,118.0,511.0,MOSQUITO POINT,IMO9010400,WDI5986,30,,48,9,,,B
367714040,2022-01-05T17:50:35,37.82943,-76.28357,0.0,159.8,511.0,MOSQUITO POINT,IMO9010400,WDI5986,30,,48,9,,,B
367714040,2022-01-05T18:05:35,37.82944,-76.28358,0.0,159.8,511.0,MOSQUITO POINT,IMO9010400,WDI5986,30,,48,9,,,B
367714040,2022-01-05T17:44:36,37.82943,-76.28357,0.0,159.8,511.0,MOSQUITO POINT,IMO9010400,WDI5986,30,,48,9,,,B
367714040,2022-01-05T18:11:35,37.82943,-76.28357,0.0,69.1,511.0,MOSQUITO POINT,IMO9010400,WDI5986,30,,48,9,,,B
367714040,2022-01-05T18:14:35,37.82942,-76.28355,0.0,69.1,511.0,MOSQUITO POINT,IMO9010400,WDI5986,30,,48,9,,,B
367714040,2022-01-05T17:53:35,37.82944,-76.28358,0.0,159.8,511.0,MOSQUITO POINT,IMO9010400,WDI5986,30,,48,9,,,B
367714040,2022-01-05T17:56:35,37.82943,-76.28357,0.0,159.8,511.0,MOSQUITO POINT,IMO9010400,WDI5986,30,,48,9,,,B
367714040,2022-01-05T18:17:35,37.82943,-76.28357,0.0,345.6,511.0,MOSQUITO POINT,IMO9010400,WDI5986,30,,48,9,,,B
367714040,2022-01-05T18:26:35,37.82945,-76.28356,0.0,345.6,511.0,MOSQUITO POINT,IMO9010400,WDI5986,30,,48,9,,,B
367714040,2022-01-05T18:02:35,37.82943,-76.28357,0.0,159.8,511.0,MOSQUITO POINT,IMO9010400,WDI5986,30,,48,9,,,B
367714040,2022-01-05T18:29:34,37.82944,-76.28356,0.0,30.8,511.0,MOSQUITO POINT,IMO9010400,WDI5986,30,,48,9,,,B
367714040,2022-01-05T18:32:37,37.82944,-76.28357,0.0,30.8,511.0,MOSQUITO POINT,IMO9010400,WDI5986,30,,48,9,,,B
367714040,2022-01-05T18:20:35,37.82943,-76.28357,0.0,345.6,511.0,MOSQUITO POINT,IMO9010400,WDI5986,30,,48,9,,,B
367714040,2022-01-05T07:06:14,37.82943,-76.28357,0.0,252.8,511.0,MOSQUITO POINT,IMO9010400,WDI5986,30,,48,9,,,B
367714040,2022-01-05T18:56:36,37.82943,-76.28359,0.0,338.0,511.0,MOSQUITO POINT,IMO9010400,WDI5986,30,,48,9,,,B
367714040,2022-01-05T18:41:35,37.82942,-76.28356,0.0,78.7,511.0,MOSQUITO POINT,IMO9010400,WDI5986,30,,48,9,,,B
367714040,2022-01-05T18:35:38,37.82943,-76.28357,0.0,78.7,511.0,MOSQUITO POINT,IMO9010400,WDI5986,30,,48,9,,,B
367714040,2022-01-05T18:38:35,37.82942,-76.28355,0.0,78.7,511.0,MOSQUITO POINT,IMO9010400,WDI5986,30,,48,9,,,B
367714040,2022-01-05T19:05:37,37.82942,-76.28355,0.0,339.5,511.0,MOSQUITO POINT,IMO9010400,WDI5986,30,,48,9,,,B
367714040,2022-01-05T18:44:38,37.82944,-76.28357,0.1,15.9,511.0,MOSQUITO POINT,IMO9010400,WDI5986,30,,48,9,,,B
367714040,2022-01-05T18:50:37,37.82946,-76.28359,0.0,15.9,511.0,MOSQUITO POINT,IMO9010400,WDI5986,30,,48,9,,,B
367714040,2022-01-05T19:14:36,37.82945,-76.28357,0.0,46.1,511.0,MOSQUITO POINT,IMO9010400,WDI5986,30,,48,9,,,B
367714040,2022-01-05T18:53:37,37.82941,-76.28356,0.0,338.0,511.0,MOSQUITO POINT,IMO9010400,WDI5986,30,,48,9,,,B
367714040,2022-01-05T19:29:34,37.82943,-76.28357,0.0,92.8,511.0,MOSQUITO POINT,IMO9010400,WDI5986,30,,48,9,,,B
367714040,2022-01-05T19:02:35,37.82942,-76.28356,0.0,339.5,511.0,MOSQUITO POINT,IMO9010400,WDI5986,30,,48,9,,,B
367714040,2022-01-05T19:17:34,37.82943,-76.28357,0.0,92.8,511.0,MOSQUITO POINT,IMO9010400,WDI5986,30,,48,9,,,B
367714040,2022-01-05T19:38:35,37.82943,-76.28355,0.0,92.8,511.0,MOSQUITO POINT,IMO9010400,WDI5986,30,,48,9,,,B
367714040,2022-01-05T19:11:35,37.82945,-76.28356,0.0,46.1,511.0,MOSQUITO POINT,IMO9010400,WDI5986,30,,48,9,,,B
367714040,2022-01-05T19:20:35,37.82944,-76.28358,0.0,92.8,511.0,MOSQUITO POINT,IMO9010400,WDI5986,30,,48,9,,,B
367714040,2022-01-05T19:26:39,37.82944,-76.28355,0.0,92.8,511.0,MOSQUITO POINT,IMO9010400,WDI5986,30,,48,9,,,B
367714040,2022-01-05T19:53:34,37.82943,-76.28358,0.0,15.3,511.0,MOSQUITO POINT,IMO9010400,WDI5986,30,,48,9,,,B
367714040,2022-01-05T19:50:34,37.82944,-76.28357,0.0,92.8,511.0,MOSQUITO POINT,IMO9010400,WDI5986,30,,48,9,,,B
367714040,2022-01-05T19:59:37,37.82943,-76.28358,0.0,15.3,511.0,MOSQUITO POINT,IMO9010400,WDI5986,30,,48,9,,,B
367714040,2022-01-05T19:44:35,37.82944,-76.28357,0.0,92.8,511.0,MOSQUITO POINT,IMO9010400,WDI5986,30,,48,9,,,B
367714040,2022-01-05T19:41:38,37.82945,-76.28359,0.0,92.8,511.0,MOSQUITO POINT,IMO9010400,WDI5986,30,,48,9,,,B
367714040,2022-01-05T20:17:35,37.82943,-76.28358,0.0,15.3,511.0,MOSQUITO POINT,IMO9010400,WDI5986,30,,48,9,,,B
367714040,2022-01-05T20:08:35,37.82943,-76.28358,0.0,15.3,511.0,MOSQUITO POINT,IMO9010400,WDI5986,30,,48,9,,,B
367714040,2022-01-05T19:47:35,37.82944,-76.28357,0.0,92.8,511.0,MOSQUITO POINT,IMO9010400,WDI5986,30,,48,9,,,B
367714040,2022-01-05T20:02:36,37.82944,-76.28356,0.0,15.3,511.0,MOSQUITO POINT,IMO9010400,WDI5986,30,,48,9,,,B
367714040,2022-01-05T19:56:36,37.82943,-76.28359,0.0,15.3,511.0,MOSQUITO POINT,IMO9010400,WDI5986,30,,48,9,,,B
367714040,2022-01-05T20:05:37,37.82943,-76.28357,0.0,15.3,511.0,MOSQUITO POINT,IMO9010400,WDI5986,30,,48,9,,,B
367714040,2022-01-05T20:26:37,37.82943,-76.28357,0.0,15.3,511.0,MOSQUITO POINT,IMO9010400,WDI5986,30,,48,9,,,B
367714040,2022-01-05T07:36:15,37.82941,-76.28355,0.0,175.7,511.0,MOSQUITO POINT,IMO9010400,WDI5986,30,,48,9,,,B
367714040,2022-01-05T20:23:38,37.82944,-76.28359,0.0,15.3,511.0,MOSQUITO POINT,IMO9010400,WDI5986,30,,48,9,,,B
367714040,2022-01-05T20:11:35,37.82944,-76.28356,0.0,15.3,511.0,MOSQUITO POINT,IMO9010400,WDI5986,30,,48,9,,,B
367714040,2022-01-05T20:32:37,37.82943,-76.28360,0.0,283.4,511.0,MOSQUITO POINT,IMO9010400,WDI5986,30,,48,9,,,B
367714040,2022-01-05T20:20:35,37.82944,-76.28358,0.0,15.3,511.0,MOSQUITO POINT,IMO9010400,WDI5986,30,,48,9,,,B
367714040,2022-01-05T20:38:35,37.82943,-76.28357,0.0,283.4,511.0,MOSQUITO POINT,IMO9010400,WDI5986,30,,48,9,,,B
367714040,2022-01-05T20:53:34,37.82944,-76.28355,0.0,218.4,511.0,MOSQUITO POINT,IMO9010400,WDI5986,30,,48,9,,,B
367714040,2022-01-05T20:47:37,37.82945,-76.28356,0.0,218.4,511.0,MOSQUITO POINT,IMO9010400,WDI5986,30,,48,9,,,B
367714040,2022-01-05T20:50:35,37.82945,-76.28355,0.0,218.4,511.0,MOSQUITO POINT,IMO9010400,WDI5986,30,,48,9,,,B
367714040,2022-01-05T20:35:37,37.82943,-76.28357,0.0,283.4,511.0,MOSQUITO POINT,IMO9010400,WDI5986,30,,48,9,,,B
367714040,2022-01-05T21:14:35,37.82944,-76.28357,0.0,218.4,511.0,MOSQUITO POINT,IMO9010400,WDI5986,30,,48,9,,,B
367714040,2022-01-05T20:44:36,37.82943,-76.28357,0.0,273.0,511.0,MOSQUITO POINT,IMO9010400,WDI5986,30,,48,9,,,B
367714040,2022-01-05T21:05:36,37.82943,-76.28356,0.0,218.4,511.0,MOSQUITO POINT,IMO9010400,WDI5986,30,,48,9,,,B
367714040,2022-01-05T21:23:35,37.82946,-76.28357,0.0,218.4,511.0,MOSQUITO POINT,IMO9010400,WDI5986,30,,48,9,,,B
367714040,2022-01-05T21:32:34,37.82945,-76.28357,0.0,283.0,511.0,MOSQUITO POINT,IMO9010400,WDI5986,30,,48,9,,,B
367714040,2022-01-05T21:35:40,37.82943,-76.28357,0.0,297.6,511.0,MOSQUITO POINT,IMO9010400,WDI5986,30,,48,9,,,B
367714040,2022-01-05T21:17:34,37.82943,-76.28356,0.0,218.4,511.0,MOSQUITO POINT,IMO9010400,WDI5986,30,,48,9,,,B
367714040,2022-01-05T21:20:34,37.82943,-76.28356,0.0,218.4,511.0,MOSQUITO POINT,IMO9010400,WDI5986,30,,48,9,,,B
367714040,2022-01-05T21:08:35,37.82945,-76.28356,0.0,218.4,511.0,MOSQUITO POINT,IMO9010400,WDI5986,30,,48,9,,,B
367714040,2022-01-05T21:26:35,37.82943,-76.28356,0.0,218.4,511.0,MOSQUITO POINT,IMO9010400,WDI5986,30,,48,9,,,B
367714040,2022-01-05T08:09:14,37.82943,-76.28356,0.0,95.3,511.0,MOSQUITO POINT,IMO9010400,WDI5986,30,,48,9,,,B
367714040,2022-01-05T21:53:36,37.82944,-76.28358,0.0,342.5,511.0,MOSQUITO POINT,IMO9010400,WDI5986,30,,48,9,,,B
367714040,2022-01-05T21:29:35,37.82944,-76.28355,0.0,218.4,511.0,MOSQUITO POINT,IMO9010400,WDI5986,30,,48,9,,,B
367714040,2022-01-05T21:50:36,37.82945,-76.28358,0.0,314.3,511.0,MOSQUITO POINT,IMO9010400,WDI5986,30,,48,9,,,B
367714040,2022-01-05T08:15:16,37.82944,-76.28356,0.0,95.3,511.0,MOSQUITO POINT,IMO9010400,WDI5986,30,,48,9,,,B
367714040,2022-01-05T21:38:39,37.82944,-76.28357,0.0,297.6,511.0,MOSQUITO POINT,IMO9010400,WDI5986,30,,48,9,,,B
367714040,2022-01-05T21:41:36,37.82945,-76.28352,0.0,297.6,511.0,MOSQUITO POINT,IMO9010400,WDI5986,30,,48,9,,,B
367714040,2022-01-05T21:56:37,37.82945,-76.28356,0.0,342.5,511.0,MOSQUITO POINT,IMO9010400,WDI5986,30,,48,9,,,B
367714040,2022-01-05T22:02:38,37.82943,-76.28355,0.0,0.9,511.0,MOSQUITO POINT,IMO9010400,WDI5986,30,,48,9,,,B
367714040,2022-01-05T21:59:40,37.82942,-76.28358,0.0,0.9,511.0,MOSQUITO POINT,IMO9010400,WDI5986,30,,48,9,,,B
367714040,2022-01-05T21:44:35,37.82946,-76.28357,0.0,314.3,511.0,MOSQUITO POINT,IMO9010400,WDI5986,30,,48,9,,,B
367714040,2022-01-05T22:05:34,37.82946,-76.28356,0.0,34.4,511.0,MOSQUITO POINT,IMO9010400,WDI5986,30,,48,9,,,B
367714040,2022-01-05T22:17:38,37.82947,-76.28355,0.0,34.4,511.0,MOSQUITO POINT,IMO9010400,WDI5986,30,,48,9,,,B
367714040,2022-01-05T22:14:36,37.82944,-76.28357,0.0,34.4,511.0,MOSQUITO POINT,IMO9010400,WDI5986,30,,48,9,,,B
367714040,2022-01-05T22:20:37,37.82944,-76.28358,0.0,34.4,511.0,MOSQUITO POINT,IMO9010400,WDI5986,30,,48,9,,,B
367714040,2022-01-05T22:38:37,37.82945,-76.28356,0.0,34.4,511.0,MOSQUITO POINT,IMO9010400,WDI5986,30,,48,9,,,B
367714040,2022-01-05T22:32:35,37.82943,-76.28359,0.0,34.4,511.0,MOSQUITO POINT,IMO9010400,WDI5986,30,,48,9,,,B
367714040,2022-01-05T08:30:15,37.82944,-76.28356,0.0,33.7,511.0,MOSQUITO POINT,IMO9010400,WDI5986,30,,48,9,,,B
367714040,2022-01-05T22:26:35,37.82943,-76.28357,0.0,34.4,511.0,MOSQUITO POINT,IMO9010400,WDI5986,30,,48,9,,,B
367714040,2022-01-05T22:23:35,37.82944,-76.28356,0.0,34.4,511.0,MOSQUITO POINT,IMO9010400,WDI5986,30,,48,9,,,B
367714040,2022-01-05T22:56:35,37.82944,-76.28357,0.0,17.5,511.0,MOSQUITO POINT,IMO9010400,WDI5986,30,,48,9,,,B
367714040,2022-01-05T22:47:36,37.82944,-76.28357,0.0,34.4,511.0,MOSQUITO POINT,IMO9010400,WDI5986,30,,48,9,,,B
367714040,2022-01-05T08:39:14,37.82943,-76.28357,0.0,6.0,511.0,MOSQUITO POINT,IMO9010400,WDI5986,30,,48,9,,,B
367714040,2022-01-05T22:35:35,37.82944,-76.28358,0.0,34.4,511.0,MOSQUITO POINT,IMO9010400,WDI5986,30,,48,9,,,B
367714040,2022-01-05T23:08:35,37.82943,-76.28357,0.0,17.5,511.0,MOSQUITO POINT,IMO9010400,WDI5986,30,,48,9,,,B
367714040,2022-01-05T22:41:36,37.82943,-76.28357,0.0,34.4,511.0,MOSQUITO POINT,IMO9010400,WDI5986,30,,48,9,,,B
367714040,2022-01-05T23:11:35,37.82943,-76.28357,0.0,17.5,511.0,MOSQUITO POINT,IMO9010400,WDI5986,30,,48,9,,,B
367714040,2022-01-05T23:14:36,37.82944,-76.28357,0.0,17.5,511.0,MOSQUITO POINT,IMO9010400,WDI5986,30,,48,9,,,B
367714040,2022-01-05T23:02:35,37.82944,-76.28357,0.0,17.5,511.0,MOSQUITO POINT,IMO9010400,WDI5986,30,,48,9,,,B
367714040,2022-01-05T08:48:15,37.82943,-76.28357,0.0,6.0,511.0,MOSQUITO POINT,IMO9010400,WDI5986,30,,48,9,,,B
367714040,2022-01-05T22:59:35,37.82945,-76.28357,0.0,17.5,511.0,MOSQUITO POINT,IMO9010400,WDI5986,30,,48,9,,,B
367714040,2022-01-05T23:23:35,37.82944,-76.28357,0.0,17.5,511.0,MOSQUITO POINT,IMO9010400,WDI5986,30,,48,9,,,B
367714040,2022-01-05T22:53:36,37.82943,-76.28358,0.0,17.5,511.0,MOSQUITO POINT,IMO9010400,WDI5986,30,,48,9,,,B
367714040,2022-01-05T23:26:34,37.82943,-76.28356,0.0,17.5,511.0,MOSQUITO POINT,IMO9010400,WDI5986,30,,48,9,,,B
367714040,2022-01-05T23:17:38,37.82943,-76.28357,0.0,17.5,511.0,MOSQUITO POINT,IMO9010400,WDI5986,30,,48,9,,,B
367714040,2022-01-05T23:20:36,37.82943,-76.28356,0.0,17.5,511.0,MOSQUITO POINT,IMO9010400,WDI5986,30,,48,9,,,B
367714040,2022-01-05T23:53:35,37.82945,-76.28357,0.0,16.3,511.0,MOSQUITO POINT,IMO9010400,WDI5986,30,,48,9,,,B
367714040,2022-01-05T23:32:34,37.82943,-76.28357,0.0,114.2,511.0,MOSQUITO POINT,IMO9010400,WDI5986,30,,48,9,,,B
367714040,2022-01-05T23:41:34,37.82942,-76.28357,0.0,8.6,511.0,MOSQUITO POINT,IMO9010400,WDI5986,30,,48,9,,,B
367714040,2022-01-05T23:59:34,37.82942,-76.28355,0.0,115.7,511.0,MOSQUITO POINT,IMO9010400,WDI5986,30,,48,9,,,B
367714040,2022-01-05T23:29:35,37.82943,-76.28355,0.0,44.9,511.0,MOSQUITO POINT,IMO9010400,WDI5986,30,,48,9,,,B
367714040,2022-01-05T09:06:17,37.82943,-76.28358,0.0,34.3,511.0,MOSQUITO POINT,IMO9010400,WDI5986,30,,48,9,,,B
367714040,2022-01-05T23:44:37,37.82944,-76.28355,0.0,29.7,511.0,MOSQUITO POINT,IMO9010400,WDI5986,30,,48,9,,,B
367714040,2022-01-05T23:50:34,37.82943,-76.28357,0.0,16.3,511.0,MOSQUITO POINT,IMO9010400,WDI5986,30,,48,9,,,B
367714040,2022-01-05T09:18:14,37.82945,-76.28356,0.0,124.8,511.0,MOSQUITO POINT,IMO9010400,WDI5986,30,,48,9,,,B
367714040,2022-01-05T23:56:36,37.82943,-76.28357,0.0,115.7,511.0,MOSQUITO POINT,IMO9010400,WDI5986,30,,48,9,,,B
367714040,2022-01-05T09:54:15,37.82945,-76.28359,0.0,124.8,511.0,MOSQUITO POINT,IMO9010400,WDI5986,30,,48,9,,,B
367714040,2022-01-05T10:03:15,37.82945,-76.28359,0.0,124.8,511.0,MOSQUITO POINT,IMO9010400,WDI5986,30,,48,9,,,B
367714040,2022-01-05T10:27:15,37.82943,-76.28357,0.0,251.8,511.0,MOSQUITO POINT,IMO9010400,WDI5986,30,,48,9,,,B
367714040,2022-01-05T10:51:18,37.82942,-76.28358,0.0,251.8,511.0,MOSQUITO POINT,IMO9010400,WDI5986,30,,48,9,,,B
367714040,2022-01-05T11:03:14,37.82945,-76.28359,0.0,251.8,511.0,MOSQUITO POINT,IMO9010400,WDI5986,30,,48,9,,,B
367714040,2022-01-05T11:06:16,37.82943,-76.28356,0.0,90.7,511.0,MOSQUITO POINT,IMO9010400,WDI5986,30,,48,9,,,B
367714040,2022-01-05T12:15:13,37.82944,-76.28357,0.0,274.3,511.0,MOSQUITO POINT,IMO9010400,WDI5986,30,,48,9,,,B
367714040,2022-01-05T12:24:14,37.82943,-76.28355,0.0,274.3,511.0,MOSQUITO POINT,IMO9010400,WDI5986,30,,48,9,,,B
367714040,2022-01-05T12:33:13,37.82943,-76.28357,0.0,274.3,511.0,MOSQUITO POINT,IMO9010400,WDI5986,30,,48,9,,,B
367714040,2022-01-05T12:39:14,37.82945,-76.28357,0.0,234.6,511.0,MOSQUITO POINT,IMO9010400,WDI5986,30,,48,9,,,B
367714040,2022-01-05T12:57:14,37.82942,-76.28355,0.0,217.1,511.0,MOSQUITO POINT,IMO9010400,WDI5986,30,,48,9,,,B
367714040,2022-01-05T13:23:35,37.82946,-76.28357,0.0,158.2,511.0,MOSQUITO POINT,IMO9010400,WDI5986,30,,48,9,,,B
367714040,2022-01-05T13:29:34,37.82944,-76.28356,0.0,158.2,511.0,MOSQUITO POINT,IMO9010400,WDI5986,30,,48,9,,,B
367714040,2022-01-05T13:32:35,37.82943,-76.28357,0.0,324.5,511.0,MOSQUITO POINT,IMO9010400,WDI5986,30,,48,9,,,B
367714040,2022-01-05T14:41:35,37.82944,-76.28357,0.0,56.8,511.0,MOSQUITO POINT,IMO9010400,WDI5986,30,,48,9,,,B
367714040,2022-01-05T15:11:35,37.82945,-76.28356,0.0,85.6,511.0,MOSQUITO POINT,IMO9010400,WDI5986,30,,48,9,,,B
367714040,2022-01-05T15:41:35,37.82943,-76.28357,0.0,165.9,511.0,MOSQUITO POINT,IMO9010400,WDI5986,30,,48,9,,,B
367714040,2022-01-05T16:17:36,37.82944,-76.28357,0.0,150.2,511.0,MOSQUITO POINT,IMO9010400,WDI5986,30,,48,9,,,B
367714040,2022-01-05T16:44:35,37.82944,-76.28358,0.0,357.0,511.0,MOSQUITO POINT,IMO9010400,WDI5986,30,,48,9,,,B
367714040,2022-01-05T16:50:35,37.82943,-76.28355,0.0,45.5,511.0,MOSQUITO POINT,IMO9010400,WDI5986,30,,48,9,,,B
367714040,2022-01-05T17:11:37,37.82943,-76.28357,0.0,114.4,511.0,MOSQUITO POINT,IMO9010400,WDI5986,30,,48,9,,,B
367714040,2022-01-05T17:35:36,37.82944,-76.28356,0.0,118.0,511.0,MOSQUITO POINT,IMO9010400,WDI5986,30,,48,9,,,B
367714040,2022-01-05T17:47:35,37.82943,-76.28358,0.0,159.8,511.0,MOSQUITO POINT,IMO9010400,WDI5986,30,,48,9,,,B
367714040,2022-01-05T18:08:36,37.82943,-76.28356,0.0,69.1,511.0,MOSQUITO POINT,IMO9010400,WDI5986,30,,48,9,,,B
367714040,2022-01-05T18:47:34,37.82945,-76.28356,0.0,15.9,511.0,MOSQUITO POINT,IMO9010400,WDI5986,30,,48,9,,,B
367714040,2022-01-05T19:08:39,37.82943,-76.28357,0.0,46.1,511.0,MOSQUITO POINT,IMO9010400,WDI5986,30,,48,9,,,B
367714040,2022-01-05T19:23:37,37.82943,-76.28358,0.0,92.8,511.0,MOSQUITO POINT,IMO9010400,WDI5986,30,,48,9,,,B
367714040,2022-01-05T19:32:37,37.82945,-76.28358,0.0,92.8,511.0,MOSQUITO POINT,IMO9010400,WDI5986,30,,48,9,,,B
367714040,2022-01-05T20:14:35,37.82943,-76.28357,0.0,15.3,511.0,MOSQUITO POINT,IMO9010400,WDI5986,30,,48,9,,,B
367714040,2022-01-05T20:29:36,37.82943,-76.28358,0.0,15.3,511.0,MOSQUITO POINT,IMO9010400,WDI5986,30,,48,9,,,B
367714040,2022-01-05T21:11:34,37.82944,-76.28355,0.0,218.4,511.0,MOSQUITO POINT,IMO9010400,WDI5986,30,,48,9,,,B
367714040,2022-01-05T22:08:35,37.82944,-76.28358,0.0,34.4,511.0,MOSQUITO POINT,IMO9010400,WDI5986,30,,48,9,,,B
367714040,2022-01-05T22:11:35,37.82944,-76.28357,0.0,34.4,511.0,MOSQUITO POINT,IMO9010400,WDI5986,30,,48,9,,,B
367714040,2022-01-05T22:50:34,37.82943,-76.28358,0.0,34.4,511.0,MOSQUITO POINT,IMO9010400,WDI5986,30,,48,9,,,B
367714040,2022-01-05T23:35:34,37.82943,-76.28357,0.0,8.6,511.0,MOSQUITO POINT,IMO9010400,WDI5986,30,,48,9,,,B
367714040,2022-01-06T00:02:34,37.82942,-76.28355,0.0,115.7,511.0,MOSQUITO POINT,IMO9010400,WDI5986,30,,48,9,,,B
367714040,2022-01-06T00:05:35,37.82944,-76.28355,0.0,115.7,511.0,MOSQUITO POINT,IMO9010400,WDI5986,30,,48,9,,,B
367714040,2022-01-06T00:08:34,37.82944,-76.28357,0.0,115.7,511.0,MOSQUITO POINT,IMO9010400,WDI5986,30,,48,9,,,B
367714040,2022-01-06T00:14:35,37.82944,-76.28356,0.0,115.7,511.0,MOSQUITO POINT,IMO9010400,WDI5986,30,,48,9,,,B
367714040,2022-01-06T00:11:38,37.82943,-76.28357,0.0,115.7,511.0,MOSQUITO POINT,IMO9010400,WDI5986,30,,48,9,,,B
367714040,2022-01-06T00:17:34,37.82944,-76.28356,0.0,115.7,511.0,MOSQUITO POINT,IMO9010400,WDI5986,30,,48,9,,,B
367714040,2022-01-06T00:20:36,37.82943,-76.28358,0.0,141.3,511.0,MOSQUITO POINT,IMO9010400,WDI5986,30,,48,9,,,B
367714040,2022-01-06T00:23:37,37.82941,-76.28358,0.0,141.3,511.0,MOSQUITO POINT,IMO9010400,WDI5986,30,,48,9,,,B
367714040,2022-01-06T00:26:35,37.82943,-76.28357,0.0,141.3,511.0,MOSQUITO POINT,IMO9010400,WDI5986,30,,48,9,,,B
367714040,2022-01-06T00:29:34,37.82945,-76.28359,0.0,141.3,511.0,MOSQUITO POINT,IMO9010400,WDI5986,30,,48,9,,,B
367714040,2022-01-06T00:32:34,37.82942,-76.28357,0.0,141.3,511.0,MOSQUITO POINT,IMO9010400,WDI5986,30,,48,9,,,B
367714040,2022-01-06T00:35:34,37.82945,-76.28358,0.0,141.3,511.0,MOSQUITO POINT,IMO9010400,WDI5986,30,,48,9,,,B
367714040,2022-01-06T00:44:36,37.82946,-76.28356,0.0,153.9,511.0,MOSQUITO POINT,IMO9010400,WDI5986,30,,48,9,,,B
367714040,2022-01-06T00:38:34,37.82942,-76.28357,0.0,141.3,511.0,MOSQUITO POINT,IMO9010400,WDI5986,30,,48,9,,,B
367714040,2022-01-06T00:47:36,37.82944,-76.28355,0.0,153.9,511.0,MOSQUITO POINT,IMO9010400,WDI5986,30,,48,9,,,B
367714040,2022-01-06T00:50:34,37.82943,-76.28357,0.0,153.9,511.0,MOSQUITO POINT,IMO9010400,WDI5986,30,,48,9,,,B
367714040,2022-01-06T00:53:40,37.82944,-76.28356,0.0,153.9,511.0,MOSQUITO POINT,IMO9010400,WDI5986,30,,48,9,,,B
367714040,2022-01-06T01:02:37,37.82944,-76.28357,0.0,262.8,511.0,MOSQUITO POINT,IMO9010400,WDI5986,30,,48,9,,,B
367714040,2022-01-06T00:59:36,37.82943,-76.28356,0.0,262.8,511.0,MOSQUITO POINT,IMO9010400,WDI5986,30,,48,9,,,B
367714040,2022-01-06T00:56:35,37.82944,-76.28356,0.0,153.9,511.0,MOSQUITO POINT,IMO9010400,WDI5986,30,,48,9,,,B
367714040,2022-01-06T01:05:36,37.82944,-76.28357,0.0,262.8,511.0,MOSQUITO POINT,IMO9010400,WDI5986,30,,48,9,,,B
367714040,2022-01-06T01:08:35,37.82944,-76.28356,0.0,262.8,511.0,MOSQUITO POINT,IMO9010400,WDI5986,30,,48,9,,,B
367714040,2022-01-06T01:11:35,37.82944,-76.28356,0.0,262.8,511.0,MOSQUITO POINT,IMO9010400,WDI5986,30,,48,9,,,B
367714040,2022-01-06T01:23:37,37.82943,-76.28356,0.0,323.8,511.0,MOSQUITO POINT,IMO9010400,WDI5986,30,,48,9,,,B
367714040,2022-01-06T01:20:34,37.82944,-76.28356,0.0,323.8,511.0,MOSQUITO POINT,IMO9010400,WDI5986,30,,48,9,,,B
367714040,2022-01-06T01:29:34,37.82944,-76.28356,0.0,197.2,511.0,MOSQUITO POINT,IMO9010400,WDI5986,30,,48,9,,,B
367714040,2022-01-06T01:35:34,37.82945,-76.28357,0.0,152.1,511.0,MOSQUITO POINT,IMO9010400,WDI5986,30,,48,9,,,B
367714040,2022-01-06T01:38:35,37.82944,-76.28357,0.0,152.1,511.0,MOSQUITO POINT,IMO9010400,WDI5986,30,,48,9,,,B
367714040,2022-01-06T01:17:37,37.82945,-76.28354,0.0,262.8,511.0,MOSQUITO POINT,IMO9010400,WDI5986,30,,48,9,,,B
367714040,2022-01-06T01:41:35,37.82943,-76.28358,0.0,152.1,511.0,MOSQUITO POINT,IMO9010400,WDI5986,30,,48,9,,,B
367714040,2022-01-06T01:14:38,37.82943,-76.28356,0.0,262.8,511.0,MOSQUITO POINT,IMO9010400,WDI5986,30,,48,9,,,B
367714040,2022-01-06T01:50:35,37.82944,-76.28356,0.0,242.7,511.0,MOSQUITO POINT,IMO9010400,WDI5986,30,,48,9,,,B
367714040,2022-01-06T01:26:35,37.82945,-76.28358,0.0,323.8,511.0,MOSQUITO POINT,IMO9010400,WDI5986,30,,48,9,,,B
367714040,2022-01-06T01:53:35,37.82944,-76.28357,0.0,242.7,511.0,MOSQUITO POINT,IMO9010400,WDI5986,30,,48,9,,,B
367714040,2022-01-06T01:47:35,37.82943,-76.28357,0.0,242.7,511.0,MOSQUITO POINT,IMO9010400,WDI5986,30,,48,9,,,B
367714040,2022-01-06T01:56:37,37.82945,-76.28358,0.0,287.4,511.0,MOSQUITO POINT,IMO9010400,WDI5986,30,,48,9,,,B
367714040,2022-01-06T01:32:34,37.82943,-76.28356,0.0,152.1,511.0,MOSQUITO POINT,IMO9010400,WDI5986,30,,48,9,,,B
367714040,2022-01-06T01:59:38,37.82944,-76.28356,0.0,186.0,511.0,MOSQUITO POINT,IMO9010400,WDI5986,30,,48,9,,,B
367714040,2022-01-06T02:05:37,37.82944,-76.28357,0.0,158.8,511.0,MOSQUITO POINT,IMO9010400,WDI5986,30,,48,9,,,B
367714040,2022-01-06T02:08:36,37.82944,-76.28358,0.0,126.2,511.0,MOSQUITO POINT,IMO9010400,WDI5986,30,,48,9,,,B
367714040,2022-01-06T02:14:35,37.82945,-76.28357,0.0,126.2,511.0,MOSQUITO POINT,IMO9010400,WDI5986,30,,48,9,,,B
367714040,2022-01-06T02:35:34,37.82942,-76.28358,0.0,181.6,511.0,MOSQUITO POINT,IMO9010400,WDI5986,30,,48,9,,,B
367714040,2022-01-06T02:32:36,37.82944,-76.28356,0.0,181.6,511.0,MOSQUITO POINT,IMO9010400,WDI5986,30,,48,9,,,B
367714040,2022-01-06T02:20:34,37.82944,-76.28358,0.0,126.2,511.0,MOSQUITO POINT,IMO9010400,WDI5986,30,,48,9,,,B
367714040,2022-01-06T02:53:34,37.82942,-76.28356,0.0,276.2,511.0,MOSQUITO POINT,IMO9010400,WDI5986,30,,48,9,,,B
367714040,2022-01-06T02:11:35,37.82943,-76.28357,0.0,126.2,511.0,MOSQUITO POINT,IMO9010400,WDI5986,30,,48,9,,,B
367714040,2022-01-06T03:02:35,37.82944,-76.28357,0.0,328.7,511.0,MOSQUITO POINT,IMO9010400,WDI5986,30,,48,9,,,B
367714040,2022-01-06T02:56:38,37.82943,-76.28356,0.0,328.7,511.0,MOSQUITO POINT,IMO9010400,WDI5986,30,,48,9,,,B
367714040,2022-01-06T02:59:35,37.82944,-76.28356,0.0,328.7,511.0,MOSQUITO POINT,IMO9010400,WDI5986,30,,48,9,,,B
367714040,2022-01-06T02:50:39,37.82944,-76.28355,0.0,276.2,511.0,MOSQUITO POINT,IMO9010400,WDI5986,30,,48,9,,,B
367714040,2022-01-06T03:08:38,37.82943,-76.28357,0.0,313.3,511.0,MOSQUITO POINT,IMO9010400,WDI5986,30,,48,9,,,B
367714040,2022-01-06T02:23:35,37.82944,-76.28357,0.0,126.2,511.0,MOSQUITO POINT,IMO9010400,WDI5986,30,,48,9,,,B
367714040,2022-01-06T03:14:36,37.82943,-76.28355,0.0,313.3,511.0,MOSQUITO POINT,IMO9010400,WDI5986,30,,48,9,,,B
367714040,2022-01-06T03:17:35,37.82945,-76.28357,0.0,313.3,511.0,MOSQUITO POINT,IMO9010400,WDI5986,30,,48,9,,,B
367714040,2022-01-06T02:29:34,37.82943,-76.28355,0.0,146.8,511.0,MOSQUITO POINT,IMO9010400,WDI5986,30,,48,9,,,B
367714040,2022-01-06T03:26:39,37.82944,-76.28357,0.0,305.0,511.0,MOSQUITO POINT,IMO9010400,WDI5986,30,,48,9,,,B
367714040,2022-01-06T03:35:34,37.82943,-76.28359,0.0,300.1,511.0,MOSQUITO POINT,IMO9010400,WDI5986,30,,48,9,,,B
367714040,2022-01-06T02:38:36,37.82943,-76.28358,0.0,181.6,511.0,MOSQUITO POINT,IMO9010400,WDI5986,30,,48,9,,,B
367714040,2022-01-06T03:20:36,37.82944,-76.28357,0.0,307.9,511.0,MOSQUITO POINT,IMO9010400,WDI5986,30,,48,9,,,B
367714040,2022-01-06T02:41:36,37.82943,-76.28358,0.0,181.6,511.0,MOSQUITO POINT,IMO9010400,WDI5986,30,,48,9,,,B
367714040,2022-01-06T03:23:36,37.82944,-76.28357,0.0,305.0,511.0,MOSQUITO POINT,IMO9010400,WDI5986,30,,48,9,,,B
367714040,2022-01-06T03:56:36,37.82943,-76.28355,0.0,326.2,511.0,MOSQUITO POINT,IMO9010400,WDI5986,30,,48,9,,,B
367714040,2022-01-06T03:53:35,37.82942,-76.28358,0.0,326.2,511.0,MOSQUITO POINT,IMO9010400,WDI5986,30,,48,9,,,B
367714040,2022-01-06T04:08:35,37.82944,-76.28357,0.0,326.2,511.0,MOSQUITO POINT,IMO9010400,WDI5986,30,,48,9,,,B
367714040,2022-01-06T03:50:35,37.82944,-76.28357,0.0,326.2,511.0,MOSQUITO POINT,IMO9010400,WDI5986,30,,48,9,,,B
367714040,2022-01-06T04:14:35,37.82943,-76.28356,0.0,326.2,511.0,MOSQUITO POINT,IMO9010400,WDI5986,30,,48,9,,,B
367714040,2022-01-06T03:29:38,37.82942,-76.28358,0.0,305.0,511.0,MOSQUITO POINT,IMO9010400,WDI5986,30,,48,9,,,B
367714040,2022-01-06T03:59:35,37.82943,-76.28358,0.0,326.2,511.0,MOSQUITO POINT,IMO9010400,WDI5986,30,,48,9,,,B
367714040,2022-01-06T04:23:36,37.82945,-76.28356,0.0,326.2,511.0,MOSQUITO POINT,IMO9010400,WDI5986,30,,48,9,,,B
367714040,2022-01-06T03:11:35,37.82945,-76.28358,0.0,313.3,511.0,MOSQUITO POINT,IMO9010400,WDI5986,30,,48,9,,,B
367714040,2022-01-06T04:11:39,37.82946,-76.28357,0.0,326.2,511.0,MOSQUITO POINT,IMO9010400,WDI5986,30,,48,9,,,B
367714040,2022-01-06T03:41:40,37.82943,-76.28357,0.0,326.2,511.0,MOSQUITO POINT,IMO9010400,WDI5986,30,,48,9,,,B
367714040,2022-01-06T04:26:36,37.82944,-76.28356,0.0,326.2,511.0,MOSQUITO POINT,IMO9010400,WDI5986,30,,48,9,,,B
367714040,2022-01-06T04:32:35,37.82946,-76.28356,0.0,4.3,511.0,MOSQUITO POINT,IMO9010400,WDI5986,30,,48,9,,,B
367714040,2022-01-06T04:44:36,37.82943,-76.28356,0.0,19.0,511.0,MOSQUITO POINT,IMO9010400,WDI5986,30,,48,9,,,B
367714040,2022-01-06T04:38:34,37.82943,-76.28355,0.0,4.3,511.0,MOSQUITO POINT,IMO9010400,WDI5986,30,,48,9,,,B
367714040,2022-01-06T04:41:35,37.82944,-76.28357,0.0,15.5,511.0,MOSQUITO POINT,IMO9010400,WDI5986,30,,48,9,,,B
367714040,2022-01-06T04:53:36,37.82943,-76.28358,0.0,32.2,511.0,MOSQUITO POINT,IMO9010400,WDI5986,30,,48,9,,,B
367714040,2022-01-06T04:50:35,37.82943,-76.28356,0.0,32.2,511.0,MOSQUITO POINT,IMO9010400,WDI5986,30,,48,9,,,B
367714040,2022-01-06T04:47:36,37.82945,-76.28356,0.0,32.2,511.0,MOSQUITO POINT,IMO9010400,WDI5986,30,,48,9,,,B
367714040,2022-01-06T05:05:36,37.82943,-76.28357,0.0,32.2,511.0,MOSQUITO POINT,IMO9010400,WDI5986,30,,48,9,,,B
367714040,2022-01-06T03:38:34,37.82944,-76.28359,0.0,300.1,511.0,MOSQUITO POINT,IMO9010400,WDI5986,30,,48,9,,,B
367714040,2022-01-06T05:02:39,37.82944,-76.28356,0.0,32.2,511.0,MOSQUITO POINT,IMO9010400,WDI5986,30,,48,9,,,B
367714040,2022-01-06T05:11:34,37.82942,-76.28357,0.0,32.2,511.0,MOSQUITO POINT,IMO9010400,WDI5986,30,,48,9,,,B
367714040,2022-01-06T04:56:39,37.82944,-76.28358,0.0,32.2,511.0,MOSQUITO POINT,IMO9010400,WDI5986,30,,48,9,,,B
367714040,2022-01-06T05:17:36,37.82943,-76.28355,0.0,32.2,511.0,MOSQUITO POINT,IMO9010400,WDI5986,30,,48,9,,,B
367714040,2022-01-06T05:14:36,37.82942,-76.28357,0.0,32.2,511.0,MOSQUITO POINT,IMO9010400,WDI5986,30,,48,9,,,B
367714040,2022-01-06T05:20:36,37.82943,-76.28356,0.0,32.2,511.0,MOSQUITO POINT,IMO9010400,WDI5986,30,,48,9,,,B
367714040,2022-01-06T05:35:35,37.82945,-76.28356,0.0,32.2,511.0,MOSQUITO POINT,IMO9010400,WDI5986,30,,48,9,,,B
367714040,2022-01-06T04:35:36,37.82945,-76.28357,0.0,4.3,511.0,MOSQUITO POINT,IMO9010400,WDI5986,30,,48,9,,,B
367714040,2022-01-06T04:02:36,37.82943,-76.28357,0.0,326.2,511.0,MOSQUITO POINT,IMO9010400,WDI5986,30,,48,9,,,B
367714040,2022-01-06T04:05:35,37.82945,-76.28357,0.0,326.2,511.0,MOSQUITO POINT,IMO9010400,WDI5986,30,,48,9,,,B
367714040,2022-01-06T05:23:39,37.82944,-76.28357,0.0,32.2,511.0,MOSQUITO POINT,IMO9010400,WDI5986,30,,48,9,,,B
367714040,2022-01-06T05:38:35,37.82944,-76.28358,0.0,32.2,511.0,MOSQUITO POINT,IMO9010400,WDI5986,30,,48,9,,,B
367714040,2022-01-06T05:41:36,37.82945,-76.28358,0.0,44.3,511.0,MOSQUITO POINT,IMO9010400,WDI5986,30,,48,9,,,B
367714040,2022-01-06T05:53:34,37.82943,-76.28357,0.0,44.3,511.0,MOSQUITO POINT,IMO9010400,WDI5986,30,,48,9,,,B
367714040,2022-01-06T05:56:36,37.82944,-76.28359,0.0,44.3,511.0,MOSQUITO POINT,IMO9010400,WDI5986,30,,48,9,,,B
367714040,2022-01-06T06:05:36,37.82943,-76.28357,0.0,44.3,511.0,MOSQUITO POINT,IMO9010400,WDI5986,30,,48,9,,,B
367714040,2022-01-06T06:14:38,37.82943,-76.28358,0.0,44.3,511.0,MOSQUITO POINT,IMO9010400,WDI5986,30,,48,9,,,B
367714040,2022-01-06T06:08:36,37.82944,-76.28357,0.0,44.3,511.0,MOSQUITO POINT,IMO9010400,WDI5986,30,,48,9,,,B
367714040,2022-01-06T05:59:38,37.82943,-76.28358,0.0,44.3,511.0,MOSQUITO POINT,IMO9010400,WDI5986,30,,48,9,,,B
367714040,2022-01-06T04:29:35,37.82945,-76.28356,0.0,12.5,511.0,MOSQUITO POINT,IMO9010400,WDI5986,30,,48,9,,,B
367714040,2022-01-06T05:08:34,37.82943,-76.28357,0.0,32.2,511.0,MOSQUITO POINT,IMO9010400,WDI5986,30,,48,9,,,B
367714040,2022-01-06T06:29:36,37.82944,-76.28356,0.0,44.3,511.0,MOSQUITO POINT,IMO9010400,WDI5986,30,,48,9,,,B
367714040,2022-01-06T06:35:36,37.82944,-76.28358,0.0,44.3,511.0,MOSQUITO POINT,IMO9010400,WDI5986,30,,48,9,,,B
367714040,2022-01-06T06:41:39,37.82945,-76.28357,0.0,44.3,511.0,MOSQUITO POINT,IMO9010400,WDI5986,30,,48,9,,,B
367714040,2022-01-06T06:20:36,37.82942,-76.28358,0.0,44.3,511.0,MOSQUITO POINT,IMO9010400,WDI5986,30,,48,9,,,B
367714040,2022-01-06T06:50:35,37.82943,-76.28358,0.0,357.4,511.0,MOSQUITO POINT,IMO9010400,WDI5986,30,,48,9,,,B
367714040,2022-01-06T06:53:34,37.82944,-76.28357,0.0,357.4,511.0,MOSQUITO POINT,IMO9010400,WDI5986,30,,48,9,,,B
367714040,2022-01-06T06:47:35,37.82944,-76.28358,0.0,357.4,511.0,MOSQUITO POINT,IMO9010400,WDI5986,30,,48,9,,,B
367714040,2022-01-06T04:59:35,37.82943,-76.28356,0.0,32.2,511.0,MOSQUITO POINT,IMO9010400,WDI5986,30,,48,9,,,B
367714040,2022-01-06T07:02:34,37.82943,-76.28357,0.0,357.4,511.0,MOSQUITO POINT,IMO9010400,WDI5986,30,,48,9,,,B
367714040,2022-01-06T07:05:34,37.82944,-76.28357,0.0,10.9,511.0,MOSQUITO POINT,IMO9010400,WDI5986,30,,48,9,,,B
367714040,2022-01-06T07:11:34,37.82944,-76.28356,0.0,4.8,511.0,MOSQUITO POINT,IMO9010400,WDI5986,30,,48,9,,,B
367714040,2022-01-06T07:17:35,37.82943,-76.28358,0.0,67.6,511.0,MOSQUITO POINT,IMO9010400,WDI5986,30,,48,9,,,B
367714040,2022-01-06T07:23:35,37.82943,-76.28356,0.0,132.6,511.0,MOSQUITO POINT,IMO9010400,WDI5986,30,,48,9,,,B
367714040,2022-01-06T05:44:35,37.82943,-76.28358,0.0,44.3,511.0,MOSQUITO POINT,IMO9010400,WDI5986,30,,48,9,,,B
367714040,2022-01-06T07:26:36,37.82944,-76.28355,0.0,132.6,511.0,MOSQUITO POINT,IMO9010400,WDI5986,30,,48,9,,,B
367714040,2022-01-06T05:47:36,37.82943,-76.28357,0.0,44.3,511.0,MOSQUITO POINT,IMO9010400,WDI5986,30,,48,9,,,B
367714040,2022-01-06T07:29:35,37.82944,-76.28356,0.0,132.6,511.0,MOSQUITO POINT,IMO9010400,WDI5986,30,,48,9,,,B
367714040,2022-01-06T07:32:35,37.82941,-76.28355,0.0,127.5,511.0,MOSQUITO POINT,IMO9010400,WDI5986,30,,48,9,,,B
367714040,2022-01-06T07:38:38,37.82944,-76.28356,0.0,127.5,511.0,MOSQUITO POINT,IMO9010400,WDI5986,30,,48,9,,,B
367714040,2022-01-06T07:08:35,37.82943,-76.28357,0.0,10.9,511.0,MOSQUITO POINT,IMO9010400,WDI5986,30,,48,9,,,B
367714040,2022-01-06T07:44:35,37.82942,-76.28359,0.0,127.5,511.0,MOSQUITO POINT,IMO9010400,WDI5986,30,,48,9,,,B
367714040,2022-01-06T07:41:35,37.82943,-76.28356,0.0,127.5,511.0,MOSQUITO POINT,IMO9010400,WDI5986,30,,48,9,,,B
367714040,2022-01-06T07:35:35,37.82947,-76.28357,0.0,127.5,511.0,MOSQUITO POINT,IMO9010400,WDI5986,30,,48,9,,,B
367714040,2022-01-06T05:32:40,37.82945,-76.28356,0.0,32.2,511.0,MOSQUITO POINT,IMO9010400,WDI5986,30,,48,9,,,B
367714040,2022-01-06T07:47:36,37.82945,-76.28357,0.0,127.5,511.0,MOSQUITO POINT,IMO9010400,WDI5986,30,,48,9,,,B
367714040,2022-01-06T08:02:35,37.82943,-76.28356,0.0,50.4,511.0,MOSQUITO POINT,IMO9010400,WDI5986,30,,48,9,,,B
367714040,2022-01-06T08:14:36,37.82944,-76.28356,0.0,99.3,511.0,MOSQUITO POINT,IMO9010400,WDI5986,30,,48,9,,,B
367714040,2022-01-06T08:20:36,37.82943,-76.28358,0.0,99.3,511.0,MOSQUITO POINT,IMO9010400,WDI5986,30,,48,9,,,B
367714040,2022-01-06T06:32:35,37.82943,-76.28356,0.0,44.3,511.0,MOSQUITO POINT,IMO9010400,WDI5986,30,,48,9,,,B
367714040,2022-01-06T08:17:36,37.82943,-76.28356,0.0,99.3,511.0,MOSQUITO POINT,IMO9010400,WDI5986,30,,48,9,,,B
367714040,2022-01-06T07:53:36,37.82945,-76.28356,0.0,126.8,511.0,MOSQUITO POINT,IMO9010400,WDI5986,30,,48,9,,,B
367714040,2022-01-06T06:11:35,37.82943,-76.28358,0.0,44.3,511.0,MOSQUITO POINT,IMO9010400,WDI5986,30,,48,9,,,B
367714040,2022-01-06T08:38:35,37.82944,-76.28356,0.0,53.1,511.0,MOSQUITO POINT,IMO9010400,WDI5986,30,,48,9,,,B
367714040,2022-01-06T08:23:37,37.82943,-76.28356,0.0,99.3,511.0,MOSQUITO POINT,IMO9010400,WDI5986,30,,48,9,,,B
367714040,2022-01-06T08:26:34,37.82944,-76.28356,0.0,99.3,511.0,MOSQUITO POINT,IMO9010400,WDI5986,30,,48,9,,,B
367714040,2022-01-06T08:47:36,37.82942,-76.28357,0.0,348.7,511.0,MOSQUITO POINT,IMO9010400,WDI5986,30,,48,9,,,B
367714040,2022-01-06T08:56:34,37.82943,-76.28358,0.0,348.7,511.0,MOSQUITO POINT,IMO9010400,WDI5986,30,,48,9,,,B
367714040,2022-01-06T06:26:34,37.82943,-76.28357,0.0,44.3,511.0,MOSQUITO POINT,IMO9010400,WDI5986,30,,48,9,,,B
367714040,2022-01-06T09:08:34,37.82943,-76.28357,0.0,81.5,511.0,MOSQUITO POINT,IMO9010400,WDI5986,30,,48,9,,,B
367714040,2022-01-06T08:32:36,37.82943,-76.28357,0.0,53.1,511.0,MOSQUITO POINT,IMO9010400,WDI5986,30,,48,9,,,B
367714040,2022-01-06T08:35:34,37.82943,-76.28356,0.0,53.1,511.0,MOSQUITO POINT,IMO9010400,WDI5986,30,,48,9,,,B
367714040,2022-01-06T06:44:37,37.82943,-76.28357,0.0,44.3,511.0,MOSQUITO POINT,IMO9010400,WDI5986,30,,48,9,,,B
367714040,2022-01-06T08:44:36,37.82943,-76.28357,0.0,348.7,511.0,MOSQUITO POINT,IMO9010400,WDI5986,30,,48,9,,,B
367714040,2022-01-06T09:02:36,37.82944,-76.28358,0.0,348.7,511.0,MOSQUITO POINT,IMO9010400,WDI5986,30,,48,9,,,B
367714040,2022-01-06T09:17:34,37.82946,-76.28356,0.0,110.4,511.0,MOSQUITO POINT,IMO9010400,WDI5986,30,,48,9,,,B
367714040,2022-01-06T09:05:34,37.82943,-76.28356,0.0,336.9,511.0,MOSQUITO POINT,IMO9010400,WDI5986,30,,48,9,,,B
367714040,2022-01-06T08:50:36,37.82944,-76.28357,0.0,348.7,511.0,MOSQUITO POINT,IMO9010400,WDI5986,30,,48,9,,,B
367714040,2022-01-06T08:59:34,37.82944,-76.28356,0.0,348.7,511.0,MOSQUITO POINT,IMO9010400,WDI5986,30,,48,9,,,B
367714040,2022-01-06T09:26:35,37.82944,-76.28356,0.0,20.8,511.0,MOSQUITO POINT,IMO9010400,WDI5986,30,,48,9,,,B
367714040,2022-01-06T09:38:36,37.82944,-76.28356,0.0,20.8,511.0,MOSQUITO POINT,IMO9010400,WDI5986,30,,48,9,,,B
367714040,2022-01-06T09:47:35,37.82945,-76.28358,0.0,20.8,511.0,MOSQUITO POINT,IMO9010400,WDI5986,30,,48,9,,,B
367714040,2022-01-06T09:35:35,37.82944,-76.28356,0.0,20.8,511.0,MOSQUITO POINT,IMO9010400,WDI5986,30,,48,9,,,B
367714040,2022-01-06T10:02:34,37.82945,-76.28357,0.0,20.8,511.0,MOSQUITO POINT,IMO9010400,WDI5986,30,,48,9,,,B
367714040,2022-01-06T10:05:35,37.82946,-76.28357,0.0,20.8,511.0,MOSQUITO POINT,IMO9010400,WDI5986,30,,48,9,,,B
367714040,2022-01-06T10:08:35,37.82944,-76.28356,0.0,20.8,511.0,MOSQUITO POINT,IMO9010400,WDI5986,30,,48,9,,,B
367714040,2022-01-06T09:56:35,37.82946,-76.28358,0.0,20.8,511.0,MOSQUITO POINT,IMO9010400,WDI5986,30,,48,9,,,B
367714040,2022-01-06T09:50:35,37.82945,-76.28356,0.0,20.8,511.0,MOSQUITO POINT,IMO9010400,WDI5986,30,,48,9,,,B
367714040,2022-01-06T09:29:34,37.82944,-76.28357,0.0,20.8,511.0,MOSQUITO POINT,IMO9010400,WDI5986,30,,48,9,,,B
367714040,2022-01-06T10:23:38,37.82943,-76.28357,0.0,352.3,511.0,MOSQUITO POINT,IMO9010400,WDI5986,30,,48,9,,,B
367714040,2022-01-06T10:26:38,37.82945,-76.28356,0.0,352.3,511.0,MOSQUITO POINT,IMO9010400,WDI5986,30,,48,9,,,B
367714040,2022-01-06T10:14:36,37.82945,-76.28356,0.0,20.8,511.0,MOSQUITO POINT,IMO9010400,WDI5986,30,,48,9,,,B
367714040,2022-01-06T10:20:35,37.82945,-76.28357,0.0,352.3,511.0,MOSQUITO POINT,IMO9010400,WDI5986,30,,48,9,,,B
367714040,2022-01-06T10:32:40,37.82945,-76.28357,0.0,352.3,511.0,MOSQUITO POINT,IMO9010400,WDI5986,30,,48,9,,,B
367714040,2022-01-06T10:50:35,37.82943,-76.28357,0.0,331.0,511.0,MOSQUITO POINT,IMO9010400,WDI5986,30,,48,9,,,B
367714040,2022-01-06T08:05:36,37.82944,-76.28356,0.0,99.3,511.0,MOSQUITO POINT,IMO9010400,WDI5986,30,,48,9,,,B
367714040,2022-01-06T10:59:35,37.82944,-76.28358,0.0,353.6,511.0,MOSQUITO POINT,IMO9010400,WDI5986,30,,48,9,,,B
367714040,2022-01-06T08:29:35,37.82946,-76.28358,0.0,53.1,511.0,MOSQUITO POINT,IMO9010400,WDI5986,30,,48,9,,,B
367714040,2022-01-06T08:08:37,37.82945,-76.28356,0.0,99.3,511.0,MOSQUITO POINT,IMO9010400,WDI5986,30,,48,9,,,B
367714040,2022-01-06T11:05:41,37.82944,-76.28357,0.0,353.6,511.0,MOSQUITO POINT,IMO9010400,WDI5986,30,,48,9,,,B
367714040,2022-01-06T10:17:35,37.82944,-76.28357,0.0,352.3,511.0,MOSQUITO POINT,IMO9010400,WDI5986,30,,48,9,,,B
367714040,2022-01-06T10:38:36,37.82944,-76.28356,0.0,352.3,511.0,MOSQUITO POINT,IMO9010400,WDI5986,30,,48,9,,,B
367714040,2022-01-06T11:14:34,37.82944,-76.28358,0.0,353.6,511.0,MOSQUITO POINT,IMO9010400,WDI5986,30,,48,9,,,B
367714040,2022-01-06T10:56:35,37.82944,-76.28357,0.0,353.6,511.0,MOSQUITO POINT,IMO9010400,WDI5986,30,,48,9,,,B
367714040,2022-01-06T10:29:38,37.82944,-76.28357,0.0,352.3,511.0,MOSQUITO POINT,IMO9010400,WDI5986,30,,48,9,,,B
367714040,2022-01-06T11:20:36,37.82944,-76.28357,0.0,358.3,511.0,MOSQUITO POINT,IMO9010400,WDI5986,30,,48,9,,,B
367714040,2022-01-06T10:35:37,37.82943,-76.28358,0.0,352.3,511.0,MOSQUITO POINT,IMO9010400,WDI5986,30,,48,9,,,B
367714040,2022-01-06T08:53:40,37.82943,-76.28357,0.0,348.7,511.0,MOSQUITO POINT,IMO9010400,WDI5986,30,,48,9,,,B
367714040,2022-01-06T11:32:35,37.82942,-76.28356,0.0,6.0,511.0,MOSQUITO POINT,IMO9010400,WDI5986,30,,48,9,,,B
367714040,2022-01-06T11:29:37,37.82943,-76.28359,0.0,6.0,511.0,MOSQUITO POINT,IMO9010400,WDI5986,30,,48,9,,,B
367714040,2022-01-06T11:08:38,37.82943,-76.28357,0.1,353.6,511.0,MOSQUITO POINT,IMO9010400,WDI5986,30,,48,9,,,B
367714040,2022-01-06T11:26:35,37.82944,-76.28357,0.0,358.3,511.0,MOSQUITO POINT,IMO9010400,WDI5986,30,,48,9,,,B
367714040,2022-01-06T11:47:36,37.82943,-76.28356,0.0,349.8,511.0,MOSQUITO POINT,IMO9010400,WDI5986,30,,48,9,,,B
367714040,2022-01-06T11:02:35,37.82943,-76.28357,0.0,353.6,511.0,MOSQUITO POINT,IMO9010400,WDI5986,30,,48,9,,,B
367714040,2022-01-06T09:14:35,37.82945,-76.28356,0.0,110.4,511.0,MOSQUITO POINT,IMO9010400,WDI5986,30,,48,9,,,B
367714040,2022-01-06T11:41:35,37.82944,-76.28356,0.0,6.0,511.0,MOSQUITO POINT,IMO9010400,WDI5986,30,,48,9,,,B
367714040,2022-01-06T11:38:35,37.82942,-76.28356,0.0,6.0,511.0,MOSQUITO POINT,IMO9010400,WDI5986,30,,48,9,,,B
367714040,2022-01-06T09:20:35,37.82945,-76.28357,0.0,20.8,511.0,MOSQUITO POINT,IMO9010400,WDI5986,30,,48,9,,,B
367714040,2022-01-06T11:11:35,37.82946,-76.28356,0.0,353.6,511.0,MOSQUITO POINT,IMO9010400,WDI5986,30,,48,9,,,B
367714040,2022-01-06T12:08:36,37.82944,-76.28356,0.0,348.4,511.0,MOSQUITO POINT,IMO9010400,WDI5986,30,,48,9,,,B
367714040,2022-01-06T09:23:34,37.82945,-76.28358,0.0,20.8,511.0,MOSQUITO POINT,IMO9010400,WDI5986,30,,48,9,,,B
367714040,2022-01-06T11:56:34,37.82946,-76.28357,0.0,353.9,511.0,MOSQUITO POINT,IMO9010400,WDI5986,30,,48,9,,,B
367714040,2022-01-06T12:17:36,37.82945,-76.28356,0.0,43.5,511.0,MOSQUITO POINT,IMO9010400,WDI5986,30,,48,9,,,B
367714040,2022-01-06T11:53:35,37.82944,-76.28357,0.0,353.9,511.0,MOSQUITO POINT,IMO9010400,WDI5986,30,,48,9,,,B
367714040,2022-01-06T11:44:36,37.82944,-76.28356,0.0,349.8,511.0,MOSQUITO POINT,IMO9010400,WDI5986,30,,48,9,,,B
367714040,2022-01-06T12:29:37,37.82944,-76.28358,0.0,54.0,511.0,MOSQUITO POINT,IMO9010400,WDI5986,30,,48,9,,,B
367714040,2022-01-06T12:05:35,37.82943,-76.28357,0.0,355.2,511.0,MOSQUITO POINT,IMO9010400,WDI5986,30,,48,9,,,B
367714040,2022-01-06T12:11:35,37.82944,-76.28357,0.0,43.5,511.0,MOSQUITO POINT,IMO9010400,WDI5986,30,,48,9,,,B
367714040,2022-01-06T09:41:35,37.82944,-76.28358,0.0,20.8,511.0,MOSQUITO POINT,IMO9010400,WDI5986,30,,48,9,,,B
367714040,2022-01-06T09:44:36,37.82943,-76.28357,0.0,20.8,511.0,MOSQUITO POINT,IMO9010400,WDI5986,30,,48,9,,,B
367714040,2022-01-06T12:50:35,37.82944,-76.28357,0.0,48.6,511.0,MOSQUITO POINT,IMO9010400,WDI5986,30,,48,9,,,B
367714040,2022-01-06T11:50:34,37.82943,-76.28356,0.0,349.8,511.0,MOSQUITO POINT,IMO9010400,WDI5986,30,,48,9,,,B
367714040,2022-01-06T09:53:38,37.82943,-76.28357,0.0,20.8,511.0,MOSQUITO POINT,IMO9010400,WDI5986,30,,48,9,,,B
367714040,2022-01-06T12:59:36,37.82944,-76.28355,0.0,35.9,511.0,MOSQUITO POINT,IMO9010400,WDI5986,30,,48,9,,,B
367714040,2022-01-06T09:59:36,37.82945,-76.28358,0.0,20.8,511.0,MOSQUITO POINT,IMO9010400,WDI5986,30,,48,9,,,B
367714040,2022-01-06T12:02:36,37.82943,-76.28358,0.0,355.2,511.0,MOSQUITO POINT,IMO9010400,WDI5986,30,,48,9,,,B
367714040,2022-01-06T12:32:34,37.82945,-76.28356,0.0,32.5,511.0,MOSQUITO POINT,IMO9010400,WDI5986,30,,48,9,,,B
367714040,2022-01-06T12:44:35,37.82945,-76.28356,0.0,48.6,511.0,MOSQUITO POINT,IMO9010400,WDI5986,30,,48,9,,,B
367714040,2022-01-06T12:14:35,37.82944,-76.28356,0.0,43.5,511.0,MOSQUITO POINT,IMO9010400,WDI5986,30,,48,9,,,B
367714040,2022-01-06T10:11:34,37.82944,-76.28358,0.0,20.8,511.0,MOSQUITO POINT,IMO9010400,WDI5986,30,,48,9,,,B
367714040,2022-01-06T13:26:35,37.82943,-76.28356,0.0,178.1,511.0,MOSQUITO POINT,IMO9010400,WDI5986,30,,48,9,,,B
367714040,2022-01-06T12:56:34,37.82943,-76.28355,0.0,48.6,511.0,MOSQUITO POINT,IMO9010400,WDI5986,30,,48,9,,,B
367714040,2022-01-06T12:53:38,37.82942,-76.28355,0.0,48.6,511.0,MOSQUITO POINT,IMO9010400,WDI5986,30,,48,9,,,B
367714040,2022-01-06T13:35:35,37.82943,-76.28357,0.0,178.1,511.0,MOSQUITO POINT,IMO9010400,WDI5986,30,,48,9,,,B
367714040,2022-01-06T13:38:36,37.82943,-76.28356,0.0,178.1,511.0,MOSQUITO POINT,IMO9010400,WDI5986,30,,48,9,,,B
367714040,2022-01-06T13:11:37,37.82943,-76.28355,0.0,68.1,511.0,MOSQUITO POINT,IMO9010400,WDI5986,30,,48,9,,,B
367714040,2022-01-06T13:44:35,37.82942,-76.28354,0.0,178.1,511.0,MOSQUITO POINT,IMO9010400,WDI5986,30,,48,9,,,B
367714040,2022-01-06T13:08:34,37.82944,-76.28358,0.0,67.9,511.0,MOSQUITO POINT,IMO9010400,WDI5986,30,,48,9,,,B
367714040,2022-01-06T13:17:35,37.82944,-76.28357,0.0,68.1,511.0,MOSQUITO POINT,IMO9010400,WDI5986,30,,48,9,,,B
367714040,2022-01-06T10:41:35,37.82943,-76.28356,0.0,352.3,511.0,MOSQUITO POINT,IMO9010400,WDI5986,30,,48,9,,,B
367714040,2022-01-06T13:20:38,37.82944,-76.28356,0.0,132.7,511.0,MOSQUITO POINT,IMO9010400,WDI5986,30,,48,9,,,B
367714040,2022-01-06T10:47:36,37.82943,-76.28358,0.0,331.0,511.0,MOSQUITO POINT,IMO9010400,WDI5986,30,,48,9,,,B
367714040,2022-01-06T10:44:35,37.82942,-76.28356,0.0,331.0,511.0,MOSQUITO POINT,IMO9010400,WDI5986,30,,48,9,,,B
367714040,2022-01-06T13:29:36,37.82943,-76.28359,0.0,178.1,511.0,MOSQUITO POINT,IMO9010400,WDI5986,30,,48,9,,,B
367714040,2022-01-06T14:17:35,37.82943,-76.28358,0.0,156.8,511.0,MOSQUITO POINT,IMO9010400,WDI5986,30,,48,9,,,B
367714040,2022-01-06T13:05:35,37.82943,-76.28358,0.0,57.6,511.0,MOSQUITO POINT,IMO9010400,WDI5986,30,,48,9,,,B
367714040,2022-01-06T13:50:36,37.82943,-76.28357,0.0,178.1,511.0,MOSQUITO POINT,IMO9010400,WDI5986,30,,48,9,,,B
367714040,2022-01-06T14:02:34,37.82942,-76.28357,0.0,210.6,511.0,MOSQUITO POINT,IMO9010400,WDI5986,30,,48,9,,,B
367714040,2022-01-06T13:56:35,37.82943,-76.28357,0.0,210.6,511.0,MOSQUITO POINT,IMO9010400,WDI5986,30,,48,9,,,B
367714040,2022-01-06T11:17:37,37.82943,-76.28357,0.0,358.3,511.0,MOSQUITO POINT,IMO9010400,WDI5986,30,,48,9,,,B
367714040,2022-01-06T14:11:35,37.82946,-76.28354,0.0,156.8,511.0,MOSQUITO POINT,IMO9010400,WDI5986,30,,48,9,,,B
367714040,2022-01-06T11:23:39,37.82944,-76.28358,0.0,358.3,511.0,MOSQUITO POINT,IMO9010400,WDI5986,30,,48,9,,,B
367714040,2022-01-06T14:26:35,37.82943,-76.28356,0.0,120.1,511.0,MOSQUITO POINT,IMO9010400,WDI5986,30,,48,9,,,B
367714040,2022-01-06T14:20:34,37.82944,-76.28357,0.0,77.1,511.0,MOSQUITO POINT,IMO9010400,WDI5986,30,,48,9,,,B
367714040,2022-01-06T14:23:36,37.82944,-76.28358,0.0,120.1,511.0,MOSQUITO POINT,IMO9010400,WDI5986,30,,48,9,,,B
367714040,2022-01-06T14:59:34,37.82944,-76.28357,0.0,64.6,511.0,MOSQUITO POINT,IMO9010400,WDI5986,30,,48,9,,,B
367714040,2022-01-06T14:38:35,37.82944,-76.28356,0.0,92.6,511.0,MOSQUITO POINT,IMO9010400,WDI5986,30,,48,9,,,B
367714040,2022-01-06T13:59:34,37.82943,-76.28357,0.0,210.6,511.0,MOSQUITO POINT,IMO9010400,WDI5986,30,,48,9,,,B
367714040,2022-01-06T14:53:35,37.82943,-76.28356,0.0,99.2,511.0,MOSQUITO POINT,IMO9010400,WDI5986,30,,48,9,,,B
367714040,2022-01-06T11:59:36,37.82944,-76.28355,0.0,355.2,511.0,MOSQUITO POINT,IMO9010400,WDI5986,30,,48,9,,,B
367714040,2022-01-06T15:29:35,37.82946,-76.28356,0.0,129.6,511.0,MOSQUITO POINT,IMO9010400,WDI5986,30,,48,9,,,B
367714040,2022-01-06T15:08:35,37.82944,-76.28356,0.0,64.6,511.0,MOSQUITO POINT,IMO9010400,WDI5986,30,,48,9,,,B
367714040,2022-01-06T15:44:35,37.82942,-76.28355,0.0,135.4,511.0,MOSQUITO POINT,IMO9010400,WDI5986,30,,48,9,,,B
367714040,2022-01-06T15:23:35,37.82945,-76.28357,0.0,129.6,511.0,MOSQUITO POINT,IMO9010400,WDI5986,30,,48,9,,,B
367714040,2022-01-06T12:23:34,37.82943,-76.28356,0.0,54.0,511.0,MOSQUITO POINT,IMO9010400,WDI5986,30,,48,9,,,B
367714040,2022-01-06T12:20:35,37.82944,-76.28356,0.0,54.0,511.0,MOSQUITO POINT,IMO9010400,WDI5986,30,,48,9,,,B
367714040,2022-01-06T15:32:37,37.82944,-76.28356,0.0,129.6,511.0,MOSQUITO POINT,IMO9010400,WDI5986,30,,48,9,,,B
367714040,2022-01-06T12:26:36,37.82943,-76.28356,0.0,54.0,511.0,MOSQUITO POINT,IMO9010400,WDI5986,30,,48,9,,,B
367714040,2022-01-06T12:38:36,37.82945,-76.28357,0.0,143.1,511.0,MOSQUITO POINT,IMO9010400,WDI5986,30,,48,9,,,B
367714040,2022-01-06T15:38:35,37.82943,-76.28356,0.0,129.6,511.0,MOSQUITO POINT,IMO9010400,WDI5986,30,,48,9,,,B
367714040,2022-01-06T16:05:37,37.82943,-76.28357,0.0,27.1,511.0,MOSQUITO POINT,IMO9010400,WDI5986,30,,48,9,,,B
367714040,2022-01-06T15:41:35,37.82943,-76.28357,0.0,129.6,511.0,MOSQUITO POINT,IMO9010400,WDI5986,30,,48,9,,,B
367714040,2022-01-06T16:17:35,37.82945,-76.28356,0.0,33.4,511.0,MOSQUITO POINT,IMO9010400,WDI5986,30,,48,9,,,B
367714040,2022-01-06T15:17:35,37.82943,-76.28356,0.0,64.6,511.0,MOSQUITO POINT,IMO9010400,WDI5986,30,,48,9,,,B
367714040,2022-01-06T15:59:35,37.82944,-76.28357,0.0,48.8,511.0,MOSQUITO POINT,IMO9010400,WDI5986,30,,48,9,,,B
367714040,2022-01-06T15:20:35,37.82944,-76.28357,0.0,129.6,511.0,MOSQUITO POINT,IMO9010400,WDI5986,30,,48,9,,,B
367714040,2022-01-06T12:47:38,37.82944,-76.28356,0.0,48.6,511.0,MOSQUITO POINT,IMO9010400,WDI5986,30,,48,9,,,B
367714040,2022-01-06T16:08:36,37.82943,-76.28357,0.0,33.4,511.0,MOSQUITO POINT,IMO9010400,WDI5986,30,,48,9,,,B
367714040,2022-01-06T15:35:35,37.82944,-76.28358,0.0,129.6,511.0,MOSQUITO POINT,IMO9010400,WDI5986,30,,48,9,,,B
367714040,2022-01-06T16:20:38,37.82944,-76.28357,0.0,33.4,511.0,MOSQUITO POINT,IMO9010400,WDI5986,30,,48,9,,,B
367714040,2022-01-06T16:50:34,37.82945,-76.28356,0.0,56.8,511.0,MOSQUITO POINT,IMO9010400,WDI5986,30,,48,9,,,B
367714040,2022-01-06T16:26:36,37.82945,-76.28357,0.0,33.4,511.0,MOSQUITO POINT,IMO9010400,WDI5986,30,,48,9,,,B
367714040,2022-01-06T15:50:34,37.82943,-76.28358,0.0,135.4,511.0,MOSQUITO POINT,IMO9010400,WDI5986,30,,48,9,,,B
367714040,2022-01-06T17:02:35,37.82943,-76.28357,0.0,6.1,511.0,MOSQUITO POINT,IMO9010400,WDI5986,30,,48,9,,,B
367714040,2022-01-06T13:02:40,37.82945,-76.28356,0.0,35.9,511.0,MOSQUITO POINT,IMO9010400,WDI5986,30,,48,9,,,B
367714040,2022-01-06T16:32:35,37.82945,-76.28357,0.0,41.0,511.0,MOSQUITO POINT,IMO9010400,WDI5986,30,,48,9,,,B
367714040,2022-01-06T16:38:36,37.82944,-76.28356,0.0,118.5,511.0,MOSQUITO POINT,IMO9010400,WDI5986,30,,48,9,,,B
367714040,2022-01-06T13:32:35,37.82942,-76.28359,0.0,178.1,511.0,MOSQUITO POINT,IMO9010400,WDI5986,30,,48,9,,,B
367714040,2022-01-06T17:08:35,37.82945,-76.28358,0.0,6.1,511.0,MOSQUITO POINT,IMO9010400,WDI5986,30,,48,9,,,B
367714040,2022-01-06T16:44:38,37.82943,-76.28356,0.0,97.5,511.0,MOSQUITO POINT,IMO9010400,WDI5986,30,,48,9,,,B
367714040,2022-01-06T17:14:37,37.82944,-76.28357,0.0,6.1,511.0,MOSQUITO POINT,IMO9010400,WDI5986,30,,48,9,,,B
367714040,2022-01-06T13:41:34,37.82944,-76.28353,0.0,178.1,511.0,MOSQUITO POINT,IMO9010400,WDI5986,30,,48,9,,,B
367714040,2022-01-06T16:47:35,37.82944,-76.28356,0.0,56.8,511.0,MOSQUITO POINT,IMO9010400,WDI5986,30,,48,9,,,B
367714040,2022-01-06T16:11:35,37.82943,-76.28356,0.0,33.4,511.0,MOSQUITO POINT,IMO9010400,WDI5986,30,,48,9,,,B
367714040,2022-01-06T17:20:36,37.82943,-76.28356,0.0,6.1,511.0,MOSQUITO POINT,IMO9010400,WDI5986,30,,48,9,,,B
367714040,2022-01-06T17:23:36,37.82943,-76.28358,0.0,6.1,511.0,MOSQUITO POINT,IMO9010400,WDI5986,30,,48,9,,,B
367714040,2022-01-06T16:14:35,37.82943,-76.28357,0.0,33.4,511.0,MOSQUITO POINT,IMO9010400,WDI5986,30,,48,9,,,B
367714040,2022-01-06T13:47:35,37.82943,-76.28355,0.0,178.1,511.0,MOSQUITO POINT,IMO9010400,WDI5986,30,,48,9,,,B
367714040,2022-01-06T16:56:34,37.82944,-76.28358,0.0,6.1,511.0,MOSQUITO POINT,IMO9010400,WDI5986,30,,48,9,,,B
367714040,2022-01-06T17:32:35,37.82944,-76.28358,0.0,200.8,511.0,MOSQUITO POINT,IMO9010400,WDI5986,30,,48,9,,,B
367714040,2022-01-06T17:05:37,37.82944,-76.28355,0.0,6.1,511.0,MOSQUITO POINT,IMO9010400,WDI5986,30,,48,9,,,B
367714040,2022-01-06T16:23:36,37.82944,-76.28358,0.0,33.4,511.0,MOSQUITO POINT,IMO9010400,WDI5986,30,,48,9,,,B
367714040,2022-01-06T17:41:42,37.82945,-76.28357,0.0,188.2,511.0,MOSQUITO POINT,IMO9010400,WDI5986,30,,48,9,,,B
367714040,2022-01-06T17:11:34,37.82943,-76.28358,0.0,6.1,511.0,MOSQUITO POINT,IMO9010400,WDI5986,30,,48,9,,,B
367714040,2022-01-06T14:05:34,37.82945,-76.28358,0.0,210.6,511.0,MOSQUITO POINT,IMO9010400,WDI5986,30,,48,9,,,B
367714040,2022-01-06T16:35:36,37.82944,-76.28356,0.0,118.5,511.0,MOSQUITO POINT,IMO9010400,WDI5986,30,,48,9,,,B
367714040,2022-01-06T14:08:35,37.82945,-76.28357,0.0,151.9,511.0,MOSQUITO POINT,IMO9010400,WDI5986,30,,48,9,,,B
367714040,2022-01-06T17:50:35,37.82941,-76.28357,0.0,188.2,511.0,MOSQUITO POINT,IMO9010400,WDI5986,30,,48,9,,,B
367714040,2022-01-06T14:14:35,37.82943,-76.28358,0.0,156.8,511.0,MOSQUITO POINT,IMO9010400,WDI5986,30,,48,9,,,B
367714040,2022-01-06T17:56:35,37.82944,-76.28358,0.0,342.3,511.0,MOSQUITO POINT,IMO9010400,WDI5986,30,,48,9,,,B
367714040,2022-01-06T17:59:35,37.82943,-76.28358,0.0,342.3,511.0,MOSQUITO POINT,IMO9010400,WDI5986,30,,48,9,,,B
367714040,2022-01-06T17:35:35,37.82943,-76.28357,0.0,188.2,511.0,MOSQUITO POINT,IMO9010400,WDI5986,30,,48,9,,,B
367714040,2022-01-06T17:38:37,37.82944,-76.28356,0.0,188.2,511.0,MOSQUITO POINT,IMO9010400,WDI5986,30,,48,9,,,B
367714040,2022-01-06T18:14:41,37.82944,-76.28356,0.0,337.7,511.0,MOSQUITO POINT,IMO9010400,WDI5986,30,,48,9,,,B
367714040,2022-01-06T16:59:37,37.82943,-76.28356,0.0,6.1,511.0,MOSQUITO POINT,IMO9010400,WDI5986,30,,48,9,,,B
367714040,2022-01-06T18:26:35,37.82943,-76.28356,0.0,337.7,511.0,MOSQUITO POINT,IMO9010400,WDI5986,30,,48,9,,,B
367714040,2022-01-06T18:23:35,37.82944,-76.28357,0.0,337.7,511.0,MOSQUITO POINT,IMO9010400,WDI5986,30,,48,9,,,B
367714040,2022-01-06T14:47:37,37.82943,-76.28356,0.0,99.2,511.0,MOSQUITO POINT,IMO9010400,WDI5986,30,,48,9,,,B
367714040,2022-01-06T17:17:35,37.82944,-76.28357,0.0,6.1,511.0,MOSQUITO POINT,IMO9010400,WDI5986,30,,48,9,,,B
367714040,2022-01-06T14:56:36,37.82943,-76.28357,0.0,99.2,511.0,MOSQUITO POINT,IMO9010400,WDI5986,30,,48,9,,,B
367714040,2022-01-06T17:26:38,37.82944,-76.28357,0.0,6.1,511.0,MOSQUITO POINT,IMO9010400,WDI5986,30,,48,9,,,B
367714040,2022-01-06T18:41:35,37.82943,-76.28356,0.0,296.1,511.0,MOSQUITO POINT,IMO9010400,WDI5986,30,,48,9,,,B
367714040,2022-01-06T15:02:34,37.82945,-76.28356,0.0,64.6,511.0,MOSQUITO POINT,IMO9010400,WDI5986,30,,48,9,,,B
367714040,2022-01-06T14:29:38,37.82943,-76.28357,0.0,120.1,511.0,MOSQUITO POINT,IMO9010400,WDI5986,30,,48,9,,,B
367714040,2022-01-06T15:05:38,37.82945,-76.28356,0.0,64.6,511.0,MOSQUITO POINT,IMO9010400,WDI5986,30,,48,9,,,B
367714040,2022-01-06T14:32:35,37.82943,-76.28356,0.0,92.6,511.0,MOSQUITO POINT,IMO9010400,WDI5986,30,,48,9,,,B
367714040,2022-01-06T15:11:36,37.82945,-76.28357,0.0,64.6,511.0,MOSQUITO POINT,IMO9010400,WDI5986,30,,48,9,,,B
367714040,2022-01-06T19:05:35,37.82945,-76.28357,0.0,154.4,511.0,MOSQUITO POINT,IMO9010400,WDI5986,30,,48,9,,,B
367714040,2022-01-06T14:35:35,37.82943,-76.28357,0.0,92.6,511.0,MOSQUITO POINT,IMO9010400,WDI5986,30,,48,9,,,B
367714040,2022-01-06T18:35:34,37.82940,-76.28356,0.0,296.1,511.0,MOSQUITO POINT,IMO9010400,WDI5986,30,,48,9,,,B
367714040,2022-01-06T18:59:36,37.82942,-76.28356,0.0,154.4,511.0,MOSQUITO POINT,IMO9010400,WDI5986,30,,48,9,,,B
367714040,2022-01-06T17:47:35,37.82945,-76.28357,0.0,188.2,511.0,MOSQUITO POINT,IMO9010400,WDI5986,30,,48,9,,,B
367714040,2022-01-06T18:38:35,37.82943,-76.28358,0.0,296.1,511.0,MOSQUITO POINT,IMO9010400,WDI5986,30,,48,9,,,B
367714040,2022-01-06T19:08:36,37.82945,-76.28358,0.0,154.4,511.0,MOSQUITO POINT,IMO9010400,WDI5986,30,,48,9,,,B
367714040,2022-01-06T14:50:35,37.82943,-76.28356,0.0,99.2,511.0,MOSQUITO POINT,IMO9010400,WDI5986,30,,48,9,,,B
367714040,2022-01-06T19:17:36,37.82944,-76.28358,0.0,221.7,511.0,MOSQUITO POINT,IMO9010400,WDI5986,30,,48,9,,,B
367714040,2022-01-06T18:08:35,37.82944,-76.28356,0.0,337.7,511.0,MOSQUITO POINT,IMO9010400,WDI5986,30,,48,9,,,B
367714040,2022-01-06T18:47:36,37.82940,-76.28355,0.0,170.1,511.0,MOSQUITO POINT,IMO9010400,WDI5986,30,,48,9,,,B
367714040,2022-01-06T19:11:37,37.82944,-76.28357,0.0,221.7,511.0,MOSQUITO POINT,IMO9010400,WDI5986,30,,48,9,,,B
367714040,2022-01-06T19:02:35,37.82943,-76.28356,0.0,154.4,511.0,MOSQUITO POINT,IMO9010400,WDI5986,30,,48,9,,,B
367714040,2022-01-06T19:47:36,37.82944,-76.28359,0.0,353.5,511.0,MOSQUITO POINT,IMO9010400,WDI5986,30,,48,9,,,B
367714040,2022-01-06T19:14:36,37.82943,-76.28355,0.0,221.7,511.0,MOSQUITO POINT,IMO9010400,WDI5986,30,,48,9,,,B
367714040,2022-01-06T19:44:35,37.82945,-76.28356,0.0,2.2,511.0,MOSQUITO POINT,IMO9010400,WDI5986,30,,48,9,,,B
367714040,2022-01-06T15:14:41,37.82943,-76.28356,0.0,64.6,511.0,MOSQUITO POINT,IMO9010400,WDI5986,30,,48,9,,,B
367714040,2022-01-06T19:20:38,37.82944,-76.28358,0.0,130.1,511.0,MOSQUITO POINT,IMO9010400,WDI5986,30,,48,9,,,B
367714040,2022-01-06T19:23:36,37.82944,-76.28357,0.0,130.1,511.0,MOSQUITO POINT,IMO9010400,WDI5986,30,,48,9,,,B
367714040,2022-01-06T15:26:34,37.82944,-76.28357,0.0,129.6,511.0,MOSQUITO POINT,IMO9010400,WDI5986,30,,48,9,,,B
367714040,2022-01-06T16:02:35,37.82942,-76.28356,0.0,48.8,511.0,MOSQUITO POINT,IMO9010400,WDI5986,30,,48,9,,,B
367714040,2022-01-06T18:53:36,37.82943,-76.28356,0.0,170.1,511.0,MOSQUITO POINT,IMO9010400,WDI5986,30,,48,9,,,B
367714040,2022-01-06T15:47:36,37.82942,-76.28358,0.0,135.4,511.0,MOSQUITO POINT,IMO9010400,WDI5986,30,,48,9,,,B
367714040,2022-01-06T20:02:35,37.82944,-76.28357,0.0,353.5,511.0,MOSQUITO POINT,IMO9010400,WDI5986,30,,48,9,,,B
367714040,2022-01-06T19:59:37,37.82944,-76.28356,0.0,353.5,511.0,MOSQUITO POINT,IMO9010400,WDI5986,30,,48,9,,,B
367714040,2022-01-06T15:56:35,37.82945,-76.28356,0.0,48.8,511.0,MOSQUITO POINT,IMO9010400,WDI5986,30,,48,9,,,B
367714040,2022-01-06T20:11:36,37.82944,-76.28356,0.0,274.9,511.0,MOSQUITO POINT,IMO9010400,WDI5986,30,,48,9,,,B
367714040,2022-01-06T20:47:35,37.82943,-76.28356,0.0,171.9,511.0,MOSQUITO POINT,IMO9010400,WDI5986,30,,48,9,,,B
367714040,2022-01-06T20:08:36,37.82945,-76.28355,0.0,347.5,511.0,MOSQUITO POINT,IMO9010400,WDI5986,30,,48,9,,,B
367714040,2022-01-06T19:26:36,37.82945,-76.28355,0.0,130.1,511.0,MOSQUITO POINT,IMO9010400,WDI5986,30,,48,9,,,B
367714040,2022-01-06T19:32:36,37.82943,-76.28357,0.0,130.1,511.0,MOSQUITO POINT,IMO9010400,WDI5986,30,,48,9,,,B
367714040,2022-01-06T20:56:36,37.82946,-76.28356,0.0,141.3,511.0,MOSQUITO POINT,IMO9010400,WDI5986,30,,48,9,,,B
367714040,2022-01-06T20:20:35,37.82944,-76.28357,0.0,165.4,511.0,MOSQUITO POINT,IMO9010400,WDI5986,30,,48,9,,,B
367714040,2022-01-06T20:59:37,37.82943,-76.28356,0.0,126.8,511.0,MOSQUITO POINT,IMO9010400,WDI5986,30,,48,9,,,B
367714040,2022-01-06T20:35:34,37.82942,-76.28356,0.0,212.9,511.0,MOSQUITO POINT,IMO9010400,WDI5986,30,,48,9,,,B
367714040,2022-01-06T21:17:37,37.82944,-76.28357,0.0,73.9,511.0,MOSQUITO POINT,IMO9010400,WDI5986,30,,48,9,,,B
367714040,2022-01-06T20:41:37,37.82943,-76.28357,0.0,148.7,511.0,MOSQUITO POINT,IMO9010400,WDI5986,30,,48,9,,,B
367714040,2022-01-06T21:20:35,37.82945,-76.28356,0.0,73.9,511.0,MOSQUITO POINT,IMO9010400,WDI5986,30,,48,9,,,B
367714040,2022-01-06T21:26:35,37.82945,-76.28356,0.0,73.9,511.0,MOSQUITO POINT,IMO9010400,WDI5986,30,,48,9,,,B
367714040,2022-01-06T20:50:37,37.82944,-76.28357,0.0,171.9,511.0,MOSQUITO POINT,IMO9010400,WDI5986,30,,48,9,,,B
367714040,2022-01-06T20:53:35,37.82945,-76.28354,0.0,171.9,511.0,MOSQUITO POINT,IMO9010400,WDI5986,30,,48,9,,,B
367714040,2022-01-06T21:02:36,37.82944,-76.28358,0.0,126.8,511.0,MOSQUITO POINT,IMO9010400,WDI5986,30,,48,9,,,B
367714040,2022-01-06T21:38:34,37.82944,-76.28359,0.0,103.0,511.0,MOSQUITO POINT,IMO9010400,WDI5986,30,,48,9,,,B
367714040,2022-01-06T20:17:34,37.82944,-76.28357,0.0,274.9,511.0,MOSQUITO POINT,IMO9010400,WDI5986,30,,48,9,,,B
367714040,2022-01-06T21:08:35,37.82944,-76.28356,0.0,126.8,511.0,MOSQUITO POINT,IMO9010400,WDI5986,30,,48,9,,,B
367714040,2022-01-06T21:14:34,37.82945,-76.28357,0.0,126.8,511.0,MOSQUITO POINT,IMO9010400,WDI5986,30,,48,9,,,B
367714040,2022-01-06T21:59:35,37.82945,-76.28356,0.0,37.1,511.0,MOSQUITO POINT,IMO9010400,WDI5986,30,,48,9,,,B
367714040,2022-01-06T21:50:35,37.82944,-76.28357,0.0,6.5,511.0,MOSQUITO POINT,IMO9010400,WDI5986,30,,48,9,,,B
367714040,2022-01-06T17:29:41,37.82945,-76.28356,0.0,12.8,511.0,MOSQUITO POINT,IMO9010400,WDI5986,30,,48,9,,,B
367714040,2022-01-06T22:08:36,37.82945,-76.28357,0.0,37.1,511.0,MOSQUITO POINT,IMO9010400,WDI5986,30,,48,9,,,B
367714040,2022-01-06T20:38:37,37.82943,-76.28358,0.0,212.9,511.0,MOSQUITO POINT,IMO9010400,WDI5986,30,,48,9,,,B
367714040,2022-01-06T21:29:37,37.82944,-76.28356,0.0,73.9,511.0,MOSQUITO POINT,IMO9010400,WDI5986,30,,48,9,,,B
367714040,2022-01-06T17:44:34,37.82945,-76.28355,0.0,188.2,511.0,MOSQUITO POINT,IMO9010400,WDI5986,30,,48,9,,,B
367714040,2022-01-06T22:23:39,37.82944,-76.28358,0.0,358.4,511.0,MOSQUITO POINT,IMO9010400,WDI5986,30,,48,9,,,B
367714040,2022-01-06T22:02:34,37.82943,-76.28358,0.0,37.1,511.0,MOSQUITO POINT,IMO9010400,WDI5986,30,,48,9,,,B
367714040,2022-01-06T18:11:36,37.82942,-76.28356,0.0,337.7,511.0,MOSQUITO POINT,IMO9010400,WDI5986,30,,48,9,,,B
367714040,2022-01-06T22:29:35,37.82944,-76.28358,0.0,358.4,511.0,MOSQUITO POINT,IMO9010400,WDI5986,30,,48,9,,,B
367714040,2022-01-06T22:05:36,37.82943,-76.28357,0.0,37.1,511.0,MOSQUITO POINT,IMO9010400,WDI5986,30,,48,9,,,B
367714040,2022-01-06T22:11:37,37.82944,-76.28357,0.0,37.1,511.0,MOSQUITO POINT,IMO9010400,WDI5986,30,,48,9,,,B
367714040,2022-01-06T21:11:36,37.82945,-76.28356,0.0,126.8,511.0,MOSQUITO POINT,IMO9010400,WDI5986,30,,48,9,,,B
367714040,2022-01-06T22:35:35,37.82943,-76.28357,0.0,16.6,511.0,MOSQUITO POINT,IMO9010400,WDI5986,30,,48,9,,,B
367714040,2022-01-06T22:38:35,37.82945,-76.28355,0.0,16.6,511.0,MOSQUITO POINT,IMO9010400,WDI5986,30,,48,9,,,B
367714040,2022-01-06T18:20:34,37.82943,-76.28358,0.0,337.7,511.0,MOSQUITO POINT,IMO9010400,WDI5986,30,,48,9,,,B
367714040,2022-01-06T22:20:37,37.82943,-76.28357,0.0,358.4,511.0,MOSQUITO POINT,IMO9010400,WDI5986,30,,48,9,,,B
367714040,2022-01-06T18:29:38,37.82943,-76.28358,0.0,337.7,511.0,MOSQUITO POINT,IMO9010400,WDI5986,30,,48,9,,,B
367714040,2022-01-06T23:20:37,37.82943,-76.28357,0.0,70.4,511.0,MOSQUITO POINT,IMO9010400,WDI5986,30,,48,9,,,B
367714040,2022-01-06T22:44:35,37.82943,-76.28357,0.0,55.3,511.0,MOSQUITO POINT,IMO9010400,WDI5986,30,,48,9,,,B
367714040,2022-01-06T22:50:35,37.82943,-76.28358,0.0,55.3,511.0,MOSQUITO POINT,IMO9010400,WDI5986,30,,48,9,,,B
367714040,2022-01-06T18:50:36,37.82944,-76.28356,0.0,170.1,511.0,MOSQUITO POINT,IMO9010400,WDI5986,30,,48,9,,,B
367714040,2022-01-06T22:56:35,37.82944,-76.28357,0.0,61.3,511.0,MOSQUITO POINT,IMO9010400,WDI5986,30,,48,9,,,B
367714040,2022-01-06T22:53:36,37.82944,-76.28358,0.0,55.3,511.0,MOSQUITO POINT,IMO9010400,WDI5986,30,,48,9,,,B
367714040,2022-01-06T21:53:35,37.82942,-76.28358,0.0,6.5,511.0,MOSQUITO POINT,IMO9010400,WDI5986,30,,48,9,,,B
367714040,2022-01-06T22:59:35,37.82943,-76.28357,0.0,61.3,511.0,MOSQUITO POINT,IMO9010400,WDI5986,30,,48,9,,,B
367714040,2022-01-06T23:02:35,37.82943,-76.28356,0.0,61.3,511.0,MOSQUITO POINT,IMO9010400,WDI5986,30,,48,9,,,B
367714040,2022-01-06T23:50:35,37.82943,-76.28356,0.0,49.2,511.0,MOSQUITO POINT,IMO9010400,WDI5986,30,,48,9,,,B
367714040,2022-01-06T23:11:34,37.82944,-76.28355,0.0,67.7,511.0,MOSQUITO POINT,IMO9010400,WDI5986,30,,48,9,,,B
367714040,2022-01-06T23:26:34,37.82943,-76.28357,0.0,70.4,511.0,MOSQUITO POINT,IMO9010400,WDI5986,30,,48,9,,,B
367714040,2022-01-06T23:59:36,37.82944,-76.28355,0.0,6.7,511.0,MOSQUITO POINT,IMO9010400,WDI5986,30,,48,9,,,B
367714040,2022-01-06T23:32:39,37.82943,-76.28356,0.0,49.2,511.0,MOSQUITO POINT,IMO9010400,WDI5986,30,,48,9,,,B
367714040,2022-01-06T19:35:38,37.82944,-76.28357,0.0,27.9,511.0,MOSQUITO POINT,IMO9010400,WDI5986,30,,48,9,,,B
367714040,2022-01-06T23:44:35,37.82944,-76.28357,0.0,49.2,511.0,MOSQUITO POINT,IMO9010400,WDI5986,30,,48,9,,,B
367714040,2022-01-06T23:38:35,37.82944,-76.28356,0.0,49.2,511.0,MOSQUITO POINT,IMO9010400,WDI5986,30,,48,9,,,B
367714040,2022-01-06T18:32:35,37.82942,-76.28356,0.0,337.7,511.0,MOSQUITO POINT,IMO9010400,WDI5986,30,,48,9,,,B
367714040,2022-01-06T18:44:37,37.82943,-76.28357,0.0,223.3,511.0,MOSQUITO POINT,IMO9010400,WDI5986,30,,48,9,,,B
367714040,2022-01-06T19:50:36,37.82943,-76.28359,0.0,353.5,511.0,MOSQUITO POINT,IMO9010400,WDI5986,30,,48,9,,,B
367714040,2022-01-06T19:53:38,37.82943,-76.28356,0.0,353.5,511.0,MOSQUITO POINT,IMO9010400,WDI5986,30,,48,9,,,B
367714040,2022-01-06T19:56:36,37.82944,-76.28356,0.0,353.5,511.0,MOSQUITO POINT,IMO9010400,WDI5986,30,,48,9,,,B
367714040,2022-01-06T18:56:38,37.82943,-76.28355,0.0,170.1,511.0,MOSQUITO POINT,IMO9010400,WDI5986,30,,48,9,,,B
367714040,2022-01-06T20:14:34,37.82945,-76.28357,0.0,274.9,511.0,MOSQUITO POINT,IMO9010400,WDI5986,30,,48,9,,,B
367714040,2022-01-06T20:23:35,37.82943,-76.28355,0.0,165.4,511.0,MOSQUITO POINT,IMO9010400,WDI5986,30,,48,9,,,B
367714040,2022-01-06T23:41:38,37.82944,-76.28357,0.0,49.2,511.0,MOSQUITO POINT,IMO9010400,WDI5986,30,,48,9,,,B
367714040,2022-01-06T20:29:38,37.82945,-76.28356,0.0,165.4,511.0,MOSQUITO POINT,IMO9010400,WDI5986,30,,48,9,,,B
367714040,2022-01-06T19:41:39,37.82944,-76.28356,0.0,27.9,511.0,MOSQUITO POINT,IMO9010400,WDI5986,30,,48,9,,,B
367714040,2022-01-06T20:44:38,37.82943,-76.28357,0.0,171.9,511.0,MOSQUITO POINT,IMO9010400,WDI5986,30,,48,9,,,B
367714040,2022-01-06T20:05:36,37.82943,-76.28358,0.0,353.5,511.0,MOSQUITO POINT,IMO9010400,WDI5986,30,,48,9,,,B
367714040,2022-01-06T21:32:35,37.82944,-76.28356,0.0,73.9,511.0,MOSQUITO POINT,IMO9010400,WDI5986,30,,48,9,,,B
367714040,2022-01-06T22:17:37,37.82944,-76.28356,0.0,358.4,511.0,MOSQUITO POINT,IMO9010400,WDI5986,30,,48,9,,,B
367714040,2022-01-06T21:47:35,37.82945,-76.28356,0.0,6.5,511.0,MOSQUITO POINT,IMO9010400,WDI5986,30,,48,9,,,B
367714040,2022-01-06T21:56:36,37.82945,-76.28357,0.0,6.5,511.0,MOSQUITO POINT,IMO9010400,WDI5986,30,,48,9,,,B
367714040,2022-01-06T22:26:37,37.82943,-76.28357,0.0,358.4,511.0,MOSQUITO POINT,IMO9010400,WDI5986,30,,48,9,,,B
367714040,2022-01-06T22:41:35,37.82942,-76.28357,0.0,16.6,511.0,MOSQUITO POINT,IMO9010400,WDI5986,30,,48,9,,,B
367714040,2022-01-06T22:47:35,37.82944,-76.28358,0.0,55.3,511.0,MOSQUITO POINT,IMO9010400,WDI5986,30,,48,9,,,B
367714040,2022-01-06T23:17:37,37.82944,-76.28356,0.0,70.4,511.0,MOSQUITO POINT,IMO9010400,WDI5986,30,,48,9,,,B
367714040,2022-01-06T23:23:36,37.82945,-76.28358,0.0,70.4,511.0,MOSQUITO POINT,IMO9010400,WDI5986,30,,48,9,,,B
367714040,2022-01-06T23:05:35,37.82944,-76.28357,0.0,61.3,511.0,MOSQUITO POINT,IMO9010400,WDI5986,30,,48,9,,,B
367714040,2022-01-06T23:14:36,37.82945,-76.28355,0.0,67.7,511.0,MOSQUITO POINT,IMO9010400,WDI5986,30,,48,9,,,B
367714040,2022-01-06T23:53:34,37.82942,-76.28356,0.0,49.2,511.0,MOSQUITO POINT,IMO9010400,WDI5986,30,,48,9,,,B
