368058870,2022-01-01T00:05:28,30.29534,-87.62972,0.0,32.2,511.0,JESSIES ENCORE,IMO0000000,WDK4811,37,,19,6,,,B
368058870,2022-01-01T00:08:28,30.29535,-87.62972,0.0,32.2,511.0,JESSIES ENCORE,IMO0000000,WDK4811,37,,19,6,,,B
368058870,2022-01-01T00:14:28,30.29536,-87.62972,0.1,32.2,511.0,JESSIES ENCORE,IMO0000000,WDK4811,37,,19,6,,,B
368058870,2022-01-01T00:23:29,30.29532,-87.62979,0.1,274.2,511.0,JESSIES ENCORE,IMO0000000,WDK4811,37,,19,6,,,B
368058870,2022-01-01T00:38:28,30.29538,-87.62975,0.1,274.2,511.0,JESSIES ENCORE,IMO0000000,WDK4811,37,,19,6,,,B
368058870,2022-01-01T00:41:28,30.29537,-87.62975,0.0,274.2,511.0,JESSIES ENCORE,IMO0000000,WDK4811,37,,19,6,,,B
368058870,2022-01-01T00:47:29,30.29540,-87.62967,0.0,25.7,511.0,JESSIES ENCORE,IMO0000000,WDK4811,37,,19,6,,,B
368058870,2022-01-01T00:52:01,30.29535,-87.62975,0.0,30.8,511.0,JESSIES ENCORE,IMO0000000,WDK4811,37,,19,6,,,B
368058870,2022-01-01T00:56:28,30.29537,-87.62975,0.0,240.8,511.0,JESSIES ENCORE,IMO0000000,WDK4811,37,,19,6,,,B
368058870,2022-01-01T00:50:28,30.29531,-87.62977,0.1,30.8,511.0,JESSIES ENCORE,IMO0000000,WDK4811,37,,19,6,,,B
368058870,2022-01-01T01:03:58,30.29538,-87.62972,0.1,240.8,511.0,JESSIES ENCORE,IMO0000000,WDK4811,37,,19,6,,,B
368058870,2022-01-01T00:54:59,30.29537,-87.62977,0.0,240.8,511.0,JESSIES ENCORE,IMO0000000,WDK4811,37,,19,6,,,B
368058870,2022-01-01T01:12:00,30.29534,-87.62972,0.2,303.7,511.0,JESSIES ENCORE,IMO0000000,WDK4811,37,,19,6,,,B
368058870,2022-01-01T01:15:59,30.29537,-87.62969,0.0,262.6,511.0,JESSIES ENCORE,IMO0000000,WDK4811,37,,19,6,,,B
368058870,2022-01-01T01:18:59,30.29536,-87.62972,0.0,262.6,511.0,JESSIES ENCORE,IMO0000000,WDK4811,37,,19,6,,,B
368058870,2022-01-01T01:21:58,30.29535,-87.62972,0.0,262.6,511.0,JESSIES ENCORE,IMO0000000,WDK4811,37,,19,6,,,B
368058870,2022-01-01T01:36:59,30.29538,-87.62979,0.0,302.2,511.0,JESSIES ENCORE,IMO0000000,WDK4811,37,,19,6,,,B
368058870,2022-01-01T01:35:30,30.29537,-87.62977,0.4,302.2,511.0,JESSIES ENCORE,IMO0000000,WDK4811,37,,19,6,,,B
368058870,2022-01-01T00:57:58,30.29537,-87.62973,0.0,240.8,511.0,JESSIES ENCORE,IMO0000000,WDK4811,37,,19,6,,,B
368058870,2022-01-01T01:47:58,30.29536,-87.62969,0.6,275.2,511.0,JESSIES ENCORE,IMO0000000,WDK4811,37,,19,6,,,B
368058870,2022-01-01T01:42:59,30.29532,-87.62973,0.0,209.6,511.0,JESSIES ENCORE,IMO0000000,WDK4811,37,,19,6,,,B
368058870,2022-01-01T01:48:59,30.29536,-87.62975,0.0,275.2,511.0,JESSIES ENCORE,IMO0000000,WDK4811,37,,19,6,,,B
368058870,2022-01-01T01:44:29,30.29531,-87.62972,0.7,209.6,511.0,JESSIES ENCORE,IMO0000000,WDK4811,37,,19,6,,,B
368058870,2022-01-01T01:57:58,30.29539,-87.62973,0.0,267.1,511.0,JESSIES ENCORE,IMO0000000,WDK4811,37,,19,6,,,B
368058870,2022-01-01T01:55:59,30.29540,-87.62977,0.0,267.2,511.0,JESSIES ENCORE,IMO0000000,WDK4811,37,,19,6,,,B
368058870,2022-01-01T02:10:58,30.29535,-87.62975,0.1,310.6,511.0,JESSIES ENCORE,IMO0000000,WDK4811,37,,19,6,,,B
368058870,2022-01-01T01:10:28,30.29536,-87.62973,0.0,303.7,511.0,JESSIES ENCORE,IMO0000000,WDK4811,37,,19,6,,,B
368058870,2022-01-01T02:06:28,30.29531,-87.62977,0.6,310.6,511.0,JESSIES ENCORE,IMO0000000,WDK4811,37,,19,6,,,B
368058870,2022-01-01T02:16:58,30.29536,-87.62977,0.0,262.5,511.0,JESSIES ENCORE,IMO0000000,WDK4811,37,,19,6,,,B
368058870,2022-01-01T02:31:58,30.29536,-87.62973,0.0,157.3,511.0,JESSIES ENCORE,IMO0000000,WDK4811,37,,19,6,,,B
368058870,2022-01-01T02:44:29,30.29534,-87.62971,0.2,150.6,511.0,JESSIES ENCORE,IMO0000000,WDK4811,37,,19,6,,,B
368058870,2022-01-01T01:30:58,30.29535,-87.62977,0.2,262.6,511.0,JESSIES ENCORE,IMO0000000,WDK4811,37,,19,6,,,B
368058870,2022-01-01T03:05:58,30.29532,-87.62969,0.1,154.9,511.0,JESSIES ENCORE,IMO0000000,WDK4811,37,,19,6,,,B
368058870,2022-01-01T03:09:30,30.29534,-87.62975,0.0,131.0,511.0,JESSIES ENCORE,IMO0000000,WDK4811,37,,19,6,,,B
368058870,2022-01-01T03:08:28,30.29536,-87.62973,0.2,131.0,511.0,JESSIES ENCORE,IMO0000000,WDK4811,37,,19,6,,,B
368058870,2022-01-01T03:24:28,30.29535,-87.62973,0.4,131.0,511.0,JESSIES ENCORE,IMO0000000,WDK4811,37,,19,6,,,B
368058870,2022-01-01T03:36:29,30.29535,-87.62973,0.0,73.6,511.0,JESSIES ENCORE,IMO0000000,WDK4811,37,,19,6,,,B
368058870,2022-01-01T03:33:31,30.29535,-87.62973,0.3,73.6,511.0,JESSIES ENCORE,IMO0000000,WDK4811,37,,19,6,,,B
368058870,2022-01-01T03:42:29,30.29532,-87.62973,0.1,2.1,511.0,JESSIES ENCORE,IMO0000000,WDK4811,37,,19,6,,,B
368058870,2022-01-01T03:45:30,30.29533,-87.62972,0.0,27.2,511.0,JESSIES ENCORE,IMO0000000,WDK4811,37,,19,6,,,B
368058870,2022-01-01T03:48:28,30.29535,-87.62973,0.3,27.2,511.0,JESSIES ENCORE,IMO0000000,WDK4811,37,,19,6,,,B
368058870,2022-01-01T03:57:30,30.29537,-87.62975,0.1,27.2,511.0,JESSIES ENCORE,IMO0000000,WDK4811,37,,19,6,,,B
368058870,2022-01-01T03:54:30,30.29537,-87.62977,0.1,27.2,511.0,JESSIES ENCORE,IMO0000000,WDK4811,37,,19,6,,,B
368058870,2022-01-01T04:12:28,30.29537,-87.62975,0.0,27.2,511.0,JESSIES ENCORE,IMO0000000,WDK4811,37,,19,6,,,B
368058870,2022-01-01T04:18:28,30.29535,-87.62973,0.7,111.0,511.0,JESSIES ENCORE,IMO0000000,WDK4811,37,,19,6,,,B
368058870,2022-01-01T04:06:28,30.29532,-87.62977,0.4,27.2,511.0,JESSIES ENCORE,IMO0000000,WDK4811,37,,19,6,,,B
368058870,2022-01-01T04:21:28,30.29541,-87.62972,0.1,111.0,511.0,JESSIES ENCORE,IMO0000000,WDK4811,37,,19,6,,,B
368058870,2022-01-01T04:24:58,30.29537,-87.62979,0.2,18.4,511.0,JESSIES ENCORE,IMO0000000,WDK4811,37,,19,6,,,B
368058870,2022-01-01T04:15:28,30.29535,-87.62975,0.2,111.0,511.0,JESSIES ENCORE,IMO0000000,WDK4811,37,,19,6,,,B
368058870,2022-01-01T04:28:28,30.29539,-87.62975,0.2,329.2,511.0,JESSIES ENCORE,IMO0000000,WDK4811,37,,19,6,,,B
368058870,2022-01-01T04:29:59,30.29536,-87.62977,0.4,331.0,511.0,JESSIES ENCORE,IMO0000000,WDK4811,37,,19,6,,,B
368058870,2022-01-01T04:33:28,30.29536,-87.62975,0.0,331.0,511.0,JESSIES ENCORE,IMO0000000,WDK4811,37,,19,6,,,B
368058870,2022-01-01T04:48:59,30.29536,-87.62977,0.2,258.9,511.0,JESSIES ENCORE,IMO0000000,WDK4811,37,,19,6,,,B
368058870,2022-01-01T04:45:59,30.29535,-87.62975,0.2,258.9,511.0,JESSIES ENCORE,IMO0000000,WDK4811,37,,19,6,,,B
368058870,2022-01-01T04:54:59,30.29538,-87.62975,0.3,258.9,511.0,JESSIES ENCORE,IMO0000000,WDK4811,37,,19,6,,,B
368058870,2022-01-01T05:10:00,30.29534,-87.62973,0.6,258.9,511.0,JESSIES ENCORE,IMO0000000,WDK4811,37,,19,6,,,B
368058870,2022-01-01T05:12:58,30.29537,-87.62975,0.4,258.9,511.0,JESSIES ENCORE,IMO0000000,WDK4811,37,,19,6,,,B
368058870,2022-01-01T05:30:59,30.29536,-87.62972,0.1,352.7,511.0,JESSIES ENCORE,IMO0000000,WDK4811,37,,19,6,,,B
368058870,2022-01-01T05:18:59,30.29540,-87.62973,0.0,352.7,511.0,JESSIES ENCORE,IMO0000000,WDK4811,37,,19,6,,,B
368058870,2022-01-01T05:24:59,30.29538,-87.62975,0.0,352.7,511.0,JESSIES ENCORE,IMO0000000,WDK4811,37,,19,6,,,B
368058870,2022-01-01T05:21:58,30.29537,-87.62973,0.0,352.7,511.0,JESSIES ENCORE,IMO0000000,WDK4811,37,,19,6,,,B
368058870,2022-01-01T02:46:59,30.29536,-87.62971,1.4,150.6,511.0,JESSIES ENCORE,IMO0000000,WDK4811,37,,19,6,,,B
368058870,2022-01-01T05:34:02,30.29535,-87.62972,0.0,352.7,511.0,JESSIES ENCORE,IMO0000000,WDK4811,37,,19,6,,,B
368058870,2022-01-01T05:48:58,30.29539,-87.62973,0.0,352.7,511.0,JESSIES ENCORE,IMO0000000,WDK4811,37,,19,6,,,B
368058870,2022-01-01T05:57:58,30.29533,-87.62972,0.1,88.5,511.0,JESSIES ENCORE,IMO0000000,WDK4811,37,,19,6,,,B
368058870,2022-01-01T05:51:58,30.29535,-87.62975,0.0,352.7,511.0,JESSIES ENCORE,IMO0000000,WDK4811,37,,19,6,,,B
368058870,2022-01-01T06:30:29,30.29536,-87.62975,0.0,311.2,511.0,JESSIES ENCORE,IMO0000000,WDK4811,37,,19,6,,,B
368058870,2022-01-01T06:10:59,30.29532,-87.62979,0.0,240.0,511.0,JESSIES ENCORE,IMO0000000,WDK4811,37,,19,6,,,B
368058870,2022-01-01T06:13:59,30.29533,-87.62975,0.0,240.0,511.0,JESSIES ENCORE,IMO0000000,WDK4811,37,,19,6,,,B
368058870,2022-01-01T05:58:59,30.29536,-87.62975,0.2,254.3,511.0,JESSIES ENCORE,IMO0000000,WDK4811,37,,19,6,,,B
368058870,2022-01-01T06:07:59,30.29532,-87.62979,0.0,288.9,511.0,JESSIES ENCORE,IMO0000000,WDK4811,37,,19,6,,,B
368058870,2022-01-01T06:22:59,30.29525,-87.62972,0.1,251.7,511.0,JESSIES ENCORE,IMO0000000,WDK4811,37,,19,6,,,B
368058870,2022-01-01T06:24:29,30.29529,-87.62971,0.1,251.7,511.0,JESSIES ENCORE,IMO0000000,WDK4811,37,,19,6,,,B
368058870,2022-01-01T06:33:34,30.29539,-87.62980,0.9,311.2,511.0,JESSIES ENCORE,IMO0000000,WDK4811,37,,19,6,,,B
368058870,2022-01-01T06:41:28,30.29533,-87.62973,0.0,92.0,511.0,JESSIES ENCORE,IMO0000000,WDK4811,37,,19,6,,,B
368058870,2022-01-01T06:47:30,30.29530,-87.62979,0.6,246.7,511.0,JESSIES ENCORE,IMO0000000,WDK4811,37,,19,6,,,B
368058870,2022-01-01T06:44:30,30.29533,-87.62972,0.0,92.0,511.0,JESSIES ENCORE,IMO0000000,WDK4811,37,,19,6,,,B
368058870,2022-01-01T06:36:30,30.29533,-87.62973,0.5,92.0,511.0,JESSIES ENCORE,IMO0000000,WDK4811,37,,19,6,,,B
368058870,2022-01-01T06:50:29,30.29534,-87.62975,0.3,246.7,511.0,JESSIES ENCORE,IMO0000000,WDK4811,37,,19,6,,,B
368058870,2022-01-01T06:53:31,30.29536,-87.62975,0.2,246.7,511.0,JESSIES ENCORE,IMO0000000,WDK4811,37,,19,6,,,B
368058870,2022-01-01T06:59:29,30.29535,-87.62973,0.0,246.7,511.0,JESSIES ENCORE,IMO0000000,WDK4811,37,,19,6,,,B
368058870,2022-01-01T07:23:30,30.29535,-87.62973,0.0,154.4,511.0,JESSIES ENCORE,IMO0000000,WDK4811,37,,19,6,,,B
368058870,2022-01-01T07:08:29,30.29532,-87.62977,0.3,246.7,511.0,JESSIES ENCORE,IMO0000000,WDK4811,37,,19,6,,,B
368058870,2022-01-01T07:33:28,30.29528,-87.62971,0.1,279.7,511.0,JESSIES ENCORE,IMO0000000,WDK4811,37,,19,6,,,B
368058870,2022-01-01T07:34:30,30.29532,-87.62973,0.0,279.7,511.0,JESSIES ENCORE,IMO0000000,WDK4811,37,,19,6,,,B
368058870,2022-01-01T07:37:28,30.29531,-87.62972,0.0,279.7,511.0,JESSIES ENCORE,IMO0000000,WDK4811,37,,19,6,,,B
368058870,2022-01-01T07:42:29,30.29534,-87.62977,0.0,296.9,511.0,JESSIES ENCORE,IMO0000000,WDK4811,37,,19,6,,,B
368058870,2022-01-01T07:26:29,30.29539,-87.62975,0.0,154.4,511.0,JESSIES ENCORE,IMO0000000,WDK4811,37,,19,6,,,B
368058870,2022-01-01T07:46:01,30.29534,-87.62973,0.0,196.5,511.0,JESSIES ENCORE,IMO0000000,WDK4811,37,,19,6,,,B
368058870,2022-01-01T07:40:28,30.29533,-87.62977,0.1,296.9,511.0,JESSIES ENCORE,IMO0000000,WDK4811,37,,19,6,,,B
368058870,2022-01-01T07:57:59,30.29537,-87.62973,0.0,196.5,511.0,JESSIES ENCORE,IMO0000000,WDK4811,37,,19,6,,,B
368058870,2022-01-01T07:54:59,30.29538,-87.62973,0.0,196.5,511.0,JESSIES ENCORE,IMO0000000,WDK4811,37,,19,6,,,B
368058870,2022-01-01T08:03:58,30.29536,-87.62972,0.0,196.5,511.0,JESSIES ENCORE,IMO0000000,WDK4811,37,,19,6,,,B
368058870,2022-01-01T08:09:59,30.29537,-87.62972,0.0,114.7,511.0,JESSIES ENCORE,IMO0000000,WDK4811,37,,19,6,,,B
368058870,2022-01-01T07:51:59,30.29537,-87.62971,0.0,196.5,511.0,JESSIES ENCORE,IMO0000000,WDK4811,37,,19,6,,,B
368058870,2022-01-01T08:12:58,30.29535,-87.62979,0.0,127.1,511.0,JESSIES ENCORE,IMO0000000,WDK4811,37,,19,6,,,B
368058870,2022-01-01T08:21:00,30.29536,-87.62972,0.0,127.1,511.0,JESSIES ENCORE,IMO0000000,WDK4811,37,,19,6,,,B
368058870,2022-01-01T08:50:58,30.29536,-87.62975,0.0,75.4,511.0,JESSIES ENCORE,IMO0000000,WDK4811,37,,19,6,,,B
368058870,2022-01-01T08:26:59,30.29538,-87.62972,0.1,127.1,511.0,JESSIES ENCORE,IMO0000000,WDK4811,37,,19,6,,,B
368058870,2022-01-01T08:53:59,30.29535,-87.62973,0.0,75.4,511.0,JESSIES ENCORE,IMO0000000,WDK4811,37,,19,6,,,B
368058870,2022-01-01T08:07:00,30.29539,-87.62975,1.1,154.3,511.0,JESSIES ENCORE,IMO0000000,WDK4811,37,,19,6,,,B
368058870,2022-01-01T08:41:59,30.29536,-87.62972,0.0,75.4,511.0,JESSIES ENCORE,IMO0000000,WDK4811,37,,19,6,,,B
368058870,2022-01-01T08:57:00,30.29535,-87.62973,0.6,75.4,511.0,JESSIES ENCORE,IMO0000000,WDK4811,37,,19,6,,,B
368058870,2022-01-01T09:06:29,30.29534,-87.62972,0.0,28.0,511.0,JESSIES ENCORE,IMO0000000,WDK4811,37,,19,6,,,B
368058870,2022-01-01T09:03:29,30.29522,-87.62969,0.4,28.0,511.0,JESSIES ENCORE,IMO0000000,WDK4811,37,,19,6,,,B
368058870,2022-01-01T09:21:28,30.29532,-87.62973,0.4,0.6,511.0,JESSIES ENCORE,IMO0000000,WDK4811,37,,19,6,,,B
368058870,2022-01-01T09:27:29,30.29536,-87.62972,0.0,94.9,511.0,JESSIES ENCORE,IMO0000000,WDK4811,37,,19,6,,,B
368058870,2022-01-01T09:18:29,30.29536,-87.62975,0.0,0.6,511.0,JESSIES ENCORE,IMO0000000,WDK4811,37,,19,6,,,B
368058870,2022-01-01T09:34:30,30.29542,-87.62973,0.0,94.9,511.0,JESSIES ENCORE,IMO0000000,WDK4811,37,,19,6,,,B
368058870,2022-01-01T09:44:00,30.29535,-87.62973,0.8,330.6,511.0,JESSIES ENCORE,IMO0000000,WDK4811,37,,19,6,,,B
368058870,2022-01-01T09:49:58,30.29537,-87.62973,0.2,114.0,511.0,JESSIES ENCORE,IMO0000000,WDK4811,37,,19,6,,,B
368058870,2022-01-01T10:07:59,30.29536,-87.62972,0.0,114.0,511.0,JESSIES ENCORE,IMO0000000,WDK4811,37,,19,6,,,B
368058870,2022-01-01T10:04:59,30.29536,-87.62973,0.0,114.0,511.0,JESSIES ENCORE,IMO0000000,WDK4811,37,,19,6,,,B
368058870,2022-01-01T10:16:58,30.29538,-87.62971,0.4,114.0,511.0,JESSIES ENCORE,IMO0000000,WDK4811,37,,19,6,,,B
368058870,2022-01-01T09:58:58,30.29535,-87.62972,0.0,114.0,511.0,JESSIES ENCORE,IMO0000000,WDK4811,37,,19,6,,,B
368058870,2022-01-01T10:45:58,30.29534,-87.62979,0.1,283.6,511.0,JESSIES ENCORE,IMO0000000,WDK4811,37,,19,6,,,B
368058870,2022-01-01T10:19:59,30.29537,-87.62972,0.0,114.0,511.0,JESSIES ENCORE,IMO0000000,WDK4811,37,,19,6,,,B
368058870,2022-01-01T09:52:58,30.29532,-87.62975,0.0,114.0,511.0,JESSIES ENCORE,IMO0000000,WDK4811,37,,19,6,,,B
368058870,2022-01-01T10:51:59,30.29535,-87.62973,0.0,283.6,511.0,JESSIES ENCORE,IMO0000000,WDK4811,37,,19,6,,,B
368058870,2022-01-01T10:22:59,30.29531,-87.62967,0.5,114.0,511.0,JESSIES ENCORE,IMO0000000,WDK4811,37,,19,6,,,B
368058870,2022-01-01T04:42:58,30.29539,-87.62973,0.1,258.9,511.0,JESSIES ENCORE,IMO0000000,WDK4811,37,,19,6,,,B
368058870,2022-01-01T10:28:58,30.29538,-87.62973,0.0,352.5,511.0,JESSIES ENCORE,IMO0000000,WDK4811,37,,19,6,,,B
368058870,2022-01-01T10:29:59,30.29534,-87.62972,0.0,352.5,511.0,JESSIES ENCORE,IMO0000000,WDK4811,37,,19,6,,,B
368058870,2022-01-01T10:26:28,30.29545,-87.62977,0.4,275.7,511.0,JESSIES ENCORE,IMO0000000,WDK4811,37,,19,6,,,B
368058870,2022-01-01T10:48:58,30.29535,-87.62975,0.0,283.6,511.0,JESSIES ENCORE,IMO0000000,WDK4811,37,,19,6,,,B
368058870,2022-01-01T11:03:58,30.29536,-87.62973,0.0,283.6,511.0,JESSIES ENCORE,IMO0000000,WDK4811,37,,19,6,,,B
368058870,2022-01-01T05:04:01,30.29537,-87.62973,0.0,258.9,511.0,JESSIES ENCORE,IMO0000000,WDK4811,37,,19,6,,,B
368058870,2022-01-01T11:43:58,30.29537,-87.62975,0.0,94.4,511.0,JESSIES ENCORE,IMO0000000,WDK4811,37,,19,6,,,B
368058870,2022-01-01T10:42:59,30.29537,-87.62973,0.1,283.6,511.0,JESSIES ENCORE,IMO0000000,WDK4811,37,,19,6,,,B
368058870,2022-01-01T11:20:01,30.29538,-87.62979,0.0,357.1,511.0,JESSIES ENCORE,IMO0000000,WDK4811,37,,19,6,,,B
368058870,2022-01-01T11:18:59,30.29536,-87.62979,0.0,353.9,511.0,JESSIES ENCORE,IMO0000000,WDK4811,37,,19,6,,,B
368058870,2022-01-01T11:53:29,30.29534,-87.62985,0.0,331.3,511.0,JESSIES ENCORE,IMO0000000,WDK4811,37,,19,6,,,B
368058870,2022-01-01T10:54:58,30.29535,-87.62975,0.0,283.6,511.0,JESSIES ENCORE,IMO0000000,WDK4811,37,,19,6,,,B
368058870,2022-01-01T11:37:59,30.29541,-87.62977,0.0,94.4,511.0,JESSIES ENCORE,IMO0000000,WDK4811,37,,19,6,,,B
368058870,2022-01-01T11:07:00,30.29534,-87.62977,0.0,270.0,511.0,JESSIES ENCORE,IMO0000000,WDK4811,37,,19,6,,,B
368058870,2022-01-01T11:46:59,30.29538,-87.62973,0.1,94.4,511.0,JESSIES ENCORE,IMO0000000,WDK4811,37,,19,6,,,B
368058870,2022-01-01T11:16:00,30.29536,-87.62977,0.1,307.4,511.0,JESSIES ENCORE,IMO0000000,WDK4811,37,,19,6,,,B
368058870,2022-01-01T11:55:31,30.29537,-87.62977,0.0,331.3,511.0,JESSIES ENCORE,IMO0000000,WDK4811,37,,19,6,,,B
368058870,2022-01-01T11:51:28,30.29538,-87.62977,0.4,331.3,511.0,JESSIES ENCORE,IMO0000000,WDK4811,37,,19,6,,,B
368058870,2022-01-01T12:34:59,30.29536,-87.62973,0.0,329.8,511.0,JESSIES ENCORE,IMO0000000,WDK4811,37,,19,6,,,B
368058870,2022-01-01T11:58:29,30.29535,-87.62973,0.0,342.8,511.0,JESSIES ENCORE,IMO0000000,WDK4811,37,,19,6,,,B
368058870,2022-01-01T12:02:58,30.29535,-87.62973,0.0,45.5,511.0,JESSIES ENCORE,IMO0000000,WDK4811,37,,19,6,,,B
368058870,2022-01-01T12:43:59,30.29537,-87.62977,0.0,329.8,511.0,JESSIES ENCORE,IMO0000000,WDK4811,37,,19,6,,,B
368058870,2022-01-01T12:10:28,30.29532,-87.62971,0.0,329.8,511.0,JESSIES ENCORE,IMO0000000,WDK4811,37,,19,6,,,B
368058870,2022-01-01T11:49:58,30.29536,-87.62977,1.0,331.3,511.0,JESSIES ENCORE,IMO0000000,WDK4811,37,,19,6,,,B
368058870,2022-01-01T12:19:59,30.29537,-87.62975,0.0,329.8,511.0,JESSIES ENCORE,IMO0000000,WDK4811,37,,19,6,,,B
368058870,2022-01-01T13:02:00,30.29536,-87.62975,0.1,32.9,511.0,JESSIES ENCORE,IMO0000000,WDK4811,37,,19,6,,,B
368058870,2022-01-01T13:10:59,30.29538,-87.62972,0.0,326.8,511.0,JESSIES ENCORE,IMO0000000,WDK4811,37,,19,6,,,B
368058870,2022-01-01T12:25:59,30.29535,-87.62975,0.2,329.8,511.0,JESSIES ENCORE,IMO0000000,WDK4811,37,,19,6,,,B
368058870,2022-01-01T05:39:59,30.29535,-87.62972,0.0,352.7,511.0,JESSIES ENCORE,IMO0000000,WDK4811,37,,19,6,,,B
368058870,2022-01-01T13:20:58,30.29535,-87.62979,0.1,329.3,511.0,JESSIES ENCORE,IMO0000000,WDK4811,37,,19,6,,,B
368058870,2022-01-01T12:37:58,30.29537,-87.62973,0.0,329.8,511.0,JESSIES ENCORE,IMO0000000,WDK4811,37,,19,6,,,B
368058870,2022-01-01T12:47:00,30.29535,-87.62973,0.1,329.8,511.0,JESSIES ENCORE,IMO0000000,WDK4811,37,,19,6,,,B
368058870,2022-01-01T05:45:58,30.29539,-87.62973,0.0,352.7,511.0,JESSIES ENCORE,IMO0000000,WDK4811,37,,19,6,,,B
368058870,2022-01-01T12:49:58,30.29528,-87.62973,0.1,329.8,511.0,JESSIES ENCORE,IMO0000000,WDK4811,37,,19,6,,,B
368058870,2022-01-01T13:07:59,30.29535,-87.62975,0.2,32.9,511.0,JESSIES ENCORE,IMO0000000,WDK4811,37,,19,6,,,B
368058870,2022-01-01T13:05:00,30.29534,-87.62977,0.1,32.9,511.0,JESSIES ENCORE,IMO0000000,WDK4811,37,,19,6,,,B
368058870,2022-01-01T14:13:28,30.29536,-87.62977,0.0,274.6,511.0,JESSIES ENCORE,IMO0000000,WDK4811,37,,19,6,,,B
368058870,2022-01-01T13:17:59,30.29537,-87.62977,0.2,326.8,511.0,JESSIES ENCORE,IMO0000000,WDK4811,37,,19,6,,,B
368058870,2022-01-01T13:22:00,30.29534,-87.62980,0.4,329.3,511.0,JESSIES ENCORE,IMO0000000,WDK4811,37,,19,6,,,B
368058870,2022-01-01T12:58:58,30.29537,-87.62973,0.0,32.9,511.0,JESSIES ENCORE,IMO0000000,WDK4811,37,,19,6,,,B
368058870,2022-01-01T14:25:59,30.29533,-87.62973,0.1,274.6,511.0,JESSIES ENCORE,IMO0000000,WDK4811,37,,19,6,,,B
368058870,2022-01-01T13:43:59,30.29534,-87.62971,0.0,113.4,511.0,JESSIES ENCORE,IMO0000000,WDK4811,37,,19,6,,,B
368058870,2022-01-01T13:53:29,30.29540,-87.62973,0.0,22.4,511.0,JESSIES ENCORE,IMO0000000,WDK4811,37,,19,6,,,B
368058870,2022-01-01T13:48:28,30.29541,-87.62973,0.4,113.4,511.0,JESSIES ENCORE,IMO0000000,WDK4811,37,,19,6,,,B
368058870,2022-01-01T13:51:28,30.29523,-87.62972,0.4,58.4,511.0,JESSIES ENCORE,IMO0000000,WDK4811,37,,19,6,,,B
368058870,2022-01-01T14:04:59,30.29530,-87.62983,0.8,136.7,511.0,JESSIES ENCORE,IMO0000000,WDK4811,37,,19,6,,,B
368058870,2022-01-01T14:08:59,30.29534,-87.62964,0.3,188.0,511.0,JESSIES ENCORE,IMO0000000,WDK4811,37,,19,6,,,B
368058870,2022-01-01T14:17:00,30.29534,-87.62975,0.0,274.6,511.0,JESSIES ENCORE,IMO0000000,WDK4811,37,,19,6,,,B
368058870,2022-01-01T13:58:58,30.29539,-87.62972,0.0,38.9,511.0,JESSIES ENCORE,IMO0000000,WDK4811,37,,19,6,,,B
368058870,2022-01-01T14:19:58,30.29535,-87.62977,0.3,274.6,511.0,JESSIES ENCORE,IMO0000000,WDK4811,37,,19,6,,,B
368058870,2022-01-01T15:14:58,30.29531,-87.62977,0.0,330.2,511.0,JESSIES ENCORE,IMO0000000,WDK4811,37,,19,6,,,B
368058870,2022-01-01T14:22:59,30.29534,-87.62975,0.0,274.6,511.0,JESSIES ENCORE,IMO0000000,WDK4811,37,,19,6,,,B
368058870,2022-01-01T14:45:31,30.29532,-87.62977,0.0,36.5,511.0,JESSIES ENCORE,IMO0000000,WDK4811,37,,19,6,,,B
368058870,2022-01-01T15:26:58,30.29537,-87.62972,0.0,330.2,511.0,JESSIES ENCORE,IMO0000000,WDK4811,37,,19,6,,,B
368058870,2022-01-01T14:52:31,30.29536,-87.62973,0.0,40.4,511.0,JESSIES ENCORE,IMO0000000,WDK4811,37,,19,6,,,B
368058870,2022-01-01T14:39:29,30.29537,-87.62972,0.0,142.6,511.0,JESSIES ENCORE,IMO0000000,WDK4811,37,,19,6,,,B
368058870,2022-01-01T06:37:58,30.29533,-87.62972,0.0,92.0,511.0,JESSIES ENCORE,IMO0000000,WDK4811,37,,19,6,,,B
368058870,2022-01-01T14:42:29,30.29532,-87.62977,0.1,36.5,511.0,JESSIES ENCORE,IMO0000000,WDK4811,37,,19,6,,,B
368058870,2022-01-01T14:28:59,30.29530,-87.62973,0.3,274.6,511.0,JESSIES ENCORE,IMO0000000,WDK4811,37,,19,6,,,B
368058870,2022-01-01T14:51:29,30.29533,-87.62977,0.0,40.4,511.0,JESSIES ENCORE,IMO0000000,WDK4811,37,,19,6,,,B
368058870,2022-01-01T15:03:00,30.29537,-87.62973,0.0,330.2,511.0,JESSIES ENCORE,IMO0000000,WDK4811,37,,19,6,,,B
368058870,2022-01-01T15:50:28,30.29536,-87.62975,0.0,174.9,511.0,JESSIES ENCORE,IMO0000000,WDK4811,37,,19,6,,,B
368058870,2022-01-01T15:00:00,30.29537,-87.62973,0.0,330.2,511.0,JESSIES ENCORE,IMO0000000,WDK4811,37,,19,6,,,B
368058870,2022-01-01T14:35:58,30.29535,-87.62973,0.0,142.6,511.0,JESSIES ENCORE,IMO0000000,WDK4811,37,,19,6,,,B
368058870,2022-01-01T15:11:58,30.29531,-87.62975,0.0,330.2,511.0,JESSIES ENCORE,IMO0000000,WDK4811,37,,19,6,,,B
368058870,2022-01-01T15:17:58,30.29534,-87.62973,0.0,330.2,511.0,JESSIES ENCORE,IMO0000000,WDK4811,37,,19,6,,,B
368058870,2022-01-01T15:38:58,30.29534,-87.62977,0.0,16.0,511.0,JESSIES ENCORE,IMO0000000,WDK4811,37,,19,6,,,B
368058870,2022-01-01T15:24:02,30.29534,-87.62973,0.1,330.2,511.0,JESSIES ENCORE,IMO0000000,WDK4811,37,,19,6,,,B
368058870,2022-01-01T15:20:59,30.29537,-87.62973,0.0,330.2,511.0,JESSIES ENCORE,IMO0000000,WDK4811,37,,19,6,,,B
368058870,2022-01-01T15:46:58,30.29534,-87.62971,0.0,174.9,511.0,JESSIES ENCORE,IMO0000000,WDK4811,37,,19,6,,,B
368058870,2022-01-01T16:37:29,30.29534,-87.62971,0.1,15.5,511.0,JESSIES ENCORE,IMO0000000,WDK4811,37,,19,6,,,B
368058870,2022-01-01T15:56:28,30.29537,-87.62977,0.4,174.9,511.0,JESSIES ENCORE,IMO0000000,WDK4811,37,,19,6,,,B
368058870,2022-01-01T16:09:28,30.29536,-87.62971,0.5,332.2,511.0,JESSIES ENCORE,IMO0000000,WDK4811,37,,19,6,,,B
368058870,2022-01-01T16:07:58,30.29542,-87.62979,0.5,332.2,511.0,JESSIES ENCORE,IMO0000000,WDK4811,37,,19,6,,,B
368058870,2022-01-01T17:04:00,30.29535,-87.62975,0.6,123.3,511.0,JESSIES ENCORE,IMO0000000,WDK4811,37,,19,6,,,B
368058870,2022-01-01T15:45:28,30.29535,-87.62977,0.0,189.5,511.0,JESSIES ENCORE,IMO0000000,WDK4811,37,,19,6,,,B
368058870,2022-01-01T16:10:29,30.29546,-87.62973,0.3,340.6,511.0,JESSIES ENCORE,IMO0000000,WDK4811,37,,19,6,,,B
368058870,2022-01-01T15:53:29,30.29535,-87.62975,0.3,174.9,511.0,JESSIES ENCORE,IMO0000000,WDK4811,37,,19,6,,,B
368058870,2022-01-01T16:25:29,30.29535,-87.62973,0.2,4.8,511.0,JESSIES ENCORE,IMO0000000,WDK4811,37,,19,6,,,B
368058870,2022-01-01T16:28:28,30.29535,-87.62975,0.0,353.6,511.0,JESSIES ENCORE,IMO0000000,WDK4811,37,,19,6,,,B
368058870,2022-01-01T16:34:28,30.29534,-87.62967,0.1,15.5,511.0,JESSIES ENCORE,IMO0000000,WDK4811,37,,19,6,,,B
368058870,2022-01-01T16:46:58,30.29536,-87.62975,0.1,84.8,511.0,JESSIES ENCORE,IMO0000000,WDK4811,37,,19,6,,,B
368058870,2022-01-01T16:14:59,30.29538,-87.62972,0.0,4.8,511.0,JESSIES ENCORE,IMO0000000,WDK4811,37,,19,6,,,B
368058870,2022-01-01T16:22:30,30.29536,-87.62973,0.1,4.8,511.0,JESSIES ENCORE,IMO0000000,WDK4811,37,,19,6,,,B
368058870,2022-01-01T16:50:28,30.29537,-87.62975,0.2,157.5,511.0,JESSIES ENCORE,IMO0000000,WDK4811,37,,19,6,,,B
368058870,2022-01-01T17:05:30,30.29535,-87.62972,0.0,136.4,511.0,JESSIES ENCORE,IMO0000000,WDK4811,37,,19,6,,,B
368058870,2022-01-01T18:03:59,30.29532,-87.62973,0.0,8.8,511.0,JESSIES ENCORE,IMO0000000,WDK4811,37,,19,6,,,B
368058870,2022-01-01T17:08:28,30.29537,-87.62972,0.1,131.6,511.0,JESSIES ENCORE,IMO0000000,WDK4811,37,,19,6,,,B
368058870,2022-01-01T17:34:31,30.29532,-87.62975,0.1,28.3,511.0,JESSIES ENCORE,IMO0000000,WDK4811,37,,19,6,,,B
368058870,2022-01-01T17:28:29,30.29535,-87.62971,0.0,28.3,511.0,JESSIES ENCORE,IMO0000000,WDK4811,37,,19,6,,,B
368058870,2022-01-01T17:40:29,30.29534,-87.62975,0.0,282.4,511.0,JESSIES ENCORE,IMO0000000,WDK4811,37,,19,6,,,B
368058870,2022-01-01T17:43:28,30.29537,-87.62973,0.1,223.2,511.0,JESSIES ENCORE,IMO0000000,WDK4811,37,,19,6,,,B
368058870,2022-01-01T17:50:00,30.29537,-87.62977,0.1,339.2,511.0,JESSIES ENCORE,IMO0000000,WDK4811,37,,19,6,,,B
368058870,2022-01-01T17:25:29,30.29536,-87.62971,0.1,28.3,511.0,JESSIES ENCORE,IMO0000000,WDK4811,37,,19,6,,,B
368058870,2022-01-01T17:56:58,30.29535,-87.62972,0.1,339.2,511.0,JESSIES ENCORE,IMO0000000,WDK4811,37,,19,6,,,B
368058870,2022-01-01T18:49:59,30.29526,-87.62972,1.0,185.5,511.0,JESSIES ENCORE,IMO0000000,WDK4811,37,,19,6,,,B
368058870,2022-01-01T18:25:00,30.29529,-87.62969,0.3,339.5,511.0,JESSIES ENCORE,IMO0000000,WDK4811,37,,19,6,,,B
368058870,2022-01-01T18:15:30,30.29535,-87.62975,0.2,76.1,511.0,JESSIES ENCORE,IMO0000000,WDK4811,37,,19,6,,,B
368058870,2022-01-01T17:51:58,30.29537,-87.62973,0.5,339.2,511.0,JESSIES ENCORE,IMO0000000,WDK4811,37,,19,6,,,B
368058870,2022-01-01T19:21:28,30.29537,-87.62969,0.0,291.5,511.0,JESSIES ENCORE,IMO0000000,WDK4811,37,,19,6,,,B
368058870,2022-01-01T18:31:58,30.29537,-87.62973,0.1,281.9,511.0,JESSIES ENCORE,IMO0000000,WDK4811,37,,19,6,,,B
368058870,2022-01-01T18:40:29,30.29528,-87.62975,0.4,351.9,511.0,JESSIES ENCORE,IMO0000000,WDK4811,37,,19,6,,,B
368058870,2022-01-01T18:20:00,30.29554,-87.62977,0.4,339.5,511.0,JESSIES ENCORE,IMO0000000,WDK4811,37,,19,6,,,B
368058870,2022-01-01T18:46:59,30.29545,-87.62972,0.7,4.4,511.0,JESSIES ENCORE,IMO0000000,WDK4811,37,,19,6,,,B
368058870,2022-01-01T19:14:59,30.29536,-87.62972,0.0,291.5,511.0,JESSIES ENCORE,IMO0000000,WDK4811,37,,19,6,,,B
368058870,2022-01-01T18:39:00,30.29524,-87.62973,0.3,351.9,511.0,JESSIES ENCORE,IMO0000000,WDK4811,37,,19,6,,,B
368058870,2022-01-01T19:01:58,30.29533,-87.62971,1.0,150.7,511.0,JESSIES ENCORE,IMO0000000,WDK4811,37,,19,6,,,B
368058870,2022-01-01T19:08:32,30.29531,-87.62972,0.0,150.7,511.0,JESSIES ENCORE,IMO0000000,WDK4811,37,,19,6,,,B
368058870,2022-01-01T08:17:59,30.29537,-87.62972,0.0,127.1,511.0,JESSIES ENCORE,IMO0000000,WDK4811,37,,19,6,,,B
368058870,2022-01-01T20:18:28,30.29539,-87.62973,0.3,336.4,511.0,JESSIES ENCORE,IMO0000000,WDK4811,37,,19,6,,,B
368058870,2022-01-01T20:21:28,30.29536,-87.62975,0.0,275.6,511.0,JESSIES ENCORE,IMO0000000,WDK4811,37,,19,6,,,B
368058870,2022-01-01T08:23:59,30.29536,-87.62972,0.0,127.1,511.0,JESSIES ENCORE,IMO0000000,WDK4811,37,,19,6,,,B
368058870,2022-01-01T20:36:29,30.29537,-87.62962,0.1,7.5,511.0,JESSIES ENCORE,IMO0000000,WDK4811,37,,19,6,,,B
368058870,2022-01-01T19:57:28,30.29536,-87.62977,0.0,318.7,511.0,JESSIES ENCORE,IMO0000000,WDK4811,37,,19,6,,,B
368058870,2022-01-01T19:48:29,30.29534,-87.62972,0.5,237.6,511.0,JESSIES ENCORE,IMO0000000,WDK4811,37,,19,6,,,B
368058870,2022-01-01T20:46:59,30.29535,-87.62973,0.3,90.3,511.0,JESSIES ENCORE,IMO0000000,WDK4811,37,,19,6,,,B
368058870,2022-01-01T19:33:29,30.29537,-87.62973,0.0,291.5,511.0,JESSIES ENCORE,IMO0000000,WDK4811,37,,19,6,,,B
368058870,2022-01-01T19:42:29,30.29535,-87.62977,0.0,237.6,511.0,JESSIES ENCORE,IMO0000000,WDK4811,37,,19,6,,,B
368058870,2022-01-01T21:04:59,30.29537,-87.62975,0.0,182.1,511.0,JESSIES ENCORE,IMO0000000,WDK4811,37,,19,6,,,B
368058870,2022-01-01T20:03:28,30.29536,-87.62971,0.2,295.4,511.0,JESSIES ENCORE,IMO0000000,WDK4811,37,,19,6,,,B
368058870,2022-01-01T20:31:29,30.29534,-87.62979,0.1,46.3,511.0,JESSIES ENCORE,IMO0000000,WDK4811,37,,19,6,,,B
368058870,2022-01-01T20:44:01,30.29535,-87.62972,0.0,90.3,511.0,JESSIES ENCORE,IMO0000000,WDK4811,37,,19,6,,,B
368058870,2022-01-01T08:59:58,30.29536,-87.62973,0.2,28.0,511.0,JESSIES ENCORE,IMO0000000,WDK4811,37,,19,6,,,B
368058870,2022-01-01T21:10:59,30.29541,-87.62972,0.2,182.1,511.0,JESSIES ENCORE,IMO0000000,WDK4811,37,,19,6,,,B
368058870,2022-01-01T20:55:59,30.29535,-87.62975,0.1,117.5,511.0,JESSIES ENCORE,IMO0000000,WDK4811,37,,19,6,,,B
368058870,2022-01-01T09:09:30,30.29531,-87.62969,1.3,28.0,511.0,JESSIES ENCORE,IMO0000000,WDK4811,37,,19,6,,,B
368058870,2022-01-01T21:29:28,30.29537,-87.62972,0.0,103.5,511.0,JESSIES ENCORE,IMO0000000,WDK4811,37,,19,6,,,B
368058870,2022-01-01T21:17:28,30.29533,-87.62973,0.0,103.5,511.0,JESSIES ENCORE,IMO0000000,WDK4811,37,,19,6,,,B
368058870,2022-01-01T21:13:58,30.29535,-87.62972,0.2,103.5,511.0,JESSIES ENCORE,IMO0000000,WDK4811,37,,19,6,,,B
368058870,2022-01-01T09:24:28,30.29538,-87.62972,0.2,0.6,511.0,JESSIES ENCORE,IMO0000000,WDK4811,37,,19,6,,,B
368058870,2022-01-01T21:38:28,30.29538,-87.62973,0.0,103.5,511.0,JESSIES ENCORE,IMO0000000,WDK4811,37,,19,6,,,B
368058870,2022-01-01T09:31:29,30.29539,-87.62972,0.0,94.9,511.0,JESSIES ENCORE,IMO0000000,WDK4811,37,,19,6,,,B
368058870,2022-01-01T21:47:28,30.29534,-87.62973,0.1,156.0,511.0,JESSIES ENCORE,IMO0000000,WDK4811,37,,19,6,,,B
368058870,2022-01-01T22:08:30,30.29537,-87.62972,0.0,156.0,511.0,JESSIES ENCORE,IMO0000000,WDK4811,37,,19,6,,,B
368058870,2022-01-01T22:14:30,30.29537,-87.62973,0.0,156.0,511.0,JESSIES ENCORE,IMO0000000,WDK4811,37,,19,6,,,B
368058870,2022-01-01T22:27:59,30.29535,-87.62977,0.4,276.3,511.0,JESSIES ENCORE,IMO0000000,WDK4811,37,,19,6,,,B
368058870,2022-01-01T22:23:29,30.29534,-87.62972,0.2,156.0,511.0,JESSIES ENCORE,IMO0000000,WDK4811,37,,19,6,,,B
368058870,2022-01-01T22:34:28,30.29536,-87.62973,0.0,63.1,511.0,JESSIES ENCORE,IMO0000000,WDK4811,37,,19,6,,,B
368058870,2022-01-01T22:11:29,30.29535,-87.62972,0.1,156.0,511.0,JESSIES ENCORE,IMO0000000,WDK4811,37,,19,6,,,B
368058870,2022-01-01T22:43:28,30.29534,-87.62977,0.0,7.0,511.0,JESSIES ENCORE,IMO0000000,WDK4811,37,,19,6,,,B
368058870,2022-01-01T22:26:29,30.29537,-87.62977,0.2,276.3,511.0,JESSIES ENCORE,IMO0000000,WDK4811,37,,19,6,,,B
368058870,2022-01-01T22:52:28,30.29535,-87.62972,0.0,7.0,511.0,JESSIES ENCORE,IMO0000000,WDK4811,37,,19,6,,,B
368058870,2022-01-01T23:34:00,30.29537,-87.62977,0.3,349.2,511.0,JESSIES ENCORE,IMO0000000,WDK4811,37,,19,6,,,B
368058870,2022-01-01T23:16:58,30.29539,-87.62975,0.0,349.2,511.0,JESSIES ENCORE,IMO0000000,WDK4811,37,,19,6,,,B
368058870,2022-01-01T23:17:59,30.29539,-87.62975,0.0,349.2,511.0,JESSIES ENCORE,IMO0000000,WDK4811,37,,19,6,,,B
368058870,2022-01-01T23:30:58,30.29535,-87.62975,0.0,349.2,511.0,JESSIES ENCORE,IMO0000000,WDK4811,37,,19,6,,,B
368058870,2022-01-01T23:43:29,30.29538,-87.62977,0.1,237.5,511.0,JESSIES ENCORE,IMO0000000,WDK4811,37,,19,6,,,B
368058870,2022-01-01T23:36:59,30.29537,-87.62975,0.0,349.2,511.0,JESSIES ENCORE,IMO0000000,WDK4811,37,,19,6,,,B
368058870,2022-01-01T23:50:31,30.29539,-87.62977,0.1,237.5,511.0,JESSIES ENCORE,IMO0000000,WDK4811,37,,19,6,,,B
368058870,2022-01-01T23:53:28,30.29538,-87.62973,0.2,237.5,511.0,JESSIES ENCORE,IMO0000000,WDK4811,37,,19,6,,,B
368058870,2022-01-01T23:39:59,30.29537,-87.62975,0.0,349.2,511.0,JESSIES ENCORE,IMO0000000,WDK4811,37,,19,6,,,B
368058870,2022-01-01T23:56:28,30.29538,-87.62971,0.1,237.5,511.0,JESSIES ENCORE,IMO0000000,WDK4811,37,,19,6,,,B
368058870,2022-01-01T10:40:58,30.29536,-87.62973,0.4,283.6,511.0,JESSIES ENCORE,IMO0000000,WDK4811,37,,19,6,,,B
368058870,2022-01-01T11:21:28,30.29536,-87.62977,0.0,357.1,511.0,JESSIES ENCORE,IMO0000000,WDK4811,37,,19,6,,,B
368058870,2022-01-01T11:22:30,30.29536,-87.62975,0.1,346.3,511.0,JESSIES ENCORE,IMO0000000,WDK4811,37,,19,6,,,B
368058870,2022-01-01T11:27:31,30.29538,-87.62973,0.0,334.6,511.0,JESSIES ENCORE,IMO0000000,WDK4811,37,,19,6,,,B
368058870,2022-01-01T11:40:59,30.29537,-87.62975,0.2,94.4,511.0,JESSIES ENCORE,IMO0000000,WDK4811,37,,19,6,,,B
368058870,2022-01-01T13:34:31,30.29532,-87.62972,0.0,329.3,511.0,JESSIES ENCORE,IMO0000000,WDK4811,37,,19,6,,,B
368058870,2022-01-01T13:55:29,30.29539,-87.62975,0.4,38.9,511.0,JESSIES ENCORE,IMO0000000,WDK4811,37,,19,6,,,B
368058870,2022-01-01T14:12:00,30.29533,-87.62972,0.0,274.6,511.0,JESSIES ENCORE,IMO0000000,WDK4811,37,,19,6,,,B
368058870,2022-01-01T18:57:59,30.29535,-87.62972,0.0,185.5,511.0,JESSIES ENCORE,IMO0000000,WDK4811,37,,19,6,,,B
368058870,2022-01-01T20:09:28,30.29538,-87.62975,0.0,295.4,511.0,JESSIES ENCORE,IMO0000000,WDK4811,37,,19,6,,,B
368058870,2022-01-01T21:20:29,30.29539,-87.62975,0.3,103.5,511.0,JESSIES ENCORE,IMO0000000,WDK4811,37,,19,6,,,B
368058870,2022-01-01T21:59:29,30.29533,-87.62972,0.1,156.0,511.0,JESSIES ENCORE,IMO0000000,WDK4811,37,,19,6,,,B
368058870,2022-01-01T23:13:28,30.29539,-87.62973,1.0,7.0,511.0,JESSIES ENCORE,IMO0000000,WDK4811,37,,19,6,,,B
368058870,2022-01-02T00:05:29,30.29538,-87.62975,0.0,233.2,511.0,JESSIES ENCORE,IMO0000000,WDK4811,37,,19,6,,,B
368058870,2022-01-02T00:14:29,30.29531,-87.62972,0.2,233.2,511.0,JESSIES ENCORE,IMO0000000,WDK4811,37,,19,6,,,B
368058870,2022-01-02T00:20:30,30.29539,-87.62979,0.0,233.2,511.0,JESSIES ENCORE,IMO0000000,WDK4811,37,,19,6,,,B
368058870,2022-01-02T00:26:29,30.29539,-87.62975,0.3,257.6,511.0,JESSIES ENCORE,IMO0000000,WDK4811,37,,19,6,,,B
368058870,2022-01-02T00:29:58,30.29535,-87.62979,0.1,243.4,511.0,JESSIES ENCORE,IMO0000000,WDK4811,37,,19,6,,,B
368058870,2022-01-02T00:31:29,30.29535,-87.62975,0.0,243.4,511.0,JESSIES ENCORE,IMO0000000,WDK4811,37,,19,6,,,B
368058870,2022-01-02T00:49:28,30.29537,-87.62979,0.1,243.4,511.0,JESSIES ENCORE,IMO0000000,WDK4811,37,,19,6,,,B
368058870,2022-01-02T00:52:28,30.29538,-87.62975,0.0,243.4,511.0,JESSIES ENCORE,IMO0000000,WDK4811,37,,19,6,,,B
368058870,2022-01-02T00:58:28,30.29533,-87.62973,0.0,243.4,511.0,JESSIES ENCORE,IMO0000000,WDK4811,37,,19,6,,,B
368058870,2022-01-02T01:01:30,30.29537,-87.62975,0.2,243.4,511.0,JESSIES ENCORE,IMO0000000,WDK4811,37,,19,6,,,B
368058870,2022-01-02T01:10:30,30.29535,-87.62975,0.1,243.4,511.0,JESSIES ENCORE,IMO0000000,WDK4811,37,,19,6,,,B
368058870,2022-01-02T01:13:31,30.29533,-87.62975,0.0,123.7,511.0,JESSIES ENCORE,IMO0000000,WDK4811,37,,19,6,,,B
368058870,2022-01-02T01:16:31,30.29533,-87.62972,0.0,123.7,511.0,JESSIES ENCORE,IMO0000000,WDK4811,37,,19,6,,,B
368058870,2022-01-02T01:19:28,30.29537,-87.62975,0.0,311.0,511.0,JESSIES ENCORE,IMO0000000,WDK4811,37,,19,6,,,B
368058870,2022-01-02T01:26:00,30.29535,-87.62971,0.5,311.0,511.0,JESSIES ENCORE,IMO0000000,WDK4811,37,,19,6,,,B
368058870,2022-01-02T01:34:29,30.29534,-87.62975,0.4,269.7,511.0,JESSIES ENCORE,IMO0000000,WDK4811,37,,19,6,,,B
368058870,2022-01-02T01:31:29,30.29535,-87.62973,0.0,282.8,511.0,JESSIES ENCORE,IMO0000000,WDK4811,37,,19,6,,,B
368058870,2022-01-02T01:29:01,30.29537,-87.62972,0.7,308.0,511.0,JESSIES ENCORE,IMO0000000,WDK4811,37,,19,6,,,B
368058870,2022-01-02T01:41:01,30.29538,-87.62975,0.0,161.4,511.0,JESSIES ENCORE,IMO0000000,WDK4811,37,,19,6,,,B
368058870,2022-01-02T01:39:30,30.29521,-87.62969,0.4,159.5,511.0,JESSIES ENCORE,IMO0000000,WDK4811,37,,19,6,,,B
368058870,2022-01-02T01:38:00,30.29532,-87.62971,0.5,269.7,511.0,JESSIES ENCORE,IMO0000000,WDK4811,37,,19,6,,,B
368058870,2022-01-02T01:49:29,30.29539,-87.62971,0.1,279.4,511.0,JESSIES ENCORE,IMO0000000,WDK4811,37,,19,6,,,B
368058870,2022-01-02T01:43:00,30.29539,-87.62975,0.4,161.4,511.0,JESSIES ENCORE,IMO0000000,WDK4811,37,,19,6,,,B
368058870,2022-01-02T01:50:59,30.29540,-87.62973,0.3,328.1,511.0,JESSIES ENCORE,IMO0000000,WDK4811,37,,19,6,,,B
368058870,2022-01-02T01:52:59,30.29539,-87.62975,1.1,311.1,511.0,JESSIES ENCORE,IMO0000000,WDK4811,37,,19,6,,,B
368058870,2022-01-02T01:59:59,30.29532,-87.62965,0.7,357.9,511.0,JESSIES ENCORE,IMO0000000,WDK4811,37,,19,6,,,B
368058870,2022-01-02T01:57:31,30.29532,-87.62965,0.2,53.1,511.0,JESSIES ENCORE,IMO0000000,WDK4811,37,,19,6,,,B
368058870,2022-01-02T01:55:59,30.29532,-87.62967,0.1,110.8,511.0,JESSIES ENCORE,IMO0000000,WDK4811,37,,19,6,,,B
368058870,2022-01-02T01:58:58,30.29531,-87.62962,0.0,53.1,511.0,JESSIES ENCORE,IMO0000000,WDK4811,37,,19,6,,,B
368058870,2022-01-02T02:03:29,30.29535,-87.62965,0.8,350.2,511.0,JESSIES ENCORE,IMO0000000,WDK4811,37,,19,6,,,B
368058870,2022-01-02T02:06:31,30.29539,-87.62973,0.2,331.4,511.0,JESSIES ENCORE,IMO0000000,WDK4811,37,,19,6,,,B
368058870,2022-01-02T02:14:59,30.29535,-87.62972,0.0,331.4,511.0,JESSIES ENCORE,IMO0000000,WDK4811,37,,19,6,,,B
368058870,2022-01-02T02:08:28,30.29536,-87.62961,0.2,331.4,511.0,JESSIES ENCORE,IMO0000000,WDK4811,37,,19,6,,,B
368058870,2022-01-02T02:29:58,30.29535,-87.62973,0.1,67.8,511.0,JESSIES ENCORE,IMO0000000,WDK4811,37,,19,6,,,B
368058870,2022-01-02T02:37:30,30.29534,-87.62972,0.1,35.1,511.0,JESSIES ENCORE,IMO0000000,WDK4811,37,,19,6,,,B
368058870,2022-01-02T02:35:58,30.29535,-87.62972,0.1,35.1,511.0,JESSIES ENCORE,IMO0000000,WDK4811,37,,19,6,,,B
368058870,2022-01-02T02:41:59,30.29534,-87.62973,0.2,35.1,511.0,JESSIES ENCORE,IMO0000000,WDK4811,37,,19,6,,,B
368058870,2022-01-02T02:44:59,30.29534,-87.62972,0.0,35.1,511.0,JESSIES ENCORE,IMO0000000,WDK4811,37,,19,6,,,B
368058870,2022-01-02T02:50:58,30.29535,-87.62975,0.3,35.1,511.0,JESSIES ENCORE,IMO0000000,WDK4811,37,,19,6,,,B
368058870,2022-01-02T01:22:59,30.29533,-87.62972,0.0,311.0,511.0,JESSIES ENCORE,IMO0000000,WDK4811,37,,19,6,,,B
368058870,2022-01-02T02:53:58,30.29529,-87.62969,0.2,324.5,511.0,JESSIES ENCORE,IMO0000000,WDK4811,37,,19,6,,,B
368058870,2022-01-02T03:06:59,30.29533,-87.62971,0.0,48.5,511.0,JESSIES ENCORE,IMO0000000,WDK4811,37,,19,6,,,B
368058870,2022-01-02T02:57:28,30.29533,-87.62975,0.0,324.5,511.0,JESSIES ENCORE,IMO0000000,WDK4811,37,,19,6,,,B
368058870,2022-01-02T03:03:58,30.29532,-87.62973,0.5,106.0,511.0,JESSIES ENCORE,IMO0000000,WDK4811,37,,19,6,,,B
368058870,2022-01-02T03:05:28,30.29535,-87.62975,0.2,106.0,511.0,JESSIES ENCORE,IMO0000000,WDK4811,37,,19,6,,,B
368058870,2022-01-02T03:09:58,30.29534,-87.62971,0.0,298.2,511.0,JESSIES ENCORE,IMO0000000,WDK4811,37,,19,6,,,B
368058870,2022-01-02T03:16:59,30.29537,-87.62977,0.1,298.2,511.0,JESSIES ENCORE,IMO0000000,WDK4811,37,,19,6,,,B
368058870,2022-01-02T03:26:28,30.29537,-87.62972,0.2,316.2,511.0,JESSIES ENCORE,IMO0000000,WDK4811,37,,19,6,,,B
368058870,2022-01-02T03:20:29,30.29536,-87.62975,0.4,259.2,511.0,JESSIES ENCORE,IMO0000000,WDK4811,37,,19,6,,,B
368058870,2022-01-02T03:32:29,30.29535,-87.62975,0.1,316.2,511.0,JESSIES ENCORE,IMO0000000,WDK4811,37,,19,6,,,B
368058870,2022-01-02T01:46:31,30.29541,-87.62972,0.5,161.4,511.0,JESSIES ENCORE,IMO0000000,WDK4811,37,,19,6,,,B
368058870,2022-01-02T03:41:29,30.29537,-87.62975,0.0,316.2,511.0,JESSIES ENCORE,IMO0000000,WDK4811,37,,19,6,,,B
368058870,2022-01-02T03:44:28,30.29536,-87.62972,0.0,350.7,511.0,JESSIES ENCORE,IMO0000000,WDK4811,37,,19,6,,,B
368058870,2022-01-02T03:38:28,30.29538,-87.62977,0.0,316.2,511.0,JESSIES ENCORE,IMO0000000,WDK4811,37,,19,6,,,B
368058870,2022-01-02T03:47:28,30.29532,-87.62973,0.1,350.7,511.0,JESSIES ENCORE,IMO0000000,WDK4811,37,,19,6,,,B
368058870,2022-01-02T03:50:29,30.29536,-87.62972,0.0,350.7,511.0,JESSIES ENCORE,IMO0000000,WDK4811,37,,19,6,,,B
368058870,2022-01-02T03:59:29,30.29536,-87.62975,0.0,350.7,511.0,JESSIES ENCORE,IMO0000000,WDK4811,37,,19,6,,,B
368058870,2022-01-02T03:56:29,30.29536,-87.62973,0.0,350.7,511.0,JESSIES ENCORE,IMO0000000,WDK4811,37,,19,6,,,B
368058870,2022-01-02T02:04:58,30.29533,-87.62967,0.8,146.6,511.0,JESSIES ENCORE,IMO0000000,WDK4811,37,,19,6,,,B
368058870,2022-01-02T04:14:28,30.29537,-87.62967,0.0,313.9,511.0,JESSIES ENCORE,IMO0000000,WDK4811,37,,19,6,,,B
368058870,2022-01-02T04:11:28,30.29537,-87.62979,0.0,313.9,511.0,JESSIES ENCORE,IMO0000000,WDK4811,37,,19,6,,,B
368058870,2022-01-02T04:23:28,30.29540,-87.62979,0.1,313.9,511.0,JESSIES ENCORE,IMO0000000,WDK4811,37,,19,6,,,B
368058870,2022-01-02T04:17:28,30.29535,-87.62979,0.2,313.9,511.0,JESSIES ENCORE,IMO0000000,WDK4811,37,,19,6,,,B
368058870,2022-01-02T04:30:58,30.29535,-87.62975,0.4,223.4,511.0,JESSIES ENCORE,IMO0000000,WDK4811,37,,19,6,,,B
368058870,2022-01-02T04:29:28,30.29537,-87.62977,0.0,332.3,511.0,JESSIES ENCORE,IMO0000000,WDK4811,37,,19,6,,,B
368058870,2022-01-02T04:52:28,30.29535,-87.62972,0.1,185.2,511.0,JESSIES ENCORE,IMO0000000,WDK4811,37,,19,6,,,B
368058870,2022-01-02T04:46:28,30.29537,-87.62977,0.2,185.2,511.0,JESSIES ENCORE,IMO0000000,WDK4811,37,,19,6,,,B
368058870,2022-01-02T05:06:28,30.29537,-87.62977,0.2,253.9,511.0,JESSIES ENCORE,IMO0000000,WDK4811,37,,19,6,,,B
368058870,2022-01-02T05:08:29,30.29535,-87.62979,0.0,251.5,511.0,JESSIES ENCORE,IMO0000000,WDK4811,37,,19,6,,,B
368058870,2022-01-02T05:26:58,30.29531,-87.62967,0.1,233.5,511.0,JESSIES ENCORE,IMO0000000,WDK4811,37,,19,6,,,B
368058870,2022-01-02T05:16:58,30.29536,-87.62973,0.4,19.4,511.0,JESSIES ENCORE,IMO0000000,WDK4811,37,,19,6,,,B
368058870,2022-01-02T05:17:59,30.29534,-87.62975,0.0,241.4,511.0,JESSIES ENCORE,IMO0000000,WDK4811,37,,19,6,,,B
368058870,2022-01-02T05:32:59,30.29537,-87.62973,0.0,233.5,511.0,JESSIES ENCORE,IMO0000000,WDK4811,37,,19,6,,,B
368058870,2022-01-02T05:38:58,30.29540,-87.62972,0.1,206.3,511.0,JESSIES ENCORE,IMO0000000,WDK4811,37,,19,6,,,B
368058870,2022-01-02T05:23:59,30.29534,-87.62975,0.0,241.4,511.0,JESSIES ENCORE,IMO0000000,WDK4811,37,,19,6,,,B
368058870,2022-01-02T05:41:58,30.29541,-87.62972,0.0,206.3,511.0,JESSIES ENCORE,IMO0000000,WDK4811,37,,19,6,,,B
368058870,2022-01-02T06:00:00,30.29537,-87.62973,0.0,206.3,511.0,JESSIES ENCORE,IMO0000000,WDK4811,37,,19,6,,,B
368058870,2022-01-02T05:45:00,30.29541,-87.62972,0.3,206.3,511.0,JESSIES ENCORE,IMO0000000,WDK4811,37,,19,6,,,B
368058870,2022-01-02T05:47:59,30.29540,-87.62967,0.0,206.3,511.0,JESSIES ENCORE,IMO0000000,WDK4811,37,,19,6,,,B
368058870,2022-01-02T06:14:59,30.29548,-87.62973,1.2,323.3,511.0,JESSIES ENCORE,IMO0000000,WDK4811,37,,19,6,,,B
368058870,2022-01-02T06:02:58,30.29531,-87.62977,0.0,206.3,511.0,JESSIES ENCORE,IMO0000000,WDK4811,37,,19,6,,,B
368058870,2022-01-02T06:19:59,30.29532,-87.62973,0.0,323.3,511.0,JESSIES ENCORE,IMO0000000,WDK4811,37,,19,6,,,B
368058870,2022-01-02T06:08:59,30.29533,-87.62977,0.1,206.3,511.0,JESSIES ENCORE,IMO0000000,WDK4811,37,,19,6,,,B
368058870,2022-01-02T06:05:59,30.29535,-87.62977,0.4,206.3,511.0,JESSIES ENCORE,IMO0000000,WDK4811,37,,19,6,,,B
368058870,2022-01-02T06:16:29,30.29530,-87.62973,0.4,323.3,511.0,JESSIES ENCORE,IMO0000000,WDK4811,37,,19,6,,,B
368058870,2022-01-02T06:22:58,30.29531,-87.62977,0.0,323.3,511.0,JESSIES ENCORE,IMO0000000,WDK4811,37,,19,6,,,B
368058870,2022-01-02T06:31:59,30.29531,-87.62975,0.1,323.3,511.0,JESSIES ENCORE,IMO0000000,WDK4811,37,,19,6,,,B
368058870,2022-01-02T07:04:58,30.29533,-87.62975,0.0,323.3,511.0,JESSIES ENCORE,IMO0000000,WDK4811,37,,19,6,,,B
368058870,2022-01-02T06:43:59,30.29534,-87.62972,0.1,323.3,511.0,JESSIES ENCORE,IMO0000000,WDK4811,37,,19,6,,,B
368058870,2022-01-02T06:46:59,30.29535,-87.62972,0.2,323.3,511.0,JESSIES ENCORE,IMO0000000,WDK4811,37,,19,6,,,B
368058870,2022-01-02T07:01:59,30.29536,-87.62975,0.0,323.3,511.0,JESSIES ENCORE,IMO0000000,WDK4811,37,,19,6,,,B
368058870,2022-01-02T07:13:59,30.29535,-87.62979,0.1,348.6,511.0,JESSIES ENCORE,IMO0000000,WDK4811,37,,19,6,,,B
368058870,2022-01-02T06:52:58,30.29534,-87.62975,0.2,323.3,511.0,JESSIES ENCORE,IMO0000000,WDK4811,37,,19,6,,,B
368058870,2022-01-02T06:55:58,30.29535,-87.62973,0.0,323.3,511.0,JESSIES ENCORE,IMO0000000,WDK4811,37,,19,6,,,B
368058870,2022-01-02T07:28:29,30.29538,-87.62979,0.4,292.1,511.0,JESSIES ENCORE,IMO0000000,WDK4811,37,,19,6,,,B
368058870,2022-01-02T07:22:29,30.29532,-87.62971,0.1,312.5,511.0,JESSIES ENCORE,IMO0000000,WDK4811,37,,19,6,,,B
368058870,2022-01-02T07:10:58,30.29537,-87.62982,0.0,347.2,511.0,JESSIES ENCORE,IMO0000000,WDK4811,37,,19,6,,,B
368058870,2022-01-02T07:25:28,30.29534,-87.62969,0.4,312.5,511.0,JESSIES ENCORE,IMO0000000,WDK4811,37,,19,6,,,B
368058870,2022-01-02T07:37:58,30.29531,-87.62973,0.0,159.2,511.0,JESSIES ENCORE,IMO0000000,WDK4811,37,,19,6,,,B
368058870,2022-01-02T07:15:59,30.29535,-87.62975,0.4,348.6,511.0,JESSIES ENCORE,IMO0000000,WDK4811,37,,19,6,,,B
368058870,2022-01-02T07:34:30,30.29533,-87.62969,0.0,159.2,511.0,JESSIES ENCORE,IMO0000000,WDK4811,37,,19,6,,,B
368058870,2022-01-02T07:56:00,30.29534,-87.62977,0.0,92.7,511.0,JESSIES ENCORE,IMO0000000,WDK4811,37,,19,6,,,B
368058870,2022-01-02T07:29:59,30.29536,-87.62973,0.1,292.1,511.0,JESSIES ENCORE,IMO0000000,WDK4811,37,,19,6,,,B
368058870,2022-01-02T07:40:59,30.29535,-87.62973,0.0,159.2,511.0,JESSIES ENCORE,IMO0000000,WDK4811,37,,19,6,,,B
368058870,2022-01-02T08:08:00,30.29539,-87.62977,0.2,224.4,511.0,JESSIES ENCORE,IMO0000000,WDK4811,37,,19,6,,,B
368058870,2022-01-02T08:12:33,30.29536,-87.62975,0.0,224.4,511.0,JESSIES ENCORE,IMO0000000,WDK4811,37,,19,6,,,B
368058870,2022-01-02T08:09:29,30.29537,-87.62977,0.1,224.4,511.0,JESSIES ENCORE,IMO0000000,WDK4811,37,,19,6,,,B
368058870,2022-01-02T08:01:58,30.29537,-87.62972,0.0,92.7,511.0,JESSIES ENCORE,IMO0000000,WDK4811,37,,19,6,,,B
368058870,2022-01-02T08:04:58,30.29537,-87.62975,0.1,149.5,511.0,JESSIES ENCORE,IMO0000000,WDK4811,37,,19,6,,,B
368058870,2022-01-02T08:24:28,30.29538,-87.62975,0.0,224.4,511.0,JESSIES ENCORE,IMO0000000,WDK4811,37,,19,6,,,B
368058870,2022-01-02T08:42:29,30.29535,-87.62975,0.0,224.4,511.0,JESSIES ENCORE,IMO0000000,WDK4811,37,,19,6,,,B
368058870,2022-01-02T08:27:29,30.29537,-87.62975,0.0,224.4,511.0,JESSIES ENCORE,IMO0000000,WDK4811,37,,19,6,,,B
368058870,2022-01-02T08:51:33,30.29536,-87.62975,0.1,224.4,511.0,JESSIES ENCORE,IMO0000000,WDK4811,37,,19,6,,,B
368058870,2022-01-02T09:12:28,30.29535,-87.62975,0.0,224.4,511.0,JESSIES ENCORE,IMO0000000,WDK4811,37,,19,6,,,B
368058870,2022-01-02T09:33:28,30.29535,-87.62973,0.0,224.4,511.0,JESSIES ENCORE,IMO0000000,WDK4811,37,,19,6,,,B
368058870,2022-01-02T09:42:29,30.29533,-87.62973,0.0,140.6,511.0,JESSIES ENCORE,IMO0000000,WDK4811,37,,19,6,,,B
368058870,2022-01-02T09:18:29,30.29536,-87.62977,0.0,224.4,511.0,JESSIES ENCORE,IMO0000000,WDK4811,37,,19,6,,,B
368058870,2022-01-02T09:21:29,30.29536,-87.62973,0.0,224.4,511.0,JESSIES ENCORE,IMO0000000,WDK4811,37,,19,6,,,B
368058870,2022-01-02T09:39:28,30.29528,-87.62973,0.0,140.6,511.0,JESSIES ENCORE,IMO0000000,WDK4811,37,,19,6,,,B
368058870,2022-01-02T10:00:28,30.29536,-87.62975,0.0,140.6,511.0,JESSIES ENCORE,IMO0000000,WDK4811,37,,19,6,,,B
368058870,2022-01-02T10:34:58,30.29537,-87.62973,0.0,175.8,511.0,JESSIES ENCORE,IMO0000000,WDK4811,37,,19,6,,,B
368058870,2022-01-02T10:25:59,30.29537,-87.62975,0.2,175.8,511.0,JESSIES ENCORE,IMO0000000,WDK4811,37,,19,6,,,B
368058870,2022-01-02T10:03:28,30.29534,-87.62973,0.0,140.6,511.0,JESSIES ENCORE,IMO0000000,WDK4811,37,,19,6,,,B
368058870,2022-01-02T10:28:58,30.29537,-87.62973,0.0,175.8,511.0,JESSIES ENCORE,IMO0000000,WDK4811,37,,19,6,,,B
368058870,2022-01-02T10:09:30,30.29536,-87.62975,0.2,140.6,511.0,JESSIES ENCORE,IMO0000000,WDK4811,37,,19,6,,,B
368058870,2022-01-02T10:18:29,30.29541,-87.62971,0.1,174.1,511.0,JESSIES ENCORE,IMO0000000,WDK4811,37,,19,6,,,B
368058870,2022-01-02T10:06:30,30.29537,-87.62973,0.0,140.6,511.0,JESSIES ENCORE,IMO0000000,WDK4811,37,,19,6,,,B
368058870,2022-01-02T10:21:58,30.29542,-87.62977,0.4,200.0,511.0,JESSIES ENCORE,IMO0000000,WDK4811,37,,19,6,,,B
368058870,2022-01-02T10:12:29,30.29537,-87.62975,0.1,14.7,511.0,JESSIES ENCORE,IMO0000000,WDK4811,37,,19,6,,,B
368058870,2022-01-02T10:15:29,30.29539,-87.62977,0.3,80.5,511.0,JESSIES ENCORE,IMO0000000,WDK4811,37,,19,6,,,B
368058870,2022-01-02T10:52:58,30.29538,-87.62973,0.0,300.0,511.0,JESSIES ENCORE,IMO0000000,WDK4811,37,,19,6,,,B
368058870,2022-01-02T10:20:28,30.29544,-87.62977,0.5,169.9,511.0,JESSIES ENCORE,IMO0000000,WDK4811,37,,19,6,,,B
368058870,2022-01-02T10:59:00,30.29537,-87.62975,0.0,300.0,511.0,JESSIES ENCORE,IMO0000000,WDK4811,37,,19,6,,,B
368058870,2022-01-02T10:31:59,30.29537,-87.62972,0.0,175.8,511.0,JESSIES ENCORE,IMO0000000,WDK4811,37,,19,6,,,B
368058870,2022-01-02T11:11:00,30.29539,-87.62972,0.3,300.0,511.0,JESSIES ENCORE,IMO0000000,WDK4811,37,,19,6,,,B
368058870,2022-01-02T04:55:59,30.29538,-87.62975,0.0,134.6,511.0,JESSIES ENCORE,IMO0000000,WDK4811,37,,19,6,,,B
368058870,2022-01-02T10:46:58,30.29536,-87.62975,0.0,300.0,511.0,JESSIES ENCORE,IMO0000000,WDK4811,37,,19,6,,,B
368058870,2022-01-02T10:37:59,30.29535,-87.62975,0.0,175.8,511.0,JESSIES ENCORE,IMO0000000,WDK4811,37,,19,6,,,B
368058870,2022-01-02T10:40:59,30.29532,-87.62975,0.0,300.0,511.0,JESSIES ENCORE,IMO0000000,WDK4811,37,,19,6,,,B
368058870,2022-01-02T11:19:58,30.29537,-87.62975,0.0,300.0,511.0,JESSIES ENCORE,IMO0000000,WDK4811,37,,19,6,,,B
368058870,2022-01-02T10:43:58,30.29535,-87.62975,0.0,300.0,511.0,JESSIES ENCORE,IMO0000000,WDK4811,37,,19,6,,,B
368058870,2022-01-02T10:56:00,30.29538,-87.62973,0.0,300.0,511.0,JESSIES ENCORE,IMO0000000,WDK4811,37,,19,6,,,B
368058870,2022-01-02T11:32:29,30.29538,-87.62973,0.0,323.2,511.0,JESSIES ENCORE,IMO0000000,WDK4811,37,,19,6,,,B
368058870,2022-01-02T11:01:59,30.29538,-87.62977,0.0,300.0,511.0,JESSIES ENCORE,IMO0000000,WDK4811,37,,19,6,,,B
368058870,2022-01-02T11:13:59,30.29536,-87.62975,0.0,300.0,511.0,JESSIES ENCORE,IMO0000000,WDK4811,37,,19,6,,,B
368058870,2022-01-02T11:16:59,30.29536,-87.62977,0.0,300.0,511.0,JESSIES ENCORE,IMO0000000,WDK4811,37,,19,6,,,B
368058870,2022-01-02T12:09:28,30.29537,-87.62973,0.2,321.1,47.0,JESSIES ENCORE,IMO0000000,WDK4811,37,,19,6,,,B
368058870,2022-01-02T05:20:58,30.29536,-87.62973,0.0,241.4,511.0,JESSIES ENCORE,IMO0000000,WDK4811,37,,19,6,,,B
368058870,2022-01-02T12:12:31,30.29532,-87.62973,0.0,321.1,47.0,JESSIES ENCORE,IMO0000000,WDK4811,37,,19,6,,,B
368058870,2022-01-02T11:38:28,30.29534,-87.62977,0.1,323.2,44.0,JESSIES ENCORE,IMO0000000,WDK4811,37,,19,6,,,B
368058870,2022-01-02T11:44:58,30.29539,-87.62973,0.2,322.4,49.0,JESSIES ENCORE,IMO0000000,WDK4811,37,,19,6,,,B
368058870,2022-01-02T11:51:28,30.29535,-87.62977,0.4,321.1,48.0,JESSIES ENCORE,IMO0000000,WDK4811,37,,19,6,,,B
368058870,2022-01-02T11:41:58,30.29534,-87.62973,0.7,322.4,45.0,JESSIES ENCORE,IMO0000000,WDK4811,37,,19,6,,,B
368058870,2022-01-02T05:29:58,30.29536,-87.62972,0.0,233.5,511.0,JESSIES ENCORE,IMO0000000,WDK4811,37,,19,6,,,B
368058870,2022-01-02T11:54:29,30.29537,-87.62977,0.2,321.1,48.0,JESSIES ENCORE,IMO0000000,WDK4811,37,,19,6,,,B
368058870,2022-01-02T12:32:28,30.29767,-87.62831,5.6,41.8,37.0,JESSIES ENCORE,IMO0000000,WDK4811,37,,19,6,,,B
368058870,2022-01-02T12:00:29,30.29540,-87.62975,0.0,321.1,48.0,JESSIES ENCORE,IMO0000000,WDK4811,37,,19,6,,,B
368058870,2022-01-02T12:03:28,30.29535,-87.62979,0.5,321.1,48.0,JESSIES ENCORE,IMO0000000,WDK4811,37,,19,6,,,B
368058870,2022-01-02T12:43:29,30.30145,-87.60132,8.8,90.6,87.0,JESSIES ENCORE,IMO0000000,WDK4811,37,,19,6,,,B
368058870,2022-01-02T12:44:58,30.30130,-87.59707,8.8,92.9,89.0,JESSIES ENCORE,IMO0000000,WDK4811,37,,19,6,,,B
368058870,2022-01-02T12:47:28,30.30110,-87.59061,8.9,90.9,88.0,JESSIES ENCORE,IMO0000000,WDK4811,37,,19,6,,,B
368058870,2022-01-02T12:55:59,30.30504,-87.56721,9.2,56.2,54.0,JESSIES ENCORE,IMO0000000,WDK4811,37,,19,6,,,B
368058870,2022-01-02T12:22:00,30.29539,-87.62973,0.1,1.5,47.0,JESSIES ENCORE,IMO0000000,WDK4811,37,,19,6,,,B
368058870,2022-01-02T12:18:29,30.29539,-87.62975,0.1,321.1,48.0,JESSIES ENCORE,IMO0000000,WDK4811,37,,19,6,,,B
368058870,2022-01-02T13:00:01,30.30550,-87.55579,9.0,98.1,95.0,JESSIES ENCORE,IMO0000000,WDK4811,37,,19,6,,,B
368058870,2022-01-02T12:29:30,30.29535,-87.62973,0.1,105.6,49.0,JESSIES ENCORE,IMO0000000,WDK4811,37,,19,6,,,B
368058870,2022-01-02T12:46:01,30.30115,-87.59448,6.6,95.4,91.0,JESSIES ENCORE,IMO0000000,WDK4811,37,,19,6,,,B
368058870,2022-01-02T12:23:29,30.29540,-87.62972,0.4,1.5,47.0,JESSIES ENCORE,IMO0000000,WDK4811,37,,19,6,,,B
368058870,2022-01-02T12:34:02,30.29981,-87.62601,6.9,49.4,46.0,JESSIES ENCORE,IMO0000000,WDK4811,37,,19,6,,,B
368058870,2022-01-02T12:41:59,30.30151,-87.60547,8.6,88.9,85.0,JESSIES ENCORE,IMO0000000,WDK4811,37,,19,6,,,B
368058870,2022-01-02T12:36:59,30.30125,-87.61925,8.2,88.1,87.0,JESSIES ENCORE,IMO0000000,WDK4811,37,,19,6,,,B
368058870,2022-01-02T13:23:59,30.30439,-87.49655,9.2,91.9,88.0,JESSIES ENCORE,IMO0000000,WDK4811,37,,19,6,,,B
368058870,2022-01-02T12:49:59,30.30091,-87.58338,8.8,92.4,88.0,JESSIES ENCORE,IMO0000000,WDK4811,37,,19,6,,,B
368058870,2022-01-02T12:57:28,30.30641,-87.56315,9.5,93.3,91.0,JESSIES ENCORE,IMO0000000,WDK4811,37,,19,6,,,B
368058870,2022-01-02T12:52:00,30.30072,-87.57751,9.1,93.0,87.0,JESSIES ENCORE,IMO0000000,WDK4811,37,,19,6,,,B
368058870,2022-01-02T13:16:59,30.31473,-87.51287,9.3,121.2,116.0,JESSIES ENCORE,IMO0000000,WDK4811,37,,19,6,,,B
368058870,2022-01-02T13:01:30,30.30499,-87.55150,8.9,99.1,93.0,JESSIES ENCORE,IMO0000000,WDK4811,37,,19,6,,,B
368058870,2022-01-02T13:32:03,30.30675,-87.47245,9.5,82.7,79.0,JESSIES ENCORE,IMO0000000,WDK4811,37,,19,6,,,B
368058870,2022-01-02T12:58:58,30.30586,-87.55884,9.1,98.5,94.0,JESSIES ENCORE,IMO0000000,WDK4811,37,,19,6,,,B
368058870,2022-01-02T13:03:29,30.30441,-87.54567,9.5,93.9,91.0,JESSIES ENCORE,IMO0000000,WDK4811,37,,19,6,,,B
368058870,2022-01-02T12:53:59,30.30222,-87.57210,8.6,58.2,54.0,JESSIES ENCORE,IMO0000000,WDK4811,37,,19,6,,,B
368058870,2022-01-02T13:44:28,30.31312,-87.43802,7.3,87.2,83.0,JESSIES ENCORE,IMO0000000,WDK4811,37,,19,6,,,B
368058870,2022-01-02T13:28:04,30.30547,-87.48439,9.3,82.7,79.0,JESSIES ENCORE,IMO0000000,WDK4811,37,,19,6,,,B
368058870,2022-01-02T13:07:28,30.30735,-87.53439,9.4,51.0,47.0,JESSIES ENCORE,IMO0000000,WDK4811,37,,19,6,,,B
368058870,2022-01-02T13:09:59,30.31119,-87.52927,6.2,49.4,46.0,JESSIES ENCORE,IMO0000000,WDK4811,37,,19,6,,,B
368058870,2022-01-02T13:11:00,30.31241,-87.52767,6.7,46.6,44.0,JESSIES ENCORE,IMO0000000,WDK4811,37,,19,6,,,B
368058870,2022-01-02T13:08:58,30.30994,-87.53096,8.3,48.3,45.0,JESSIES ENCORE,IMO0000000,WDK4811,37,,19,6,,,B
368058870,2022-01-02T13:14:28,30.31742,-87.51951,9.0,95.4,92.0,JESSIES ENCORE,IMO0000000,WDK4811,37,,19,6,,,B
368058870,2022-01-02T13:12:59,30.31565,-87.52324,9.2,52.5,49.0,JESSIES ENCORE,IMO0000000,WDK4811,37,,19,6,,,B
368058870,2022-01-02T13:51:31,30.31132,-87.42275,6.6,119.8,115.0,JESSIES ENCORE,IMO0000000,WDK4811,37,,19,6,,,B
368058870,2022-01-02T13:36:30,30.30850,-87.45899,9.4,80.6,77.0,JESSIES ENCORE,IMO0000000,WDK4811,37,,19,6,,,B
368058870,2022-01-02T13:05:31,30.30498,-87.53965,9.7,75.5,72.0,JESSIES ENCORE,IMO0000000,WDK4811,37,,19,6,,,B
368058870,2022-01-02T13:39:58,30.31190,-87.44914,9.5,63.2,59.0,JESSIES ENCORE,IMO0000000,WDK4811,37,,19,6,,,B
368058870,2022-01-02T13:20:01,30.30870,-87.50708,9.4,135.9,131.0,JESSIES ENCORE,IMO0000000,WDK4811,37,,19,6,,,B
368058870,2022-01-02T13:26:29,30.30502,-87.48911,8.6,83.4,81.0,JESSIES ENCORE,IMO0000000,WDK4811,37,,19,6,,,B
368058870,2022-01-02T13:25:02,30.30463,-87.49344,9.3,85.3,81.0,JESSIES ENCORE,IMO0000000,WDK4811,37,,19,6,,,B
368058870,2022-01-02T13:49:59,30.31262,-87.42581,7.0,111.2,111.0,JESSIES ENCORE,IMO0000000,WDK4811,37,,19,6,,,B
368058870,2022-01-02T13:21:58,30.30567,-87.50235,9.2,110.9,105.0,JESSIES ENCORE,IMO0000000,WDK4811,37,,19,6,,,B
368058870,2022-01-02T13:59:58,30.30609,-87.40107,9.8,89.4,86.0,JESSIES ENCORE,IMO0000000,WDK4811,37,,19,6,,,B
368058870,2022-01-02T14:12:00,30.31961,-87.37352,9.3,85.1,83.0,JESSIES ENCORE,IMO0000000,WDK4811,37,,19,6,,,B
368058870,2022-01-02T14:04:29,30.31340,-87.39177,9.0,22.0,19.0,JESSIES ENCORE,IMO0000000,WDK4811,37,,19,6,,,B
368058870,2022-01-02T13:46:58,30.31372,-87.43215,6.9,83.4,78.0,JESSIES ENCORE,IMO0000000,WDK4811,37,,19,6,,,B
368058870,2022-01-02T14:05:59,30.31696,-87.39014,9.2,22.5,18.0,JESSIES ENCORE,IMO0000000,WDK4811,37,,19,6,,,B
368058870,2022-01-02T13:37:58,30.30953,-87.45467,9.2,62.7,59.0,JESSIES ENCORE,IMO0000000,WDK4811,37,,19,6,,,B
368058870,2022-01-02T13:40:59,30.31276,-87.44635,7.4,80.5,77.0,JESSIES ENCORE,IMO0000000,WDK4811,37,,19,6,,,B
368058870,2022-01-02T13:56:30,30.30628,-87.41181,9.7,91.8,87.0,JESSIES ENCORE,IMO0000000,WDK4811,37,,19,6,,,B
368058870,2022-01-02T13:42:58,30.31298,-87.44147,7.8,88.5,86.0,JESSIES ENCORE,IMO0000000,WDK4811,37,,19,6,,,B
368058870,2022-01-02T14:33:29,30.33488,-87.31286,9.4,63.5,64.0,JESSIES ENCORE,IMO0000000,WDK4811,37,,19,6,,,B
368058870,2022-01-02T14:30:28,30.33221,-87.32173,8.8,72.4,69.0,JESSIES ENCORE,IMO0000000,WDK4811,37,,19,6,,,B
368058870,2022-01-02T14:21:59,30.32450,-87.34429,9.3,69.8,65.0,JESSIES ENCORE,IMO0000000,WDK4811,37,,19,6,,,B
368058870,2022-01-02T14:32:01,30.33341,-87.31723,10.5,72.0,69.0,JESSIES ENCORE,IMO0000000,WDK4811,37,,19,6,,,B
368058870,2022-01-02T13:53:58,30.30887,-87.41819,6.6,129.2,129.0,JESSIES ENCORE,IMO0000000,WDK4811,37,,19,6,,,B
368058870,2022-01-02T13:54:59,30.30754,-87.41625,9.7,127.6,125.0,JESSIES ENCORE,IMO0000000,WDK4811,37,,19,6,,,B
368058870,2022-01-02T13:52:33,30.31040,-87.42073,6.8,121.4,123.0,JESSIES ENCORE,IMO0000000,WDK4811,37,,19,6,,,B
368058870,2022-01-02T14:25:59,30.32786,-87.33429,6.7,68.5,65.0,JESSIES ENCORE,IMO0000000,WDK4811,37,,19,6,,,B
368058870,2022-01-02T13:58:29,30.30619,-87.40575,9.6,91.9,88.0,JESSIES ENCORE,IMO0000000,WDK4811,37,,19,6,,,B
368058870,2022-01-02T14:36:28,30.33472,-87.30475,7.9,80.6,79.0,JESSIES ENCORE,IMO0000000,WDK4811,37,,19,6,,,B
368058870,2022-01-02T14:45:58,30.33529,-87.28032,8.1,89.5,89.0,JESSIES ENCORE,IMO0000000,WDK4811,37,,19,6,,,B
368058870,2022-01-02T14:44:30,30.33531,-87.28423,8.3,90.7,91.0,JESSIES ENCORE,IMO0000000,WDK4811,37,,19,6,,,B
368058870,2022-01-02T14:07:58,30.31870,-87.38530,9.2,85.7,81.0,JESSIES ENCORE,IMO0000000,WDK4811,37,,19,6,,,B
368058870,2022-01-02T14:09:28,30.31899,-87.38087,9.2,85.2,82.0,JESSIES ENCORE,IMO0000000,WDK4811,37,,19,6,,,B
368058870,2022-01-02T14:10:29,30.31922,-87.37796,9.1,84.9,81.0,JESSIES ENCORE,IMO0000000,WDK4811,37,,19,6,,,B
368058870,2022-01-02T14:50:01,30.33510,-87.26959,8.1,91.6,85.0,JESSIES ENCORE,IMO0000000,WDK4811,37,,19,6,,,B
368058870,2022-01-02T14:54:00,30.33486,-87.25847,8.7,87.9,79.0,JESSIES ENCORE,IMO0000000,WDK4811,37,,19,6,,,B
368058870,2022-01-02T14:13:59,30.32010,-87.36753,9.4,81.9,78.0,JESSIES ENCORE,IMO0000000,WDK4811,37,,19,6,,,B
368058870,2022-01-02T14:16:28,30.32100,-87.36019,9.2,80.9,78.0,JESSIES ENCORE,IMO0000000,WDK4811,37,,19,6,,,B
368058870,2022-01-02T14:56:58,30.33506,-87.24997,9.0,88.4,79.0,JESSIES ENCORE,IMO0000000,WDK4811,37,,19,6,,,B
368058870,2022-01-02T14:24:31,30.32684,-87.33735,9.1,69.5,64.0,JESSIES ENCORE,IMO0000000,WDK4811,37,,19,6,,,B
368058870,2022-01-02T14:19:29,30.32232,-87.35135,9.3,75.7,70.0,JESSIES ENCORE,IMO0000000,WDK4811,37,,19,6,,,B
368058870,2022-01-02T15:14:00,30.33703,-87.20135,8.2,87.8,86.0,JESSIES ENCORE,IMO0000000,WDK4811,37,,19,6,,,B
368058870,2022-01-02T14:39:01,30.33547,-87.29835,8.1,84.5,87.0,JESSIES ENCORE,IMO0000000,WDK4811,37,,19,6,,,B
368058870,2022-01-02T14:40:28,30.33545,-87.29468,7.9,89.3,90.0,JESSIES ENCORE,IMO0000000,WDK4811,37,,19,6,,,B
368058870,2022-01-02T15:15:29,30.33715,-87.19738,8.1,87.6,85.0,JESSIES ENCORE,IMO0000000,WDK4811,37,,19,6,,,B
368058870,2022-01-02T14:51:28,30.33505,-87.26551,8.7,91.3,84.0,JESSIES ENCORE,IMO0000000,WDK4811,37,,19,6,,,B
368058870,2022-01-02T14:42:59,30.33536,-87.28823,8.2,89.8,91.0,JESSIES ENCORE,IMO0000000,WDK4811,37,,19,6,,,B
368058870,2022-01-02T14:37:58,30.33511,-87.30101,7.7,83.7,82.0,JESSIES ENCORE,IMO0000000,WDK4811,37,,19,6,,,B
368058870,2022-01-02T14:48:29,30.33520,-87.27363,8.4,93.8,88.0,JESSIES ENCORE,IMO0000000,WDK4811,37,,19,6,,,B
368058870,2022-01-02T14:52:31,30.33497,-87.26261,8.7,91.3,84.0,JESSIES ENCORE,IMO0000000,WDK4811,37,,19,6,,,B
368058870,2022-01-02T15:07:30,30.33637,-87.21916,8.6,84.0,83.0,JESSIES ENCORE,IMO0000000,WDK4811,37,,19,6,,,B
368058870,2022-01-02T15:47:58,30.35812,-87.11263,8.7,80.7,77.0,JESSIES ENCORE,IMO0000000,WDK4811,37,,19,6,,,B
368058870,2022-01-02T15:40:29,30.35503,-87.13349,8.8,79.4,76.0,JESSIES ENCORE,IMO0000000,WDK4811,37,,19,6,,,B
368058870,2022-01-02T15:02:58,30.33558,-87.23239,9.3,87.7,80.0,JESSIES ENCORE,IMO0000000,WDK4811,37,,19,6,,,B
368058870,2022-01-02T15:12:59,30.33692,-87.20402,8.4,87.1,86.0,JESSIES ENCORE,IMO0000000,WDK4811,37,,19,6,,,B
368058870,2022-01-02T15:05:28,30.33594,-87.22505,9.2,87.2,82.0,JESSIES ENCORE,IMO0000000,WDK4811,37,,19,6,,,B
368058870,2022-01-02T15:08:58,30.33654,-87.21499,8.8,86.6,85.0,JESSIES ENCORE,IMO0000000,WDK4811,37,,19,6,,,B
368058870,2022-01-02T15:11:58,30.33681,-87.20679,8.4,87.9,86.0,JESSIES ENCORE,IMO0000000,WDK4811,37,,19,6,,,B
368058870,2022-01-02T15:56:59,30.36194,-87.08792,8.6,80.0,76.0,JESSIES ENCORE,IMO0000000,WDK4811,37,,19,6,,,B
368058870,2022-01-02T15:24:30,30.34022,-87.17331,8.5,75.7,71.0,JESSIES ENCORE,IMO0000000,WDK4811,37,,19,6,,,B
368058870,2022-01-02T15:06:29,30.33612,-87.22205,9.2,85.3,82.0,JESSIES ENCORE,IMO0000000,WDK4811,37,,19,6,,,B
368058870,2022-01-02T15:10:29,30.33668,-87.21083,8.6,87.9,87.0,JESSIES ENCORE,IMO0000000,WDK4811,37,,19,6,,,B
368058870,2022-01-02T16:10:58,30.36944,-87.04985,8.3,79.1,75.0,JESSIES ENCORE,IMO0000000,WDK4811,37,,19,6,,,B
368058870,2022-01-02T16:30:02,30.38048,-86.99823,8.5,74.9,71.0,JESSIES ENCORE,IMO0000000,WDK4811,37,,19,6,,,B
368058870,2022-01-02T15:45:00,30.35689,-87.12085,8.8,79.8,76.0,JESSIES ENCORE,IMO0000000,WDK4811,37,,19,6,,,B
368058870,2022-01-02T16:32:59,30.38234,-86.99038,8.7,74.6,71.0,JESSIES ENCORE,IMO0000000,WDK4811,37,,19,6,,,B
368058870,2022-01-02T16:25:29,30.37762,-87.01051,8.6,74.8,71.0,JESSIES ENCORE,IMO0000000,WDK4811,37,,19,6,,,B
368058870,2022-01-02T16:26:31,30.37827,-87.00771,8.8,75.3,71.0,JESSIES ENCORE,IMO0000000,WDK4811,37,,19,6,,,B
368058870,2022-01-02T16:38:28,30.38420,-86.97533,8.7,85.9,81.0,JESSIES ENCORE,IMO0000000,WDK4811,37,,19,6,,,B
368058870,2022-01-02T16:41:28,30.38491,-86.96696,8.6,83.0,80.0,JESSIES ENCORE,IMO0000000,WDK4811,37,,19,6,,,B
368058870,2022-01-02T16:51:59,30.38808,-86.93801,8.6,82.3,78.0,JESSIES ENCORE,IMO0000000,WDK4811,37,,19,6,,,B
368058870,2022-01-02T16:23:29,30.37636,-87.01590,8.8,74.5,71.0,JESSIES ENCORE,IMO0000000,WDK4811,37,,19,6,,,B
368058870,2022-01-02T16:56:58,30.38991,-86.92415,8.6,82.5,79.0,JESSIES ENCORE,IMO0000000,WDK4811,37,,19,6,,,B
368058870,2022-01-02T16:58:58,30.39056,-86.91873,7.5,82.0,80.0,JESSIES ENCORE,IMO0000000,WDK4811,37,,19,6,,,B
368058870,2022-01-02T07:20:28,30.29527,-87.62969,0.0,312.5,511.0,JESSIES ENCORE,IMO0000000,WDK4811,37,,19,6,,,B
368058870,2022-01-02T16:31:58,30.38168,-86.99308,8.6,74.4,70.0,JESSIES ENCORE,IMO0000000,WDK4811,37,,19,6,,,B
368058870,2022-01-02T17:09:00,30.39347,-86.89155,8.3,79.4,78.0,JESSIES ENCORE,IMO0000000,WDK4811,37,,19,6,,,B
368058870,2022-01-02T16:20:58,30.37496,-87.02280,8.9,76.8,74.0,JESSIES ENCORE,IMO0000000,WDK4811,37,,19,6,,,B
368058870,2022-01-02T16:28:59,30.37978,-87.00106,8.6,74.5,71.0,JESSIES ENCORE,IMO0000000,WDK4811,37,,19,6,,,B
368058870,2022-01-02T16:35:58,30.38363,-86.98224,8.5,84.4,81.0,JESSIES ENCORE,IMO0000000,WDK4811,37,,19,6,,,B
368058870,2022-01-02T16:39:30,30.38441,-86.97246,8.6,85.1,81.0,JESSIES ENCORE,IMO0000000,WDK4811,37,,19,6,,,B
368058870,2022-01-02T16:42:58,30.38530,-86.96279,8.5,85.2,81.0,JESSIES ENCORE,IMO0000000,WDK4811,37,,19,6,,,B
368058870,2022-01-02T17:45:58,30.39665,-86.79116,8.7,81.1,78.0,JESSIES ENCORE,IMO0000000,WDK4811,37,,19,6,,,B
368058870,2022-01-02T17:38:30,30.39900,-86.81153,8.6,99.6,97.0,JESSIES ENCORE,IMO0000000,WDK4811,37,,19,6,,,B
368058870,2022-01-02T16:50:29,30.38757,-86.94217,8.7,82.2,78.0,JESSIES ENCORE,IMO0000000,WDK4811,37,,19,6,,,B
368058870,2022-01-02T16:55:29,30.38937,-86.92825,8.4,81.1,78.0,JESSIES ENCORE,IMO0000000,WDK4811,37,,19,6,,,B
368058870,2022-01-02T17:58:59,30.40137,-86.75604,8.1,92.8,89.0,JESSIES ENCORE,IMO0000000,WDK4811,37,,19,6,,,B
368058870,2022-01-02T17:06:58,30.39292,-86.89695,8.5,82.5,80.0,JESSIES ENCORE,IMO0000000,WDK4811,37,,19,6,,,B
368058870,2022-01-02T18:07:29,30.40444,-86.73411,8.2,65.1,61.0,JESSIES ENCORE,IMO0000000,WDK4811,37,,19,6,,,B
368058870,2022-01-02T17:56:59,30.39941,-86.76076,8.3,59.3,56.0,JESSIES ENCORE,IMO0000000,WDK4811,37,,19,6,,,B
368058870,2022-01-02T17:21:29,30.39764,-86.85814,8.4,82.3,79.0,JESSIES ENCORE,IMO0000000,WDK4811,37,,19,6,,,B
368058870,2022-01-02T18:01:58,30.40095,-86.74813,8.2,90.3,87.0,JESSIES ENCORE,IMO0000000,WDK4811,37,,19,6,,,B
368058870,2022-01-02T17:50:58,30.39731,-86.77720,8.5,90.6,86.0,JESSIES ENCORE,IMO0000000,WDK4811,37,,19,6,,,B
368058870,2022-01-02T18:26:58,30.40633,-86.68367,8.1,77.4,73.0,JESSIES ENCORE,IMO0000000,WDK4811,37,,19,6,,,B
368058870,2022-01-02T18:14:03,30.40760,-86.71758,8.4,99.1,95.0,JESSIES ENCORE,IMO0000000,WDK4811,37,,19,6,,,B
368058870,2022-01-02T17:39:59,30.39825,-86.80745,8.6,101.8,100.0,JESSIES ENCORE,IMO0000000,WDK4811,37,,19,6,,,B
368058870,2022-01-02T18:17:58,30.40665,-86.70716,8.3,93.5,90.0,JESSIES ENCORE,IMO0000000,WDK4811,37,,19,6,,,B
368058870,2022-01-02T17:46:59,30.39685,-86.78833,8.4,86.9,84.0,JESSIES ENCORE,IMO0000000,WDK4811,37,,19,6,,,B
368058870,2022-01-02T18:19:59,30.40606,-86.70176,8.4,102.7,99.0,JESSIES ENCORE,IMO0000000,WDK4811,37,,19,6,,,B
368058870,2022-01-02T18:22:59,30.40531,-86.69406,8.2,94.8,90.0,JESSIES ENCORE,IMO0000000,WDK4811,37,,19,6,,,B
368058870,2022-01-02T17:43:30,30.39651,-86.79795,8.6,101.8,97.0,JESSIES ENCORE,IMO0000000,WDK4811,37,,19,6,,,B
368058870,2022-01-02T18:02:59,30.40097,-86.74543,8.4,91.3,87.0,JESSIES ENCORE,IMO0000000,WDK4811,37,,19,6,,,B
368058870,2022-01-02T17:49:30,30.39720,-86.78131,8.8,86.7,84.0,JESSIES ENCORE,IMO0000000,WDK4811,37,,19,6,,,B
368058870,2022-01-02T18:42:30,30.40111,-86.64660,8.2,83.0,79.0,JESSIES ENCORE,IMO0000000,WDK4811,37,,19,6,,,B
368058870,2022-01-02T17:54:29,30.39775,-86.76741,8.8,85.7,83.0,JESSIES ENCORE,IMO0000000,WDK4811,37,,19,6,,,B
368058870,2022-01-02T18:10:28,30.40810,-86.72728,8.2,67.4,67.0,JESSIES ENCORE,IMO0000000,WDK4811,37,,19,6,,,B
368058870,2022-01-02T18:33:00,30.40721,-86.66901,8.2,95.1,91.0,JESSIES ENCORE,IMO0000000,WDK4811,37,,19,6,,,B
368058870,2022-01-02T18:52:29,30.40055,-86.62274,6.6,100.6,96.0,JESSIES ENCORE,IMO0000000,WDK4811,37,,19,6,,,B
368058870,2022-01-02T18:15:28,30.40725,-86.71382,8.3,101.9,98.0,JESSIES ENCORE,IMO0000000,WDK4811,37,,19,6,,,B
368058870,2022-01-02T18:41:03,30.40123,-86.65036,8.1,109.0,105.0,JESSIES ENCORE,IMO0000000,WDK4811,37,,19,6,,,B
368058870,2022-01-02T18:08:59,30.40622,-86.73065,8.3,58.4,55.0,JESSIES ENCORE,IMO0000000,WDK4811,37,,19,6,,,B
368058870,2022-01-02T18:43:59,30.40151,-86.64256,8.5,84.7,80.0,JESSIES ENCORE,IMO0000000,WDK4811,37,,19,6,,,B
368058870,2022-01-02T19:04:58,30.40178,-86.59531,8.1,84.2,81.0,JESSIES ENCORE,IMO0000000,WDK4811,37,,19,6,,,B
368058870,2022-01-02T18:28:58,30.40718,-86.67892,5.7,83.2,78.0,JESSIES ENCORE,IMO0000000,WDK4811,37,,19,6,,,B
368058870,2022-01-02T18:45:28,30.40187,-86.63859,8.3,83.4,80.0,JESSIES ENCORE,IMO0000000,WDK4811,37,,19,6,,,B
368058870,2022-01-02T18:11:29,30.40828,-86.72458,8.5,90.6,88.0,JESSIES ENCORE,IMO0000000,WDK4811,37,,19,6,,,B
368058870,2022-01-02T18:49:28,30.40164,-86.62886,5.5,93.0,90.0,JESSIES ENCORE,IMO0000000,WDK4811,37,,19,6,,,B
368058870,2022-01-02T18:46:58,30.40205,-86.63460,8.5,96.0,92.0,JESSIES ENCORE,IMO0000000,WDK4811,37,,19,6,,,B
368058870,2022-01-02T18:12:59,30.40808,-86.72038,8.6,95.0,91.0,JESSIES ENCORE,IMO0000000,WDK4811,37,,19,6,,,B
368058870,2022-01-02T18:16:30,30.40686,-86.71109,8.2,96.5,92.0,JESSIES ENCORE,IMO0000000,WDK4811,37,,19,6,,,B
368058870,2022-01-02T18:30:00,30.40748,-86.67685,8.1,79.4,75.0,JESSIES ENCORE,IMO0000000,WDK4811,37,,19,6,,,B
368058870,2022-01-02T19:14:29,30.40167,-86.56863,8.9,84.9,82.0,JESSIES ENCORE,IMO0000000,WDK4811,37,,19,6,,,B
368058870,2022-01-02T18:21:00,30.40568,-86.69917,8.1,95.4,90.0,JESSIES ENCORE,IMO0000000,WDK4811,37,,19,6,,,B
368058870,2022-01-02T18:37:30,30.40605,-86.65757,8.3,138.4,135.0,JESSIES ENCORE,IMO0000000,WDK4811,37,,19,6,,,B
368058870,2022-01-02T19:25:58,30.41155,-86.53649,9.7,62.8,60.0,JESSIES ENCORE,IMO0000000,WDK4811,37,,19,6,,,B
368058870,2022-01-02T18:59:00,30.40022,-86.60744,6.0,83.0,80.0,JESSIES ENCORE,IMO0000000,WDK4811,37,,19,6,,,B
368058870,2022-01-02T18:53:59,30.40036,-86.61957,7.7,94.4,91.0,JESSIES ENCORE,IMO0000000,WDK4811,37,,19,6,,,B
368058870,2022-01-02T19:41:59,30.42843,-86.48999,9.9,68.8,66.0,JESSIES ENCORE,IMO0000000,WDK4811,37,,19,6,,,B
368058870,2022-01-02T19:24:28,30.40977,-86.54063,9.7,66.7,62.0,JESSIES ENCORE,IMO0000000,WDK4811,37,,19,6,,,B
368058870,2022-01-02T19:03:29,30.40118,-86.59879,6.0,74.1,68.0,JESSIES ENCORE,IMO0000000,WDK4811,37,,19,6,,,B
368058870,2022-01-02T18:55:28,30.40014,-86.61621,7.2,96.2,91.0,JESSIES ENCORE,IMO0000000,WDK4811,37,,19,6,,,B
368058870,2022-01-02T19:46:28,30.43051,-86.47580,10.0,83.8,80.0,JESSIES ENCORE,IMO0000000,WDK4811,37,,19,6,,,B
368058870,2022-01-02T19:26:59,30.41269,-86.53363,9.6,66.1,61.0,JESSIES ENCORE,IMO0000000,WDK4811,37,,19,6,,,B
368058870,2022-01-02T19:06:30,30.40168,-86.59115,8.7,94.6,92.0,JESSIES ENCORE,IMO0000000,WDK4811,37,,19,6,,,B
368058870,2022-01-02T19:10:01,30.40129,-86.58115,8.4,84.8,81.0,JESSIES ENCORE,IMO0000000,WDK4811,37,,19,6,,,B
368058870,2022-01-02T19:12:59,30.40160,-86.57292,8.7,89.8,86.0,JESSIES ENCORE,IMO0000000,WDK4811,37,,19,6,,,B
368058870,2022-01-02T19:34:59,30.42180,-86.51100,9.7,73.1,69.0,JESSIES ENCORE,IMO0000000,WDK4811,37,,19,6,,,B
368058870,2022-01-02T19:18:59,30.40377,-86.55575,9.3,64.1,60.0,JESSIES ENCORE,IMO0000000,WDK4811,37,,19,6,,,B
368058870,2022-01-02T19:02:01,30.40079,-86.60166,6.1,82.5,79.0,JESSIES ENCORE,IMO0000000,WDK4811,37,,19,6,,,B
368058870,2022-01-02T19:38:30,30.42509,-86.50054,9.7,74.4,71.0,JESSIES ENCORE,IMO0000000,WDK4811,37,,19,6,,,B
368058870,2022-01-02T19:08:59,30.40121,-86.58407,8.9,90.5,86.0,JESSIES ENCORE,IMO0000000,WDK4811,37,,19,6,,,B
368058870,2022-01-02T19:23:00,30.40811,-86.54474,9.6,62.7,59.0,JESSIES ENCORE,IMO0000000,WDK4811,37,,19,6,,,B
368058870,2022-01-02T19:47:59,30.43087,-86.47103,9.7,86.4,83.0,JESSIES ENCORE,IMO0000000,WDK4811,37,,19,6,,,B
368058870,2022-01-02T19:49:29,30.43111,-86.46634,9.3,88.0,87.0,JESSIES ENCORE,IMO0000000,WDK4811,37,,19,6,,,B
368058870,2022-01-02T19:29:58,30.41615,-86.52523,9.7,65.4,60.0,JESSIES ENCORE,IMO0000000,WDK4811,37,,19,6,,,B
368058870,2022-01-02T19:11:30,30.40145,-86.57708,8.5,89.4,85.0,JESSIES ENCORE,IMO0000000,WDK4811,37,,19,6,,,B
368058870,2022-01-02T19:31:30,30.41802,-86.52097,9.6,63.9,60.0,JESSIES ENCORE,IMO0000000,WDK4811,37,,19,6,,,B
368058870,2022-01-02T20:14:29,30.42358,-86.39325,9.6,121.5,120.0,JESSIES ENCORE,IMO0000000,WDK4811,37,,19,6,,,B
368058870,2022-01-02T19:15:59,30.40189,-86.56424,9.0,88.4,86.0,JESSIES ENCORE,IMO0000000,WDK4811,37,,19,6,,,B
368058870,2022-01-02T19:20:28,30.40527,-86.55165,9.3,64.1,60.0,JESSIES ENCORE,IMO0000000,WDK4811,37,,19,6,,,B
368058870,2022-01-02T19:57:58,30.43227,-86.44082,9.6,85.1,81.0,JESSIES ENCORE,IMO0000000,WDK4811,37,,19,6,,,B
368058870,2022-01-02T19:50:59,30.43131,-86.46175,9.2,88.4,85.0,JESSIES ENCORE,IMO0000000,WDK4811,37,,19,6,,,B
368058870,2022-01-02T19:52:29,30.43147,-86.45726,9.2,89.9,86.0,JESSIES ENCORE,IMO0000000,WDK4811,37,,19,6,,,B
368058870,2022-01-02T20:01:58,30.43344,-86.42887,9.4,83.1,79.0,JESSIES ENCORE,IMO0000000,WDK4811,37,,19,6,,,B
368058870,2022-01-02T19:39:59,30.42652,-86.49605,10.1,70.1,67.0,JESSIES ENCORE,IMO0000000,WDK4811,37,,19,6,,,B
368058870,2022-01-02T19:59:58,30.43283,-86.43485,9.0,85.0,81.0,JESSIES ENCORE,IMO0000000,WDK4811,37,,19,6,,,B
368058870,2022-01-02T20:28:28,30.40518,-86.35599,9.7,116.3,115.0,JESSIES ENCORE,IMO0000000,WDK4811,37,,19,6,,,B
368058870,2022-01-02T19:28:29,30.41439,-86.52938,9.7,70.1,66.0,JESSIES ENCORE,IMO0000000,WDK4811,37,,19,6,,,B
368058870,2022-01-02T19:54:59,30.43166,-86.44977,9.4,87.3,84.0,JESSIES ENCORE,IMO0000000,WDK4811,37,,19,6,,,B
368058870,2022-01-02T19:36:58,30.42361,-86.50508,9.8,71.7,70.0,JESSIES ENCORE,IMO0000000,WDK4811,37,,19,6,,,B
368058870,2022-01-02T20:38:29,30.39333,-86.33294,6.8,131.9,131.0,JESSIES ENCORE,IMO0000000,WDK4811,37,,19,6,,,B
368058870,2022-01-02T20:22:01,30.41346,-86.37324,9.5,120.7,118.0,JESSIES ENCORE,IMO0000000,WDK4811,37,,19,6,,,B
368058870,2022-01-02T20:39:59,30.39141,-86.33052,6.7,134.0,134.0,JESSIES ENCORE,IMO0000000,WDK4811,37,,19,6,,,B
368058870,2022-01-02T19:43:28,30.42963,-86.48543,10.0,83.5,83.0,JESSIES ENCORE,IMO0000000,WDK4811,37,,19,6,,,B
368058870,2022-01-02T19:44:59,30.43007,-86.48060,10.1,81.8,80.0,JESSIES ENCORE,IMO0000000,WDK4811,37,,19,6,,,B
368058870,2022-01-02T20:03:28,30.43381,-86.42437,9.4,80.7,77.0,JESSIES ENCORE,IMO0000000,WDK4811,37,,19,6,,,B
368058870,2022-01-02T20:17:29,30.41966,-86.38515,9.5,124.0,119.0,JESSIES ENCORE,IMO0000000,WDK4811,37,,19,6,,,B
368058870,2022-01-02T20:18:58,30.41761,-86.38127,9.5,120.5,120.0,JESSIES ENCORE,IMO0000000,WDK4811,37,,19,6,,,B
368058870,2022-01-02T08:45:28,30.29535,-87.62975,0.0,224.4,511.0,JESSIES ENCORE,IMO0000000,WDK4811,37,,19,6,,,B
368058870,2022-01-02T20:29:58,30.40343,-86.35185,9.4,115.2,115.0,JESSIES ENCORE,IMO0000000,WDK4811,37,,19,6,,,B
368058870,2022-01-02T20:06:31,30.43247,-86.41527,9.4,102.5,97.0,JESSIES ENCORE,IMO0000000,WDK4811,37,,19,6,,,B
368058870,2022-01-02T19:56:30,30.43195,-86.44523,9.2,83.7,80.0,JESSIES ENCORE,IMO0000000,WDK4811,37,,19,6,,,B
368058870,2022-01-02T20:31:30,30.40164,-86.34767,9.5,115.1,114.0,JESSIES ENCORE,IMO0000000,WDK4811,37,,19,6,,,B
368058870,2022-01-02T20:23:28,30.41148,-86.36943,9.5,122.1,123.0,JESSIES ENCORE,IMO0000000,WDK4811,37,,19,6,,,B
368058870,2022-01-02T20:04:59,30.43335,-86.41983,9.3,100.7,99.0,JESSIES ENCORE,IMO0000000,WDK4811,37,,19,6,,,B
368058870,2022-01-02T20:11:58,30.42688,-86.40003,9.6,123.2,122.0,JESSIES ENCORE,IMO0000000,WDK4811,37,,19,6,,,B
368058870,2022-01-02T20:12:59,30.42553,-86.39738,9.7,119.0,117.0,JESSIES ENCORE,IMO0000000,WDK4811,37,,19,6,,,B
368058870,2022-01-02T21:03:58,30.38910,-86.32835,0.0,240.9,91.0,JESSIES ENCORE,IMO0000000,WDK4811,37,,19,6,,,B
368058870,2022-01-02T20:15:58,30.42166,-86.38924,9.6,120.5,119.0,JESSIES ENCORE,IMO0000000,WDK4811,37,,19,6,,,B
368058870,2022-01-02T20:44:29,30.38904,-86.32814,0.4,10.0,89.0,JESSIES ENCORE,IMO0000000,WDK4811,37,,19,6,,,B
368058870,2022-01-02T08:57:29,30.29537,-87.62972,0.0,224.4,511.0,JESSIES ENCORE,IMO0000000,WDK4811,37,,19,6,,,B
368058870,2022-01-02T20:33:28,30.39918,-86.34245,9.2,121.7,120.0,JESSIES ENCORE,IMO0000000,WDK4811,37,,19,6,,,B
368058870,2022-01-02T20:25:28,30.40880,-86.36417,9.5,117.0,118.0,JESSIES ENCORE,IMO0000000,WDK4811,37,,19,6,,,B
368058870,2022-01-02T20:41:28,30.39003,-86.32879,4.6,120.6,117.0,JESSIES ENCORE,IMO0000000,WDK4811,37,,19,6,,,B
368058870,2022-01-02T20:26:59,30.40690,-86.36006,9.4,117.8,117.0,JESSIES ENCORE,IMO0000000,WDK4811,37,,19,6,,,B
368058870,2022-01-02T21:21:58,30.38911,-86.32833,0.0,240.9,91.0,JESSIES ENCORE,IMO0000000,WDK4811,37,,19,6,,,B
368058870,2022-01-02T20:42:59,30.38905,-86.32811,1.0,195.5,164.0,JESSIES ENCORE,IMO0000000,WDK4811,37,,19,6,,,B
368058870,2022-01-02T20:35:29,30.39733,-86.33771,6.7,113.9,123.0,JESSIES ENCORE,IMO0000000,WDK4811,37,,19,6,,,B
368058870,2022-01-02T20:45:30,30.38909,-86.32827,0.4,272.3,87.0,JESSIES ENCORE,IMO0000000,WDK4811,37,,19,6,,,B
368058870,2022-01-02T21:19:00,30.38910,-86.32833,0.0,240.9,91.0,JESSIES ENCORE,IMO0000000,WDK4811,37,,19,6,,,B
368058870,2022-01-02T21:00:59,30.38911,-86.32835,0.0,240.9,92.0,JESSIES ENCORE,IMO0000000,WDK4811,37,,19,6,,,B
368058870,2022-01-02T21:39:59,30.38912,-86.32833,0.0,240.9,511.0,JESSIES ENCORE,IMO0000000,WDK4811,37,,19,6,,,B
368058870,2022-01-02T21:07:01,30.38911,-86.32835,0.0,240.9,90.0,JESSIES ENCORE,IMO0000000,WDK4811,37,,19,6,,,B
368058870,2022-01-02T21:36:58,30.38911,-86.32833,0.0,240.9,511.0,JESSIES ENCORE,IMO0000000,WDK4811,37,,19,6,,,B
368058870,2022-01-02T21:09:58,30.38911,-86.32835,0.0,240.9,91.0,JESSIES ENCORE,IMO0000000,WDK4811,37,,19,6,,,B
368058870,2022-01-02T22:09:59,30.38912,-86.32833,0.0,240.9,511.0,JESSIES ENCORE,IMO0000000,WDK4811,37,,19,6,,,B
368058870,2022-01-02T21:27:59,30.38912,-86.32833,0.0,240.9,511.0,JESSIES ENCORE,IMO0000000,WDK4811,37,,19,6,,,B
368058870,2022-01-02T21:48:58,30.38912,-86.32833,0.0,240.9,511.0,JESSIES ENCORE,IMO0000000,WDK4811,37,,19,6,,,B
368058870,2022-01-02T21:43:00,30.38912,-86.32833,0.0,240.9,511.0,JESSIES ENCORE,IMO0000000,WDK4811,37,,19,6,,,B
368058870,2022-01-02T21:51:58,30.38912,-86.32833,0.0,240.9,511.0,JESSIES ENCORE,IMO0000000,WDK4811,37,,19,6,,,B
368058870,2022-01-02T22:04:00,30.38911,-86.32833,0.0,240.9,511.0,JESSIES ENCORE,IMO0000000,WDK4811,37,,19,6,,,B
368058870,2022-01-02T22:07:00,30.38911,-86.32833,0.0,240.9,511.0,JESSIES ENCORE,IMO0000000,WDK4811,37,,19,6,,,B
368058870,2022-01-02T21:45:58,30.38911,-86.32833,0.0,240.9,511.0,JESSIES ENCORE,IMO0000000,WDK4811,37,,19,6,,,B
368058870,2022-01-02T22:15:59,30.38911,-86.32833,0.0,240.9,511.0,JESSIES ENCORE,IMO0000000,WDK4811,37,,19,6,,,B
368058870,2022-01-02T22:57:58,30.38911,-86.32833,0.0,240.9,511.0,JESSIES ENCORE,IMO0000000,WDK4811,37,,19,6,,,B
368058870,2022-01-02T22:30:59,30.38911,-86.32833,0.0,240.9,511.0,JESSIES ENCORE,IMO0000000,WDK4811,37,,19,6,,,B
368058870,2022-01-02T22:51:58,30.38911,-86.32833,0.0,240.9,511.0,JESSIES ENCORE,IMO0000000,WDK4811,37,,19,6,,,B
368058870,2022-01-02T22:39:59,30.38912,-86.32833,0.0,240.9,511.0,JESSIES ENCORE,IMO0000000,WDK4811,37,,19,6,,,B
368058870,2022-01-02T09:45:28,30.29534,-87.62973,0.0,140.6,511.0,JESSIES ENCORE,IMO0000000,WDK4811,37,,19,6,,,B
368058870,2022-01-02T22:36:59,30.38911,-86.32833,0.0,240.9,511.0,JESSIES ENCORE,IMO0000000,WDK4811,37,,19,6,,,B
368058870,2022-01-02T22:21:59,30.38912,-86.32833,0.0,240.9,511.0,JESSIES ENCORE,IMO0000000,WDK4811,37,,19,6,,,B
368058870,2022-01-02T22:24:58,30.38912,-86.32833,0.0,240.9,511.0,JESSIES ENCORE,IMO0000000,WDK4811,37,,19,6,,,B
368058870,2022-01-02T22:28:01,30.38911,-86.32833,0.0,240.9,511.0,JESSIES ENCORE,IMO0000000,WDK4811,37,,19,6,,,B
368058870,2022-01-02T22:48:58,30.38911,-86.32833,0.0,240.9,511.0,JESSIES ENCORE,IMO0000000,WDK4811,37,,19,6,,,B
368058870,2022-01-02T23:18:58,30.38912,-86.32835,0.0,240.9,511.0,JESSIES ENCORE,IMO0000000,WDK4811,37,,19,6,,,B
368058870,2022-01-02T23:06:58,30.38911,-86.32835,0.1,240.9,511.0,JESSIES ENCORE,IMO0000000,WDK4811,37,,19,6,,,B
368058870,2022-01-02T23:39:29,30.38911,-86.32835,0.0,240.9,511.0,JESSIES ENCORE,IMO0000000,WDK4811,37,,19,6,,,B
368058870,2022-01-02T22:54:58,30.38911,-86.32835,0.0,240.9,511.0,JESSIES ENCORE,IMO0000000,WDK4811,37,,19,6,,,B
368058870,2022-01-02T23:21:59,30.38911,-86.32835,0.0,240.9,511.0,JESSIES ENCORE,IMO0000000,WDK4811,37,,19,6,,,B
368058870,2022-01-02T23:48:28,30.38911,-86.32835,0.0,240.9,511.0,JESSIES ENCORE,IMO0000000,WDK4811,37,,19,6,,,B
368058870,2022-01-02T23:51:30,30.38911,-86.32835,0.0,240.9,511.0,JESSIES ENCORE,IMO0000000,WDK4811,37,,19,6,,,B
368058870,2022-01-02T23:10:00,30.38909,-86.32832,0.0,240.9,511.0,JESSIES ENCORE,IMO0000000,WDK4811,37,,19,6,,,B
368058870,2022-01-02T23:27:28,30.38912,-86.32835,0.0,240.9,511.0,JESSIES ENCORE,IMO0000000,WDK4811,37,,19,6,,,B
368058870,2022-01-02T23:57:30,30.38911,-86.32835,0.0,240.9,511.0,JESSIES ENCORE,IMO0000000,WDK4811,37,,19,6,,,B
368058870,2022-01-02T11:28:59,30.29537,-87.62977,0.2,334.2,511.0,JESSIES ENCORE,IMO0000000,WDK4811,37,,19,6,,,B
368058870,2022-01-02T12:40:29,30.30139,-87.60972,8.0,88.6,85.0,JESSIES ENCORE,IMO0000000,WDK4811,37,,19,6,,,B
368058870,2022-01-02T12:48:58,30.30101,-87.58629,8.8,91.6,88.0,JESSIES ENCORE,IMO0000000,WDK4811,37,,19,6,,,B
368058870,2022-01-02T13:04:30,30.30444,-87.54264,9.2,88.5,85.0,JESSIES ENCORE,IMO0000000,WDK4811,37,,19,6,,,B
368058870,2022-01-02T13:30:02,30.30608,-87.47860,9.3,83.1,79.0,JESSIES ENCORE,IMO0000000,WDK4811,37,,19,6,,,B
368058870,2022-01-02T13:33:28,30.30723,-87.46810,9.5,81.9,78.0,JESSIES ENCORE,IMO0000000,WDK4811,37,,19,6,,,B
368058870,2022-01-02T13:47:59,30.31383,-87.42990,6.7,102.3,103.0,JESSIES ENCORE,IMO0000000,WDK4811,37,,19,6,,,B
368058870,2022-01-02T14:01:29,30.30695,-87.39661,9.5,62.1,55.0,JESSIES ENCORE,IMO0000000,WDK4811,37,,19,6,,,B
368058870,2022-01-02T14:17:58,30.32154,-87.35578,9.2,81.7,78.0,JESSIES ENCORE,IMO0000000,WDK4811,37,,19,6,,,B
368058870,2022-01-02T14:28:28,30.33023,-87.32787,9.5,66.8,64.0,JESSIES ENCORE,IMO0000000,WDK4811,37,,19,6,,,B
368058870,2022-01-02T14:35:00,30.33471,-87.30863,8.4,90.2,83.0,JESSIES ENCORE,IMO0000000,WDK4811,37,,19,6,,,B
368058870,2022-01-02T14:47:28,30.33530,-87.27635,8.3,92.3,90.0,JESSIES ENCORE,IMO0000000,WDK4811,37,,19,6,,,B
368058870,2022-01-02T15:19:58,30.33788,-87.18532,8.5,79.0,76.0,JESSIES ENCORE,IMO0000000,WDK4811,37,,19,6,,,B
368058870,2022-01-02T15:23:00,30.33937,-87.17725,8.4,81.5,78.0,JESSIES ENCORE,IMO0000000,WDK4811,37,,19,6,,,B
368058870,2022-01-02T15:50:58,30.35932,-87.10436,8.6,80.8,76.0,JESSIES ENCORE,IMO0000000,WDK4811,37,,19,6,,,B
368058870,2022-01-02T16:01:59,30.36440,-87.07438,8.8,77.3,75.0,JESSIES ENCORE,IMO0000000,WDK4811,37,,19,6,,,B
368058870,2022-01-02T16:06:28,30.36716,-87.06216,8.7,74.8,71.0,JESSIES ENCORE,IMO0000000,WDK4811,37,,19,6,,,B
368058870,2022-01-02T16:16:00,30.37223,-87.03620,8.4,77.9,74.0,JESSIES ENCORE,IMO0000000,WDK4811,37,,19,6,,,B
368058870,2022-01-02T16:22:28,30.37580,-87.01869,8.7,76.7,73.0,JESSIES ENCORE,IMO0000000,WDK4811,37,,19,6,,,B
368058870,2022-01-02T16:44:29,30.38571,-86.95864,8.5,83.1,79.0,JESSIES ENCORE,IMO0000000,WDK4811,37,,19,6,,,B
368058870,2022-01-02T16:46:28,30.38628,-86.95314,8.6,84.1,80.0,JESSIES ENCORE,IMO0000000,WDK4811,37,,19,6,,,B
368058870,2022-01-02T16:48:58,30.38708,-86.94629,8.3,80.2,76.0,JESSIES ENCORE,IMO0000000,WDK4811,37,,19,6,,,B
368058870,2022-01-02T18:04:58,30.40220,-86.74037,8.3,71.4,68.0,JESSIES ENCORE,IMO0000000,WDK4811,37,,19,6,,,B
368058870,2022-01-02T18:06:00,30.40306,-86.73778,8.4,67.6,64.0,JESSIES ENCORE,IMO0000000,WDK4811,37,,19,6,,,B
368058870,2022-01-02T18:24:59,30.40535,-86.68875,8.2,82.6,77.0,JESSIES ENCORE,IMO0000000,WDK4811,37,,19,6,,,B
368058870,2022-01-02T18:31:58,30.40744,-86.67173,8.0,95.7,92.0,JESSIES ENCORE,IMO0000000,WDK4811,37,,19,6,,,B
368058870,2022-01-02T18:36:29,30.40668,-86.65995,8.0,89.3,86.0,JESSIES ENCORE,IMO0000000,WDK4811,37,,19,6,,,B
368058870,2022-01-02T18:48:00,30.40186,-86.63172,8.5,96.2,90.0,JESSIES ENCORE,IMO0000000,WDK4811,37,,19,6,,,B
368058870,2022-01-02T18:50:58,30.40112,-86.62591,6.7,102.0,99.0,JESSIES ENCORE,IMO0000000,WDK4811,37,,19,6,,,B
368058870,2022-01-02T18:57:31,30.40003,-86.61084,8.1,89.4,85.0,JESSIES ENCORE,IMO0000000,WDK4811,37,,19,6,,,B
368058870,2022-01-02T19:17:32,30.40226,-86.55978,9.1,71.2,66.0,JESSIES ENCORE,IMO0000000,WDK4811,37,,19,6,,,B
368058870,2022-01-02T19:32:58,30.41986,-86.51689,9.5,60.4,58.0,JESSIES ENCORE,IMO0000000,WDK4811,37,,19,6,,,B
368058870,2022-01-02T20:08:30,30.43124,-86.40943,9.2,109.2,106.0,JESSIES ENCORE,IMO0000000,WDK4811,37,,19,6,,,B
368058870,2022-01-02T20:20:30,30.41549,-86.37725,9.6,121.8,123.0,JESSIES ENCORE,IMO0000000,WDK4811,37,,19,6,,,B
368058870,2022-01-02T20:36:58,30.39528,-86.33537,7.0,133.3,131.0,JESSIES ENCORE,IMO0000000,WDK4811,37,,19,6,,,B
368058870,2022-01-02T20:48:58,30.38909,-86.32833,0.0,256.9,94.0,JESSIES ENCORE,IMO0000000,WDK4811,37,,19,6,,,B
368058870,2022-01-02T21:12:58,30.38910,-86.32833,0.0,240.9,90.0,JESSIES ENCORE,IMO0000000,WDK4811,37,,19,6,,,B
368058870,2022-01-02T21:15:59,30.38909,-86.32833,0.0,240.9,92.0,JESSIES ENCORE,IMO0000000,WDK4811,37,,19,6,,,B
368058870,2022-01-02T22:42:59,30.38912,-86.32833,0.0,240.9,511.0,JESSIES ENCORE,IMO0000000,WDK4811,37,,19,6,,,B
368058870,2022-01-02T23:03:58,30.38911,-86.32835,0.0,240.9,511.0,JESSIES ENCORE,IMO0000000,WDK4811,37,,19,6,,,B
368058870,2022-01-02T23:25:28,30.38913,-86.32833,0.4,240.9,511.0,JESSIES ENCORE,IMO0000000,WDK4811,37,,19,6,,,B
368058870,2022-01-02T23:45:29,30.38912,-86.32837,0.0,240.9,511.0,JESSIES ENCORE,IMO0000000,WDK4811,37,,19,6,,,B
368058870,2022-01-03T00:00:29,30.38911,-86.32835,0.0,240.9,511.0,JESSIES ENCORE,IMO0000000,WDK4811,37,,19,6,,,B
368058870,2022-01-03T00:15:28,30.38911,-86.32835,0.0,240.9,511.0,JESSIES ENCORE,IMO0000000,WDK4811,37,,19,6,,,B
368058870,2022-01-03T00:21:29,30.38911,-86.32835,0.0,240.9,511.0,JESSIES ENCORE,IMO0000000,WDK4811,37,,19,6,,,B
368058870,2022-01-03T00:27:29,30.38911,-86.32835,0.0,240.9,511.0,JESSIES ENCORE,IMO0000000,WDK4811,37,,19,6,,,B
368058870,2022-01-03T00:39:28,30.38912,-86.32835,0.0,240.9,511.0,JESSIES ENCORE,IMO0000000,WDK4811,37,,19,6,,,B
368058870,2022-01-03T00:42:28,30.38912,-86.32835,0.0,240.9,511.0,JESSIES ENCORE,IMO0000000,WDK4811,37,,19,6,,,B
368058870,2022-01-03T00:51:31,30.38912,-86.32835,0.0,240.9,511.0,JESSIES ENCORE,IMO0000000,WDK4811,37,,19,6,,,B
368058870,2022-01-03T00:57:30,30.38911,-86.32833,0.0,240.9,511.0,JESSIES ENCORE,IMO0000000,WDK4811,37,,19,6,,,B
368058870,2022-01-03T00:54:28,30.38911,-86.32833,0.0,240.9,511.0,JESSIES ENCORE,IMO0000000,WDK4811,37,,19,6,,,B
368058870,2022-01-03T01:00:28,30.38912,-86.32835,0.0,240.9,511.0,JESSIES ENCORE,IMO0000000,WDK4811,37,,19,6,,,B
368058870,2022-01-03T01:03:28,30.38912,-86.32833,0.0,240.9,511.0,JESSIES ENCORE,IMO0000000,WDK4811,37,,19,6,,,B
368058870,2022-01-03T01:09:30,30.38912,-86.32835,0.0,240.9,511.0,JESSIES ENCORE,IMO0000000,WDK4811,37,,19,6,,,B
368058870,2022-01-03T01:21:28,30.38908,-86.32833,0.1,232.6,511.0,JESSIES ENCORE,IMO0000000,WDK4811,37,,19,6,,,B
368058870,2022-01-03T01:12:28,30.38910,-86.32835,0.0,240.9,511.0,JESSIES ENCORE,IMO0000000,WDK4811,37,,19,6,,,B
368058870,2022-01-03T00:33:28,30.38911,-86.32835,0.0,240.9,511.0,JESSIES ENCORE,IMO0000000,WDK4811,37,,19,6,,,B
368058870,2022-01-03T01:24:30,30.38911,-86.32833,0.0,232.6,511.0,JESSIES ENCORE,IMO0000000,WDK4811,37,,19,6,,,B
368058870,2022-01-03T01:33:29,30.38910,-86.32832,0.1,232.6,511.0,JESSIES ENCORE,IMO0000000,WDK4811,37,,19,6,,,B
368058870,2022-01-03T01:27:29,30.38911,-86.32833,0.0,232.6,511.0,JESSIES ENCORE,IMO0000000,WDK4811,37,,19,6,,,B
368058870,2022-01-03T01:39:28,30.38911,-86.32832,0.2,350.4,511.0,JESSIES ENCORE,IMO0000000,WDK4811,37,,19,6,,,B
368058870,2022-01-03T01:36:28,30.38910,-86.32832,0.1,232.6,511.0,JESSIES ENCORE,IMO0000000,WDK4811,37,,19,6,,,B
368058870,2022-01-03T01:42:29,30.38912,-86.32833,0.1,350.4,511.0,JESSIES ENCORE,IMO0000000,WDK4811,37,,19,6,,,B
368058870,2022-01-03T01:45:29,30.38912,-86.32832,0.3,350.4,511.0,JESSIES ENCORE,IMO0000000,WDK4811,37,,19,6,,,B
368058870,2022-01-03T01:51:28,30.38912,-86.32827,0.0,350.4,511.0,JESSIES ENCORE,IMO0000000,WDK4811,37,,19,6,,,B
368058870,2022-01-03T01:48:30,30.38912,-86.32831,0.0,350.4,511.0,JESSIES ENCORE,IMO0000000,WDK4811,37,,19,6,,,B
368058870,2022-01-03T02:12:58,30.38910,-86.32831,0.1,295.5,511.0,JESSIES ENCORE,IMO0000000,WDK4811,37,,19,6,,,B
368058870,2022-01-03T02:24:00,30.38910,-86.32831,0.1,77.6,511.0,JESSIES ENCORE,IMO0000000,WDK4811,37,,19,6,,,B
368058870,2022-01-03T02:18:28,30.38910,-86.32829,0.2,77.6,511.0,JESSIES ENCORE,IMO0000000,WDK4811,37,,19,6,,,B
368058870,2022-01-03T02:16:00,30.38911,-86.32829,0.2,319.6,511.0,JESSIES ENCORE,IMO0000000,WDK4811,37,,19,6,,,B
368058870,2022-01-03T02:20:58,30.38910,-86.32831,0.2,77.6,511.0,JESSIES ENCORE,IMO0000000,WDK4811,37,,19,6,,,B
368058870,2022-01-03T02:29:59,30.38910,-86.32829,0.2,306.4,511.0,JESSIES ENCORE,IMO0000000,WDK4811,37,,19,6,,,B
368058870,2022-01-03T02:34:01,30.38909,-86.32829,0.1,278.7,511.0,JESSIES ENCORE,IMO0000000,WDK4811,37,,19,6,,,B
368058870,2022-01-03T02:36:01,30.38911,-86.32827,0.1,278.7,511.0,JESSIES ENCORE,IMO0000000,WDK4811,37,,19,6,,,B
368058870,2022-01-03T02:32:01,30.38909,-86.32829,0.2,275.8,511.0,JESSIES ENCORE,IMO0000000,WDK4811,37,,19,6,,,B
368058870,2022-01-03T02:45:29,30.38909,-86.32831,0.2,273.9,511.0,JESSIES ENCORE,IMO0000000,WDK4811,37,,19,6,,,B
368058870,2022-01-03T03:03:30,30.38908,-86.32831,0.0,257.1,511.0,JESSIES ENCORE,IMO0000000,WDK4811,37,,19,6,,,B
368058870,2022-01-03T02:51:29,30.38909,-86.32829,0.1,273.9,511.0,JESSIES ENCORE,IMO0000000,WDK4811,37,,19,6,,,B
368058870,2022-01-03T02:48:30,30.38910,-86.32829,0.1,273.9,511.0,JESSIES ENCORE,IMO0000000,WDK4811,37,,19,6,,,B
368058870,2022-01-03T03:28:59,30.38910,-86.32827,0.1,84.8,511.0,JESSIES ENCORE,IMO0000000,WDK4811,37,,19,6,,,B
368058870,2022-01-03T03:06:59,30.38907,-86.32831,0.3,297.4,511.0,JESSIES ENCORE,IMO0000000,WDK4811,37,,19,6,,,B
368058870,2022-01-03T03:12:29,30.38909,-86.32831,0.2,297.4,511.0,JESSIES ENCORE,IMO0000000,WDK4811,37,,19,6,,,B
368058870,2022-01-03T03:24:31,30.38909,-86.32831,0.2,93.8,511.0,JESSIES ENCORE,IMO0000000,WDK4811,37,,19,6,,,B
368058870,2022-01-03T03:15:28,30.38910,-86.32827,0.6,297.4,511.0,JESSIES ENCORE,IMO0000000,WDK4811,37,,19,6,,,B
368058870,2022-01-03T03:27:58,30.38907,-86.32829,0.3,84.8,511.0,JESSIES ENCORE,IMO0000000,WDK4811,37,,19,6,,,B
368058870,2022-01-03T03:08:58,30.38907,-86.32833,0.1,297.4,511.0,JESSIES ENCORE,IMO0000000,WDK4811,37,,19,6,,,B
368058870,2022-01-03T03:25:58,30.38907,-86.32829,0.0,93.8,511.0,JESSIES ENCORE,IMO0000000,WDK4811,37,,19,6,,,B
368058870,2022-01-03T04:03:58,30.38910,-86.32831,0.0,236.2,511.0,JESSIES ENCORE,IMO0000000,WDK4811,37,,19,6,,,B
368058870,2022-01-03T03:50:58,30.38910,-86.32829,0.1,87.3,511.0,JESSIES ENCORE,IMO0000000,WDK4811,37,,19,6,,,B
368058870,2022-01-03T03:53:59,30.38910,-86.32829,0.5,155.9,511.0,JESSIES ENCORE,IMO0000000,WDK4811,37,,19,6,,,B
368058870,2022-01-03T03:41:29,30.38910,-86.32827,0.1,90.2,511.0,JESSIES ENCORE,IMO0000000,WDK4811,37,,19,6,,,B
368058870,2022-01-03T03:44:59,30.38909,-86.32829,0.2,49.8,511.0,JESSIES ENCORE,IMO0000000,WDK4811,37,,19,6,,,B
368058870,2022-01-03T03:47:59,30.38908,-86.32829,0.0,49.8,511.0,JESSIES ENCORE,IMO0000000,WDK4811,37,,19,6,,,B
368058870,2022-01-03T04:07:01,30.38909,-86.32831,0.2,236.2,511.0,JESSIES ENCORE,IMO0000000,WDK4811,37,,19,6,,,B
368058870,2022-01-03T04:12:59,30.38911,-86.32832,0.1,330.6,511.0,JESSIES ENCORE,IMO0000000,WDK4811,37,,19,6,,,B
368058870,2022-01-03T04:32:29,30.38911,-86.32832,0.3,338.4,511.0,JESSIES ENCORE,IMO0000000,WDK4811,37,,19,6,,,B
368058870,2022-01-03T04:21:58,30.38912,-86.32831,0.1,329.2,511.0,JESSIES ENCORE,IMO0000000,WDK4811,37,,19,6,,,B
368058870,2022-01-03T04:28:00,30.38913,-86.32832,0.3,304.5,511.0,JESSIES ENCORE,IMO0000000,WDK4811,37,,19,6,,,B
368058870,2022-01-03T04:30:59,30.38911,-86.32832,0.0,338.4,511.0,JESSIES ENCORE,IMO0000000,WDK4811,37,,19,6,,,B
368058870,2022-01-03T04:51:28,30.38912,-86.32832,0.1,350.3,511.0,JESSIES ENCORE,IMO0000000,WDK4811,37,,19,6,,,B
368058870,2022-01-03T04:42:29,30.38912,-86.32832,0.2,345.5,511.0,JESSIES ENCORE,IMO0000000,WDK4811,37,,19,6,,,B
368058870,2022-01-03T04:29:31,30.38913,-86.32832,0.2,310.8,511.0,JESSIES ENCORE,IMO0000000,WDK4811,37,,19,6,,,B
368058870,2022-01-03T04:19:00,30.38912,-86.32831,0.0,329.2,511.0,JESSIES ENCORE,IMO0000000,WDK4811,37,,19,6,,,B
368058870,2022-01-03T05:06:30,30.38909,-86.32832,0.7,350.3,511.0,JESSIES ENCORE,IMO0000000,WDK4811,37,,19,6,,,B
368058870,2022-01-03T04:39:30,30.38912,-86.32831,0.1,338.4,511.0,JESSIES ENCORE,IMO0000000,WDK4811,37,,19,6,,,B
368058870,2022-01-03T02:31:00,30.38910,-86.32831,0.3,275.8,511.0,JESSIES ENCORE,IMO0000000,WDK4811,37,,19,6,,,B
368058870,2022-01-03T04:54:29,30.38910,-86.32833,0.3,350.3,511.0,JESSIES ENCORE,IMO0000000,WDK4811,37,,19,6,,,B
368058870,2022-01-03T05:03:29,30.38910,-86.32831,0.2,350.3,511.0,JESSIES ENCORE,IMO0000000,WDK4811,37,,19,6,,,B
368058870,2022-01-03T05:12:28,30.38911,-86.32829,0.0,350.3,511.0,JESSIES ENCORE,IMO0000000,WDK4811,37,,19,6,,,B
368058870,2022-01-03T04:57:28,30.38910,-86.32831,0.0,350.3,511.0,JESSIES ENCORE,IMO0000000,WDK4811,37,,19,6,,,B
368058870,2022-01-03T05:27:29,30.38911,-86.32832,0.2,280.4,511.0,JESSIES ENCORE,IMO0000000,WDK4811,37,,19,6,,,B
368058870,2022-01-03T05:24:29,30.38913,-86.32831,0.0,217.0,511.0,JESSIES ENCORE,IMO0000000,WDK4811,37,,19,6,,,B
368058870,2022-01-03T05:36:00,30.38912,-86.32832,0.8,345.0,511.0,JESSIES ENCORE,IMO0000000,WDK4811,37,,19,6,,,B
368058870,2022-01-03T05:50:59,30.38910,-86.32832,0.0,18.2,511.0,JESSIES ENCORE,IMO0000000,WDK4811,37,,19,6,,,B
368058870,2022-01-03T05:53:59,30.38912,-86.32833,0.1,18.2,511.0,JESSIES ENCORE,IMO0000000,WDK4811,37,,19,6,,,B
368058870,2022-01-03T05:29:59,30.38911,-86.32832,0.0,280.4,511.0,JESSIES ENCORE,IMO0000000,WDK4811,37,,19,6,,,B
368058870,2022-01-03T05:45:00,30.38912,-86.32831,0.0,345.0,511.0,JESSIES ENCORE,IMO0000000,WDK4811,37,,19,6,,,B
368058870,2022-01-03T05:32:58,30.38912,-86.32832,0.0,280.4,511.0,JESSIES ENCORE,IMO0000000,WDK4811,37,,19,6,,,B
368058870,2022-01-03T05:41:59,30.38911,-86.32831,0.0,345.0,511.0,JESSIES ENCORE,IMO0000000,WDK4811,37,,19,6,,,B
368058870,2022-01-03T05:59:58,30.38912,-86.32833,0.1,18.2,511.0,JESSIES ENCORE,IMO0000000,WDK4811,37,,19,6,,,B
368058870,2022-01-03T02:54:29,30.38908,-86.32832,0.1,273.9,511.0,JESSIES ENCORE,IMO0000000,WDK4811,37,,19,6,,,B
368058870,2022-01-03T05:47:59,30.38912,-86.32831,0.4,345.0,511.0,JESSIES ENCORE,IMO0000000,WDK4811,37,,19,6,,,B
368058870,2022-01-03T06:03:30,30.38909,-86.32832,0.1,334.0,511.0,JESSIES ENCORE,IMO0000000,WDK4811,37,,19,6,,,B
368058870,2022-01-03T06:06:58,30.38911,-86.32829,0.1,334.0,511.0,JESSIES ENCORE,IMO0000000,WDK4811,37,,19,6,,,B
368058870,2022-01-03T06:19:00,30.38908,-86.32832,0.1,321.0,511.0,JESSIES ENCORE,IMO0000000,WDK4811,37,,19,6,,,B
368058870,2022-01-03T06:37:28,30.38910,-86.32831,0.3,259.7,511.0,JESSIES ENCORE,IMO0000000,WDK4811,37,,19,6,,,B
368058870,2022-01-03T06:12:58,30.38909,-86.32831,0.4,44.6,511.0,JESSIES ENCORE,IMO0000000,WDK4811,37,,19,6,,,B
368058870,2022-01-03T06:24:58,30.38912,-86.32833,0.2,321.0,511.0,JESSIES ENCORE,IMO0000000,WDK4811,37,,19,6,,,B
368058870,2022-01-03T06:10:00,30.38908,-86.32829,0.0,334.0,511.0,JESSIES ENCORE,IMO0000000,WDK4811,37,,19,6,,,B
368058870,2022-01-03T05:57:00,30.38911,-86.32833,0.0,18.2,511.0,JESSIES ENCORE,IMO0000000,WDK4811,37,,19,6,,,B
368058870,2022-01-03T06:15:58,30.38909,-86.32829,0.0,321.0,511.0,JESSIES ENCORE,IMO0000000,WDK4811,37,,19,6,,,B
368058870,2022-01-03T06:46:29,30.38910,-86.32832,0.0,270.3,511.0,JESSIES ENCORE,IMO0000000,WDK4811,37,,19,6,,,B
368058870,2022-01-03T06:27:59,30.38913,-86.32835,0.4,321.0,511.0,JESSIES ENCORE,IMO0000000,WDK4811,37,,19,6,,,B
368058870,2022-01-03T06:30:58,30.38910,-86.32832,0.0,259.7,511.0,JESSIES ENCORE,IMO0000000,WDK4811,37,,19,6,,,B
368058870,2022-01-03T06:43:29,30.38910,-86.32831,0.8,270.3,511.0,JESSIES ENCORE,IMO0000000,WDK4811,37,,19,6,,,B
368058870,2022-01-03T06:58:28,30.38910,-86.32831,0.1,53.4,511.0,JESSIES ENCORE,IMO0000000,WDK4811,37,,19,6,,,B
368058870,2022-01-03T06:49:29,30.38910,-86.32831,0.0,270.3,511.0,JESSIES ENCORE,IMO0000000,WDK4811,37,,19,6,,,B
368058870,2022-01-03T06:52:28,30.38910,-86.32831,0.1,270.3,511.0,JESSIES ENCORE,IMO0000000,WDK4811,37,,19,6,,,B
368058870,2022-01-03T07:19:28,30.38909,-86.32831,0.1,53.4,511.0,JESSIES ENCORE,IMO0000000,WDK4811,37,,19,6,,,B
368058870,2022-01-03T07:55:28,30.38911,-86.32825,0.0,275.6,511.0,JESSIES ENCORE,IMO0000000,WDK4811,37,,19,6,,,B
368058870,2022-01-03T07:07:31,30.38906,-86.32833,0.0,53.4,511.0,JESSIES ENCORE,IMO0000000,WDK4811,37,,19,6,,,B
368058870,2022-01-03T08:01:29,30.38909,-86.32827,0.0,275.6,511.0,JESSIES ENCORE,IMO0000000,WDK4811,37,,19,6,,,B
368058870,2022-01-03T07:28:29,30.38910,-86.32829,0.1,58.2,511.0,JESSIES ENCORE,IMO0000000,WDK4811,37,,19,6,,,B
368058870,2022-01-03T08:07:29,30.38909,-86.32829,0.0,275.6,511.0,JESSIES ENCORE,IMO0000000,WDK4811,37,,19,6,,,B
368058870,2022-01-03T07:34:29,30.38910,-86.32832,0.2,332.1,511.0,JESSIES ENCORE,IMO0000000,WDK4811,37,,19,6,,,B
368058870,2022-01-03T07:22:28,30.38910,-86.32832,0.0,58.2,511.0,JESSIES ENCORE,IMO0000000,WDK4811,37,,19,6,,,B
368058870,2022-01-03T07:25:28,30.38911,-86.32831,0.0,58.2,511.0,JESSIES ENCORE,IMO0000000,WDK4811,37,,19,6,,,B
368058870,2022-01-03T08:25:28,30.38911,-86.32827,0.1,234.8,511.0,JESSIES ENCORE,IMO0000000,WDK4811,37,,19,6,,,B
368058870,2022-01-03T07:52:28,30.38909,-86.32825,0.0,275.6,511.0,JESSIES ENCORE,IMO0000000,WDK4811,37,,19,6,,,B
368058870,2022-01-03T08:10:30,30.38910,-86.32832,0.1,275.6,511.0,JESSIES ENCORE,IMO0000000,WDK4811,37,,19,6,,,B
368058870,2022-01-03T07:40:29,30.38910,-86.32827,0.9,275.6,511.0,JESSIES ENCORE,IMO0000000,WDK4811,37,,19,6,,,B
368058870,2022-01-03T08:04:28,30.38910,-86.32825,0.0,275.6,511.0,JESSIES ENCORE,IMO0000000,WDK4811,37,,19,6,,,B
368058870,2022-01-03T08:53:30,30.38914,-86.32827,0.2,21.2,511.0,JESSIES ENCORE,IMO0000000,WDK4811,37,,19,6,,,B
368058870,2022-01-03T08:22:28,30.38911,-86.32831,0.0,234.8,511.0,JESSIES ENCORE,IMO0000000,WDK4811,37,,19,6,,,B
368058870,2022-01-03T08:31:28,30.38910,-86.32827,0.2,234.8,511.0,JESSIES ENCORE,IMO0000000,WDK4811,37,,19,6,,,B
368058870,2022-01-03T08:37:28,30.38907,-86.32829,0.3,116.6,511.0,JESSIES ENCORE,IMO0000000,WDK4811,37,,19,6,,,B
368058870,2022-01-03T09:17:59,30.38907,-86.32831,0.5,321.9,511.0,JESSIES ENCORE,IMO0000000,WDK4811,37,,19,6,,,B
368058870,2022-01-03T08:40:28,30.38910,-86.32829,0.1,116.6,511.0,JESSIES ENCORE,IMO0000000,WDK4811,37,,19,6,,,B
368058870,2022-01-03T09:20:00,30.38911,-86.32832,0.1,343.1,511.0,JESSIES ENCORE,IMO0000000,WDK4811,37,,19,6,,,B
368058870,2022-01-03T08:46:58,30.38911,-86.32831,0.0,81.8,511.0,JESSIES ENCORE,IMO0000000,WDK4811,37,,19,6,,,B
368058870,2022-01-03T08:48:58,30.38912,-86.32832,0.0,21.2,511.0,JESSIES ENCORE,IMO0000000,WDK4811,37,,19,6,,,B
368058870,2022-01-03T08:56:28,30.38907,-86.32831,0.2,21.2,511.0,JESSIES ENCORE,IMO0000000,WDK4811,37,,19,6,,,B
368058870,2022-01-03T08:50:01,30.38912,-86.32832,0.3,21.2,511.0,JESSIES ENCORE,IMO0000000,WDK4811,37,,19,6,,,B
368058870,2022-01-03T08:59:28,30.38912,-86.32832,0.3,21.2,511.0,JESSIES ENCORE,IMO0000000,WDK4811,37,,19,6,,,B
368058870,2022-01-03T09:02:29,30.38910,-86.32833,0.0,21.2,511.0,JESSIES ENCORE,IMO0000000,WDK4811,37,,19,6,,,B
368058870,2022-01-03T09:08:30,30.38914,-86.32832,0.1,21.2,511.0,JESSIES ENCORE,IMO0000000,WDK4811,37,,19,6,,,B
368058870,2022-01-03T09:27:59,30.38909,-86.32832,0.0,348.2,511.0,JESSIES ENCORE,IMO0000000,WDK4811,37,,19,6,,,B
368058870,2022-01-03T09:24:59,30.38910,-86.32832,0.1,343.1,511.0,JESSIES ENCORE,IMO0000000,WDK4811,37,,19,6,,,B
368058870,2022-01-03T09:48:58,30.38912,-86.32829,0.3,304.4,511.0,JESSIES ENCORE,IMO0000000,WDK4811,37,,19,6,,,B
368058870,2022-01-03T10:36:58,30.38911,-86.32832,0.0,38.5,511.0,JESSIES ENCORE,IMO0000000,WDK4811,37,,19,6,,,B
368058870,2022-01-03T09:52:00,30.38910,-86.32829,0.2,304.4,511.0,JESSIES ENCORE,IMO0000000,WDK4811,37,,19,6,,,B
368058870,2022-01-03T09:50:28,30.38910,-86.32829,0.1,304.4,511.0,JESSIES ENCORE,IMO0000000,WDK4811,37,,19,6,,,B
368058870,2022-01-03T09:54:59,30.38911,-86.32829,0.0,304.4,511.0,JESSIES ENCORE,IMO0000000,WDK4811,37,,19,6,,,B
368058870,2022-01-03T09:39:59,30.38910,-86.32831,0.0,218.2,511.0,JESSIES ENCORE,IMO0000000,WDK4811,37,,19,6,,,B
368058870,2022-01-03T10:10:00,30.38910,-86.32829,0.0,262.9,511.0,JESSIES ENCORE,IMO0000000,WDK4811,37,,19,6,,,B
368058870,2022-01-03T10:19:00,30.38910,-86.32831,0.1,270.6,511.0,JESSIES ENCORE,IMO0000000,WDK4811,37,,19,6,,,B
368058870,2022-01-03T10:00:58,30.38911,-86.32832,0.0,304.4,511.0,JESSIES ENCORE,IMO0000000,WDK4811,37,,19,6,,,B
368058870,2022-01-03T10:33:58,30.38909,-86.32831,0.2,38.4,511.0,JESSIES ENCORE,IMO0000000,WDK4811,37,,19,6,,,B
368058870,2022-01-03T10:15:59,30.38907,-86.32832,0.2,270.6,511.0,JESSIES ENCORE,IMO0000000,WDK4811,37,,19,6,,,B
368058870,2022-01-03T10:24:59,30.38909,-86.32829,0.2,351.6,511.0,JESSIES ENCORE,IMO0000000,WDK4811,37,,19,6,,,B
368058870,2022-01-03T10:27:59,30.38910,-86.32831,0.1,351.6,511.0,JESSIES ENCORE,IMO0000000,WDK4811,37,,19,6,,,B
368058870,2022-01-03T10:42:58,30.38910,-86.32829,0.2,38.5,511.0,JESSIES ENCORE,IMO0000000,WDK4811,37,,19,6,,,B
368058870,2022-01-03T10:30:59,30.38912,-86.32832,0.2,38.4,511.0,JESSIES ENCORE,IMO0000000,WDK4811,37,,19,6,,,B
368058870,2022-01-03T11:30:58,30.38908,-86.32829,0.2,193.5,511.0,JESSIES ENCORE,IMO0000000,WDK4811,37,,19,6,,,B
368058870,2022-01-03T10:45:59,30.38911,-86.32827,0.1,40.4,511.0,JESSIES ENCORE,IMO0000000,WDK4811,37,,19,6,,,B
368058870,2022-01-03T10:48:59,30.38910,-86.32831,0.0,40.4,511.0,JESSIES ENCORE,IMO0000000,WDK4811,37,,19,6,,,B
368058870,2022-01-03T10:51:58,30.38911,-86.32831,0.0,40.4,511.0,JESSIES ENCORE,IMO0000000,WDK4811,37,,19,6,,,B
368058870,2022-01-03T10:57:59,30.38912,-86.32829,0.0,40.4,511.0,JESSIES ENCORE,IMO0000000,WDK4811,37,,19,6,,,B
368058870,2022-01-03T11:51:58,30.38910,-86.32829,0.0,50.8,511.0,JESSIES ENCORE,IMO0000000,WDK4811,37,,19,6,,,B
368058870,2022-01-03T11:09:58,30.38912,-86.32831,0.0,143.9,511.0,JESSIES ENCORE,IMO0000000,WDK4811,37,,19,6,,,B
368058870,2022-01-03T11:12:59,30.38915,-86.32829,0.0,143.9,511.0,JESSIES ENCORE,IMO0000000,WDK4811,37,,19,6,,,B
368058870,2022-01-03T11:06:58,30.38912,-86.32829,0.0,143.9,511.0,JESSIES ENCORE,IMO0000000,WDK4811,37,,19,6,,,B
368058870,2022-01-03T11:21:58,30.38910,-86.32829,0.0,143.9,511.0,JESSIES ENCORE,IMO0000000,WDK4811,37,,19,6,,,B
368058870,2022-01-03T12:06:30,30.38914,-86.32833,0.1,50.8,511.0,JESSIES ENCORE,IMO0000000,WDK4811,37,,19,6,,,B
368058870,2022-01-03T11:27:59,30.38907,-86.32829,0.2,193.5,511.0,JESSIES ENCORE,IMO0000000,WDK4811,37,,19,6,,,B
368058870,2022-01-03T11:45:59,30.38907,-86.32831,0.0,193.5,511.0,JESSIES ENCORE,IMO0000000,WDK4811,37,,19,6,,,B
368058870,2022-01-03T11:33:59,30.38909,-86.32831,0.0,193.5,511.0,JESSIES ENCORE,IMO0000000,WDK4811,37,,19,6,,,B
368058870,2022-01-03T12:30:28,30.38907,-86.32831,0.0,50.8,511.0,JESSIES ENCORE,IMO0000000,WDK4811,37,,19,6,,,B
368058870,2022-01-03T11:40:00,30.38910,-86.32829,0.0,193.5,511.0,JESSIES ENCORE,IMO0000000,WDK4811,37,,19,6,,,B
368058870,2022-01-03T11:54:28,30.38908,-86.32831,0.0,50.8,511.0,JESSIES ENCORE,IMO0000000,WDK4811,37,,19,6,,,B
368058870,2022-01-03T11:49:01,30.38908,-86.32832,0.1,193.5,511.0,JESSIES ENCORE,IMO0000000,WDK4811,37,,19,6,,,B
368058870,2022-01-03T12:45:28,30.38910,-86.32833,0.5,346.6,511.0,JESSIES ENCORE,IMO0000000,WDK4811,37,,19,6,,,B
368058870,2022-01-03T11:52:59,30.38909,-86.32829,0.1,50.8,511.0,JESSIES ENCORE,IMO0000000,WDK4811,37,,19,6,,,B
368058870,2022-01-03T12:03:28,30.38911,-86.32832,0.0,50.8,511.0,JESSIES ENCORE,IMO0000000,WDK4811,37,,19,6,,,B
368058870,2022-01-03T12:15:28,30.38910,-86.32831,0.1,50.8,511.0,JESSIES ENCORE,IMO0000000,WDK4811,37,,19,6,,,B
368058870,2022-01-03T12:27:31,30.38910,-86.32832,0.2,50.8,511.0,JESSIES ENCORE,IMO0000000,WDK4811,37,,19,6,,,B
368058870,2022-01-03T12:21:30,30.38910,-86.32832,0.4,50.8,511.0,JESSIES ENCORE,IMO0000000,WDK4811,37,,19,6,,,B
368058870,2022-01-03T12:39:59,30.38910,-86.32832,0.4,340.5,511.0,JESSIES ENCORE,IMO0000000,WDK4811,37,,19,6,,,B
368058870,2022-01-03T12:41:29,30.38907,-86.32832,0.1,340.5,511.0,JESSIES ENCORE,IMO0000000,WDK4811,37,,19,6,,,B
368058870,2022-01-03T12:50:58,30.38913,-86.32832,0.4,219.6,511.0,JESSIES ENCORE,IMO0000000,WDK4811,37,,19,6,,,B
368058870,2022-01-03T13:37:28,30.38912,-86.32832,0.0,237.0,511.0,JESSIES ENCORE,IMO0000000,WDK4811,37,,19,6,,,B
368058870,2022-01-03T12:55:30,30.38912,-86.32832,0.3,261.6,511.0,JESSIES ENCORE,IMO0000000,WDK4811,37,,19,6,,,B
368058870,2022-01-03T12:58:30,30.38909,-86.32835,0.2,261.6,511.0,JESSIES ENCORE,IMO0000000,WDK4811,37,,19,6,,,B
368058870,2022-01-03T13:01:28,30.38910,-86.32833,0.0,261.6,511.0,JESSIES ENCORE,IMO0000000,WDK4811,37,,19,6,,,B
368058870,2022-01-03T13:16:28,30.38908,-86.32833,0.0,237.0,511.0,JESSIES ENCORE,IMO0000000,WDK4811,37,,19,6,,,B
368058870,2022-01-03T13:28:28,30.38912,-86.32831,0.0,237.0,511.0,JESSIES ENCORE,IMO0000000,WDK4811,37,,19,6,,,B
368058870,2022-01-03T13:31:28,30.38913,-86.32831,0.0,237.0,511.0,JESSIES ENCORE,IMO0000000,WDK4811,37,,19,6,,,B
368058870,2022-01-03T13:19:29,30.38908,-86.32832,0.1,237.0,511.0,JESSIES ENCORE,IMO0000000,WDK4811,37,,19,6,,,B
368058870,2022-01-03T13:49:30,30.38911,-86.32831,0.2,350.7,511.0,JESSIES ENCORE,IMO0000000,WDK4811,37,,19,6,,,B
368058870,2022-01-03T14:28:29,30.38910,-86.32831,0.0,60.8,511.0,JESSIES ENCORE,IMO0000000,WDK4811,37,,19,6,,,B
368058870,2022-01-03T13:43:28,30.38914,-86.32831,0.1,237.0,511.0,JESSIES ENCORE,IMO0000000,WDK4811,37,,19,6,,,B
368058870,2022-01-03T14:07:29,30.38912,-86.32829,0.2,350.7,511.0,JESSIES ENCORE,IMO0000000,WDK4811,37,,19,6,,,B
368058870,2022-01-03T13:52:30,30.38912,-86.32831,0.0,350.7,511.0,JESSIES ENCORE,IMO0000000,WDK4811,37,,19,6,,,B
368058870,2022-01-03T13:55:29,30.38911,-86.32832,0.0,350.7,511.0,JESSIES ENCORE,IMO0000000,WDK4811,37,,19,6,,,B
368058870,2022-01-03T14:16:31,30.38912,-86.32831,0.0,350.7,511.0,JESSIES ENCORE,IMO0000000,WDK4811,37,,19,6,,,B
368058870,2022-01-03T14:01:29,30.38910,-86.32831,0.0,350.7,511.0,JESSIES ENCORE,IMO0000000,WDK4811,37,,19,6,,,B
368058870,2022-01-03T14:10:29,30.38914,-86.32831,0.0,350.7,511.0,JESSIES ENCORE,IMO0000000,WDK4811,37,,19,6,,,B
368058870,2022-01-03T14:13:29,30.38914,-86.32832,0.0,350.7,511.0,JESSIES ENCORE,IMO0000000,WDK4811,37,,19,6,,,B
368058870,2022-01-03T07:04:29,30.38911,-86.32833,0.4,53.4,511.0,JESSIES ENCORE,IMO0000000,WDK4811,37,,19,6,,,B
368058870,2022-01-03T14:25:28,30.38910,-86.32831,0.0,93.8,511.0,JESSIES ENCORE,IMO0000000,WDK4811,37,,19,6,,,B
368058870,2022-01-03T14:19:30,30.38911,-86.32832,0.1,350.7,511.0,JESSIES ENCORE,IMO0000000,WDK4811,37,,19,6,,,B
368058870,2022-01-03T14:40:29,30.38909,-86.32831,0.0,346.2,511.0,JESSIES ENCORE,IMO0000000,WDK4811,37,,19,6,,,B
368058870,2022-01-03T15:13:28,30.38908,-86.32832,0.1,329.1,511.0,JESSIES ENCORE,IMO0000000,WDK4811,37,,19,6,,,B
368058870,2022-01-03T14:49:28,30.38911,-86.32829,0.0,346.2,511.0,JESSIES ENCORE,IMO0000000,WDK4811,37,,19,6,,,B
368058870,2022-01-03T14:58:29,30.38910,-86.32827,0.0,346.2,511.0,JESSIES ENCORE,IMO0000000,WDK4811,37,,19,6,,,B
368058870,2022-01-03T15:01:29,30.38909,-86.32829,0.1,346.2,511.0,JESSIES ENCORE,IMO0000000,WDK4811,37,,19,6,,,B
368058870,2022-01-03T15:16:29,30.38911,-86.32831,0.0,329.1,511.0,JESSIES ENCORE,IMO0000000,WDK4811,37,,19,6,,,B
368058870,2022-01-03T15:25:58,30.38910,-86.32829,0.2,272.9,511.0,JESSIES ENCORE,IMO0000000,WDK4811,37,,19,6,,,B
368058870,2022-01-03T15:19:28,30.38910,-86.32831,0.1,329.1,511.0,JESSIES ENCORE,IMO0000000,WDK4811,37,,19,6,,,B
368058870,2022-01-03T15:39:59,30.38909,-86.32825,0.0,213.0,511.0,JESSIES ENCORE,IMO0000000,WDK4811,37,,19,6,,,B
368058870,2022-01-03T15:42:59,30.38908,-86.32827,0.2,150.1,511.0,JESSIES ENCORE,IMO0000000,WDK4811,37,,19,6,,,B
368058870,2022-01-03T16:40:58,30.38910,-86.32831,0.1,12.2,511.0,JESSIES ENCORE,IMO0000000,WDK4811,37,,19,6,,,B
368058870,2022-01-03T16:46:58,30.38911,-86.32831,0.1,357.2,511.0,JESSIES ENCORE,IMO0000000,WDK4811,37,,19,6,,,B
368058870,2022-01-03T16:22:58,30.38911,-86.32825,0.0,301.4,511.0,JESSIES ENCORE,IMO0000000,WDK4811,37,,19,6,,,B
368058870,2022-01-03T16:57:28,30.38907,-86.32829,0.4,91.1,511.0,JESSIES ENCORE,IMO0000000,WDK4811,37,,19,6,,,B
368058870,2022-01-03T15:49:00,30.38910,-86.32829,0.3,194.8,511.0,JESSIES ENCORE,IMO0000000,WDK4811,37,,19,6,,,B
368058870,2022-01-03T15:51:59,30.38912,-86.32829,0.0,194.8,511.0,JESSIES ENCORE,IMO0000000,WDK4811,37,,19,6,,,B
368058870,2022-01-03T16:37:58,30.38910,-86.32831,0.0,12.2,511.0,JESSIES ENCORE,IMO0000000,WDK4811,37,,19,6,,,B
368058870,2022-01-03T16:09:58,30.38917,-86.32831,1.0,301.4,511.0,JESSIES ENCORE,IMO0000000,WDK4811,37,,19,6,,,B
368058870,2022-01-03T16:00:59,30.38909,-86.32831,0.1,194.8,511.0,JESSIES ENCORE,IMO0000000,WDK4811,37,,19,6,,,B
368058870,2022-01-03T16:19:59,30.38912,-86.32827,0.0,301.4,511.0,JESSIES ENCORE,IMO0000000,WDK4811,37,,19,6,,,B
368058870,2022-01-03T16:11:00,30.38912,-86.32832,0.3,301.4,511.0,JESSIES ENCORE,IMO0000000,WDK4811,37,,19,6,,,B
368058870,2022-01-03T16:04:00,30.38910,-86.32829,0.0,194.8,511.0,JESSIES ENCORE,IMO0000000,WDK4811,37,,19,6,,,B
368058870,2022-01-03T16:25:59,30.38909,-86.32832,0.1,301.4,511.0,JESSIES ENCORE,IMO0000000,WDK4811,37,,19,6,,,B
368058870,2022-01-03T16:31:59,30.38909,-86.32829,0.0,301.4,511.0,JESSIES ENCORE,IMO0000000,WDK4811,37,,19,6,,,B
368058870,2022-01-03T16:55:59,30.38908,-86.32827,0.1,91.1,511.0,JESSIES ENCORE,IMO0000000,WDK4811,37,,19,6,,,B
368058870,2022-01-03T17:22:59,30.38911,-86.32827,0.1,307.4,511.0,JESSIES ENCORE,IMO0000000,WDK4811,37,,19,6,,,B
368058870,2022-01-03T17:26:00,30.38909,-86.32829,0.1,307.4,511.0,JESSIES ENCORE,IMO0000000,WDK4811,37,,19,6,,,B
368058870,2022-01-03T16:34:58,30.38911,-86.32831,0.0,12.2,511.0,JESSIES ENCORE,IMO0000000,WDK4811,37,,19,6,,,B
368058870,2022-01-03T16:29:00,30.38908,-86.32831,0.0,301.4,511.0,JESSIES ENCORE,IMO0000000,WDK4811,37,,19,6,,,B
368058870,2022-01-03T17:12:28,30.38909,-86.32827,0.2,159.0,511.0,JESSIES ENCORE,IMO0000000,WDK4811,37,,19,6,,,B
368058870,2022-01-03T16:52:58,30.38911,-86.32831,0.1,53.2,511.0,JESSIES ENCORE,IMO0000000,WDK4811,37,,19,6,,,B
368058870,2022-01-03T17:46:58,30.38909,-86.32831,0.3,307.4,511.0,JESSIES ENCORE,IMO0000000,WDK4811,37,,19,6,,,B
368058870,2022-01-03T07:58:28,30.38911,-86.32825,0.0,275.6,511.0,JESSIES ENCORE,IMO0000000,WDK4811,37,,19,6,,,B
368058870,2022-01-03T16:43:59,30.38910,-86.32831,0.0,357.2,511.0,JESSIES ENCORE,IMO0000000,WDK4811,37,,19,6,,,B
368058870,2022-01-03T17:04:28,30.38910,-86.32829,0.2,91.1,511.0,JESSIES ENCORE,IMO0000000,WDK4811,37,,19,6,,,B
368058870,2022-01-03T17:54:59,30.38909,-86.32832,0.0,335.1,511.0,JESSIES ENCORE,IMO0000000,WDK4811,37,,19,6,,,B
368058870,2022-01-03T17:10:59,30.38910,-86.32829,0.1,159.0,511.0,JESSIES ENCORE,IMO0000000,WDK4811,37,,19,6,,,B
368058870,2022-01-03T17:16:29,30.38909,-86.32827,0.0,77.6,511.0,JESSIES ENCORE,IMO0000000,WDK4811,37,,19,6,,,B
368058870,2022-01-03T16:49:58,30.38909,-86.32829,0.1,357.2,511.0,JESSIES ENCORE,IMO0000000,WDK4811,37,,19,6,,,B
368058870,2022-01-03T18:04:00,30.38912,-86.32832,0.0,335.1,511.0,JESSIES ENCORE,IMO0000000,WDK4811,37,,19,6,,,B
368058870,2022-01-03T18:06:59,30.38907,-86.32832,0.1,335.1,511.0,JESSIES ENCORE,IMO0000000,WDK4811,37,,19,6,,,B
368058870,2022-01-03T18:09:58,30.38909,-86.32829,0.2,347.2,511.0,JESSIES ENCORE,IMO0000000,WDK4811,37,,19,6,,,B
368058870,2022-01-03T17:19:58,30.38913,-86.32825,0.5,77.6,511.0,JESSIES ENCORE,IMO0000000,WDK4811,37,,19,6,,,B
368058870,2022-01-03T17:01:29,30.38910,-86.32831,0.0,91.1,511.0,JESSIES ENCORE,IMO0000000,WDK4811,37,,19,6,,,B
368058870,2022-01-03T18:13:59,30.38907,-86.32831,0.0,347.2,511.0,JESSIES ENCORE,IMO0000000,WDK4811,37,,19,6,,,B
368058870,2022-01-03T17:29:00,30.38909,-86.32829,0.4,307.4,511.0,JESSIES ENCORE,IMO0000000,WDK4811,37,,19,6,,,B
368058870,2022-01-03T17:34:59,30.38912,-86.32829,0.0,307.4,511.0,JESSIES ENCORE,IMO0000000,WDK4811,37,,19,6,,,B
368058870,2022-01-03T18:32:28,30.38910,-86.32833,0.1,307.4,511.0,JESSIES ENCORE,IMO0000000,WDK4811,37,,19,6,,,B
368058870,2022-01-03T17:43:58,30.38912,-86.32829,0.2,307.4,511.0,JESSIES ENCORE,IMO0000000,WDK4811,37,,19,6,,,B
368058870,2022-01-03T17:53:28,30.38910,-86.32832,0.0,335.1,511.0,JESSIES ENCORE,IMO0000000,WDK4811,37,,19,6,,,B
368058870,2022-01-03T18:44:29,30.38911,-86.32835,0.0,13.1,511.0,JESSIES ENCORE,IMO0000000,WDK4811,37,,19,6,,,B
368058870,2022-01-03T17:37:59,30.38906,-86.32831,0.4,307.4,511.0,JESSIES ENCORE,IMO0000000,WDK4811,37,,19,6,,,B
368058870,2022-01-03T17:40:58,30.38912,-86.32831,0.3,307.4,511.0,JESSIES ENCORE,IMO0000000,WDK4811,37,,19,6,,,B
368058870,2022-01-03T18:21:28,30.38908,-86.32832,0.0,307.4,511.0,JESSIES ENCORE,IMO0000000,WDK4811,37,,19,6,,,B
368058870,2022-01-03T18:30:59,30.38910,-86.32835,0.3,307.4,511.0,JESSIES ENCORE,IMO0000000,WDK4811,37,,19,6,,,B
368058870,2022-01-03T19:18:00,30.38910,-86.32833,0.0,314.0,511.0,JESSIES ENCORE,IMO0000000,WDK4811,37,,19,6,,,B
368058870,2022-01-03T18:17:00,30.38912,-86.32831,0.2,214.0,511.0,JESSIES ENCORE,IMO0000000,WDK4811,37,,19,6,,,B
368058870,2022-01-03T18:18:28,30.38907,-86.32832,0.1,214.0,511.0,JESSIES ENCORE,IMO0000000,WDK4811,37,,19,6,,,B
368058870,2022-01-03T18:24:29,30.38908,-86.32831,0.0,307.4,511.0,JESSIES ENCORE,IMO0000000,WDK4811,37,,19,6,,,B
368058870,2022-01-03T18:38:28,30.38912,-86.32833,0.3,307.4,511.0,JESSIES ENCORE,IMO0000000,WDK4811,37,,19,6,,,B
368058870,2022-01-03T18:41:29,30.38908,-86.32832,0.2,307.4,511.0,JESSIES ENCORE,IMO0000000,WDK4811,37,,19,6,,,B
368058870,2022-01-03T19:08:28,30.38912,-86.32829,0.1,177.9,511.0,JESSIES ENCORE,IMO0000000,WDK4811,37,,19,6,,,B
368058870,2022-01-03T18:59:30,30.38910,-86.32829,0.2,206.1,511.0,JESSIES ENCORE,IMO0000000,WDK4811,37,,19,6,,,B
368058870,2022-01-03T18:47:29,30.38905,-86.32833,0.0,292.9,511.0,JESSIES ENCORE,IMO0000000,WDK4811,37,,19,6,,,B
368058870,2022-01-03T18:53:29,30.38907,-86.32829,0.1,292.9,511.0,JESSIES ENCORE,IMO0000000,WDK4811,37,,19,6,,,B
368058870,2022-01-03T19:14:29,30.38909,-86.32833,0.2,110.3,511.0,JESSIES ENCORE,IMO0000000,WDK4811,37,,19,6,,,B
368058870,2022-01-03T19:21:59,30.38910,-86.32832,0.0,314.0,511.0,JESSIES ENCORE,IMO0000000,WDK4811,37,,19,6,,,B
368058870,2022-01-03T19:02:29,30.38910,-86.32827,0.0,177.9,511.0,JESSIES ENCORE,IMO0000000,WDK4811,37,,19,6,,,B
368058870,2022-01-03T19:24:59,30.38910,-86.32829,0.0,314.0,511.0,JESSIES ENCORE,IMO0000000,WDK4811,37,,19,6,,,B
368058870,2022-01-03T19:11:29,30.38910,-86.32832,0.2,110.3,511.0,JESSIES ENCORE,IMO0000000,WDK4811,37,,19,6,,,B
368058870,2022-01-03T19:05:28,30.38911,-86.32829,0.0,177.9,511.0,JESSIES ENCORE,IMO0000000,WDK4811,37,,19,6,,,B
368058870,2022-01-03T20:21:28,30.38912,-86.32832,0.0,121.8,511.0,JESSIES ENCORE,IMO0000000,WDK4811,37,,19,6,,,B
368058870,2022-01-03T19:36:58,30.38909,-86.32832,0.2,314.0,511.0,JESSIES ENCORE,IMO0000000,WDK4811,37,,19,6,,,B
368058870,2022-01-03T19:30:59,30.38911,-86.32831,0.1,314.0,511.0,JESSIES ENCORE,IMO0000000,WDK4811,37,,19,6,,,B
368058870,2022-01-03T20:04:28,30.38908,-86.32832,0.1,7.6,511.0,JESSIES ENCORE,IMO0000000,WDK4811,37,,19,6,,,B
368058870,2022-01-03T20:09:59,30.38910,-86.32831,0.0,7.6,511.0,JESSIES ENCORE,IMO0000000,WDK4811,37,,19,6,,,B
368058870,2022-01-03T20:00:58,30.38911,-86.32825,0.2,28.7,511.0,JESSIES ENCORE,IMO0000000,WDK4811,37,,19,6,,,B
368058870,2022-01-03T19:51:59,30.38907,-86.32833,0.3,263.5,511.0,JESSIES ENCORE,IMO0000000,WDK4811,37,,19,6,,,B
368058870,2022-01-03T20:12:59,30.38913,-86.32833,0.1,121.8,511.0,JESSIES ENCORE,IMO0000000,WDK4811,37,,19,6,,,B
368058870,2022-01-03T20:27:29,30.38911,-86.32833,0.0,121.8,511.0,JESSIES ENCORE,IMO0000000,WDK4811,37,,19,6,,,B
368058870,2022-01-03T09:14:30,30.38909,-86.32832,0.3,21.2,511.0,JESSIES ENCORE,IMO0000000,WDK4811,37,,19,6,,,B
368058870,2022-01-03T20:14:31,30.38914,-86.32832,0.0,121.8,511.0,JESSIES ENCORE,IMO0000000,WDK4811,37,,19,6,,,B
368058870,2022-01-03T19:57:59,30.38912,-86.32827,0.4,28.7,511.0,JESSIES ENCORE,IMO0000000,WDK4811,37,,19,6,,,B
368058870,2022-01-03T20:05:59,30.38913,-86.32825,0.3,7.6,511.0,JESSIES ENCORE,IMO0000000,WDK4811,37,,19,6,,,B
368058870,2022-01-03T20:48:29,30.38915,-86.32831,0.1,46.8,511.0,JESSIES ENCORE,IMO0000000,WDK4811,37,,19,6,,,B
368058870,2022-01-03T20:39:28,30.38909,-86.32829,0.0,46.8,511.0,JESSIES ENCORE,IMO0000000,WDK4811,37,,19,6,,,B
368058870,2022-01-03T20:18:29,30.38912,-86.32831,0.2,121.8,511.0,JESSIES ENCORE,IMO0000000,WDK4811,37,,19,6,,,B
368058870,2022-01-03T21:39:59,30.38909,-86.32832,0.1,164.7,511.0,JESSIES ENCORE,IMO0000000,WDK4811,37,,19,6,,,B
368058870,2022-01-03T21:02:30,30.38914,-86.32827,0.4,198.0,511.0,JESSIES ENCORE,IMO0000000,WDK4811,37,,19,6,,,B
368058870,2022-01-03T20:42:32,30.38911,-86.32831,0.1,46.8,511.0,JESSIES ENCORE,IMO0000000,WDK4811,37,,19,6,,,B
368058870,2022-01-03T21:00:58,30.38913,-86.32832,0.6,198.0,511.0,JESSIES ENCORE,IMO0000000,WDK4811,37,,19,6,,,B
368058870,2022-01-03T21:20:58,30.38910,-86.32832,0.0,205.2,511.0,JESSIES ENCORE,IMO0000000,WDK4811,37,,19,6,,,B
368058870,2022-01-03T21:08:59,30.38907,-86.32831,1.5,177.7,511.0,JESSIES ENCORE,IMO0000000,WDK4811,37,,19,6,,,B
368058870,2022-01-03T20:57:28,30.38909,-86.32831,0.2,355.3,511.0,JESSIES ENCORE,IMO0000000,WDK4811,37,,19,6,,,B
368058870,2022-01-03T21:14:59,30.38907,-86.32831,0.1,240.8,511.0,JESSIES ENCORE,IMO0000000,WDK4811,37,,19,6,,,B
368058870,2022-01-03T20:51:29,30.38916,-86.32831,0.0,46.8,511.0,JESSIES ENCORE,IMO0000000,WDK4811,37,,19,6,,,B
368058870,2022-01-03T21:23:58,30.38910,-86.32832,0.1,205.2,511.0,JESSIES ENCORE,IMO0000000,WDK4811,37,,19,6,,,B
368058870,2022-01-03T09:46:00,30.38910,-86.32831,0.0,293.4,511.0,JESSIES ENCORE,IMO0000000,WDK4811,37,,19,6,,,B
368058870,2022-01-03T21:26:59,30.38910,-86.32833,0.0,205.2,511.0,JESSIES ENCORE,IMO0000000,WDK4811,37,,19,6,,,B
368058870,2022-01-03T21:18:00,30.38906,-86.32833,0.0,205.2,511.0,JESSIES ENCORE,IMO0000000,WDK4811,37,,19,6,,,B
368058870,2022-01-03T21:32:58,30.38910,-86.32833,0.1,205.2,511.0,JESSIES ENCORE,IMO0000000,WDK4811,37,,19,6,,,B
368058870,2022-01-03T10:03:58,30.38909,-86.32833,0.0,262.9,511.0,JESSIES ENCORE,IMO0000000,WDK4811,37,,19,6,,,B
368058870,2022-01-03T21:29:58,30.38907,-86.32831,0.1,205.2,511.0,JESSIES ENCORE,IMO0000000,WDK4811,37,,19,6,,,B
368058870,2022-01-03T21:36:34,30.38907,-86.32832,0.1,164.7,511.0,JESSIES ENCORE,IMO0000000,WDK4811,37,,19,6,,,B
368058870,2022-01-03T21:48:59,30.38910,-86.32831,0.6,164.7,511.0,JESSIES ENCORE,IMO0000000,WDK4811,37,,19,6,,,B
368058870,2022-01-03T22:19:01,30.38914,-86.32831,0.0,289.2,511.0,JESSIES ENCORE,IMO0000000,WDK4811,37,,19,6,,,B
368058870,2022-01-03T21:46:01,30.38910,-86.32831,0.6,164.7,511.0,JESSIES ENCORE,IMO0000000,WDK4811,37,,19,6,,,B
368058870,2022-01-03T21:54:58,30.38910,-86.32833,0.0,220.5,511.0,JESSIES ENCORE,IMO0000000,WDK4811,37,,19,6,,,B
368058870,2022-01-03T21:57:58,30.38908,-86.32831,0.0,220.5,511.0,JESSIES ENCORE,IMO0000000,WDK4811,37,,19,6,,,B
368058870,2022-01-03T22:15:58,30.38910,-86.32832,0.0,220.5,511.0,JESSIES ENCORE,IMO0000000,WDK4811,37,,19,6,,,B
368058870,2022-01-03T21:51:58,30.38909,-86.32832,0.1,164.7,511.0,JESSIES ENCORE,IMO0000000,WDK4811,37,,19,6,,,B
368058870,2022-01-03T22:30:59,30.38911,-86.32832,0.1,289.2,511.0,JESSIES ENCORE,IMO0000000,WDK4811,37,,19,6,,,B
368058870,2022-01-03T22:00:58,30.38909,-86.32829,0.1,220.5,511.0,JESSIES ENCORE,IMO0000000,WDK4811,37,,19,6,,,B
368058870,2022-01-03T23:25:00,30.38910,-86.32831,0.1,259.5,511.0,JESSIES ENCORE,IMO0000000,WDK4811,37,,19,6,,,B
368058870,2022-01-03T22:39:58,30.38910,-86.32829,0.1,329.5,511.0,JESSIES ENCORE,IMO0000000,WDK4811,37,,19,6,,,B
368058870,2022-01-03T22:42:59,30.38911,-86.32827,0.0,329.5,511.0,JESSIES ENCORE,IMO0000000,WDK4811,37,,19,6,,,B
368058870,2022-01-03T22:45:59,30.38912,-86.32825,0.3,329.5,511.0,JESSIES ENCORE,IMO0000000,WDK4811,37,,19,6,,,B
368058870,2022-01-03T22:49:01,30.38913,-86.32825,0.4,348.1,511.0,JESSIES ENCORE,IMO0000000,WDK4811,37,,19,6,,,B
368058870,2022-01-03T23:48:58,30.38910,-86.32829,0.0,259.5,511.0,JESSIES ENCORE,IMO0000000,WDK4811,37,,19,6,,,B
368058870,2022-01-03T22:27:59,30.38910,-86.32832,0.0,289.2,511.0,JESSIES ENCORE,IMO0000000,WDK4811,37,,19,6,,,B
368058870,2022-01-03T22:57:58,30.38909,-86.32822,0.1,210.4,511.0,JESSIES ENCORE,IMO0000000,WDK4811,37,,19,6,,,B
368058870,2022-01-03T23:06:58,30.38910,-86.32829,0.0,210.4,511.0,JESSIES ENCORE,IMO0000000,WDK4811,37,,19,6,,,B
368058870,2022-01-03T23:12:58,30.38911,-86.32832,0.0,210.4,511.0,JESSIES ENCORE,IMO0000000,WDK4811,37,,19,6,,,B
368058870,2022-01-03T23:16:00,30.38911,-86.32832,0.2,210.4,511.0,JESSIES ENCORE,IMO0000000,WDK4811,37,,19,6,,,B
368058870,2022-01-03T23:33:59,30.38912,-86.32832,0.2,259.5,511.0,JESSIES ENCORE,IMO0000000,WDK4811,37,,19,6,,,B
368058870,2022-01-03T23:04:00,30.38908,-86.32827,0.0,210.4,511.0,JESSIES ENCORE,IMO0000000,WDK4811,37,,19,6,,,B
368058870,2022-01-03T23:51:59,30.38910,-86.32829,0.0,259.5,511.0,JESSIES ENCORE,IMO0000000,WDK4811,37,,19,6,,,B
368058870,2022-01-03T23:45:59,30.38910,-86.32831,0.0,259.5,511.0,JESSIES ENCORE,IMO0000000,WDK4811,37,,19,6,,,B
368058870,2022-01-03T23:42:59,30.38908,-86.32832,0.2,259.5,511.0,JESSIES ENCORE,IMO0000000,WDK4811,37,,19,6,,,B
368058870,2022-01-03T23:54:59,30.38910,-86.32832,0.1,259.5,511.0,JESSIES ENCORE,IMO0000000,WDK4811,37,,19,6,,,B
368058870,2022-01-03T11:43:00,30.38908,-86.32831,0.0,193.5,511.0,JESSIES ENCORE,IMO0000000,WDK4811,37,,19,6,,,B
368058870,2022-01-03T11:57:29,30.38910,-86.32833,0.3,50.8,511.0,JESSIES ENCORE,IMO0000000,WDK4811,37,,19,6,,,B
368058870,2022-01-03T12:46:58,30.38911,-86.32833,0.2,345.1,511.0,JESSIES ENCORE,IMO0000000,WDK4811,37,,19,6,,,B
368058870,2022-01-03T13:58:30,30.38912,-86.32832,0.0,350.7,511.0,JESSIES ENCORE,IMO0000000,WDK4811,37,,19,6,,,B
368058870,2022-01-03T15:27:29,30.38908,-86.32827,0.2,272.9,511.0,JESSIES ENCORE,IMO0000000,WDK4811,37,,19,6,,,B
368058870,2022-01-03T15:57:59,30.38910,-86.32831,0.0,194.8,511.0,JESSIES ENCORE,IMO0000000,WDK4811,37,,19,6,,,B
368058870,2022-01-03T16:07:02,30.38911,-86.32831,0.0,194.8,511.0,JESSIES ENCORE,IMO0000000,WDK4811,37,,19,6,,,B
368058870,2022-01-03T16:14:01,30.38908,-86.32829,0.2,301.4,511.0,JESSIES ENCORE,IMO0000000,WDK4811,37,,19,6,,,B
368058870,2022-01-03T16:17:00,30.38911,-86.32831,0.0,301.4,511.0,JESSIES ENCORE,IMO0000000,WDK4811,37,,19,6,,,B
368058870,2022-01-03T18:10:59,30.38910,-86.32831,0.2,347.2,511.0,JESSIES ENCORE,IMO0000000,WDK4811,37,,19,6,,,B
368058870,2022-01-03T18:56:29,30.38905,-86.32827,0.0,206.1,511.0,JESSIES ENCORE,IMO0000000,WDK4811,37,,19,6,,,B
368058870,2022-01-03T19:42:59,30.38913,-86.32831,0.1,314.0,511.0,JESSIES ENCORE,IMO0000000,WDK4811,37,,19,6,,,B
368058870,2022-01-03T19:54:58,30.38910,-86.32829,0.0,28.7,511.0,JESSIES ENCORE,IMO0000000,WDK4811,37,,19,6,,,B
368058870,2022-01-03T20:07:00,30.38911,-86.32827,0.2,7.6,511.0,JESSIES ENCORE,IMO0000000,WDK4811,37,,19,6,,,B
368058870,2022-01-03T20:45:28,30.38911,-86.32831,0.1,46.8,511.0,JESSIES ENCORE,IMO0000000,WDK4811,37,,19,6,,,B
368058870,2022-01-03T21:05:58,30.38912,-86.32829,1.0,198.0,511.0,JESSIES ENCORE,IMO0000000,WDK4811,37,,19,6,,,B
368058870,2022-01-03T22:07:00,30.38911,-86.32832,0.0,220.5,511.0,JESSIES ENCORE,IMO0000000,WDK4811,37,,19,6,,,B
368058870,2022-01-03T22:22:00,30.38911,-86.32831,0.0,289.2,511.0,JESSIES ENCORE,IMO0000000,WDK4811,37,,19,6,,,B
368058870,2022-01-03T22:36:59,30.38910,-86.32829,0.0,329.5,511.0,JESSIES ENCORE,IMO0000000,WDK4811,37,,19,6,,,B
368058870,2022-01-03T23:21:58,30.38911,-86.32831,0.1,277.0,511.0,JESSIES ENCORE,IMO0000000,WDK4811,37,,19,6,,,B
368058870,2022-01-04T00:00:58,30.38913,-86.32831,0.1,224.1,511.0,JESSIES ENCORE,IMO0000000,WDK4811,37,,19,6,,,B
368058870,2022-01-04T00:07:00,30.38910,-86.32831,0.0,192.8,511.0,JESSIES ENCORE,IMO0000000,WDK4811,37,,19,6,,,B
368058870,2022-01-04T00:18:59,30.38909,-86.32831,0.0,268.3,511.0,JESSIES ENCORE,IMO0000000,WDK4811,37,,19,6,,,B
368058870,2022-01-04T00:15:59,30.38907,-86.32831,0.3,192.8,511.0,JESSIES ENCORE,IMO0000000,WDK4811,37,,19,6,,,B
368058870,2022-01-04T00:22:00,30.38910,-86.32831,0.1,317.8,511.0,JESSIES ENCORE,IMO0000000,WDK4811,37,,19,6,,,B
368058870,2022-01-04T00:24:59,30.38916,-86.32839,0.0,317.8,511.0,JESSIES ENCORE,IMO0000000,WDK4811,37,,19,6,,,B
368058870,2022-01-04T00:37:30,30.38910,-86.32832,0.3,185.9,511.0,JESSIES ENCORE,IMO0000000,WDK4811,37,,19,6,,,B
368058870,2022-01-04T00:27:59,30.38911,-86.32833,0.1,317.8,511.0,JESSIES ENCORE,IMO0000000,WDK4811,37,,19,6,,,B
368058870,2022-01-04T00:34:30,30.38910,-86.32832,0.1,203.3,511.0,JESSIES ENCORE,IMO0000000,WDK4811,37,,19,6,,,B
368058870,2022-01-04T00:30:58,30.38910,-86.32831,0.6,327.3,511.0,JESSIES ENCORE,IMO0000000,WDK4811,37,,19,6,,,B
368058870,2022-01-04T00:40:29,30.38911,-86.32829,0.1,211.6,511.0,JESSIES ENCORE,IMO0000000,WDK4811,37,,19,6,,,B
368058870,2022-01-04T00:44:00,30.38911,-86.32832,0.1,211.6,511.0,JESSIES ENCORE,IMO0000000,WDK4811,37,,19,6,,,B
368058870,2022-01-04T00:49:59,30.38911,-86.32831,0.0,211.6,511.0,JESSIES ENCORE,IMO0000000,WDK4811,37,,19,6,,,B
368058870,2022-01-04T01:04:58,30.38911,-86.32831,0.0,183.4,511.0,JESSIES ENCORE,IMO0000000,WDK4811,37,,19,6,,,B
368058870,2022-01-04T00:52:58,30.38910,-86.32829,0.0,211.6,511.0,JESSIES ENCORE,IMO0000000,WDK4811,37,,19,6,,,B
368058870,2022-01-04T00:46:58,30.38912,-86.32831,0.0,211.6,511.0,JESSIES ENCORE,IMO0000000,WDK4811,37,,19,6,,,B
368058870,2022-01-04T00:56:00,30.38910,-86.32829,0.0,211.6,511.0,JESSIES ENCORE,IMO0000000,WDK4811,37,,19,6,,,B
368058870,2022-01-04T00:58:59,30.38907,-86.32831,0.5,183.4,511.0,JESSIES ENCORE,IMO0000000,WDK4811,37,,19,6,,,B
368058870,2022-01-04T01:13:59,30.38911,-86.32835,0.0,183.4,511.0,JESSIES ENCORE,IMO0000000,WDK4811,37,,19,6,,,B
368058870,2022-01-04T01:10:58,30.38914,-86.32832,0.1,183.4,511.0,JESSIES ENCORE,IMO0000000,WDK4811,37,,19,6,,,B
368058870,2022-01-04T01:17:00,30.38911,-86.32833,0.0,219.5,511.0,JESSIES ENCORE,IMO0000000,WDK4811,37,,19,6,,,B
368058870,2022-01-04T01:22:58,30.38911,-86.32832,0.5,219.5,511.0,JESSIES ENCORE,IMO0000000,WDK4811,37,,19,6,,,B
368058870,2022-01-04T01:28:59,30.38912,-86.32832,0.1,219.5,511.0,JESSIES ENCORE,IMO0000000,WDK4811,37,,19,6,,,B
368058870,2022-01-04T01:31:59,30.38915,-86.32831,0.0,219.5,511.0,JESSIES ENCORE,IMO0000000,WDK4811,37,,19,6,,,B
368058870,2022-01-04T01:34:59,30.38916,-86.32832,0.0,219.5,511.0,JESSIES ENCORE,IMO0000000,WDK4811,37,,19,6,,,B
368058870,2022-01-04T01:40:58,30.38912,-86.32833,0.0,219.5,511.0,JESSIES ENCORE,IMO0000000,WDK4811,37,,19,6,,,B
368058870,2022-01-04T01:43:59,30.38912,-86.32831,0.0,219.5,511.0,JESSIES ENCORE,IMO0000000,WDK4811,37,,19,6,,,B
368058870,2022-01-04T01:47:00,30.38912,-86.32833,0.1,219.5,511.0,JESSIES ENCORE,IMO0000000,WDK4811,37,,19,6,,,B
368058870,2022-01-04T01:49:59,30.38912,-86.32832,0.0,219.5,511.0,JESSIES ENCORE,IMO0000000,WDK4811,37,,19,6,,,B
368058870,2022-01-04T01:25:58,30.38911,-86.32832,0.1,219.5,511.0,JESSIES ENCORE,IMO0000000,WDK4811,37,,19,6,,,B
368058870,2022-01-04T01:52:59,30.38911,-86.32831,0.2,230.2,511.0,JESSIES ENCORE,IMO0000000,WDK4811,37,,19,6,,,B
368058870,2022-01-04T02:04:59,30.38911,-86.32831,0.1,258.8,511.0,JESSIES ENCORE,IMO0000000,WDK4811,37,,19,6,,,B
368058870,2022-01-04T02:16:58,30.38911,-86.32833,0.0,258.8,511.0,JESSIES ENCORE,IMO0000000,WDK4811,37,,19,6,,,B
368058870,2022-01-04T02:07:58,30.38910,-86.32832,0.1,258.8,511.0,JESSIES ENCORE,IMO0000000,WDK4811,37,,19,6,,,B
368058870,2022-01-04T02:10:58,30.38912,-86.32832,0.2,258.8,511.0,JESSIES ENCORE,IMO0000000,WDK4811,37,,19,6,,,B
368058870,2022-01-04T02:20:00,30.38913,-86.32832,0.2,316.9,511.0,JESSIES ENCORE,IMO0000000,WDK4811,37,,19,6,,,B
368058870,2022-01-04T01:37:59,30.38914,-86.32832,0.0,219.5,511.0,JESSIES ENCORE,IMO0000000,WDK4811,37,,19,6,,,B
368058870,2022-01-04T02:23:58,30.38913,-86.32829,0.2,42.1,511.0,JESSIES ENCORE,IMO0000000,WDK4811,37,,19,6,,,B
368058870,2022-01-04T02:37:28,30.38912,-86.32829,0.1,84.9,511.0,JESSIES ENCORE,IMO0000000,WDK4811,37,,19,6,,,B
368058870,2022-01-04T02:34:28,30.38914,-86.32827,0.3,155.6,511.0,JESSIES ENCORE,IMO0000000,WDK4811,37,,19,6,,,B
368058870,2022-01-04T02:26:29,30.38911,-86.32831,0.3,42.1,511.0,JESSIES ENCORE,IMO0000000,WDK4811,37,,19,6,,,B
368058870,2022-01-04T02:52:59,30.38909,-86.32827,0.2,307.3,511.0,JESSIES ENCORE,IMO0000000,WDK4811,37,,19,6,,,B
368058870,2022-01-04T02:31:28,30.38911,-86.32831,0.2,155.6,511.0,JESSIES ENCORE,IMO0000000,WDK4811,37,,19,6,,,B
368058870,2022-01-04T02:46:59,30.38911,-86.32831,0.1,84.9,511.0,JESSIES ENCORE,IMO0000000,WDK4811,37,,19,6,,,B
368058870,2022-01-04T01:55:58,30.38912,-86.32831,0.1,230.2,511.0,JESSIES ENCORE,IMO0000000,WDK4811,37,,19,6,,,B
368058870,2022-01-04T02:40:59,30.38912,-86.32831,0.2,84.9,511.0,JESSIES ENCORE,IMO0000000,WDK4811,37,,19,6,,,B
368058870,2022-01-04T03:02:58,30.38907,-86.32827,0.2,310.8,511.0,JESSIES ENCORE,IMO0000000,WDK4811,37,,19,6,,,B
368058870,2022-01-04T02:51:29,30.38911,-86.32829,0.2,307.3,511.0,JESSIES ENCORE,IMO0000000,WDK4811,37,,19,6,,,B
368058870,2022-01-04T02:01:58,30.38912,-86.32831,0.3,230.2,511.0,JESSIES ENCORE,IMO0000000,WDK4811,37,,19,6,,,B
368058870,2022-01-04T03:21:00,30.38915,-86.32835,0.2,310.9,511.0,JESSIES ENCORE,IMO0000000,WDK4811,37,,19,6,,,B
368058870,2022-01-04T02:49:59,30.38912,-86.32827,0.2,358.1,511.0,JESSIES ENCORE,IMO0000000,WDK4811,37,,19,6,,,B
368058870,2022-01-04T03:15:00,30.38911,-86.32829,0.1,310.9,511.0,JESSIES ENCORE,IMO0000000,WDK4811,37,,19,6,,,B
368058870,2022-01-04T03:08:58,30.38912,-86.32833,0.2,310.8,511.0,JESSIES ENCORE,IMO0000000,WDK4811,37,,19,6,,,B
368058870,2022-01-04T02:56:58,30.38908,-86.32831,0.1,307.3,511.0,JESSIES ENCORE,IMO0000000,WDK4811,37,,19,6,,,B
368058870,2022-01-04T03:35:58,30.38910,-86.32832,0.1,310.9,511.0,JESSIES ENCORE,IMO0000000,WDK4811,37,,19,6,,,B
368058870,2022-01-04T03:05:59,30.38907,-86.32829,0.3,310.8,511.0,JESSIES ENCORE,IMO0000000,WDK4811,37,,19,6,,,B
368058870,2022-01-04T03:17:58,30.38909,-86.32827,0.0,310.9,511.0,JESSIES ENCORE,IMO0000000,WDK4811,37,,19,6,,,B
368058870,2022-01-04T03:29:58,30.38916,-86.32832,0.5,310.9,511.0,JESSIES ENCORE,IMO0000000,WDK4811,37,,19,6,,,B
368058870,2022-01-04T03:47:59,30.38910,-86.32827,0.0,197.9,511.0,JESSIES ENCORE,IMO0000000,WDK4811,37,,19,6,,,B
368058870,2022-01-04T03:32:58,30.38912,-86.32829,0.1,310.9,511.0,JESSIES ENCORE,IMO0000000,WDK4811,37,,19,6,,,B
368058870,2022-01-04T02:25:28,30.38913,-86.32829,0.5,42.1,511.0,JESSIES ENCORE,IMO0000000,WDK4811,37,,19,6,,,B
368058870,2022-01-04T03:38:58,30.38912,-86.32831,0.1,310.9,511.0,JESSIES ENCORE,IMO0000000,WDK4811,37,,19,6,,,B
368058870,2022-01-04T03:44:58,30.38912,-86.32829,0.1,197.9,511.0,JESSIES ENCORE,IMO0000000,WDK4811,37,,19,6,,,B
368058870,2022-01-04T04:15:00,30.38910,-86.32831,0.0,217.3,511.0,JESSIES ENCORE,IMO0000000,WDK4811,37,,19,6,,,B
368058870,2022-01-04T04:02:58,30.38910,-86.32832,0.0,197.9,511.0,JESSIES ENCORE,IMO0000000,WDK4811,37,,19,6,,,B
368058870,2022-01-04T04:20:59,30.38909,-86.32832,0.0,281.1,511.0,JESSIES ENCORE,IMO0000000,WDK4811,37,,19,6,,,B
368058870,2022-01-04T03:51:00,30.38910,-86.32831,0.3,197.9,511.0,JESSIES ENCORE,IMO0000000,WDK4811,37,,19,6,,,B
368058870,2022-01-04T03:57:00,30.38908,-86.32831,0.0,197.9,511.0,JESSIES ENCORE,IMO0000000,WDK4811,37,,19,6,,,B
368058870,2022-01-04T03:59:59,30.38912,-86.32829,0.1,197.9,511.0,JESSIES ENCORE,IMO0000000,WDK4811,37,,19,6,,,B
368058870,2022-01-04T02:54:00,30.38913,-86.32831,0.1,307.3,511.0,JESSIES ENCORE,IMO0000000,WDK4811,37,,19,6,,,B
368058870,2022-01-04T04:05:58,30.38911,-86.32832,0.1,217.3,511.0,JESSIES ENCORE,IMO0000000,WDK4811,37,,19,6,,,B
368058870,2022-01-04T02:59:59,30.38907,-86.32829,0.0,307.3,511.0,JESSIES ENCORE,IMO0000000,WDK4811,37,,19,6,,,B
368058870,2022-01-04T04:30:28,30.38913,-86.32829,0.2,340.7,511.0,JESSIES ENCORE,IMO0000000,WDK4811,37,,19,6,,,B
368058870,2022-01-04T04:11:58,30.38910,-86.32831,0.0,217.3,511.0,JESSIES ENCORE,IMO0000000,WDK4811,37,,19,6,,,B
368058870,2022-01-04T04:23:59,30.38912,-86.32831,0.0,281.1,511.0,JESSIES ENCORE,IMO0000000,WDK4811,37,,19,6,,,B
368058870,2022-01-04T04:26:58,30.38915,-86.32832,0.0,281.1,511.0,JESSIES ENCORE,IMO0000000,WDK4811,37,,19,6,,,B
368058870,2022-01-04T04:58:28,30.38911,-86.32831,0.0,260.6,511.0,JESSIES ENCORE,IMO0000000,WDK4811,37,,19,6,,,B
368058870,2022-01-04T04:31:29,30.38912,-86.32831,0.0,340.7,511.0,JESSIES ENCORE,IMO0000000,WDK4811,37,,19,6,,,B
368058870,2022-01-04T03:24:01,30.38911,-86.32833,0.1,310.9,511.0,JESSIES ENCORE,IMO0000000,WDK4811,37,,19,6,,,B
368058870,2022-01-04T04:59:29,30.38910,-86.32832,0.1,260.6,511.0,JESSIES ENCORE,IMO0000000,WDK4811,37,,19,6,,,B
368058870,2022-01-04T04:53:58,30.38914,-86.32832,0.1,3.7,511.0,JESSIES ENCORE,IMO0000000,WDK4811,37,,19,6,,,B
368058870,2022-01-04T04:50:58,30.38914,-86.32831,0.0,325.0,511.0,JESSIES ENCORE,IMO0000000,WDK4811,37,,19,6,,,B
368058870,2022-01-04T04:34:58,30.38910,-86.32831,0.0,304.9,511.0,JESSIES ENCORE,IMO0000000,WDK4811,37,,19,6,,,B
368058870,2022-01-04T04:41:00,30.38907,-86.32831,0.0,340.0,511.0,JESSIES ENCORE,IMO0000000,WDK4811,37,,19,6,,,B
368058870,2022-01-04T05:05:59,30.38911,-86.32831,0.0,260.6,511.0,JESSIES ENCORE,IMO0000000,WDK4811,37,,19,6,,,B
368058870,2022-01-04T05:33:59,30.38910,-86.32832,0.0,12.7,511.0,JESSIES ENCORE,IMO0000000,WDK4811,37,,19,6,,,B
368058870,2022-01-04T05:46:00,30.38911,-86.32829,0.1,12.7,511.0,JESSIES ENCORE,IMO0000000,WDK4811,37,,19,6,,,B
368058870,2022-01-04T04:57:02,30.38911,-86.32832,0.2,260.6,511.0,JESSIES ENCORE,IMO0000000,WDK4811,37,,19,6,,,B
368058870,2022-01-04T05:20:59,30.38918,-86.32831,0.1,203.1,511.0,JESSIES ENCORE,IMO0000000,WDK4811,37,,19,6,,,B
368058870,2022-01-04T05:23:58,30.38916,-86.32827,0.1,242.7,511.0,JESSIES ENCORE,IMO0000000,WDK4811,37,,19,6,,,B
368058870,2022-01-04T05:27:58,30.38915,-86.32831,0.5,12.7,511.0,JESSIES ENCORE,IMO0000000,WDK4811,37,,19,6,,,B
368058870,2022-01-04T06:10:58,30.38912,-86.32832,0.1,38.2,511.0,JESSIES ENCORE,IMO0000000,WDK4811,37,,19,6,,,B
368058870,2022-01-04T05:39:58,30.38911,-86.32831,0.2,12.7,511.0,JESSIES ENCORE,IMO0000000,WDK4811,37,,19,6,,,B
368058870,2022-01-04T06:14:31,30.38912,-86.32832,0.1,38.2,511.0,JESSIES ENCORE,IMO0000000,WDK4811,37,,19,6,,,B
368058870,2022-01-04T06:09:31,30.38912,-86.32832,0.0,38.2,511.0,JESSIES ENCORE,IMO0000000,WDK4811,37,,19,6,,,B
368058870,2022-01-04T05:49:29,30.38910,-86.32831,0.0,272.6,511.0,JESSIES ENCORE,IMO0000000,WDK4811,37,,19,6,,,B
368058870,2022-01-04T06:35:59,30.38909,-86.32831,0.1,333.1,511.0,JESSIES ENCORE,IMO0000000,WDK4811,37,,19,6,,,B
368058870,2022-01-04T05:50:58,30.38911,-86.32831,0.0,272.6,511.0,JESSIES ENCORE,IMO0000000,WDK4811,37,,19,6,,,B
368058870,2022-01-04T05:53:59,30.38912,-86.32832,0.0,272.6,511.0,JESSIES ENCORE,IMO0000000,WDK4811,37,,19,6,,,B
368058870,2022-01-04T06:48:00,30.38910,-86.32832,0.0,280.6,511.0,JESSIES ENCORE,IMO0000000,WDK4811,37,,19,6,,,B
368058870,2022-01-04T05:56:59,30.38909,-86.32832,0.0,272.6,511.0,JESSIES ENCORE,IMO0000000,WDK4811,37,,19,6,,,B
368058870,2022-01-04T05:59:58,30.38910,-86.32831,0.0,272.6,511.0,JESSIES ENCORE,IMO0000000,WDK4811,37,,19,6,,,B
368058870,2022-01-04T06:54:00,30.38912,-86.32831,0.0,280.6,511.0,JESSIES ENCORE,IMO0000000,WDK4811,37,,19,6,,,B
368058870,2022-01-04T04:37:58,30.38909,-86.32832,0.0,340.0,511.0,JESSIES ENCORE,IMO0000000,WDK4811,37,,19,6,,,B
368058870,2022-01-04T06:23:29,30.38909,-86.32832,0.3,311.4,511.0,JESSIES ENCORE,IMO0000000,WDK4811,37,,19,6,,,B
368058870,2022-01-04T06:02:59,30.38911,-86.32829,0.0,272.6,511.0,JESSIES ENCORE,IMO0000000,WDK4811,37,,19,6,,,B
368058870,2022-01-04T04:43:59,30.38913,-86.32832,0.0,325.0,511.0,JESSIES ENCORE,IMO0000000,WDK4811,37,,19,6,,,B
368058870,2022-01-04T06:17:29,30.38910,-86.32833,0.0,38.2,511.0,JESSIES ENCORE,IMO0000000,WDK4811,37,,19,6,,,B
368058870,2022-01-04T06:20:28,30.38907,-86.32833,0.7,38.2,511.0,JESSIES ENCORE,IMO0000000,WDK4811,37,,19,6,,,B
368058870,2022-01-04T06:24:30,30.38910,-86.32829,0.2,311.4,511.0,JESSIES ENCORE,IMO0000000,WDK4811,37,,19,6,,,B
368058870,2022-01-04T07:14:59,30.38910,-86.32831,0.0,280.6,511.0,JESSIES ENCORE,IMO0000000,WDK4811,37,,19,6,,,B
368058870,2022-01-04T06:27:30,30.38910,-86.32832,0.2,333.1,511.0,JESSIES ENCORE,IMO0000000,WDK4811,37,,19,6,,,B
368058870,2022-01-04T06:29:28,30.38913,-86.32829,0.0,333.1,511.0,JESSIES ENCORE,IMO0000000,WDK4811,37,,19,6,,,B
368058870,2022-01-04T05:02:59,30.38910,-86.32829,0.1,260.6,511.0,JESSIES ENCORE,IMO0000000,WDK4811,37,,19,6,,,B
368058870,2022-01-04T07:20:59,30.38909,-86.32829,0.0,280.6,511.0,JESSIES ENCORE,IMO0000000,WDK4811,37,,19,6,,,B
368058870,2022-01-04T07:05:59,30.38909,-86.32829,0.1,280.6,511.0,JESSIES ENCORE,IMO0000000,WDK4811,37,,19,6,,,B
368058870,2022-01-04T06:38:59,30.38910,-86.32832,0.2,280.6,511.0,JESSIES ENCORE,IMO0000000,WDK4811,37,,19,6,,,B
368058870,2022-01-04T07:09:00,30.38910,-86.32832,0.1,280.6,511.0,JESSIES ENCORE,IMO0000000,WDK4811,37,,19,6,,,B
368058870,2022-01-04T05:11:59,30.38910,-86.32829,0.1,260.6,511.0,JESSIES ENCORE,IMO0000000,WDK4811,37,,19,6,,,B
368058870,2022-01-04T07:39:00,30.38910,-86.32831,0.0,16.9,511.0,JESSIES ENCORE,IMO0000000,WDK4811,37,,19,6,,,B
368058870,2022-01-04T07:11:59,30.38910,-86.32829,0.0,280.6,511.0,JESSIES ENCORE,IMO0000000,WDK4811,37,,19,6,,,B
368058870,2022-01-04T05:14:59,30.38913,-86.32831,0.0,260.6,511.0,JESSIES ENCORE,IMO0000000,WDK4811,37,,19,6,,,B
368058870,2022-01-04T07:48:00,30.38910,-86.32829,0.0,16.9,511.0,JESSIES ENCORE,IMO0000000,WDK4811,37,,19,6,,,B
368058870,2022-01-04T07:00:00,30.38912,-86.32831,0.1,280.6,511.0,JESSIES ENCORE,IMO0000000,WDK4811,37,,19,6,,,B
368058870,2022-01-04T05:17:59,30.38916,-86.32831,0.0,234.6,511.0,JESSIES ENCORE,IMO0000000,WDK4811,37,,19,6,,,B
368058870,2022-01-04T07:24:01,30.38907,-86.32831,0.0,280.6,511.0,JESSIES ENCORE,IMO0000000,WDK4811,37,,19,6,,,B
368058870,2022-01-04T06:50:59,30.38911,-86.32833,0.1,280.6,511.0,JESSIES ENCORE,IMO0000000,WDK4811,37,,19,6,,,B
368058870,2022-01-04T06:57:00,30.38911,-86.32831,0.0,280.6,511.0,JESSIES ENCORE,IMO0000000,WDK4811,37,,19,6,,,B
368058870,2022-01-04T07:02:59,30.38912,-86.32832,0.3,280.6,511.0,JESSIES ENCORE,IMO0000000,WDK4811,37,,19,6,,,B
368058870,2022-01-04T07:26:59,30.38909,-86.32832,0.0,280.6,511.0,JESSIES ENCORE,IMO0000000,WDK4811,37,,19,6,,,B
368058870,2022-01-04T07:33:00,30.38907,-86.32832,0.0,16.9,511.0,JESSIES ENCORE,IMO0000000,WDK4811,37,,19,6,,,B
368058870,2022-01-04T07:35:59,30.38908,-86.32829,0.0,16.9,511.0,JESSIES ENCORE,IMO0000000,WDK4811,37,,19,6,,,B
368058870,2022-01-04T09:33:58,30.38913,-86.32831,0.1,342.8,511.0,JESSIES ENCORE,IMO0000000,WDK4811,37,,19,6,,,B
368058870,2022-01-04T07:56:59,30.38911,-86.32832,0.2,16.9,511.0,JESSIES ENCORE,IMO0000000,WDK4811,37,,19,6,,,B
368058870,2022-01-04T07:59:58,30.38914,-86.32829,0.1,16.9,511.0,JESSIES ENCORE,IMO0000000,WDK4811,37,,19,6,,,B
368058870,2022-01-04T10:03:59,30.38914,-86.32832,0.1,57.3,511.0,JESSIES ENCORE,IMO0000000,WDK4811,37,,19,6,,,B
368058870,2022-01-04T07:41:58,30.38909,-86.32829,0.1,16.9,511.0,JESSIES ENCORE,IMO0000000,WDK4811,37,,19,6,,,B
368058870,2022-01-04T07:45:00,30.38907,-86.32829,0.0,16.9,511.0,JESSIES ENCORE,IMO0000000,WDK4811,37,,19,6,,,B
368058870,2022-01-04T09:41:30,30.38910,-86.32832,0.0,57.3,511.0,JESSIES ENCORE,IMO0000000,WDK4811,37,,19,6,,,B
368058870,2022-01-04T10:13:01,30.38910,-86.32829,0.0,311.0,511.0,JESSIES ENCORE,IMO0000000,WDK4811,37,,19,6,,,B
368058870,2022-01-04T10:15:59,30.38908,-86.32831,0.0,311.0,511.0,JESSIES ENCORE,IMO0000000,WDK4811,37,,19,6,,,B
368058870,2022-01-04T09:48:58,30.38912,-86.32832,0.0,57.3,511.0,JESSIES ENCORE,IMO0000000,WDK4811,37,,19,6,,,B
368058870,2022-01-04T10:19:00,30.38909,-86.32831,0.0,311.0,511.0,JESSIES ENCORE,IMO0000000,WDK4811,37,,19,6,,,B
368058870,2022-01-04T09:58:00,30.38909,-86.32832,0.0,57.3,511.0,JESSIES ENCORE,IMO0000000,WDK4811,37,,19,6,,,B
368058870,2022-01-04T09:39:58,30.38911,-86.32832,2.0,57.3,511.0,JESSIES ENCORE,IMO0000000,WDK4811,37,,19,6,,,B
368058870,2022-01-04T09:45:58,30.38913,-86.32832,0.0,57.3,511.0,JESSIES ENCORE,IMO0000000,WDK4811,37,,19,6,,,B
368058870,2022-01-04T09:55:01,30.38912,-86.32831,0.0,57.3,511.0,JESSIES ENCORE,IMO0000000,WDK4811,37,,19,6,,,B
368058870,2022-01-04T10:42:58,30.38913,-86.32832,0.0,323.5,511.0,JESSIES ENCORE,IMO0000000,WDK4811,37,,19,6,,,B
368058870,2022-01-04T10:06:58,30.38911,-86.32831,0.2,57.3,511.0,JESSIES ENCORE,IMO0000000,WDK4811,37,,19,6,,,B
368058870,2022-01-04T09:42:59,30.38910,-86.32832,0.0,57.3,511.0,JESSIES ENCORE,IMO0000000,WDK4811,37,,19,6,,,B
368058870,2022-01-04T10:49:00,30.38919,-86.32833,0.0,357.6,511.0,JESSIES ENCORE,IMO0000000,WDK4811,37,,19,6,,,B
368058870,2022-01-04T11:06:59,30.38914,-86.32832,0.0,343.9,511.0,JESSIES ENCORE,IMO0000000,WDK4811,37,,19,6,,,B
368058870,2022-01-04T10:52:00,30.38913,-86.32833,0.0,1.3,511.0,JESSIES ENCORE,IMO0000000,WDK4811,37,,19,6,,,B
368058870,2022-01-04T10:27:59,30.38912,-86.32829,0.0,311.0,511.0,JESSIES ENCORE,IMO0000000,WDK4811,37,,19,6,,,B
368058870,2022-01-04T10:45:59,30.38913,-86.32832,0.1,234.8,511.0,JESSIES ENCORE,IMO0000000,WDK4811,37,,19,6,,,B
368058870,2022-01-04T11:01:00,30.38910,-86.32827,0.1,343.9,511.0,JESSIES ENCORE,IMO0000000,WDK4811,37,,19,6,,,B
368058870,2022-01-04T10:33:58,30.38910,-86.32831,0.1,217.6,511.0,JESSIES ENCORE,IMO0000000,WDK4811,37,,19,6,,,B
368058870,2022-01-04T11:29:01,30.38912,-86.32831,0.0,344.7,511.0,JESSIES ENCORE,IMO0000000,WDK4811,37,,19,6,,,B
368058870,2022-01-04T10:57:59,30.38911,-86.32827,0.0,1.3,511.0,JESSIES ENCORE,IMO0000000,WDK4811,37,,19,6,,,B
368058870,2022-01-04T11:19:58,30.38909,-86.32831,0.2,344.7,511.0,JESSIES ENCORE,IMO0000000,WDK4811,37,,19,6,,,B
368058870,2022-01-04T11:22:58,30.38910,-86.32831,0.0,344.7,511.0,JESSIES ENCORE,IMO0000000,WDK4811,37,,19,6,,,B
368058870,2022-01-04T11:25:59,30.38911,-86.32827,0.4,344.7,511.0,JESSIES ENCORE,IMO0000000,WDK4811,37,,19,6,,,B
368058870,2022-01-04T11:53:00,30.38911,-86.32831,0.0,31.7,511.0,JESSIES ENCORE,IMO0000000,WDK4811,37,,19,6,,,B
368058870,2022-01-04T11:57:00,30.38911,-86.32831,0.0,31.7,511.0,JESSIES ENCORE,IMO0000000,WDK4811,37,,19,6,,,B
368058870,2022-01-04T11:34:58,30.38914,-86.32831,0.0,344.7,511.0,JESSIES ENCORE,IMO0000000,WDK4811,37,,19,6,,,B
368058870,2022-01-04T10:39:59,30.38909,-86.32827,0.3,323.5,511.0,JESSIES ENCORE,IMO0000000,WDK4811,37,,19,6,,,B
368058870,2022-01-04T11:15:58,30.38910,-86.32832,0.3,344.7,511.0,JESSIES ENCORE,IMO0000000,WDK4811,37,,19,6,,,B
368058870,2022-01-04T12:11:59,30.38910,-86.32825,0.1,10.1,511.0,JESSIES ENCORE,IMO0000000,WDK4811,37,,19,6,,,B
368058870,2022-01-04T10:54:59,30.38913,-86.32831,0.0,1.3,511.0,JESSIES ENCORE,IMO0000000,WDK4811,37,,19,6,,,B
368058870,2022-01-04T07:17:59,30.38910,-86.32831,0.0,280.6,511.0,JESSIES ENCORE,IMO0000000,WDK4811,37,,19,6,,,B
368058870,2022-01-04T11:41:01,30.38910,-86.32832,0.0,344.7,511.0,JESSIES ENCORE,IMO0000000,WDK4811,37,,19,6,,,B
368058870,2022-01-04T12:19:01,30.38913,-86.32832,0.1,10.1,511.0,JESSIES ENCORE,IMO0000000,WDK4811,37,,19,6,,,B
368058870,2022-01-04T12:26:30,30.38903,-86.32831,0.0,131.6,511.0,JESSIES ENCORE,IMO0000000,WDK4811,37,,19,6,,,B
368058870,2022-01-04T11:37:58,30.38911,-86.32829,0.0,344.7,511.0,JESSIES ENCORE,IMO0000000,WDK4811,37,,19,6,,,B
368058870,2022-01-04T12:30:30,30.38905,-86.32827,1.0,124.0,511.0,JESSIES ENCORE,IMO0000000,WDK4811,37,,19,6,,,B
368058870,2022-01-04T11:49:59,30.38908,-86.32832,0.0,344.7,511.0,JESSIES ENCORE,IMO0000000,WDK4811,37,,19,6,,,B
368058870,2022-01-04T12:20:28,30.38916,-86.32837,0.2,10.1,511.0,JESSIES ENCORE,IMO0000000,WDK4811,37,,19,6,,,B
368058870,2022-01-04T12:23:28,30.38913,-86.32831,0.0,10.1,511.0,JESSIES ENCORE,IMO0000000,WDK4811,37,,19,6,,,B
368058870,2022-01-04T12:02:59,30.38910,-86.32827,0.1,79.9,511.0,JESSIES ENCORE,IMO0000000,WDK4811,37,,19,6,,,B
368058870,2022-01-04T12:29:01,30.38911,-86.32831,0.1,356.2,511.0,JESSIES ENCORE,IMO0000000,WDK4811,37,,19,6,,,B
368058870,2022-01-04T12:05:58,30.38912,-86.32831,0.1,10.1,511.0,JESSIES ENCORE,IMO0000000,WDK4811,37,,19,6,,,B
368058870,2022-01-04T07:50:59,30.38909,-86.32824,0.1,16.9,511.0,JESSIES ENCORE,IMO0000000,WDK4811,37,,19,6,,,B
368058870,2022-01-04T11:46:59,30.38909,-86.32832,0.2,344.7,511.0,JESSIES ENCORE,IMO0000000,WDK4811,37,,19,6,,,B
368058870,2022-01-04T12:33:28,30.38906,-86.32831,0.4,54.6,511.0,JESSIES ENCORE,IMO0000000,WDK4811,37,,19,6,,,B
368058870,2022-01-04T13:14:01,30.38910,-86.32832,0.0,264.8,91.0,JESSIES ENCORE,IMO0000000,WDK4811,37,,19,6,,,B
368058870,2022-01-04T13:19:58,30.38910,-86.32832,0.0,264.8,91.0,JESSIES ENCORE,IMO0000000,WDK4811,37,,19,6,,,B
368058870,2022-01-04T12:48:28,30.38911,-86.32832,0.0,118.3,92.0,JESSIES ENCORE,IMO0000000,WDK4811,37,,19,6,,,B
368058870,2022-01-04T12:45:29,30.38910,-86.32832,0.1,118.3,91.0,JESSIES ENCORE,IMO0000000,WDK4811,37,,19,6,,,B
368058870,2022-01-04T12:42:28,30.38908,-86.32832,0.4,118.3,92.0,JESSIES ENCORE,IMO0000000,WDK4811,37,,19,6,,,B
368058870,2022-01-04T13:05:58,30.38910,-86.32833,0.7,330.4,91.0,JESSIES ENCORE,IMO0000000,WDK4811,37,,19,6,,,B
368058870,2022-01-04T13:09:30,30.38906,-86.32835,0.1,264.8,91.0,JESSIES ENCORE,IMO0000000,WDK4811,37,,19,6,,,B
368058870,2022-01-04T13:10:59,30.38913,-86.32832,0.2,264.8,91.0,JESSIES ENCORE,IMO0000000,WDK4811,37,,19,6,,,B
368058870,2022-01-04T12:14:58,30.38913,-86.32832,0.2,10.1,511.0,JESSIES ENCORE,IMO0000000,WDK4811,37,,19,6,,,B
368058870,2022-01-04T13:16:58,30.38908,-86.32835,0.0,264.8,91.0,JESSIES ENCORE,IMO0000000,WDK4811,37,,19,6,,,B
368058870,2022-01-04T13:23:29,30.38912,-86.32831,0.2,345.1,91.0,JESSIES ENCORE,IMO0000000,WDK4811,37,,19,6,,,B
368058870,2022-01-04T13:53:58,30.38912,-86.32829,0.0,130.8,92.0,JESSIES ENCORE,IMO0000000,WDK4811,37,,19,6,,,B
368058870,2022-01-04T13:29:58,30.38911,-86.32832,0.1,345.1,91.0,JESSIES ENCORE,IMO0000000,WDK4811,37,,19,6,,,B
368058870,2022-01-04T12:39:29,30.38909,-86.32832,0.3,54.6,92.0,JESSIES ENCORE,IMO0000000,WDK4811,37,,19,6,,,B
368058870,2022-01-04T13:41:58,30.38912,-86.32831,0.1,18.5,91.0,JESSIES ENCORE,IMO0000000,WDK4811,37,,19,6,,,B
368058870,2022-01-04T13:47:59,30.38910,-86.32829,0.0,18.5,92.0,JESSIES ENCORE,IMO0000000,WDK4811,37,,19,6,,,B
368058870,2022-01-04T14:21:58,30.38796,-86.32863,0.2,165.6,3.0,JESSIES ENCORE,IMO0000000,WDK4811,37,,19,6,,,B
368058870,2022-01-04T13:26:59,30.38912,-86.32831,0.0,345.1,92.0,JESSIES ENCORE,IMO0000000,WDK4811,37,,19,6,,,B
368058870,2022-01-04T14:25:29,30.38796,-86.32857,0.4,98.7,5.0,JESSIES ENCORE,IMO0000000,WDK4811,37,,19,6,,,B
368058870,2022-01-04T12:54:28,30.38911,-86.32833,0.1,118.3,92.0,JESSIES ENCORE,IMO0000000,WDK4811,37,,19,6,,,B
368058870,2022-01-04T12:57:28,30.38908,-86.32831,0.2,31.6,91.0,JESSIES ENCORE,IMO0000000,WDK4811,37,,19,6,,,B
368058870,2022-01-04T10:00:59,30.38912,-86.32831,0.2,57.3,511.0,JESSIES ENCORE,IMO0000000,WDK4811,37,,19,6,,,B
368058870,2022-01-04T13:35:58,30.38912,-86.32833,0.0,345.1,91.0,JESSIES ENCORE,IMO0000000,WDK4811,37,,19,6,,,B
368058870,2022-01-04T14:40:59,30.38796,-86.32865,0.2,165.0,5.0,JESSIES ENCORE,IMO0000000,WDK4811,37,,19,6,,,B
368058870,2022-01-04T10:09:59,30.38910,-86.32832,0.0,311.0,511.0,JESSIES ENCORE,IMO0000000,WDK4811,37,,19,6,,,B
368058870,2022-01-04T14:19:29,30.38794,-86.32873,1.2,75.2,68.0,JESSIES ENCORE,IMO0000000,WDK4811,37,,19,6,,,B
368058870,2022-01-04T14:15:29,30.38912,-86.32806,0.3,80.5,46.0,JESSIES ENCORE,IMO0000000,WDK4811,37,,19,6,,,B
368058870,2022-01-04T14:31:58,30.38793,-86.32865,0.0,165.0,4.0,JESSIES ENCORE,IMO0000000,WDK4811,37,,19,6,,,B
368058870,2022-01-04T14:59:29,30.39661,-86.33681,7.8,322.3,323.0,JESSIES ENCORE,IMO0000000,WDK4811,37,,19,6,,,B
368058870,2022-01-04T15:14:28,30.42881,-86.32665,8.3,54.8,52.0,JESSIES ENCORE,IMO0000000,WDK4811,37,,19,6,,,B
368058870,2022-01-04T13:32:58,30.38911,-86.32832,0.1,345.1,92.0,JESSIES ENCORE,IMO0000000,WDK4811,37,,19,6,,,B
368058870,2022-01-04T15:18:29,30.43272,-86.31703,8.3,69.4,67.0,JESSIES ENCORE,IMO0000000,WDK4811,37,,19,6,,,B
368058870,2022-01-04T15:19:30,30.43359,-86.31447,8.2,68.3,66.0,JESSIES ENCORE,IMO0000000,WDK4811,37,,19,6,,,B
368058870,2022-01-04T13:38:58,30.38909,-86.32831,0.1,345.1,91.0,JESSIES ENCORE,IMO0000000,WDK4811,37,,19,6,,,B
368058870,2022-01-04T14:49:58,30.38793,-86.32863,0.4,165.0,4.0,JESSIES ENCORE,IMO0000000,WDK4811,37,,19,6,,,B
368058870,2022-01-04T15:20:58,30.43446,-86.31071,8.3,76.7,75.0,JESSIES ENCORE,IMO0000000,WDK4811,37,,19,6,,,B
368058870,2022-01-04T14:55:29,30.39141,-86.33060,6.1,311.9,313.0,JESSIES ENCORE,IMO0000000,WDK4811,37,,19,6,,,B
368058870,2022-01-04T14:56:58,30.39323,-86.33277,6.6,311.8,313.0,JESSIES ENCORE,IMO0000000,WDK4811,37,,19,6,,,B
368058870,2022-01-04T14:28:58,30.38792,-86.32863,0.0,166.9,5.0,JESSIES ENCORE,IMO0000000,WDK4811,37,,19,6,,,B
368058870,2022-01-04T15:00:28,30.39872,-86.33768,8.3,339.5,339.0,JESSIES ENCORE,IMO0000000,WDK4811,37,,19,6,,,B
368058870,2022-01-04T14:54:00,30.38969,-86.32921,4.6,359.0,0.0,JESSIES ENCORE,IMO0000000,WDK4811,37,,19,6,,,B
368058870,2022-01-04T13:50:58,30.38910,-86.32827,0.0,18.5,92.0,JESSIES ENCORE,IMO0000000,WDK4811,37,,19,6,,,B
368058870,2022-01-04T15:01:30,30.40101,-86.33872,8.6,336.9,337.0,JESSIES ENCORE,IMO0000000,WDK4811,37,,19,6,,,B
368058870,2022-01-04T15:09:00,30.41769,-86.33397,8.5,22.6,22.0,JESSIES ENCORE,IMO0000000,WDK4811,37,,19,6,,,B
368058870,2022-01-04T15:02:59,30.40438,-86.34022,8.9,342.9,345.0,JESSIES ENCORE,IMO0000000,WDK4811,37,,19,6,,,B
368058870,2022-01-04T13:55:28,30.38911,-86.32831,0.2,130.8,92.0,JESSIES ENCORE,IMO0000000,WDK4811,37,,19,6,,,B
368058870,2022-01-04T14:43:59,30.38795,-86.32866,0.1,165.0,5.0,JESSIES ENCORE,IMO0000000,WDK4811,37,,19,6,,,B
368058870,2022-01-04T15:39:59,30.43882,-86.25427,9.4,85.5,82.0,JESSIES ENCORE,IMO0000000,WDK4811,37,,19,6,,,B
368058870,2022-01-04T15:41:29,30.43892,-86.24971,9.1,88.1,86.0,JESSIES ENCORE,IMO0000000,WDK4811,37,,19,6,,,B
368058870,2022-01-04T15:44:28,30.43858,-86.24067,9.7,98.8,96.0,JESSIES ENCORE,IMO0000000,WDK4811,37,,19,6,,,B
368058870,2022-01-04T15:26:29,30.43624,-86.29509,9.4,82.7,77.0,JESSIES ENCORE,IMO0000000,WDK4811,37,,19,6,,,B
368058870,2022-01-04T15:22:29,30.43494,-86.30671,8.2,81.9,78.0,JESSIES ENCORE,IMO0000000,WDK4811,37,,19,6,,,B
368058870,2022-01-04T15:27:58,30.43667,-86.29051,9.7,87.1,83.0,JESSIES ENCORE,IMO0000000,WDK4811,37,,19,6,,,B
368058870,2022-01-04T15:53:00,30.42830,-86.22039,8.3,125.1,123.0,JESSIES ENCORE,IMO0000000,WDK4811,37,,19,6,,,B
368058870,2022-01-04T14:58:28,30.39516,-86.33522,6.7,312.4,313.0,JESSIES ENCORE,IMO0000000,WDK4811,37,,19,6,,,B
368058870,2022-01-04T15:25:28,30.43590,-86.29816,8.9,82.4,78.0,JESSIES ENCORE,IMO0000000,WDK4811,37,,19,6,,,B
368058870,2022-01-04T11:10:03,30.38912,-86.32832,0.1,343.9,511.0,JESSIES ENCORE,IMO0000000,WDK4811,37,,19,6,,,B
368058870,2022-01-04T16:02:29,30.41614,-86.19948,7.1,119.9,119.0,JESSIES ENCORE,IMO0000000,WDK4811,37,,19,6,,,B
368058870,2022-01-04T15:31:59,30.43733,-86.27839,9.5,85.8,83.0,JESSIES ENCORE,IMO0000000,WDK4811,37,,19,6,,,B
368058870,2022-01-04T15:37:58,30.43845,-86.26037,8.6,95.7,82.0,JESSIES ENCORE,IMO0000000,WDK4811,37,,19,6,,,B
368058870,2022-01-04T15:34:59,30.43787,-86.26935,9.3,85.5,82.0,JESSIES ENCORE,IMO0000000,WDK4811,37,,19,6,,,B
368058870,2022-01-04T15:36:30,30.43821,-86.26479,9.3,84.1,82.0,JESSIES ENCORE,IMO0000000,WDK4811,37,,19,6,,,B
368058870,2022-01-04T16:18:29,30.39763,-86.16195,8.6,114.4,111.0,JESSIES ENCORE,IMO0000000,WDK4811,37,,19,6,,,B
368058870,2022-01-04T15:13:00,30.42629,-86.32936,8.4,40.1,39.0,JESSIES ENCORE,IMO0000000,WDK4811,37,,19,6,,,B
368058870,2022-01-04T16:21:28,30.39462,-86.15447,8.7,115.6,112.0,JESSIES ENCORE,IMO0000000,WDK4811,37,,19,6,,,B
368058870,2022-01-04T15:47:30,30.43599,-86.23208,8.4,115.8,114.0,JESSIES ENCORE,IMO0000000,WDK4811,37,,19,6,,,B
368058870,2022-01-04T15:51:58,30.42964,-86.22256,8.3,125.3,123.0,JESSIES ENCORE,IMO0000000,WDK4811,37,,19,6,,,B
368058870,2022-01-04T15:50:29,30.43175,-86.22571,8.0,126.3,125.0,JESSIES ENCORE,IMO0000000,WDK4811,37,,19,6,,,B
368058870,2022-01-04T15:55:29,30.42512,-86.21486,8.5,127.8,127.0,JESSIES ENCORE,IMO0000000,WDK4811,37,,19,6,,,B
368058870,2022-01-04T16:01:00,30.41796,-86.20252,8.1,127.0,124.0,JESSIES ENCORE,IMO0000000,WDK4811,37,,19,6,,,B
368058870,2022-01-04T15:57:58,30.42188,-86.20933,8.4,118.3,116.0,JESSIES ENCORE,IMO0000000,WDK4811,37,,19,6,,,B
368058870,2022-01-04T15:28:59,30.43676,-86.28747,9.1,91.0,82.0,JESSIES ENCORE,IMO0000000,WDK4811,37,,19,6,,,B
368058870,2022-01-04T16:23:59,30.39211,-86.14824,8.4,114.4,111.0,JESSIES ENCORE,IMO0000000,WDK4811,37,,19,6,,,B
368058870,2022-01-04T15:30:58,30.43715,-86.28143,9.7,83.3,82.0,JESSIES ENCORE,IMO0000000,WDK4811,37,,19,6,,,B
368058870,2022-01-04T16:03:58,30.41453,-86.19634,8.5,121.2,119.0,JESSIES ENCORE,IMO0000000,WDK4811,37,,19,6,,,B
368058870,2022-01-04T15:33:31,30.43760,-86.27379,9.3,85.7,82.0,JESSIES ENCORE,IMO0000000,WDK4811,37,,19,6,,,B
368058870,2022-01-04T16:29:28,30.38658,-86.13431,8.6,114.3,110.0,JESSIES ENCORE,IMO0000000,WDK4811,37,,19,6,,,B
368058870,2022-01-04T16:06:00,30.41182,-86.19181,8.5,123.5,122.0,JESSIES ENCORE,IMO0000000,WDK4811,37,,19,6,,,B
368058870,2022-01-04T14:47:00,30.38794,-86.32863,0.0,165.0,5.0,JESSIES ENCORE,IMO0000000,WDK4811,37,,19,6,,,B
368058870,2022-01-04T16:07:28,30.40983,-86.18841,8.5,122.8,122.0,JESSIES ENCORE,IMO0000000,WDK4811,37,,19,6,,,B
368058870,2022-01-04T16:08:30,30.40844,-86.18613,8.3,128.0,121.0,JESSIES ENCORE,IMO0000000,WDK4811,37,,19,6,,,B
368058870,2022-01-04T16:12:28,30.40331,-86.17705,8.1,120.4,114.0,JESSIES ENCORE,IMO0000000,WDK4811,37,,19,6,,,B
368058870,2022-01-04T16:10:30,30.40579,-86.18154,8.3,123.3,120.0,JESSIES ENCORE,IMO0000000,WDK4811,37,,19,6,,,B
368058870,2022-01-04T14:52:58,30.38850,-86.32899,4.4,340.7,339.0,JESSIES ENCORE,IMO0000000,WDK4811,37,,19,6,,,B
368058870,2022-01-04T16:37:28,30.37891,-86.11335,9.3,113.6,110.0,JESSIES ENCORE,IMO0000000,WDK4811,37,,19,6,,,B
368058870,2022-01-04T15:46:01,30.43761,-86.23610,9.2,108.8,105.0,JESSIES ENCORE,IMO0000000,WDK4811,37,,19,6,,,B
368058870,2022-01-04T16:19:59,30.39614,-86.15823,8.6,114.6,112.0,JESSIES ENCORE,IMO0000000,WDK4811,37,,19,6,,,B
368058870,2022-01-04T16:22:29,30.39360,-86.15197,8.6,114.5,112.0,JESSIES ENCORE,IMO0000000,WDK4811,37,,19,6,,,B
368058870,2022-01-04T16:55:59,30.35492,-86.07397,9.9,98.0,94.0,JESSIES ENCORE,IMO0000000,WDK4811,37,,19,6,,,B
368058870,2022-01-04T15:56:30,30.42366,-86.21266,8.3,124.9,123.0,JESSIES ENCORE,IMO0000000,WDK4811,37,,19,6,,,B
368058870,2022-01-04T16:48:58,30.36073,-86.09214,6.8,139.9,136.0,JESSIES ENCORE,IMO0000000,WDK4811,37,,19,6,,,B
368058870,2022-01-04T16:28:00,30.38805,-86.13801,8.0,117.4,111.0,JESSIES ENCORE,IMO0000000,WDK4811,37,,19,6,,,B
368058870,2022-01-04T15:06:29,30.41219,-86.33681,8.6,24.4,22.0,JESSIES ENCORE,IMO0000000,WDK4811,37,,19,6,,,B
368058870,2022-01-04T16:51:31,30.35743,-86.08717,9.9,117.4,114.0,JESSIES ENCORE,IMO0000000,WDK4811,37,,19,6,,,B
368058870,2022-01-04T17:01:28,30.35310,-86.05965,9.7,99.5,96.0,JESSIES ENCORE,IMO0000000,WDK4811,37,,19,6,,,B
368058870,2022-01-04T15:07:59,30.41545,-86.33511,8.7,23.7,23.0,JESSIES ENCORE,IMO0000000,WDK4811,37,,19,6,,,B
368058870,2022-01-04T16:31:29,30.38465,-86.12917,8.4,113.9,109.0,JESSIES ENCORE,IMO0000000,WDK4811,37,,19,6,,,B
368058870,2022-01-04T16:33:00,30.38325,-86.12534,8.6,112.4,108.0,JESSIES ENCORE,IMO0000000,WDK4811,37,,19,6,,,B
368058870,2022-01-04T16:59:31,30.35386,-86.06459,6.9,96.5,91.0,JESSIES ENCORE,IMO0000000,WDK4811,37,,19,6,,,B
368058870,2022-01-04T16:41:58,30.37182,-86.10249,9.6,140.6,138.0,JESSIES ENCORE,IMO0000000,WDK4811,37,,19,6,,,B
368058870,2022-01-04T16:45:59,30.36533,-86.09647,6.7,142.2,140.0,JESSIES ENCORE,IMO0000000,WDK4811,37,,19,6,,,B
368058870,2022-01-04T17:10:03,30.34862,-86.03392,9.7,121.4,118.0,JESSIES ENCORE,IMO0000000,WDK4811,37,,19,6,,,B
368058870,2022-01-04T16:16:29,30.39965,-86.16693,8.8,111.9,110.0,JESSIES ENCORE,IMO0000000,WDK4811,37,,19,6,,,B
368058870,2022-01-04T17:14:01,30.34199,-86.02474,9.4,149.8,147.0,JESSIES ENCORE,IMO0000000,WDK4811,37,,19,6,,,B
368058870,2022-01-04T15:24:00,30.43539,-86.30265,9.0,81.6,78.0,JESSIES ENCORE,IMO0000000,WDK4811,37,,19,6,,,B
368058870,2022-01-04T16:58:30,30.35411,-86.06697,7.8,98.8,93.0,JESSIES ENCORE,IMO0000000,WDK4811,37,,19,6,,,B
368058870,2022-01-04T17:33:00,30.31136,-85.98425,9.2,94.9,88.0,JESSIES ENCORE,IMO0000000,WDK4811,37,,19,6,,,B
368058870,2022-01-04T16:26:59,30.38906,-86.14061,8.3,115.3,111.0,JESSIES ENCORE,IMO0000000,WDK4811,37,,19,6,,,B
368058870,2022-01-04T12:27:58,30.38907,-86.32829,0.2,356.2,511.0,JESSIES ENCORE,IMO0000000,WDK4811,37,,19,6,,,B
368058870,2022-01-04T17:07:29,30.35082,-86.04151,8.6,100.0,95.0,JESSIES ENCORE,IMO0000000,WDK4811,37,,19,6,,,B
368058870,2022-01-04T17:43:29,30.32117,-85.95509,9.4,60.5,57.0,JESSIES ENCORE,IMO0000000,WDK4811,37,,19,6,,,B
368058870,2022-01-04T17:05:59,30.35143,-86.04593,9.7,99.1,95.0,JESSIES ENCORE,IMO0000000,WDK4811,37,,19,6,,,B
368058870,2022-01-04T12:36:29,30.38908,-86.32831,0.3,54.6,89.0,JESSIES ENCORE,IMO0000000,WDK4811,37,,19,6,,,B
368058870,2022-01-04T17:30:58,30.31155,-85.99043,9.5,93.0,88.0,JESSIES ENCORE,IMO0000000,WDK4811,37,,19,6,,,B
368058870,2022-01-04T17:11:29,30.34661,-86.03017,9.4,122.8,120.0,JESSIES ENCORE,IMO0000000,WDK4811,37,,19,6,,,B
368058870,2022-01-04T17:51:58,30.31997,-85.93087,9.6,109.5,105.0,JESSIES ENCORE,IMO0000000,WDK4811,37,,19,6,,,B
368058870,2022-01-04T17:38:59,30.31537,-85.96715,9.2,58.9,57.0,JESSIES ENCORE,IMO0000000,WDK4811,37,,19,6,,,B
368058870,2022-01-04T16:44:32,30.36749,-86.09847,6.7,137.5,135.0,JESSIES ENCORE,IMO0000000,WDK4811,37,,19,6,,,B
368058870,2022-01-04T17:47:59,30.32330,-85.94241,9.5,107.5,104.0,JESSIES ENCORE,IMO0000000,WDK4811,37,,19,6,,,B
368058870,2022-01-04T18:04:29,30.31455,-85.89425,9.4,82.2,78.0,JESSIES ENCORE,IMO0000000,WDK4811,37,,19,6,,,B
368058870,2022-01-04T12:51:28,30.38906,-86.32829,0.3,118.3,91.0,JESSIES ENCORE,IMO0000000,WDK4811,37,,19,6,,,B
368058870,2022-01-04T17:34:28,30.31117,-85.97977,9.5,90.7,86.0,JESSIES ENCORE,IMO0000000,WDK4811,37,,19,6,,,B
368058870,2022-01-04T17:57:29,30.31543,-85.91499,9.5,109.6,105.0,JESSIES ENCORE,IMO0000000,WDK4811,37,,19,6,,,B
368058870,2022-01-04T17:41:32,30.31867,-85.96035,9.0,57.1,56.0,JESSIES ENCORE,IMO0000000,WDK4811,37,,19,6,,,B
368058870,2022-01-04T17:40:00,30.31663,-85.96434,9.6,61.7,57.0,JESSIES ENCORE,IMO0000000,WDK4811,37,,19,6,,,B
368058870,2022-01-04T17:08:30,30.35032,-86.03827,9.4,102.8,99.0,JESSIES ENCORE,IMO0000000,WDK4811,37,,19,6,,,B
368058870,2022-01-04T18:27:00,30.28180,-85.84409,8.7,138.1,135.0,JESSIES ENCORE,IMO0000000,WDK4811,37,,19,6,,,B
368058870,2022-01-04T16:13:30,30.40223,-86.17449,8.4,117.0,112.0,JESSIES ENCORE,IMO0000000,WDK4811,37,,19,6,,,B
368058870,2022-01-04T17:49:58,30.32159,-85.93669,9.5,109.4,105.0,JESSIES ENCORE,IMO0000000,WDK4811,37,,19,6,,,B
368058870,2022-01-04T17:16:28,30.33639,-86.02069,9.6,149.6,147.0,JESSIES ENCORE,IMO0000000,WDK4811,37,,19,6,,,B
368058870,2022-01-04T17:54:28,30.31802,-85.92361,9.4,107.5,105.0,JESSIES ENCORE,IMO0000000,WDK4811,37,,19,6,,,B
368058870,2022-01-04T17:55:29,30.31713,-85.92072,9.4,108.7,105.0,JESSIES ENCORE,IMO0000000,WDK4811,37,,19,6,,,B
368058870,2022-01-04T17:19:28,30.32962,-86.01613,9.3,149.4,147.0,JESSIES ENCORE,IMO0000000,WDK4811,37,,19,6,,,B
368058870,2022-01-04T18:45:29,30.26342,-85.79839,8.6,99.5,96.0,JESSIES ENCORE,IMO0000000,WDK4811,37,,19,6,,,B
368058870,2022-01-04T18:46:31,30.26300,-85.79555,8.7,98.9,94.0,JESSIES ENCORE,IMO0000000,WDK4811,37,,19,6,,,B
368058870,2022-01-04T18:01:29,30.31370,-85.90324,9.4,83.4,80.0,JESSIES ENCORE,IMO0000000,WDK4811,37,,19,6,,,B
368058870,2022-01-04T17:26:58,30.31384,-86.00218,9.0,120.9,117.0,JESSIES ENCORE,IMO0000000,WDK4811,37,,19,6,,,B
368058870,2022-01-04T17:29:00,30.31200,-85.99637,9.7,100.7,95.0,JESSIES ENCORE,IMO0000000,WDK4811,37,,19,6,,,B
368058870,2022-01-04T16:34:29,30.38184,-86.12153,8.7,114.7,109.0,JESSIES ENCORE,IMO0000000,WDK4811,37,,19,6,,,B
368058870,2022-01-04T18:07:28,30.31532,-85.88530,9.5,84.3,80.0,JESSIES ENCORE,IMO0000000,WDK4811,37,,19,6,,,B
368058870,2022-01-04T18:11:58,30.31100,-85.87375,9.0,138.2,135.0,JESSIES ENCORE,IMO0000000,WDK4811,37,,19,6,,,B
368058870,2022-01-04T17:35:29,30.31128,-85.97673,9.2,78.9,72.0,JESSIES ENCORE,IMO0000000,WDK4811,37,,19,6,,,B
368058870,2022-01-04T18:16:29,30.30223,-85.86471,9.3,141.4,136.0,JESSIES ENCORE,IMO0000000,WDK4811,37,,19,6,,,B
368058870,2022-01-04T18:17:59,30.29932,-85.86172,9.4,137.3,135.0,JESSIES ENCORE,IMO0000000,WDK4811,37,,19,6,,,B
368058870,2022-01-04T16:38:29,30.37786,-86.11045,9.5,112.5,108.0,JESSIES ENCORE,IMO0000000,WDK4811,37,,19,6,,,B
368058870,2022-01-04T18:14:58,30.30521,-85.86773,9.2,139.1,136.0,JESSIES ENCORE,IMO0000000,WDK4811,37,,19,6,,,B
368058870,2022-01-04T18:20:29,30.29444,-85.85683,9.1,131.9,132.0,JESSIES ENCORE,IMO0000000,WDK4811,37,,19,6,,,B
368058870,2022-01-04T18:19:01,30.29729,-85.85972,9.2,140.2,136.0,JESSIES ENCORE,IMO0000000,WDK4811,37,,19,6,,,B
368058870,2022-01-04T16:42:59,30.36980,-86.10063,7.7,139.1,137.0,JESSIES ENCORE,IMO0000000,WDK4811,37,,19,6,,,B
368058870,2022-01-04T18:49:59,30.26188,-85.78597,8.3,97.5,95.0,JESSIES ENCORE,IMO0000000,WDK4811,37,,19,6,,,B
368058870,2022-01-04T17:45:59,30.32398,-85.94826,9.2,77.8,75.0,JESSIES ENCORE,IMO0000000,WDK4811,37,,19,6,,,B
368058870,2022-01-04T18:28:30,30.27908,-85.84123,8.6,137.4,137.0,JESSIES ENCORE,IMO0000000,WDK4811,37,,19,6,,,B
368058870,2022-01-04T18:29:59,30.27644,-85.83845,8.6,130.9,128.0,JESSIES ENCORE,IMO0000000,WDK4811,37,,19,6,,,B
368058870,2022-01-04T18:23:28,30.28861,-85.85096,9.3,138.8,136.0,JESSIES ENCORE,IMO0000000,WDK4811,37,,19,6,,,B
368058870,2022-01-04T19:01:28,30.25010,-85.75853,8.3,127.6,126.0,JESSIES ENCORE,IMO0000000,WDK4811,37,,19,6,,,B
368058870,2022-01-04T18:34:59,30.27073,-85.82619,8.5,118.0,114.0,JESSIES ENCORE,IMO0000000,WDK4811,37,,19,6,,,B
368058870,2022-01-04T16:50:29,30.35878,-86.08960,6.9,126.5,123.0,JESSIES ENCORE,IMO0000000,WDK4811,37,,19,6,,,B
368058870,2022-01-04T18:37:58,30.26735,-85.81878,8.4,110.9,106.0,JESSIES ENCORE,IMO0000000,WDK4811,37,,19,6,,,B
368058870,2022-01-04T19:06:30,30.24267,-85.74873,3.6,144.4,145.0,JESSIES ENCORE,IMO0000000,WDK4811,37,,19,6,,,B
368058870,2022-01-04T18:39:28,30.26640,-85.81470,8.6,101.5,99.0,JESSIES ENCORE,IMO0000000,WDK4811,37,,19,6,,,B
368058870,2022-01-04T17:59:30,30.31388,-85.90915,9.5,103.1,100.0,JESSIES ENCORE,IMO0000000,WDK4811,37,,19,6,,,B
368058870,2022-01-04T19:11:00,30.23637,-85.74295,8.0,144.9,143.0,JESSIES ENCORE,IMO0000000,WDK4811,37,,19,6,,,B
368058870,2022-01-04T18:43:01,30.26443,-85.80506,8.4,103.7,99.0,JESSIES ENCORE,IMO0000000,WDK4811,37,,19,6,,,B
368058870,2022-01-04T18:48:58,30.26220,-85.78877,8.1,97.1,94.0,JESSIES ENCORE,IMO0000000,WDK4811,37,,19,6,,,B
368058870,2022-01-04T19:16:30,30.22566,-85.73491,8.5,160.0,158.0,JESSIES ENCORE,IMO0000000,WDK4811,37,,19,6,,,B
368058870,2022-01-04T17:02:30,30.35261,-86.05656,9.5,100.2,97.0,JESSIES ENCORE,IMO0000000,WDK4811,37,,19,6,,,B
368058870,2022-01-04T19:34:59,30.18564,-85.74162,8.4,178.3,181.0,JESSIES ENCORE,IMO0000000,WDK4811,37,,19,6,,,B
368058870,2022-01-04T18:51:29,30.26128,-85.78195,8.6,99.7,95.0,JESSIES ENCORE,IMO0000000,WDK4811,37,,19,6,,,B
368058870,2022-01-04T18:08:29,30.31560,-85.88224,9.5,82.0,82.0,JESSIES ENCORE,IMO0000000,WDK4811,37,,19,6,,,B
368058870,2022-01-04T18:56:28,30.25744,-85.76925,8.3,124.9,122.0,JESSIES ENCORE,IMO0000000,WDK4811,37,,19,6,,,B
368058870,2022-01-04T18:52:59,30.26073,-85.77785,8.5,98.8,95.0,JESSIES ENCORE,IMO0000000,WDK4811,37,,19,6,,,B
368058870,2022-01-04T19:42:58,30.17157,-85.72941,8.3,121.2,117.0,JESSIES ENCORE,IMO0000000,WDK4811,37,,19,6,,,B
368058870,2022-01-04T19:48:59,30.16405,-85.71497,8.7,121.7,117.0,JESSIES ENCORE,IMO0000000,WDK4811,37,,19,6,,,B
368058870,2022-01-04T18:24:29,30.28658,-85.84896,9.1,139.7,137.0,JESSIES ENCORE,IMO0000000,WDK4811,37,,19,6,,,B
368058870,2022-01-04T19:53:00,30.15817,-85.70638,8.5,128.7,123.0,JESSIES ENCORE,IMO0000000,WDK4811,37,,19,6,,,B
368058870,2022-01-04T18:31:29,30.27468,-85.83481,8.6,117.0,113.0,JESSIES ENCORE,IMO0000000,WDK4811,37,,19,6,,,B
368058870,2022-01-04T19:13:00,30.23258,-85.73985,8.4,144.3,142.0,JESSIES ENCORE,IMO0000000,WDK4811,37,,19,6,,,B
368058870,2022-01-04T19:20:58,30.21562,-85.73119,8.4,161.4,160.0,JESSIES ENCORE,IMO0000000,WDK4811,37,,19,6,,,B
368058870,2022-01-04T17:27:59,30.31266,-85.99940,9.3,110.7,108.0,JESSIES ENCORE,IMO0000000,WDK4811,37,,19,6,,,B
368058870,2022-01-04T20:05:59,30.14620,-85.67245,8.8,110.3,109.0,JESSIES ENCORE,IMO0000000,WDK4811,37,,19,6,,,B
368058870,2022-01-04T19:26:28,30.20358,-85.73445,8.2,204.6,204.0,JESSIES ENCORE,IMO0000000,WDK4811,37,,19,6,,,B
368058870,2022-01-04T19:22:28,30.21221,-85.73057,8.2,192.2,194.0,JESSIES ENCORE,IMO0000000,WDK4811,37,,19,6,,,B
368058870,2022-01-04T20:11:28,30.13851,-85.65794,9.8,126.8,120.0,JESSIES ENCORE,IMO0000000,WDK4811,37,,19,6,,,B
368058870,2022-01-04T19:28:28,30.19932,-85.73687,8.2,207.1,207.0,JESSIES ENCORE,IMO0000000,WDK4811,37,,19,6,,,B
368058870,2022-01-04T19:24:58,30.20678,-85.73285,7.2,200.8,202.0,JESSIES ENCORE,IMO0000000,WDK4811,37,,19,6,,,B
368058870,2022-01-04T19:31:01,30.19406,-85.74004,8.4,207.4,207.0,JESSIES ENCORE,IMO0000000,WDK4811,37,,19,6,,,B
368058870,2022-01-04T20:02:59,30.14887,-85.68045,9.1,111.4,109.0,JESSIES ENCORE,IMO0000000,WDK4811,37,,19,6,,,B
368058870,2022-01-04T20:15:58,30.13189,-85.64728,7.7,97.4,91.0,JESSIES ENCORE,IMO0000000,WDK4811,37,,19,6,,,B
368058870,2022-01-04T19:36:29,30.18205,-85.74151,8.4,165.5,161.0,JESSIES ENCORE,IMO0000000,WDK4811,37,,19,6,,,B
368058870,2022-01-04T19:37:58,30.17904,-85.73931,8.4,146.4,147.0,JESSIES ENCORE,IMO0000000,WDK4811,37,,19,6,,,B
368058870,2022-01-04T19:33:58,30.18777,-85.74153,5.7,184.5,180.0,JESSIES ENCORE,IMO0000000,WDK4811,37,,19,6,,,B
368058870,2022-01-04T20:21:58,30.13038,-85.63113,8.9,95.6,92.0,JESSIES ENCORE,IMO0000000,WDK4811,37,,19,6,,,B
368058870,2022-01-04T20:10:02,30.14089,-85.66162,9.3,125.9,122.0,JESSIES ENCORE,IMO0000000,WDK4811,37,,19,6,,,B
368058870,2022-01-04T18:57:58,30.25527,-85.76597,8.5,129.4,127.0,JESSIES ENCORE,IMO0000000,WDK4811,37,,19,6,,,B
368058870,2022-01-04T20:13:28,30.13472,-85.65333,9.9,141.5,138.0,JESSIES ENCORE,IMO0000000,WDK4811,37,,19,6,,,B
368058870,2022-01-04T19:39:01,30.17690,-85.73783,8.9,148.7,145.0,JESSIES ENCORE,IMO0000000,WDK4811,37,,19,6,,,B
368058870,2022-01-04T20:32:28,30.11302,-85.61297,9.3,169.1,168.0,JESSIES ENCORE,IMO0000000,WDK4811,37,,19,6,,,B
368058870,2022-01-04T19:45:31,30.16843,-85.72334,8.8,121.1,117.0,JESSIES ENCORE,IMO0000000,WDK4811,37,,19,6,,,B
368058870,2022-01-04T19:47:28,30.16593,-85.71862,8.6,120.0,116.0,JESSIES ENCORE,IMO0000000,WDK4811,37,,19,6,,,B
368058870,2022-01-04T19:50:28,30.16193,-85.71162,8.5,130.2,129.0,JESSIES ENCORE,IMO0000000,WDK4811,37,,19,6,,,B
368058870,2022-01-04T20:26:30,30.12815,-85.61803,9.4,126.9,126.0,JESSIES ENCORE,IMO0000000,WDK4811,37,,19,6,,,B
368058870,2022-01-04T19:51:59,30.15970,-85.70851,8.3,128.9,127.0,JESSIES ENCORE,IMO0000000,WDK4811,37,,19,6,,,B
368058870,2022-01-04T19:54:58,30.15609,-85.70145,8.8,112.5,108.0,JESSIES ENCORE,IMO0000000,WDK4811,37,,19,6,,,B
368058870,2022-01-04T19:56:30,30.15465,-85.69751,8.5,112.9,108.0,JESSIES ENCORE,IMO0000000,WDK4811,37,,19,6,,,B
368058870,2022-01-04T20:44:00,30.10129,-85.61899,0.5,283.9,49.0,JESSIES ENCORE,IMO0000000,WDK4811,37,,19,6,,,B
368058870,2022-01-04T15:04:28,30.40776,-86.33913,9.1,24.4,22.0,JESSIES ENCORE,IMO0000000,WDK4811,37,,19,6,,,B
368058870,2022-01-04T20:33:29,30.11052,-85.61253,9.0,173.3,174.0,JESSIES ENCORE,IMO0000000,WDK4811,37,,19,6,,,B
368058870,2022-01-04T19:17:58,30.22233,-85.73364,8.5,163.3,159.0,JESSIES ENCORE,IMO0000000,WDK4811,37,,19,6,,,B
368058870,2022-01-04T20:37:31,30.10279,-85.61423,6.5,233.9,234.0,JESSIES ENCORE,IMO0000000,WDK4811,37,,19,6,,,B
368058870,2022-01-04T19:19:29,30.21892,-85.73242,7.6,162.8,161.0,JESSIES ENCORE,IMO0000000,WDK4811,37,,19,6,,,B
368058870,2022-01-04T20:39:59,30.10047,-85.61810,5.6,280.8,282.0,JESSIES ENCORE,IMO0000000,WDK4811,37,,19,6,,,B
368058870,2022-01-04T18:10:29,30.31382,-85.87679,9.4,136.6,136.0,JESSIES ENCORE,IMO0000000,WDK4811,37,,19,6,,,B
368058870,2022-01-04T20:04:28,30.14754,-85.67641,9.4,112.0,109.0,JESSIES ENCORE,IMO0000000,WDK4811,37,,19,6,,,B
368058870,2022-01-04T15:10:59,30.42198,-86.33177,8.8,21.0,23.0,JESSIES ENCORE,IMO0000000,WDK4811,37,,19,6,,,B
368058870,2022-01-04T18:13:31,30.30806,-85.87064,9.3,136.6,135.0,JESSIES ENCORE,IMO0000000,WDK4811,37,,19,6,,,B
368058870,2022-01-04T20:14:29,30.13271,-85.65119,9.5,124.1,114.0,JESSIES ENCORE,IMO0000000,WDK4811,37,,19,6,,,B
368058870,2022-01-04T20:09:00,30.14247,-85.66419,9.9,125.3,122.0,JESSIES ENCORE,IMO0000000,WDK4811,37,,19,6,,,B
368058870,2022-01-04T15:15:58,30.43045,-86.32315,8.2,64.8,62.0,JESSIES ENCORE,IMO0000000,WDK4811,37,,19,6,,,B
368058870,2022-01-04T20:19:01,30.13112,-85.63978,8.4,96.5,92.0,JESSIES ENCORE,IMO0000000,WDK4811,37,,19,6,,,B
368058870,2022-01-04T19:29:59,30.19621,-85.73872,8.2,207.9,207.0,JESSIES ENCORE,IMO0000000,WDK4811,37,,19,6,,,B
368058870,2022-01-04T21:07:30,30.10136,-85.61919,0.1,4.2,511.0,JESSIES ENCORE,IMO0000000,WDK4811,37,,19,6,,,B
368058870,2022-01-04T15:17:28,30.43188,-86.31951,8.1,67.1,65.0,JESSIES ENCORE,IMO0000000,WDK4811,37,,19,6,,,B
368058870,2022-01-04T20:56:28,30.10133,-85.61924,0.0,28.5,511.0,JESSIES ENCORE,IMO0000000,WDK4811,37,,19,6,,,B
368058870,2022-01-04T20:24:59,30.12917,-85.62243,9.3,99.5,94.0,JESSIES ENCORE,IMO0000000,WDK4811,37,,19,6,,,B
368058870,2022-01-04T20:27:59,30.12466,-85.61597,9.6,168.6,166.0,JESSIES ENCORE,IMO0000000,WDK4811,37,,19,6,,,B
368058870,2022-01-04T18:25:58,30.28369,-85.84605,8.6,136.8,137.0,JESSIES ENCORE,IMO0000000,WDK4811,37,,19,6,,,B
368058870,2022-01-04T21:04:31,30.10139,-85.61917,0.2,301.8,511.0,JESSIES ENCORE,IMO0000000,WDK4811,37,,19,6,,,B
368058870,2022-01-04T19:44:00,30.17032,-85.72694,8.7,120.6,116.0,JESSIES ENCORE,IMO0000000,WDK4811,37,,19,6,,,B
368058870,2022-01-04T20:30:59,30.11694,-85.61393,9.6,166.5,165.0,JESSIES ENCORE,IMO0000000,WDK4811,37,,19,6,,,B
368058870,2022-01-04T20:41:30,30.10112,-85.61937,0.8,344.2,31.0,JESSIES ENCORE,IMO0000000,WDK4811,37,,19,6,,,B
368058870,2022-01-04T20:35:28,30.10609,-85.61199,7.5,181.0,186.0,JESSIES ENCORE,IMO0000000,WDK4811,37,,19,6,,,B
368058870,2022-01-04T18:33:29,30.27247,-85.82993,8.8,117.5,114.0,JESSIES ENCORE,IMO0000000,WDK4811,37,,19,6,,,B
368058870,2022-01-04T21:12:29,30.10140,-85.61916,0.6,6.5,511.0,JESSIES ENCORE,IMO0000000,WDK4811,37,,19,6,,,B
368058870,2022-01-04T20:38:58,30.10102,-85.61647,6.0,227.7,229.0,JESSIES ENCORE,IMO0000000,WDK4811,37,,19,6,,,B
368058870,2022-01-04T21:15:29,30.10142,-85.61914,0.0,6.5,511.0,JESSIES ENCORE,IMO0000000,WDK4811,37,,19,6,,,B
368058870,2022-01-04T21:31:59,30.10140,-85.61919,0.0,333.0,511.0,JESSIES ENCORE,IMO0000000,WDK4811,37,,19,6,,,B
368058870,2022-01-04T20:53:29,30.10137,-85.61927,0.0,28.5,511.0,JESSIES ENCORE,IMO0000000,WDK4811,37,,19,6,,,B
368058870,2022-01-04T15:43:01,30.43894,-86.24509,9.4,89.7,86.0,JESSIES ENCORE,IMO0000000,WDK4811,37,,19,6,,,B
368058870,2022-01-04T21:28:59,30.10139,-85.61919,0.0,333.0,511.0,JESSIES ENCORE,IMO0000000,WDK4811,37,,19,6,,,B
368058870,2022-01-04T20:07:29,30.14473,-85.66826,9.6,118.0,117.0,JESSIES ENCORE,IMO0000000,WDK4811,37,,19,6,,,B
368058870,2022-01-04T15:48:59,30.43390,-86.22889,8.2,127.8,126.0,JESSIES ENCORE,IMO0000000,WDK4811,37,,19,6,,,B
368058870,2022-01-04T21:08:58,30.10138,-85.61917,0.0,4.2,511.0,JESSIES ENCORE,IMO0000000,WDK4811,37,,19,6,,,B
368058870,2022-01-04T21:02:29,30.10134,-85.61921,0.2,301.8,511.0,JESSIES ENCORE,IMO0000000,WDK4811,37,,19,6,,,B
368058870,2022-01-04T18:58:59,30.25372,-85.76382,8.3,129.7,126.0,JESSIES ENCORE,IMO0000000,WDK4811,37,,19,6,,,B
368058870,2022-01-04T20:17:29,30.13147,-85.64355,7.7,96.6,92.0,JESSIES ENCORE,IMO0000000,WDK4811,37,,19,6,,,B
368058870,2022-01-04T20:20:28,30.13071,-85.63548,9.2,95.6,92.0,JESSIES ENCORE,IMO0000000,WDK4811,37,,19,6,,,B
368058870,2022-01-04T19:02:30,30.24866,-85.75639,8.3,127.3,126.0,JESSIES ENCORE,IMO0000000,WDK4811,37,,19,6,,,B
368058870,2022-01-04T16:04:59,30.41321,-86.19407,8.5,121.8,122.0,JESSIES ENCORE,IMO0000000,WDK4811,37,,19,6,,,B
368058870,2022-01-04T19:05:00,30.24500,-85.75114,8.4,136.3,136.0,JESSIES ENCORE,IMO0000000,WDK4811,37,,19,6,,,B
368058870,2022-01-04T16:15:03,30.40086,-86.17062,8.2,111.0,107.0,JESSIES ENCORE,IMO0000000,WDK4811,37,,19,6,,,B
368058870,2022-01-04T22:17:02,30.10135,-85.61904,0.0,346.0,511.0,JESSIES ENCORE,IMO0000000,WDK4811,37,,19,6,,,B
368058870,2022-01-04T20:42:59,30.10132,-85.61906,1.2,26.7,88.0,JESSIES ENCORE,IMO0000000,WDK4811,37,,19,6,,,B
368058870,2022-01-04T16:25:29,30.39061,-86.14447,8.6,114.0,111.0,JESSIES ENCORE,IMO0000000,WDK4811,37,,19,6,,,B
368058870,2022-01-04T21:49:59,30.10140,-85.61916,0.0,333.0,511.0,JESSIES ENCORE,IMO0000000,WDK4811,37,,19,6,,,B
368058870,2022-01-04T16:35:58,30.38039,-86.11755,9.1,112.7,110.0,JESSIES ENCORE,IMO0000000,WDK4811,37,,19,6,,,B
368058870,2022-01-04T22:05:03,30.10132,-85.61903,0.0,346.0,511.0,JESSIES ENCORE,IMO0000000,WDK4811,37,,19,6,,,B
368058870,2022-01-04T22:34:59,30.10139,-85.61906,0.2,308.3,511.0,JESSIES ENCORE,IMO0000000,WDK4811,37,,19,6,,,B
368058870,2022-01-04T21:46:59,30.10139,-85.61909,0.0,333.0,511.0,JESSIES ENCORE,IMO0000000,WDK4811,37,,19,6,,,B
368058870,2022-01-04T16:40:29,30.37496,-86.10543,9.7,141.4,139.0,JESSIES ENCORE,IMO0000000,WDK4811,37,,19,6,,,B
368058870,2022-01-04T21:55:59,30.10137,-85.61919,0.0,333.0,511.0,JESSIES ENCORE,IMO0000000,WDK4811,37,,19,6,,,B
368058870,2022-01-04T22:14:00,30.10135,-85.61901,0.0,346.0,511.0,JESSIES ENCORE,IMO0000000,WDK4811,37,,19,6,,,B
368058870,2022-01-04T22:56:03,30.10135,-85.61919,0.0,308.3,511.0,JESSIES ENCORE,IMO0000000,WDK4811,37,,19,6,,,B
368058870,2022-01-04T16:47:28,30.36299,-86.09433,7.2,143.3,142.0,JESSIES ENCORE,IMO0000000,WDK4811,37,,19,6,,,B
368058870,2022-01-04T21:21:29,30.10137,-85.61919,0.1,333.0,511.0,JESSIES ENCORE,IMO0000000,WDK4811,37,,19,6,,,B
368058870,2022-01-04T22:52:59,30.10133,-85.61917,0.0,308.3,511.0,JESSIES ENCORE,IMO0000000,WDK4811,37,,19,6,,,B
368058870,2022-01-04T21:25:58,30.10140,-85.61919,0.4,333.0,511.0,JESSIES ENCORE,IMO0000000,WDK4811,37,,19,6,,,B
368058870,2022-01-04T22:11:00,30.10133,-85.61901,0.0,346.0,511.0,JESSIES ENCORE,IMO0000000,WDK4811,37,,19,6,,,B
368058870,2022-01-04T16:52:59,30.35605,-86.08288,9.8,104.1,98.0,JESSIES ENCORE,IMO0000000,WDK4811,37,,19,6,,,B
368058870,2022-01-04T16:54:58,30.35531,-86.07697,6.8,95.6,94.0,JESSIES ENCORE,IMO0000000,WDK4811,37,,19,6,,,B
368058870,2022-01-04T21:34:59,30.10142,-85.61917,0.0,333.0,511.0,JESSIES ENCORE,IMO0000000,WDK4811,37,,19,6,,,B
368058870,2022-01-04T20:00:58,30.15067,-85.68589,8.8,108.4,108.0,JESSIES ENCORE,IMO0000000,WDK4811,37,,19,6,,,B
368058870,2022-01-04T22:25:59,30.10134,-85.61901,0.1,50.4,511.0,JESSIES ENCORE,IMO0000000,WDK4811,37,,19,6,,,B
368058870,2022-01-04T21:44:01,30.10140,-85.61911,0.3,333.0,511.0,JESSIES ENCORE,IMO0000000,WDK4811,37,,19,6,,,B
368058870,2022-01-04T22:44:00,30.10138,-85.61917,0.1,308.3,511.0,JESSIES ENCORE,IMO0000000,WDK4811,37,,19,6,,,B
368058870,2022-01-04T23:26:00,30.10125,-85.61921,0.0,308.3,511.0,JESSIES ENCORE,IMO0000000,WDK4811,37,,19,6,,,B
368058870,2022-01-04T22:38:00,30.10138,-85.61909,0.1,308.3,511.0,JESSIES ENCORE,IMO0000000,WDK4811,37,,19,6,,,B
368058870,2022-01-04T20:23:30,30.12983,-85.62674,9.0,97.9,94.0,JESSIES ENCORE,IMO0000000,WDK4811,37,,19,6,,,B
368058870,2022-01-04T22:07:58,30.10132,-85.61901,0.0,346.0,511.0,JESSIES ENCORE,IMO0000000,WDK4811,37,,19,6,,,B
368058870,2022-01-04T23:07:59,30.10128,-85.61919,0.0,308.3,511.0,JESSIES ENCORE,IMO0000000,WDK4811,37,,19,6,,,B
368058870,2022-01-04T20:29:29,30.12078,-85.61497,9.5,166.7,165.0,JESSIES ENCORE,IMO0000000,WDK4811,37,,19,6,,,B
368058870,2022-01-04T22:50:00,30.10135,-85.61917,0.0,308.3,511.0,JESSIES ENCORE,IMO0000000,WDK4811,37,,19,6,,,B
368058870,2022-01-04T17:20:59,30.32615,-86.01349,9.0,150.8,147.0,JESSIES ENCORE,IMO0000000,WDK4811,37,,19,6,,,B
368058870,2022-01-04T23:19:58,30.10128,-85.61922,0.0,308.3,511.0,JESSIES ENCORE,IMO0000000,WDK4811,37,,19,6,,,B
368058870,2022-01-04T22:22:59,30.10134,-85.61903,0.2,50.4,511.0,JESSIES ENCORE,IMO0000000,WDK4811,37,,19,6,,,B
368058870,2022-01-04T17:23:00,30.32161,-86.01019,9.5,147.8,146.0,JESSIES ENCORE,IMO0000000,WDK4811,37,,19,6,,,B
368058870,2022-01-04T23:02:00,30.10137,-85.61916,0.0,308.3,511.0,JESSIES ENCORE,IMO0000000,WDK4811,37,,19,6,,,B
368058870,2022-01-04T17:36:30,30.31224,-85.97379,8.9,63.8,60.0,JESSIES ENCORE,IMO0000000,WDK4811,37,,19,6,,,B
368058870,2022-01-04T20:50:28,30.10133,-85.61922,0.1,343.3,132.0,JESSIES ENCORE,IMO0000000,WDK4811,37,,19,6,,,B
368058870,2022-01-04T22:40:58,30.10139,-85.61911,0.0,308.3,511.0,JESSIES ENCORE,IMO0000000,WDK4811,37,,19,6,,,B
368058870,2022-01-04T23:43:59,30.10118,-85.61917,0.1,308.3,511.0,JESSIES ENCORE,IMO0000000,WDK4811,37,,19,6,,,B
368058870,2022-01-04T23:29:00,30.10120,-85.61924,0.0,308.3,511.0,JESSIES ENCORE,IMO0000000,WDK4811,37,,19,6,,,B
368058870,2022-01-04T22:46:59,30.10137,-85.61916,0.0,308.3,511.0,JESSIES ENCORE,IMO0000000,WDK4811,37,,19,6,,,B
368058870,2022-01-04T17:52:59,30.31914,-85.92798,9.4,108.4,104.0,JESSIES ENCORE,IMO0000000,WDK4811,37,,19,6,,,B
368058870,2022-01-04T23:46:59,30.10116,-85.61916,0.0,308.3,511.0,JESSIES ENCORE,IMO0000000,WDK4811,37,,19,6,,,B
368058870,2022-01-04T17:59:59,30.31366,-85.90770,9.5,97.4,91.0,JESSIES ENCORE,IMO0000000,WDK4811,37,,19,6,,,B
368058870,2022-01-04T18:02:58,30.31412,-85.89881,9.8,82.2,79.0,JESSIES ENCORE,IMO0000000,WDK4811,37,,19,6,,,B
368058870,2022-01-04T21:18:29,30.10140,-85.61921,0.0,3.9,511.0,JESSIES ENCORE,IMO0000000,WDK4811,37,,19,6,,,B
368058870,2022-01-04T23:17:01,30.10132,-85.61921,0.0,308.3,511.0,JESSIES ENCORE,IMO0000000,WDK4811,37,,19,6,,,B
368058870,2022-01-04T18:21:58,30.29156,-85.85394,9.0,140.9,137.0,JESSIES ENCORE,IMO0000000,WDK4811,37,,19,6,,,B
368058870,2022-01-04T21:38:02,30.10142,-85.61919,0.0,333.0,511.0,JESSIES ENCORE,IMO0000000,WDK4811,37,,19,6,,,B
368058870,2022-01-04T18:36:30,30.26898,-85.82243,9.2,119.4,115.0,JESSIES ENCORE,IMO0000000,WDK4811,37,,19,6,,,B
368058870,2022-01-04T18:41:29,30.26527,-85.80915,8.5,103.8,99.0,JESSIES ENCORE,IMO0000000,WDK4811,37,,19,6,,,B
368058870,2022-01-04T18:54:59,30.25948,-85.77259,8.4,120.4,118.0,JESSIES ENCORE,IMO0000000,WDK4811,37,,19,6,,,B
368058870,2022-01-04T19:07:58,30.24206,-85.74797,8.4,136.0,135.0,JESSIES ENCORE,IMO0000000,WDK4811,37,,19,6,,,B
368058870,2022-01-04T19:09:58,30.23834,-85.74458,8.3,144.0,142.0,JESSIES ENCORE,IMO0000000,WDK4811,37,,19,6,,,B
368058870,2022-01-04T19:14:58,30.22882,-85.73670,8.1,143.8,141.0,JESSIES ENCORE,IMO0000000,WDK4811,37,,19,6,,,B
368058870,2022-01-04T19:23:29,30.20997,-85.73123,8.3,200.0,201.0,JESSIES ENCORE,IMO0000000,WDK4811,37,,19,6,,,B
368058870,2022-01-04T22:29:00,30.10135,-85.61904,0.2,308.3,511.0,JESSIES ENCORE,IMO0000000,WDK4811,37,,19,6,,,B
368058870,2022-01-04T22:31:58,30.10136,-85.61904,0.0,308.3,511.0,JESSIES ENCORE,IMO0000000,WDK4811,37,,19,6,,,B
368058870,2022-01-04T19:32:29,30.19092,-85.74139,8.2,182.9,182.0,JESSIES ENCORE,IMO0000000,WDK4811,37,,19,6,,,B
368058870,2022-01-04T19:41:00,30.17394,-85.73407,8.4,119.1,115.0,JESSIES ENCORE,IMO0000000,WDK4811,37,,19,6,,,B
368058870,2022-01-04T19:58:01,30.15329,-85.69362,8.4,109.8,107.0,JESSIES ENCORE,IMO0000000,WDK4811,37,,19,6,,,B
368058870,2022-01-04T19:59:28,30.15199,-85.68983,8.5,111.8,109.0,JESSIES ENCORE,IMO0000000,WDK4811,37,,19,6,,,B
368058870,2022-01-04T23:04:59,30.10134,-85.61917,0.0,308.3,511.0,JESSIES ENCORE,IMO0000000,WDK4811,37,,19,6,,,B
368058870,2022-01-04T23:23:01,30.10128,-85.61921,0.0,308.3,511.0,JESSIES ENCORE,IMO0000000,WDK4811,37,,19,6,,,B
368058870,2022-01-04T20:36:29,30.10412,-85.61266,7.2,216.5,220.0,JESSIES ENCORE,IMO0000000,WDK4811,37,,19,6,,,B
368058870,2022-01-04T23:40:58,30.10120,-85.61921,0.0,308.3,511.0,JESSIES ENCORE,IMO0000000,WDK4811,37,,19,6,,,B
368058870,2022-01-04T23:50:00,30.10118,-85.61916,0.0,308.3,511.0,JESSIES ENCORE,IMO0000000,WDK4811,37,,19,6,,,B
368058870,2022-01-04T23:58:59,30.10119,-85.61919,0.0,308.3,511.0,JESSIES ENCORE,IMO0000000,WDK4811,37,,19,6,,,B
368058870,2022-01-04T21:03:30,30.10133,-85.61921,0.1,301.8,511.0,JESSIES ENCORE,IMO0000000,WDK4811,37,,19,6,,,B
368058870,2022-01-04T21:40:59,30.10138,-85.61917,0.0,333.0,511.0,JESSIES ENCORE,IMO0000000,WDK4811,37,,19,6,,,B
368058870,2022-01-04T21:53:03,30.10139,-85.61922,0.4,333.0,511.0,JESSIES ENCORE,IMO0000000,WDK4811,37,,19,6,,,B
368058870,2022-01-04T23:32:01,30.10117,-85.61922,0.0,308.3,511.0,JESSIES ENCORE,IMO0000000,WDK4811,37,,19,6,,,B
368058870,2022-01-04T23:35:00,30.10121,-85.61925,0.1,308.3,511.0,JESSIES ENCORE,IMO0000000,WDK4811,37,,19,6,,,B
368058870,2022-01-04T23:38:00,30.10119,-85.61919,0.0,308.3,511.0,JESSIES ENCORE,IMO0000000,WDK4811,37,,19,6,,,B
368058870,2022-01-05T00:04:58,30.10121,-85.61924,0.1,308.3,511.0,JESSIES ENCORE,IMO0000000,WDK4811,37,,19,6,,,B
368058870,2022-01-05T00:08:01,30.10124,-85.61924,0.0,308.3,511.0,JESSIES ENCORE,IMO0000000,WDK4811,37,,19,6,,,B
368058870,2022-01-05T00:11:00,30.10124,-85.61921,0.1,308.3,511.0,JESSIES ENCORE,IMO0000000,WDK4811,37,,19,6,,,B
368058870,2022-01-05T00:13:59,30.10119,-85.61921,0.0,212.7,511.0,JESSIES ENCORE,IMO0000000,WDK4811,37,,19,6,,,B
368058870,2022-01-05T00:15:29,30.10117,-85.61924,0.3,215.0,511.0,JESSIES ENCORE,IMO0000000,WDK4811,37,,19,6,,,B
368058870,2022-01-05T00:24:30,30.10122,-85.61924,0.0,215.0,511.0,JESSIES ENCORE,IMO0000000,WDK4811,37,,19,6,,,B
368058870,2022-01-05T00:27:29,30.10119,-85.61921,0.0,215.0,511.0,JESSIES ENCORE,IMO0000000,WDK4811,37,,19,6,,,B
368058870,2022-01-05T00:33:32,30.10119,-85.61919,0.0,215.0,511.0,JESSIES ENCORE,IMO0000000,WDK4811,37,,19,6,,,B
368058870,2022-01-05T00:18:30,30.10120,-85.61925,0.0,215.0,511.0,JESSIES ENCORE,IMO0000000,WDK4811,37,,19,6,,,B
368058870,2022-01-05T00:39:29,30.10118,-85.61916,0.0,299.7,511.0,JESSIES ENCORE,IMO0000000,WDK4811,37,,19,6,,,B
368058870,2022-01-05T00:42:29,30.10116,-85.61914,0.0,327.9,511.0,JESSIES ENCORE,IMO0000000,WDK4811,37,,19,6,,,B
368058870,2022-01-05T00:45:29,30.10117,-85.61907,0.0,327.9,511.0,JESSIES ENCORE,IMO0000000,WDK4811,37,,19,6,,,B
368058870,2022-01-05T00:48:28,30.10122,-85.61904,0.2,327.9,511.0,JESSIES ENCORE,IMO0000000,WDK4811,37,,19,6,,,B
368058870,2022-01-05T00:54:28,30.10122,-85.61903,0.0,327.9,511.0,JESSIES ENCORE,IMO0000000,WDK4811,37,,19,6,,,B
368058870,2022-01-05T01:06:29,30.10131,-85.61903,0.0,327.9,511.0,JESSIES ENCORE,IMO0000000,WDK4811,37,,19,6,,,B
368058870,2022-01-05T01:12:29,30.10130,-85.61903,0.2,327.9,511.0,JESSIES ENCORE,IMO0000000,WDK4811,37,,19,6,,,B
368058870,2022-01-05T01:09:29,30.10128,-85.61901,0.0,327.9,511.0,JESSIES ENCORE,IMO0000000,WDK4811,37,,19,6,,,B
368058870,2022-01-05T01:24:28,30.10125,-85.61906,0.0,327.9,511.0,JESSIES ENCORE,IMO0000000,WDK4811,37,,19,6,,,B
368058870,2022-01-05T01:21:29,30.10126,-85.61901,0.0,327.9,511.0,JESSIES ENCORE,IMO0000000,WDK4811,37,,19,6,,,B
368058870,2022-01-05T01:27:30,30.10118,-85.61909,0.0,327.9,511.0,JESSIES ENCORE,IMO0000000,WDK4811,37,,19,6,,,B
368058870,2022-01-05T00:36:29,30.10117,-85.61919,0.0,299.7,511.0,JESSIES ENCORE,IMO0000000,WDK4811,37,,19,6,,,B
368058870,2022-01-05T01:33:29,30.10120,-85.61909,0.1,298.5,511.0,JESSIES ENCORE,IMO0000000,WDK4811,37,,19,6,,,B
368058870,2022-01-05T01:36:29,30.10121,-85.61907,0.0,298.5,511.0,JESSIES ENCORE,IMO0000000,WDK4811,37,,19,6,,,B
368058870,2022-01-05T01:51:30,30.10120,-85.61909,0.1,298.5,511.0,JESSIES ENCORE,IMO0000000,WDK4811,37,,19,6,,,B
368058870,2022-01-05T01:54:32,30.10122,-85.61911,0.1,298.5,511.0,JESSIES ENCORE,IMO0000000,WDK4811,37,,19,6,,,B
368058870,2022-01-05T02:10:59,30.10116,-85.61924,0.2,332.4,511.0,JESSIES ENCORE,IMO0000000,WDK4811,37,,19,6,,,B
368058870,2022-01-05T02:07:59,30.10117,-85.61925,0.2,332.4,511.0,JESSIES ENCORE,IMO0000000,WDK4811,37,,19,6,,,B
368058870,2022-01-05T02:14:00,30.10116,-85.61925,0.2,332.4,511.0,JESSIES ENCORE,IMO0000000,WDK4811,37,,19,6,,,B
368058870,2022-01-05T02:40:59,30.10115,-85.61916,0.0,332.4,511.0,JESSIES ENCORE,IMO0000000,WDK4811,37,,19,6,,,B
368058870,2022-01-05T02:43:59,30.10116,-85.61916,0.2,332.4,511.0,JESSIES ENCORE,IMO0000000,WDK4811,37,,19,6,,,B
368058870,2022-01-05T02:37:59,30.10114,-85.61919,0.0,332.4,511.0,JESSIES ENCORE,IMO0000000,WDK4811,37,,19,6,,,B
368058870,2022-01-05T02:53:00,30.10114,-85.61919,0.1,332.4,511.0,JESSIES ENCORE,IMO0000000,WDK4811,37,,19,6,,,B
368058870,2022-01-05T02:59:00,30.10115,-85.61914,0.0,101.5,511.0,JESSIES ENCORE,IMO0000000,WDK4811,37,,19,6,,,B
368058870,2022-01-05T02:55:59,30.10114,-85.61921,0.0,101.5,511.0,JESSIES ENCORE,IMO0000000,WDK4811,37,,19,6,,,B
368058870,2022-01-05T03:13:59,30.10117,-85.61922,0.1,35.1,511.0,JESSIES ENCORE,IMO0000000,WDK4811,37,,19,6,,,B
368058870,2022-01-05T03:10:59,30.10115,-85.61919,0.0,35.1,511.0,JESSIES ENCORE,IMO0000000,WDK4811,37,,19,6,,,B
368058870,2022-01-05T03:19:59,30.10113,-85.61924,0.2,35.1,511.0,JESSIES ENCORE,IMO0000000,WDK4811,37,,19,6,,,B
368058870,2022-01-05T03:17:00,30.10113,-85.61922,0.0,35.1,511.0,JESSIES ENCORE,IMO0000000,WDK4811,37,,19,6,,,B
368058870,2022-01-05T03:23:00,30.10114,-85.61925,0.0,35.1,511.0,JESSIES ENCORE,IMO0000000,WDK4811,37,,19,6,,,B
368058870,2022-01-05T03:31:59,30.10116,-85.61922,0.1,35.1,511.0,JESSIES ENCORE,IMO0000000,WDK4811,37,,19,6,,,B
368058870,2022-01-05T03:36:29,30.10117,-85.61925,0.0,54.6,511.0,JESSIES ENCORE,IMO0000000,WDK4811,37,,19,6,,,B
368058870,2022-01-05T03:42:29,30.10118,-85.61927,0.0,110.6,511.0,JESSIES ENCORE,IMO0000000,WDK4811,37,,19,6,,,B
368058870,2022-01-05T03:34:59,30.10115,-85.61924,0.0,54.6,511.0,JESSIES ENCORE,IMO0000000,WDK4811,37,,19,6,,,B
368058870,2022-01-05T03:39:30,30.10118,-85.61924,0.0,110.6,511.0,JESSIES ENCORE,IMO0000000,WDK4811,37,,19,6,,,B
368058870,2022-01-05T03:45:30,30.10116,-85.61922,0.0,110.6,511.0,JESSIES ENCORE,IMO0000000,WDK4811,37,,19,6,,,B
368058870,2022-01-05T03:48:29,30.10116,-85.61924,0.1,110.6,511.0,JESSIES ENCORE,IMO0000000,WDK4811,37,,19,6,,,B
368058870,2022-01-05T03:51:29,30.10116,-85.61927,0.1,110.6,511.0,JESSIES ENCORE,IMO0000000,WDK4811,37,,19,6,,,B
368058870,2022-01-05T04:09:29,30.10120,-85.61927,0.0,110.6,511.0,JESSIES ENCORE,IMO0000000,WDK4811,37,,19,6,,,B
368058870,2022-01-05T04:15:29,30.10116,-85.61922,0.0,110.6,511.0,JESSIES ENCORE,IMO0000000,WDK4811,37,,19,6,,,B
368058870,2022-01-05T04:24:29,30.10118,-85.61929,0.2,89.7,511.0,JESSIES ENCORE,IMO0000000,WDK4811,37,,19,6,,,B
368058870,2022-01-05T04:18:29,30.10117,-85.61921,0.0,110.6,511.0,JESSIES ENCORE,IMO0000000,WDK4811,37,,19,6,,,B
368058870,2022-01-05T01:45:29,30.10120,-85.61907,0.0,298.5,511.0,JESSIES ENCORE,IMO0000000,WDK4811,37,,19,6,,,B
368058870,2022-01-05T04:27:29,30.10117,-85.61924,0.3,89.7,511.0,JESSIES ENCORE,IMO0000000,WDK4811,37,,19,6,,,B
368058870,2022-01-05T04:33:29,30.10118,-85.61924,0.0,89.7,511.0,JESSIES ENCORE,IMO0000000,WDK4811,37,,19,6,,,B
368058870,2022-01-05T04:36:30,30.10116,-85.61927,0.0,89.7,511.0,JESSIES ENCORE,IMO0000000,WDK4811,37,,19,6,,,B
368058870,2022-01-05T04:45:30,30.10114,-85.61924,0.2,89.7,511.0,JESSIES ENCORE,IMO0000000,WDK4811,37,,19,6,,,B
368058870,2022-01-05T04:57:29,30.10120,-85.61929,0.1,89.7,511.0,JESSIES ENCORE,IMO0000000,WDK4811,37,,19,6,,,B
368058870,2022-01-05T05:03:29,30.10120,-85.61927,0.5,89.7,511.0,JESSIES ENCORE,IMO0000000,WDK4811,37,,19,6,,,B
368058870,2022-01-05T04:48:29,30.10115,-85.61924,0.0,89.7,511.0,JESSIES ENCORE,IMO0000000,WDK4811,37,,19,6,,,B
368058870,2022-01-05T04:54:30,30.10118,-85.61929,0.0,89.7,511.0,JESSIES ENCORE,IMO0000000,WDK4811,37,,19,6,,,B
368058870,2022-01-05T05:00:30,30.10120,-85.61927,0.0,89.7,511.0,JESSIES ENCORE,IMO0000000,WDK4811,37,,19,6,,,B
368058870,2022-01-05T05:09:29,30.10120,-85.61925,0.0,89.7,511.0,JESSIES ENCORE,IMO0000000,WDK4811,37,,19,6,,,B
368058870,2022-01-05T05:06:29,30.10125,-85.61932,0.3,89.7,511.0,JESSIES ENCORE,IMO0000000,WDK4811,37,,19,6,,,B
368058870,2022-01-05T05:21:29,30.10122,-85.61931,0.0,89.7,511.0,JESSIES ENCORE,IMO0000000,WDK4811,37,,19,6,,,B
368058870,2022-01-05T05:27:31,30.10113,-85.61925,0.0,89.7,511.0,JESSIES ENCORE,IMO0000000,WDK4811,37,,19,6,,,B
368058870,2022-01-05T05:15:29,30.10118,-85.61925,0.0,89.7,511.0,JESSIES ENCORE,IMO0000000,WDK4811,37,,19,6,,,B
368058870,2022-01-05T05:12:29,30.10118,-85.61927,0.0,89.7,511.0,JESSIES ENCORE,IMO0000000,WDK4811,37,,19,6,,,B
368058870,2022-01-05T05:30:29,30.10117,-85.61925,0.0,89.7,511.0,JESSIES ENCORE,IMO0000000,WDK4811,37,,19,6,,,B
368058870,2022-01-05T05:24:29,30.10117,-85.61925,0.1,89.7,511.0,JESSIES ENCORE,IMO0000000,WDK4811,37,,19,6,,,B
368058870,2022-01-05T05:33:30,30.10117,-85.61924,0.0,89.7,511.0,JESSIES ENCORE,IMO0000000,WDK4811,37,,19,6,,,B
368058870,2022-01-05T05:42:30,30.10113,-85.61922,0.2,89.7,511.0,JESSIES ENCORE,IMO0000000,WDK4811,37,,19,6,,,B
368058870,2022-01-05T02:20:00,30.10116,-85.61924,0.0,332.4,511.0,JESSIES ENCORE,IMO0000000,WDK4811,37,,19,6,,,B
368058870,2022-01-05T05:46:59,30.10120,-85.61921,0.0,347.5,511.0,JESSIES ENCORE,IMO0000000,WDK4811,37,,19,6,,,B
368058870,2022-01-05T05:39:29,30.10116,-85.61925,0.0,89.7,511.0,JESSIES ENCORE,IMO0000000,WDK4811,37,,19,6,,,B
368058870,2022-01-05T05:53:59,30.10113,-85.61925,0.0,347.5,511.0,JESSIES ENCORE,IMO0000000,WDK4811,37,,19,6,,,B
368058870,2022-01-05T05:45:29,30.10117,-85.61919,0.1,347.5,511.0,JESSIES ENCORE,IMO0000000,WDK4811,37,,19,6,,,B
368058870,2022-01-05T05:51:00,30.10117,-85.61919,0.0,347.5,511.0,JESSIES ENCORE,IMO0000000,WDK4811,37,,19,6,,,B
368058870,2022-01-05T05:56:59,30.10114,-85.61917,0.0,347.5,511.0,JESSIES ENCORE,IMO0000000,WDK4811,37,,19,6,,,B
368058870,2022-01-05T06:12:01,30.10114,-85.61916,0.0,84.3,511.0,JESSIES ENCORE,IMO0000000,WDK4811,37,,19,6,,,B
368058870,2022-01-05T05:59:59,30.10114,-85.61916,0.1,347.5,511.0,JESSIES ENCORE,IMO0000000,WDK4811,37,,19,6,,,B
368058870,2022-01-05T06:23:59,30.10114,-85.61921,0.0,84.3,511.0,JESSIES ENCORE,IMO0000000,WDK4811,37,,19,6,,,B
368058870,2022-01-05T06:08:59,30.10113,-85.61916,0.0,84.3,511.0,JESSIES ENCORE,IMO0000000,WDK4811,37,,19,6,,,B
368058870,2022-01-05T06:14:59,30.10115,-85.61914,0.0,84.3,511.0,JESSIES ENCORE,IMO0000000,WDK4811,37,,19,6,,,B
368058870,2022-01-05T06:26:59,30.10113,-85.61921,0.0,84.3,511.0,JESSIES ENCORE,IMO0000000,WDK4811,37,,19,6,,,B
368058870,2022-01-05T06:17:59,30.10116,-85.61916,0.0,84.3,511.0,JESSIES ENCORE,IMO0000000,WDK4811,37,,19,6,,,B
368058870,2022-01-05T02:34:59,30.10113,-85.61919,0.0,332.4,511.0,JESSIES ENCORE,IMO0000000,WDK4811,37,,19,6,,,B
368058870,2022-01-05T06:47:59,30.10116,-85.61925,0.0,84.3,511.0,JESSIES ENCORE,IMO0000000,WDK4811,37,,19,6,,,B
368058870,2022-01-05T06:33:00,30.10116,-85.61924,0.0,84.3,511.0,JESSIES ENCORE,IMO0000000,WDK4811,37,,19,6,,,B
368058870,2022-01-05T06:39:00,30.10115,-85.61919,0.0,84.3,511.0,JESSIES ENCORE,IMO0000000,WDK4811,37,,19,6,,,B
368058870,2022-01-05T06:44:59,30.10116,-85.61925,0.0,84.3,511.0,JESSIES ENCORE,IMO0000000,WDK4811,37,,19,6,,,B
368058870,2022-01-05T06:42:00,30.10116,-85.61922,0.0,84.3,511.0,JESSIES ENCORE,IMO0000000,WDK4811,37,,19,6,,,B
368058870,2022-01-05T07:03:01,30.10116,-85.61914,0.1,84.3,511.0,JESSIES ENCORE,IMO0000000,WDK4811,37,,19,6,,,B
368058870,2022-01-05T06:57:01,30.10116,-85.61921,0.1,84.3,511.0,JESSIES ENCORE,IMO0000000,WDK4811,37,,19,6,,,B
368058870,2022-01-05T02:46:59,30.10116,-85.61921,0.1,332.4,511.0,JESSIES ENCORE,IMO0000000,WDK4811,37,,19,6,,,B
368058870,2022-01-05T02:49:59,30.10117,-85.61917,0.0,332.4,511.0,JESSIES ENCORE,IMO0000000,WDK4811,37,,19,6,,,B
368058870,2022-01-05T06:50:59,30.10116,-85.61919,0.0,84.3,511.0,JESSIES ENCORE,IMO0000000,WDK4811,37,,19,6,,,B
368058870,2022-01-05T06:54:01,30.10117,-85.61921,0.1,84.3,511.0,JESSIES ENCORE,IMO0000000,WDK4811,37,,19,6,,,B
368058870,2022-01-05T07:06:00,30.10115,-85.61916,0.0,84.3,511.0,JESSIES ENCORE,IMO0000000,WDK4811,37,,19,6,,,B
368058870,2022-01-05T07:16:30,30.10117,-85.61911,0.0,277.3,511.0,JESSIES ENCORE,IMO0000000,WDK4811,37,,19,6,,,B
368058870,2022-01-05T07:15:01,30.10117,-85.61911,0.0,277.3,511.0,JESSIES ENCORE,IMO0000000,WDK4811,37,,19,6,,,B
368058870,2022-01-05T07:12:00,30.10116,-85.61909,0.0,84.3,511.0,JESSIES ENCORE,IMO0000000,WDK4811,37,,19,6,,,B
368058870,2022-01-05T07:26:29,30.10116,-85.61921,0.1,277.3,511.0,JESSIES ENCORE,IMO0000000,WDK4811,37,,19,6,,,B
368058870,2022-01-05T07:29:29,30.10114,-85.61919,0.6,68.4,511.0,JESSIES ENCORE,IMO0000000,WDK4811,37,,19,6,,,B
368058870,2022-01-05T07:23:30,30.10115,-85.61916,0.4,277.3,511.0,JESSIES ENCORE,IMO0000000,WDK4811,37,,19,6,,,B
368058870,2022-01-05T07:30:31,30.10115,-85.61919,0.0,68.4,511.0,JESSIES ENCORE,IMO0000000,WDK4811,37,,19,6,,,B
368058870,2022-01-05T07:42:29,30.10115,-85.61922,0.1,68.4,511.0,JESSIES ENCORE,IMO0000000,WDK4811,37,,19,6,,,B
368058870,2022-01-05T03:04:59,30.10116,-85.61922,0.2,101.5,511.0,JESSIES ENCORE,IMO0000000,WDK4811,37,,19,6,,,B
368058870,2022-01-05T07:36:29,30.10118,-85.61921,0.0,68.4,511.0,JESSIES ENCORE,IMO0000000,WDK4811,37,,19,6,,,B
368058870,2022-01-05T07:51:29,30.10116,-85.61919,0.1,173.2,511.0,JESSIES ENCORE,IMO0000000,WDK4811,37,,19,6,,,B
368058870,2022-01-05T07:39:32,30.10115,-85.61919,0.1,68.4,511.0,JESSIES ENCORE,IMO0000000,WDK4811,37,,19,6,,,B
368058870,2022-01-05T08:03:32,30.10116,-85.61919,0.0,173.2,511.0,JESSIES ENCORE,IMO0000000,WDK4811,37,,19,6,,,B
368058870,2022-01-05T07:54:31,30.10115,-85.61921,0.0,173.2,511.0,JESSIES ENCORE,IMO0000000,WDK4811,37,,19,6,,,B
368058870,2022-01-05T08:06:29,30.10118,-85.61921,0.1,173.2,511.0,JESSIES ENCORE,IMO0000000,WDK4811,37,,19,6,,,B
368058870,2022-01-05T08:18:29,30.10116,-85.61927,0.0,173.2,511.0,JESSIES ENCORE,IMO0000000,WDK4811,37,,19,6,,,B
368058870,2022-01-05T08:15:29,30.10115,-85.61922,0.0,173.2,511.0,JESSIES ENCORE,IMO0000000,WDK4811,37,,19,6,,,B
368058870,2022-01-05T08:24:31,30.10115,-85.61924,0.2,173.2,511.0,JESSIES ENCORE,IMO0000000,WDK4811,37,,19,6,,,B
368058870,2022-01-05T08:27:29,30.10114,-85.61922,0.0,173.2,511.0,JESSIES ENCORE,IMO0000000,WDK4811,37,,19,6,,,B
368058870,2022-01-05T08:39:30,30.10116,-85.61929,0.5,173.2,511.0,JESSIES ENCORE,IMO0000000,WDK4811,37,,19,6,,,B
368058870,2022-01-05T08:45:30,30.10114,-85.61924,0.3,173.2,511.0,JESSIES ENCORE,IMO0000000,WDK4811,37,,19,6,,,B
368058870,2022-01-05T08:33:29,30.10116,-85.61925,0.1,173.2,511.0,JESSIES ENCORE,IMO0000000,WDK4811,37,,19,6,,,B
368058870,2022-01-05T08:30:30,30.10116,-85.61924,0.0,173.2,511.0,JESSIES ENCORE,IMO0000000,WDK4811,37,,19,6,,,B
368058870,2022-01-05T08:42:29,30.10112,-85.61924,0.0,173.2,511.0,JESSIES ENCORE,IMO0000000,WDK4811,37,,19,6,,,B
368058870,2022-01-05T08:48:30,30.10114,-85.61921,0.0,173.2,511.0,JESSIES ENCORE,IMO0000000,WDK4811,37,,19,6,,,B
368058870,2022-01-05T08:51:33,30.10114,-85.61924,0.0,173.2,511.0,JESSIES ENCORE,IMO0000000,WDK4811,37,,19,6,,,B
368058870,2022-01-05T08:54:31,30.10116,-85.61925,0.0,160.6,511.0,JESSIES ENCORE,IMO0000000,WDK4811,37,,19,6,,,B
368058870,2022-01-05T09:06:32,30.10111,-85.61921,0.1,160.6,511.0,JESSIES ENCORE,IMO0000000,WDK4811,37,,19,6,,,B
368058870,2022-01-05T09:09:31,30.10114,-85.61924,0.0,160.6,511.0,JESSIES ENCORE,IMO0000000,WDK4811,37,,19,6,,,B
368058870,2022-01-05T09:03:30,30.10116,-85.61924,0.0,160.6,511.0,JESSIES ENCORE,IMO0000000,WDK4811,37,,19,6,,,B
368058870,2022-01-05T09:12:31,30.10116,-85.61917,0.0,160.6,511.0,JESSIES ENCORE,IMO0000000,WDK4811,37,,19,6,,,B
368058870,2022-01-05T09:27:29,30.10116,-85.61925,0.0,304.2,511.0,JESSIES ENCORE,IMO0000000,WDK4811,37,,19,6,,,B
368058870,2022-01-05T09:24:29,30.10115,-85.61919,0.0,160.6,511.0,JESSIES ENCORE,IMO0000000,WDK4811,37,,19,6,,,B
368058870,2022-01-05T09:15:29,30.10114,-85.61914,0.0,160.6,511.0,JESSIES ENCORE,IMO0000000,WDK4811,37,,19,6,,,B
368058870,2022-01-05T09:39:30,30.10114,-85.61924,0.1,304.2,511.0,JESSIES ENCORE,IMO0000000,WDK4811,37,,19,6,,,B
368058870,2022-01-05T09:18:30,30.10116,-85.61919,0.1,160.6,511.0,JESSIES ENCORE,IMO0000000,WDK4811,37,,19,6,,,B
368058870,2022-01-05T09:48:29,30.10114,-85.61921,0.1,304.2,511.0,JESSIES ENCORE,IMO0000000,WDK4811,37,,19,6,,,B
368058870,2022-01-05T09:54:34,30.10115,-85.61929,0.0,150.5,511.0,JESSIES ENCORE,IMO0000000,WDK4811,37,,19,6,,,B
368058870,2022-01-05T09:33:30,30.10113,-85.61925,0.0,304.2,511.0,JESSIES ENCORE,IMO0000000,WDK4811,37,,19,6,,,B
368058870,2022-01-05T09:51:29,30.10115,-85.61924,0.4,304.2,511.0,JESSIES ENCORE,IMO0000000,WDK4811,37,,19,6,,,B
368058870,2022-01-05T09:42:30,30.10114,-85.61925,0.0,304.2,511.0,JESSIES ENCORE,IMO0000000,WDK4811,37,,19,6,,,B
368058870,2022-01-05T10:03:29,30.10114,-85.61922,0.0,150.5,511.0,JESSIES ENCORE,IMO0000000,WDK4811,37,,19,6,,,B
368058870,2022-01-05T09:57:29,30.10112,-85.61924,0.1,150.5,511.0,JESSIES ENCORE,IMO0000000,WDK4811,37,,19,6,,,B
368058870,2022-01-05T10:14:00,30.10111,-85.61921,0.0,89.8,511.0,JESSIES ENCORE,IMO0000000,WDK4811,37,,19,6,,,B
368058870,2022-01-05T10:00:31,30.10118,-85.61927,0.1,150.5,511.0,JESSIES ENCORE,IMO0000000,WDK4811,37,,19,6,,,B
368058870,2022-01-05T10:26:29,30.10113,-85.61917,0.0,30.7,511.0,JESSIES ENCORE,IMO0000000,WDK4811,37,,19,6,,,B
368058870,2022-01-05T10:09:31,30.10118,-85.61927,0.0,150.5,511.0,JESSIES ENCORE,IMO0000000,WDK4811,37,,19,6,,,B
368058870,2022-01-05T10:12:29,30.10116,-85.61927,0.2,89.8,511.0,JESSIES ENCORE,IMO0000000,WDK4811,37,,19,6,,,B
368058870,2022-01-05T04:06:29,30.10115,-85.61925,0.0,110.6,511.0,JESSIES ENCORE,IMO0000000,WDK4811,37,,19,6,,,B
368058870,2022-01-05T10:23:30,30.10117,-85.61925,0.3,30.7,511.0,JESSIES ENCORE,IMO0000000,WDK4811,37,,19,6,,,B
368058870,2022-01-05T10:35:29,30.10113,-85.61917,0.0,110.3,511.0,JESSIES ENCORE,IMO0000000,WDK4811,37,,19,6,,,B
368058870,2022-01-05T10:41:31,30.10116,-85.61922,0.0,110.3,511.0,JESSIES ENCORE,IMO0000000,WDK4811,37,,19,6,,,B
368058870,2022-01-05T10:17:30,30.10114,-85.61919,0.2,30.7,511.0,JESSIES ENCORE,IMO0000000,WDK4811,37,,19,6,,,B
368058870,2022-01-05T10:20:30,30.10115,-85.61927,0.0,30.7,511.0,JESSIES ENCORE,IMO0000000,WDK4811,37,,19,6,,,B
368058870,2022-01-05T10:29:29,30.10114,-85.61916,0.0,30.7,511.0,JESSIES ENCORE,IMO0000000,WDK4811,37,,19,6,,,B
368058870,2022-01-05T10:38:29,30.10112,-85.61917,1.1,110.3,511.0,JESSIES ENCORE,IMO0000000,WDK4811,37,,19,6,,,B
368058870,2022-01-05T04:12:32,30.10120,-85.61927,0.2,110.6,511.0,JESSIES ENCORE,IMO0000000,WDK4811,37,,19,6,,,B
368058870,2022-01-05T10:44:29,30.10114,-85.61919,0.0,110.3,511.0,JESSIES ENCORE,IMO0000000,WDK4811,37,,19,6,,,B
368058870,2022-01-05T10:56:29,30.10115,-85.61925,0.0,110.3,511.0,JESSIES ENCORE,IMO0000000,WDK4811,37,,19,6,,,B
368058870,2022-01-05T11:05:29,30.10114,-85.61924,0.2,110.3,511.0,JESSIES ENCORE,IMO0000000,WDK4811,37,,19,6,,,B
368058870,2022-01-05T11:11:33,30.10114,-85.61925,0.0,45.2,511.0,JESSIES ENCORE,IMO0000000,WDK4811,37,,19,6,,,B
368058870,2022-01-05T10:53:29,30.10113,-85.61922,0.1,110.3,511.0,JESSIES ENCORE,IMO0000000,WDK4811,37,,19,6,,,B
368058870,2022-01-05T10:47:30,30.10115,-85.61924,0.0,110.3,511.0,JESSIES ENCORE,IMO0000000,WDK4811,37,,19,6,,,B
368058870,2022-01-05T10:59:29,30.10113,-85.61921,0.0,110.3,511.0,JESSIES ENCORE,IMO0000000,WDK4811,37,,19,6,,,B
368058870,2022-01-05T11:17:29,30.10114,-85.61924,0.0,45.2,511.0,JESSIES ENCORE,IMO0000000,WDK4811,37,,19,6,,,B
368058870,2022-01-05T11:14:29,30.10117,-85.61922,0.0,45.2,511.0,JESSIES ENCORE,IMO0000000,WDK4811,37,,19,6,,,B
368058870,2022-01-05T11:20:29,30.10113,-85.61922,0.1,45.2,511.0,JESSIES ENCORE,IMO0000000,WDK4811,37,,19,6,,,B
368058870,2022-01-05T11:32:33,30.10116,-85.61921,0.0,45.2,511.0,JESSIES ENCORE,IMO0000000,WDK4811,37,,19,6,,,B
368058870,2022-01-05T11:23:30,30.10116,-85.61922,0.0,45.2,511.0,JESSIES ENCORE,IMO0000000,WDK4811,37,,19,6,,,B
368058870,2022-01-05T11:26:30,30.10114,-85.61925,0.1,45.2,511.0,JESSIES ENCORE,IMO0000000,WDK4811,37,,19,6,,,B
368058870,2022-01-05T11:47:31,30.10116,-85.61925,0.0,45.2,511.0,JESSIES ENCORE,IMO0000000,WDK4811,37,,19,6,,,B
368058870,2022-01-05T11:35:29,30.10114,-85.61924,0.2,45.2,511.0,JESSIES ENCORE,IMO0000000,WDK4811,37,,19,6,,,B
368058870,2022-01-05T11:41:29,30.10123,-85.61929,0.0,45.2,511.0,JESSIES ENCORE,IMO0000000,WDK4811,37,,19,6,,,B
368058870,2022-01-05T11:54:59,30.10112,-85.61919,0.0,329.5,511.0,JESSIES ENCORE,IMO0000000,WDK4811,37,,19,6,,,B
368058870,2022-01-05T12:06:00,30.10116,-85.61927,0.0,359.9,511.0,JESSIES ENCORE,IMO0000000,WDK4811,37,,19,6,,,B
368058870,2022-01-05T11:50:32,30.10115,-85.61921,0.0,329.5,511.0,JESSIES ENCORE,IMO0000000,WDK4811,37,,19,6,,,B
368058870,2022-01-05T12:14:59,30.10120,-85.61929,0.1,359.9,511.0,JESSIES ENCORE,IMO0000000,WDK4811,37,,19,6,,,B
368058870,2022-01-05T11:57:59,30.10114,-85.61919,0.3,341.6,511.0,JESSIES ENCORE,IMO0000000,WDK4811,37,,19,6,,,B
368058870,2022-01-05T12:02:30,30.10114,-85.61922,0.2,359.9,511.0,JESSIES ENCORE,IMO0000000,WDK4811,37,,19,6,,,B
368058870,2022-01-05T12:01:29,30.10113,-85.61921,0.0,359.9,511.0,JESSIES ENCORE,IMO0000000,WDK4811,37,,19,6,,,B
368058870,2022-01-05T12:25:30,30.10122,-85.61931,0.0,354.8,511.0,JESSIES ENCORE,IMO0000000,WDK4811,37,,19,6,,,B
368058870,2022-01-05T12:09:01,30.10113,-85.61925,0.0,359.9,511.0,JESSIES ENCORE,IMO0000000,WDK4811,37,,19,6,,,B
368058870,2022-01-05T12:30:31,30.10116,-85.61931,0.0,7.6,511.0,JESSIES ENCORE,IMO0000000,WDK4811,37,,19,6,,,B
368058870,2022-01-05T12:24:00,30.10120,-85.61932,0.0,354.8,511.0,JESSIES ENCORE,IMO0000000,WDK4811,37,,19,6,,,B
368058870,2022-01-05T12:12:00,30.10118,-85.61927,0.0,359.9,511.0,JESSIES ENCORE,IMO0000000,WDK4811,37,,19,6,,,B
368058870,2022-01-05T12:21:01,30.10125,-85.61929,0.0,346.0,511.0,JESSIES ENCORE,IMO0000000,WDK4811,37,,19,6,,,B
368058870,2022-01-05T12:46:29,30.10112,-85.61924,0.2,345.7,511.0,JESSIES ENCORE,IMO0000000,WDK4811,37,,19,6,,,B
368058870,2022-01-05T12:31:59,30.10121,-85.61929,0.0,7.6,511.0,JESSIES ENCORE,IMO0000000,WDK4811,37,,19,6,,,B
368058870,2022-01-05T12:36:00,30.10118,-85.61927,0.0,7.6,511.0,JESSIES ENCORE,IMO0000000,WDK4811,37,,19,6,,,B
368058870,2022-01-05T12:29:30,30.10126,-85.61927,2.8,7.6,511.0,JESSIES ENCORE,IMO0000000,WDK4811,37,,19,6,,,B
368058870,2022-01-05T12:41:59,30.10114,-85.61919,0.2,345.7,511.0,JESSIES ENCORE,IMO0000000,WDK4811,37,,19,6,,,B
368058870,2022-01-05T12:43:02,30.10112,-85.61921,0.0,345.7,511.0,JESSIES ENCORE,IMO0000000,WDK4811,37,,19,6,,,B
368058870,2022-01-05T12:39:02,30.10114,-85.61929,0.0,345.8,511.0,JESSIES ENCORE,IMO0000000,WDK4811,37,,19,6,,,B
368058870,2022-01-05T12:49:30,30.10113,-85.61925,0.2,336.0,511.0,JESSIES ENCORE,IMO0000000,WDK4811,37,,19,6,,,B
368058870,2022-01-05T13:13:31,30.10118,-85.61924,0.0,271.4,511.0,JESSIES ENCORE,IMO0000000,WDK4811,37,,19,6,,,B
368058870,2022-01-05T13:07:30,30.10116,-85.61925,0.3,271.4,511.0,JESSIES ENCORE,IMO0000000,WDK4811,37,,19,6,,,B
368058870,2022-01-05T13:01:31,30.10117,-85.61931,0.0,230.2,511.0,JESSIES ENCORE,IMO0000000,WDK4811,37,,19,6,,,B
368058870,2022-01-05T13:19:30,30.10120,-85.61924,0.0,319.8,511.0,JESSIES ENCORE,IMO0000000,WDK4811,37,,19,6,,,B
368058870,2022-01-05T13:10:30,30.10115,-85.61922,0.0,271.4,511.0,JESSIES ENCORE,IMO0000000,WDK4811,37,,19,6,,,B
368058870,2022-01-05T13:25:29,30.10113,-85.61917,0.5,75.5,511.0,JESSIES ENCORE,IMO0000000,WDK4811,37,,19,6,,,B
368058870,2022-01-05T13:16:30,30.10113,-85.61921,0.2,319.8,511.0,JESSIES ENCORE,IMO0000000,WDK4811,37,,19,6,,,B
368058870,2022-01-05T13:49:31,30.10540,-85.60959,6.0,120.1,123.0,JESSIES ENCORE,IMO0000000,WDK4811,37,,19,6,,,B
368058870,2022-01-05T13:27:59,30.10115,-85.61919,0.1,75.5,511.0,JESSIES ENCORE,IMO0000000,WDK4811,37,,19,6,,,B
368058870,2022-01-05T13:22:29,30.10112,-85.61922,0.8,340.6,511.0,JESSIES ENCORE,IMO0000000,WDK4811,37,,19,6,,,B
368058870,2022-01-05T13:41:59,30.10087,-85.61925,0.7,231.2,49.0,JESSIES ENCORE,IMO0000000,WDK4811,37,,19,6,,,B
368058870,2022-01-05T13:26:30,30.10113,-85.61919,0.2,75.5,511.0,JESSIES ENCORE,IMO0000000,WDK4811,37,,19,6,,,B
368058870,2022-01-05T13:31:01,30.10115,-85.61921,0.6,136.3,511.0,JESSIES ENCORE,IMO0000000,WDK4811,37,,19,6,,,B
368058870,2022-01-05T13:32:59,30.10115,-85.61922,0.1,136.3,511.0,JESSIES ENCORE,IMO0000000,WDK4811,37,,19,6,,,B
368058870,2022-01-05T13:57:02,30.10227,-85.59495,6.7,81.3,77.0,JESSIES ENCORE,IMO0000000,WDK4811,37,,19,6,,,B
368058870,2022-01-05T13:38:59,30.10127,-85.61896,0.4,93.5,35.0,JESSIES ENCORE,IMO0000000,WDK4811,37,,19,6,,,B
368058870,2022-01-05T13:40:30,30.10129,-85.61893,0.2,93.5,31.0,JESSIES ENCORE,IMO0000000,WDK4811,37,,19,6,,,B
368058870,2022-01-05T14:02:00,30.10464,-85.58327,8.0,88.4,84.0,JESSIES ENCORE,IMO0000000,WDK4811,37,,19,6,,,B
368058870,2022-01-05T14:04:30,30.10441,-85.57645,8.6,90.2,85.0,JESSIES ENCORE,IMO0000000,WDK4811,37,,19,6,,,B
368058870,2022-01-05T14:05:59,30.10434,-85.57243,8.3,90.4,85.0,JESSIES ENCORE,IMO0000000,WDK4811,37,,19,6,,,B
368058870,2022-01-05T13:52:30,30.10200,-85.60428,6.8,133.1,128.0,JESSIES ENCORE,IMO0000000,WDK4811,37,,19,6,,,B
368058870,2022-01-05T13:55:00,30.10182,-85.59927,6.5,81.8,79.0,JESSIES ENCORE,IMO0000000,WDK4811,37,,19,6,,,B
368058870,2022-01-05T13:53:59,30.10155,-85.60133,6.4,82.8,78.0,JESSIES ENCORE,IMO0000000,WDK4811,37,,19,6,,,B
368058870,2022-01-05T13:50:59,30.10383,-85.60697,7.0,116.8,118.0,JESSIES ENCORE,IMO0000000,WDK4811,37,,19,6,,,B
368058870,2022-01-05T14:03:29,30.10451,-85.57925,8.6,92.8,85.0,JESSIES ENCORE,IMO0000000,WDK4811,37,,19,6,,,B
368058870,2022-01-05T14:26:30,30.08378,-85.52441,8.5,121.0,115.0,JESSIES ENCORE,IMO0000000,WDK4811,37,,19,6,,,B
368058870,2022-01-05T14:10:31,30.10435,-85.56014,8.6,88.5,85.0,JESSIES ENCORE,IMO0000000,WDK4811,37,,19,6,,,B
368058870,2022-01-05T14:20:30,30.09152,-85.53807,8.2,126.8,124.0,JESSIES ENCORE,IMO0000000,WDK4811,37,,19,6,,,B
368058870,2022-01-05T14:22:30,30.08857,-85.53381,8.2,127.2,124.0,JESSIES ENCORE,IMO0000000,WDK4811,37,,19,6,,,B
368058870,2022-01-05T14:09:29,30.10433,-85.56299,8.7,88.9,85.0,JESSIES ENCORE,IMO0000000,WDK4811,37,,19,6,,,B
368058870,2022-01-05T14:11:59,30.10422,-85.55607,8.6,109.9,111.0,JESSIES ENCORE,IMO0000000,WDK4811,37,,19,6,,,B
368058870,2022-01-05T14:13:33,30.10196,-85.55267,8.6,131.3,128.0,JESSIES ENCORE,IMO0000000,WDK4811,37,,19,6,,,B
368058870,2022-01-05T14:32:02,30.07591,-85.51242,8.4,138.0,135.0,JESSIES ENCORE,IMO0000000,WDK4811,37,,19,6,,,B
368058870,2022-01-05T14:19:29,30.09288,-85.54023,8.5,126.7,124.0,JESSIES ENCORE,IMO0000000,WDK4811,37,,19,6,,,B
368058870,2022-01-05T14:15:02,30.09967,-85.54958,8.4,130.0,127.0,JESSIES ENCORE,IMO0000000,WDK4811,37,,19,6,,,B
368058870,2022-01-05T14:25:01,30.08551,-85.52798,8.5,120.7,117.0,JESSIES ENCORE,IMO0000000,WDK4811,37,,19,6,,,B
368058870,2022-01-05T14:23:59,30.08676,-85.53042,8.4,120.5,117.0,JESSIES ENCORE,IMO0000000,WDK4811,37,,19,6,,,B
368058870,2022-01-05T14:16:30,30.09740,-85.54653,8.0,127.5,130.0,JESSIES ENCORE,IMO0000000,WDK4811,37,,19,6,,,B
368058870,2022-01-05T05:36:29,30.10118,-85.61925,0.3,89.7,511.0,JESSIES ENCORE,IMO0000000,WDK4811,37,,19,6,,,B
368058870,2022-01-05T14:33:29,30.07302,-85.51039,8.2,152.5,151.0,JESSIES ENCORE,IMO0000000,WDK4811,37,,19,6,,,B
368058870,2022-01-05T14:36:30,30.06682,-85.50661,8.2,151.8,150.0,JESSIES ENCORE,IMO0000000,WDK4811,37,,19,6,,,B
368058870,2022-01-05T14:28:01,30.08205,-85.52072,8.7,118.4,115.0,JESSIES ENCORE,IMO0000000,WDK4811,37,,19,6,,,B
368058870,2022-01-05T14:31:00,30.07773,-85.51429,8.4,137.3,135.0,JESSIES ENCORE,IMO0000000,WDK4811,37,,19,6,,,B
368058870,2022-01-05T14:38:29,30.06279,-85.50413,8.2,151.6,151.0,JESSIES ENCORE,IMO0000000,WDK4811,37,,19,6,,,B
368058870,2022-01-05T14:39:30,30.06072,-85.50287,8.2,152.1,151.0,JESSIES ENCORE,IMO0000000,WDK4811,37,,19,6,,,B
368058870,2022-01-05T14:40:31,30.05868,-85.50156,8.2,149.5,149.0,JESSIES ENCORE,IMO0000000,WDK4811,37,,19,6,,,B
368058870,2022-01-05T14:34:59,30.06993,-85.50849,8.5,152.4,151.0,JESSIES ENCORE,IMO0000000,WDK4811,37,,19,6,,,B
368058870,2022-01-05T14:41:59,30.05577,-85.49961,8.1,149.1,148.0,JESSIES ENCORE,IMO0000000,WDK4811,37,,19,6,,,B
368058870,2022-01-05T14:43:00,30.05361,-85.49859,8.1,160.4,159.0,JESSIES ENCORE,IMO0000000,WDK4811,37,,19,6,,,B
368058870,2022-01-05T14:44:01,30.05136,-85.49798,8.0,169.9,169.0,JESSIES ENCORE,IMO0000000,WDK4811,37,,19,6,,,B
368058870,2022-01-05T14:47:00,30.04467,-85.49683,8.1,171.6,169.0,JESSIES ENCORE,IMO0000000,WDK4811,37,,19,6,,,B
368058870,2022-01-05T14:48:30,30.04129,-85.49619,8.0,171.5,169.0,JESSIES ENCORE,IMO0000000,WDK4811,37,,19,6,,,B
368058870,2022-01-05T14:49:59,30.03817,-85.49503,8.2,128.1,126.0,JESSIES ENCORE,IMO0000000,WDK4811,37,,19,6,,,B
368058870,2022-01-05T15:03:00,30.02470,-85.46671,8.1,97.8,93.0,JESSIES ENCORE,IMO0000000,WDK4811,37,,19,6,,,B
368058870,2022-01-05T15:05:00,30.02377,-85.46155,8.1,99.7,93.0,JESSIES ENCORE,IMO0000000,WDK4811,37,,19,6,,,B
368058870,2022-01-05T14:45:30,30.04801,-85.49736,8.0,172.8,171.0,JESSIES ENCORE,IMO0000000,WDK4811,37,,19,6,,,B
368058870,2022-01-05T15:06:29,30.02348,-85.45773,8.0,82.2,76.0,JESSIES ENCORE,IMO0000000,WDK4811,37,,19,6,,,B
368058870,2022-01-05T15:08:31,30.02492,-85.45280,8.1,54.1,49.0,JESSIES ENCORE,IMO0000000,WDK4811,37,,19,6,,,B
368058870,2022-01-05T15:10:01,30.02721,-85.44997,8.2,37.0,34.0,JESSIES ENCORE,IMO0000000,WDK4811,37,,19,6,,,B
368058870,2022-01-05T14:52:29,30.03494,-85.48978,8.1,124.0,122.0,JESSIES ENCORE,IMO0000000,WDK4811,37,,19,6,,,B
368058870,2022-01-05T14:59:59,30.02609,-85.47441,7.3,100.8,100.0,JESSIES ENCORE,IMO0000000,WDK4811,37,,19,6,,,B
368058870,2022-01-05T15:13:29,30.03405,-85.44539,8.2,27.2,25.0,JESSIES ENCORE,IMO0000000,WDK4811,37,,19,6,,,B
368058870,2022-01-05T15:01:29,30.02534,-85.47059,8.3,103.0,100.0,JESSIES ENCORE,IMO0000000,WDK4811,37,,19,6,,,B
368058870,2022-01-05T15:15:00,30.03711,-85.44367,7.9,26.6,24.0,JESSIES ENCORE,IMO0000000,WDK4811,37,,19,6,,,B
368058870,2022-01-05T14:58:31,30.02672,-85.47821,8.1,100.5,96.0,JESSIES ENCORE,IMO0000000,WDK4811,37,,19,6,,,B
368058870,2022-01-05T15:16:29,30.03960,-85.44127,7.5,45.3,39.0,JESSIES ENCORE,IMO0000000,WDK4811,37,,19,6,,,B
368058870,2022-01-05T14:56:59,30.02773,-85.48203,8.0,105.6,102.0,JESSIES ENCORE,IMO0000000,WDK4811,37,,19,6,,,B
368058870,2022-01-05T15:17:30,30.04122,-85.43949,8.0,45.7,41.0,JESSIES ENCORE,IMO0000000,WDK4811,37,,19,6,,,B
368058870,2022-01-05T15:07:30,30.02395,-85.45521,8.2,75.5,69.0,JESSIES ENCORE,IMO0000000,WDK4811,37,,19,6,,,B
368058870,2022-01-05T15:27:04,30.04714,-85.41965,7.8,110.7,106.0,JESSIES ENCORE,IMO0000000,WDK4811,37,,19,6,,,B
368058870,2022-01-05T15:12:01,30.03103,-85.44717,8.6,32.3,28.0,JESSIES ENCORE,IMO0000000,WDK4811,37,,19,6,,,B
368058870,2022-01-05T15:31:29,30.04397,-85.40921,7.5,105.8,102.0,JESSIES ENCORE,IMO0000000,WDK4811,37,,19,6,,,B
368058870,2022-01-05T15:21:30,30.04788,-85.43250,7.5,43.1,39.0,JESSIES ENCORE,IMO0000000,WDK4811,37,,19,6,,,B
368058870,2022-01-05T15:36:30,30.04084,-85.39787,7.3,98.9,101.0,JESSIES ENCORE,IMO0000000,WDK4811,37,,19,6,,,B
368058870,2022-01-05T15:23:59,30.04939,-85.42694,7.8,109.3,105.0,JESSIES ENCORE,IMO0000000,WDK4811,37,,19,6,,,B
368058870,2022-01-05T15:40:30,30.03367,-85.39451,7.4,169.3,170.0,JESSIES ENCORE,IMO0000000,WDK4811,37,,19,6,,,B
368058870,2022-01-05T15:22:32,30.04940,-85.43042,7.8,61.4,57.0,JESSIES ENCORE,IMO0000000,WDK4811,37,,19,6,,,B
368058870,2022-01-05T15:29:32,30.04528,-85.41377,7.0,118.4,105.0,JESSIES ENCORE,IMO0000000,WDK4811,37,,19,6,,,B
368058870,2022-01-05T15:25:02,30.04862,-85.42443,7.9,108.7,106.0,JESSIES ENCORE,IMO0000000,WDK4811,37,,19,6,,,B
368058870,2022-01-05T15:49:30,30.02270,-85.37982,7.2,167.0,169.0,JESSIES ENCORE,IMO0000000,WDK4811,37,,19,6,,,B
368058870,2022-01-05T15:52:00,30.01767,-85.37863,7.5,155.5,154.0,JESSIES ENCORE,IMO0000000,WDK4811,37,,19,6,,,B
368058870,2022-01-05T06:05:59,30.10113,-85.61911,0.1,347.5,511.0,JESSIES ENCORE,IMO0000000,WDK4811,37,,19,6,,,B
368058870,2022-01-05T15:53:29,30.01479,-85.37720,8.4,156.6,158.0,JESSIES ENCORE,IMO0000000,WDK4811,37,,19,6,,,B
368058870,2022-01-05T15:33:59,30.04229,-85.40353,7.6,109.8,106.0,JESSIES ENCORE,IMO0000000,WDK4811,37,,19,6,,,B
368058870,2022-01-05T15:43:29,30.02800,-85.39209,7.4,136.7,133.0,JESSIES ENCORE,IMO0000000,WDK4811,37,,19,6,,,B
368058870,2022-01-05T15:35:00,30.04159,-85.40124,7.1,108.7,103.0,JESSIES ENCORE,IMO0000000,WDK4811,37,,19,6,,,B
368058870,2022-01-05T15:48:29,30.02430,-85.38119,7.0,113.6,112.0,JESSIES ENCORE,IMO0000000,WDK4811,37,,19,6,,,B
368058870,2022-01-05T15:39:00,30.03669,-85.39520,7.4,170.2,170.0,JESSIES ENCORE,IMO0000000,WDK4811,37,,19,6,,,B
368058870,2022-01-05T16:00:30,30.00133,-85.37124,7.1,168.4,162.0,JESSIES ENCORE,IMO0000000,WDK4811,37,,19,6,,,B
368058870,2022-01-05T15:45:29,30.02580,-85.38812,7.6,111.2,107.0,JESSIES ENCORE,IMO0000000,WDK4811,37,,19,6,,,B
368058870,2022-01-05T15:46:31,30.02519,-85.38577,7.4,100.6,96.0,JESSIES ENCORE,IMO0000000,WDK4811,37,,19,6,,,B
368058870,2022-01-05T15:50:31,30.02064,-85.37969,8.1,175.5,171.0,JESSIES ENCORE,IMO0000000,WDK4811,37,,19,6,,,B
368058870,2022-01-05T16:09:00,29.98521,-85.37394,7.4,197.8,198.0,JESSIES ENCORE,IMO0000000,WDK4811,37,,19,6,,,B
368058870,2022-01-05T15:59:31,30.00333,-85.37184,7.7,161.0,163.0,JESSIES ENCORE,IMO0000000,WDK4811,37,,19,6,,,B
368058870,2022-01-05T15:58:00,30.00628,-85.37285,7.3,163.9,163.0,JESSIES ENCORE,IMO0000000,WDK4811,37,,19,6,,,B
368058870,2022-01-05T16:11:59,29.98067,-85.37783,7.3,219.1,218.0,JESSIES ENCORE,IMO0000000,WDK4811,37,,19,6,,,B
368058870,2022-01-05T15:56:31,30.00911,-85.37409,7.5,150.1,149.0,JESSIES ENCORE,IMO0000000,WDK4811,37,,19,6,,,B
368058870,2022-01-05T16:01:31,29.99929,-85.37061,7.6,165.4,165.0,JESSIES ENCORE,IMO0000000,WDK4811,37,,19,6,,,B
368058870,2022-01-05T16:20:00,29.96676,-85.36942,7.4,130.7,128.0,JESSIES ENCORE,IMO0000000,WDK4811,37,,19,6,,,B
368058870,2022-01-05T16:02:59,29.99638,-85.36973,7.3,165.2,165.0,JESSIES ENCORE,IMO0000000,WDK4811,37,,19,6,,,B
368058870,2022-01-05T16:21:30,29.96466,-85.36662,7.9,128.8,127.0,JESSIES ENCORE,IMO0000000,WDK4811,37,,19,6,,,B
368058870,2022-01-05T16:06:30,29.98959,-85.37087,7.2,222.6,222.0,JESSIES ENCORE,IMO0000000,WDK4811,37,,19,6,,,B
368058870,2022-01-05T16:07:31,29.98811,-85.37264,7.4,212.7,210.0,JESSIES ENCORE,IMO0000000,WDK4811,37,,19,6,,,B
368058870,2022-01-05T16:13:01,29.97869,-85.37881,7.5,182.8,180.0,JESSIES ENCORE,IMO0000000,WDK4811,37,,19,6,,,B
368058870,2022-01-05T16:10:30,29.98293,-85.37533,6.6,220.2,222.0,JESSIES ENCORE,IMO0000000,WDK4811,37,,19,6,,,B
368058870,2022-01-05T16:18:29,29.96896,-85.37207,7.4,144.9,142.0,JESSIES ENCORE,IMO0000000,WDK4811,37,,19,6,,,B
368058870,2022-01-05T16:29:29,29.95843,-85.34943,7.6,72.5,69.0,JESSIES ENCORE,IMO0000000,WDK4811,37,,19,6,,,B
368058870,2022-01-05T16:15:31,29.97414,-85.37604,7.6,145.8,144.0,JESSIES ENCORE,IMO0000000,WDK4811,37,,19,6,,,B
368058870,2022-01-05T16:16:33,29.97230,-85.37464,7.5,146.4,145.0,JESSIES ENCORE,IMO0000000,WDK4811,37,,19,6,,,B
368058870,2022-01-05T16:36:29,29.95767,-85.33329,7.2,95.7,96.0,JESSIES ENCORE,IMO0000000,WDK4811,37,,19,6,,,B
368058870,2022-01-05T16:14:30,29.97588,-85.37746,7.4,143.1,143.0,JESSIES ENCORE,IMO0000000,WDK4811,37,,19,6,,,B
368058870,2022-01-05T16:25:00,29.96009,-85.35983,8.0,125.6,123.0,JESSIES ENCORE,IMO0000000,WDK4811,37,,19,6,,,B
368058870,2022-01-05T16:40:01,29.95704,-85.32455,7.7,104.1,103.0,JESSIES ENCORE,IMO0000000,WDK4811,37,,19,6,,,B
368058870,2022-01-05T16:28:00,29.95808,-85.35303,7.7,93.6,89.0,JESSIES ENCORE,IMO0000000,WDK4811,37,,19,6,,,B
368058870,2022-01-05T16:37:30,29.95741,-85.33078,7.6,95.5,92.0,JESSIES ENCORE,IMO0000000,WDK4811,37,,19,6,,,B
368058870,2022-01-05T16:34:00,29.95966,-85.33895,7.0,114.3,111.0,JESSIES ENCORE,IMO0000000,WDK4811,37,,19,6,,,B
368058870,2022-01-05T16:39:00,29.95733,-85.32707,7.4,89.6,85.0,JESSIES ENCORE,IMO0000000,WDK4811,37,,19,6,,,B
368058870,2022-01-05T16:35:03,29.95868,-85.33662,7.5,115.7,113.0,JESSIES ENCORE,IMO0000000,WDK4811,37,,19,6,,,B
368058870,2022-01-05T16:52:34,29.94126,-85.29967,7.7,147.4,147.0,JESSIES ENCORE,IMO0000000,WDK4811,37,,19,6,,,B
368058870,2022-01-05T16:31:02,29.95975,-85.34605,7.0,66.4,64.0,JESSIES ENCORE,IMO0000000,WDK4811,37,,19,6,,,B
368058870,2022-01-05T16:41:59,29.95433,-85.32101,7.6,140.3,139.0,JESSIES ENCORE,IMO0000000,WDK4811,37,,19,6,,,B
368058870,2022-01-05T16:32:29,29.96033,-85.34253,7.9,85.5,86.0,JESSIES ENCORE,IMO0000000,WDK4811,37,,19,6,,,B
368058870,2022-01-05T16:44:31,29.95087,-85.31621,7.7,129.0,126.0,JESSIES ENCORE,IMO0000000,WDK4811,37,,19,6,,,B
368058870,2022-01-05T16:43:29,29.95225,-85.31821,7.6,128.6,126.0,JESSIES ENCORE,IMO0000000,WDK4811,37,,19,6,,,B
368058870,2022-01-05T16:49:35,29.94503,-85.30561,7.7,120.5,116.0,JESSIES ENCORE,IMO0000000,WDK4811,37,,19,6,,,B
368058870,2022-01-05T16:46:59,29.94779,-85.31125,7.2,121.7,118.0,JESSIES ENCORE,IMO0000000,WDK4811,37,,19,6,,,B
368058870,2022-01-05T16:51:00,29.94347,-85.30252,7.8,119.2,117.0,JESSIES ENCORE,IMO0000000,WDK4811,37,,19,6,,,B
368058870,2022-01-05T16:57:01,29.93201,-85.29769,7.4,172.6,171.0,JESSIES ENCORE,IMO0000000,WDK4811,37,,19,6,,,B
368058870,2022-01-05T16:48:01,29.94666,-85.30903,7.7,119.6,116.0,JESSIES ENCORE,IMO0000000,WDK4811,37,,19,6,,,B
368058870,2022-01-05T16:58:30,29.92889,-85.29717,6.6,171.2,173.0,JESSIES ENCORE,IMO0000000,WDK4811,37,,19,6,,,B
368058870,2022-01-05T16:54:00,29.93836,-85.29873,7.5,171.2,170.0,JESSIES ENCORE,IMO0000000,WDK4811,37,,19,6,,,B
368058870,2022-01-05T17:07:00,29.91435,-85.28812,7.2,125.5,125.0,JESSIES ENCORE,IMO0000000,WDK4811,37,,19,6,,,B
368058870,2022-01-05T17:05:31,29.91603,-85.29103,7.5,124.6,123.0,JESSIES ENCORE,IMO0000000,WDK4811,37,,19,6,,,B
368058870,2022-01-05T16:55:32,29.93514,-85.29821,7.6,172.0,171.0,JESSIES ENCORE,IMO0000000,WDK4811,37,,19,6,,,B
368058870,2022-01-05T17:00:00,29.92585,-85.29673,7.1,172.3,170.0,JESSIES ENCORE,IMO0000000,WDK4811,37,,19,6,,,B
368058870,2022-01-05T17:14:00,29.90257,-85.27811,7.4,153.7,150.0,JESSIES ENCORE,IMO0000000,WDK4811,37,,19,6,,,B
368058870,2022-01-05T17:11:29,29.90706,-85.28128,7.7,144.7,143.0,JESSIES ENCORE,IMO0000000,WDK4811,37,,19,6,,,B
368058870,2022-01-05T17:04:29,29.91732,-85.29297,7.7,131.7,131.0,JESSIES ENCORE,IMO0000000,WDK4811,37,,19,6,,,B
368058870,2022-01-05T17:17:00,29.89868,-85.27259,7.6,126.5,124.0,JESSIES ENCORE,IMO0000000,WDK4811,37,,19,6,,,B
368058870,2022-01-05T17:18:31,29.89679,-85.26958,7.6,125.3,123.0,JESSIES ENCORE,IMO0000000,WDK4811,37,,19,6,,,B
368058870,2022-01-05T17:26:00,29.88915,-85.25365,7.5,109.9,105.0,JESSIES ENCORE,IMO0000000,WDK4811,37,,19,6,,,B
368058870,2022-01-05T17:20:00,29.89500,-85.26668,7.8,127.6,123.0,JESSIES ENCORE,IMO0000000,WDK4811,37,,19,6,,,B
368058870,2022-01-05T17:12:30,29.90533,-85.27980,7.8,148.2,146.0,JESSIES ENCORE,IMO0000000,WDK4811,37,,19,6,,,B
368058870,2022-01-05T17:30:00,29.88636,-85.24425,6.3,114.3,112.0,JESSIES ENCORE,IMO0000000,WDK4811,37,,19,6,,,B
368058870,2022-01-05T17:31:30,29.88495,-85.24162,7.5,127.0,123.0,JESSIES ENCORE,IMO0000000,WDK4811,37,,19,6,,,B
368058870,2022-01-05T17:15:30,29.90058,-85.27551,7.5,125.4,125.0,JESSIES ENCORE,IMO0000000,WDK4811,37,,19,6,,,B
368058870,2022-01-05T17:39:30,29.88059,-85.22373,4.5,115.4,113.0,JESSIES ENCORE,IMO0000000,WDK4811,37,,19,6,,,B
368058870,2022-01-05T17:42:30,29.87901,-85.21857,7.3,105.5,103.0,JESSIES ENCORE,IMO0000000,WDK4811,37,,19,6,,,B
368058870,2022-01-05T17:21:29,29.89320,-85.26364,7.7,124.7,122.0,JESSIES ENCORE,IMO0000000,WDK4811,37,,19,6,,,B
368058870,2022-01-05T17:27:03,29.88844,-85.25121,8.1,107.8,106.0,JESSIES ENCORE,IMO0000000,WDK4811,37,,19,6,,,B
368058870,2022-01-05T17:23:00,29.89139,-85.26059,7.0,120.5,117.0,JESSIES ENCORE,IMO0000000,WDK4811,37,,19,6,,,B
368058870,2022-01-05T17:34:29,29.88411,-85.23454,7.5,90.8,86.0,JESSIES ENCORE,IMO0000000,WDK4811,37,,19,6,,,B
368058870,2022-01-05T17:38:29,29.88142,-85.22555,7.8,119.1,115.0,JESSIES ENCORE,IMO0000000,WDK4811,37,,19,6,,,B
368058870,2022-01-05T17:48:30,29.87187,-85.20822,7.6,170.5,171.0,JESSIES ENCORE,IMO0000000,WDK4811,37,,19,6,,,B
368058870,2022-01-05T17:24:01,29.89051,-85.25829,7.4,106.8,106.0,JESSIES ENCORE,IMO0000000,WDK4811,37,,19,6,,,B
368058870,2022-01-05T17:50:30,29.86761,-85.20794,7.4,185.6,184.0,JESSIES ENCORE,IMO0000000,WDK4811,37,,19,6,,,B
368058870,2022-01-05T17:35:32,29.88403,-85.23201,7.4,106.7,105.0,JESSIES ENCORE,IMO0000000,WDK4811,37,,19,6,,,B
368058870,2022-01-05T17:45:30,29.87743,-85.21138,7.7,114.0,114.0,JESSIES ENCORE,IMO0000000,WDK4811,37,,19,6,,,B
368058870,2022-01-05T17:37:01,29.88282,-85.22873,7.5,115.5,112.0,JESSIES ENCORE,IMO0000000,WDK4811,37,,19,6,,,B
368058870,2022-01-05T17:52:31,29.86331,-85.20864,7.7,190.7,189.0,JESSIES ENCORE,IMO0000000,WDK4811,37,,19,6,,,B
368058870,2022-01-05T17:43:59,29.87821,-85.21502,7.6,104.1,101.0,JESSIES ENCORE,IMO0000000,WDK4811,37,,19,6,,,B
368058870,2022-01-05T17:56:30,29.85481,-85.20895,7.1,189.8,189.0,JESSIES ENCORE,IMO0000000,WDK4811,37,,19,6,,,B
368058870,2022-01-05T17:40:59,29.87989,-85.22169,5.2,106.5,104.0,JESSIES ENCORE,IMO0000000,WDK4811,37,,19,6,,,B
368058870,2022-01-05T18:02:02,29.84400,-85.20955,7.7,132.5,132.0,JESSIES ENCORE,IMO0000000,WDK4811,37,,19,6,,,B
368058870,2022-01-05T17:47:01,29.87498,-85.20934,7.5,157.8,157.0,JESSIES ENCORE,IMO0000000,WDK4811,37,,19,6,,,B
368058870,2022-01-05T18:12:30,29.83231,-85.19067,7.9,170.0,176.0,JESSIES ENCORE,IMO0000000,WDK4811,37,,19,6,,,B
368058870,2022-01-05T17:53:59,29.86016,-85.20900,7.6,180.3,179.0,JESSIES ENCORE,IMO0000000,WDK4811,37,,19,6,,,B
368058870,2022-01-05T18:06:30,29.83835,-85.20083,7.6,94.6,91.0,JESSIES ENCORE,IMO0000000,WDK4811,37,,19,6,,,B
368058870,2022-01-05T18:09:30,29.83800,-85.19414,7.6,152.5,152.0,JESSIES ENCORE,IMO0000000,WDK4811,37,,19,6,,,B
368058870,2022-01-05T18:04:59,29.83976,-85.20418,7.9,143.3,138.0,JESSIES ENCORE,IMO0000000,WDK4811,37,,19,6,,,B
368058870,2022-01-05T17:59:02,29.84952,-85.20996,7.8,198.5,202.0,JESSIES ENCORE,IMO0000000,WDK4811,37,,19,6,,,B
368058870,2022-01-05T17:55:01,29.85794,-85.20877,7.8,172.4,173.0,JESSIES ENCORE,IMO0000000,WDK4811,37,,19,6,,,B
368058870,2022-01-05T18:24:29,29.81732,-85.16917,8.4,111.1,110.0,JESSIES ENCORE,IMO0000000,WDK4811,37,,19,6,,,B
368058870,2022-01-05T18:01:00,29.84565,-85.21131,7.7,154.0,150.0,JESSIES ENCORE,IMO0000000,WDK4811,37,,19,6,,,B
368058870,2022-01-05T18:16:30,29.82561,-85.18665,8.1,128.8,125.0,JESSIES ENCORE,IMO0000000,WDK4811,37,,19,6,,,B
368058870,2022-01-05T18:07:59,29.83908,-85.19731,7.8,72.2,67.0,JESSIES ENCORE,IMO0000000,WDK4811,37,,19,6,,,B
368058870,2022-01-05T18:35:01,29.80221,-85.14665,8.4,128.3,127.0,JESSIES ENCORE,IMO0000000,WDK4811,37,,19,6,,,B
368058870,2022-01-05T18:27:01,29.81384,-85.16371,8.5,128.2,125.0,JESSIES ENCORE,IMO0000000,WDK4811,37,,19,6,,,B
368058870,2022-01-05T18:10:59,29.83515,-85.19250,7.8,143.2,141.0,JESSIES ENCORE,IMO0000000,WDK4811,37,,19,6,,,B
368058870,2022-01-05T18:33:30,29.80439,-85.14987,8.4,129.8,127.0,JESSIES ENCORE,IMO0000000,WDK4811,37,,19,6,,,B
368058870,2022-01-05T18:20:01,29.82118,-85.17972,6.1,109.3,108.0,JESSIES ENCORE,IMO0000000,WDK4811,37,,19,6,,,B
368058870,2022-01-05T18:15:02,29.82747,-85.18960,7.7,120.2,118.0,JESSIES ENCORE,IMO0000000,WDK4811,37,,19,6,,,B
368058870,2022-01-05T18:41:59,29.79206,-85.13154,8.7,126.8,125.0,JESSIES ENCORE,IMO0000000,WDK4811,37,,19,6,,,B
368058870,2022-01-05T18:17:31,29.82463,-85.18437,7.7,118.5,117.0,JESSIES ENCORE,IMO0000000,WDK4811,37,,19,6,,,B
368058870,2022-01-05T18:19:00,29.82241,-85.18171,7.7,136.8,135.0,JESSIES ENCORE,IMO0000000,WDK4811,37,,19,6,,,B
368058870,2022-01-05T18:31:00,29.80801,-85.15517,8.5,127.7,125.0,JESSIES ENCORE,IMO0000000,WDK4811,37,,19,6,,,B
368058870,2022-01-05T18:22:00,29.81955,-85.17526,8.2,112.5,110.0,JESSIES ENCORE,IMO0000000,WDK4811,37,,19,6,,,B
368058870,2022-01-05T18:23:01,29.81863,-85.17282,8.3,113.6,109.0,JESSIES ENCORE,IMO0000000,WDK4811,37,,19,6,,,B
368058870,2022-01-05T18:52:29,29.77559,-85.10788,9.3,124.4,121.0,JESSIES ENCORE,IMO0000000,WDK4811,37,,19,6,,,B
368058870,2022-01-05T18:25:59,29.81531,-85.16589,8.5,127.1,125.0,JESSIES ENCORE,IMO0000000,WDK4811,37,,19,6,,,B
368058870,2022-01-05T18:54:30,29.77418,-85.10225,9.2,101.5,97.0,JESSIES ENCORE,IMO0000000,WDK4811,37,,19,6,,,B
368058870,2022-01-05T18:36:30,29.80003,-85.14349,8.5,129.4,126.0,JESSIES ENCORE,IMO0000000,WDK4811,37,,19,6,,,B
368058870,2022-01-05T18:28:29,29.81168,-85.16058,8.3,128.0,124.0,JESSIES ENCORE,IMO0000000,WDK4811,37,,19,6,,,B
368058870,2022-01-05T18:29:30,29.81022,-85.15841,8.6,130.2,126.0,JESSIES ENCORE,IMO0000000,WDK4811,37,,19,6,,,B
368058870,2022-01-05T19:00:00,29.77119,-85.08655,9.3,111.6,109.0,JESSIES ENCORE,IMO0000000,WDK4811,37,,19,6,,,B
368058870,2022-01-05T19:08:31,29.77912,-85.06995,9.1,10.2,9.0,JESSIES ENCORE,IMO0000000,WDK4811,37,,19,6,,,B
368058870,2022-01-05T18:37:59,29.79781,-85.14023,8.6,127.0,125.0,JESSIES ENCORE,IMO0000000,WDK4811,37,,19,6,,,B
368058870,2022-01-05T19:09:59,29.78286,-85.06922,9.1,8.7,6.0,JESSIES ENCORE,IMO0000000,WDK4811,37,,19,6,,,B
368058870,2022-01-05T19:11:29,29.78611,-85.06709,9.1,53.5,53.0,JESSIES ENCORE,IMO0000000,WDK4811,37,,19,6,,,B
368058870,2022-01-05T18:43:29,29.78984,-85.12819,8.6,126.7,125.0,JESSIES ENCORE,IMO0000000,WDK4811,37,,19,6,,,B
368058870,2022-01-05T18:45:01,29.78754,-85.12481,8.9,128.7,125.0,JESSIES ENCORE,IMO0000000,WDK4811,37,,19,6,,,B
368058870,2022-01-05T19:07:30,29.77662,-85.07047,9.1,9.2,8.0,JESSIES ENCORE,IMO0000000,WDK4811,37,,19,6,,,B
368058870,2022-01-05T18:46:29,29.78527,-85.12147,8.8,128.1,126.0,JESSIES ENCORE,IMO0000000,WDK4811,37,,19,6,,,B
368058870,2022-01-05T18:48:00,29.78290,-85.11800,8.9,128.2,126.0,JESSIES ENCORE,IMO0000000,WDK4811,37,,19,6,,,B
368058870,2022-01-05T18:49:30,29.78055,-85.11455,9.1,127.4,125.0,JESSIES ENCORE,IMO0000000,WDK4811,37,,19,6,,,B
368058870,2022-01-05T18:50:59,29.77820,-85.11110,8.9,130.9,126.0,JESSIES ENCORE,IMO0000000,WDK4811,37,,19,6,,,B
368058870,2022-01-05T19:12:31,29.78688,-85.06421,9.0,81.5,77.0,JESSIES ENCORE,IMO0000000,WDK4811,37,,19,6,,,B
368058870,2022-01-05T19:21:59,29.77095,-85.04300,10.2,143.3,143.0,JESSIES ENCORE,IMO0000000,WDK4811,37,,19,6,,,B
368058870,2022-01-05T18:56:31,29.77332,-85.09647,9.1,100.3,97.0,JESSIES ENCORE,IMO0000000,WDK4811,37,,19,6,,,B
368058870,2022-01-05T19:19:01,29.77755,-85.04948,10.5,138.3,135.0,JESSIES ENCORE,IMO0000000,WDK4811,37,,19,6,,,B
368058870,2022-01-05T19:20:30,29.77428,-85.04613,10.5,136.1,134.0,JESSIES ENCORE,IMO0000000,WDK4811,37,,19,6,,,B
368058870,2022-01-05T18:58:30,29.77242,-85.09069,8.9,100.6,97.0,JESSIES ENCORE,IMO0000000,WDK4811,37,,19,6,,,B
368058870,2022-01-05T19:15:00,29.78462,-85.05807,9.1,133.9,133.0,JESSIES ENCORE,IMO0000000,WDK4811,37,,19,6,,,B
368058870,2022-01-05T19:28:30,29.76299,-85.02448,10.5,104.8,102.0,JESSIES ENCORE,IMO0000000,WDK4811,37,,19,6,,,B
368058870,2022-01-05T19:37:29,29.74600,-85.00383,9.8,123.6,120.0,JESSIES ENCORE,IMO0000000,WDK4811,37,,19,6,,,B
368058870,2022-01-05T19:41:31,29.74020,-84.99299,9.6,129.1,128.0,JESSIES ENCORE,IMO0000000,WDK4811,37,,19,6,,,B
368058870,2022-01-05T19:32:33,29.75559,-85.01460,9.9,137.5,135.0,JESSIES ENCORE,IMO0000000,WDK4811,37,,19,6,,,B
368058870,2022-01-05T19:38:59,29.74394,-84.99974,9.4,119.3,117.0,JESSIES ENCORE,IMO0000000,WDK4811,37,,19,6,,,B
368058870,2022-01-05T19:16:30,29.78189,-85.05491,9.0,132.9,130.0,JESSIES ENCORE,IMO0000000,WDK4811,37,,19,6,,,B
368058870,2022-01-05T19:30:59,29.75879,-85.01805,10.1,134.5,133.0,JESSIES ENCORE,IMO0000000,WDK4811,37,,19,6,,,B
368058870,2022-01-05T19:24:29,29.76636,-85.03705,10.1,113.9,109.0,JESSIES ENCORE,IMO0000000,WDK4811,37,,19,6,,,B
368058870,2022-01-05T19:34:29,29.75165,-85.01056,9.7,141.5,138.0,JESSIES ENCORE,IMO0000000,WDK4811,37,,19,6,,,B
368058870,2022-01-05T19:26:01,29.76483,-85.03233,10.8,106.6,102.0,JESSIES ENCORE,IMO0000000,WDK4811,37,,19,6,,,B
368058870,2022-01-05T19:53:01,29.71647,-84.97884,9.5,170.3,170.0,JESSIES ENCORE,IMO0000000,WDK4811,37,,19,6,,,B
368058870,2022-01-05T20:01:30,29.69521,-84.97456,8.2,167.9,168.0,JESSIES ENCORE,IMO0000000,WDK4811,37,,19,6,,,B
368058870,2022-01-05T20:02:59,29.69183,-84.97394,8.2,172.4,172.0,JESSIES ENCORE,IMO0000000,WDK4811,37,,19,6,,,B
368058870,2022-01-05T19:29:33,29.76154,-85.02153,10.4,128.9,128.0,JESSIES ENCORE,IMO0000000,WDK4811,37,,19,6,,,B
368058870,2022-01-05T19:35:31,29.74954,-85.00858,9.8,139.4,136.0,JESSIES ENCORE,IMO0000000,WDK4811,37,,19,6,,,B
368058870,2022-01-05T20:06:30,29.68395,-84.97243,8.1,171.0,172.0,JESSIES ENCORE,IMO0000000,WDK4811,37,,19,6,,,B
368058870,2022-01-05T20:08:00,29.68057,-84.97184,7.8,170.8,173.0,JESSIES ENCORE,IMO0000000,WDK4811,37,,19,6,,,B
368058870,2022-01-05T19:54:04,29.71376,-84.97833,9.4,169.8,169.0,JESSIES ENCORE,IMO0000000,WDK4811,37,,19,6,,,B
368058870,2022-01-05T19:40:29,29.74188,-84.99561,9.7,119.5,116.0,JESSIES ENCORE,IMO0000000,WDK4811,37,,19,6,,,B
368058870,2022-01-05T20:12:30,29.67031,-84.96994,8.8,171.1,174.0,JESSIES ENCORE,IMO0000000,WDK4811,37,,19,6,,,B
368058870,2022-01-05T19:44:01,29.73603,-84.98705,9.5,127.5,125.0,JESSIES ENCORE,IMO0000000,WDK4811,37,,19,6,,,B
368058870,2022-01-05T20:15:02,29.66576,-84.96579,8.6,90.8,81.0,JESSIES ENCORE,IMO0000000,WDK4811,37,,19,6,,,B
368058870,2022-01-05T19:50:00,29.72440,-84.97918,9.2,170.2,169.0,JESSIES ENCORE,IMO0000000,WDK4811,37,,19,6,,,B
368058870,2022-01-05T19:42:59,29.73772,-84.98952,9.5,128.3,126.0,JESSIES ENCORE,IMO0000000,WDK4811,37,,19,6,,,B
368058870,2022-01-05T19:47:30,29.72998,-84.98094,7.0,150.5,153.0,JESSIES ENCORE,IMO0000000,WDK4811,37,,19,6,,,B
368058870,2022-01-05T19:51:01,29.72174,-84.97891,9.5,182.1,181.0,JESSIES ENCORE,IMO0000000,WDK4811,37,,19,6,,,B
368058870,2022-01-05T19:48:33,29.72795,-84.98017,7.7,166.6,164.0,JESSIES ENCORE,IMO0000000,WDK4811,37,,19,6,,,B
368058870,2022-01-05T20:04:01,29.68950,-84.97349,8.0,172.5,172.0,JESSIES ENCORE,IMO0000000,WDK4811,37,,19,6,,,B
368058870,2022-01-05T19:58:00,29.70355,-84.97635,9.2,173.1,171.0,JESSIES ENCORE,IMO0000000,WDK4811,37,,19,6,,,B
368058870,2022-01-05T19:55:30,29.70998,-84.97759,9.4,169.6,169.0,JESSIES ENCORE,IMO0000000,WDK4811,37,,19,6,,,B
368058870,2022-01-05T20:27:34,29.67287,-84.93161,7.8,80.4,72.0,JESSIES ENCORE,IMO0000000,WDK4811,37,,19,6,,,B
368058870,2022-01-05T20:00:01,29.69869,-84.97528,8.7,169.2,172.0,JESSIES ENCORE,IMO0000000,WDK4811,37,,19,6,,,B
368058870,2022-01-05T19:56:59,29.70618,-84.97679,9.3,170.3,169.0,JESSIES ENCORE,IMO0000000,WDK4811,37,,19,6,,,B
368058870,2022-01-05T20:09:34,29.67711,-84.97119,8.1,172.1,174.0,JESSIES ENCORE,IMO0000000,WDK4811,37,,19,6,,,B
368058870,2022-01-05T20:34:01,29.67651,-84.91447,8.4,75.9,69.0,JESSIES ENCORE,IMO0000000,WDK4811,37,,19,6,,,B
368058870,2022-01-05T20:05:02,29.68717,-84.97305,8.1,170.5,171.0,JESSIES ENCORE,IMO0000000,WDK4811,37,,19,6,,,B
368058870,2022-01-05T20:38:29,29.67914,-84.90270,8.5,75.7,70.0,JESSIES ENCORE,IMO0000000,WDK4811,37,,19,6,,,B
368058870,2022-01-05T20:39:30,29.67971,-84.90007,8.4,74.8,69.0,JESSIES ENCORE,IMO0000000,WDK4811,37,,19,6,,,B
368058870,2022-01-05T20:18:59,29.66805,-84.95488,8.5,74.4,69.0,JESSIES ENCORE,IMO0000000,WDK4811,37,,19,6,,,B
368058870,2022-01-05T20:11:00,29.67384,-84.97059,8.3,170.8,173.0,JESSIES ENCORE,IMO0000000,WDK4811,37,,19,6,,,B
368058870,2022-01-05T20:26:01,29.67206,-84.93568,8.6,76.0,72.0,JESSIES ENCORE,IMO0000000,WDK4811,37,,19,6,,,B
368058870,2022-01-05T20:24:32,29.67127,-84.93968,8.2,74.9,72.0,JESSIES ENCORE,IMO0000000,WDK4811,37,,19,6,,,B
368058870,2022-01-05T20:29:30,29.67392,-84.92637,8.6,76.1,71.0,JESSIES ENCORE,IMO0000000,WDK4811,37,,19,6,,,B
368058870,2022-01-05T20:16:32,29.66667,-84.96175,8.8,77.9,72.0,JESSIES ENCORE,IMO0000000,WDK4811,37,,19,6,,,B
368058870,2022-01-05T20:37:00,29.67826,-84.90666,8.4,74.9,69.0,JESSIES ENCORE,IMO0000000,WDK4811,37,,19,6,,,B
368058870,2022-01-05T20:46:30,29.68336,-84.88172,6.4,77.4,72.0,JESSIES ENCORE,IMO0000000,WDK4811,37,,19,6,,,B
368058870,2022-01-05T20:52:59,29.68676,-84.86593,8.4,75.6,67.0,JESSIES ENCORE,IMO0000000,WDK4811,37,,19,6,,,B
368058870,2022-01-05T20:55:00,29.68795,-84.86073,8.7,74.8,69.0,JESSIES ENCORE,IMO0000000,WDK4811,37,,19,6,,,B
368058870,2022-01-05T20:21:30,29.66957,-84.94801,8.7,77.3,73.0,JESSIES ENCORE,IMO0000000,WDK4811,37,,19,6,,,B
368058870,2022-01-05T20:23:30,29.67072,-84.94251,8.8,74.9,72.0,JESSIES ENCORE,IMO0000000,WDK4811,37,,19,6,,,B
368058870,2022-01-05T20:41:04,29.68053,-84.89582,8.7,77.1,72.0,JESSIES ENCORE,IMO0000000,WDK4811,37,,19,6,,,B
368058870,2022-01-05T20:51:03,29.68574,-84.87083,7.9,77.9,70.0,JESSIES ENCORE,IMO0000000,WDK4811,37,,19,6,,,B
368058870,2022-01-05T20:31:00,29.67476,-84.92243,8.4,75.8,70.0,JESSIES ENCORE,IMO0000000,WDK4811,37,,19,6,,,B
368058870,2022-01-05T20:42:30,29.68125,-84.89204,8.6,77.1,71.0,JESSIES ENCORE,IMO0000000,WDK4811,37,,19,6,,,B
368058870,2022-01-05T21:02:30,29.69193,-84.84121,8.1,79.9,70.0,JESSIES ENCORE,IMO0000000,WDK4811,37,,19,6,,,B
368058870,2022-01-05T20:35:30,29.67740,-84.91053,8.6,74.9,69.0,JESSIES ENCORE,IMO0000000,WDK4811,37,,19,6,,,B
368058870,2022-01-05T21:05:00,29.69319,-84.83475,8.1,77.5,71.0,JESSIES ENCORE,IMO0000000,WDK4811,37,,19,6,,,B
368058870,2022-01-05T21:09:29,29.69569,-84.82318,8.3,74.2,69.0,JESSIES ENCORE,IMO0000000,WDK4811,37,,19,6,,,B
368058870,2022-01-05T21:03:31,29.69243,-84.83856,8.3,77.5,70.0,JESSIES ENCORE,IMO0000000,WDK4811,37,,19,6,,,B
368058870,2022-01-05T20:49:30,29.68477,-84.87455,7.9,75.6,68.0,JESSIES ENCORE,IMO0000000,WDK4811,37,,19,6,,,B
368058870,2022-01-05T21:14:00,29.70415,-84.81715,8.1,19.7,16.0,JESSIES ENCORE,IMO0000000,WDK4811,37,,19,6,,,B
368058870,2022-01-05T20:44:29,29.68232,-84.88681,8.3,77.5,73.0,JESSIES ENCORE,IMO0000000,WDK4811,37,,19,6,,,B
368058870,2022-01-05T20:58:00,29.68956,-84.85293,8.3,76.8,71.0,JESSIES ENCORE,IMO0000000,WDK4811,37,,19,6,,,B
368058870,2022-01-05T21:16:31,29.70958,-84.81502,8.0,17.9,17.0,JESSIES ENCORE,IMO0000000,WDK4811,37,,19,6,,,B
368058870,2022-01-05T20:47:59,29.68405,-84.87829,7.9,81.9,75.0,JESSIES ENCORE,IMO0000000,WDK4811,37,,19,6,,,B
368058870,2022-01-05T21:06:29,29.69397,-84.83093,8.3,76.8,70.0,JESSIES ENCORE,IMO0000000,WDK4811,37,,19,6,,,B
368058870,2022-01-05T21:22:00,29.72099,-84.81027,7.5,35.1,34.0,JESSIES ENCORE,IMO0000000,WDK4811,37,,19,6,,,B
368058870,2022-01-05T21:11:01,29.69775,-84.82009,8.3,31.8,28.0,JESSIES ENCORE,IMO0000000,WDK4811,37,,19,6,,,B
368058870,2022-01-05T21:24:30,29.72487,-84.80578,8.2,64.9,61.0,JESSIES ENCORE,IMO0000000,WDK4811,37,,19,6,,,B
368058870,2022-01-05T21:15:29,29.70735,-84.81585,8.2,19.3,17.0,JESSIES ENCORE,IMO0000000,WDK4811,37,,19,6,,,B
368058870,2022-01-05T21:20:31,29.71798,-84.81181,7.9,19.6,19.0,JESSIES ENCORE,IMO0000000,WDK4811,37,,19,6,,,B
368058870,2022-01-05T21:35:01,29.73483,-84.78154,8.1,65.2,62.0,JESSIES ENCORE,IMO0000000,WDK4811,37,,19,6,,,B
368058870,2022-01-05T21:18:59,29.71477,-84.81319,8.2,20.2,21.0,JESSIES ENCORE,IMO0000000,WDK4811,37,,19,6,,,B
368058870,2022-01-05T21:32:31,29.73245,-84.78722,7.9,65.6,62.0,JESSIES ENCORE,IMO0000000,WDK4811,37,,19,6,,,B
368058870,2022-01-05T21:42:01,29.74114,-84.76505,7.9,65.9,62.0,JESSIES ENCORE,IMO0000000,WDK4811,37,,19,6,,,B
368058870,2022-01-05T21:08:00,29.69481,-84.82702,8.6,75.5,71.0,JESSIES ENCORE,IMO0000000,WDK4811,37,,19,6,,,B
368058870,2022-01-05T21:12:30,29.70089,-84.81844,8.2,18.7,16.0,JESSIES ENCORE,IMO0000000,WDK4811,37,,19,6,,,B
368058870,2022-01-05T21:23:01,29.72283,-84.80877,7.7,42.3,41.0,JESSIES ENCORE,IMO0000000,WDK4811,37,,19,6,,,B
368058870,2022-01-05T08:09:29,30.10116,-85.61924,0.0,173.2,511.0,JESSIES ENCORE,IMO0000000,WDK4811,37,,19,6,,,B
368058870,2022-01-05T21:43:29,29.74247,-84.76167,8.2,57.8,55.0,JESSIES ENCORE,IMO0000000,WDK4811,37,,19,6,,,B
368058870,2022-01-05T21:56:32,29.75775,-84.73371,8.3,57.4,54.0,JESSIES ENCORE,IMO0000000,WDK4811,37,,19,6,,,B
368058870,2022-01-05T21:40:59,29.74022,-84.76751,7.9,68.1,63.0,JESSIES ENCORE,IMO0000000,WDK4811,37,,19,6,,,B
368058870,2022-01-05T21:27:07,29.72722,-84.79959,7.9,62.6,59.0,JESSIES ENCORE,IMO0000000,WDK4811,37,,19,6,,,B
368058870,2022-01-05T21:28:29,29.72855,-84.79652,7.9,64.0,62.0,JESSIES ENCORE,IMO0000000,WDK4811,37,,19,6,,,B
368058870,2022-01-05T21:33:59,29.73385,-84.78387,7.9,64.4,62.0,JESSIES ENCORE,IMO0000000,WDK4811,37,,19,6,,,B
368058870,2022-01-05T22:08:30,29.77360,-84.70633,8.5,58.1,55.0,JESSIES ENCORE,IMO0000000,WDK4811,37,,19,6,,,B
368058870,2022-01-05T21:55:00,29.75588,-84.73703,7.9,57.1,54.0,JESSIES ENCORE,IMO0000000,WDK4811,37,,19,6,,,B
368058870,2022-01-05T21:59:30,29.76152,-84.72702,8.2,57.0,54.0,JESSIES ENCORE,IMO0000000,WDK4811,37,,19,6,,,B
368058870,2022-01-05T22:12:30,29.77809,-84.69709,7.9,81.5,80.0,JESSIES ENCORE,IMO0000000,WDK4811,37,,19,6,,,B
368058870,2022-01-05T21:49:30,29.74937,-84.74875,7.6,58.0,54.0,JESSIES ENCORE,IMO0000000,WDK4811,37,,19,6,,,B
368058870,2022-01-05T21:59:59,29.76216,-84.72593,8.5,56.3,54.0,JESSIES ENCORE,IMO0000000,WDK4811,37,,19,6,,,B
368058870,2022-01-05T22:03:31,29.76694,-84.71787,8.9,55.9,53.0,JESSIES ENCORE,IMO0000000,WDK4811,37,,19,6,,,B
368058870,2022-01-05T22:07:03,29.77179,-84.70972,8.6,58.1,55.0,JESSIES ENCORE,IMO0000000,WDK4811,37,,19,6,,,B
368058870,2022-01-05T22:15:01,29.77821,-84.69072,8.0,89.0,89.0,JESSIES ENCORE,IMO0000000,WDK4811,37,,19,6,,,B
368058870,2022-01-05T22:23:30,29.77256,-84.67155,8.0,137.5,135.0,JESSIES ENCORE,IMO0000000,WDK4811,37,,19,6,,,B
368058870,2022-01-05T22:29:31,29.76217,-84.66056,8.3,161.7,161.0,JESSIES ENCORE,IMO0000000,WDK4811,37,,19,6,,,B
368058870,2022-01-05T22:30:59,29.75875,-84.65949,8.6,164.7,162.0,JESSIES ENCORE,IMO0000000,WDK4811,37,,19,6,,,B
368058870,2022-01-05T22:33:30,29.75278,-84.65755,8.9,163.9,162.0,JESSIES ENCORE,IMO0000000,WDK4811,37,,19,6,,,B
368058870,2022-01-05T22:28:00,29.76493,-84.66317,8.5,137.5,135.0,JESSIES ENCORE,IMO0000000,WDK4811,37,,19,6,,,B
368058870,2022-01-05T22:19:01,29.77817,-84.68037,7.9,94.7,94.0,JESSIES ENCORE,IMO0000000,WDK4811,37,,19,6,,,B
368058870,2022-01-05T22:10:01,29.77550,-84.70278,8.6,58.2,55.0,JESSIES ENCORE,IMO0000000,WDK4811,37,,19,6,,,B
368058870,2022-01-05T22:20:59,29.77702,-84.67569,8.5,139.6,138.0,JESSIES ENCORE,IMO0000000,WDK4811,37,,19,6,,,B
368058870,2022-01-05T22:40:59,29.73637,-84.64845,9.0,139.2,136.0,JESSIES ENCORE,IMO0000000,WDK4811,37,,19,6,,,B
368058870,2022-01-05T22:32:29,29.75520,-84.65835,8.7,164.3,162.0,JESSIES ENCORE,IMO0000000,WDK4811,37,,19,6,,,B
368058870,2022-01-05T22:46:00,29.72678,-84.63941,8.6,141.3,136.0,JESSIES ENCORE,IMO0000000,WDK4811,37,,19,6,,,B
368058870,2022-01-05T22:16:30,29.77834,-84.68683,8.5,85.9,88.0,JESSIES ENCORE,IMO0000000,WDK4811,37,,19,6,,,B
368058870,2022-01-05T22:26:32,29.76749,-84.66601,8.4,134.4,131.0,JESSIES ENCORE,IMO0000000,WDK4811,37,,19,6,,,B
368058870,2022-01-05T22:13:59,29.77816,-84.69336,8.0,89.5,88.0,JESSIES ENCORE,IMO0000000,WDK4811,37,,19,6,,,B
368058870,2022-01-05T22:22:00,29.77522,-84.67405,8.3,139.9,137.0,JESSIES ENCORE,IMO0000000,WDK4811,37,,19,6,,,B
368058870,2022-01-05T22:53:30,29.71220,-84.62569,9.2,138.9,134.0,JESSIES ENCORE,IMO0000000,WDK4811,37,,19,6,,,B
368058870,2022-01-05T22:37:30,29.74317,-84.65451,8.9,164.6,163.0,JESSIES ENCORE,IMO0000000,WDK4811,37,,19,6,,,B
368058870,2022-01-05T22:42:29,29.73355,-84.64567,8.7,139.4,135.0,JESSIES ENCORE,IMO0000000,WDK4811,37,,19,6,,,B
368058870,2022-01-05T22:43:30,29.73165,-84.64387,8.6,140.7,136.0,JESSIES ENCORE,IMO0000000,WDK4811,37,,19,6,,,B
368058870,2022-01-05T22:58:31,29.70284,-84.61607,8.9,138.2,133.0,JESSIES ENCORE,IMO0000000,WDK4811,37,,19,6,,,B
368058870,2022-01-05T22:38:59,29.74016,-84.65217,8.9,139.4,137.0,JESSIES ENCORE,IMO0000000,WDK4811,37,,19,6,,,B
368058870,2022-01-05T23:04:59,29.69059,-84.60394,9.0,139.2,137.0,JESSIES ENCORE,IMO0000000,WDK4811,37,,19,6,,,B
368058870,2022-01-05T22:47:29,29.72384,-84.63672,9.2,139.5,136.0,JESSIES ENCORE,IMO0000000,WDK4811,37,,19,6,,,B
368058870,2022-01-05T22:56:00,29.70746,-84.62095,9.2,138.3,134.0,JESSIES ENCORE,IMO0000000,WDK4811,37,,19,6,,,B
368058870,2022-01-05T22:49:00,29.72080,-84.63407,8.9,141.5,136.0,JESSIES ENCORE,IMO0000000,WDK4811,37,,19,6,,,B
368058870,2022-01-05T23:10:29,29.68019,-84.59347,9.0,138.9,136.0,JESSIES ENCORE,IMO0000000,WDK4811,37,,19,6,,,B
368058870,2022-01-05T22:51:31,29.71597,-84.62941,8.9,138.7,133.0,JESSIES ENCORE,IMO0000000,WDK4811,37,,19,6,,,B
368058870,2022-01-05T23:03:31,29.69342,-84.60674,8.8,138.6,135.0,JESSIES ENCORE,IMO0000000,WDK4811,37,,19,6,,,B
368058870,2022-01-05T23:23:29,29.65530,-84.56854,9.1,138.1,137.0,JESSIES ENCORE,IMO0000000,WDK4811,37,,19,6,,,B
368058870,2022-01-05T23:08:00,29.68490,-84.59826,9.0,137.5,134.0,JESSIES ENCORE,IMO0000000,WDK4811,37,,19,6,,,B
368058870,2022-01-05T22:57:29,29.70469,-84.61807,9.3,136.5,132.0,JESSIES ENCORE,IMO0000000,WDK4811,37,,19,6,,,B
368058870,2022-01-05T23:15:00,29.67158,-84.58481,9.1,139.1,136.0,JESSIES ENCORE,IMO0000000,WDK4811,37,,19,6,,,B
368058870,2022-01-05T23:36:30,29.63077,-84.54416,9.0,139.7,135.0,JESSIES ENCORE,IMO0000000,WDK4811,37,,19,6,,,B
368058870,2022-01-05T23:20:29,29.66101,-84.57420,9.3,137.1,135.0,JESSIES ENCORE,IMO0000000,WDK4811,37,,19,6,,,B
368058870,2022-01-05T23:45:29,29.61370,-84.52735,9.0,140.7,139.0,JESSIES ENCORE,IMO0000000,WDK4811,37,,19,6,,,B
368058870,2022-01-05T23:22:02,29.65809,-84.57129,9.1,138.9,137.0,JESSIES ENCORE,IMO0000000,WDK4811,37,,19,6,,,B
368058870,2022-01-05T23:27:59,29.64680,-84.56004,9.1,136.8,135.0,JESSIES ENCORE,IMO0000000,WDK4811,37,,19,6,,,B
368058870,2022-01-05T23:31:01,29.64112,-84.55431,8.9,139.0,137.0,JESSIES ENCORE,IMO0000000,WDK4811,37,,19,6,,,B
368058870,2022-01-05T23:34:00,29.63547,-84.54876,9.0,139.2,136.0,JESSIES ENCORE,IMO0000000,WDK4811,37,,19,6,,,B
368058870,2022-01-05T23:53:29,29.59826,-84.51257,9.0,145.0,142.0,JESSIES ENCORE,IMO0000000,WDK4811,37,,19,6,,,B
368058870,2022-01-05T23:39:30,29.62508,-84.53861,8.9,140.1,137.0,JESSIES ENCORE,IMO0000000,WDK4811,37,,19,6,,,B
368058870,2022-01-05T23:59:59,29.58533,-84.50119,9.1,140.5,138.0,JESSIES ENCORE,IMO0000000,WDK4811,37,,19,6,,,B
368058870,2022-01-05T23:51:29,29.60231,-84.51600,9.1,138.2,136.0,JESSIES ENCORE,IMO0000000,WDK4811,37,,19,6,,,B
368058870,2022-01-05T23:41:29,29.62130,-84.53485,8.8,138.9,136.0,JESSIES ENCORE,IMO0000000,WDK4811,37,,19,6,,,B
368058870,2022-01-05T23:54:59,29.59526,-84.50996,8.7,145.0,142.0,JESSIES ENCORE,IMO0000000,WDK4811,37,,19,6,,,B
368058870,2022-01-05T23:58:01,29.58925,-84.50467,8.7,142.1,139.0,JESSIES ENCORE,IMO0000000,WDK4811,37,,19,6,,,B
368058870,2022-01-05T09:21:30,30.10115,-85.61921,0.1,160.6,511.0,JESSIES ENCORE,IMO0000000,WDK4811,37,,19,6,,,B
368058870,2022-01-05T09:36:31,30.10114,-85.61925,0.0,304.2,511.0,JESSIES ENCORE,IMO0000000,WDK4811,37,,19,6,,,B
368058870,2022-01-05T10:50:31,30.10113,-85.61924,0.0,110.3,511.0,JESSIES ENCORE,IMO0000000,WDK4811,37,,19,6,,,B
368058870,2022-01-05T11:02:29,30.10114,-85.61921,0.0,110.3,511.0,JESSIES ENCORE,IMO0000000,WDK4811,37,,19,6,,,B
368058870,2022-01-05T11:29:30,30.10115,-85.61925,0.0,45.2,511.0,JESSIES ENCORE,IMO0000000,WDK4811,37,,19,6,,,B
368058870,2022-01-05T11:38:30,30.10118,-85.61931,0.2,45.2,511.0,JESSIES ENCORE,IMO0000000,WDK4811,37,,19,6,,,B
368058870,2022-01-05T11:44:32,30.10118,-85.61929,0.6,45.2,511.0,JESSIES ENCORE,IMO0000000,WDK4811,37,,19,6,,,B
368058870,2022-01-05T11:51:59,30.10116,-85.61919,0.0,329.5,511.0,JESSIES ENCORE,IMO0000000,WDK4811,37,,19,6,,,B
368058870,2022-01-05T12:18:01,30.10116,-85.61927,0.1,60.1,511.0,JESSIES ENCORE,IMO0000000,WDK4811,37,,19,6,,,B
368058870,2022-01-05T12:40:30,30.10119,-85.61924,0.3,345.7,511.0,JESSIES ENCORE,IMO0000000,WDK4811,37,,19,6,,,B
368058870,2022-01-05T13:04:30,30.10118,-85.61927,0.1,271.4,511.0,JESSIES ENCORE,IMO0000000,WDK4811,37,,19,6,,,B
368058870,2022-01-05T13:43:01,30.10075,-85.61916,3.7,78.0,69.0,JESSIES ENCORE,IMO0000000,WDK4811,37,,19,6,,,B
368058870,2022-01-05T13:44:31,30.10054,-85.61697,5.7,55.3,38.0,JESSIES ENCORE,IMO0000000,WDK4811,37,,19,6,,,B
368058870,2022-01-05T13:46:00,30.10226,-85.61491,6.2,41.8,42.0,JESSIES ENCORE,IMO0000000,WDK4811,37,,19,6,,,B
368058870,2022-01-05T13:48:00,30.10474,-85.61206,6.4,42.8,49.0,JESSIES ENCORE,IMO0000000,WDK4811,37,,19,6,,,B
368058870,2022-01-05T13:58:29,30.10264,-85.59186,6.6,79.4,72.0,JESSIES ENCORE,IMO0000000,WDK4811,37,,19,6,,,B
368058870,2022-01-05T14:00:00,30.10344,-85.58845,8.2,73.5,68.0,JESSIES ENCORE,IMO0000000,WDK4811,37,,19,6,,,B
368058870,2022-01-05T14:07:31,30.10431,-85.56833,8.4,89.7,85.0,JESSIES ENCORE,IMO0000000,WDK4811,37,,19,6,,,B
368058870,2022-01-05T14:18:01,30.09508,-85.54336,8.4,129.0,125.0,JESSIES ENCORE,IMO0000000,WDK4811,37,,19,6,,,B
368058870,2022-01-05T14:29:34,30.08018,-85.51703,8.6,135.2,133.0,JESSIES ENCORE,IMO0000000,WDK4811,37,,19,6,,,B
368058870,2022-01-05T14:53:30,30.03365,-85.48758,8.0,130.0,131.0,JESSIES ENCORE,IMO0000000,WDK4811,37,,19,6,,,B
368058870,2022-01-05T14:55:31,30.02985,-85.48477,7.9,149.3,145.0,JESSIES ENCORE,IMO0000000,WDK4811,37,,19,6,,,B
368058870,2022-01-05T15:20:01,30.04539,-85.43507,8.1,45.1,41.0,JESSIES ENCORE,IMO0000000,WDK4811,37,,19,6,,,B
368058870,2022-01-05T15:28:30,30.04603,-85.41616,7.8,108.8,106.0,JESSIES ENCORE,IMO0000000,WDK4811,37,,19,6,,,B
368058870,2022-01-05T15:32:32,30.04330,-85.40685,7.3,108.2,104.0,JESSIES ENCORE,IMO0000000,WDK4811,37,,19,6,,,B
368058870,2022-01-05T15:42:00,30.03065,-85.39385,7.2,169.6,167.0,JESSIES ENCORE,IMO0000000,WDK4811,37,,19,6,,,B
368058870,2022-01-05T15:55:00,30.01185,-85.37585,7.1,153.6,154.0,JESSIES ENCORE,IMO0000000,WDK4811,37,,19,6,,,B
368058870,2022-01-05T16:04:31,29.99332,-85.36907,7.6,177.5,180.0,JESSIES ENCORE,IMO0000000,WDK4811,37,,19,6,,,B
368058870,2022-01-05T16:23:32,29.96191,-85.36279,7.9,125.6,123.0,JESSIES ENCORE,IMO0000000,WDK4811,37,,19,6,,,B
368058870,2022-01-05T16:26:30,29.95870,-85.35664,7.6,104.5,101.0,JESSIES ENCORE,IMO0000000,WDK4811,37,,19,6,,,B
368058870,2022-01-05T17:08:30,29.91217,-85.28555,7.5,141.7,142.0,JESSIES ENCORE,IMO0000000,WDK4811,37,,19,6,,,B
368058870,2022-01-05T17:28:35,29.88737,-85.24748,7.6,105.4,102.0,JESSIES ENCORE,IMO0000000,WDK4811,37,,19,6,,,B
368058870,2022-01-05T17:33:00,29.88412,-85.23809,11.9,103.4,87.0,JESSIES ENCORE,IMO0000000,WDK4811,37,,19,6,,,B
368058870,2022-01-05T17:58:00,29.85165,-85.20951,7.5,191.0,190.0,JESSIES ENCORE,IMO0000000,WDK4811,37,,19,6,,,B
368058870,2022-01-05T18:03:30,29.84183,-85.20701,6.3,118.1,117.0,JESSIES ENCORE,IMO0000000,WDK4811,37,,19,6,,,B
368058870,2022-01-05T18:39:01,29.79635,-85.13802,8.3,126.4,125.0,JESSIES ENCORE,IMO0000000,WDK4811,37,,19,6,,,B
368058870,2022-01-05T18:40:30,29.79420,-85.13478,8.5,128.0,125.0,JESSIES ENCORE,IMO0000000,WDK4811,37,,19,6,,,B
368058870,2022-01-05T19:18:00,29.77944,-85.05151,9.3,131.5,132.0,JESSIES ENCORE,IMO0000000,WDK4811,37,,19,6,,,B
368058870,2022-01-05T19:46:00,29.73269,-84.98270,7.4,141.6,142.0,JESSIES ENCORE,IMO0000000,WDK4811,37,,19,6,,,B
368058870,2022-01-05T20:13:59,29.66709,-84.96829,8.9,132.9,132.0,JESSIES ENCORE,IMO0000000,WDK4811,37,,19,6,,,B
368058870,2022-01-05T20:20:01,29.66869,-84.95203,8.7,75.5,70.0,JESSIES ENCORE,IMO0000000,WDK4811,37,,19,6,,,B
368058870,2022-01-05T20:32:02,29.67538,-84.91963,8.4,75.3,69.0,JESSIES ENCORE,IMO0000000,WDK4811,37,,19,6,,,B
368058870,2022-01-05T20:56:29,29.68876,-84.85689,8.2,77.2,71.0,JESSIES ENCORE,IMO0000000,WDK4811,37,,19,6,,,B
368058870,2022-01-05T20:59:30,29.69037,-84.84904,8.5,75.5,70.0,JESSIES ENCORE,IMO0000000,WDK4811,37,,19,6,,,B
368058870,2022-01-05T21:17:32,29.71174,-84.81426,7.9,16.6,17.0,JESSIES ENCORE,IMO0000000,WDK4811,37,,19,6,,,B
368058870,2022-01-05T21:31:29,29.73144,-84.78959,7.9,64.5,61.0,JESSIES ENCORE,IMO0000000,WDK4811,37,,19,6,,,B
368058870,2022-01-05T21:51:59,29.75225,-84.74349,7.7,56.4,54.0,JESSIES ENCORE,IMO0000000,WDK4811,37,,19,6,,,B
368058870,2022-01-05T22:24:59,29.77002,-84.66893,8.3,134.8,133.0,JESSIES ENCORE,IMO0000000,WDK4811,37,,19,6,,,B
368058870,2022-01-05T22:50:29,29.71794,-84.63135,9.0,138.1,133.0,JESSIES ENCORE,IMO0000000,WDK4811,37,,19,6,,,B
368058870,2022-01-05T23:13:00,29.67537,-84.58865,9.2,138.7,136.0,JESSIES ENCORE,IMO0000000,WDK4811,37,,19,6,,,B
368058870,2022-01-05T23:18:34,29.66473,-84.57796,9.1,138.9,135.0,JESSIES ENCORE,IMO0000000,WDK4811,37,,19,6,,,B
368058870,2022-01-05T23:26:31,29.64957,-84.56287,8.9,138.9,137.0,JESSIES ENCORE,IMO0000000,WDK4811,37,,19,6,,,B
368058870,2022-01-06T00:01:59,29.58141,-84.49754,9.0,141.1,138.0,JESSIES ENCORE,IMO0000000,WDK4811,37,,19,6,,,B
368058870,2022-01-06T00:05:29,29.57467,-84.49100,8.6,138.7,134.0,JESSIES ENCORE,IMO0000000,WDK4811,37,,19,6,,,B
368058870,2022-01-06T00:04:01,29.57750,-84.49373,8.8,139.0,134.0,JESSIES ENCORE,IMO0000000,WDK4811,37,,19,6,,,B
368058870,2022-01-06T00:08:01,29.56983,-84.48633,9.1,141.6,136.0,JESSIES ENCORE,IMO0000000,WDK4811,37,,19,6,,,B
368058870,2022-01-06T00:09:59,29.56608,-84.48265,8.8,138.8,136.0,JESSIES ENCORE,IMO0000000,WDK4811,37,,19,6,,,B
368058870,2022-01-06T00:13:03,29.56019,-84.47691,8.8,141.3,138.0,JESSIES ENCORE,IMO0000000,WDK4811,37,,19,6,,,B
368058870,2022-01-06T00:15:59,29.55456,-84.47132,9.2,139.8,138.0,JESSIES ENCORE,IMO0000000,WDK4811,37,,19,6,,,B
368058870,2022-01-06T00:27:59,29.53164,-84.44805,9.1,138.0,135.0,JESSIES ENCORE,IMO0000000,WDK4811,37,,19,6,,,B
368058870,2022-01-06T00:25:30,29.53628,-84.45296,9.3,137.1,134.0,JESSIES ENCORE,IMO0000000,WDK4811,37,,19,6,,,B
368058870,2022-01-06T00:33:30,29.52159,-84.43681,9.1,134.0,131.0,JESSIES ENCORE,IMO0000000,WDK4811,37,,19,6,,,B
368058870,2022-01-06T00:43:00,29.50447,-84.41738,9.2,134.5,132.0,JESSIES ENCORE,IMO0000000,WDK4811,37,,19,6,,,B
368058870,2022-01-06T00:35:29,29.51799,-84.43278,9.0,135.1,131.0,JESSIES ENCORE,IMO0000000,WDK4811,37,,19,6,,,B
368058870,2022-01-06T00:53:29,29.48569,-84.39546,8.6,137.6,134.0,JESSIES ENCORE,IMO0000000,WDK4811,37,,19,6,,,B
368058870,2022-01-06T00:56:00,29.48095,-84.39038,9.2,135.9,134.0,JESSIES ENCORE,IMO0000000,WDK4811,37,,19,6,,,B
368058870,2022-01-06T09:49:01,28.45640,-83.36027,9.0,138.2,133.0,JESSIES ENCORE,IMO0000000,WDK4811,37,,19,6,,,B
368058870,2022-01-06T09:53:30,28.44789,-83.35159,9.2,134.7,130.0,JESSIES ENCORE,IMO0000000,WDK4811,37,,19,6,,,B
368058870,2022-01-06T09:37:30,28.47817,-83.38252,8.7,138.7,133.0,JESSIES ENCORE,IMO0000000,WDK4811,37,,19,6,,,B
368058870,2022-01-06T09:59:32,28.43647,-83.33999,8.8,138.8,134.0,JESSIES ENCORE,IMO0000000,WDK4811,37,,19,6,,,B
368058870,2022-01-06T10:11:59,28.41326,-83.31572,8.9,136.8,131.0,JESSIES ENCORE,IMO0000000,WDK4811,37,,19,6,,,B
368058870,2022-01-06T10:13:31,28.41042,-83.31271,9.2,135.3,130.0,JESSIES ENCORE,IMO0000000,WDK4811,37,,19,6,,,B
368058870,2022-01-06T09:56:59,28.44132,-83.34489,8.8,137.7,131.0,JESSIES ENCORE,IMO0000000,WDK4811,37,,19,6,,,B
368058870,2022-01-06T09:46:30,28.46113,-83.36514,8.4,136.5,133.0,JESSIES ENCORE,IMO0000000,WDK4811,37,,19,6,,,B
368058870,2022-01-06T10:16:31,28.40481,-83.30687,8.8,137.3,130.0,JESSIES ENCORE,IMO0000000,WDK4811,37,,19,6,,,B
368058870,2022-01-06T09:48:00,28.45828,-83.36221,8.6,141.9,137.0,JESSIES ENCORE,IMO0000000,WDK4811,37,,19,6,,,B
368058870,2022-01-06T10:09:00,28.41887,-83.32158,8.7,135.8,131.0,JESSIES ENCORE,IMO0000000,WDK4811,37,,19,6,,,B
368058870,2022-01-06T10:18:29,28.40117,-83.30303,9.1,137.5,132.0,JESSIES ENCORE,IMO0000000,WDK4811,37,,19,6,,,B
368058870,2022-01-06T10:01:00,28.43368,-83.33717,9.1,140.7,136.0,JESSIES ENCORE,IMO0000000,WDK4811,37,,19,6,,,B
368058870,2022-01-06T09:34:00,28.48475,-83.38926,8.1,144.4,138.0,JESSIES ENCORE,IMO0000000,WDK4811,37,,19,6,,,B
368058870,2022-01-06T09:55:31,28.44408,-83.34772,8.9,139.8,133.0,JESSIES ENCORE,IMO0000000,WDK4811,37,,19,6,,,B
368058870,2022-01-06T10:06:29,28.42352,-83.32648,9.3,137.6,131.0,JESSIES ENCORE,IMO0000000,WDK4811,37,,19,6,,,B
368058870,2022-01-06T09:58:29,28.43847,-83.34201,8.9,138.9,134.0,JESSIES ENCORE,IMO0000000,WDK4811,37,,19,6,,,B
368058870,2022-01-06T10:07:59,28.42076,-83.32352,9.0,135.2,129.0,JESSIES ENCORE,IMO0000000,WDK4811,37,,19,6,,,B
368058870,2022-01-06T10:15:00,28.40765,-83.30983,9.2,137.0,131.0,JESSIES ENCORE,IMO0000000,WDK4811,37,,19,6,,,B
368058870,2022-01-06T10:33:00,28.37393,-83.27495,9.0,139.4,136.0,JESSIES ENCORE,IMO0000000,WDK4811,37,,19,6,,,B
368058870,2022-01-06T10:44:02,28.35316,-83.25363,9.1,135.4,130.0,JESSIES ENCORE,IMO0000000,WDK4811,37,,19,6,,,B
368058870,2022-01-06T10:24:00,28.39086,-83.29232,9.5,138.4,132.0,JESSIES ENCORE,IMO0000000,WDK4811,37,,19,6,,,B
368058870,2022-01-06T10:39:59,28.36077,-83.26144,8.8,138.3,131.0,JESSIES ENCORE,IMO0000000,WDK4811,37,,19,6,,,B
368058870,2022-01-06T10:26:31,28.38616,-83.28745,8.7,138.2,133.0,JESSIES ENCORE,IMO0000000,WDK4811,37,,19,6,,,B
368058870,2022-01-06T10:50:29,28.34112,-83.24110,9.1,137.5,131.0,JESSIES ENCORE,IMO0000000,WDK4811,37,,19,6,,,B
368058870,2022-01-06T10:20:29,28.39746,-83.29912,9.3,138.1,133.0,JESSIES ENCORE,IMO0000000,WDK4811,37,,19,6,,,B
368058870,2022-01-06T10:47:02,28.34757,-83.24777,9.1,140.8,137.0,JESSIES ENCORE,IMO0000000,WDK4811,37,,19,6,,,B
368058870,2022-01-06T10:53:01,28.33642,-83.23621,9.1,138.0,132.0,JESSIES ENCORE,IMO0000000,WDK4811,37,,19,6,,,B
368058870,2022-01-06T10:30:00,28.37961,-83.28075,9.4,138.8,133.0,JESSIES ENCORE,IMO0000000,WDK4811,37,,19,6,,,B
368058870,2022-01-06T10:34:31,28.37107,-83.27204,9.0,136.6,130.0,JESSIES ENCORE,IMO0000000,WDK4811,37,,19,6,,,B
368058870,2022-01-06T10:36:00,28.36826,-83.26914,9.0,140.3,135.0,JESSIES ENCORE,IMO0000000,WDK4811,37,,19,6,,,B
368058870,2022-01-06T10:55:30,28.33172,-83.23137,8.9,141.1,137.0,JESSIES ENCORE,IMO0000000,WDK4811,37,,19,6,,,B
368058870,2022-01-06T10:41:29,28.35796,-83.25855,9.4,139.9,133.0,JESSIES ENCORE,IMO0000000,WDK4811,37,,19,6,,,B
368058870,2022-01-06T10:59:31,28.32424,-83.22363,9.2,136.7,130.0,JESSIES ENCORE,IMO0000000,WDK4811,37,,19,6,,,B
368058870,2022-01-06T11:03:30,28.31678,-83.21592,8.9,137.7,132.0,JESSIES ENCORE,IMO0000000,WDK4811,37,,19,6,,,B
368058870,2022-01-06T10:45:30,28.35046,-83.25081,8.3,137.4,133.0,JESSIES ENCORE,IMO0000000,WDK4811,37,,19,6,,,B
368058870,2022-01-06T11:10:30,28.30366,-83.20241,9.1,138.3,131.0,JESSIES ENCORE,IMO0000000,WDK4811,37,,19,6,,,B
368058870,2022-01-06T10:54:03,28.33445,-83.23419,8.7,137.8,132.0,JESSIES ENCORE,IMO0000000,WDK4811,37,,19,6,,,B
368058870,2022-01-06T10:22:30,28.39366,-83.29525,9.1,137.7,130.0,JESSIES ENCORE,IMO0000000,WDK4811,37,,19,6,,,B
368058870,2022-01-06T10:56:59,28.32894,-83.22850,9.0,136.1,130.0,JESSIES ENCORE,IMO0000000,WDK4811,37,,19,6,,,B
368058870,2022-01-06T10:58:00,28.32707,-83.22658,9.1,137.0,130.0,JESSIES ENCORE,IMO0000000,WDK4811,37,,19,6,,,B
368058870,2022-01-06T11:06:30,28.31111,-83.21011,7.7,137.4,131.0,JESSIES ENCORE,IMO0000000,WDK4811,37,,19,6,,,B
368058870,2022-01-06T11:22:30,28.28113,-83.17921,9.1,137.5,132.0,JESSIES ENCORE,IMO0000000,WDK4811,37,,19,6,,,B
368058870,2022-01-06T10:31:32,28.37670,-83.27780,9.0,136.6,131.0,JESSIES ENCORE,IMO0000000,WDK4811,37,,19,6,,,B
368058870,2022-01-06T10:59:59,28.32333,-83.22269,9.0,135.1,129.0,JESSIES ENCORE,IMO0000000,WDK4811,37,,19,6,,,B
368058870,2022-01-06T11:26:00,28.27454,-83.17243,9.0,136.3,131.0,JESSIES ENCORE,IMO0000000,WDK4811,37,,19,6,,,B
368058870,2022-01-06T11:13:33,28.29790,-83.19658,9.0,138.8,131.0,JESSIES ENCORE,IMO0000000,WDK4811,37,,19,6,,,B
368058870,2022-01-06T11:30:01,28.26693,-83.16463,9.0,140.8,134.0,JESSIES ENCORE,IMO0000000,WDK4811,37,,19,6,,,B
368058870,2022-01-06T11:34:31,28.25839,-83.15581,8.9,137.6,131.0,JESSIES ENCORE,IMO0000000,WDK4811,37,,19,6,,,B
368058870,2022-01-06T11:19:31,28.28672,-83.18503,9.0,138.0,132.0,JESSIES ENCORE,IMO0000000,WDK4811,37,,19,6,,,B
368058870,2022-01-06T11:24:00,28.27830,-83.17630,9.1,138.7,134.0,JESSIES ENCORE,IMO0000000,WDK4811,37,,19,6,,,B
368058870,2022-01-06T10:52:00,28.33828,-83.23815,9.1,137.2,131.0,JESSIES ENCORE,IMO0000000,WDK4811,37,,19,6,,,B
368058870,2022-01-06T11:40:00,28.24803,-83.14513,8.9,136.6,130.0,JESSIES ENCORE,IMO0000000,WDK4811,37,,19,6,,,B
368058870,2022-01-06T11:41:31,28.24520,-83.14219,8.9,137.7,131.0,JESSIES ENCORE,IMO0000000,WDK4811,37,,19,6,,,B
368058870,2022-01-06T11:49:59,28.22921,-83.12591,9.7,138.6,131.0,JESSIES ENCORE,IMO0000000,WDK4811,37,,19,6,,,B
368058870,2022-01-06T11:01:02,28.32137,-83.22062,9.2,137.1,131.0,JESSIES ENCORE,IMO0000000,WDK4811,37,,19,6,,,B
368058870,2022-01-06T11:36:29,28.25466,-83.15199,9.0,136.5,131.0,JESSIES ENCORE,IMO0000000,WDK4811,37,,19,6,,,B
368058870,2022-01-06T11:21:01,28.28392,-83.18207,9.0,137.4,131.0,JESSIES ENCORE,IMO0000000,WDK4811,37,,19,6,,,B
368058870,2022-01-06T11:38:02,28.25174,-83.14903,9.1,135.5,129.0,JESSIES ENCORE,IMO0000000,WDK4811,37,,19,6,,,B
368058870,2022-01-06T11:05:00,28.31394,-83.21304,9.2,138.2,132.0,JESSIES ENCORE,IMO0000000,WDK4811,37,,19,6,,,B
368058870,2022-01-06T12:04:59,28.20115,-83.09660,9.2,136.1,131.0,JESSIES ENCORE,IMO0000000,WDK4811,37,,19,6,,,B
368058870,2022-01-06T11:48:31,28.23196,-83.12873,8.8,138.0,131.0,JESSIES ENCORE,IMO0000000,WDK4811,37,,19,6,,,B
368058870,2022-01-06T12:08:29,28.19454,-83.08987,9.4,138.5,132.0,JESSIES ENCORE,IMO0000000,WDK4811,37,,19,6,,,B
368058870,2022-01-06T12:09:30,28.19266,-83.08794,9.4,138.7,131.0,JESSIES ENCORE,IMO0000000,WDK4811,37,,19,6,,,B
368058870,2022-01-06T11:54:31,28.22071,-83.11717,8.9,135.7,128.0,JESSIES ENCORE,IMO0000000,WDK4811,37,,19,6,,,B
368058870,2022-01-06T11:51:00,28.22728,-83.12397,9.0,140.1,135.0,JESSIES ENCORE,IMO0000000,WDK4811,37,,19,6,,,B
368058870,2022-01-06T12:17:30,28.17769,-83.07245,9.6,133.3,126.0,JESSIES ENCORE,IMO0000000,WDK4811,37,,19,6,,,B
368058870,2022-01-06T11:57:31,28.21508,-83.11129,9.0,136.8,132.0,JESSIES ENCORE,IMO0000000,WDK4811,37,,19,6,,,B
368058870,2022-01-06T12:02:01,28.20671,-83.10239,9.0,137.2,132.0,JESSIES ENCORE,IMO0000000,WDK4811,37,,19,6,,,B
368058870,2022-01-06T12:24:00,28.16591,-83.05934,8.7,136.2,132.0,JESSIES ENCORE,IMO0000000,WDK4811,37,,19,6,,,B
368058870,2022-01-06T11:59:00,28.21236,-83.10840,9.2,138.6,132.0,JESSIES ENCORE,IMO0000000,WDK4811,37,,19,6,,,B
368058870,2022-01-06T12:00:00,28.21051,-83.10637,9.1,133.9,129.0,JESSIES ENCORE,IMO0000000,WDK4811,37,,19,6,,,B
368058870,2022-01-06T11:56:30,28.21702,-83.11331,9.4,133.5,128.0,JESSIES ENCORE,IMO0000000,WDK4811,37,,19,6,,,B
368058870,2022-01-06T12:03:31,28.20386,-83.09948,8.8,136.2,130.0,JESSIES ENCORE,IMO0000000,WDK4811,37,,19,6,,,B
368058870,2022-01-06T12:12:30,28.18689,-83.08218,9.4,137.7,128.0,JESSIES ENCORE,IMO0000000,WDK4811,37,,19,6,,,B
368058870,2022-01-06T12:46:59,28.12432,-83.01371,8.9,136.1,130.0,JESSIES ENCORE,IMO0000000,WDK4811,37,,19,6,,,B
368058870,2022-01-06T11:46:33,28.23571,-83.13253,8.8,135.2,130.0,JESSIES ENCORE,IMO0000000,WDK4811,37,,19,6,,,B
368058870,2022-01-06T09:50:31,28.45352,-83.35734,9.0,139.7,135.0,JESSIES ENCORE,IMO0000000,WDK4811,37,,19,6,,,B
368058870,2022-01-06T12:18:32,28.17579,-83.07031,9.7,132.9,127.0,JESSIES ENCORE,IMO0000000,WDK4811,37,,19,6,,,B
368058870,2022-01-06T09:52:29,28.44982,-83.35357,8.9,138.5,132.0,JESSIES ENCORE,IMO0000000,WDK4811,37,,19,6,,,B
368058870,2022-01-06T12:13:59,28.18413,-83.07931,9.3,136.2,129.0,JESSIES ENCORE,IMO0000000,WDK4811,37,,19,6,,,B
368058870,2022-01-06T12:57:00,28.10594,-82.99424,9.5,135.8,132.0,JESSIES ENCORE,IMO0000000,WDK4811,37,,19,6,,,B
368058870,2022-01-06T12:20:00,28.17314,-83.06741,9.0,137.1,131.0,JESSIES ENCORE,IMO0000000,WDK4811,37,,19,6,,,B
368058870,2022-01-06T12:27:00,28.16040,-83.05337,8.0,134.6,132.0,JESSIES ENCORE,IMO0000000,WDK4811,37,,19,6,,,B
368058870,2022-01-06T12:22:30,28.16865,-83.06232,8.8,138.0,132.0,JESSIES ENCORE,IMO0000000,WDK4811,37,,19,6,,,B
368058870,2022-01-06T12:25:29,28.16313,-83.05641,9.1,135.6,128.0,JESSIES ENCORE,IMO0000000,WDK4811,37,,19,6,,,B
368058870,2022-01-06T12:37:00,28.14236,-83.03351,8.9,136.6,131.0,JESSIES ENCORE,IMO0000000,WDK4811,37,,19,6,,,B
368058870,2022-01-06T12:34:01,28.14773,-83.03947,8.8,136.1,130.0,JESSIES ENCORE,IMO0000000,WDK4811,37,,19,6,,,B
368058870,2022-01-06T12:06:32,28.19830,-83.09362,9.4,135.8,129.0,JESSIES ENCORE,IMO0000000,WDK4811,37,,19,6,,,B
368058870,2022-01-06T10:03:00,28.43001,-83.33323,9.3,138.0,131.0,JESSIES ENCORE,IMO0000000,WDK4811,37,,19,6,,,B
368058870,2022-01-06T13:08:59,28.08358,-82.97113,9.1,139.2,135.0,JESSIES ENCORE,IMO0000000,WDK4811,37,,19,6,,,B
368058870,2022-01-06T12:38:29,28.13967,-83.03057,8.6,133.4,127.0,JESSIES ENCORE,IMO0000000,WDK4811,37,,19,6,,,B
368058870,2022-01-06T10:05:00,28.42633,-83.32938,9.1,141.2,135.0,JESSIES ENCORE,IMO0000000,WDK4811,37,,19,6,,,B
368058870,2022-01-06T13:13:30,28.07519,-82.96240,9.0,137.4,135.0,JESSIES ENCORE,IMO0000000,WDK4811,37,,19,6,,,B
368058870,2022-01-06T12:42:30,28.13249,-83.02259,9.3,136.2,129.0,JESSIES ENCORE,IMO0000000,WDK4811,37,,19,6,,,B
368058870,2022-01-06T13:17:29,28.06771,-82.95469,8.9,136.1,132.0,JESSIES ENCORE,IMO0000000,WDK4811,37,,19,6,,,B
368058870,2022-01-06T12:45:33,28.12692,-83.01651,9.2,134.8,129.0,JESSIES ENCORE,IMO0000000,WDK4811,37,,19,6,,,B
368058870,2022-01-06T10:10:30,28.41611,-83.31865,9.0,136.9,132.0,JESSIES ENCORE,IMO0000000,WDK4811,37,,19,6,,,B
368058870,2022-01-06T12:16:29,28.17952,-83.07441,8.9,135.6,129.0,JESSIES ENCORE,IMO0000000,WDK4811,37,,19,6,,,B
368058870,2022-01-06T12:41:01,28.13510,-83.02554,9.1,138.5,131.0,JESSIES ENCORE,IMO0000000,WDK4811,37,,19,6,,,B
368058870,2022-01-06T12:52:59,28.11328,-83.00208,9.3,139.4,132.0,JESSIES ENCORE,IMO0000000,WDK4811,37,,19,6,,,B
368058870,2022-01-06T12:54:29,28.11051,-82.99915,9.2,138.8,132.0,JESSIES ENCORE,IMO0000000,WDK4811,37,,19,6,,,B
368058870,2022-01-06T12:55:30,28.10866,-82.99719,9.5,136.3,132.0,JESSIES ENCORE,IMO0000000,WDK4811,37,,19,6,,,B
368058870,2022-01-06T13:25:02,28.05379,-82.94011,9.3,139.7,133.0,JESSIES ENCORE,IMO0000000,WDK4811,37,,19,6,,,B
368058870,2022-01-06T12:21:29,28.17045,-83.06434,10.1,133.5,126.0,JESSIES ENCORE,IMO0000000,WDK4811,37,,19,6,,,B
368058870,2022-01-06T13:32:29,28.03992,-82.92597,8.6,136.7,134.0,JESSIES ENCORE,IMO0000000,WDK4811,37,,19,6,,,B
368058870,2022-01-06T12:51:00,28.11695,-83.00591,8.9,136.2,131.0,JESSIES ENCORE,IMO0000000,WDK4811,37,,19,6,,,B
368058870,2022-01-06T13:33:31,28.03803,-82.92396,9.3,137.8,134.0,JESSIES ENCORE,IMO0000000,WDK4811,37,,19,6,,,B
368058870,2022-01-06T12:29:31,28.15591,-83.04844,8.5,133.6,130.0,JESSIES ENCORE,IMO0000000,WDK4811,37,,19,6,,,B
368058870,2022-01-06T10:28:01,28.38341,-83.28460,9.1,139.4,133.0,JESSIES ENCORE,IMO0000000,WDK4811,37,,19,6,,,B
368058870,2022-01-06T13:40:00,28.02574,-82.91208,8.7,139.3,135.0,JESSIES ENCORE,IMO0000000,WDK4811,37,,19,6,,,B
368058870,2022-01-06T13:02:32,28.09563,-82.98356,9.5,140.6,135.0,JESSIES ENCORE,IMO0000000,WDK4811,37,,19,6,,,B
368058870,2022-01-06T13:43:59,28.01863,-82.90443,8.9,132.2,129.0,JESSIES ENCORE,IMO0000000,WDK4811,37,,19,6,,,B
368058870,2022-01-06T13:07:32,28.08635,-82.97394,9.0,138.0,134.0,JESSIES ENCORE,IMO0000000,WDK4811,37,,19,6,,,B
368058870,2022-01-06T12:35:31,28.14504,-83.03653,9.0,137.1,131.0,JESSIES ENCORE,IMO0000000,WDK4811,37,,19,6,,,B
368058870,2022-01-06T13:46:32,28.01423,-82.89935,9.0,136.2,134.0,JESSIES ENCORE,IMO0000000,WDK4811,37,,19,6,,,B
368058870,2022-01-06T13:48:00,28.01153,-82.89655,8.8,134.8,132.0,JESSIES ENCORE,IMO0000000,WDK4811,37,,19,6,,,B
368058870,2022-01-06T13:06:30,28.08830,-82.97596,8.7,136.1,131.0,JESSIES ENCORE,IMO0000000,WDK4811,37,,19,6,,,B
368058870,2022-01-06T13:10:31,28.08075,-82.96817,9.7,140.3,134.0,JESSIES ENCORE,IMO0000000,WDK4811,37,,19,6,,,B
368058870,2022-01-06T10:38:30,28.36358,-83.26427,8.9,138.0,132.0,JESSIES ENCORE,IMO0000000,WDK4811,37,,19,6,,,B
368058870,2022-01-06T13:55:00,27.99910,-82.88297,9.2,129.0,128.0,JESSIES ENCORE,IMO0000000,WDK4811,37,,19,6,,,B
368058870,2022-01-06T13:58:00,27.99375,-82.87715,8.8,136.5,134.0,JESSIES ENCORE,IMO0000000,WDK4811,37,,19,6,,,B
368058870,2022-01-06T14:01:29,27.98739,-82.87057,8.2,137.8,138.0,JESSIES ENCORE,IMO0000000,WDK4811,37,,19,6,,,B
368058870,2022-01-06T12:49:29,28.11976,-83.00885,9.3,135.0,130.0,JESSIES ENCORE,IMO0000000,WDK4811,37,,19,6,,,B
368058870,2022-01-06T13:29:31,28.04545,-82.93159,9.2,135.5,132.0,JESSIES ENCORE,IMO0000000,WDK4811,37,,19,6,,,B
368058870,2022-01-06T13:35:00,28.03529,-82.92119,8.8,140.4,137.0,JESSIES ENCORE,IMO0000000,WDK4811,37,,19,6,,,B
368058870,2022-01-06T14:08:35,27.97468,-82.85701,8.6,133.1,131.0,JESSIES ENCORE,IMO0000000,WDK4811,37,,19,6,,,B
368058870,2022-01-06T13:26:59,28.05012,-82.93641,8.9,136.2,132.0,JESSIES ENCORE,IMO0000000,WDK4811,37,,19,6,,,B
368058870,2022-01-06T10:49:00,28.34391,-83.24403,8.9,137.1,130.0,JESSIES ENCORE,IMO0000000,WDK4811,37,,19,6,,,B
368058870,2022-01-06T12:58:31,28.10316,-82.99121,9.6,136.1,132.0,JESSIES ENCORE,IMO0000000,WDK4811,37,,19,6,,,B
368058870,2022-01-06T13:38:00,28.02958,-82.91579,8.9,138.6,137.0,JESSIES ENCORE,IMO0000000,WDK4811,37,,19,6,,,B
368058870,2022-01-06T14:19:00,27.96599,-82.83171,8.3,115.5,113.0,JESSIES ENCORE,IMO0000000,WDK4811,37,,19,6,,,B
368058870,2022-01-06T13:41:01,28.02386,-82.91017,9.1,135.8,132.0,JESSIES ENCORE,IMO0000000,WDK4811,37,,19,6,,,B
368058870,2022-01-06T14:20:30,27.96443,-82.82814,8.3,116.5,116.0,JESSIES ENCORE,IMO0000000,WDK4811,37,,19,6,,,B
368058870,2022-01-06T13:51:00,28.00606,-82.89087,8.8,135.4,131.0,JESSIES ENCORE,IMO0000000,WDK4811,37,,19,6,,,B
368058870,2022-01-06T11:02:29,28.31862,-83.21785,9.2,134.9,127.0,JESSIES ENCORE,IMO0000000,WDK4811,37,,19,6,,,B
368058870,2022-01-06T13:45:30,28.01604,-82.90139,9.1,136.1,132.0,JESSIES ENCORE,IMO0000000,WDK4811,37,,19,6,,,B
368058870,2022-01-06T13:11:59,28.07798,-82.96531,9.4,136.6,133.0,JESSIES ENCORE,IMO0000000,WDK4811,37,,19,6,,,B
368058870,2022-01-06T14:28:59,27.96126,-82.80874,8.0,30.1,25.0,JESSIES ENCORE,IMO0000000,WDK4811,37,,19,6,,,B
368058870,2022-01-06T13:53:59,28.00076,-82.88506,8.8,133.0,133.0,JESSIES ENCORE,IMO0000000,WDK4811,37,,19,6,,,B
368058870,2022-01-06T14:33:00,27.96673,-82.80939,8.0,305.5,300.0,JESSIES ENCORE,IMO0000000,WDK4811,37,,19,6,,,B
368058870,2022-01-06T11:08:59,28.30646,-83.20532,9.4,138.4,132.0,JESSIES ENCORE,IMO0000000,WDK4811,37,,19,6,,,B
368058870,2022-01-06T11:11:38,28.30157,-83.20026,9.3,136.8,130.0,JESSIES ENCORE,IMO0000000,WDK4811,37,,19,6,,,B
368058870,2022-01-06T14:36:01,27.96998,-82.81505,7.3,309.3,310.0,JESSIES ENCORE,IMO0000000,WDK4811,37,,19,6,,,B
368058870,2022-01-06T13:20:31,28.06216,-82.94888,8.9,134.5,134.0,JESSIES ENCORE,IMO0000000,WDK4811,37,,19,6,,,B
368058870,2022-01-06T14:03:29,27.98372,-82.86681,8.6,138.4,136.0,JESSIES ENCORE,IMO0000000,WDK4811,37,,19,6,,,B
368058870,2022-01-06T13:23:33,28.05656,-82.94291,8.8,138.1,137.0,JESSIES ENCORE,IMO0000000,WDK4811,37,,19,6,,,B
368058870,2022-01-06T14:40:33,27.97557,-82.82233,5.7,290.0,288.0,JESSIES ENCORE,IMO0000000,WDK4811,37,,19,6,,,B
368058870,2022-01-06T14:06:00,27.97913,-82.86211,9.2,136.0,135.0,JESSIES ENCORE,IMO0000000,WDK4811,37,,19,6,,,B
368058870,2022-01-06T11:16:32,28.29234,-83.19079,9.2,136.6,132.0,JESSIES ENCORE,IMO0000000,WDK4811,37,,19,6,,,B
368058870,2022-01-06T11:18:00,28.28958,-83.18797,9.1,137.0,130.0,JESSIES ENCORE,IMO0000000,WDK4811,37,,19,6,,,B
368058870,2022-01-06T13:28:01,28.04826,-82.93445,8.9,140.7,137.0,JESSIES ENCORE,IMO0000000,WDK4811,37,,19,6,,,B
368058870,2022-01-06T14:46:00,27.97611,-82.82505,1.0,94.3,349.0,JESSIES ENCORE,IMO0000000,WDK4811,37,,19,6,,,B
368058870,2022-01-06T14:17:29,27.96756,-82.83541,8.6,114.6,113.0,JESSIES ENCORE,IMO0000000,WDK4811,37,,19,6,,,B
368058870,2022-01-06T14:13:00,27.96936,-82.84694,8.4,93.6,95.0,JESSIES ENCORE,IMO0000000,WDK4811,37,,19,6,,,B
368058870,2022-01-06T14:14:01,27.96921,-82.84421,8.5,91.3,90.0,JESSIES ENCORE,IMO0000000,WDK4811,37,,19,6,,,B
368058870,2022-01-06T14:49:29,27.97613,-82.82367,3.5,314.5,308.0,JESSIES ENCORE,IMO0000000,WDK4811,37,,19,6,,,B
368058870,2022-01-06T14:52:59,27.97637,-82.82422,0.0,342.0,83.0,JESSIES ENCORE,IMO0000000,WDK4811,37,,19,6,,,B
368058870,2022-01-06T13:36:59,28.03150,-82.91759,8.6,139.6,136.0,JESSIES ENCORE,IMO0000000,WDK4811,37,,19,6,,,B
368058870,2022-01-06T14:24:30,27.96248,-82.81854,8.2,98.7,98.0,JESSIES ENCORE,IMO0000000,WDK4811,37,,19,6,,,B
368058870,2022-01-06T11:28:32,28.26975,-83.16751,9.1,133.8,126.0,JESSIES ENCORE,IMO0000000,WDK4811,37,,19,6,,,B
368058870,2022-01-06T14:22:00,27.96264,-82.82459,8.3,118.3,117.0,JESSIES ENCORE,IMO0000000,WDK4811,37,,19,6,,,B
368058870,2022-01-06T14:23:01,27.96153,-82.82222,7.7,107.8,102.0,JESSIES ENCORE,IMO0000000,WDK4811,37,,19,6,,,B
368058870,2022-01-06T11:31:29,28.26417,-83.16173,9.1,137.7,131.0,JESSIES ENCORE,IMO0000000,WDK4811,37,,19,6,,,B
368058870,2022-01-06T14:31:30,27.96552,-82.80685,5.7,3.0,346.0,JESSIES ENCORE,IMO0000000,WDK4811,37,,19,6,,,B
368058870,2022-01-06T11:32:32,28.26216,-83.15970,9.2,139.4,134.0,JESSIES ENCORE,IMO0000000,WDK4811,37,,19,6,,,B
368058870,2022-01-06T14:59:31,27.97636,-82.82420,0.0,247.2,83.0,JESSIES ENCORE,IMO0000000,WDK4811,37,,19,6,,,B
368058870,2022-01-06T14:27:30,27.95933,-82.81151,7.6,94.8,81.0,JESSIES ENCORE,IMO0000000,WDK4811,37,,19,6,,,B
368058870,2022-01-06T13:49:35,28.00868,-82.89357,8.9,135.7,132.0,JESSIES ENCORE,IMO0000000,WDK4811,37,,19,6,,,B
368058870,2022-01-06T14:30:00,27.96334,-82.80775,6.3,16.8,16.0,JESSIES ENCORE,IMO0000000,WDK4811,37,,19,6,,,B
368058870,2022-01-06T15:05:30,27.97637,-82.82420,0.1,353.4,81.0,JESSIES ENCORE,IMO0000000,WDK4811,37,,19,6,,,B
368058870,2022-01-06T11:44:01,28.24045,-83.13740,8.8,139.0,133.0,JESSIES ENCORE,IMO0000000,WDK4811,37,,19,6,,,B
368058870,2022-01-06T14:42:30,27.97583,-82.82487,2.9,304.5,316.0,JESSIES ENCORE,IMO0000000,WDK4811,37,,19,6,,,B
368058870,2022-01-06T14:39:00,27.97387,-82.81995,6.9,309.6,309.0,JESSIES ENCORE,IMO0000000,WDK4811,37,,19,6,,,B
368058870,2022-01-06T11:42:59,28.24242,-83.13941,9.0,142.2,136.0,JESSIES ENCORE,IMO0000000,WDK4811,37,,19,6,,,B
368058870,2022-01-06T14:37:30,27.97194,-82.81745,7.0,311.5,312.0,JESSIES ENCORE,IMO0000000,WDK4811,37,,19,6,,,B
368058870,2022-01-06T15:11:29,27.97635,-82.82420,0.1,353.4,81.0,JESSIES ENCORE,IMO0000000,WDK4811,37,,19,6,,,B
368058870,2022-01-06T11:45:30,28.23767,-83.13452,9.0,140.4,133.0,JESSIES ENCORE,IMO0000000,WDK4811,37,,19,6,,,B
368058870,2022-01-06T11:53:30,28.22259,-83.11917,9.1,136.0,132.0,JESSIES ENCORE,IMO0000000,WDK4811,37,,19,6,,,B
368058870,2022-01-06T11:52:29,28.22452,-83.12108,9.2,139.8,136.0,JESSIES ENCORE,IMO0000000,WDK4811,37,,19,6,,,B
368058870,2022-01-06T14:11:34,27.97005,-82.85083,8.5,115.3,114.0,JESSIES ENCORE,IMO0000000,WDK4811,37,,19,6,,,B
368058870,2022-01-06T14:56:00,27.97638,-82.82417,0.2,247.2,80.0,JESSIES ENCORE,IMO0000000,WDK4811,37,,19,6,,,B
368058870,2022-01-06T15:02:31,27.97635,-82.82422,0.1,247.2,82.0,JESSIES ENCORE,IMO0000000,WDK4811,37,,19,6,,,B
368058870,2022-01-06T15:38:29,27.97639,-82.82420,0.0,353.4,83.0,JESSIES ENCORE,IMO0000000,WDK4811,37,,19,6,,,B
368058870,2022-01-06T15:41:29,27.97637,-82.82420,0.0,353.4,511.0,JESSIES ENCORE,IMO0000000,WDK4811,37,,19,6,,,B
368058870,2022-01-06T14:26:00,27.96095,-82.81499,8.5,119.3,116.0,JESSIES ENCORE,IMO0000000,WDK4811,37,,19,6,,,B
368058870,2022-01-06T15:08:29,27.97636,-82.82420,0.0,353.4,81.0,JESSIES ENCORE,IMO0000000,WDK4811,37,,19,6,,,B
368058870,2022-01-06T12:11:00,28.18981,-83.08506,9.0,139.0,134.0,JESSIES ENCORE,IMO0000000,WDK4811,37,,19,6,,,B
368058870,2022-01-06T15:14:29,27.97635,-82.82422,0.0,353.4,81.0,JESSIES ENCORE,IMO0000000,WDK4811,37,,19,6,,,B
368058870,2022-01-06T15:17:29,27.97637,-82.82422,0.0,353.4,81.0,JESSIES ENCORE,IMO0000000,WDK4811,37,,19,6,,,B
368058870,2022-01-06T12:28:29,28.15774,-83.05044,8.8,138.1,132.0,JESSIES ENCORE,IMO0000000,WDK4811,37,,19,6,,,B
368058870,2022-01-06T15:26:30,27.97637,-82.82422,0.1,353.4,79.0,JESSIES ENCORE,IMO0000000,WDK4811,37,,19,6,,,B
368058870,2022-01-06T16:03:33,27.97638,-82.82422,0.0,231.1,511.0,JESSIES ENCORE,IMO0000000,WDK4811,37,,19,6,,,B
368058870,2022-01-06T14:50:30,27.97644,-82.82396,0.1,342.0,63.0,JESSIES ENCORE,IMO0000000,WDK4811,37,,19,6,,,B
368058870,2022-01-06T14:51:33,27.97642,-82.82407,0.9,342.0,70.0,JESSIES ENCORE,IMO0000000,WDK4811,37,,19,6,,,B
368058870,2022-01-06T16:00:30,27.97638,-82.82420,0.0,231.1,511.0,JESSIES ENCORE,IMO0000000,WDK4811,37,,19,6,,,B
368058870,2022-01-06T15:44:30,27.97637,-82.82419,0.0,353.4,511.0,JESSIES ENCORE,IMO0000000,WDK4811,37,,19,6,,,B
368058870,2022-01-06T12:43:59,28.12979,-83.01961,8.7,135.6,130.0,JESSIES ENCORE,IMO0000000,WDK4811,37,,19,6,,,B
368058870,2022-01-06T12:31:29,28.15229,-83.04448,9.0,134.6,130.0,JESSIES ENCORE,IMO0000000,WDK4811,37,,19,6,,,B
368058870,2022-01-06T16:15:30,27.97638,-82.82422,0.0,231.1,511.0,JESSIES ENCORE,IMO0000000,WDK4811,37,,19,6,,,B
368058870,2022-01-06T15:51:30,27.97640,-82.82419,0.0,231.1,511.0,JESSIES ENCORE,IMO0000000,WDK4811,37,,19,6,,,B
368058870,2022-01-06T12:32:59,28.14958,-83.04151,9.0,136.2,128.0,JESSIES ENCORE,IMO0000000,WDK4811,37,,19,6,,,B
368058870,2022-01-06T12:48:00,28.12247,-83.01170,9.5,133.5,130.0,JESSIES ENCORE,IMO0000000,WDK4811,37,,19,6,,,B
368058870,2022-01-06T15:50:29,27.97639,-82.82420,0.0,231.1,511.0,JESSIES ENCORE,IMO0000000,WDK4811,37,,19,6,,,B
368058870,2022-01-06T12:39:31,28.13786,-83.02853,9.0,135.6,129.0,JESSIES ENCORE,IMO0000000,WDK4811,37,,19,6,,,B
368058870,2022-01-06T16:27:31,27.97635,-82.82419,0.0,231.1,511.0,JESSIES ENCORE,IMO0000000,WDK4811,37,,19,6,,,B
368058870,2022-01-06T15:57:33,27.97636,-82.82420,0.0,231.1,511.0,JESSIES ENCORE,IMO0000000,WDK4811,37,,19,6,,,B
368058870,2022-01-06T13:03:59,28.09294,-82.98078,8.8,138.0,135.0,JESSIES ENCORE,IMO0000000,WDK4811,37,,19,6,,,B
368058870,2022-01-06T15:23:30,27.97642,-82.82420,0.1,353.4,81.0,JESSIES ENCORE,IMO0000000,WDK4811,37,,19,6,,,B
368058870,2022-01-06T16:06:30,27.97637,-82.82422,0.0,231.1,511.0,JESSIES ENCORE,IMO0000000,WDK4811,37,,19,6,,,B
368058870,2022-01-06T15:29:31,27.97638,-82.82420,0.3,353.4,79.0,JESSIES ENCORE,IMO0000000,WDK4811,37,,19,6,,,B
368058870,2022-01-06T16:12:29,27.97637,-82.82423,0.0,231.1,511.0,JESSIES ENCORE,IMO0000000,WDK4811,37,,19,6,,,B
368058870,2022-01-06T16:51:30,27.97635,-82.82420,0.0,271.2,511.0,JESSIES ENCORE,IMO0000000,WDK4811,37,,19,6,,,B
368058870,2022-01-06T16:24:30,27.97638,-82.82419,0.0,231.1,511.0,JESSIES ENCORE,IMO0000000,WDK4811,37,,19,6,,,B
368058870,2022-01-06T13:19:01,28.06489,-82.95177,9.0,136.3,134.0,JESSIES ENCORE,IMO0000000,WDK4811,37,,19,6,,,B
368058870,2022-01-06T12:59:33,28.10121,-82.98921,9.1,138.8,133.0,JESSIES ENCORE,IMO0000000,WDK4811,37,,19,6,,,B
368058870,2022-01-06T16:33:29,27.97639,-82.82419,0.0,231.1,511.0,JESSIES ENCORE,IMO0000000,WDK4811,37,,19,6,,,B
368058870,2022-01-06T13:05:01,28.09104,-82.97881,9.0,136.1,132.0,JESSIES ENCORE,IMO0000000,WDK4811,37,,19,6,,,B
368058870,2022-01-06T17:09:30,27.97636,-82.82420,0.1,183.0,511.0,JESSIES ENCORE,IMO0000000,WDK4811,37,,19,6,,,B
368058870,2022-01-06T16:39:30,27.97638,-82.82420,0.0,231.1,511.0,JESSIES ENCORE,IMO0000000,WDK4811,37,,19,6,,,B
368058870,2022-01-06T13:14:59,28.07237,-82.95949,9.6,138.8,135.0,JESSIES ENCORE,IMO0000000,WDK4811,37,,19,6,,,B
368058870,2022-01-06T17:18:30,27.97639,-82.82419,0.0,183.0,511.0,JESSIES ENCORE,IMO0000000,WDK4811,37,,19,6,,,B
368058870,2022-01-06T13:16:01,28.07044,-82.95749,9.2,139.0,135.0,JESSIES ENCORE,IMO0000000,WDK4811,37,,19,6,,,B
368058870,2022-01-06T16:48:29,27.97639,-82.82422,0.7,271.2,511.0,JESSIES ENCORE,IMO0000000,WDK4811,37,,19,6,,,B
368058870,2022-01-06T13:42:32,28.02112,-82.90729,8.8,137.2,134.0,JESSIES ENCORE,IMO0000000,WDK4811,37,,19,6,,,B
368058870,2022-01-06T13:21:35,28.06016,-82.94678,8.8,135.4,132.0,JESSIES ENCORE,IMO0000000,WDK4811,37,,19,6,,,B
368058870,2022-01-06T16:57:30,27.97636,-82.82420,0.4,183.0,511.0,JESSIES ENCORE,IMO0000000,WDK4811,37,,19,6,,,B
368058870,2022-01-06T13:52:30,28.00341,-82.88792,8.7,135.2,133.0,JESSIES ENCORE,IMO0000000,WDK4811,37,,19,6,,,B
368058870,2022-01-06T13:31:00,28.04266,-82.92881,8.8,137.5,134.0,JESSIES ENCORE,IMO0000000,WDK4811,37,,19,6,,,B
368058870,2022-01-06T17:03:32,27.97636,-82.82419,0.3,183.0,511.0,JESSIES ENCORE,IMO0000000,WDK4811,37,,19,6,,,B
368058870,2022-01-06T13:56:29,27.99646,-82.88006,9.4,137.2,134.0,JESSIES ENCORE,IMO0000000,WDK4811,37,,19,6,,,B
368058870,2022-01-06T17:06:29,27.97635,-82.82419,0.0,183.0,511.0,JESSIES ENCORE,IMO0000000,WDK4811,37,,19,6,,,B
368058870,2022-01-06T17:45:29,27.97639,-82.82419,0.0,183.0,511.0,JESSIES ENCORE,IMO0000000,WDK4811,37,,19,6,,,B
368058870,2022-01-06T16:36:31,27.97637,-82.82420,0.0,231.1,511.0,JESSIES ENCORE,IMO0000000,WDK4811,37,,19,6,,,B
368058870,2022-01-06T17:48:30,27.97636,-82.82420,0.0,183.0,511.0,JESSIES ENCORE,IMO0000000,WDK4811,37,,19,6,,,B
368058870,2022-01-06T14:09:59,27.97228,-82.85425,8.5,135.9,133.0,JESSIES ENCORE,IMO0000000,WDK4811,37,,19,6,,,B
368058870,2022-01-06T17:24:29,27.97639,-82.82419,0.0,183.0,511.0,JESSIES ENCORE,IMO0000000,WDK4811,37,,19,6,,,B
368058870,2022-01-06T18:00:29,27.97635,-82.82422,0.0,183.0,511.0,JESSIES ENCORE,IMO0000000,WDK4811,37,,19,6,,,B
368058870,2022-01-06T17:36:31,27.97639,-82.82419,0.0,183.0,511.0,JESSIES ENCORE,IMO0000000,WDK4811,37,,19,6,,,B
368058870,2022-01-06T13:59:01,27.99192,-82.87523,8.8,133.9,131.0,JESSIES ENCORE,IMO0000000,WDK4811,37,,19,6,,,B
368058870,2022-01-06T17:39:30,27.97639,-82.82419,0.0,183.0,511.0,JESSIES ENCORE,IMO0000000,WDK4811,37,,19,6,,,B
368058870,2022-01-06T18:09:35,27.97638,-82.82415,0.0,220.1,511.0,JESSIES ENCORE,IMO0000000,WDK4811,37,,19,6,,,B
368058870,2022-01-06T17:42:32,27.97639,-82.82419,0.0,183.0,511.0,JESSIES ENCORE,IMO0000000,WDK4811,37,,19,6,,,B
368058870,2022-01-06T14:04:59,27.98098,-82.86401,8.7,138.4,136.0,JESSIES ENCORE,IMO0000000,WDK4811,37,,19,6,,,B
368058870,2022-01-06T14:07:30,27.97652,-82.85917,8.6,133.3,133.0,JESSIES ENCORE,IMO0000000,WDK4811,37,,19,6,,,B
368058870,2022-01-06T17:54:32,27.97635,-82.82422,0.0,183.0,511.0,JESSIES ENCORE,IMO0000000,WDK4811,37,,19,6,,,B
368058870,2022-01-06T14:44:30,27.97625,-82.82492,0.7,11.2,27.0,JESSIES ENCORE,IMO0000000,WDK4811,37,,19,6,,,B
368058870,2022-01-06T14:15:32,27.96914,-82.84023,7.5,90.7,95.0,JESSIES ENCORE,IMO0000000,WDK4811,37,,19,6,,,B
368058870,2022-01-06T17:57:29,27.97636,-82.82420,0.0,183.0,511.0,JESSIES ENCORE,IMO0000000,WDK4811,37,,19,6,,,B
368058870,2022-01-06T18:39:31,27.97640,-82.82423,0.1,327.8,511.0,JESSIES ENCORE,IMO0000000,WDK4811,37,,19,6,,,B
368058870,2022-01-06T18:18:31,27.97640,-82.82420,0.0,220.1,511.0,JESSIES ENCORE,IMO0000000,WDK4811,37,,19,6,,,B
368058870,2022-01-06T18:57:30,27.97635,-82.82425,1.2,107.9,511.0,JESSIES ENCORE,IMO0000000,WDK4811,37,,19,6,,,B
368058870,2022-01-06T18:36:29,27.97633,-82.82422,0.0,305.4,511.0,JESSIES ENCORE,IMO0000000,WDK4811,37,,19,6,,,B
368058870,2022-01-06T18:45:30,27.97635,-82.82423,0.0,327.8,511.0,JESSIES ENCORE,IMO0000000,WDK4811,37,,19,6,,,B
368058870,2022-01-06T14:48:01,27.97580,-82.82405,2.8,76.5,81.0,JESSIES ENCORE,IMO0000000,WDK4811,37,,19,6,,,B
368058870,2022-01-06T15:32:29,27.97640,-82.82419,0.0,353.4,80.0,JESSIES ENCORE,IMO0000000,WDK4811,37,,19,6,,,B
368058870,2022-01-06T19:37:01,27.97634,-82.82420,0.0,321.1,511.0,JESSIES ENCORE,IMO0000000,WDK4811,37,,19,6,,,B
368058870,2022-01-06T19:09:59,27.97635,-82.82420,0.1,108.2,511.0,JESSIES ENCORE,IMO0000000,WDK4811,37,,19,6,,,B
368058870,2022-01-06T19:13:01,27.97638,-82.82422,0.0,176.9,511.0,JESSIES ENCORE,IMO0000000,WDK4811,37,,19,6,,,B
368058870,2022-01-06T19:39:59,27.97636,-82.82422,0.2,321.1,511.0,JESSIES ENCORE,IMO0000000,WDK4811,37,,19,6,,,B
368058870,2022-01-06T18:24:30,27.97633,-82.82422,0.1,170.0,511.0,JESSIES ENCORE,IMO0000000,WDK4811,37,,19,6,,,B
368058870,2022-01-06T19:16:01,27.97637,-82.82422,0.1,176.9,511.0,JESSIES ENCORE,IMO0000000,WDK4811,37,,19,6,,,B
368058870,2022-01-06T19:24:59,27.97638,-82.82422,0.0,321.1,511.0,JESSIES ENCORE,IMO0000000,WDK4811,37,,19,6,,,B
368058870,2022-01-06T19:59:33,27.97638,-82.82419,0.4,61.7,511.0,JESSIES ENCORE,IMO0000000,WDK4811,37,,19,6,,,B
368058870,2022-01-06T19:54:59,27.97635,-82.82419,0.2,61.7,511.0,JESSIES ENCORE,IMO0000000,WDK4811,37,,19,6,,,B
368058870,2022-01-06T18:42:30,27.97635,-82.82423,0.1,327.8,511.0,JESSIES ENCORE,IMO0000000,WDK4811,37,,19,6,,,B
368058870,2022-01-06T19:31:01,27.97638,-82.82417,0.2,321.1,511.0,JESSIES ENCORE,IMO0000000,WDK4811,37,,19,6,,,B
368058870,2022-01-06T18:54:29,27.97637,-82.82423,0.0,327.8,511.0,JESSIES ENCORE,IMO0000000,WDK4811,37,,19,6,,,B
368058870,2022-01-06T19:49:00,27.97636,-82.82419,0.3,321.1,511.0,JESSIES ENCORE,IMO0000000,WDK4811,37,,19,6,,,B
368058870,2022-01-06T15:47:31,27.97638,-82.82420,0.3,353.4,511.0,JESSIES ENCORE,IMO0000000,WDK4811,37,,19,6,,,B
368058870,2022-01-06T16:21:30,27.97638,-82.82420,0.0,231.1,511.0,JESSIES ENCORE,IMO0000000,WDK4811,37,,19,6,,,B
368058870,2022-01-06T20:08:29,27.97638,-82.82419,0.0,61.7,511.0,JESSIES ENCORE,IMO0000000,WDK4811,37,,19,6,,,B
368058870,2022-01-06T20:20:30,27.97640,-82.82420,0.2,89.1,511.0,JESSIES ENCORE,IMO0000000,WDK4811,37,,19,6,,,B
368058870,2022-01-06T20:17:34,27.97637,-82.82422,0.1,89.1,511.0,JESSIES ENCORE,IMO0000000,WDK4811,37,,19,6,,,B
368058870,2022-01-06T20:23:30,27.97637,-82.82423,0.1,89.1,511.0,JESSIES ENCORE,IMO0000000,WDK4811,37,,19,6,,,B
368058870,2022-01-06T19:34:01,27.97635,-82.82419,0.0,321.1,511.0,JESSIES ENCORE,IMO0000000,WDK4811,37,,19,6,,,B
368058870,2022-01-06T16:09:29,27.97636,-82.82423,0.0,231.1,511.0,JESSIES ENCORE,IMO0000000,WDK4811,37,,19,6,,,B
368058870,2022-01-06T20:26:29,27.97638,-82.82425,0.6,37.4,511.0,JESSIES ENCORE,IMO0000000,WDK4811,37,,19,6,,,B
368058870,2022-01-06T20:32:02,27.97640,-82.82422,0.0,37.4,511.0,JESSIES ENCORE,IMO0000000,WDK4811,37,,19,6,,,B
368058870,2022-01-06T16:18:30,27.97638,-82.82420,0.0,231.1,511.0,JESSIES ENCORE,IMO0000000,WDK4811,37,,19,6,,,B
368058870,2022-01-06T20:40:59,27.97636,-82.82423,0.4,37.4,511.0,JESSIES ENCORE,IMO0000000,WDK4811,37,,19,6,,,B
368058870,2022-01-06T19:56:02,27.97639,-82.82420,0.1,61.7,511.0,JESSIES ENCORE,IMO0000000,WDK4811,37,,19,6,,,B
368058870,2022-01-06T20:56:30,27.97637,-82.82422,0.0,273.1,511.0,JESSIES ENCORE,IMO0000000,WDK4811,37,,19,6,,,B
368058870,2022-01-06T20:59:31,27.97639,-82.82422,0.0,273.1,511.0,JESSIES ENCORE,IMO0000000,WDK4811,37,,19,6,,,B
368058870,2022-01-06T21:11:30,27.97637,-82.82419,0.0,273.1,511.0,JESSIES ENCORE,IMO0000000,WDK4811,37,,19,6,,,B
368058870,2022-01-06T21:44:30,27.97638,-82.82423,0.0,273.1,511.0,JESSIES ENCORE,IMO0000000,WDK4811,37,,19,6,,,B
368058870,2022-01-06T21:08:31,27.97638,-82.82420,0.0,273.1,511.0,JESSIES ENCORE,IMO0000000,WDK4811,37,,19,6,,,B
368058870,2022-01-06T21:14:29,27.97634,-82.82423,0.0,273.1,511.0,JESSIES ENCORE,IMO0000000,WDK4811,37,,19,6,,,B
368058870,2022-01-06T21:17:30,27.97635,-82.82422,0.0,273.1,511.0,JESSIES ENCORE,IMO0000000,WDK4811,37,,19,6,,,B
368058870,2022-01-06T21:59:31,27.97635,-82.82422,0.0,273.1,511.0,JESSIES ENCORE,IMO0000000,WDK4811,37,,19,6,,,B
368058870,2022-01-06T20:28:00,27.97639,-82.82420,0.4,37.4,511.0,JESSIES ENCORE,IMO0000000,WDK4811,37,,19,6,,,B
368058870,2022-01-06T20:34:59,27.97636,-82.82423,0.2,37.4,511.0,JESSIES ENCORE,IMO0000000,WDK4811,37,,19,6,,,B
368058870,2022-01-06T21:26:30,27.97635,-82.82422,0.0,273.1,511.0,JESSIES ENCORE,IMO0000000,WDK4811,37,,19,6,,,B
368058870,2022-01-06T21:38:29,27.97637,-82.82423,0.0,273.1,511.0,JESSIES ENCORE,IMO0000000,WDK4811,37,,19,6,,,B
368058870,2022-01-06T20:47:02,27.97638,-82.82419,0.3,284.5,511.0,JESSIES ENCORE,IMO0000000,WDK4811,37,,19,6,,,B
368058870,2022-01-06T21:47:30,27.97638,-82.82422,0.0,273.1,511.0,JESSIES ENCORE,IMO0000000,WDK4811,37,,19,6,,,B
368058870,2022-01-06T21:56:30,27.97637,-82.82420,0.0,273.1,511.0,JESSIES ENCORE,IMO0000000,WDK4811,37,,19,6,,,B
368058870,2022-01-06T21:50:29,27.97638,-82.82419,0.2,273.1,511.0,JESSIES ENCORE,IMO0000000,WDK4811,37,,19,6,,,B
368058870,2022-01-06T21:02:29,27.97639,-82.82420,0.0,273.1,511.0,JESSIES ENCORE,IMO0000000,WDK4811,37,,19,6,,,B
368058870,2022-01-06T22:23:29,27.97635,-82.82420,0.0,273.1,511.0,JESSIES ENCORE,IMO0000000,WDK4811,37,,19,6,,,B
368058870,2022-01-06T18:06:29,27.97635,-82.82420,0.0,183.0,511.0,JESSIES ENCORE,IMO0000000,WDK4811,37,,19,6,,,B
368058870,2022-01-06T17:12:30,27.97636,-82.82422,0.0,183.0,511.0,JESSIES ENCORE,IMO0000000,WDK4811,37,,19,6,,,B
368058870,2022-01-06T22:08:30,27.97636,-82.82420,0.0,273.1,511.0,JESSIES ENCORE,IMO0000000,WDK4811,37,,19,6,,,B
368058870,2022-01-06T22:11:32,27.97636,-82.82419,0.0,273.1,511.0,JESSIES ENCORE,IMO0000000,WDK4811,37,,19,6,,,B
368058870,2022-01-06T17:27:29,27.97639,-82.82419,0.0,183.0,511.0,JESSIES ENCORE,IMO0000000,WDK4811,37,,19,6,,,B
368058870,2022-01-06T22:17:30,27.97636,-82.82422,0.1,273.1,511.0,JESSIES ENCORE,IMO0000000,WDK4811,37,,19,6,,,B
368058870,2022-01-06T22:20:30,27.97635,-82.82422,0.0,273.1,511.0,JESSIES ENCORE,IMO0000000,WDK4811,37,,19,6,,,B
368058870,2022-01-06T22:29:31,27.97637,-82.82422,0.0,273.1,511.0,JESSIES ENCORE,IMO0000000,WDK4811,37,,19,6,,,B
368058870,2022-01-06T17:33:29,27.97639,-82.82419,0.0,183.0,511.0,JESSIES ENCORE,IMO0000000,WDK4811,37,,19,6,,,B
368058870,2022-01-06T21:32:31,27.97636,-82.82417,0.0,273.1,511.0,JESSIES ENCORE,IMO0000000,WDK4811,37,,19,6,,,B
368058870,2022-01-06T22:26:29,27.97637,-82.82422,0.0,273.1,511.0,JESSIES ENCORE,IMO0000000,WDK4811,37,,19,6,,,B
368058870,2022-01-06T23:08:31,27.97635,-82.82422,0.0,336.9,511.0,JESSIES ENCORE,IMO0000000,WDK4811,37,,19,6,,,B
368058870,2022-01-06T22:44:30,27.97636,-82.82419,0.8,336.9,511.0,JESSIES ENCORE,IMO0000000,WDK4811,37,,19,6,,,B
368058870,2022-01-06T22:47:31,27.97633,-82.82419,0.0,336.9,511.0,JESSIES ENCORE,IMO0000000,WDK4811,37,,19,6,,,B
368058870,2022-01-06T22:53:29,27.97635,-82.82419,0.0,336.9,511.0,JESSIES ENCORE,IMO0000000,WDK4811,37,,19,6,,,B
368058870,2022-01-06T22:50:30,27.97635,-82.82417,0.0,336.9,511.0,JESSIES ENCORE,IMO0000000,WDK4811,37,,19,6,,,B
368058870,2022-01-06T23:23:31,27.97639,-82.82420,0.0,336.9,511.0,JESSIES ENCORE,IMO0000000,WDK4811,37,,19,6,,,B
368058870,2022-01-06T23:41:30,27.97635,-82.82423,0.0,336.9,511.0,JESSIES ENCORE,IMO0000000,WDK4811,37,,19,6,,,B
368058870,2022-01-06T22:56:29,27.97635,-82.82420,0.0,336.9,511.0,JESSIES ENCORE,IMO0000000,WDK4811,37,,19,6,,,B
368058870,2022-01-06T23:14:30,27.97637,-82.82420,0.1,336.9,511.0,JESSIES ENCORE,IMO0000000,WDK4811,37,,19,6,,,B
368058870,2022-01-06T23:20:29,27.97640,-82.82420,0.0,336.9,511.0,JESSIES ENCORE,IMO0000000,WDK4811,37,,19,6,,,B
368058870,2022-01-06T19:19:00,27.97636,-82.82425,0.6,218.1,511.0,JESSIES ENCORE,IMO0000000,WDK4811,37,,19,6,,,B
368058870,2022-01-06T18:12:29,27.97638,-82.82420,0.0,220.1,511.0,JESSIES ENCORE,IMO0000000,WDK4811,37,,19,6,,,B
368058870,2022-01-06T23:26:29,27.97638,-82.82420,0.0,336.9,511.0,JESSIES ENCORE,IMO0000000,WDK4811,37,,19,6,,,B
368058870,2022-01-06T23:38:29,27.97635,-82.82422,1.0,336.9,511.0,JESSIES ENCORE,IMO0000000,WDK4811,37,,19,6,,,B
368058870,2022-01-06T23:35:31,27.97634,-82.82419,0.0,336.9,511.0,JESSIES ENCORE,IMO0000000,WDK4811,37,,19,6,,,B
368058870,2022-01-06T23:44:32,27.97636,-82.82420,0.0,336.9,511.0,JESSIES ENCORE,IMO0000000,WDK4811,37,,19,6,,,B
368058870,2022-01-06T18:33:29,27.97635,-82.82420,0.0,305.4,511.0,JESSIES ENCORE,IMO0000000,WDK4811,37,,19,6,,,B
368058870,2022-01-06T23:53:33,27.97637,-82.82425,0.2,298.1,511.0,JESSIES ENCORE,IMO0000000,WDK4811,37,,19,6,,,B
368058870,2022-01-06T23:56:30,27.97639,-82.82422,0.1,298.1,511.0,JESSIES ENCORE,IMO0000000,WDK4811,37,,19,6,,,B
368058870,2022-01-06T23:59:30,27.97636,-82.82422,0.0,298.1,511.0,JESSIES ENCORE,IMO0000000,WDK4811,37,,19,6,,,B
368058870,2022-01-06T18:48:29,27.97637,-82.82422,0.0,327.8,511.0,JESSIES ENCORE,IMO0000000,WDK4811,37,,19,6,,,B
368058870,2022-01-06T23:05:32,27.97637,-82.82422,0.0,336.9,511.0,JESSIES ENCORE,IMO0000000,WDK4811,37,,19,6,,,B
368058870,2022-01-06T18:59:31,27.97635,-82.82420,0.0,107.9,511.0,JESSIES ENCORE,IMO0000000,WDK4811,37,,19,6,,,B
368058870,2022-01-06T20:05:31,27.97640,-82.82419,0.1,61.7,511.0,JESSIES ENCORE,IMO0000000,WDK4811,37,,19,6,,,B
368058870,2022-01-06T20:11:29,27.97636,-82.82419,0.2,89.1,511.0,JESSIES ENCORE,IMO0000000,WDK4811,37,,19,6,,,B
368058870,2022-01-06T19:27:59,27.97637,-82.82417,0.0,321.1,511.0,JESSIES ENCORE,IMO0000000,WDK4811,37,,19,6,,,B
368058870,2022-01-06T19:42:59,27.97635,-82.82422,0.4,321.1,511.0,JESSIES ENCORE,IMO0000000,WDK4811,37,,19,6,,,B
368058870,2022-01-06T20:43:59,27.97637,-82.82420,0.0,37.4,511.0,JESSIES ENCORE,IMO0000000,WDK4811,37,,19,6,,,B
368058870,2022-01-06T19:45:59,27.97636,-82.82420,0.0,321.1,511.0,JESSIES ENCORE,IMO0000000,WDK4811,37,,19,6,,,B
368058870,2022-01-06T20:52:59,27.97639,-82.82423,0.2,273.1,511.0,JESSIES ENCORE,IMO0000000,WDK4811,37,,19,6,,,B
368058870,2022-01-06T22:05:30,27.97634,-82.82420,0.2,273.1,511.0,JESSIES ENCORE,IMO0000000,WDK4811,37,,19,6,,,B
368058870,2022-01-06T22:14:31,27.97636,-82.82419,0.0,273.1,511.0,JESSIES ENCORE,IMO0000000,WDK4811,37,,19,6,,,B
368058870,2022-01-06T23:02:29,27.97637,-82.82420,0.0,336.9,511.0,JESSIES ENCORE,IMO0000000,WDK4811,37,,19,6,,,B
368058870,2022-01-06T22:38:29,27.97637,-82.82423,0.0,289.8,511.0,JESSIES ENCORE,IMO0000000,WDK4811,37,,19,6,,,B
368058870,2022-01-06T23:11:33,27.97634,-82.82419,0.0,336.9,511.0,JESSIES ENCORE,IMO0000000,WDK4811,37,,19,6,,,B
368058870,2022-01-06T22:59:30,27.97637,-82.82420,0.0,336.9,511.0,JESSIES ENCORE,IMO0000000,WDK4811,37,,19,6,,,B
368058870,2022-01-06T23:29:31,27.97638,-82.82420,0.0,336.9,511.0,JESSIES ENCORE,IMO0000000,WDK4811,37,,19,6,,,B
368058870,2022-01-06T23:50:29,27.97637,-82.82422,0.1,336.9,511.0,JESSIES ENCORE,IMO0000000,WDK4811,37,,19,6,,,B
