368222030,2022-01-01T00:52:00,29.66901,-81.21567,0.0,317.0,153.0,SPERANZA,IMO0000000,WDM6084,36,,13,4,,,B
368222030,2022-01-01T00:49:04,29.66900,-81.21568,0.0,317.0,152.0,SPERANZA,IMO0000000,WDM6084,36,,13,4,,,B
368222030,2022-01-01T00:34:09,29.66900,-81.21567,0.0,317.0,151.0,SPERANZA,IMO0000000,WDM6084,36,,13,4,,,B
368222030,2022-01-01T01:07:03,29.66900,-81.21566,0.0,317.0,155.0,SPERANZA,IMO0000000,WDM6084,36,,13,4,,,B
368222030,2022-01-01T00:58:01,29.66899,-81.21566,0.0,317.0,153.0,SPERANZA,IMO0000000,WDM6084,36,,13,4,,,B
368222030,2022-01-01T01:19:03,29.66901,-81.21564,0.0,317.0,152.0,SPERANZA,IMO0000000,WDM6084,36,,13,4,,,B
368222030,2022-01-01T01:22:02,29.66901,-81.21566,0.0,317.0,154.0,SPERANZA,IMO0000000,WDM6084,36,,13,4,,,B
368222030,2022-01-01T01:28:05,29.66900,-81.21566,0.0,317.0,155.0,SPERANZA,IMO0000000,WDM6084,36,,13,4,,,B
368222030,2022-01-01T01:34:06,29.66900,-81.21566,0.0,317.0,154.0,SPERANZA,IMO0000000,WDM6084,36,,13,4,,,B
368222030,2022-01-01T01:25:08,29.66901,-81.21563,0.0,317.0,154.0,SPERANZA,IMO0000000,WDM6084,36,,13,4,,,B
368222030,2022-01-01T01:40:09,29.66902,-81.21566,0.0,317.0,153.0,SPERANZA,IMO0000000,WDM6084,36,,13,4,,,B
368222030,2022-01-01T02:01:00,29.66899,-81.21566,0.0,281.5,153.0,SPERANZA,IMO0000000,WDM6084,36,,13,4,,,B
368222030,2022-01-01T01:58:08,29.66900,-81.21565,0.0,281.5,153.0,SPERANZA,IMO0000000,WDM6084,36,,13,4,,,B
368222030,2022-01-01T02:22:01,29.66902,-81.21568,0.0,281.5,152.0,SPERANZA,IMO0000000,WDM6084,36,,13,4,,,B
368222030,2022-01-01T01:13:09,29.66902,-81.21566,0.0,317.0,155.0,SPERANZA,IMO0000000,WDM6084,36,,13,4,,,B
368222030,2022-01-01T02:46:05,29.66901,-81.21567,0.0,281.5,151.0,SPERANZA,IMO0000000,WDM6084,36,,13,4,,,B
368222030,2022-01-01T02:43:08,29.66899,-81.21568,0.0,281.5,152.0,SPERANZA,IMO0000000,WDM6084,36,,13,4,,,B
368222030,2022-01-01T02:55:01,29.66899,-81.21567,0.0,281.5,152.0,SPERANZA,IMO0000000,WDM6084,36,,13,4,,,B
368222030,2022-01-01T03:07:07,29.66901,-81.21565,0.0,281.5,151.0,SPERANZA,IMO0000000,WDM6084,36,,13,4,,,B
368222030,2022-01-01T03:25:09,29.66901,-81.21566,0.0,281.5,156.0,SPERANZA,IMO0000000,WDM6084,36,,13,4,,,B
368222030,2022-01-01T03:34:05,29.66904,-81.21568,0.0,281.5,155.0,SPERANZA,IMO0000000,WDM6084,36,,13,4,,,B
368222030,2022-01-01T01:52:06,29.66901,-81.21567,0.0,317.0,152.0,SPERANZA,IMO0000000,WDM6084,36,,13,4,,,B
368222030,2022-01-01T04:07:01,29.66902,-81.21566,0.0,281.5,155.0,SPERANZA,IMO0000000,WDM6084,36,,13,4,,,B
368222030,2022-01-01T04:04:08,29.66902,-81.21567,0.0,281.5,154.0,SPERANZA,IMO0000000,WDM6084,36,,13,4,,,B
368222030,2022-01-01T04:10:08,29.66902,-81.21565,0.0,281.5,154.0,SPERANZA,IMO0000000,WDM6084,36,,13,4,,,B
368222030,2022-01-01T03:52:04,29.66902,-81.21565,0.0,281.5,153.0,SPERANZA,IMO0000000,WDM6084,36,,13,4,,,B
368222030,2022-01-01T04:16:05,29.66901,-81.21565,0.0,281.5,154.0,SPERANZA,IMO0000000,WDM6084,36,,13,4,,,B
368222030,2022-01-01T04:22:08,29.66899,-81.21567,0.0,281.5,154.0,SPERANZA,IMO0000000,WDM6084,36,,13,4,,,B
368222030,2022-01-01T04:46:04,29.66900,-81.21567,0.0,281.5,153.0,SPERANZA,IMO0000000,WDM6084,36,,13,4,,,B
368222030,2022-01-01T04:25:08,29.66901,-81.21566,0.0,281.5,153.0,SPERANZA,IMO0000000,WDM6084,36,,13,4,,,B
368222030,2022-01-01T04:52:07,29.66902,-81.21565,0.0,281.5,151.0,SPERANZA,IMO0000000,WDM6084,36,,13,4,,,B
368222030,2022-01-01T04:49:01,29.66901,-81.21568,0.0,281.5,151.0,SPERANZA,IMO0000000,WDM6084,36,,13,4,,,B
368222030,2022-01-01T05:04:03,29.66902,-81.21564,0.0,251.6,150.0,SPERANZA,IMO0000000,WDM6084,36,,13,4,,,B
368222030,2022-01-01T05:16:09,29.66901,-81.21566,0.0,251.6,152.0,SPERANZA,IMO0000000,WDM6084,36,,13,4,,,B
368222030,2022-01-01T05:19:08,29.66901,-81.21566,0.0,251.6,152.0,SPERANZA,IMO0000000,WDM6084,36,,13,4,,,B
368222030,2022-01-01T05:40:05,29.66902,-81.21565,0.0,251.6,152.0,SPERANZA,IMO0000000,WDM6084,36,,13,4,,,B
368222030,2022-01-01T05:25:06,29.66903,-81.21567,0.0,251.6,152.0,SPERANZA,IMO0000000,WDM6084,36,,13,4,,,B
368222030,2022-01-01T05:31:07,29.66900,-81.21567,0.0,251.6,153.0,SPERANZA,IMO0000000,WDM6084,36,,13,4,,,B
368222030,2022-01-01T05:22:08,29.66902,-81.21568,0.0,251.6,151.0,SPERANZA,IMO0000000,WDM6084,36,,13,4,,,B
368222030,2022-01-01T05:34:00,29.66901,-81.21565,0.0,251.6,151.0,SPERANZA,IMO0000000,WDM6084,36,,13,4,,,B
368222030,2022-01-01T05:58:07,29.66903,-81.21566,0.0,251.6,150.0,SPERANZA,IMO0000000,WDM6084,36,,13,4,,,B
368222030,2022-01-01T05:46:05,29.66901,-81.21567,0.0,251.6,152.0,SPERANZA,IMO0000000,WDM6084,36,,13,4,,,B
368222030,2022-01-01T05:52:02,29.66900,-81.21568,0.0,251.6,153.0,SPERANZA,IMO0000000,WDM6084,36,,13,4,,,B
368222030,2022-01-01T06:04:08,29.66903,-81.21568,0.0,251.6,150.0,SPERANZA,IMO0000000,WDM6084,36,,13,4,,,B
368222030,2022-01-01T06:49:09,29.66900,-81.21566,0.0,251.6,150.0,SPERANZA,IMO0000000,WDM6084,36,,13,4,,,B
368222030,2022-01-01T06:52:04,29.66901,-81.21565,0.0,251.6,148.0,SPERANZA,IMO0000000,WDM6084,36,,13,4,,,B
368222030,2022-01-01T06:58:04,29.66899,-81.21565,0.0,251.6,152.0,SPERANZA,IMO0000000,WDM6084,36,,13,4,,,B
368222030,2022-01-01T07:07:03,29.66900,-81.21565,0.0,251.6,150.0,SPERANZA,IMO0000000,WDM6084,36,,13,4,,,B
368222030,2022-01-01T07:43:00,29.66902,-81.21567,0.0,251.6,154.0,SPERANZA,IMO0000000,WDM6084,36,,13,4,,,B
368222030,2022-01-01T07:34:08,29.66903,-81.21564,0.0,251.6,150.0,SPERANZA,IMO0000000,WDM6084,36,,13,4,,,B
368222030,2022-01-01T07:22:03,29.66900,-81.21568,0.0,251.6,152.0,SPERANZA,IMO0000000,WDM6084,36,,13,4,,,B
368222030,2022-01-01T07:46:04,29.66901,-81.21567,0.0,251.6,152.0,SPERANZA,IMO0000000,WDM6084,36,,13,4,,,B
368222030,2022-01-01T07:58:05,29.66902,-81.21567,0.0,251.6,149.0,SPERANZA,IMO0000000,WDM6084,36,,13,4,,,B
368222030,2022-01-01T08:04:04,29.66901,-81.21564,0.0,251.6,152.0,SPERANZA,IMO0000000,WDM6084,36,,13,4,,,B
368222030,2022-01-01T07:40:03,29.66900,-81.21566,0.0,251.6,152.0,SPERANZA,IMO0000000,WDM6084,36,,13,4,,,B
368222030,2022-01-01T08:22:00,29.66900,-81.21563,0.0,251.6,153.0,SPERANZA,IMO0000000,WDM6084,36,,13,4,,,B
368222030,2022-01-01T08:58:09,29.66905,-81.21567,0.0,251.6,151.0,SPERANZA,IMO0000000,WDM6084,36,,13,4,,,B
368222030,2022-01-01T08:07:03,29.66900,-81.21565,0.0,251.6,152.0,SPERANZA,IMO0000000,WDM6084,36,,13,4,,,B
368222030,2022-01-01T08:25:05,29.66899,-81.21565,0.0,251.6,150.0,SPERANZA,IMO0000000,WDM6084,36,,13,4,,,B
368222030,2022-01-01T08:10:09,29.66900,-81.21564,0.0,251.6,150.0,SPERANZA,IMO0000000,WDM6084,36,,13,4,,,B
368222030,2022-01-01T08:43:07,29.66900,-81.21568,0.0,251.6,151.0,SPERANZA,IMO0000000,WDM6084,36,,13,4,,,B
368222030,2022-01-01T08:46:07,29.66900,-81.21567,0.0,251.6,151.0,SPERANZA,IMO0000000,WDM6084,36,,13,4,,,B
368222030,2022-01-01T08:49:08,29.66900,-81.21567,0.0,251.6,150.0,SPERANZA,IMO0000000,WDM6084,36,,13,4,,,B
368222030,2022-01-01T09:07:04,29.66901,-81.21565,0.0,251.6,151.0,SPERANZA,IMO0000000,WDM6084,36,,13,4,,,B
368222030,2022-01-01T09:04:01,29.66903,-81.21565,0.0,251.6,152.0,SPERANZA,IMO0000000,WDM6084,36,,13,4,,,B
368222030,2022-01-01T09:19:07,29.66904,-81.21567,0.0,251.6,152.0,SPERANZA,IMO0000000,WDM6084,36,,13,4,,,B
368222030,2022-01-01T09:22:00,29.66902,-81.21565,0.0,251.6,151.0,SPERANZA,IMO0000000,WDM6084,36,,13,4,,,B
368222030,2022-01-01T08:52:03,29.66902,-81.21566,0.0,251.6,152.0,SPERANZA,IMO0000000,WDM6084,36,,13,4,,,B
368222030,2022-01-01T09:34:09,29.66904,-81.21567,0.0,251.6,152.0,SPERANZA,IMO0000000,WDM6084,36,,13,4,,,B
368222030,2022-01-01T04:28:07,29.66901,-81.21565,0.0,281.5,155.0,SPERANZA,IMO0000000,WDM6084,36,,13,4,,,B
368222030,2022-01-01T09:43:02,29.66903,-81.21565,0.0,251.6,152.0,SPERANZA,IMO0000000,WDM6084,36,,13,4,,,B
368222030,2022-01-01T09:40:08,29.66900,-81.21565,0.0,251.6,151.0,SPERANZA,IMO0000000,WDM6084,36,,13,4,,,B
368222030,2022-01-01T10:22:07,29.66900,-81.21568,0.0,251.6,153.0,SPERANZA,IMO0000000,WDM6084,36,,13,4,,,B
368222030,2022-01-01T04:31:03,29.66901,-81.21567,0.0,281.5,155.0,SPERANZA,IMO0000000,WDM6084,36,,13,4,,,B
368222030,2022-01-01T09:55:06,29.66903,-81.21567,0.0,251.6,152.0,SPERANZA,IMO0000000,WDM6084,36,,13,4,,,B
368222030,2022-01-01T09:52:05,29.66904,-81.21565,0.0,251.6,150.0,SPERANZA,IMO0000000,WDM6084,36,,13,4,,,B
368222030,2022-01-01T10:10:06,29.66903,-81.21564,0.0,251.6,151.0,SPERANZA,IMO0000000,WDM6084,36,,13,4,,,B
368222030,2022-01-01T10:13:02,29.66902,-81.21563,0.0,251.6,149.0,SPERANZA,IMO0000000,WDM6084,36,,13,4,,,B
368222030,2022-01-01T10:46:03,29.66903,-81.21564,0.0,251.6,152.0,SPERANZA,IMO0000000,WDM6084,36,,13,4,,,B
368222030,2022-01-01T10:16:01,29.66901,-81.21564,0.0,251.6,150.0,SPERANZA,IMO0000000,WDM6084,36,,13,4,,,B
368222030,2022-01-01T10:04:08,29.66901,-81.21564,0.0,251.6,151.0,SPERANZA,IMO0000000,WDM6084,36,,13,4,,,B
368222030,2022-01-01T10:07:00,29.66901,-81.21567,0.0,251.6,151.0,SPERANZA,IMO0000000,WDM6084,36,,13,4,,,B
368222030,2022-01-01T10:28:03,29.66904,-81.21563,0.0,251.6,150.0,SPERANZA,IMO0000000,WDM6084,36,,13,4,,,B
368222030,2022-01-01T11:16:02,29.66900,-81.21567,0.0,251.6,151.0,SPERANZA,IMO0000000,WDM6084,36,,13,4,,,B
368222030,2022-01-01T10:52:08,29.66901,-81.21565,0.0,251.6,149.0,SPERANZA,IMO0000000,WDM6084,36,,13,4,,,B
368222030,2022-01-01T10:58:07,29.66902,-81.21566,0.0,251.6,149.0,SPERANZA,IMO0000000,WDM6084,36,,13,4,,,B
368222030,2022-01-01T11:04:04,29.66900,-81.21565,0.0,251.6,151.0,SPERANZA,IMO0000000,WDM6084,36,,13,4,,,B
368222030,2022-01-01T11:10:02,29.66902,-81.21566,0.0,251.6,152.0,SPERANZA,IMO0000000,WDM6084,36,,13,4,,,B
368222030,2022-01-01T11:40:02,29.66899,-81.21568,0.0,273.5,152.0,SPERANZA,IMO0000000,WDM6084,36,,13,4,,,B
368222030,2022-01-01T11:19:02,29.66900,-81.21567,0.0,251.6,153.0,SPERANZA,IMO0000000,WDM6084,36,,13,4,,,B
368222030,2022-01-01T11:28:05,29.66901,-81.21564,0.0,273.5,153.0,SPERANZA,IMO0000000,WDM6084,36,,13,4,,,B
368222030,2022-01-01T11:22:05,29.66902,-81.21568,0.0,251.6,152.0,SPERANZA,IMO0000000,WDM6084,36,,13,4,,,B
368222030,2022-01-01T12:28:04,29.66903,-81.21564,0.0,273.5,149.0,SPERANZA,IMO0000000,WDM6084,36,,13,4,,,B
368222030,2022-01-01T11:46:00,29.66900,-81.21565,0.0,273.5,151.0,SPERANZA,IMO0000000,WDM6084,36,,13,4,,,B
368222030,2022-01-01T12:04:09,29.66902,-81.21568,0.0,273.5,151.0,SPERANZA,IMO0000000,WDM6084,36,,13,4,,,B
368222030,2022-01-01T12:46:07,29.66900,-81.21566,0.0,273.5,151.0,SPERANZA,IMO0000000,WDM6084,36,,13,4,,,B
368222030,2022-01-01T12:16:07,29.66902,-81.21568,0.0,273.5,152.0,SPERANZA,IMO0000000,WDM6084,36,,13,4,,,B
368222030,2022-01-01T11:58:07,29.66902,-81.21566,0.0,273.5,151.0,SPERANZA,IMO0000000,WDM6084,36,,13,4,,,B
368222030,2022-01-01T12:01:00,29.66900,-81.21568,0.0,273.5,151.0,SPERANZA,IMO0000000,WDM6084,36,,13,4,,,B
368222030,2022-01-01T12:34:09,29.66900,-81.21565,0.0,273.5,152.0,SPERANZA,IMO0000000,WDM6084,36,,13,4,,,B
368222030,2022-01-01T12:40:05,29.66899,-81.21566,0.0,273.5,151.0,SPERANZA,IMO0000000,WDM6084,36,,13,4,,,B
368222030,2022-01-01T12:19:09,29.66902,-81.21566,0.0,273.5,150.0,SPERANZA,IMO0000000,WDM6084,36,,13,4,,,B
368222030,2022-01-01T13:04:00,29.66900,-81.21568,0.0,273.5,151.0,SPERANZA,IMO0000000,WDM6084,36,,13,4,,,B
368222030,2022-01-01T13:58:06,29.66900,-81.21569,0.0,273.5,152.0,SPERANZA,IMO0000000,WDM6084,36,,13,4,,,B
368222030,2022-01-01T13:28:05,29.66898,-81.21567,0.0,273.5,150.0,SPERANZA,IMO0000000,WDM6084,36,,13,4,,,B
368222030,2022-01-01T13:22:04,29.66899,-81.21568,0.0,273.5,153.0,SPERANZA,IMO0000000,WDM6084,36,,13,4,,,B
368222030,2022-01-01T13:34:08,29.66899,-81.21566,0.0,273.5,149.0,SPERANZA,IMO0000000,WDM6084,36,,13,4,,,B
368222030,2022-01-01T13:43:04,29.66898,-81.21568,0.0,273.5,152.0,SPERANZA,IMO0000000,WDM6084,36,,13,4,,,B
368222030,2022-01-01T13:46:00,29.66899,-81.21569,0.0,273.5,153.0,SPERANZA,IMO0000000,WDM6084,36,,13,4,,,B
368222030,2022-01-01T13:52:05,29.66899,-81.21566,0.0,273.5,153.0,SPERANZA,IMO0000000,WDM6084,36,,13,4,,,B
368222030,2022-01-01T13:40:09,29.66899,-81.21567,0.0,273.5,151.0,SPERANZA,IMO0000000,WDM6084,36,,13,4,,,B
368222030,2022-01-01T13:49:09,29.66899,-81.21567,0.0,273.5,151.0,SPERANZA,IMO0000000,WDM6084,36,,13,4,,,B
368222030,2022-01-01T14:10:07,29.66900,-81.21567,0.0,273.5,153.0,SPERANZA,IMO0000000,WDM6084,36,,13,4,,,B
368222030,2022-01-01T14:16:02,29.66900,-81.21569,0.0,273.5,154.0,SPERANZA,IMO0000000,WDM6084,36,,13,4,,,B
368222030,2022-01-01T14:19:05,29.66901,-81.21568,0.0,302.0,154.0,SPERANZA,IMO0000000,WDM6084,36,,13,4,,,B
368222030,2022-01-01T14:43:05,29.66901,-81.21568,0.0,302.0,152.0,SPERANZA,IMO0000000,WDM6084,36,,13,4,,,B
368222030,2022-01-01T14:28:09,29.66900,-81.21568,0.0,302.0,153.0,SPERANZA,IMO0000000,WDM6084,36,,13,4,,,B
368222030,2022-01-01T14:40:01,29.66900,-81.21567,0.0,302.0,153.0,SPERANZA,IMO0000000,WDM6084,36,,13,4,,,B
368222030,2022-01-01T14:55:05,29.66900,-81.21567,0.0,229.7,154.0,SPERANZA,IMO0000000,WDM6084,36,,13,4,,,B
368222030,2022-01-01T14:49:08,29.66901,-81.21568,0.0,302.0,153.0,SPERANZA,IMO0000000,WDM6084,36,,13,4,,,B
368222030,2022-01-01T15:01:09,29.66900,-81.21569,0.0,229.7,154.0,SPERANZA,IMO0000000,WDM6084,36,,13,4,,,B
368222030,2022-01-01T14:46:02,29.66901,-81.21568,0.0,302.0,152.0,SPERANZA,IMO0000000,WDM6084,36,,13,4,,,B
368222030,2022-01-01T15:04:00,29.66901,-81.21567,0.0,229.7,154.0,SPERANZA,IMO0000000,WDM6084,36,,13,4,,,B
368222030,2022-01-01T14:58:07,29.66901,-81.21567,0.0,229.7,154.0,SPERANZA,IMO0000000,WDM6084,36,,13,4,,,B
368222030,2022-01-01T14:52:03,29.66900,-81.21568,0.0,229.7,152.0,SPERANZA,IMO0000000,WDM6084,36,,13,4,,,B
368222030,2022-01-01T15:52:10,29.66901,-81.21566,0.0,205.1,163.0,SPERANZA,IMO0000000,WDM6084,36,,13,4,,,B
368222030,2022-01-01T15:10:03,29.66900,-81.21566,0.0,74.7,154.0,SPERANZA,IMO0000000,WDM6084,36,,13,4,,,B
368222030,2022-01-01T15:16:06,29.66900,-81.21567,0.0,125.8,153.0,SPERANZA,IMO0000000,WDM6084,36,,13,4,,,B
368222030,2022-01-01T15:07:09,29.66902,-81.21567,0.0,229.7,155.0,SPERANZA,IMO0000000,WDM6084,36,,13,4,,,B
368222030,2022-01-01T15:31:08,29.66902,-81.21564,0.0,326.7,156.0,SPERANZA,IMO0000000,WDM6084,36,,13,4,,,B
368222030,2022-01-01T15:25:04,29.66900,-81.21565,0.0,125.8,152.0,SPERANZA,IMO0000000,WDM6084,36,,13,4,,,B
368222030,2022-01-01T16:04:09,29.66898,-81.21566,0.0,295.2,158.0,SPERANZA,IMO0000000,WDM6084,36,,13,4,,,B
368222030,2022-01-01T07:16:03,29.66902,-81.21565,0.0,251.6,150.0,SPERANZA,IMO0000000,WDM6084,36,,13,4,,,B
368222030,2022-01-01T08:55:03,29.66901,-81.21566,0.0,251.6,151.0,SPERANZA,IMO0000000,WDM6084,36,,13,4,,,B
368222030,2022-01-01T09:28:04,29.66904,-81.21567,0.0,251.6,151.0,SPERANZA,IMO0000000,WDM6084,36,,13,4,,,B
368222030,2022-01-01T22:49:09,29.66902,-81.21565,0.0,196.3,158.0,SPERANZA,IMO0000000,WDM6084,36,,13,4,,,B
368222030,2022-01-01T23:34:01,29.66900,-81.21566,0.0,196.3,158.0,SPERANZA,IMO0000000,WDM6084,36,,13,4,,,B
368222030,2022-01-01T23:55:08,29.66903,-81.21564,0.0,81.9,156.0,SPERANZA,IMO0000000,WDM6084,36,,13,4,,,B
368222030,2022-01-01T23:52:06,29.66902,-81.21564,0.0,81.9,155.0,SPERANZA,IMO0000000,WDM6084,36,,13,4,,,B
368222030,2022-01-01T23:49:07,29.66903,-81.21567,0.0,81.9,154.0,SPERANZA,IMO0000000,WDM6084,36,,13,4,,,B
368222030,2022-01-01T12:10:04,29.66900,-81.21568,0.0,273.5,151.0,SPERANZA,IMO0000000,WDM6084,36,,13,4,,,B
368222030,2022-01-01T12:49:02,29.66900,-81.21566,0.0,273.5,152.0,SPERANZA,IMO0000000,WDM6084,36,,13,4,,,B
368222030,2022-01-01T12:58:04,29.66899,-81.21569,0.0,273.5,149.0,SPERANZA,IMO0000000,WDM6084,36,,13,4,,,B
368222030,2022-01-01T13:55:04,29.66900,-81.21570,0.0,273.5,150.0,SPERANZA,IMO0000000,WDM6084,36,,13,4,,,B
368222030,2022-01-01T23:58:07,29.66901,-81.21565,0.0,81.9,157.0,SPERANZA,IMO0000000,WDM6084,36,,13,4,,,B
368222030,2022-01-02T00:01:07,29.66901,-81.21564,0.0,81.9,158.0,SPERANZA,IMO0000000,WDM6084,36,,13,4,,,B
368222030,2022-01-02T00:07:02,29.66902,-81.21565,0.0,46.3,156.0,SPERANZA,IMO0000000,WDM6084,36,,13,4,,,B
368222030,2022-01-02T00:10:07,29.66901,-81.21567,0.0,46.3,156.0,SPERANZA,IMO0000000,WDM6084,36,,13,4,,,B
368222030,2022-01-02T00:16:05,29.66900,-81.21566,0.0,46.3,155.0,SPERANZA,IMO0000000,WDM6084,36,,13,4,,,B
368222030,2022-01-02T00:22:09,29.66902,-81.21566,0.0,46.3,157.0,SPERANZA,IMO0000000,WDM6084,36,,13,4,,,B
368222030,2022-01-02T00:28:01,29.66902,-81.21567,0.0,46.3,158.0,SPERANZA,IMO0000000,WDM6084,36,,13,4,,,B
368222030,2022-01-02T00:43:01,29.66901,-81.21565,0.0,46.3,157.0,SPERANZA,IMO0000000,WDM6084,36,,13,4,,,B
368222030,2022-01-02T00:46:06,29.66900,-81.21566,0.0,46.3,153.0,SPERANZA,IMO0000000,WDM6084,36,,13,4,,,B
368222030,2022-01-02T00:49:07,29.66901,-81.21565,0.0,46.3,155.0,SPERANZA,IMO0000000,WDM6084,36,,13,4,,,B
368222030,2022-01-02T00:55:01,29.66902,-81.21566,0.0,46.3,154.0,SPERANZA,IMO0000000,WDM6084,36,,13,4,,,B
368222030,2022-01-02T01:04:03,29.66901,-81.21567,0.0,46.3,155.0,SPERANZA,IMO0000000,WDM6084,36,,13,4,,,B
368222030,2022-01-02T01:13:06,29.66900,-81.21566,0.0,46.3,154.0,SPERANZA,IMO0000000,WDM6084,36,,13,4,,,B
368222030,2022-01-02T01:22:05,29.66900,-81.21565,0.0,46.3,152.0,SPERANZA,IMO0000000,WDM6084,36,,13,4,,,B
368222030,2022-01-02T01:28:04,29.66900,-81.21565,0.0,46.3,154.0,SPERANZA,IMO0000000,WDM6084,36,,13,4,,,B
368222030,2022-01-02T01:37:03,29.66900,-81.21566,0.0,46.3,155.0,SPERANZA,IMO0000000,WDM6084,36,,13,4,,,B
368222030,2022-01-02T01:46:10,29.66901,-81.21564,0.0,46.3,151.0,SPERANZA,IMO0000000,WDM6084,36,,13,4,,,B
368222030,2022-01-02T02:07:04,29.66901,-81.21567,0.0,46.3,153.0,SPERANZA,IMO0000000,WDM6084,36,,13,4,,,B
368222030,2022-01-02T03:34:10,29.66901,-81.21565,0.0,105.6,153.0,SPERANZA,IMO0000000,WDM6084,36,,13,4,,,B
368222030,2022-01-02T03:40:08,29.66902,-81.21564,0.0,105.6,155.0,SPERANZA,IMO0000000,WDM6084,36,,13,4,,,B
368222030,2022-01-02T03:37:07,29.66899,-81.21566,0.0,105.6,153.0,SPERANZA,IMO0000000,WDM6084,36,,13,4,,,B
368222030,2022-01-02T03:58:08,29.66900,-81.21568,0.0,105.6,152.0,SPERANZA,IMO0000000,WDM6084,36,,13,4,,,B
368222030,2022-01-02T04:04:00,29.66901,-81.21565,0.0,105.6,153.0,SPERANZA,IMO0000000,WDM6084,36,,13,4,,,B
368222030,2022-01-02T03:55:03,29.66901,-81.21568,0.0,105.6,153.0,SPERANZA,IMO0000000,WDM6084,36,,13,4,,,B
368222030,2022-01-02T04:10:02,29.66900,-81.21565,0.0,105.6,151.0,SPERANZA,IMO0000000,WDM6084,36,,13,4,,,B
368222030,2022-01-02T04:28:01,29.66902,-81.21568,0.0,105.6,151.0,SPERANZA,IMO0000000,WDM6084,36,,13,4,,,B
368222030,2022-01-02T04:40:03,29.66902,-81.21563,0.0,105.6,152.0,SPERANZA,IMO0000000,WDM6084,36,,13,4,,,B
368222030,2022-01-02T04:43:03,29.66900,-81.21567,0.0,105.6,152.0,SPERANZA,IMO0000000,WDM6084,36,,13,4,,,B
368222030,2022-01-02T05:04:06,29.66902,-81.21566,0.0,105.6,151.0,SPERANZA,IMO0000000,WDM6084,36,,13,4,,,B
368222030,2022-01-02T05:28:03,29.66901,-81.21568,0.0,105.6,154.0,SPERANZA,IMO0000000,WDM6084,36,,13,4,,,B
368222030,2022-01-02T05:22:01,29.66901,-81.21566,0.0,105.6,154.0,SPERANZA,IMO0000000,WDM6084,36,,13,4,,,B
368222030,2022-01-02T05:34:03,29.66901,-81.21568,0.0,105.6,155.0,SPERANZA,IMO0000000,WDM6084,36,,13,4,,,B
368222030,2022-01-02T05:40:03,29.66901,-81.21565,0.0,105.6,153.0,SPERANZA,IMO0000000,WDM6084,36,,13,4,,,B
368222030,2022-01-02T05:58:05,29.66900,-81.21565,0.0,105.6,152.0,SPERANZA,IMO0000000,WDM6084,36,,13,4,,,B
368222030,2022-01-02T06:46:00,29.66902,-81.21566,0.0,105.6,152.0,SPERANZA,IMO0000000,WDM6084,36,,13,4,,,B
368222030,2022-01-02T06:58:04,29.66902,-81.21565,0.0,105.6,152.0,SPERANZA,IMO0000000,WDM6084,36,,13,4,,,B
368222030,2022-01-02T07:22:09,29.66902,-81.21562,0.0,105.6,151.0,SPERANZA,IMO0000000,WDM6084,36,,13,4,,,B
368222030,2022-01-02T07:10:07,29.66902,-81.21566,0.0,105.6,148.0,SPERANZA,IMO0000000,WDM6084,36,,13,4,,,B
368222030,2022-01-02T07:52:02,29.66901,-81.21565,0.0,105.6,147.0,SPERANZA,IMO0000000,WDM6084,36,,13,4,,,B
368222030,2022-01-02T08:10:08,29.66902,-81.21566,0.0,105.6,148.0,SPERANZA,IMO0000000,WDM6084,36,,13,4,,,B
368222030,2022-01-02T03:46:03,29.66900,-81.21566,0.0,105.6,154.0,SPERANZA,IMO0000000,WDM6084,36,,13,4,,,B
368222030,2022-01-02T08:01:04,29.66902,-81.21565,0.0,105.6,149.0,SPERANZA,IMO0000000,WDM6084,36,,13,4,,,B
368222030,2022-01-02T08:43:01,29.66902,-81.21564,0.0,23.2,150.0,SPERANZA,IMO0000000,WDM6084,36,,13,4,,,B
368222030,2022-01-02T08:58:07,29.66902,-81.21566,0.0,23.2,149.0,SPERANZA,IMO0000000,WDM6084,36,,13,4,,,B
368222030,2022-01-02T04:01:02,29.66901,-81.21566,0.0,105.6,154.0,SPERANZA,IMO0000000,WDM6084,36,,13,4,,,B
368222030,2022-01-02T09:01:00,29.66902,-81.21565,0.0,23.2,149.0,SPERANZA,IMO0000000,WDM6084,36,,13,4,,,B
368222030,2022-01-02T04:16:00,29.66900,-81.21568,0.0,105.6,152.0,SPERANZA,IMO0000000,WDM6084,36,,13,4,,,B
368222030,2022-01-02T04:37:00,29.66902,-81.21565,0.0,105.6,153.0,SPERANZA,IMO0000000,WDM6084,36,,13,4,,,B
368222030,2022-01-02T04:52:06,29.66899,-81.21566,0.0,105.6,154.0,SPERANZA,IMO0000000,WDM6084,36,,13,4,,,B
368222030,2022-01-02T10:58:07,29.66899,-81.21569,0.0,23.2,146.0,SPERANZA,IMO0000000,WDM6084,36,,13,4,,,B
368222030,2022-01-02T11:28:09,29.66898,-81.21565,0.0,23.2,147.0,SPERANZA,IMO0000000,WDM6084,36,,13,4,,,B
368222030,2022-01-02T11:25:03,29.66898,-81.21569,0.0,23.2,150.0,SPERANZA,IMO0000000,WDM6084,36,,13,4,,,B
368222030,2022-01-02T11:10:01,29.66900,-81.21566,0.0,23.2,147.0,SPERANZA,IMO0000000,WDM6084,36,,13,4,,,B
368222030,2022-01-02T05:10:08,29.66902,-81.21563,0.0,105.6,153.0,SPERANZA,IMO0000000,WDM6084,36,,13,4,,,B
368222030,2022-01-02T11:55:01,29.66901,-81.21565,0.0,23.2,149.0,SPERANZA,IMO0000000,WDM6084,36,,13,4,,,B
368222030,2022-01-02T13:10:04,29.66900,-81.21567,0.0,40.6,152.0,SPERANZA,IMO0000000,WDM6084,36,,13,4,,,B
368222030,2022-01-02T13:40:07,29.66900,-81.21566,0.0,40.6,151.0,SPERANZA,IMO0000000,WDM6084,36,,13,4,,,B
368222030,2022-01-02T13:49:06,29.66899,-81.21568,0.0,40.6,151.0,SPERANZA,IMO0000000,WDM6084,36,,13,4,,,B
368222030,2022-01-02T15:28:04,29.66902,-81.21567,0.0,6.0,156.0,SPERANZA,IMO0000000,WDM6084,36,,13,4,,,B
368222030,2022-01-02T17:19:05,29.66901,-81.21568,0.0,249.6,164.0,SPERANZA,IMO0000000,WDM6084,36,,13,4,,,B
368222030,2022-01-02T23:07:08,29.66901,-81.21567,0.0,309.3,155.0,SPERANZA,IMO0000000,WDM6084,36,,13,4,,,B
368222030,2022-01-02T23:34:05,29.66905,-81.21564,0.0,309.3,153.0,SPERANZA,IMO0000000,WDM6084,36,,13,4,,,B
368222030,2022-01-02T23:25:04,29.66901,-81.21567,0.0,309.3,156.0,SPERANZA,IMO0000000,WDM6084,36,,13,4,,,B
368222030,2022-01-02T23:16:00,29.66901,-81.21567,0.0,309.3,155.0,SPERANZA,IMO0000000,WDM6084,36,,13,4,,,B
368222030,2022-01-02T23:55:02,29.66901,-81.21565,0.0,309.3,158.0,SPERANZA,IMO0000000,WDM6084,36,,13,4,,,B
368222030,2022-01-02T15:52:07,29.66901,-81.21568,0.0,312.8,166.0,SPERANZA,IMO0000000,WDM6084,36,,13,4,,,B
368222030,2022-01-02T22:25:06,29.66901,-81.21567,0.0,138.0,157.0,SPERANZA,IMO0000000,WDM6084,36,,13,4,,,B
368222030,2022-01-03T00:01:03,29.66902,-81.21566,0.0,309.3,154.0,SPERANZA,IMO0000000,WDM6084,36,,13,4,,,B
368222030,2022-01-03T00:28:08,29.66900,-81.21569,0.0,309.3,154.0,SPERANZA,IMO0000000,WDM6084,36,,13,4,,,B
368222030,2022-01-03T00:37:03,29.66903,-81.21566,0.0,309.3,154.0,SPERANZA,IMO0000000,WDM6084,36,,13,4,,,B
368222030,2022-01-03T00:40:00,29.66902,-81.21566,0.0,309.3,152.0,SPERANZA,IMO0000000,WDM6084,36,,13,4,,,B
368222030,2022-01-03T00:43:09,29.66901,-81.21568,0.0,309.3,153.0,SPERANZA,IMO0000000,WDM6084,36,,13,4,,,B
368222030,2022-01-03T00:49:03,29.66900,-81.21566,0.0,309.3,155.0,SPERANZA,IMO0000000,WDM6084,36,,13,4,,,B
368222030,2022-01-03T01:01:01,29.66902,-81.21567,0.0,351.3,155.0,SPERANZA,IMO0000000,WDM6084,36,,13,4,,,B
368222030,2022-01-03T01:28:06,29.66902,-81.21568,0.0,251.3,150.0,SPERANZA,IMO0000000,WDM6084,36,,13,4,,,B
368222030,2022-01-03T02:04:07,29.66901,-81.21567,0.0,249.6,154.0,SPERANZA,IMO0000000,WDM6084,36,,13,4,,,B
368222030,2022-01-03T03:16:02,29.66901,-81.21565,0.0,256.1,153.0,SPERANZA,IMO0000000,WDM6084,36,,13,4,,,B
368222030,2022-01-03T04:52:05,29.66902,-81.21568,0.0,1.5,150.0,SPERANZA,IMO0000000,WDM6084,36,,13,4,,,B
368222030,2022-01-03T04:58:09,29.66901,-81.21567,0.0,1.5,150.0,SPERANZA,IMO0000000,WDM6084,36,,13,4,,,B
368222030,2022-01-03T04:31:08,29.66902,-81.21566,0.0,334.4,153.0,SPERANZA,IMO0000000,WDM6084,36,,13,4,,,B
368222030,2022-01-03T05:04:03,29.66900,-81.21567,0.0,26.2,149.0,SPERANZA,IMO0000000,WDM6084,36,,13,4,,,B
368222030,2022-01-04T01:05:18,29.66902,-81.21564,0.0,197.4,143.0,SPERANZA,IMO0000000,WDM6084,36,,13,4,,,B
368222030,2022-01-04T04:26:16,29.66902,-81.21567,0.0,197.4,140.0,SPERANZA,IMO0000000,WDM6084,36,,13,4,,,B
368222030,2022-01-04T05:29:16,29.66902,-81.21566,0.0,197.4,141.0,SPERANZA,IMO0000000,WDM6084,36,,13,4,,,B
368222030,2022-01-04T05:26:21,29.66900,-81.21565,0.0,197.4,140.0,SPERANZA,IMO0000000,WDM6084,36,,13,4,,,B
368222030,2022-01-04T11:56:17,29.66902,-81.21564,0.0,76.4,144.0,SPERANZA,IMO0000000,WDM6084,36,,13,4,,,B
368222030,2022-01-04T13:08:22,29.66900,-81.21565,0.0,76.4,148.0,SPERANZA,IMO0000000,WDM6084,36,,13,4,,,B
368222030,2022-01-04T19:35:18,29.66900,-81.21566,0.0,174.0,167.0,SPERANZA,IMO0000000,WDM6084,36,,13,4,,,B
368222030,2022-01-04T21:41:14,29.66900,-81.21567,0.0,212.3,161.0,SPERANZA,IMO0000000,WDM6084,36,,13,4,,,B
368222030,2022-01-04T19:29:15,29.66900,-81.21564,0.0,174.0,165.0,SPERANZA,IMO0000000,WDM6084,36,,13,4,,,B
368222030,2022-01-04T19:59:19,29.66902,-81.21565,0.0,174.0,159.0,SPERANZA,IMO0000000,WDM6084,36,,13,4,,,B
368222030,2022-01-05T00:32:23,29.66900,-81.21566,0.0,216.3,155.0,SPERANZA,IMO0000000,WDM6084,36,,13,4,,,B
368222030,2022-01-05T00:38:15,29.66900,-81.21565,0.0,216.3,154.0,SPERANZA,IMO0000000,WDM6084,36,,13,4,,,B
368222030,2022-01-05T00:44:19,29.66899,-81.21564,0.0,216.3,155.0,SPERANZA,IMO0000000,WDM6084,36,,13,4,,,B
368222030,2022-01-05T00:47:15,29.66900,-81.21565,0.0,216.3,154.0,SPERANZA,IMO0000000,WDM6084,36,,13,4,,,B
368222030,2022-01-05T01:17:15,29.66901,-81.21567,0.0,133.6,154.0,SPERANZA,IMO0000000,WDM6084,36,,13,4,,,B
368222030,2022-01-05T01:56:18,29.66901,-81.21566,0.0,239.8,156.0,SPERANZA,IMO0000000,WDM6084,36,,13,4,,,B
368222030,2022-01-05T03:17:19,29.66904,-81.21565,0.0,180.5,152.0,SPERANZA,IMO0000000,WDM6084,36,,13,4,,,B
368222030,2022-01-05T03:38:23,29.66902,-81.21567,0.0,180.5,154.0,SPERANZA,IMO0000000,WDM6084,36,,13,4,,,B
368222030,2022-01-05T03:23:23,29.66901,-81.21566,0.0,180.5,152.0,SPERANZA,IMO0000000,WDM6084,36,,13,4,,,B
368222030,2022-01-05T03:50:15,29.66901,-81.21568,0.0,180.5,157.0,SPERANZA,IMO0000000,WDM6084,36,,13,4,,,B
368222030,2022-01-05T04:59:16,29.66901,-81.21565,0.0,203.4,153.0,SPERANZA,IMO0000000,WDM6084,36,,13,4,,,B
368222030,2022-01-05T05:41:19,29.66902,-81.21565,0.0,107.6,152.0,SPERANZA,IMO0000000,WDM6084,36,,13,4,,,B
368222030,2022-01-05T05:56:18,29.66900,-81.21564,0.0,107.6,151.0,SPERANZA,IMO0000000,WDM6084,36,,13,4,,,B
368222030,2022-01-05T05:38:14,29.66900,-81.21567,0.0,203.4,153.0,SPERANZA,IMO0000000,WDM6084,36,,13,4,,,B
368222030,2022-01-05T05:50:22,29.66900,-81.21566,0.0,107.6,151.0,SPERANZA,IMO0000000,WDM6084,36,,13,4,,,B
368222030,2022-01-05T02:23:20,29.66900,-81.21565,0.0,239.8,156.0,SPERANZA,IMO0000000,WDM6084,36,,13,4,,,B
368222030,2022-01-05T05:53:20,29.66901,-81.21567,0.0,107.6,150.0,SPERANZA,IMO0000000,WDM6084,36,,13,4,,,B
368222030,2022-01-05T06:11:20,29.66900,-81.21565,0.0,107.6,152.0,SPERANZA,IMO0000000,WDM6084,36,,13,4,,,B
368222030,2022-01-05T06:47:18,29.66900,-81.21565,0.0,119.4,149.0,SPERANZA,IMO0000000,WDM6084,36,,13,4,,,B
368222030,2022-01-05T12:02:19,29.66900,-81.21564,0.0,236.0,147.0,SPERANZA,IMO0000000,WDM6084,36,,13,4,,,B
368222030,2022-01-05T12:23:17,29.66900,-81.21566,0.0,236.0,147.0,SPERANZA,IMO0000000,WDM6084,36,,13,4,,,B
368222030,2022-01-05T12:29:23,29.66902,-81.21566,0.0,236.0,147.0,SPERANZA,IMO0000000,WDM6084,36,,13,4,,,B
368222030,2022-01-05T12:50:21,29.66900,-81.21565,0.0,342.3,143.0,SPERANZA,IMO0000000,WDM6084,36,,13,4,,,B
368222030,2022-01-05T12:44:19,29.66901,-81.21567,0.0,236.0,145.0,SPERANZA,IMO0000000,WDM6084,36,,13,4,,,B
368222030,2022-01-05T12:47:16,29.66899,-81.21567,0.0,342.3,144.0,SPERANZA,IMO0000000,WDM6084,36,,13,4,,,B
368222030,2022-01-05T13:02:23,29.66900,-81.21567,0.0,333.0,143.0,SPERANZA,IMO0000000,WDM6084,36,,13,4,,,B
368222030,2022-01-05T13:05:23,29.66901,-81.21566,0.0,202.3,144.0,SPERANZA,IMO0000000,WDM6084,36,,13,4,,,B
368222030,2022-01-05T13:11:20,29.66900,-81.21566,0.0,202.3,144.0,SPERANZA,IMO0000000,WDM6084,36,,13,4,,,B
368222030,2022-01-05T13:37:51,29.63761,-81.21228,6.6,167.7,148.0,SPERANZA,IMO0000000,WDM6084,36,,13,4,,,B
368222030,2022-01-05T13:36:16,29.64047,-81.21323,6.8,159.4,140.0,SPERANZA,IMO0000000,WDM6084,36,,13,4,,,B
368222030,2022-01-05T13:24:47,29.66212,-81.21779,6.6,181.3,161.0,SPERANZA,IMO0000000,WDM6084,36,,13,4,,,B
368222030,2022-01-05T13:32:16,29.64786,-81.21554,6.5,164.4,144.0,SPERANZA,IMO0000000,WDM6084,36,,13,4,,,B
368222030,2022-01-05T13:28:15,29.65537,-81.21770,7.1,178.8,156.0,SPERANZA,IMO0000000,WDM6084,36,,13,4,,,B
368222030,2022-01-05T13:53:19,29.61063,-81.20353,6.4,162.2,144.0,SPERANZA,IMO0000000,WDM6084,36,,13,4,,,B
368222030,2022-01-05T13:30:16,29.65147,-81.21692,7.0,164.4,145.0,SPERANZA,IMO0000000,WDM6084,36,,13,4,,,B
368222030,2022-01-05T13:46:21,29.62229,-81.20861,6.5,167.2,148.0,SPERANZA,IMO0000000,WDM6084,36,,13,4,,,B
368222030,2022-01-05T13:47:48,29.61979,-81.20772,6.4,160.0,142.0,SPERANZA,IMO0000000,WDM6084,36,,13,4,,,B
368222030,2022-01-05T13:41:51,29.63030,-81.21048,6.7,168.6,148.0,SPERANZA,IMO0000000,WDM6084,36,,13,4,,,B
368222030,2022-01-05T13:43:21,29.62759,-81.20980,6.5,164.4,144.0,SPERANZA,IMO0000000,WDM6084,36,,13,4,,,B
368222030,2022-01-05T13:59:19,29.60021,-81.20049,6.4,163.5,145.0,SPERANZA,IMO0000000,WDM6084,36,,13,4,,,B
368222030,2022-01-05T13:44:48,29.62501,-81.20925,6.5,168.6,148.0,SPERANZA,IMO0000000,WDM6084,36,,13,4,,,B
368222030,2022-01-05T13:54:46,29.60811,-81.20282,6.3,167.7,147.0,SPERANZA,IMO0000000,WDM6084,36,,13,4,,,B
368222030,2022-01-05T13:51:46,29.61328,-81.20456,6.4,159.0,140.0,SPERANZA,IMO0000000,WDM6084,36,,13,4,,,B
368222030,2022-01-05T13:56:19,29.60540,-81.20200,6.3,166.4,146.0,SPERANZA,IMO0000000,WDM6084,36,,13,4,,,B
368222030,2022-01-05T14:20:19,29.56487,-81.18536,6.4,146.5,129.0,SPERANZA,IMO0000000,WDM6084,36,,13,4,,,B
368222030,2022-01-05T14:06:47,29.58741,-81.19542,6.5,161.5,143.0,SPERANZA,IMO0000000,WDM6084,36,,13,4,,,B
368222030,2022-01-05T14:10:18,29.58152,-81.19247,6.5,157.4,142.0,SPERANZA,IMO0000000,WDM6084,36,,13,4,,,B
368222030,2022-01-05T14:01:46,29.59604,-81.19882,6.5,162.0,144.0,SPERANZA,IMO0000000,WDM6084,36,,13,4,,,B
368222030,2022-01-05T14:03:47,29.59253,-81.19750,6.5,163.2,145.0,SPERANZA,IMO0000000,WDM6084,36,,13,4,,,B
368222030,2022-01-05T14:05:21,29.58986,-81.19642,6.4,160.4,143.0,SPERANZA,IMO0000000,WDM6084,36,,13,4,,,B
368222030,2022-01-05T14:12:20,29.57805,-81.19100,6.5,158.5,142.0,SPERANZA,IMO0000000,WDM6084,36,,13,4,,,B
368222030,2022-01-05T14:14:51,29.57387,-81.18916,6.2,156.9,132.0,SPERANZA,IMO0000000,WDM6084,36,,13,4,,,B
368222030,2022-01-05T14:39:50,29.53875,-81.16185,6.4,156.8,140.0,SPERANZA,IMO0000000,WDM6084,36,,13,4,,,B
368222030,2022-01-05T14:18:20,29.56813,-81.18676,6.2,156.6,139.0,SPERANZA,IMO0000000,WDM6084,36,,13,4,,,B
368222030,2022-01-05T14:26:46,29.55932,-81.17411,6.4,121.6,108.0,SPERANZA,IMO0000000,WDM6084,36,,13,4,,,B
368222030,2022-01-05T14:22:19,29.56252,-81.18242,6.3,123.0,108.0,SPERANZA,IMO0000000,WDM6084,36,,13,4,,,B
368222030,2022-01-05T14:30:21,29.55453,-81.16949,6.3,153.2,140.0,SPERANZA,IMO0000000,WDM6084,36,,13,4,,,B
368222030,2022-01-05T14:23:47,29.56144,-81.17969,6.4,110.2,97.0,SPERANZA,IMO0000000,WDM6084,36,,13,4,,,B
368222030,2022-01-05T14:25:21,29.56040,-81.17673,6.4,114.8,101.0,SPERANZA,IMO0000000,WDM6084,36,,13,4,,,B
368222030,2022-01-05T14:28:21,29.55751,-81.17163,6.4,143.1,126.0,SPERANZA,IMO0000000,WDM6084,36,,13,4,,,B
368222030,2022-01-05T14:52:17,29.51884,-81.15137,6.5,162.1,151.0,SPERANZA,IMO0000000,WDM6084,36,,13,4,,,B
368222030,2022-01-05T14:33:46,29.54888,-81.16670,6.5,159.1,142.0,SPERANZA,IMO0000000,WDM6084,36,,13,4,,,B
368222030,2022-01-05T14:43:19,29.53332,-81.15842,6.4,130.3,116.0,SPERANZA,IMO0000000,WDM6084,36,,13,4,,,B
368222030,2022-01-05T14:55:17,29.51360,-81.14945,6.5,158.3,143.0,SPERANZA,IMO0000000,WDM6084,36,,13,4,,,B
368222030,2022-01-05T14:58:17,29.50837,-81.14748,6.6,161.1,146.0,SPERANZA,IMO0000000,WDM6084,36,,13,4,,,B
368222030,2022-01-05T14:49:19,29.52393,-81.15324,6.4,161.9,145.0,SPERANZA,IMO0000000,WDM6084,36,,13,4,,,B
368222030,2022-01-05T14:41:50,29.53543,-81.16030,6.5,154.9,141.0,SPERANZA,IMO0000000,WDM6084,36,,13,4,,,B
368222030,2022-01-05T14:47:19,29.52736,-81.15428,6.2,155.9,141.0,SPERANZA,IMO0000000,WDM6084,36,,13,4,,,B
368222030,2022-01-05T14:56:49,29.51095,-81.14839,6.6,162.7,149.0,SPERANZA,IMO0000000,WDM6084,36,,13,4,,,B
368222030,2022-01-05T15:18:50,29.47256,-81.13485,6.6,164.7,149.0,SPERANZA,IMO0000000,WDM6084,36,,13,4,,,B
368222030,2022-01-05T15:00:49,29.50399,-81.14575,6.6,164.3,146.0,SPERANZA,IMO0000000,WDM6084,36,,13,4,,,B
368222030,2022-01-05T15:21:50,29.46770,-81.13345,4.6,164.5,151.0,SPERANZA,IMO0000000,WDM6084,36,,13,4,,,B
368222030,2022-01-05T15:09:19,29.48927,-81.14045,6.4,162.9,148.0,SPERANZA,IMO0000000,WDM6084,36,,13,4,,,B
368222030,2022-01-05T15:11:19,29.48579,-81.13929,6.4,163.6,156.0,SPERANZA,IMO0000000,WDM6084,36,,13,4,,,B
368222030,2022-01-05T15:30:18,29.45323,-81.12739,6.8,158.3,149.0,SPERANZA,IMO0000000,WDM6084,36,,13,4,,,B
368222030,2022-01-05T15:13:17,29.48233,-81.13821,6.6,164.9,163.0,SPERANZA,IMO0000000,WDM6084,36,,13,4,,,B
368222030,2022-01-05T15:23:19,29.46565,-81.13271,6.5,163.9,158.0,SPERANZA,IMO0000000,WDM6084,36,,13,4,,,B
368222030,2022-01-05T15:40:51,29.43816,-81.11311,6.6,152.3,143.0,SPERANZA,IMO0000000,WDM6084,36,,13,4,,,B
368222030,2022-01-05T15:25:19,29.46215,-81.13129,6.8,154.2,146.0,SPERANZA,IMO0000000,WDM6084,36,,13,4,,,B
368222030,2022-01-05T15:35:19,29.44661,-81.11971,6.7,135.8,124.0,SPERANZA,IMO0000000,WDM6084,36,,13,4,,,B
368222030,2022-01-05T15:37:20,29.44368,-81.11703,6.6,142.7,138.0,SPERANZA,IMO0000000,WDM6084,36,,13,4,,,B
368222030,2022-01-05T15:28:18,29.45679,-81.12897,6.8,159.7,152.0,SPERANZA,IMO0000000,WDM6084,36,,13,4,,,B
368222030,2022-01-05T15:39:20,29.44053,-81.11477,6.6,153.1,141.0,SPERANZA,IMO0000000,WDM6084,36,,13,4,,,B
368222030,2022-01-05T15:31:46,29.45112,-81.12536,6.8,134.6,134.0,SPERANZA,IMO0000000,WDM6084,36,,13,4,,,B
368222030,2022-01-05T15:33:19,29.44917,-81.12286,6.7,130.2,126.0,SPERANZA,IMO0000000,WDM6084,36,,13,4,,,B
368222030,2022-01-05T15:53:50,29.41597,-81.10512,6.2,172.9,159.0,SPERANZA,IMO0000000,WDM6084,36,,13,4,,,B
368222030,2022-01-05T15:43:20,29.43397,-81.11108,6.5,160.6,152.0,SPERANZA,IMO0000000,WDM6084,36,,13,4,,,B
368222030,2022-01-05T15:45:47,29.42989,-81.10903,6.5,156.0,143.0,SPERANZA,IMO0000000,WDM6084,36,,13,4,,,B
368222030,2022-01-05T16:00:18,29.40646,-81.09939,6.2,144.6,138.0,SPERANZA,IMO0000000,WDM6084,36,,13,4,,,B
368222030,2022-01-05T15:51:20,29.42024,-81.10606,6.3,171.7,167.0,SPERANZA,IMO0000000,WDM6084,36,,13,4,,,B
368222030,2022-01-05T15:49:20,29.42372,-81.10685,6.4,169.9,157.0,SPERANZA,IMO0000000,WDM6084,36,,13,4,,,B
368222030,2022-01-05T15:58:20,29.40927,-81.10150,5.9,144.4,134.0,SPERANZA,IMO0000000,WDM6084,36,,13,4,,,B
368222030,2022-01-05T16:10:47,29.39013,-81.09131,6.0,148.7,152.0,SPERANZA,IMO0000000,WDM6084,36,,13,4,,,B
368222030,2022-01-05T15:56:48,29.41131,-81.10331,5.9,143.6,138.0,SPERANZA,IMO0000000,WDM6084,36,,13,4,,,B
368222030,2022-01-05T16:02:18,29.40334,-81.09779,6.0,163.8,161.0,SPERANZA,IMO0000000,WDM6084,36,,13,4,,,B
368222030,2022-01-05T15:59:48,29.40718,-81.09994,6.2,149.4,141.0,SPERANZA,IMO0000000,WDM6084,36,,13,4,,,B
368222030,2022-01-05T15:55:20,29.41345,-81.10459,6.1,171.6,161.0,SPERANZA,IMO0000000,WDM6084,36,,13,4,,,B
368222030,2022-01-05T16:15:49,29.38221,-81.08833,5.9,154.7,153.0,SPERANZA,IMO0000000,WDM6084,36,,13,4,,,B
368222030,2022-01-05T16:05:48,29.39775,-81.09556,6.0,157.9,145.0,SPERANZA,IMO0000000,WDM6084,36,,13,4,,,B
368222030,2022-01-05T16:09:18,29.39242,-81.09251,6.1,152.4,140.0,SPERANZA,IMO0000000,WDM6084,36,,13,4,,,B
368222030,2022-01-05T16:07:18,29.39548,-81.09425,6.1,151.9,150.0,SPERANZA,IMO0000000,WDM6084,36,,13,4,,,B
368222030,2022-01-05T16:14:19,29.38462,-81.08908,5.9,160.9,157.0,SPERANZA,IMO0000000,WDM6084,36,,13,4,,,B
368222030,2022-01-05T16:12:19,29.38772,-81.09042,6.0,165.1,165.0,SPERANZA,IMO0000000,WDM6084,36,,13,4,,,B
368222030,2022-01-05T16:24:17,29.36863,-81.08275,6.0,159.7,156.0,SPERANZA,IMO0000000,WDM6084,36,,13,4,,,B
368222030,2022-01-05T16:37:20,29.34794,-81.07411,6.0,161.9,158.0,SPERANZA,IMO0000000,WDM6084,36,,13,4,,,B
368222030,2022-01-05T16:17:19,29.37986,-81.08729,6.0,160.0,150.0,SPERANZA,IMO0000000,WDM6084,36,,13,4,,,B
368222030,2022-01-05T16:26:50,29.36461,-81.08106,5.9,159.5,161.0,SPERANZA,IMO0000000,WDM6084,36,,13,4,,,B
368222030,2022-01-05T16:30:50,29.35823,-81.07850,6.0,163.6,155.0,SPERANZA,IMO0000000,WDM6084,36,,13,4,,,B
368222030,2022-01-05T16:28:16,29.36232,-81.08013,6.0,162.3,158.0,SPERANZA,IMO0000000,WDM6084,36,,13,4,,,B
368222030,2022-01-05T16:55:19,29.31894,-81.06364,6.0,165.2,154.0,SPERANZA,IMO0000000,WDM6084,36,,13,4,,,B
368222030,2022-01-05T16:58:19,29.31403,-81.06214,6.1,159.3,149.0,SPERANZA,IMO0000000,WDM6084,36,,13,4,,,B
368222030,2022-01-05T17:37:21,29.25413,-81.03489,5.8,154.4,142.0,SPERANZA,IMO0000000,WDM6084,36,,13,4,,,B
368222030,2022-01-05T17:33:19,29.26003,-81.03827,6.1,155.1,149.0,SPERANZA,IMO0000000,WDM6084,36,,13,4,,,B
368222030,2022-01-05T17:57:20,29.22446,-81.01964,5.7,160.7,153.0,SPERANZA,IMO0000000,WDM6084,36,,13,4,,,B
368222030,2022-01-05T17:41:21,29.24822,-81.03191,5.9,154.8,144.0,SPERANZA,IMO0000000,WDM6084,36,,13,4,,,B
368222030,2022-01-05T18:05:50,29.21372,-81.01270,5.5,149.2,134.0,SPERANZA,IMO0000000,WDM6084,36,,13,4,,,B
368222030,2022-01-05T18:11:19,29.20644,-81.00832,5.6,149.0,145.0,SPERANZA,IMO0000000,WDM6084,36,,13,4,,,B
368222030,2022-01-05T17:48:19,29.23766,-81.02642,5.9,156.1,158.0,SPERANZA,IMO0000000,WDM6084,36,,13,4,,,B
368222030,2022-01-05T18:09:19,29.20924,-81.01006,5.7,153.4,141.0,SPERANZA,IMO0000000,WDM6084,36,,13,4,,,B
368222030,2022-01-05T17:59:18,29.22149,-81.01852,6.3,157.5,148.0,SPERANZA,IMO0000000,WDM6084,36,,13,4,,,B
368222030,2022-01-05T18:25:19,29.18602,-80.99721,6.5,160.2,154.0,SPERANZA,IMO0000000,WDM6084,36,,13,4,,,B
368222030,2022-01-05T18:03:18,29.21635,-81.01520,2.5,136.8,130.0,SPERANZA,IMO0000000,WDM6084,36,,13,4,,,B
368222030,2022-01-05T18:27:46,29.18176,-80.99540,6.5,166.8,158.0,SPERANZA,IMO0000000,WDM6084,36,,13,4,,,B
368222030,2022-01-05T18:19:49,29.19507,-81.00153,4.4,155.8,143.0,SPERANZA,IMO0000000,WDM6084,36,,13,4,,,B
368222030,2022-01-05T18:34:48,29.16980,-80.98862,6.9,148.4,143.0,SPERANZA,IMO0000000,WDM6084,36,,13,4,,,B
368222030,2022-01-05T18:28:48,29.17993,-80.99468,6.7,158.4,149.0,SPERANZA,IMO0000000,WDM6084,36,,13,4,,,B
368222030,2022-01-05T18:30:19,29.17728,-80.99340,6.7,151.8,147.0,SPERANZA,IMO0000000,WDM6084,36,,13,4,,,B
368222030,2022-01-05T18:41:19,29.15884,-80.98161,7.0,149.2,141.0,SPERANZA,IMO0000000,WDM6084,36,,13,4,,,B
368222030,2022-01-05T18:46:19,29.15005,-80.97642,7.3,150.1,145.0,SPERANZA,IMO0000000,WDM6084,36,,13,4,,,B
368222030,2022-01-05T18:33:19,29.17231,-80.99013,6.9,153.1,155.0,SPERANZA,IMO0000000,WDM6084,36,,13,4,,,B
368222030,2022-01-05T18:36:16,29.16744,-80.98683,6.9,149.9,151.0,SPERANZA,IMO0000000,WDM6084,36,,13,4,,,B
368222030,2022-01-05T19:08:46,29.11060,-80.95462,8.3,159.3,149.0,SPERANZA,IMO0000000,WDM6084,36,,13,4,,,B
368222030,2022-01-05T19:13:18,29.10053,-80.95092,8.3,162.2,154.0,SPERANZA,IMO0000000,WDM6084,36,,13,4,,,B
368222030,2022-01-05T18:49:18,29.14568,-80.97388,5.9,154.9,145.0,SPERANZA,IMO0000000,WDM6084,36,,13,4,,,B
368222030,2022-01-05T18:40:16,29.16061,-80.98279,6.9,150.4,154.0,SPERANZA,IMO0000000,WDM6084,36,,13,4,,,B
368222030,2022-01-05T18:57:21,29.13257,-80.96753,7.6,159.8,148.0,SPERANZA,IMO0000000,WDM6084,36,,13,4,,,B
368222030,2022-01-05T19:10:18,29.10722,-80.95336,8.3,163.9,151.0,SPERANZA,IMO0000000,WDM6084,36,,13,4,,,B
368222030,2022-01-05T18:47:50,29.14779,-80.97506,5.5,155.1,157.0,SPERANZA,IMO0000000,WDM6084,36,,13,4,,,B
368222030,2022-01-05T19:11:50,29.10375,-80.95217,8.4,162.4,153.0,SPERANZA,IMO0000000,WDM6084,36,,13,4,,,B
368222030,2022-01-05T18:50:50,29.14352,-80.97275,4.1,157.1,147.0,SPERANZA,IMO0000000,WDM6084,36,,13,4,,,B
368222030,2022-01-05T18:53:47,29.13953,-80.97036,7.3,150.5,143.0,SPERANZA,IMO0000000,WDM6084,36,,13,4,,,B
368222030,2022-01-05T18:55:21,29.13664,-80.96883,7.4,159.5,153.0,SPERANZA,IMO0000000,WDM6084,36,,13,4,,,B
368222030,2022-01-05T19:14:50,29.09703,-80.94989,8.4,168.6,160.0,SPERANZA,IMO0000000,WDM6084,36,,13,4,,,B
368222030,2022-01-05T19:07:19,29.11358,-80.95652,8.4,144.9,136.0,SPERANZA,IMO0000000,WDM6084,36,,13,4,,,B
368222030,2022-01-05T19:37:46,29.05729,-80.92280,7.8,93.3,87.0,SPERANZA,IMO0000000,WDM6084,36,,13,4,,,B
368222030,2022-01-05T19:36:16,29.05793,-80.92648,7.6,108.3,104.0,SPERANZA,IMO0000000,WDM6084,36,,13,4,,,B
368222030,2022-01-05T19:43:17,29.05573,-80.91116,5.3,136.3,128.0,SPERANZA,IMO0000000,WDM6084,36,,13,4,,,B
368222030,2022-01-05T19:40:18,29.05737,-80.91636,8.1,86.0,77.0,SPERANZA,IMO0000000,WDM6084,36,,13,4,,,B
368222030,2022-01-05T19:44:18,29.05463,-80.91000,5.4,137.9,135.0,SPERANZA,IMO0000000,WDM6084,36,,13,4,,,B
368222030,2022-01-05T19:27:21,29.07174,-80.94087,8.0,157.5,150.0,SPERANZA,IMO0000000,WDM6084,36,,13,4,,,B
368222030,2022-01-05T19:30:47,29.06459,-80.93697,8.4,152.9,146.0,SPERANZA,IMO0000000,WDM6084,36,,13,4,,,B
368222030,2022-01-05T19:25:49,29.07481,-80.94270,8.1,148.0,139.0,SPERANZA,IMO0000000,WDM6084,36,,13,4,,,B
368222030,2022-01-05T19:53:18,29.04459,-80.90477,2.8,187.9,175.0,SPERANZA,IMO0000000,WDM6084,36,,13,4,,,B
368222030,2022-01-05T19:50:16,29.04754,-80.90502,4.3,162.0,153.0,SPERANZA,IMO0000000,WDM6084,36,,13,4,,,B
368222030,2022-01-05T19:54:49,29.04350,-80.90510,2.0,190.7,176.0,SPERANZA,IMO0000000,WDM6084,36,,13,4,,,B
368222030,2022-01-05T20:05:50,29.03773,-80.90537,4.6,188.6,179.0,SPERANZA,IMO0000000,WDM6084,36,,13,4,,,B
368222030,2022-01-05T20:17:20,29.02631,-80.91705,5.3,230.5,208.0,SPERANZA,IMO0000000,WDM6084,36,,13,4,,,B
368222030,2022-01-05T19:46:17,29.05220,-80.90803,5.2,148.9,142.0,SPERANZA,IMO0000000,WDM6084,36,,13,4,,,B
368222030,2022-01-05T19:48:49,29.04928,-80.90581,4.7,149.4,143.0,SPERANZA,IMO0000000,WDM6084,36,,13,4,,,B
368222030,2022-01-05T20:13:18,29.02908,-80.91126,5.0,228.7,208.0,SPERANZA,IMO0000000,WDM6084,36,,13,4,,,B
368222030,2022-01-05T19:58:15,29.04228,-80.90488,0.0,130.9,173.0,SPERANZA,IMO0000000,WDM6084,36,,13,4,,,B
368222030,2022-01-05T20:23:49,29.02732,-80.92042,0.4,350.5,310.0,SPERANZA,IMO0000000,WDM6084,36,,13,4,,,B
368222030,2022-01-05T20:29:51,29.02732,-80.92043,0.1,144.0,300.0,SPERANZA,IMO0000000,WDM6084,36,,13,4,,,B
368222030,2022-01-05T20:07:17,29.03585,-80.90570,4.7,196.5,183.0,SPERANZA,IMO0000000,WDM6084,36,,13,4,,,B
368222030,2022-01-05T20:09:17,29.03337,-80.90701,5.0,207.1,194.0,SPERANZA,IMO0000000,WDM6084,36,,13,4,,,B
368222030,2022-01-05T20:01:18,29.04191,-80.90498,4.0,183.9,179.0,SPERANZA,IMO0000000,WDM6084,36,,13,4,,,B
368222030,2022-01-05T20:03:17,29.04073,-80.90502,1.8,185.7,178.0,SPERANZA,IMO0000000,WDM6084,36,,13,4,,,B
368222030,2022-01-05T20:14:47,29.02789,-80.91320,5.2,237.4,216.0,SPERANZA,IMO0000000,WDM6084,36,,13,4,,,B
368222030,2022-01-05T20:19:20,29.02732,-80.91888,5.3,354.9,323.0,SPERANZA,IMO0000000,WDM6084,36,,13,4,,,B
368222030,2022-01-05T20:26:49,29.02733,-80.92042,0.0,113.8,300.0,SPERANZA,IMO0000000,WDM6084,36,,13,4,,,B
368222030,2022-01-05T20:16:18,29.02721,-80.91565,5.4,245.8,223.0,SPERANZA,IMO0000000,WDM6084,36,,13,4,,,B
368222030,2022-01-05T20:35:49,29.02731,-80.92043,0.0,167.6,306.0,SPERANZA,IMO0000000,WDM6084,36,,13,4,,,B
368222030,2022-01-05T21:08:46,29.02733,-80.92041,0.0,322.2,308.0,SPERANZA,IMO0000000,WDM6084,36,,13,4,,,B
368222030,2022-01-05T20:53:50,29.02735,-80.92042,0.0,322.2,308.0,SPERANZA,IMO0000000,WDM6084,36,,13,4,,,B
368222030,2022-01-05T20:56:51,29.02734,-80.92041,0.0,322.2,308.0,SPERANZA,IMO0000000,WDM6084,36,,13,4,,,B
368222030,2022-01-05T21:20:53,29.02734,-80.92043,0.0,322.2,309.0,SPERANZA,IMO0000000,WDM6084,36,,13,4,,,B
368222030,2022-01-05T21:02:49,29.02734,-80.92039,0.0,322.2,311.0,SPERANZA,IMO0000000,WDM6084,36,,13,4,,,B
368222030,2022-01-05T21:29:47,29.02734,-80.92043,0.0,322.2,308.0,SPERANZA,IMO0000000,WDM6084,36,,13,4,,,B
368222030,2022-01-05T22:05:50,29.02733,-80.92041,0.0,322.2,311.0,SPERANZA,IMO0000000,WDM6084,36,,13,4,,,B
368222030,2022-01-05T22:08:47,29.02731,-80.92043,0.0,322.2,310.0,SPERANZA,IMO0000000,WDM6084,36,,13,4,,,B
368222030,2022-01-05T22:14:46,29.02731,-80.92040,0.0,322.2,311.0,SPERANZA,IMO0000000,WDM6084,36,,13,4,,,B
368222030,2022-01-05T21:44:53,29.02734,-80.92043,0.0,322.2,309.0,SPERANZA,IMO0000000,WDM6084,36,,13,4,,,B
368222030,2022-01-05T22:02:53,29.02732,-80.92042,0.0,322.2,309.0,SPERANZA,IMO0000000,WDM6084,36,,13,4,,,B
368222030,2022-01-05T22:26:50,29.02733,-80.92042,0.0,297.5,313.0,SPERANZA,IMO0000000,WDM6084,36,,13,4,,,B
368222030,2022-01-05T22:32:52,29.02731,-80.92043,0.0,297.5,311.0,SPERANZA,IMO0000000,WDM6084,36,,13,4,,,B
368222030,2022-01-05T22:56:48,29.02731,-80.92043,0.0,297.5,307.0,SPERANZA,IMO0000000,WDM6084,36,,13,4,,,B
368222030,2022-01-05T22:44:47,29.02733,-80.92042,0.0,297.5,308.0,SPERANZA,IMO0000000,WDM6084,36,,13,4,,,B
368222030,2022-01-05T23:05:47,29.02734,-80.92044,0.0,297.5,309.0,SPERANZA,IMO0000000,WDM6084,36,,13,4,,,B
368222030,2022-01-05T23:02:49,29.02730,-80.92041,0.0,297.5,310.0,SPERANZA,IMO0000000,WDM6084,36,,13,4,,,B
368222030,2022-01-05T23:11:50,29.02732,-80.92042,0.0,297.5,312.0,SPERANZA,IMO0000000,WDM6084,36,,13,4,,,B
368222030,2022-01-05T22:47:48,29.02734,-80.92042,0.0,297.5,309.0,SPERANZA,IMO0000000,WDM6084,36,,13,4,,,B
368222030,2022-01-05T22:50:44,29.02733,-80.92043,0.0,297.5,309.0,SPERANZA,IMO0000000,WDM6084,36,,13,4,,,B
368222030,2022-01-05T23:08:45,29.02733,-80.92041,0.0,297.5,311.0,SPERANZA,IMO0000000,WDM6084,36,,13,4,,,B
368222030,2022-01-05T23:35:48,29.02732,-80.92043,0.0,297.5,312.0,SPERANZA,IMO0000000,WDM6084,36,,13,4,,,B
368222030,2022-01-05T23:32:48,29.02733,-80.92042,0.0,297.5,311.0,SPERANZA,IMO0000000,WDM6084,36,,13,4,,,B
368222030,2022-01-05T23:38:44,29.02734,-80.92044,0.0,297.5,311.0,SPERANZA,IMO0000000,WDM6084,36,,13,4,,,B
368222030,2022-01-05T23:56:51,29.02734,-80.92041,0.0,297.5,310.0,SPERANZA,IMO0000000,WDM6084,36,,13,4,,,B
368222030,2022-01-05T13:20:21,29.66859,-81.21712,3.8,228.3,207.0,SPERANZA,IMO0000000,WDM6084,36,,13,4,,,B
368222030,2022-01-05T13:22:15,29.66643,-81.21742,4.5,184.6,157.0,SPERANZA,IMO0000000,WDM6084,36,,13,4,,,B
368222030,2022-01-05T13:26:15,29.65931,-81.21785,7.0,179.2,154.0,SPERANZA,IMO0000000,WDM6084,36,,13,4,,,B
368222030,2022-01-05T13:39:51,29.63394,-81.21139,6.6,166.5,147.0,SPERANZA,IMO0000000,WDM6084,36,,13,4,,,B
368222030,2022-01-05T13:57:46,29.60291,-81.20128,6.4,165.4,147.0,SPERANZA,IMO0000000,WDM6084,36,,13,4,,,B
368222030,2022-01-05T14:16:20,29.57144,-81.18815,6.3,158.6,142.0,SPERANZA,IMO0000000,WDM6084,36,,13,4,,,B
368222030,2022-01-05T14:37:19,29.54297,-81.16374,6.5,161.0,145.0,SPERANZA,IMO0000000,WDM6084,36,,13,4,,,B
368222030,2022-01-05T14:59:49,29.50570,-81.14643,6.5,160.4,146.0,SPERANZA,IMO0000000,WDM6084,36,,13,4,,,B
368222030,2022-01-05T15:15:17,29.47881,-81.13711,6.5,167.2,153.0,SPERANZA,IMO0000000,WDM6084,36,,13,4,,,B
368222030,2022-01-05T15:16:45,29.47621,-81.13615,6.5,156.7,144.0,SPERANZA,IMO0000000,WDM6084,36,,13,4,,,B
368222030,2022-01-05T16:04:18,29.40008,-81.09661,6.0,160.1,161.0,SPERANZA,IMO0000000,WDM6084,36,,13,4,,,B
368222030,2022-01-05T16:18:49,29.37747,-81.08631,6.1,161.1,158.0,SPERANZA,IMO0000000,WDM6084,36,,13,4,,,B
368222030,2022-01-05T16:21:47,29.37260,-81.08439,6.0,163.5,150.0,SPERANZA,IMO0000000,WDM6084,36,,13,4,,,B
368222030,2022-01-05T16:35:18,29.35111,-81.07552,6.0,160.0,153.0,SPERANZA,IMO0000000,WDM6084,36,,13,4,,,B
368222030,2022-01-05T18:52:18,29.14204,-80.97191,5.4,153.6,145.0,SPERANZA,IMO0000000,WDM6084,36,,13,4,,,B
368222030,2022-01-05T19:22:49,29.08082,-80.94619,7.9,154.5,143.0,SPERANZA,IMO0000000,WDM6084,36,,13,4,,,B
368222030,2022-01-05T19:33:16,29.05986,-80.93323,8.0,116.1,114.0,SPERANZA,IMO0000000,WDM6084,36,,13,4,,,B
368222030,2022-01-05T19:51:18,29.04642,-80.90476,3.7,181.5,171.0,SPERANZA,IMO0000000,WDM6084,36,,13,4,,,B
368222030,2022-01-05T20:21:20,29.02765,-80.91993,1.6,218.4,206.0,SPERANZA,IMO0000000,WDM6084,36,,13,4,,,B
368222030,2022-01-05T20:59:50,29.02733,-80.92041,0.0,322.2,308.0,SPERANZA,IMO0000000,WDM6084,36,,13,4,,,B
368222030,2022-01-05T21:41:45,29.02733,-80.92041,0.0,322.2,309.0,SPERANZA,IMO0000000,WDM6084,36,,13,4,,,B
368222030,2022-01-05T22:41:48,29.02733,-80.92043,0.0,297.5,310.0,SPERANZA,IMO0000000,WDM6084,36,,13,4,,,B
368222030,2022-01-05T23:50:51,29.02733,-80.92043,0.0,297.5,310.0,SPERANZA,IMO0000000,WDM6084,36,,13,4,,,B
368222030,2022-01-06T00:14:48,29.02732,-80.92042,0.0,202.4,313.0,SPERANZA,IMO0000000,WDM6084,36,,13,4,,,B
368222030,2022-01-06T00:20:49,29.02733,-80.92042,0.0,202.4,311.0,SPERANZA,IMO0000000,WDM6084,36,,13,4,,,B
368222030,2022-01-06T00:23:45,29.02733,-80.92042,0.0,202.4,310.0,SPERANZA,IMO0000000,WDM6084,36,,13,4,,,B
368222030,2022-01-06T00:26:48,29.02732,-80.92043,0.0,202.4,311.0,SPERANZA,IMO0000000,WDM6084,36,,13,4,,,B
368222030,2022-01-06T00:35:51,29.02735,-80.92041,0.0,202.4,312.0,SPERANZA,IMO0000000,WDM6084,36,,13,4,,,B
368222030,2022-01-06T00:38:43,29.02731,-80.92041,0.0,202.4,312.0,SPERANZA,IMO0000000,WDM6084,36,,13,4,,,B
368222030,2022-01-06T00:32:44,29.02734,-80.92043,0.0,202.4,310.0,SPERANZA,IMO0000000,WDM6084,36,,13,4,,,B
368222030,2022-01-06T00:41:53,29.02733,-80.92041,0.0,202.4,309.0,SPERANZA,IMO0000000,WDM6084,36,,13,4,,,B
368222030,2022-01-06T00:44:48,29.02734,-80.92040,0.0,146.9,312.0,SPERANZA,IMO0000000,WDM6084,36,,13,4,,,B
368222030,2022-01-06T00:56:49,29.02734,-80.92043,0.0,146.9,312.0,SPERANZA,IMO0000000,WDM6084,36,,13,4,,,B
368222030,2022-01-06T01:02:50,29.02734,-80.92041,0.0,146.9,311.0,SPERANZA,IMO0000000,WDM6084,36,,13,4,,,B
368222030,2022-01-06T01:08:45,29.02733,-80.92042,0.0,146.9,313.0,SPERANZA,IMO0000000,WDM6084,36,,13,4,,,B
368222030,2022-01-06T01:23:46,29.02733,-80.92042,0.0,146.9,311.0,SPERANZA,IMO0000000,WDM6084,36,,13,4,,,B
368222030,2022-01-06T01:32:52,29.02732,-80.92042,0.0,144.1,310.0,SPERANZA,IMO0000000,WDM6084,36,,13,4,,,B
368222030,2022-01-06T01:35:48,29.02732,-80.92043,0.0,144.1,310.0,SPERANZA,IMO0000000,WDM6084,36,,13,4,,,B
368222030,2022-01-06T01:17:53,29.02733,-80.92042,0.0,146.9,314.0,SPERANZA,IMO0000000,WDM6084,36,,13,4,,,B
368222030,2022-01-06T01:26:50,29.02733,-80.92042,0.0,105.7,311.0,SPERANZA,IMO0000000,WDM6084,36,,13,4,,,B
368222030,2022-01-06T01:38:47,29.02733,-80.92042,0.0,144.1,313.0,SPERANZA,IMO0000000,WDM6084,36,,13,4,,,B
368222030,2022-01-06T02:08:47,29.02732,-80.92043,0.0,112.3,313.0,SPERANZA,IMO0000000,WDM6084,36,,13,4,,,B
368222030,2022-01-06T01:59:51,29.02733,-80.92040,0.0,112.3,314.0,SPERANZA,IMO0000000,WDM6084,36,,13,4,,,B
368222030,2022-01-06T01:44:48,29.02731,-80.92045,0.0,144.1,312.0,SPERANZA,IMO0000000,WDM6084,36,,13,4,,,B
368222030,2022-01-06T01:56:52,29.02733,-80.92040,0.0,144.1,312.0,SPERANZA,IMO0000000,WDM6084,36,,13,4,,,B
368222030,2022-01-06T02:29:48,29.02733,-80.92042,0.0,112.3,315.0,SPERANZA,IMO0000000,WDM6084,36,,13,4,,,B
368222030,2022-01-06T02:26:52,29.02735,-80.92044,0.0,112.3,315.0,SPERANZA,IMO0000000,WDM6084,36,,13,4,,,B
368222030,2022-01-06T02:38:47,29.02734,-80.92045,0.0,112.3,317.0,SPERANZA,IMO0000000,WDM6084,36,,13,4,,,B
368222030,2022-01-06T02:20:47,29.02733,-80.92043,0.0,112.3,313.0,SPERANZA,IMO0000000,WDM6084,36,,13,4,,,B
368222030,2022-01-06T02:14:51,29.02732,-80.92043,0.0,112.3,315.0,SPERANZA,IMO0000000,WDM6084,36,,13,4,,,B
368222030,2022-01-06T03:17:53,29.02733,-80.92043,0.0,112.3,317.0,SPERANZA,IMO0000000,WDM6084,36,,13,4,,,B
368222030,2022-01-06T02:23:43,29.02733,-80.92043,0.0,112.3,316.0,SPERANZA,IMO0000000,WDM6084,36,,13,4,,,B
368222030,2022-01-06T03:14:45,29.02734,-80.92042,0.0,112.3,315.0,SPERANZA,IMO0000000,WDM6084,36,,13,4,,,B
368222030,2022-01-06T02:50:52,29.02733,-80.92045,0.0,112.3,317.0,SPERANZA,IMO0000000,WDM6084,36,,13,4,,,B
368222030,2022-01-06T03:32:46,29.02731,-80.92042,0.0,112.3,316.0,SPERANZA,IMO0000000,WDM6084,36,,13,4,,,B
368222030,2022-01-06T02:41:50,29.02731,-80.92040,0.0,112.3,316.0,SPERANZA,IMO0000000,WDM6084,36,,13,4,,,B
368222030,2022-01-06T03:38:48,29.02733,-80.92043,0.0,112.3,315.0,SPERANZA,IMO0000000,WDM6084,36,,13,4,,,B
368222030,2022-01-06T03:23:45,29.02734,-80.92043,0.0,112.3,314.0,SPERANZA,IMO0000000,WDM6084,36,,13,4,,,B
368222030,2022-01-06T03:50:48,29.02733,-80.92043,0.0,112.3,314.0,SPERANZA,IMO0000000,WDM6084,36,,13,4,,,B
368222030,2022-01-06T03:53:52,29.02733,-80.92040,0.0,112.3,315.0,SPERANZA,IMO0000000,WDM6084,36,,13,4,,,B
368222030,2022-01-06T04:02:45,29.02732,-80.92042,0.0,112.3,316.0,SPERANZA,IMO0000000,WDM6084,36,,13,4,,,B
368222030,2022-01-06T04:20:48,29.02733,-80.92043,0.0,112.3,315.0,SPERANZA,IMO0000000,WDM6084,36,,13,4,,,B
368222030,2022-01-06T04:08:51,29.02731,-80.92042,0.0,112.3,316.0,SPERANZA,IMO0000000,WDM6084,36,,13,4,,,B
368222030,2022-01-06T04:35:53,29.02735,-80.92043,0.0,112.3,315.0,SPERANZA,IMO0000000,WDM6084,36,,13,4,,,B
368222030,2022-01-06T04:29:46,29.02731,-80.92041,0.0,112.3,312.0,SPERANZA,IMO0000000,WDM6084,36,,13,4,,,B
368222030,2022-01-06T04:32:46,29.02732,-80.92041,0.0,112.3,313.0,SPERANZA,IMO0000000,WDM6084,36,,13,4,,,B
368222030,2022-01-06T03:26:50,29.02733,-80.92041,0.0,112.3,317.0,SPERANZA,IMO0000000,WDM6084,36,,13,4,,,B
368222030,2022-01-06T04:38:50,29.02734,-80.92043,0.0,112.3,316.0,SPERANZA,IMO0000000,WDM6084,36,,13,4,,,B
368222030,2022-01-06T04:50:47,29.02735,-80.92043,0.0,112.3,314.0,SPERANZA,IMO0000000,WDM6084,36,,13,4,,,B
368222030,2022-01-06T04:56:50,29.02734,-80.92041,0.0,112.3,317.0,SPERANZA,IMO0000000,WDM6084,36,,13,4,,,B
368222030,2022-01-06T05:17:49,29.02732,-80.92041,0.0,74.1,313.0,SPERANZA,IMO0000000,WDM6084,36,,13,4,,,B
368222030,2022-01-06T05:20:48,29.02733,-80.92041,0.0,74.1,314.0,SPERANZA,IMO0000000,WDM6084,36,,13,4,,,B
368222030,2022-01-06T05:26:53,29.02733,-80.92041,0.0,74.1,315.0,SPERANZA,IMO0000000,WDM6084,36,,13,4,,,B
368222030,2022-01-06T04:26:50,29.02733,-80.92041,0.0,112.3,313.0,SPERANZA,IMO0000000,WDM6084,36,,13,4,,,B
368222030,2022-01-06T03:56:44,29.02730,-80.92041,0.0,112.3,316.0,SPERANZA,IMO0000000,WDM6084,36,,13,4,,,B
368222030,2022-01-06T05:38:50,29.02734,-80.92042,0.0,7.7,314.0,SPERANZA,IMO0000000,WDM6084,36,,13,4,,,B
368222030,2022-01-06T04:17:53,29.02731,-80.92042,0.0,112.3,313.0,SPERANZA,IMO0000000,WDM6084,36,,13,4,,,B
368222030,2022-01-06T06:02:50,29.02735,-80.92042,0.0,7.7,314.0,SPERANZA,IMO0000000,WDM6084,36,,13,4,,,B
368222030,2022-01-06T05:56:53,29.02733,-80.92042,0.0,7.7,316.0,SPERANZA,IMO0000000,WDM6084,36,,13,4,,,B
368222030,2022-01-06T06:26:51,29.02731,-80.92043,0.0,7.7,314.0,SPERANZA,IMO0000000,WDM6084,36,,13,4,,,B
368222030,2022-01-06T06:14:49,29.02733,-80.92043,0.0,7.7,314.0,SPERANZA,IMO0000000,WDM6084,36,,13,4,,,B
368222030,2022-01-06T06:08:48,29.02732,-80.92045,0.0,7.7,316.0,SPERANZA,IMO0000000,WDM6084,36,,13,4,,,B
368222030,2022-01-06T06:23:45,29.02732,-80.92042,0.0,7.7,315.0,SPERANZA,IMO0000000,WDM6084,36,,13,4,,,B
368222030,2022-01-06T06:35:48,29.02733,-80.92043,0.0,7.7,316.0,SPERANZA,IMO0000000,WDM6084,36,,13,4,,,B
368222030,2022-01-06T06:29:49,29.02732,-80.92043,0.0,7.7,315.0,SPERANZA,IMO0000000,WDM6084,36,,13,4,,,B
368222030,2022-01-06T06:32:45,29.02733,-80.92042,0.0,7.7,315.0,SPERANZA,IMO0000000,WDM6084,36,,13,4,,,B
368222030,2022-01-06T06:41:46,29.02734,-80.92041,0.0,7.7,315.0,SPERANZA,IMO0000000,WDM6084,36,,13,4,,,B
368222030,2022-01-06T06:56:51,29.02732,-80.92041,0.0,7.7,315.0,SPERANZA,IMO0000000,WDM6084,36,,13,4,,,B
368222030,2022-01-06T05:32:43,29.02733,-80.92042,0.0,74.1,315.0,SPERANZA,IMO0000000,WDM6084,36,,13,4,,,B
368222030,2022-01-06T07:11:48,29.02732,-80.92041,0.0,7.7,314.0,SPERANZA,IMO0000000,WDM6084,36,,13,4,,,B
368222030,2022-01-06T06:59:46,29.02733,-80.92042,0.0,7.7,314.0,SPERANZA,IMO0000000,WDM6084,36,,13,4,,,B
368222030,2022-01-06T05:11:50,29.02733,-80.92040,0.0,74.1,315.0,SPERANZA,IMO0000000,WDM6084,36,,13,4,,,B
368222030,2022-01-06T07:08:44,29.02733,-80.92040,0.0,7.7,314.0,SPERANZA,IMO0000000,WDM6084,36,,13,4,,,B
368222030,2022-01-06T07:23:44,29.02733,-80.92043,0.0,7.7,312.0,SPERANZA,IMO0000000,WDM6084,36,,13,4,,,B
368222030,2022-01-06T07:29:51,29.02734,-80.92041,0.0,7.7,315.0,SPERANZA,IMO0000000,WDM6084,36,,13,4,,,B
368222030,2022-01-06T07:26:51,29.02733,-80.92040,0.0,7.7,312.0,SPERANZA,IMO0000000,WDM6084,36,,13,4,,,B
368222030,2022-01-06T07:47:46,29.02736,-80.92042,0.0,7.7,314.0,SPERANZA,IMO0000000,WDM6084,36,,13,4,,,B
368222030,2022-01-06T07:32:46,29.02734,-80.92039,0.0,7.7,315.0,SPERANZA,IMO0000000,WDM6084,36,,13,4,,,B
368222030,2022-01-06T05:50:45,29.02732,-80.92042,0.0,7.7,313.0,SPERANZA,IMO0000000,WDM6084,36,,13,4,,,B
368222030,2022-01-06T08:02:46,29.02732,-80.92042,0.0,7.7,315.0,SPERANZA,IMO0000000,WDM6084,36,,13,4,,,B
368222030,2022-01-06T08:08:50,29.02733,-80.92042,0.0,7.7,313.0,SPERANZA,IMO0000000,WDM6084,36,,13,4,,,B
368222030,2022-01-06T06:50:49,29.02734,-80.92041,0.0,7.7,315.0,SPERANZA,IMO0000000,WDM6084,36,,13,4,,,B
368222030,2022-01-06T06:20:47,29.02731,-80.92043,0.0,7.7,315.0,SPERANZA,IMO0000000,WDM6084,36,,13,4,,,B
368222030,2022-01-06T08:29:48,29.02733,-80.92042,0.0,7.7,316.0,SPERANZA,IMO0000000,WDM6084,36,,13,4,,,B
368222030,2022-01-06T09:14:48,29.02733,-80.92041,0.0,7.7,315.0,SPERANZA,IMO0000000,WDM6084,36,,13,4,,,B
368222030,2022-01-06T09:26:46,29.02733,-80.92041,0.0,7.7,314.0,SPERANZA,IMO0000000,WDM6084,36,,13,4,,,B
368222030,2022-01-06T09:02:45,29.02732,-80.92041,0.0,7.7,315.0,SPERANZA,IMO0000000,WDM6084,36,,13,4,,,B
368222030,2022-01-06T08:47:53,29.02734,-80.92042,0.0,7.7,315.0,SPERANZA,IMO0000000,WDM6084,36,,13,4,,,B
368222030,2022-01-06T09:32:48,29.02733,-80.92042,0.0,7.7,315.0,SPERANZA,IMO0000000,WDM6084,36,,13,4,,,B
368222030,2022-01-06T09:56:49,29.02731,-80.92042,0.0,7.7,316.0,SPERANZA,IMO0000000,WDM6084,36,,13,4,,,B
368222030,2022-01-06T10:11:48,29.02730,-80.92042,0.0,7.7,315.0,SPERANZA,IMO0000000,WDM6084,36,,13,4,,,B
368222030,2022-01-06T07:38:53,29.02733,-80.92041,0.0,7.7,315.0,SPERANZA,IMO0000000,WDM6084,36,,13,4,,,B
368222030,2022-01-06T10:23:51,29.02734,-80.92045,0.0,7.7,316.0,SPERANZA,IMO0000000,WDM6084,36,,13,4,,,B
368222030,2022-01-06T08:11:51,29.02731,-80.92042,0.0,7.7,314.0,SPERANZA,IMO0000000,WDM6084,36,,13,4,,,B
368222030,2022-01-06T10:32:53,29.02731,-80.92041,0.0,7.7,314.0,SPERANZA,IMO0000000,WDM6084,36,,13,4,,,B
368222030,2022-01-06T09:50:47,29.02733,-80.92041,0.0,7.7,313.0,SPERANZA,IMO0000000,WDM6084,36,,13,4,,,B
368222030,2022-01-06T10:44:50,29.02732,-80.92041,0.0,7.7,313.0,SPERANZA,IMO0000000,WDM6084,36,,13,4,,,B
368222030,2022-01-06T10:02:48,29.02734,-80.92043,0.0,7.7,314.0,SPERANZA,IMO0000000,WDM6084,36,,13,4,,,B
368222030,2022-01-06T10:14:50,29.02733,-80.92043,0.0,7.7,314.0,SPERANZA,IMO0000000,WDM6084,36,,13,4,,,B
368222030,2022-01-06T10:17:52,29.02733,-80.92043,0.0,7.7,315.0,SPERANZA,IMO0000000,WDM6084,36,,13,4,,,B
368222030,2022-01-06T08:20:51,29.02733,-80.92041,0.0,7.7,315.0,SPERANZA,IMO0000000,WDM6084,36,,13,4,,,B
368222030,2022-01-06T11:02:46,29.02734,-80.92043,0.0,7.7,314.0,SPERANZA,IMO0000000,WDM6084,36,,13,4,,,B
368222030,2022-01-06T11:14:47,29.02732,-80.92043,0.0,7.7,316.0,SPERANZA,IMO0000000,WDM6084,36,,13,4,,,B
368222030,2022-01-06T08:44:48,29.02732,-80.92040,0.0,7.7,315.0,SPERANZA,IMO0000000,WDM6084,36,,13,4,,,B
368222030,2022-01-06T11:32:49,29.02732,-80.92043,0.0,7.7,315.0,SPERANZA,IMO0000000,WDM6084,36,,13,4,,,B
368222030,2022-01-06T10:50:44,29.02731,-80.92042,0.0,7.7,313.0,SPERANZA,IMO0000000,WDM6084,36,,13,4,,,B
368222030,2022-01-06T09:17:52,29.02731,-80.92043,0.0,7.7,315.0,SPERANZA,IMO0000000,WDM6084,36,,13,4,,,B
368222030,2022-01-06T11:26:44,29.02733,-80.92043,0.0,7.7,315.0,SPERANZA,IMO0000000,WDM6084,36,,13,4,,,B
368222030,2022-01-06T12:05:44,29.02734,-80.92042,0.0,99.2,316.0,SPERANZA,IMO0000000,WDM6084,36,,13,4,,,B
368222030,2022-01-06T11:53:47,29.02732,-80.92043,0.0,99.2,316.0,SPERANZA,IMO0000000,WDM6084,36,,13,4,,,B
368222030,2022-01-06T09:35:48,29.02733,-80.92040,0.0,7.7,315.0,SPERANZA,IMO0000000,WDM6084,36,,13,4,,,B
368222030,2022-01-06T11:47:45,29.02734,-80.92041,0.0,7.7,315.0,SPERANZA,IMO0000000,WDM6084,36,,13,4,,,B
368222030,2022-01-06T11:38:53,29.02731,-80.92044,0.0,7.7,315.0,SPERANZA,IMO0000000,WDM6084,36,,13,4,,,B
368222030,2022-01-06T09:44:46,29.02732,-80.92041,0.0,7.7,316.0,SPERANZA,IMO0000000,WDM6084,36,,13,4,,,B
368222030,2022-01-06T12:23:50,29.02733,-80.92041,0.0,135.8,318.0,SPERANZA,IMO0000000,WDM6084,36,,13,4,,,B
368222030,2022-01-06T12:14:47,29.02732,-80.92042,0.0,135.8,317.0,SPERANZA,IMO0000000,WDM6084,36,,13,4,,,B
368222030,2022-01-06T11:50:46,29.02734,-80.92042,0.0,7.7,316.0,SPERANZA,IMO0000000,WDM6084,36,,13,4,,,B
368222030,2022-01-06T12:26:51,29.02736,-80.92043,0.0,135.8,317.0,SPERANZA,IMO0000000,WDM6084,36,,13,4,,,B
368222030,2022-01-06T12:32:44,29.02734,-80.92041,0.0,135.8,317.0,SPERANZA,IMO0000000,WDM6084,36,,13,4,,,B
368222030,2022-01-06T10:08:50,29.02732,-80.92042,0.0,7.7,314.0,SPERANZA,IMO0000000,WDM6084,36,,13,4,,,B
368222030,2022-01-06T12:50:44,29.02733,-80.92042,0.0,135.8,319.0,SPERANZA,IMO0000000,WDM6084,36,,13,4,,,B
368222030,2022-01-06T13:29:51,29.02736,-80.92039,0.0,73.0,315.0,SPERANZA,IMO0000000,WDM6084,36,,13,4,,,B
368222030,2022-01-06T13:32:53,29.02729,-80.92040,0.5,169.1,339.0,SPERANZA,IMO0000000,WDM6084,36,,13,4,,,B
368222030,2022-01-06T12:53:47,29.02732,-80.92043,0.0,135.8,316.0,SPERANZA,IMO0000000,WDM6084,36,,13,4,,,B
368222030,2022-01-06T12:56:52,29.02733,-80.92042,0.0,135.8,319.0,SPERANZA,IMO0000000,WDM6084,36,,13,4,,,B
368222030,2022-01-06T10:26:47,29.02733,-80.92042,0.0,7.7,316.0,SPERANZA,IMO0000000,WDM6084,36,,13,4,,,B
368222030,2022-01-06T13:46:21,29.00942,-80.91020,7.6,150.0,135.0,SPERANZA,IMO0000000,WDM6084,36,,13,4,,,B
368222030,2022-01-06T13:48:47,29.00466,-80.90768,7.8,156.7,140.0,SPERANZA,IMO0000000,WDM6084,36,,13,4,,,B
368222030,2022-01-06T10:38:47,29.02731,-80.92040,0.0,7.7,315.0,SPERANZA,IMO0000000,WDM6084,36,,13,4,,,B
368222030,2022-01-06T14:01:15,28.98025,-80.89463,7.6,153.4,136.0,SPERANZA,IMO0000000,WDM6084,36,,13,4,,,B
368222030,2022-01-06T14:07:15,28.96889,-80.88832,7.5,155.0,139.0,SPERANZA,IMO0000000,WDM6084,36,,13,4,,,B
368222030,2022-01-06T13:37:17,29.02590,-80.91863,4.3,169.5,150.0,SPERANZA,IMO0000000,WDM6084,36,,13,4,,,B
368222030,2022-01-06T14:09:49,28.96403,-80.88555,7.6,153.3,135.0,SPERANZA,IMO0000000,WDM6084,36,,13,4,,,B
368222030,2022-01-06T14:11:18,28.96126,-80.88393,7.5,155.8,137.0,SPERANZA,IMO0000000,WDM6084,36,,13,4,,,B
368222030,2022-01-06T13:43:47,29.01443,-80.91299,7.8,158.6,143.0,SPERANZA,IMO0000000,WDM6084,36,,13,4,,,B
368222030,2022-01-06T14:15:20,28.95402,-80.87912,7.5,140.3,125.0,SPERANZA,IMO0000000,WDM6084,36,,13,4,,,B
368222030,2022-01-06T14:17:50,28.95020,-80.87506,7.4,140.1,123.0,SPERANZA,IMO0000000,WDM6084,36,,13,4,,,B
368222030,2022-01-06T14:24:16,28.93838,-80.86772,7.4,161.7,145.0,SPERANZA,IMO0000000,WDM6084,36,,13,4,,,B
368222030,2022-01-06T14:27:46,28.93161,-80.86529,7.2,162.8,145.0,SPERANZA,IMO0000000,WDM6084,36,,13,4,,,B
368222030,2022-01-06T14:31:18,28.92485,-80.86278,7.2,162.1,146.0,SPERANZA,IMO0000000,WDM6084,36,,13,4,,,B
368222030,2022-01-06T14:04:48,28.97349,-80.89089,7.4,156.0,139.0,SPERANZA,IMO0000000,WDM6084,36,,13,4,,,B
368222030,2022-01-06T14:08:18,28.96691,-80.88722,7.6,150.5,134.0,SPERANZA,IMO0000000,WDM6084,36,,13,4,,,B
368222030,2022-01-06T14:12:49,28.95842,-80.88232,7.5,151.7,135.0,SPERANZA,IMO0000000,WDM6084,36,,13,4,,,B
368222030,2022-01-06T11:20:47,29.02732,-80.92041,0.0,7.7,315.0,SPERANZA,IMO0000000,WDM6084,36,,13,4,,,B
368222030,2022-01-06T14:47:49,28.89348,-80.84849,7.2,155.7,140.0,SPERANZA,IMO0000000,WDM6084,36,,13,4,,,B
368222030,2022-01-06T14:20:50,28.94481,-80.87134,7.5,150.7,134.0,SPERANZA,IMO0000000,WDM6084,36,,13,4,,,B
368222030,2022-01-06T13:35:48,29.02760,-80.91897,3.9,153.6,133.0,SPERANZA,IMO0000000,WDM6084,36,,13,4,,,B
368222030,2022-01-06T14:22:20,28.94204,-80.86959,7.5,149.8,134.0,SPERANZA,IMO0000000,WDM6084,36,,13,4,,,B
368222030,2022-01-06T14:19:20,28.94752,-80.87316,7.6,149.4,132.0,SPERANZA,IMO0000000,WDM6084,36,,13,4,,,B
368222030,2022-01-06T14:58:47,28.87507,-80.83649,6.6,147.5,134.0,SPERANZA,IMO0000000,WDM6084,36,,13,4,,,B
368222030,2022-01-06T14:57:18,28.87744,-80.83809,6.8,149.1,135.0,SPERANZA,IMO0000000,WDM6084,36,,13,4,,,B
368222030,2022-01-06T13:42:21,29.01712,-80.91479,7.7,143.2,128.0,SPERANZA,IMO0000000,WDM6084,36,,13,4,,,B
368222030,2022-01-06T15:00:48,28.87197,-80.83407,6.6,146.0,132.0,SPERANZA,IMO0000000,WDM6084,36,,13,4,,,B
368222030,2022-01-06T14:29:18,28.92866,-80.86422,7.2,160.0,143.0,SPERANZA,IMO0000000,WDM6084,36,,13,4,,,B
368222030,2022-01-06T11:35:50,29.02734,-80.92042,0.0,7.7,315.0,SPERANZA,IMO0000000,WDM6084,36,,13,4,,,B
368222030,2022-01-06T14:32:49,28.92196,-80.86172,7.1,163.9,147.0,SPERANZA,IMO0000000,WDM6084,36,,13,4,,,B
368222030,2022-01-06T15:04:48,28.86569,-80.82933,6.7,146.9,132.0,SPERANZA,IMO0000000,WDM6084,36,,13,4,,,B
368222030,2022-01-06T11:44:49,29.02732,-80.92042,0.0,7.7,314.0,SPERANZA,IMO0000000,WDM6084,36,,13,4,,,B
368222030,2022-01-06T15:08:51,28.85939,-80.82457,6.7,145.7,132.0,SPERANZA,IMO0000000,WDM6084,36,,13,4,,,B
368222030,2022-01-06T15:07:21,28.86180,-80.82625,6.7,145.9,132.0,SPERANZA,IMO0000000,WDM6084,36,,13,4,,,B
368222030,2022-01-06T11:41:47,29.02732,-80.92043,0.0,7.7,316.0,SPERANZA,IMO0000000,WDM6084,36,,13,4,,,B
368222030,2022-01-06T14:36:21,28.91509,-80.85936,7.2,162.8,145.0,SPERANZA,IMO0000000,WDM6084,36,,13,4,,,B
368222030,2022-01-06T15:15:47,28.84792,-80.81762,6.7,152.1,146.0,SPERANZA,IMO0000000,WDM6084,36,,13,4,,,B
368222030,2022-01-06T15:19:20,28.84218,-80.81396,6.6,149.9,138.0,SPERANZA,IMO0000000,WDM6084,36,,13,4,,,B
368222030,2022-01-06T14:55:47,28.87987,-80.83994,7.0,147.9,134.0,SPERANZA,IMO0000000,WDM6084,36,,13,4,,,B
368222030,2022-01-06T15:25:19,28.83252,-80.80778,6.6,149.2,140.0,SPERANZA,IMO0000000,WDM6084,36,,13,4,,,B
368222030,2022-01-06T15:28:19,28.82759,-80.80486,6.6,154.0,143.0,SPERANZA,IMO0000000,WDM6084,36,,13,4,,,B
368222030,2022-01-06T15:34:50,28.81705,-80.79819,6.6,153.8,144.0,SPERANZA,IMO0000000,WDM6084,36,,13,4,,,B
368222030,2022-01-06T12:02:44,29.02732,-80.92042,0.0,99.2,316.0,SPERANZA,IMO0000000,WDM6084,36,,13,4,,,B
368222030,2022-01-06T15:10:21,28.85698,-80.82295,6.7,149.1,136.0,SPERANZA,IMO0000000,WDM6084,36,,13,4,,,B
368222030,2022-01-06T12:08:51,29.02733,-80.92043,0.0,99.2,316.0,SPERANZA,IMO0000000,WDM6084,36,,13,4,,,B
368222030,2022-01-06T14:34:21,28.91899,-80.86067,7.2,162.9,146.0,SPERANZA,IMO0000000,WDM6084,36,,13,4,,,B
368222030,2022-01-06T14:38:19,28.91134,-80.85790,7.3,159.8,142.0,SPERANZA,IMO0000000,WDM6084,36,,13,4,,,B
368222030,2022-01-06T15:21:20,28.83894,-80.81194,6.6,151.0,144.0,SPERANZA,IMO0000000,WDM6084,36,,13,4,,,B
368222030,2022-01-06T14:41:49,28.90472,-80.85458,7.4,152.5,136.0,SPERANZA,IMO0000000,WDM6084,36,,13,4,,,B
368222030,2022-01-06T12:17:49,29.02735,-80.92042,0.0,135.8,318.0,SPERANZA,IMO0000000,WDM6084,36,,13,4,,,B
368222030,2022-01-06T15:29:49,28.82513,-80.80339,6.5,148.8,145.0,SPERANZA,IMO0000000,WDM6084,36,,13,4,,,B
368222030,2022-01-06T15:57:17,28.78018,-80.77569,6.6,155.9,154.0,SPERANZA,IMO0000000,WDM6084,36,,13,4,,,B
368222030,2022-01-06T15:26:46,28.83017,-80.80634,6.7,154.6,145.0,SPERANZA,IMO0000000,WDM6084,36,,13,4,,,B
368222030,2022-01-06T15:58:18,28.77851,-80.77469,6.6,153.2,150.0,SPERANZA,IMO0000000,WDM6084,36,,13,4,,,B
368222030,2022-01-06T16:03:49,28.76964,-80.76919,6.5,151.4,141.0,SPERANZA,IMO0000000,WDM6084,36,,13,4,,,B
368222030,2022-01-06T15:31:19,28.82276,-80.80177,6.6,151.0,144.0,SPERANZA,IMO0000000,WDM6084,36,,13,4,,,B
368222030,2022-01-06T15:41:20,28.80634,-80.79166,6.7,150.9,152.0,SPERANZA,IMO0000000,WDM6084,36,,13,4,,,B
368222030,2022-01-06T15:36:21,28.81452,-80.79672,6.7,153.6,145.0,SPERANZA,IMO0000000,WDM6084,36,,13,4,,,B
368222030,2022-01-06T15:39:20,28.80960,-80.79376,6.6,153.3,147.0,SPERANZA,IMO0000000,WDM6084,36,,13,4,,,B
368222030,2022-01-06T15:48:48,28.79404,-80.78419,6.6,150.7,169.0,SPERANZA,IMO0000000,WDM6084,36,,13,4,,,B
368222030,2022-01-06T16:14:48,28.75289,-80.75693,6.6,137.0,128.0,SPERANZA,IMO0000000,WDM6084,36,,13,4,,,B
368222030,2022-01-06T15:46:17,28.79818,-80.78673,6.7,149.8,153.0,SPERANZA,IMO0000000,WDM6084,36,,13,4,,,B
368222030,2022-01-06T16:16:48,28.75019,-80.75409,6.6,128.6,118.0,SPERANZA,IMO0000000,WDM6084,36,,13,4,,,B
368222030,2022-01-06T12:38:47,29.02735,-80.92042,0.0,135.8,317.0,SPERANZA,IMO0000000,WDM6084,36,,13,4,,,B
368222030,2022-01-06T15:12:17,28.85375,-80.82106,6.7,148.9,138.0,SPERANZA,IMO0000000,WDM6084,36,,13,4,,,B
368222030,2022-01-06T16:25:20,28.73893,-80.75200,6.3,222.9,203.0,SPERANZA,IMO0000000,WDM6084,36,,13,4,,,B
368222030,2022-01-06T16:30:17,28.73157,-80.75974,6.1,225.2,202.0,SPERANZA,IMO0000000,WDM6084,36,,13,4,,,B
368222030,2022-01-06T16:11:20,28.75775,-80.76168,6.5,141.4,130.0,SPERANZA,IMO0000000,WDM6084,36,,13,4,,,B
368222030,2022-01-06T16:09:17,28.76093,-80.76385,6.5,151.6,150.0,SPERANZA,IMO0000000,WDM6084,36,,13,4,,,B
368222030,2022-01-06T16:39:21,28.71936,-80.77304,6.6,227.9,206.0,SPERANZA,IMO0000000,WDM6084,36,,13,4,,,B
368222030,2022-01-06T16:19:17,28.74745,-80.74988,6.5,123.9,112.0,SPERANZA,IMO0000000,WDM6084,36,,13,4,,,B
368222030,2022-01-06T15:43:20,28.80312,-80.78953,6.7,157.6,150.0,SPERANZA,IMO0000000,WDM6084,36,,13,4,,,B
368222030,2022-01-06T16:50:17,28.70520,-80.79001,6.7,225.8,206.0,SPERANZA,IMO0000000,WDM6084,36,,13,4,,,B
368222030,2022-01-06T13:23:53,29.02733,-80.92041,0.0,73.0,316.0,SPERANZA,IMO0000000,WDM6084,36,,13,4,,,B
368222030,2022-01-06T16:27:20,28.73608,-80.75501,8.0,220.8,199.0,SPERANZA,IMO0000000,WDM6084,36,,13,4,,,B
368222030,2022-01-06T16:57:18,28.69608,-80.80113,6.7,227.5,206.0,SPERANZA,IMO0000000,WDM6084,36,,13,4,,,B
368222030,2022-01-06T15:50:48,28.79085,-80.78203,6.6,156.4,146.0,SPERANZA,IMO0000000,WDM6084,36,,13,4,,,B
368222030,2022-01-06T17:03:16,28.68842,-80.81059,6.8,230.1,207.0,SPERANZA,IMO0000000,WDM6084,36,,13,4,,,B
368222030,2022-01-06T16:33:17,28.72750,-80.76372,7.1,221.1,200.0,SPERANZA,IMO0000000,WDM6084,36,,13,4,,,B
368222030,2022-01-06T16:34:50,28.72522,-80.76597,6.9,220.9,201.0,SPERANZA,IMO0000000,WDM6084,36,,13,4,,,B
368222030,2022-01-06T16:46:50,28.70971,-80.78463,6.8,223.4,203.0,SPERANZA,IMO0000000,WDM6084,36,,13,4,,,B
368222030,2022-01-06T13:14:50,29.02732,-80.92043,0.0,73.0,315.0,SPERANZA,IMO0000000,WDM6084,36,,13,4,,,B
368222030,2022-01-06T16:48:17,28.70785,-80.78694,6.8,231.1,207.0,SPERANZA,IMO0000000,WDM6084,36,,13,4,,,B
368222030,2022-01-06T17:14:19,28.66850,-80.80967,6.7,160.8,161.0,SPERANZA,IMO0000000,WDM6084,36,,13,4,,,B
368222030,2022-01-06T16:06:17,28.76569,-80.76671,6.0,145.5,131.0,SPERANZA,IMO0000000,WDM6084,36,,13,4,,,B
368222030,2022-01-06T13:40:17,29.02088,-80.91725,7.7,167.3,149.0,SPERANZA,IMO0000000,WDM6084,36,,13,4,,,B
368222030,2022-01-06T17:19:46,28.65855,-80.80671,6.9,181.2,172.0,SPERANZA,IMO0000000,WDM6084,36,,13,4,,,B
368222030,2022-01-06T16:52:50,28.70194,-80.79409,6.8,227.2,204.0,SPERANZA,IMO0000000,WDM6084,36,,13,4,,,B
368222030,2022-01-06T17:21:47,28.65464,-80.80684,7.0,183.4,176.0,SPERANZA,IMO0000000,WDM6084,36,,13,4,,,B
368222030,2022-01-06T17:25:50,28.64672,-80.80723,7.0,184.1,180.0,SPERANZA,IMO0000000,WDM6084,36,,13,4,,,B
368222030,2022-01-06T17:23:19,28.65164,-80.80690,7.0,180.4,180.0,SPERANZA,IMO0000000,WDM6084,36,,13,4,,,B
368222030,2022-01-06T17:27:15,28.64395,-80.80711,6.9,173.9,167.0,SPERANZA,IMO0000000,WDM6084,36,,13,4,,,B
368222030,2022-01-06T16:59:46,28.69290,-80.80503,6.8,223.0,203.0,SPERANZA,IMO0000000,WDM6084,36,,13,4,,,B
368222030,2022-01-06T13:52:20,28.99753,-80.90410,7.9,155.1,138.0,SPERANZA,IMO0000000,WDM6084,36,,13,4,,,B
368222030,2022-01-06T17:01:46,28.69028,-80.80811,6.7,230.1,208.0,SPERANZA,IMO0000000,WDM6084,36,,13,4,,,B
368222030,2022-01-06T13:54:20,28.99354,-80.90196,7.9,152.3,137.0,SPERANZA,IMO0000000,WDM6084,36,,13,4,,,B
368222030,2022-01-06T16:22:49,28.74269,-80.74820,7.1,220.2,199.0,SPERANZA,IMO0000000,WDM6084,36,,13,4,,,B
368222030,2022-01-06T17:34:21,28.63083,-80.80526,6.8,146.0,134.0,SPERANZA,IMO0000000,WDM6084,36,,13,4,,,B
368222030,2022-01-06T17:05:16,28.68509,-80.81239,6.7,186.1,173.0,SPERANZA,IMO0000000,WDM6084,36,,13,4,,,B
368222030,2022-01-06T17:07:48,28.68031,-80.81276,6.7,183.6,173.0,SPERANZA,IMO0000000,WDM6084,36,,13,4,,,B
368222030,2022-01-06T13:57:50,28.98672,-80.89817,7.6,155.0,137.0,SPERANZA,IMO0000000,WDM6084,36,,13,4,,,B
368222030,2022-01-06T17:10:48,28.67474,-80.81211,6.6,158.0,157.0,SPERANZA,IMO0000000,WDM6084,36,,13,4,,,B
368222030,2022-01-06T14:03:15,28.97646,-80.89237,7.6,155.1,140.0,SPERANZA,IMO0000000,WDM6084,36,,13,4,,,B
368222030,2022-01-06T17:45:17,28.61239,-80.79471,6.9,175.2,165.0,SPERANZA,IMO0000000,WDM6084,36,,13,4,,,B
368222030,2022-01-06T17:47:17,28.60857,-80.79417,6.9,173.1,164.0,SPERANZA,IMO0000000,WDM6084,36,,13,4,,,B
368222030,2022-01-06T17:16:46,28.66415,-80.80789,6.7,155.1,152.0,SPERANZA,IMO0000000,WDM6084,36,,13,4,,,B
368222030,2022-01-06T16:36:51,28.72254,-80.76911,6.8,224.8,202.0,SPERANZA,IMO0000000,WDM6084,36,,13,4,,,B
368222030,2022-01-06T17:24:47,28.64877,-80.80704,7.0,183.5,172.0,SPERANZA,IMO0000000,WDM6084,36,,13,4,,,B
368222030,2022-01-06T17:53:49,28.59640,-80.79139,6.7,164.1,161.0,SPERANZA,IMO0000000,WDM6084,36,,13,4,,,B
368222030,2022-01-06T17:54:50,28.59457,-80.79094,6.7,169.0,163.0,SPERANZA,IMO0000000,WDM6084,36,,13,4,,,B
368222030,2022-01-06T17:29:50,28.63898,-80.80718,6.8,181.9,182.0,SPERANZA,IMO0000000,WDM6084,36,,13,4,,,B
368222030,2022-01-06T17:57:17,28.59014,-80.78947,6.7,160.5,150.0,SPERANZA,IMO0000000,WDM6084,36,,13,4,,,B
368222030,2022-01-06T18:06:47,28.57355,-80.78219,6.7,159.7,146.0,SPERANZA,IMO0000000,WDM6084,36,,13,4,,,B
368222030,2022-01-06T16:55:18,28.69873,-80.79802,6.9,225.9,204.0,SPERANZA,IMO0000000,WDM6084,36,,13,4,,,B
368222030,2022-01-06T18:10:21,28.56727,-80.77952,6.7,156.0,142.0,SPERANZA,IMO0000000,WDM6084,36,,13,4,,,B
368222030,2022-01-06T17:43:18,28.61619,-80.79508,6.9,158.8,151.0,SPERANZA,IMO0000000,WDM6084,36,,13,4,,,B
368222030,2022-01-06T18:23:46,28.54348,-80.76949,6.7,165.2,150.0,SPERANZA,IMO0000000,WDM6084,36,,13,4,,,B
368222030,2022-01-06T17:48:46,28.60577,-80.79379,6.7,172.2,160.0,SPERANZA,IMO0000000,WDM6084,36,,13,4,,,B
368222030,2022-01-06T17:09:18,28.67746,-80.81280,6.8,173.0,177.0,SPERANZA,IMO0000000,WDM6084,36,,13,4,,,B
368222030,2022-01-06T17:12:19,28.67205,-80.81105,6.6,162.1,158.0,SPERANZA,IMO0000000,WDM6084,36,,13,4,,,B
368222030,2022-01-06T17:15:21,28.66663,-80.80904,6.7,161.1,157.0,SPERANZA,IMO0000000,WDM6084,36,,13,4,,,B
368222030,2022-01-06T18:01:20,28.58308,-80.78651,6.7,154.8,143.0,SPERANZA,IMO0000000,WDM6084,36,,13,4,,,B
368222030,2022-01-06T17:18:21,28.66126,-80.80701,6.7,162.7,154.0,SPERANZA,IMO0000000,WDM6084,36,,13,4,,,B
368222030,2022-01-06T18:33:48,28.52489,-80.76517,6.8,174.4,162.0,SPERANZA,IMO0000000,WDM6084,36,,13,4,,,B
368222030,2022-01-06T18:37:20,28.51827,-80.76391,6.7,174.0,163.0,SPERANZA,IMO0000000,WDM6084,36,,13,4,,,B
368222030,2022-01-06T18:43:48,28.50655,-80.76155,6.9,167.1,156.0,SPERANZA,IMO0000000,WDM6084,36,,13,4,,,B
368222030,2022-01-06T17:36:21,28.62762,-80.80287,6.9,149.1,139.0,SPERANZA,IMO0000000,WDM6084,36,,13,4,,,B
368222030,2022-01-06T18:49:20,28.49602,-80.75883,6.9,165.9,154.0,SPERANZA,IMO0000000,WDM6084,36,,13,4,,,B
368222030,2022-01-06T17:39:49,28.62211,-80.79866,6.9,145.3,136.0,SPERANZA,IMO0000000,WDM6084,36,,13,4,,,B
368222030,2022-01-06T18:18:16,28.55325,-80.77348,6.8,161.0,149.0,SPERANZA,IMO0000000,WDM6084,36,,13,4,,,B
368222030,2022-01-06T18:53:19,28.48846,-80.75682,7.0,159.2,145.0,SPERANZA,IMO0000000,WDM6084,36,,13,4,,,B
368222030,2022-01-06T18:29:20,28.53332,-80.76665,6.8,168.4,156.0,SPERANZA,IMO0000000,WDM6084,36,,13,4,,,B
368222030,2022-01-06T19:08:19,28.45990,-80.75012,7.0,164.2,153.0,SPERANZA,IMO0000000,WDM6084,36,,13,4,,,B
368222030,2022-01-06T18:25:16,28.54078,-80.76859,6.7,164.9,151.0,SPERANZA,IMO0000000,WDM6084,36,,13,4,,,B
368222030,2022-01-06T18:26:46,28.53801,-80.76782,6.7,164.6,152.0,SPERANZA,IMO0000000,WDM6084,36,,13,4,,,B
368222030,2022-01-06T18:28:16,28.53528,-80.76699,6.8,170.1,159.0,SPERANZA,IMO0000000,WDM6084,36,,13,4,,,B
368222030,2022-01-06T19:12:49,28.45146,-80.74804,6.9,161.8,150.0,SPERANZA,IMO0000000,WDM6084,36,,13,4,,,B
368222030,2022-01-06T14:43:49,28.90094,-80.85254,7.4,152.6,142.0,SPERANZA,IMO0000000,WDM6084,36,,13,4,,,B
368222030,2022-01-06T19:16:48,28.44393,-80.74590,7.0,166.3,155.0,SPERANZA,IMO0000000,WDM6084,36,,13,4,,,B
368222030,2022-01-06T14:45:49,28.89720,-80.85051,7.5,155.5,140.0,SPERANZA,IMO0000000,WDM6084,36,,13,4,,,B
368222030,2022-01-06T19:19:48,28.43823,-80.74435,6.9,168.4,157.0,SPERANZA,IMO0000000,WDM6084,36,,13,4,,,B
368222030,2022-01-06T19:11:19,28.45424,-80.74884,6.8,164.2,154.0,SPERANZA,IMO0000000,WDM6084,36,,13,4,,,B
368222030,2022-01-06T15:23:46,28.83495,-80.80957,6.6,149.9,142.0,SPERANZA,IMO0000000,WDM6084,36,,13,4,,,B
368222030,2022-01-06T18:42:20,28.50927,-80.76223,5.8,170.7,155.0,SPERANZA,IMO0000000,WDM6084,36,,13,4,,,B
368222030,2022-01-06T14:51:47,28.88648,-80.84466,6.9,153.5,136.0,SPERANZA,IMO0000000,WDM6084,36,,13,4,,,B
368222030,2022-01-06T18:04:20,28.57786,-80.78409,6.7,158.5,147.0,SPERANZA,IMO0000000,WDM6084,36,,13,4,,,B
368222030,2022-01-06T19:20:50,28.43631,-80.74384,6.9,164.8,153.0,SPERANZA,IMO0000000,WDM6084,36,,13,4,,,B
368222030,2022-01-06T18:46:17,28.50180,-80.76030,7.0,165.8,153.0,SPERANZA,IMO0000000,WDM6084,36,,13,4,,,B
368222030,2022-01-06T18:47:49,28.49890,-80.75964,6.9,166.1,153.0,SPERANZA,IMO0000000,WDM6084,36,,13,4,,,B
368222030,2022-01-06T19:33:17,28.41296,-80.73761,6.8,166.2,155.0,SPERANZA,IMO0000000,WDM6084,36,,13,4,,,B
368222030,2022-01-06T15:02:48,28.86887,-80.83168,6.7,146.1,130.0,SPERANZA,IMO0000000,WDM6084,36,,13,4,,,B
368222030,2022-01-06T19:09:46,28.45716,-80.74953,6.9,169.0,158.0,SPERANZA,IMO0000000,WDM6084,36,,13,4,,,B
368222030,2022-01-06T18:21:16,28.54795,-80.77123,6.7,161.5,149.0,SPERANZA,IMO0000000,WDM6084,36,,13,4,,,B
368222030,2022-01-06T19:38:16,28.40580,-80.73220,7.0,92.0,80.0,SPERANZA,IMO0000000,WDM6084,36,,13,4,,,B
368222030,2022-01-06T19:39:17,28.40580,-80.72999,7.0,90.2,78.0,SPERANZA,IMO0000000,WDM6084,36,,13,4,,,B
368222030,2022-01-06T19:14:19,28.44861,-80.74726,6.9,166.3,156.0,SPERANZA,IMO0000000,WDM6084,36,,13,4,,,B
368222030,2022-01-06T15:17:20,28.84535,-80.81613,6.6,148.9,142.0,SPERANZA,IMO0000000,WDM6084,36,,13,4,,,B
368222030,2022-01-06T18:36:19,28.52015,-80.76433,6.7,168.7,158.0,SPERANZA,IMO0000000,WDM6084,36,,13,4,,,B
368222030,2022-01-06T19:58:16,28.40722,-80.70993,1.0,85.2,72.0,SPERANZA,IMO0000000,WDM6084,36,,13,4,,,B
368222030,2022-01-06T15:52:48,28.78756,-80.78007,6.7,148.8,137.0,SPERANZA,IMO0000000,WDM6084,36,,13,4,,,B
368222030,2022-01-06T19:18:17,28.44112,-80.74510,7.0,170.0,159.0,SPERANZA,IMO0000000,WDM6084,36,,13,4,,,B
368222030,2022-01-06T18:38:48,28.51552,-80.76344,6.7,171.4,159.0,SPERANZA,IMO0000000,WDM6084,36,,13,4,,,B
368222030,2022-01-06T19:28:49,28.42130,-80.73982,6.9,168.4,157.0,SPERANZA,IMO0000000,WDM6084,36,,13,4,,,B
368222030,2022-01-06T15:54:48,28.78428,-80.77807,6.6,150.6,147.0,SPERANZA,IMO0000000,WDM6084,36,,13,4,,,B
368222030,2022-01-06T19:23:18,28.43166,-80.74254,6.9,163.2,150.0,SPERANZA,IMO0000000,WDM6084,36,,13,4,,,B
368222030,2022-01-06T18:40:20,28.51266,-80.76295,6.8,171.7,158.0,SPERANZA,IMO0000000,WDM6084,36,,13,4,,,B
368222030,2022-01-06T15:33:21,28.81946,-80.79967,6.6,145.9,141.0,SPERANZA,IMO0000000,WDM6084,36,,13,4,,,B
368222030,2022-01-06T15:59:51,28.77605,-80.77308,6.6,145.3,132.0,SPERANZA,IMO0000000,WDM6084,36,,13,4,,,B
368222030,2022-01-06T19:42:18,28.40574,-80.72336,7.0,86.0,73.0,SPERANZA,IMO0000000,WDM6084,36,,13,4,,,B
368222030,2022-01-06T19:43:47,28.40592,-80.72039,4.9,83.6,70.0,SPERANZA,IMO0000000,WDM6084,36,,13,4,,,B
368222030,2022-01-06T16:01:51,28.77283,-80.77106,6.5,148.4,135.0,SPERANZA,IMO0000000,WDM6084,36,,13,4,,,B
368222030,2022-01-06T20:10:19,28.40915,-80.69274,7.4,87.5,76.0,SPERANZA,IMO0000000,WDM6084,36,,13,4,,,B
368222030,2022-01-06T19:36:46,28.40712,-80.73493,6.7,131.3,123.0,SPERANZA,IMO0000000,WDM6084,36,,13,4,,,B
368222030,2022-01-06T15:37:48,28.81214,-80.79526,6.6,152.3,143.0,SPERANZA,IMO0000000,WDM6084,36,,13,4,,,B
368222030,2022-01-06T18:55:19,28.48463,-80.75575,7.1,166.2,155.0,SPERANZA,IMO0000000,WDM6084,36,,13,4,,,B
368222030,2022-01-06T19:47:17,28.40641,-80.71640,3.2,81.2,70.0,SPERANZA,IMO0000000,WDM6084,36,,13,4,,,B
368222030,2022-01-06T20:26:48,28.40926,-80.65408,7.1,87.5,74.0,SPERANZA,IMO0000000,WDM6084,36,,13,4,,,B
368222030,2022-01-06T19:52:14,28.40682,-80.71345,1.8,82.3,73.0,SPERANZA,IMO0000000,WDM6084,36,,13,4,,,B
368222030,2022-01-06T20:29:46,28.40930,-80.64978,3.7,91.9,82.0,SPERANZA,IMO0000000,WDM6084,36,,13,4,,,B
368222030,2022-01-06T20:35:47,28.40913,-80.64400,2.5,129.2,126.0,SPERANZA,IMO0000000,WDM6084,36,,13,4,,,B
368222030,2022-01-06T20:03:20,28.40763,-80.70645,3.0,82.4,68.0,SPERANZA,IMO0000000,WDM6084,36,,13,4,,,B
368222030,2022-01-06T20:33:16,28.40937,-80.64607,2.7,89.6,85.0,SPERANZA,IMO0000000,WDM6084,36,,13,4,,,B
368222030,2022-01-06T15:55:51,28.78253,-80.77709,6.5,152.7,158.0,SPERANZA,IMO0000000,WDM6084,36,,13,4,,,B
368222030,2022-01-06T20:04:49,28.40789,-80.70451,5.9,81.5,68.0,SPERANZA,IMO0000000,WDM6084,36,,13,4,,,B
368222030,2022-01-06T20:06:20,28.40841,-80.70164,6.1,78.3,63.0,SPERANZA,IMO0000000,WDM6084,36,,13,4,,,B
368222030,2022-01-06T20:51:19,28.40862,-80.64344,0.0,20.3,127.0,SPERANZA,IMO0000000,WDM6084,36,,13,4,,,B
368222030,2022-01-06T20:14:49,28.40915,-80.68208,7.5,93.5,80.0,SPERANZA,IMO0000000,WDM6084,36,,13,4,,,B
368222030,2022-01-06T20:17:49,28.40919,-80.67493,7.5,88.6,76.0,SPERANZA,IMO0000000,WDM6084,36,,13,4,,,B
368222030,2022-01-06T19:35:17,28.40924,-80.73670,6.8,165.0,152.0,SPERANZA,IMO0000000,WDM6084,36,,13,4,,,B
368222030,2022-01-06T20:23:21,28.40917,-80.66191,7.2,90.8,79.0,SPERANZA,IMO0000000,WDM6084,36,,13,4,,,B
368222030,2022-01-06T16:42:21,28.71550,-80.77768,6.7,228.0,205.0,SPERANZA,IMO0000000,WDM6084,36,,13,4,,,B
368222030,2022-01-06T20:34:20,28.40937,-80.64515,2.7,90.7,87.0,SPERANZA,IMO0000000,WDM6084,36,,13,4,,,B
368222030,2022-01-06T16:20:49,28.74586,-80.74727,6.4,133.4,121.0,SPERANZA,IMO0000000,WDM6084,36,,13,4,,,B
368222030,2022-01-06T19:49:17,28.40666,-80.71472,1.8,81.6,70.0,SPERANZA,IMO0000000,WDM6084,36,,13,4,,,B
368222030,2022-01-06T21:15:23,28.40862,-80.64345,0.0,20.3,130.0,SPERANZA,IMO0000000,WDM6084,36,,13,4,,,B
368222030,2022-01-06T19:55:17,28.40711,-80.71109,1.7,83.7,73.0,SPERANZA,IMO0000000,WDM6084,36,,13,4,,,B
368222030,2022-01-06T16:54:17,28.70005,-80.79640,6.8,228.2,207.0,SPERANZA,IMO0000000,WDM6084,36,,13,4,,,B
368222030,2022-01-06T20:48:21,28.40864,-80.64344,0.0,20.3,149.0,SPERANZA,IMO0000000,WDM6084,36,,13,4,,,B
368222030,2022-01-06T21:33:22,28.40858,-80.64348,0.0,301.8,116.0,SPERANZA,IMO0000000,WDM6084,36,,13,4,,,B
368222030,2022-01-06T17:06:46,28.68226,-80.81265,6.8,183.1,169.0,SPERANZA,IMO0000000,WDM6084,36,,13,4,,,B
368222030,2022-01-06T20:57:17,28.40862,-80.64345,0.0,20.3,135.0,SPERANZA,IMO0000000,WDM6084,36,,13,4,,,B
368222030,2022-01-06T20:12:49,28.40917,-80.68684,7.5,90.3,78.0,SPERANZA,IMO0000000,WDM6084,36,,13,4,,,B
368222030,2022-01-06T21:09:20,28.40863,-80.64344,0.0,20.3,136.0,SPERANZA,IMO0000000,WDM6084,36,,13,4,,,B
368222030,2022-01-06T21:51:23,28.40960,-80.64364,2.9,318.3,290.0,SPERANZA,IMO0000000,WDM6084,36,,13,4,,,B
368222030,2022-01-06T16:45:49,28.71110,-80.78313,6.8,223.3,203.0,SPERANZA,IMO0000000,WDM6084,36,,13,4,,,B
368222030,2022-01-06T21:39:17,28.40861,-80.64347,0.0,301.8,117.0,SPERANZA,IMO0000000,WDM6084,36,,13,4,,,B
368222030,2022-01-06T21:27:20,28.40862,-80.64345,0.0,20.3,131.0,SPERANZA,IMO0000000,WDM6084,36,,13,4,,,B
368222030,2022-01-06T21:45:16,28.40862,-80.64346,0.0,347.7,137.0,SPERANZA,IMO0000000,WDM6084,36,,13,4,,,B
368222030,2022-01-06T22:08:44,28.40932,-80.63532,0.4,75.0,88.0,SPERANZA,IMO0000000,WDM6084,36,,13,4,,,B
368222030,2022-01-06T17:50:17,28.60291,-80.79311,6.8,167.3,167.0,SPERANZA,IMO0000000,WDM6084,36,,13,4,,,B
368222030,2022-01-06T21:48:20,28.40849,-80.64344,0.2,178.5,144.0,SPERANZA,IMO0000000,WDM6084,36,,13,4,,,B
368222030,2022-01-06T22:22:19,28.40866,-80.62897,1.2,129.9,121.0,SPERANZA,IMO0000000,WDM6084,36,,13,4,,,B
368222030,2022-01-06T17:58:50,28.58740,-80.78840,6.7,156.7,143.0,SPERANZA,IMO0000000,WDM6084,36,,13,4,,,B
368222030,2022-01-06T21:56:51,28.40910,-80.63956,2.9,91.8,85.0,SPERANZA,IMO0000000,WDM6084,36,,13,4,,,B
368222030,2022-01-06T21:52:26,28.40943,-80.64396,2.9,109.3,101.0,SPERANZA,IMO0000000,WDM6084,36,,13,4,,,B
368222030,2022-01-06T21:59:48,28.40908,-80.63883,0.5,99.0,90.0,SPERANZA,IMO0000000,WDM6084,36,,13,4,,,B
368222030,2022-01-06T21:06:18,28.40862,-80.64346,0.0,20.3,124.0,SPERANZA,IMO0000000,WDM6084,36,,13,4,,,B
368222030,2022-01-06T18:08:47,28.57002,-80.78069,6.7,159.9,144.0,SPERANZA,IMO0000000,WDM6084,36,,13,4,,,B
368222030,2022-01-06T22:04:51,28.40922,-80.63636,2.7,88.0,77.0,SPERANZA,IMO0000000,WDM6084,36,,13,4,,,B
368222030,2022-01-06T22:03:19,28.40918,-80.63794,2.9,84.4,79.0,SPERANZA,IMO0000000,WDM6084,36,,13,4,,,B
368222030,2022-01-06T18:16:49,28.55583,-80.77456,6.7,157.7,145.0,SPERANZA,IMO0000000,WDM6084,36,,13,4,,,B
368222030,2022-01-06T22:14:48,28.40938,-80.63495,0.5,83.4,95.0,SPERANZA,IMO0000000,WDM6084,36,,13,4,,,B
368222030,2022-01-06T22:18:19,28.40928,-80.63308,4.6,91.0,80.0,SPERANZA,IMO0000000,WDM6084,36,,13,4,,,B
368222030,2022-01-06T22:27:48,28.40874,-80.62831,0.0,33.8,37.0,SPERANZA,IMO0000000,WDM6084,36,,13,4,,,B
368222030,2022-01-06T21:30:14,28.40859,-80.64349,0.0,301.8,103.0,SPERANZA,IMO0000000,WDM6084,36,,13,4,,,B
368222030,2022-01-06T23:18:50,28.40874,-80.62828,0.0,345.3,37.0,SPERANZA,IMO0000000,WDM6084,36,,13,4,,,B
368222030,2022-01-06T23:21:49,28.40875,-80.62829,0.0,345.3,36.0,SPERANZA,IMO0000000,WDM6084,36,,13,4,,,B
368222030,2022-01-06T17:41:18,28.61968,-80.79695,6.9,169.0,159.0,SPERANZA,IMO0000000,WDM6084,36,,13,4,,,B
368222030,2022-01-06T22:39:51,28.40874,-80.62830,0.0,345.3,36.0,SPERANZA,IMO0000000,WDM6084,36,,13,4,,,B
368222030,2022-01-06T18:44:49,28.50462,-80.76103,7.0,171.0,157.0,SPERANZA,IMO0000000,WDM6084,36,,13,4,,,B
368222030,2022-01-06T21:53:48,28.40927,-80.64275,1.8,100.2,93.0,SPERANZA,IMO0000000,WDM6084,36,,13,4,,,B
368222030,2022-01-06T22:54:50,28.40873,-80.62829,0.0,345.3,34.0,SPERANZA,IMO0000000,WDM6084,36,,13,4,,,B
368222030,2022-01-06T18:59:19,28.47702,-80.75378,6.9,174.0,160.0,SPERANZA,IMO0000000,WDM6084,36,,13,4,,,B
368222030,2022-01-06T23:09:50,28.40874,-80.62829,0.0,345.3,34.0,SPERANZA,IMO0000000,WDM6084,36,,13,4,,,B
368222030,2022-01-06T18:00:17,28.58486,-80.78736,6.6,158.8,147.0,SPERANZA,IMO0000000,WDM6084,36,,13,4,,,B
368222030,2022-01-06T23:12:50,28.40874,-80.62829,0.0,345.3,36.0,SPERANZA,IMO0000000,WDM6084,36,,13,4,,,B
368222030,2022-01-06T23:57:46,28.40873,-80.62829,0.0,334.4,34.0,SPERANZA,IMO0000000,WDM6084,36,,13,4,,,B
368222030,2022-01-06T23:15:52,28.40875,-80.62828,0.0,345.3,36.0,SPERANZA,IMO0000000,WDM6084,36,,13,4,,,B
368222030,2022-01-06T18:11:47,28.56472,-80.77842,6.7,162.0,149.0,SPERANZA,IMO0000000,WDM6084,36,,13,4,,,B
368222030,2022-01-06T18:13:49,28.56117,-80.77688,6.8,162.2,148.0,SPERANZA,IMO0000000,WDM6084,36,,13,4,,,B
368222030,2022-01-06T18:15:16,28.55858,-80.77572,6.8,161.4,149.0,SPERANZA,IMO0000000,WDM6084,36,,13,4,,,B
368222030,2022-01-06T19:25:18,28.42790,-80.74154,6.9,166.4,155.0,SPERANZA,IMO0000000,WDM6084,36,,13,4,,,B
368222030,2022-01-06T19:27:17,28.42418,-80.74060,6.9,167.8,155.0,SPERANZA,IMO0000000,WDM6084,36,,13,4,,,B
368222030,2022-01-06T19:30:17,28.41855,-80.73911,6.9,163.8,152.0,SPERANZA,IMO0000000,WDM6084,36,,13,4,,,B
368222030,2022-01-06T23:39:47,28.40873,-80.62829,0.0,345.3,37.0,SPERANZA,IMO0000000,WDM6084,36,,13,4,,,B
368222030,2022-01-06T23:42:53,28.40873,-80.62830,0.0,345.3,34.0,SPERANZA,IMO0000000,WDM6084,36,,13,4,,,B
368222030,2022-01-06T22:36:47,28.40873,-80.62831,0.0,345.3,37.0,SPERANZA,IMO0000000,WDM6084,36,,13,4,,,B
368222030,2022-01-06T18:30:50,28.53051,-80.76614,6.7,171.9,160.0,SPERANZA,IMO0000000,WDM6084,36,,13,4,,,B
368222030,2022-01-06T23:48:47,28.40873,-80.62829,0.0,345.3,38.0,SPERANZA,IMO0000000,WDM6084,36,,13,4,,,B
368222030,2022-01-06T19:40:47,28.40579,-80.72670,6.7,87.6,76.0,SPERANZA,IMO0000000,WDM6084,36,,13,4,,,B
368222030,2022-01-06T22:48:49,28.40874,-80.62832,0.0,345.3,37.0,SPERANZA,IMO0000000,WDM6084,36,,13,4,,,B
368222030,2022-01-06T18:51:49,28.49129,-80.75765,7.0,167.1,154.0,SPERANZA,IMO0000000,WDM6084,36,,13,4,,,B
368222030,2022-01-06T20:01:17,28.40743,-80.70843,2.3,88.9,78.0,SPERANZA,IMO0000000,WDM6084,36,,13,4,,,B
368222030,2022-01-06T19:15:20,28.44673,-80.74669,7.0,162.7,153.0,SPERANZA,IMO0000000,WDM6084,36,,13,4,,,B
368222030,2022-01-06T23:27:51,28.40874,-80.62831,0.0,345.3,36.0,SPERANZA,IMO0000000,WDM6084,36,,13,4,,,B
368222030,2022-01-06T20:21:21,28.40922,-80.66652,7.4,90.4,80.0,SPERANZA,IMO0000000,WDM6084,36,,13,4,,,B
368222030,2022-01-06T23:36:49,28.40875,-80.62829,0.0,345.3,36.0,SPERANZA,IMO0000000,WDM6084,36,,13,4,,,B
368222030,2022-01-06T20:31:16,28.40928,-80.64799,3.7,91.1,83.0,SPERANZA,IMO0000000,WDM6084,36,,13,4,,,B
368222030,2022-01-06T23:54:44,28.40874,-80.62829,0.0,345.3,35.0,SPERANZA,IMO0000000,WDM6084,36,,13,4,,,B
368222030,2022-01-06T20:54:21,28.40864,-80.64344,0.0,20.3,150.0,SPERANZA,IMO0000000,WDM6084,36,,13,4,,,B
368222030,2022-01-06T20:08:19,28.40898,-80.69742,7.4,84.1,69.0,SPERANZA,IMO0000000,WDM6084,36,,13,4,,,B
368222030,2022-01-06T20:16:15,28.40913,-80.67862,7.5,88.1,75.0,SPERANZA,IMO0000000,WDM6084,36,,13,4,,,B
368222030,2022-01-06T20:19:15,28.40922,-80.67148,7.5,89.7,76.0,SPERANZA,IMO0000000,WDM6084,36,,13,4,,,B
368222030,2022-01-06T20:28:16,28.40932,-80.65157,3.8,82.7,73.0,SPERANZA,IMO0000000,WDM6084,36,,13,4,,,B
368222030,2022-01-06T20:39:23,28.40868,-80.64329,0.6,178.7,177.0,SPERANZA,IMO0000000,WDM6084,36,,13,4,,,B
368222030,2022-01-06T21:21:20,28.40860,-80.64347,0.0,20.3,125.0,SPERANZA,IMO0000000,WDM6084,36,,13,4,,,B
368222030,2022-01-06T22:20:19,28.40907,-80.63026,3.2,97.7,89.0,SPERANZA,IMO0000000,WDM6084,36,,13,4,,,B
368222030,2022-01-06T22:24:47,28.40866,-80.62841,0.6,60.1,51.0,SPERANZA,IMO0000000,WDM6084,36,,13,4,,,B
368222030,2022-01-06T22:42:46,28.40873,-80.62830,0.0,345.3,37.0,SPERANZA,IMO0000000,WDM6084,36,,13,4,,,B
